0.769482,-0.0417298,0.597538;0.18994,0.910258,0.119476,-0.347963
0.778101,-0.0375645,0.593263;0.199611,0.910244,0.121074,-0.341983
0.786392,-0.0335547,0.589193;0.209256,0.91011,0.122655,-0.335958
0.795912,-0.0289456,0.584576;0.220794,0.90979,0.124531,-0.328669
0.804975,-0.024554,0.580244;0.232289,0.909298,0.126384,-0.321318
0.81359,-0.0203762,0.576192;0.243741,0.908633,0.128212,-0.313907
0.823086,-0.0157678,0.571812;0.257042,0.90764,0.130315,-0.305184
0.831998,-0.0114398,0.567796;0.270277,0.906411,0.132384,-0.296383
0.841488,-0.00682975,0.563642;0.285317,0.904721,0.134706,-0.286231
0.850257,-0.00257001,0.55994;0.300261,0.902725,0.136983,-0.275982
0.859286,0.00181405,0.556299;0.316951,0.900116,0.13949,-0.264341
0.868318,0.00619268,0.552883;0.335337,0.896765,0.142205,-0.251274
0.877084,0.0104296,0.549859;0.355356,0.892534,0.145105,-0.236748
0.885942,0.0146836,0.547233;0.378723,0.886799,0.148412,-0.219387
0.895216,0.0190735,0.545257;0.408766,0.878108,0.152537,-0.196391
0.904508,0.0232748,0.545109;0.451803,0.8629,0.15818,-0.16204
0.910131,0.0248366,0.551944;0.525425,0.8284,0.167011,-0.0989391
0.907219,0.0219531,0.561287;0.574411,0.798464,0.172212,-0.0533855
0.90247,0.0181821,0.569763;0.60772,0.774275,0.175377,-0.0204514
0.897289,0.0141598,0.577624;0.633961,0.75266,0.177623,0.00680197
0.891944,0.00996581,0.585162;0.656418,0.732105,0.179346,0.0311772
0.886494,0.00558144,0.592575;0.676641,0.711739,0.180719,0.0540758
0.881054,0.0010477,0.599867;0.708623,0.677376,0.179896,0.0815561
0.875615,-0.00367183,0.60713;0.749066,0.628405,0.176637,0.113172
0.870319,-0.00846415,0.614208;0.78457,0.578049,0.172639,0.143193
0.865039,-0.013457,0.621295;0.816377,0.52497,0.167827,0.172538
0.859828,-0.0186249,0.628348;0.844336,0.469416,0.162225,0.201071
0.85474,-0.0239426,0.635321;0.868315,0.411649,0.155857,0.228656
0.84983,-0.0293847,0.64217;0.888201,0.351942,0.148755,0.255163
0.844995,-0.0351182,0.649075;0.904366,0.288434,0.140671,0.281317
0.840322,-0.0411243,0.655966;0.916277,0.221285,0.131573,0.306851
0.835911,-0.0473783,0.662762;0.923396,0.150723,0.121438,0.331473
0.831879,-0.0538498,0.669369;0.925188,0.0770549,0.110257,0.354871
0.828262,-0.0606965,0.675859;0.920918,-0.0015817,0.097665,0.377318
0.825212,-0.0680595,0.682209;0.909127,-0.0869288,0.0832375,0.398752
0.823082,-0.075857,0.688136;0.88816,-0.178205,0.0669192,0.418255
0.82231,-0.0843376,0.69349;0.854691,-0.278573,0.0478684,0.43544
0.823758,-0.0934601,0.697672;0.804685,-0.387997,0.0256617,0.448644
0.828188,-0.102261,0.699649;0.739872,-0.495389,0.0021942,0.455164
0.835156,-0.109609,0.699116;0.759481,-0.497605,-0.0137821,0.418793
0.843149,-0.115239,0.696992;0.820528,-0.441453,-0.0238463,0.362333
0.851612,-0.119784,0.694041;0.867549,-0.388074,-0.0325417,0.309351
0.860416,-0.123623,0.690585;0.90477,-0.336172,-0.0403236,0.258368
0.869196,-0.126851,0.68692;0.93347,-0.286727,-0.0472019,0.210223
0.87827,-0.129728,0.683008;0.956259,-0.237284,-0.053612,0.16245
0.887182,-0.132203,0.679109;0.973003,-0.18989,-0.0593526,0.116976
0.896428,-0.134475,0.675054;0.985245,-0.141617,-0.0648185,0.0709616
0.9056,-0.136481,0.671062;0.992739,-0.0943842,-0.0698116,0.0262197
0.914944,-0.138307,0.667062;0.99595,-0.0467445,-0.0745036,-0.0186354
0.924056,-0.139903,0.663262;0.994978,-0.000612857,-0.0787238,-0.0618145
0.933544,-0.141392,0.659445;0.989754,0.0472275,-0.0827666,-0.106329
0.943004,-0.142716,0.65582;0.980261,0.0948642,-0.0864523,-0.150384
0.95237,-0.143881,0.652456;0.966539,0.142092,-0.0897651,-0.193791
0.961897,-0.144925,0.649318;0.947932,0.190357,-0.0927878,-0.237864
0.97149,-0.145837,0.646522;0.924069,0.239357,-0.0954628,-0.282297
0.981335,-0.146628,0.644136;0.893575,0.290312,-0.0977948,-0.328146
0.991246,-0.147271,0.642386;0.855663,0.342652,-0.0996686,-0.374828
1.00125,-0.14775,0.641541;0.808232,0.397124,-0.100987,-0.422912
1.00421,-0.148317,0.637971;0.780213,0.420747,-0.0974522,-0.452485
0.998119,-0.149258,0.62916;0.787874,0.403331,-0.0887006,-0.45685
0.99222,-0.150232,0.620335;0.794525,0.387338,-0.0807093,-0.460636
0.986619,-0.151205,0.611825;0.800254,0.372818,-0.0734909,-0.463896
0.980746,-0.15227,0.602861;0.805738,0.358185,-0.06625,-0.467013
0.974605,-0.153428,0.593524;0.810975,0.343442,-0.0589888,-0.469987
0.968925,-0.154536,0.584977;0.815422,0.330248,-0.0525192,-0.47251
0.96304,-0.155718,0.576256;0.819671,0.316975,-0.0460369,-0.474918
0.956954,-0.156976,0.567418;0.823722,0.303625,-0.0395434,-0.477211
0.950669,-0.158309,0.558521;0.827573,0.290201,-0.0330404,-0.479389
0.944188,-0.159717,0.549621;0.831224,0.276707,-0.0265293,-0.481451
0.937515,-0.161202,0.540776;0.834674,0.263146,-0.0200119,-0.483396
0.930652,-0.162764,0.532041;0.837922,0.249522,-0.0134895,-0.485225
0.923603,-0.164403,0.523475;0.840967,0.235837,-0.00696397,-0.486936
0.916371,-0.16612,0.515134;0.843809,0.222095,-0.000436704,-0.488529
0.908959,-0.167915,0.507075;0.846446,0.208299,0.00609066,-0.490003
0.90137,-0.169788,0.499355;0.848879,0.194453,0.0126166,-0.491359
0.893607,-0.171741,0.492031;0.851105,0.180559,0.0191394,-0.492597
0.885672,-0.173773,0.48516;0.853126,0.166622,0.0256576,-0.493715
0.877571,-0.175885,0.478799;0.854941,0.152645,0.0321696,-0.494713
0.869304,-0.178078,0.473005;0.856548,0.138631,0.0386738,-0.495592
0.860876,-0.180352,0.467835;0.857948,0.124583,0.0451687,-0.49635
0.851205,-0.183008,0.462835;0.859275,0.108743,0.0524622,-0.49706
0.841339,-0.185767,0.458778;0.860339,0.0928702,0.0597397,-0.497618
0.83128,-0.18863,0.455745;0.861139,0.0769688,0.0669989,-0.498023
0.821034,-0.191599,0.453817;0.861675,0.0610437,0.0742375,-0.498276
0.810605,-0.194673,0.453075;0.861947,0.0451,0.0814535,-0.498376
0.799998,-0.197854,0.4536;0.861955,0.0291424,0.0886444,-0.498323
0.790423,-0.200772,0.455196;0.861741,0.0149503,0.0950136,-0.498148
0.780714,-0.203774,0.457915;0.861318,0.00075448,0.10136,-0.497852
0.770873,-0.206862,0.461812;0.860686,-0.0134415,0.107682,-0.497436
0.762157,-0.209634,0.466235;0.859963,-0.0258604,0.113192,-0.496973
0.753345,-0.212473,0.471643;0.85908,-0.0382745,0.118681,-0.496419
0.744438,-0.215378,0.478073;0.858038,-0.0506815,0.124148,-0.495772
0.736731,-0.217921,0.484427;0.857018,-0.0613087,0.128816,-0.495144
0.729505,-0.220331,0.491057;0.855965,-0.0711839,0.133141,-0.4945
