1.08634,0.116387,0.466642;0.675145,-0.62578,-0.0685193,0.384557
1.07925,0.126146,0.463922;0.670412,-0.630773,-0.0663967,0.385052
1.07223,0.135771,0.461243;0.665645,-0.635733,-0.0642705,0.385527
1.06529,0.145263,0.458603;0.660842,-0.640659,-0.062141,0.385981
1.05843,0.154623,0.456003;0.656006,-0.645553,-0.0600083,0.386416
1.05165,0.163851,0.453441;0.651135,-0.650412,-0.0578725,0.386831
1.04495,0.172947,0.450918;0.64623,-0.655238,-0.0557336,0.387225
1.03832,0.181914,0.448434;0.641291,-0.66003,-0.0535918,0.3876
1.03177,0.19075,0.445989;0.63632,-0.664787,-0.0514473,0.387954
1.0253,0.199457,0.443582;0.631315,-0.66951,-0.0493001,0.388288
1.01891,0.208035,0.441212;0.626277,-0.674198,-0.0471503,0.388601
1.01259,0.216485,0.438881;0.621206,-0.678851,-0.044998,0.388895
1.00635,0.224808,0.436587;0.616104,-0.683468,-0.0428434,0.389168
1.00019,0.233005,0.43433;0.610969,-0.68805,-0.0406866,0.389421
0.994099,0.241075,0.432111;0.605802,-0.692596,-0.0385276,0.389654
0.988085,0.24902,0.429928;0.600604,-0.697106,-0.0363667,0.389866
0.982146,0.25684,0.427782;0.595374,-0.70158,-0.0342038,0.390058
0.974827,0.26644,0.425151;0.588794,-0.707121,-0.0314978,0.39027
0.967623,0.275848,0.422576;0.582165,-0.712604,-0.0287892,0.39045
0.960535,0.285064,0.420058;0.575489,-0.718029,-0.0260782,0.390598
0.953561,0.29409,0.417595;0.568767,-0.723396,-0.0233651,0.390714
0.946701,0.302927,0.415188;0.561998,-0.728703,-0.0206501,0.390798
0.939954,0.311577,0.412835;0.555183,-0.733952,-0.0179335,0.390851
0.933319,0.32004,0.410536;0.548324,-0.739141,-0.0152154,0.390872
0.926796,0.328317,0.408292;0.541419,-0.744269,-0.012496,0.390861
0.920384,0.336411,0.406101;0.534471,-0.749338,-0.00977562,0.390818
0.914082,0.344322,0.403964;0.527479,-0.754345,-0.00705445,0.390743
0.907889,0.352051,0.401879;0.520444,-0.759291,-0.0043327,0.390637
0.900602,0.361089,0.399446;0.511946,-0.765144,-0.00106616,0.390467
0.893471,0.369869,0.397087;0.503389,-0.770908,0.0022005,0.390252
0.886495,0.378394,0.394802;0.494772,-0.776581,0.00546691,0.389991
0.879671,0.386666,0.392591;0.486097,-0.782163,0.00873268,0.389684
0.873,0.394687,0.390451;0.477366,-0.787654,0.0119974,0.389332
0.86648,0.402459,0.388383;0.468578,-0.793052,0.0152608,0.388934
0.86011,0.409985,0.386386;0.459736,-0.798358,0.0185223,0.38849
0.852867,0.418456,0.384145;0.449352,-0.804429,0.0223247,0.387915
0.845823,0.426598,0.381998;0.438896,-0.810373,0.0261235,0.387278
0.838979,0.434415,0.379944;0.42837,-0.816187,0.0299181,0.386579
0.832331,0.441908,0.377981;0.417776,-0.82187,0.033708,0.385819
0.824973,0.450082,0.37585;0.405587,-0.828206,0.0380327,0.384875
0.817866,0.457845,0.373835;0.393313,-0.834368,0.0423494,0.38385
0.811008,0.465201,0.371935;0.380958,-0.840357,0.0466573,0.382746
0.803588,0.472997,0.369932;0.366963,-0.846885,0.0514921,0.381408
0.796476,0.480293,0.368071;0.352872,-0.85319,0.0563133,0.379969
0.78893,0.487821,0.366165;0.337106,-0.859932,0.0616527,0.378254
0.781753,0.494751,0.364425;0.32123,-0.866394,0.066972,0.376415
0.77428,0.501693,0.362702;0.303646,-0.873176,0.072798,0.374251
0.766622,0.50847,0.361042;0.284327,-0.880182,0.0791209,0.371722
0.758897,0.514892,0.359497;0.263249,-0.887307,0.0859287,0.368786
0.750708,0.521142,0.358032;0.238748,-0.894921,0.093725,0.365146
0.742342,0.526764,0.356769;0.21077,-0.902758,0.102477,0.360698
0.733312,0.531636,0.355768;0.175939,-0.911265,0.113155,0.354735
0.723746,0.534673,0.35534;0.130791,-0.920281,0.126643,0.346322
0.713984,0.533152,0.356256;0.0667498,-0.929266,0.14511,0.333094
0.708329,0.525456,0.358764;0.0807519,-0.929376,0.122342,0.338781
0.706578,0.516053,0.361632;0.0987053,-0.928017,0.101305,0.344643
0.706635,0.506276,0.364588;0.113235,-0.926366,0.0841513,0.349202
0.707683,0.496603,0.367526;0.125483,-0.924586,0.0696019,0.352916
0.709407,0.48676,0.370543;0.136576,-0.922665,0.0563522,0.356176
0.711569,0.477094,0.37354;0.146523,-0.920688,0.0444123,0.359015
0.714294,0.466704,0.376802;0.156434,-0.918478,0.0324611,0.361763
0.717177,0.456893,0.379923;0.16521,-0.916319,0.0218308,0.364129
0.720482,0.446569,0.383253;0.173952,-0.913975,0.0111961,0.366421
0.723713,0.437137,0.386338;0.181574,-0.911775,0.00188886,0.368367
0.727252,0.427353,0.389581;0.189168,-0.909434,-0.00741868,0.370257
0.731093,0.417235,0.392984;0.196732,-0.906954,-0.0167251,0.372089
0.73462,0.408311,0.396026;0.203192,-0.904718,-0.0247,0.373615
0.73836,0.399167,0.399184;0.209629,-0.90238,-0.0326721,0.375098
0.742306,0.389815,0.402458;0.216043,-0.89994,-0.0406406,0.376539
0.746456,0.380267,0.405847;0.222432,-0.897399,-0.0486045,0.377938
0.750805,0.370535,0.409352;0.228796,-0.894756,-0.0565629,0.379294
0.755348,0.360631,0.412972;0.235134,-0.892013,-0.0645149,0.380607
0.760082,0.350565,0.416707;0.241446,-0.88917,-0.0724597,0.381878
0.765001,0.340351,0.420556;0.247731,-0.886226,-0.0803963,0.383105
0.769239,0.331733,0.423852;0.252947,-0.883696,-0.0870033,0.384095
0.7736,0.323027,0.427226;0.258143,-0.881098,-0.0936034,0.385055
0.778081,0.31424,0.430681;0.263319,-0.87843,-0.100196,0.385985
0.782681,0.305377,0.434214;0.268474,-0.875694,-0.106781,0.386885
0.787397,0.296447,0.437826;0.273608,-0.872889,-0.113358,0.387754
0.792226,0.287455,0.441517;0.278721,-0.870016,-0.119926,0.388593
0.797165,0.278409,0.445287;0.283813,-0.867075,-0.126484,0.389401
0.802212,0.269315,0.449135;0.288881,-0.864066,-0.133032,0.390179
0.807365,0.26018,0.453062;0.293928,-0.860989,-0.139571,0.390927
0.812621,0.251012,0.457067;0.298951,-0.857845,-0.146098,0.391644
0.817977,0.241816,0.46115;0.303951,-0.854634,-0.152613,0.39233
0.823431,0.2326,0.465312;0.308927,-0.851356,-0.159117,0.392986
0.828672,0.223878,0.469315;0.299816,-0.8539,-0.15915,0.394509
0.833962,0.215197,0.473359;0.281383,-0.859979,-0.155025,0.396518
0.839323,0.206507,0.477455;0.262839,-0.865717,-0.150839,0.398369
0.844747,0.197805,0.481594;0.24419,-0.87111,-0.146593,0.400062
0.850229,0.189093,0.485767;0.225444,-0.876156,-0.142288,0.401596
0.855204,0.181243,0.489543;0.208496,-0.8804,-0.138366,0.40284
0.860214,0.173383,0.493331;0.19148,-0.884361,-0.134399,0.403954
0.865252,0.165513,0.497123;0.174403,-0.888036,-0.130388,0.404938
0.870315,0.157634,0.500913;0.157269,-0.891425,-0.126336,0.405791
0.875395,0.149745,0.504694;0.140085,-0.894527,-0.122243,0.406514
0.880488,0.141845,0.508457;0.122856,-0.897341,-0.11811,0.407105
0.885589,0.133935,0.512197;0.105587,-0.899866,-0.11394,0.407566
0.890691,0.126014,0.515905;0.0882847,-0.902101,-0.109733,0.407895
0.89579,0.118083,0.519576;0.0709534,-0.904045,-0.10549,0.408093
0.90088,0.110139,0.5232;0.0535993,-0.905698,-0.101214,0.408159
0.905956,0.102185,0.526772;0.0362279,-0.907059,-0.0969043,0.408094
0.911012,0.0942182,0.530285;0.0188449,-0.908128,-0.0925639,0.407897
0.916043,0.0862397,0.53373;0.00145579,-0.908904,-0.0881937,0.407569
0.921044,0.0782489,0.537101;-0.0159338,-0.909388,-0.083795,0.40711
0.926558,0.0693557,0.540751;-0.0352493,-0.909581,-0.078876,0.406446
0.93202,0.0604466,0.544291;-0.0545508,-0.909413,-0.0739257,0.40562
0.937423,0.0515215,0.54771;-0.0738305,-0.908883,-0.0689459,0.404632
0.94276,0.0425799,0.551;-0.0930809,-0.907991,-0.0639387,0.403484
0.948022,0.0336215,0.55415;-0.112294,-0.906739,-0.0589061,0.402176
0.953203,0.0246461,0.557151;-0.131463,-0.905125,-0.05385,0.400707
0.958295,0.0156532,0.559992;-0.150579,-0.903152,-0.0487725,0.399079
0.963291,0.00664244,0.562664;-0.169636,-0.900819,-0.0436757,0.397292
0.968184,-0.00238639,0.565157;-0.188625,-0.898128,-0.0385614,0.395347
0.972965,-0.0114337,0.567461;-0.207539,-0.89508,-0.0334318,0.393245
0.977628,-0.0204997,0.569566;-0.226371,-0.891676,-0.0282889,0.390986
0.982165,-0.029585,0.571462;-0.245112,-0.887917,-0.0231348,0.388572
0.986569,-0.0386896,0.573141;-0.263756,-0.883805,-0.0179715,0.386004
0.990832,-0.0478141,0.574591;-0.282295,-0.879341,-0.012801,0.383282
0.994947,-0.0569587,0.575802;-0.300722,-0.874528,-0.00762539,0.380407
0.998906,-0.0661238,0.576766;-0.319029,-0.869366,-0.00244677,0.377381
1.00307,-0.0762294,0.577529;-0.33902,-0.86329,0.00325075,0.373879
1.00703,-0.0863607,0.577966;-0.358848,-0.856798,0.00894671,0.370198
1.01078,-0.096518,0.578065;-0.378503,-0.849893,0.0146384,0.366338
1.01429,-0.106702,0.577813;-0.397976,-0.842579,0.020323,0.362301
1.01757,-0.116913,0.577197;-0.417257,-0.83486,0.0259978,0.358091
1.0206,-0.127151,0.576204;-0.436338,-0.826739,0.0316601,0.353708
1.02338,-0.137417,0.57482;-0.455208,-0.81822,0.0373072,0.349155
1.02589,-0.147711,0.573033;-0.47386,-0.809308,0.0429363,0.344433
1.02812,-0.158035,0.570829;-0.492283,-0.800006,0.0485447,0.339546
1.03007,-0.168387,0.568195;-0.51047,-0.790318,0.0541298,0.334496
1.03172,-0.178769,0.565119;-0.52841,-0.780251,0.0596889,0.329284
1.03296,-0.188233,0.561927;-0.5445,-0.770773,0.0647177,0.324409
1.03394,-0.197723,0.558349;-0.560373,-0.760988,0.0697208,0.319405
1.03465,-0.207238,0.554374;-0.576022,-0.7509,0.0746961,0.314273
1.03508,-0.216779,0.549993;-0.591443,-0.740514,0.0796417,0.309017
1.03523,-0.226323,0.545208;-0.606377,-0.730619,0.0762666,0.304446
1.03511,-0.235916,0.539999;-0.620874,-0.721131,0.0645959,0.30052
1.03471,-0.245511,0.534403;-0.635092,-0.711318,0.0528959,0.296458
1.03412,-0.254135,0.529053;-0.647642,-0.702211,0.0423454,0.292688
1.03334,-0.262736,0.523425;-0.659956,-0.692847,0.0317794,0.288811
1.03235,-0.271304,0.517535;-0.672027,-0.68323,0.0212017,0.284828
1.03118,-0.279825,0.511399;-0.683853,-0.673362,0.0106163,0.28074
1.02982,-0.288288,0.505034;-0.695429,-0.663248,2.69596e-05,0.27655
1.02829,-0.296682,0.498456;-0.70675,-0.652892,-0.0105624,0.272259
1.02659,-0.304995,0.491682;-0.717813,-0.642296,-0.0211478,0.267868
1.02473,-0.313215,0.484729;-0.728612,-0.631466,-0.0317255,0.26338
1.02271,-0.321331,0.477613;-0.739145,-0.620404,-0.0422916,0.258794
1.02055,-0.329331,0.470351;-0.749408,-0.609115,-0.0528423,0.254114
1.01825,-0.337203,0.462959;-0.759396,-0.597603,-0.0633735,0.249341
1.01582,-0.344936,0.455455;-0.769107,-0.585873,-0.0738816,0.244477
1.01327,-0.352517,0.447853;-0.778536,-0.573928,-0.0843627,0.239524
1.0106,-0.359936,0.440172;-0.78768,-0.561773,-0.0948129,0.234482
1.00781,-0.367181,0.432428;-0.796536,-0.549413,-0.105228,0.229355
1.00493,-0.374239,0.424637;-0.8051,-0.536851,-0.115605,0.224144
1.00195,-0.381099,0.416816;-0.813369,-0.524093,-0.12594,0.218851
0.998886,-0.387751,0.408981;-0.821341,-0.511143,-0.136229,0.213478
0.99574,-0.394181,0.401149;-0.829013,-0.498006,-0.146467,0.208026
0.99252,-0.400378,0.393337;-0.836381,-0.484687,-0.156652,0.202499
0.989235,-0.406331,0.385561;-0.843442,-0.471191,-0.16678,0.196897
0.985892,-0.412027,0.377838;-0.850196,-0.457522,-0.176847,0.191224
0.982117,-0.418042,0.369339;-0.857334,-0.442138,-0.187956,0.184838
0.978289,-0.423711,0.360948;-0.864085,-0.426554,-0.19898,0.178368
0.974418,-0.429016,0.352688;-0.870446,-0.410778,-0.209915,0.171818
0.970514,-0.433944,0.344582;-0.876413,-0.394816,-0.220754,0.16519
0.966193,-0.438907,0.335871;-0.88252,-0.377052,-0.232562,0.157814
0.961858,-0.443371,0.327403;-0.888144,-0.359082,-0.244243,0.150351
0.957522,-0.447316,0.31921;-0.893283,-0.340915,-0.255791,0.142805
0.952805,-0.451001,0.31062;-0.898332,-0.320885,-0.268228,0.134486
0.947732,-0.454233,0.30177;-0.903142,-0.298951,-0.281505,0.125374
0.942718,-0.456642,0.29344;-0.907262,-0.276788,-0.294567,0.116166
0.93741,-0.458274,0.285111;-0.910924,-0.252684,-0.308382,0.106151
0.931494,-0.458863,0.276483;-0.914122,-0.224865,-0.323835,0.0945913
0.925428,-0.457926,0.268458;-0.916361,-0.195022,-0.339843,0.0821892
0.918976,-0.45488,0.261016;-0.917448,-0.161369,-0.357209,0.0682017
0.912631,-0.449277,0.25509;-0.916975,-0.125662,-0.374858,0.0533583
0.9071,-0.441563,0.251434;-0.914991,-0.0915289,-0.390998,0.0391674
0.902617,-0.432594,0.249925;-0.911951,-0.0608604,-0.4049,0.0264154
0.899069,-0.422993,0.250067;-0.908279,-0.0337326,-0.416727,0.0151345
0.896329,-0.413351,0.25137;-0.90435,-0.0101932,-0.426636,0.00534479
0.894098,-0.403328,0.253591;-0.900111,0.0115429,-0.435493,-0.00369563
0.892387,-0.393636,0.256368;-0.898386,-0.00103079,-0.438749,-0.0200029
0.890999,-0.383918,0.259616;-0.896677,-0.017863,-0.440818,-0.0364855
0.889886,-0.374428,0.263133;-0.894667,-0.0332839,-0.442496,-0.0515767
0.888916,-0.364409,0.267139;-0.892235,-0.0486891,-0.443966,-0.0666436
0.88815,-0.354867,0.271186;-0.889657,-0.0626741,-0.44512,-0.0803136
0.887489,-0.344933,0.275597;-0.886733,-0.0766346,-0.4461,-0.0939523
0.886979,-0.335676,0.279863;-0.883805,-0.0891736,-0.446833,-0.106196
0.886542,-0.326135,0.284396;-0.880597,-0.101684,-0.447425,-0.118406
0.886176,-0.316326,0.28918;-0.877111,-0.114163,-0.447876,-0.130578
0.885875,-0.306264,0.294203;-0.873347,-0.126606,-0.448184,-0.14271
0.885658,-0.297121,0.298856;-0.86977,-0.137632,-0.44834,-0.153455
0.885486,-0.287801,0.303677;-0.865976,-0.148624,-0.448383,-0.164162
0.885354,-0.278316,0.308655;-0.861965,-0.159579,-0.448315,-0.174829
0.885261,-0.268677,0.313782;-0.857738,-0.170494,-0.448134,-0.185451
0.885202,-0.258895,0.319046;-0.853298,-0.181367,-0.447842,-0.196027
0.885174,-0.248981,0.324439;-0.848644,-0.192194,-0.447437,-0.206555
0.885172,-0.240206,0.329255;-0.844398,-0.201629,-0.446992,-0.215724
0.88519,-0.231345,0.334156;-0.83999,-0.211025,-0.446461,-0.224851
0.885224,-0.222407,0.339134;-0.835422,-0.22038,-0.445844,-0.233936
0.885273,-0.213398,0.344183;-0.830694,-0.229694,-0.445142,-0.242976
0.885335,-0.204325,0.349297;-0.825806,-0.238963,-0.444355,-0.25197
0.885406,-0.195197,0.354469;-0.820761,-0.248187,-0.443483,-0.260915
0.885485,-0.18602,0.359692;-0.815559,-0.257363,-0.442526,-0.269811
0.885571,-0.176802,0.36496;-0.810201,-0.26649,-0.441485,-0.278654
0.885659,-0.16755,0.370266;-0.804688,-0.275566,-0.440359,-0.287445
0.885749,-0.158272,0.375605;-0.799021,-0.28459,-0.439149,-0.29618
0.885838,-0.148974,0.380968;-0.793201,-0.293559,-0.437854,-0.304859
0.885924,-0.139665,0.38635;-0.787229,-0.302471,-0.436477,-0.31348
0.886004,-0.130352,0.391744;-0.781107,-0.311326,-0.435015,-0.32204
0.886076,-0.121041,0.397144;-0.774835,-0.320122,-0.43347,-0.330539
0.886139,-0.111741,0.402543;-0.768415,-0.328856,-0.431843,-0.338975
0.88619,-0.102459,0.407934;-0.761848,-0.337527,-0.430132,-0.347346
0.886226,-0.0932014,0.413311;-0.755136,-0.346133,-0.42834,-0.35565
0.886246,-0.0839768,0.418667;-0.748278,-0.354674,-0.426465,-0.363886
0.886246,-0.074792,0.423997;-0.741278,-0.363146,-0.424509,-0.372053
0.886226,-0.0656544,0.429292;-0.734136,-0.371549,-0.422472,-0.380149
0.886183,-0.0565715,0.434547;-0.726853,-0.379881,-0.420354,-0.388172
0.886114,-0.0475505,0.439756;-0.719432,-0.388141,-0.418155,-0.39612
0.886017,-0.038599,0.444911;-0.711872,-0.396326,-0.415877,-0.403993
0.885891,-0.0297242,0.450006;-0.704177,-0.404435,-0.413519,-0.411788
0.885732,-0.0209334,0.455034;-0.696347,-0.412467,-0.411082,-0.419505
0.885539,-0.0122342,0.459989;-0.688383,-0.42042,-0.408566,-0.427142
0.885273,-0.00241369,0.465555;-0.679121,-0.42941,-0.405595,-0.435769
0.884957,0.00726671,0.471006;-0.669689,-0.438293,-0.402523,-0.444287
0.884585,0.016796,0.476334;-0.66009,-0.447067,-0.39935,-0.452695
0.884156,0.0261632,0.481529;-0.650326,-0.455729,-0.396077,-0.460989
0.883666,0.0353572,0.48658;-0.640399,-0.464277,-0.392705,-0.469168
0.883112,0.0443671,0.491479;-0.630312,-0.472709,-0.389236,-0.47723
0.882489,0.0531819,0.496215;-0.620068,-0.481023,-0.385669,-0.485172
0.881704,0.0628516,0.501336;-0.608358,-0.490232,-0.381541,-0.493963
0.880824,0.0722448,0.506225;-0.596456,-0.499287,-0.377292,-0.502597
0.879845,0.0813457,0.510868;-0.584365,-0.508183,-0.372924,-0.511072
0.878634,0.0910961,0.515721;-0.570715,-0.51788,-0.367932,-0.520299
0.877288,0.100445,0.520234;-0.556841,-0.527374,-0.362797,-0.529323
0.875644,0.110239,0.524782;-0.541329,-0.53758,-0.356985,-0.539011
0.87382,0.119493,0.52887;-0.525562,-0.547531,-0.351004,-0.548444
0.871615,0.128937,0.532776;-0.508078,-0.558092,-0.34429,-0.558439
0.86896,0.138362,0.536316;-0.488815,-0.56918,-0.336799,-0.568912
0.865774,0.147519,0.539278;-0.46771,-0.580699,-0.328483,-0.579771
0.861698,0.156652,0.541519;-0.443152,-0.59332,-0.318671,-0.591638
0.856218,0.165532,0.542489;-0.413417,-0.607536,-0.306607,-0.604961
0.849304,0.172698,0.541277;-0.379876,-0.622252,-0.292772,-0.618693
0.84103,0.177011,0.537247;-0.344037,-0.636519,-0.277737,-0.631937
0.832983,0.177934,0.531341;-0.31256,-0.647873,-0.264329,-0.642415
0.825526,0.176581,0.524521;-0.285709,-0.656728,-0.252748,-0.650536
