0.752862,-0.316216,0.345604;-0.311378,0.816623,0.212361,-0.43712
0.753965,-0.306052,0.345256;-0.309938,0.817697,0.21337,-0.435642
0.75504,-0.295972,0.344941;-0.308495,0.818765,0.214378,-0.434162
0.756089,-0.285975,0.344659;-0.307051,0.819828,0.215384,-0.432679
0.75761,-0.271137,0.344295;-0.30488,0.821413,0.21689,-0.43045
0.759071,-0.256485,0.344002;-0.302706,0.822986,0.218394,-0.428214
0.760472,-0.242017,0.34378;-0.300527,0.824547,0.219894,-0.425972
0.761814,-0.227734,0.343628;-0.298343,0.826096,0.221391,-0.423724
0.763098,-0.213634,0.343544;-0.296155,0.827634,0.222885,-0.42147
0.764324,-0.199715,0.343529;-0.293963,0.829159,0.224376,-0.41921
0.765493,-0.185977,0.343581;-0.291767,0.830672,0.225863,-0.416943
0.766605,-0.172418,0.3437;-0.289566,0.832174,0.227347,-0.414671
0.767662,-0.159038,0.343884;-0.287361,0.833663,0.228828,-0.412392
0.768663,-0.145835,0.344133;-0.285153,0.83514,0.230306,-0.410108
0.76961,-0.132809,0.344446;-0.28294,0.836605,0.23178,-0.407818
0.770504,-0.119957,0.344822;-0.280722,0.838058,0.233251,-0.405521
0.771344,-0.107279,0.345261;-0.278501,0.839499,0.234718,-0.403219
0.772132,-0.0947742,0.345761;-0.276276,0.840928,0.236182,-0.400912
0.772868,-0.0824409,0.346321;-0.274047,0.842344,0.237643,-0.398598
0.773553,-0.0702783,0.346942;-0.271814,0.843749,0.2391,-0.396278
0.774187,-0.0582851,0.347622;-0.269577,0.845141,0.240554,-0.393953
0.774772,-0.0464604,0.34836;-0.267335,0.846521,0.242004,-0.391622
0.775308,-0.0348028,0.349155;-0.265091,0.847889,0.243451,-0.389286
0.775795,-0.0233114,0.350007;-0.262842,0.849244,0.244894,-0.386944
0.776234,-0.0119851,0.350914;-0.260589,0.850587,0.246334,-0.384596
0.776627,-0.000822606,0.351877;-0.258333,0.851918,0.24777,-0.382242
0.776973,0.0101771,0.352894;-0.256073,0.853237,0.249203,-0.379884
0.777273,0.021015,0.353964;-0.253809,0.854543,0.250632,-0.377519
0.777528,0.0316924,0.355086;-0.251542,0.855837,0.252057,-0.375149
0.777739,0.0422104,0.35626;-0.249271,0.857118,0.253479,-0.372774
0.777906,0.05257,0.357485;-0.246996,0.858387,0.254897,-0.370393
0.77803,0.0627724,0.35876;-0.244718,0.859644,0.256312,-0.368007
0.778111,0.0728186,0.360084;-0.242436,0.860888,0.257722,-0.365616
0.778155,0.0859727,0.361924;-0.239389,0.862528,0.259597,-0.36242
0.778126,0.0988539,0.363848;-0.236335,0.864145,0.261466,-0.359214
0.778026,0.111465,0.365855;-0.233275,0.865741,0.263327,-0.355998
0.777856,0.123808,0.367941;-0.230209,0.867314,0.265182,-0.352774
0.777619,0.135886,0.370106;-0.227137,0.868864,0.26703,-0.349541
0.777315,0.147702,0.372347;-0.224059,0.870393,0.268872,-0.346298
0.776947,0.159258,0.374662;-0.220976,0.871898,0.270706,-0.343047
0.776515,0.170558,0.377049;-0.217886,0.873382,0.272533,-0.339787
0.776022,0.181602,0.379507;-0.214792,0.874843,0.274354,-0.336518
0.775468,0.192395,0.382033;-0.211691,0.876282,0.276167,-0.33324
0.774857,0.202939,0.384625;-0.208585,0.877698,0.277973,-0.329954
0.774188,0.213236,0.387282;-0.205474,0.879091,0.279772,-0.32666
0.773465,0.22329,0.390001;-0.202358,0.880462,0.281564,-0.323357
0.772687,0.233102,0.392781;-0.199236,0.88181,0.283349,-0.320045
0.771858,0.242675,0.39562;-0.19611,0.883136,0.285126,-0.316726
0.77075,0.254311,0.399247;-0.192194,0.884761,0.287338,-0.312565
0.769566,0.265582,0.402959;-0.188271,0.88635,0.289537,-0.308392
0.76831,0.276496,0.406753;-0.18434,0.887904,0.291725,-0.304206
0.766984,0.287056,0.410623;-0.180402,0.889422,0.293902,-0.300008
0.765591,0.297269,0.414566;-0.176456,0.890905,0.296067,-0.295798
0.764135,0.307138,0.418579;-0.172504,0.892351,0.298219,-0.291576
0.762619,0.31667,0.422658;-0.168544,0.893762,0.30036,-0.287342
0.761045,0.325869,0.426798;-0.164578,0.895137,0.302489,-0.283097
0.759085,0.336476,0.431843;-0.15981,0.89674,0.305027,-0.277988
0.757053,0.34662,0.436964;-0.155033,0.89829,0.307548,-0.272862
0.754953,0.356311,0.442156;-0.150246,0.899789,0.310051,-0.267721
0.752791,0.365557,0.447412;-0.145451,0.901235,0.312536,-0.262565
0.750572,0.374368,0.452725;-0.140648,0.90263,0.315003,-0.257393
0.748302,0.382751,0.458088;-0.135836,0.903972,0.317452,-0.252206
0.745595,0.392004,0.4644;-0.130212,0.905472,0.320285,-0.246137
0.742835,0.400702,0.470762;-0.124579,0.9069,0.323094,-0.240048
0.740028,0.408859,0.477163;-0.118935,0.908257,0.325877,-0.23394
0.737185,0.41649,0.483592;-0.113282,0.909543,0.328634,-0.227814
0.734312,0.423608,0.490039;-0.10762,0.910757,0.331365,-0.221669
0.731005,0.431134,0.497416;-0.101139,0.912056,0.334455,-0.214626
0.727684,0.438031,0.504787;-0.0946478,0.913262,0.33751,-0.207561
0.724362,0.444319,0.512136;-0.0881466,0.914374,0.340531,-0.200474
0.720639,0.450692,0.52036;-0.080822,0.915512,0.343887,-0.192477
0.716948,0.456351,0.528514;-0.0734869,0.916531,0.347199,-0.184455
0.713308,0.461327,0.536576;-0.0661422,0.917431,0.350465,-0.176409
0.709344,0.466092,0.545401;-0.0579713,0.918291,0.354041,-0.167442
0.705541,0.470041,0.553939;-0.0390386,0.917852,0.35972,-0.163172
0.701596,0.473486,0.562894;-0.0101792,0.91582,0.367285,-0.162082
0.697522,0.476311,0.57228;0.0209096,0.912716,0.375064,-0.160746
0.693645,0.478255,0.581378;0.0519766,0.908664,0.382454,-0.159243
0.68973,0.479402,0.590783;0.085202,0.903275,0.38993,-0.157449
0.68585,0.47961,0.600397;0.12053,0.89634,0.397392,-0.155328
0.68209,0.478745,0.610106;0.157885,0.88764,0.40473,-0.152845
0.67855,0.47668,0.619777;0.197173,0.876947,0.411824,-0.14996
0.6755,0.473512,0.628781;0.236122,0.864749,0.41821,-0.146817
0.672852,0.469061,0.637513;0.276795,0.850264,0.424173,-0.143227
0.670747,0.463246,0.645792;0.319034,0.833259,0.429573,-0.139153
0.66939,0.456382,0.653078;0.360598,0.814489,0.434062,-0.134783
0.668832,0.448577,0.659311;0.401397,0.793993,0.437632,-0.130127
0.669124,0.439941,0.664432;0.441346,0.771815,0.440274,-0.125196
0.670315,0.430582,0.668381;0.480359,0.748001,0.441984,-0.12
0.672327,0.421121,0.670994;0.516481,0.723908,0.44274,-0.114828
0.67524,0.411201,0.672446;0.551614,0.698432,0.44265,-0.109436
0.67887,0.401464,0.672703;0.583926,0.673063,0.441783,-0.104135
0.68311,0.392038,0.671908;0.613524,0.648042,0.440269,-0.0989634
0.687848,0.383023,0.670206;0.640523,0.623585,0.438227,-0.0939579
0.692974,0.374497,0.667741;0.665047,0.599889,0.435773,-0.0891494
0.698372,0.366516,0.664661;0.687221,0.577126,0.433015,-0.0845655
0.704382,0.35855,0.660806;0.708681,0.553764,0.429806,-0.0798937
0.710526,0.351199,0.656515;0.72795,0.531555,0.426427,-0.0754813
0.716586,0.344588,0.652011;0.745051,0.509009,0.425532,-0.0687838
0.722873,0.33827,0.647113;0.761206,0.482319,0.429833,-0.0563645
0.729554,0.332014,0.641707;0.776488,0.455077,0.433642,-0.0438807
0.736145,0.3262,0.636206;0.790007,0.429063,0.436762,-0.0321311
0.742559,0.320812,0.630717;0.801908,0.404393,0.439277,-0.0211354
0.749206,0.315456,0.624907;0.813104,0.379368,0.441406,-0.0101212
0.756062,0.310127,0.618796;0.823587,0.35401,0.443148,0.000901925
0.762599,0.305199,0.612871;0.832675,0.330185,0.444417,0.0111372
0.769281,0.300285,0.606721;0.841132,0.306109,0.445351,0.021364
0.776091,0.295382,0.600364;0.848953,0.281803,0.445947,0.0315746
0.783012,0.290486,0.593816;0.856132,0.257283,0.446206,0.0417614
0.789485,0.28597,0.587616;0.862184,0.234476,0.446145,0.0511367
0.796024,0.281453,0.581282;0.86768,0.211518,0.445797,0.060479
0.802616,0.276931,0.574825;0.872616,0.188423,0.445161,0.0697824
0.809248,0.272403,0.568259;0.87699,0.165208,0.444238,0.0790407
0.815906,0.267864,0.561598;0.880799,0.141885,0.443029,0.0882481
0.822575,0.263312,0.554854;0.884039,0.118471,0.441534,0.0973987
0.829244,0.258744,0.54804;0.88671,0.094981,0.439755,0.106486
0.835898,0.254156,0.54117;0.888809,0.0714295,0.437692,0.115505
0.842523,0.249545,0.534257;0.890336,0.0478319,0.435347,0.12445
0.849107,0.244907,0.527314;0.891288,0.0242035,0.432721,0.133314
0.855635,0.240241,0.520354;0.891665,0.000559528,0.429817,0.142093
0.862095,0.235542,0.51339;0.891468,-0.0230848,0.426635,0.15078
0.868472,0.230808,0.506435;0.890696,-0.0467143,0.423178,0.159369
0.874753,0.226035,0.499504;0.88935,-0.0703136,0.419448,0.167856
0.880924,0.22122,0.492607;0.88743,-0.0938677,0.415448,0.176235
0.886972,0.216359,0.48576;0.884939,-0.117361,0.411181,0.1845
0.892884,0.211451,0.478975;0.881877,-0.140779,0.406648,0.192646
0.898646,0.206491,0.472265;0.878246,-0.164106,0.401853,0.200668
0.904243,0.201477,0.465643;0.874049,-0.187327,0.396798,0.20856
0.910107,0.19598,0.458585;0.868867,-0.212347,0.391034,0.216959
0.915746,0.190411,0.451662;0.863027,-0.237206,0.384975,0.225193
0.921142,0.184766,0.444892;0.856534,-0.261886,0.378624,0.233257
0.926279,0.179041,0.438291;0.849394,-0.286367,0.371986,0.241144
0.931501,0.172782,0.43139;0.840985,-0.312489,0.364524,0.249434
0.936379,0.166421,0.424727;0.831839,-0.338336,0.356741,0.257505
0.940894,0.159952,0.41832;0.821962,-0.363887,0.348645,0.26535
0.945303,0.152897,0.411766;0.81058,-0.390908,0.339632,0.273497
0.949243,0.145706,0.405557;0.798382,-0.417535,0.330277,0.281368
0.952899,0.137881,0.399343;0.784484,-0.445473,0.319932,0.289452
0.955958,0.129887,0.393583;0.769687,-0.4729,0.30922,0.297204
0.95839,0.121717,0.388307;0.754008,-0.499786,0.298153,0.304615
0.96025,0.112835,0.383267;0.736403,-0.527723,0.286021,0.312107
0.96133,0.103767,0.378852;0.750882,-0.513398,0.281502,0.30554
0.961659,0.0944435,0.375011;0.774329,-0.485734,0.278952,0.294385
0.961277,0.0849427,0.371734;0.796657,-0.457367,0.275998,0.282804
0.960232,0.0752883,0.368981;0.817832,-0.428339,0.272646,0.270814
0.958572,0.065504,0.366715;0.837825,-0.398691,0.268899,0.258433
0.956347,0.0556136,0.364896;0.856607,-0.368467,0.264763,0.245678
0.953605,0.0456408,0.363487;0.874149,-0.33771,0.260244,0.232567
0.950394,0.0356094,0.362447;0.890428,-0.306465,0.255349,0.219121
0.946988,0.0261359,0.361772;0.904573,-0.276652,0.250405,0.206175
0.943251,0.0166513,0.361358;0.91756,-0.246485,0.24514,0.192966
0.939223,0.00717549,0.361174;0.929371,-0.216002,0.239561,0.179509
0.934946,-0.00227174,0.361186;0.939992,-0.185242,0.233675,0.165822
0.930459,-0.0116706,0.361362;0.949408,-0.154246,0.227489,0.151923
0.925802,-0.0210012,0.361671;0.957609,-0.123051,0.221013,0.137829
0.921018,-0.0302438,0.36208;0.964583,-0.0916989,0.214253,0.123559
0.916146,-0.0393786,0.362557;0.970321,-0.0602293,0.207218,0.10913
0.911227,-0.0483857,0.36307;0.974817,-0.0286825,0.199919,0.0945621
0.906301,-0.0572454,0.363585;0.978064,0.00290098,0.192363,0.0798726
0.901105,-0.0664751,0.3641;0.980141,0.0364534,0.184065,0.0641534
0.895996,-0.0754922,0.364544;0.9808,0.0699532,0.175501,0.0483414
0.891023,-0.0842729,0.364878;0.980042,0.103352,0.166683,0.0324595
0.88596,-0.0932861,0.365068;0.977694,0.138551,0.157084,0.0155927
0.880903,-0.102453,0.365037;0.973496,0.175461,0.146676,-0.00223797
0.875973,-0.11168,0.364689;0.967178,0.21397,0.135435,-0.0210022
0.871315,-0.120862,0.363907;0.958461,0.253942,0.123339,-0.0406586
0.867104,-0.129876,0.362553;0.947061,0.295215,0.110377,-0.0611542
0.863413,-0.138944,0.360353;0.932011,0.339422,0.0959323,-0.0833424
0.860552,-0.148109,0.356847;0.911871,0.387979,0.0793537,-0.108014
0.859216,-0.156627,0.351692;0.886537,0.438552,0.0612264,-0.134072
0.85998,-0.16387,0.344647;0.856407,0.488925,0.0422039,-0.160433
