0.96252,-0.438056,0.458025;-0.0845809,0.909549,-0.370788,0.167579
0.960329,-0.426079,0.463365;-0.0781607,0.910969,-0.36973,0.165308
0.958156,-0.414242,0.468605;-0.0717366,0.912343,-0.368654,0.163029
0.956001,-0.402544,0.473746;-0.0653089,0.913672,-0.36756,0.160741
0.953863,-0.390984,0.478788;-0.058878,0.914956,-0.366448,0.158446
0.951742,-0.379561,0.483733;-0.0524442,0.916195,-0.365317,0.156142
0.949639,-0.368274,0.488581;-0.0460078,0.917388,-0.364169,0.153831
0.947554,-0.357122,0.493333;-0.0395691,0.918536,-0.363002,0.151513
0.945486,-0.346105,0.497989;-0.0331285,0.919638,-0.361817,0.149187
0.943435,-0.335221,0.50255;-0.0266862,0.920695,-0.360615,0.146853
0.941402,-0.32447,0.507018;-0.0202426,0.921706,-0.359395,0.144512
0.939385,-0.31385,0.511393;-0.013798,0.922672,-0.358157,0.142164
0.937386,-0.30336,0.515674;-0.00735271,0.923591,-0.356901,0.139809
0.935404,-0.293001,0.519865;-0.000907058,0.924466,-0.355627,0.137447
0.933439,-0.28277,0.523964;0.00553864,0.925294,-0.354336,0.135079
0.931491,-0.272667,0.527973;0.0119841,0.926077,-0.353027,0.132703
0.92956,-0.262691,0.531892;0.0184289,0.926813,-0.351701,0.130321
0.927646,-0.252842,0.535723;0.0248728,0.927504,-0.350358,0.127933
0.925748,-0.243117,0.539465;0.0313155,0.928149,-0.348997,0.125538
0.923867,-0.233516,0.54312;0.0377566,0.928748,-0.347618,0.123137
0.922003,-0.224039,0.546689;0.0441959,0.929301,-0.346223,0.12073
0.920156,-0.214685,0.550172;0.050633,0.929808,-0.344811,0.118317
0.918325,-0.205451,0.55357;0.0570676,0.930269,-0.343381,0.115898
0.91606,-0.194079,0.557698;0.0651068,0.93078,-0.34157,0.112866
0.91382,-0.182894,0.561696;0.0731409,0.93122,-0.339733,0.109826
0.911606,-0.171893,0.565565;0.0811694,0.931587,-0.337869,0.106777
0.909417,-0.161076,0.569307;0.0891917,0.931883,-0.335979,0.10372
0.907254,-0.15044,0.572923;0.097207,0.932106,-0.334063,0.100654
0.905116,-0.139983,0.576414;0.105215,0.932257,-0.332122,0.0975813
0.903003,-0.129704,0.579781;0.113214,0.932336,-0.330154,0.0945007
0.900915,-0.119601,0.583027;0.121205,0.932343,-0.328162,0.0914128
0.898852,-0.109672,0.586153;0.129187,0.932277,-0.326143,0.0883179
0.896813,-0.0999148,0.58916;0.137158,0.93214,-0.3241,0.0852161
0.8948,-0.0903286,0.592049;0.145119,0.93193,-0.322031,0.0821077
0.892811,-0.0809112,0.594823;0.153069,0.931649,-0.319938,0.078993
0.890456,-0.0698305,0.598;0.162593,0.931216,-0.317393,0.0752473
0.888136,-0.0589872,0.601014;0.172099,0.930679,-0.314813,0.0714932
0.885852,-0.0483781,0.603869;0.181586,0.930039,-0.312198,0.0677312
0.883601,-0.0380002,0.606566;0.191052,0.929294,-0.309548,0.0639615
0.881386,-0.0278504,0.609108;0.200497,0.928447,-0.306863,0.0601848
0.879204,-0.0179256,0.611498;0.20992,0.927496,-0.304145,0.0564014
0.877057,-0.00822271,0.613737;0.219319,0.926441,-0.301392,0.0526117
0.874594,0.00282096,0.616164;0.230255,0.925081,-0.298138,0.0481829
0.872177,0.0135717,0.618393;0.241155,0.92358,-0.294839,0.0437469
0.869805,0.0240344,0.62043;0.252018,0.921939,-0.291496,0.0393043
0.867479,0.0342139,0.622278;0.262844,0.920159,-0.288108,0.0348556
0.865197,0.0441152,0.62394;0.273629,0.918239,-0.284676,0.0304017
0.862644,0.0550965,0.625619;0.285905,0.915874,-0.280702,0.025306
0.860149,0.0657281,0.627067;0.298123,0.913327,-0.276672,0.0202052
0.857711,0.0760174,0.62829;0.310283,0.9106,-0.272587,0.0151004
0.85533,0.0859715,0.629295;0.322381,0.907693,-0.268448,0.00999261
0.852718,0.0967786,0.630171;0.335916,0.904207,-0.263728,0.00424404
0.850176,0.107181,0.630786;0.349365,0.900495,-0.258942,-0.00150559
0.847705,0.11719,0.631148;0.362728,0.896556,-0.254091,-0.00725485
0.845041,0.127861,0.631265;0.377468,0.891917,-0.248627,-0.0136407
0.842461,0.138073,0.631091;0.392092,0.887002,-0.243086,-0.0200224
0.839964,0.147841,0.630639;0.406594,0.881812,-0.237469,-0.0263978
0.837314,0.158088,0.629833;0.422401,0.875789,-0.231206,-0.0334013
0.834762,0.167833,0.62872;0.43805,0.869437,-0.224856,-0.0403923
0.832091,0.177913,0.627173;0.454934,0.862137,-0.217834,-0.0480014
0.829534,0.187444,0.625297;0.471615,0.854452,-0.210714,-0.0555892
0.826892,0.197176,0.622918;0.489449,0.845698,-0.202895,-0.0637813
0.824193,0.207004,0.619981;0.508369,0.835776,-0.194356,-0.0725661
0.821643,0.216191,0.616685;0.52698,0.825347,-0.185699,-0.0813069
0.819074,0.22537,0.612792;0.546566,0.813617,-0.176299,-0.0906171
0.816517,0.234456,0.608269;0.567037,0.800482,-0.166137,-0.100478
0.814144,0.242871,0.603411;0.587059,0.786713,-0.155843,-0.11026
0.811821,0.251142,0.597934;0.607823,0.7714,-0.144771,-0.120557
0.80958,0.259224,0.591842;0.629216,0.754435,-0.132907,-0.131342
0.807481,0.26698,0.585259;0.645441,0.743917,-0.121827,-0.123096
0.805516,0.274529,0.578093;0.656033,0.740601,-0.111515,-0.093247
0.803804,0.28148,0.570751;0.66589,0.736456,-0.101078,-0.0632937
0.80225,0.288304,0.562773;0.675581,0.731126,-0.0898201,-0.0312662
0.800971,0.294589,0.554694;0.684412,0.724863,-0.0784481,0.000801108
0.799959,0.300408,0.546567;0.692369,0.717676,-0.066976,0.0328674
0.79917,0.306163,0.537938;0.699857,0.709038,-0.0546937,0.0668911
0.798668,0.311562,0.529376;0.706338,0.699379,-0.0423327,0.100818
0.798441,0.316989,0.520453;0.712091,0.688055,-0.0291785,0.136582
0.798516,0.322219,0.511749;0.716696,0.675621,-0.0159773,0.172126
0.798914,0.327641,0.502882;0.720302,0.661315,-0.0020151,0.209342
0.799628,0.333082,0.49443;0.722613,0.645819,0.0119507,0.246181
0.800709,0.338965,0.486076;0.723642,0.628255,0.0266279,0.28448
0.802193,0.345466,0.478016;0.723172,0.608465,0.0419813,0.324083
0.80402,0.352462,0.470798;0.721113,0.58734,0.0572425,0.362974
0.806174,0.360119,0.464542;0.717471,0.564925,0.072378,0.401068
0.808642,0.3686,0.459365;0.712254,0.54127,0.0873546,0.438281
0.811269,0.377596,0.455546;0.70583,0.517635,0.10144,0.472829
0.814003,0.387103,0.453016;0.698426,0.494226,0.114635,0.504778
0.816797,0.397087,0.451688;0.690252,0.471229,0.126945,0.534209
0.819439,0.406846,0.45144;0.682052,0.450148,0.137716,0.559648
0.822058,0.416856,0.452052;0.657098,0.478689,0.1507,0.562467
0.824558,0.426676,0.453315;0.62753,0.518567,0.163144,0.557385
0.827013,0.436514,0.455104;0.597757,0.555354,0.174621,0.551159
0.829402,0.446219,0.457302;0.568061,0.589147,0.18516,0.543994
0.831705,0.455666,0.459804;0.538698,0.620057,0.194798,0.536085
0.83403,0.465265,0.462681;0.508272,0.649745,0.204051,0.527119
0.836366,0.474946,0.465905;0.476844,0.67815,0.212902,0.517112
0.838578,0.484131,0.469251;0.446201,0.703827,0.220899,0.506691
0.840782,0.493269,0.472857;0.414767,0.728258,0.228506,0.495372
0.842967,0.502301,0.476698;0.382599,0.751399,0.235708,0.483176
0.845243,0.511654,0.480981;0.347911,0.774381,0.242856,0.469375
0.847478,0.520755,0.485469;0.312535,0.795835,0.249526,0.454648
0.849661,0.529534,0.490134;0.276543,0.815719,0.255703,0.439024
0.851889,0.53835,0.495204;0.238069,0.83491,0.261661,0.421642
0.854036,0.546653,0.500403;0.199074,0.852276,0.267046,0.403338
0.856187,0.554729,0.505966;0.157662,0.868504,0.272072,0.383171
0.858405,0.56271,0.512134;0.111875,0.883875,0.276823,0.360025
0.86063,0.570223,0.51887;0.0617427,0.897682,0.28108,0.333688
0.86279,0.576799,0.526107;0.00736862,0.90915,0.284599,0.303968
0.864979,0.582258,0.534523;-0.0570954,0.918048,0.2873,0.267184
0.86699,0.585018,0.544107;-0.133202,0.92194,0.288419,0.22158
0.868347,0.582856,0.553696;-0.214122,0.917984,0.287075,0.170426
0.86876,0.576025,0.561249;-0.283576,0.907557,0.283721,0.124204
0.868529,0.567206,0.566431;-0.336233,0.895,0.279721,0.0876286
0.86795,0.557495,0.570162;-0.378419,0.881813,0.275539,0.0572965
0.867144,0.547123,0.572984;-0.408408,0.870682,0.270694,0.0429096
0.866214,0.53665,0.575106;-0.427515,0.862979,0.265617,0.0441061
0.865183,0.525933,0.576793;-0.44486,0.855576,0.260858,0.0451855
0.864103,0.515316,0.578123;-0.460482,0.848564,0.256446,0.0461519
0.863022,0.50509,0.579161;-0.474419,0.842026,0.252406,0.0470092
0.861841,0.494262,0.580057;-0.488235,0.835274,0.248302,0.0478547
0.86071,0.48416,0.580739;-0.500412,0.829094,0.2446,0.0485959
0.859508,0.473633,0.581319;-0.512489,0.822747,0.24085,0.0493275
0.858236,0.462705,0.5818;-0.524462,0.816236,0.237052,0.0500491
0.856897,0.4514,0.582189;-0.536331,0.80956,0.233206,0.0507607
0.855674,0.441216,0.582457;-0.546627,0.803586,0.229802,0.051375
0.854405,0.430778,0.58266;-0.55684,0.797488,0.226363,0.0519814
0.853091,0.4201,0.582802;-0.566967,0.791268,0.222889,0.0525798
0.851735,0.409199,0.582887;-0.577007,0.784926,0.219381,0.0531701
0.850339,0.398091,0.582916;-0.586958,0.778463,0.215839,0.0537523
0.848905,0.386791,0.582895;-0.596819,0.771881,0.212264,0.0543262
0.847434,0.375315,0.582825;-0.606588,0.76518,0.208656,0.0548917
0.846146,0.365351,0.582729;-0.614888,0.759343,0.205538,0.0553697
0.844835,0.355279,0.582602;-0.623118,0.75342,0.202397,0.0558415
0.843501,0.34511,0.582446;-0.631278,0.747412,0.199233,0.056307
0.842146,0.334853,0.582263;-0.639366,0.741319,0.196047,0.0567661
0.840771,0.324519,0.582054;-0.647383,0.735143,0.192839,0.0572189
0.839377,0.314117,0.581823;-0.655326,0.728884,0.189608,0.0576651
0.837966,0.303657,0.581571;-0.663195,0.722542,0.186357,0.0581049
0.836539,0.29315,0.5813;-0.670989,0.716119,0.183084,0.058538
0.835097,0.282605,0.581013;-0.678708,0.709615,0.17979,0.0589646
0.833642,0.272033,0.58071;-0.68635,0.703031,0.176477,0.0593845
0.832174,0.261443,0.580394;-0.693914,0.696368,0.173143,0.0597978
0.830696,0.250846,0.580068;-0.701401,0.689626,0.16979,0.0602042
0.829208,0.24025,0.579732;-0.708807,0.682806,0.166418,0.0606039
0.827711,0.229667,0.57939;-0.716134,0.675909,0.163026,0.0609967
0.826208,0.219107,0.579043;-0.72338,0.668936,0.159617,0.0613826
0.824699,0.208579,0.578694;-0.730545,0.661887,0.156189,0.0617616
0.823185,0.198092,0.578343;-0.737627,0.654764,0.152744,0.0621337
0.821668,0.187659,0.577994;-0.744625,0.647566,0.149282,0.0624987
0.82015,0.177287,0.577649;-0.75154,0.640296,0.145802,0.0628567
0.818631,0.166988,0.577308;-0.75837,0.632953,0.142307,0.0632075
0.817112,0.156771,0.576975;-0.765114,0.625538,0.138795,0.0635512
0.815595,0.146646,0.576651;-0.771771,0.618054,0.135267,0.0638878
0.814082,0.136623,0.576339;-0.778342,0.610499,0.131725,0.0642171
0.812573,0.126713,0.57604;-0.784825,0.602875,0.128167,0.0645392
0.810821,0.115305,0.575711;-0.792276,0.593895,0.123998,0.0649058
0.809078,0.10408,0.575406;-0.799605,0.584823,0.11981,0.0652624
0.807347,0.0930532,0.575128;-0.806811,0.575662,0.115604,0.0656089
0.80563,0.0822399,0.574882;-0.813894,0.566412,0.11138,0.0659454
0.80393,0.0716563,0.574669;-0.820851,0.557075,0.107139,0.0662717
0.802247,0.0613182,0.574493;-0.827682,0.547653,0.102881,0.0665879
0.800585,0.0512416,0.574357;-0.834386,0.538146,0.0986076,0.0668938
0.798713,0.0400658,0.574256;-0.841891,0.52718,0.0937051,0.0672308
0.796873,0.0292759,0.574216;-0.849227,0.516108,0.0887839,0.0675544
0.795068,0.0188954,0.574242;-0.856392,0.504933,0.0838448,0.0678643
0.793301,0.00894805,0.57434;-0.863385,0.493656,0.0788888,0.0681607
0.791363,-0.00169553,0.574541;-0.871046,0.480852,0.0732945,0.0684777
0.789481,-0.0117273,0.574844;-0.878485,0.467925,0.0676816,0.0687774
0.787462,-0.0221151,0.575311;-0.886488,0.453423,0.0614249,0.0690898
0.785335,-0.032566,0.575992;-0.894971,0.437306,0.0545204,0.0694085
0.783177,-0.0425527,0.576929;-0.8941,0.440501,0.0506554,0.0630686
0.780871,-0.052399,0.578244;-0.875196,0.478889,0.0522805,0.0443208
0.778292,-0.0622556,0.580101;-0.84999,0.523567,0.0540796,0.0216993
0.775415,-0.0716056,0.582621;-0.815972,0.575342,0.056026,-0.00571963
0.771881,-0.0803952,0.586206;-0.764345,0.640762,0.0582363,-0.0425291
0.766949,-0.0874139,0.591281;-0.672691,0.730841,0.0606872,-0.098363
0.758417,-0.0899243,0.594734;-0.4758,0.855805,0.0620781,-0.193283
0.75139,-0.0929011,0.588563;-0.314039,0.912642,0.0606304,-0.254536
0.746939,-0.0978894,0.580902;-0.222268,0.930794,0.0590126,-0.284142
0.74337,-0.103744,0.573197;-0.155353,0.938279,0.0575079,-0.303629
0.740241,-0.110125,0.56555;-0.101256,0.940947,0.0561002,-0.318149
0.737427,-0.116764,0.558094;-0.0559246,0.940909,0.0547921,-0.329486
0.734876,-0.123451,0.550939;-0.0172927,0.93926,0.053586,-0.338557
0.732331,-0.130695,0.543486;0.0190927,0.936353,0.0523735,-0.346606
0.729985,-0.137839,0.536369;0.0509098,0.932735,0.0512524,-0.353252
0.7277,-0.145185,0.529247;0.0804061,0.928481,0.0501622,-0.359085
0.725498,-0.152606,0.522219;0.107568,0.923793,0.0491147,-0.364175
0.723397,-0.159972,0.515384;0.132393,0.918857,0.0481206,-0.368589
0.721216,-0.167898,0.508164;0.15713,0.913314,0.0470946,-0.37276
0.71916,-0.175606,0.501258;0.179529,0.907751,0.0461349,-0.376337
0.717249,-0.182967,0.494758;0.199604,0.90232,0.0452496,-0.379381
0.715279,-0.190741,0.487984;0.219591,0.896489,0.0443442,-0.382257
0.713418,-0.198252,0.481517;0.23786,0.890785,0.0434955,-0.38475
