0.743282,-0.485785,0.295918;0.650033,0.346229,-0.451974,-0.503291
0.742168,-0.470673,0.296016;0.649572,0.347737,-0.449278,-0.505257
0.741069,-0.455875,0.296105;0.649102,0.34924,-0.446575,-0.507217
0.739983,-0.441388,0.296185;0.648623,0.350738,-0.443867,-0.509169
0.738911,-0.427212,0.296255;0.648135,0.352232,-0.441153,-0.511114
0.737853,-0.413341,0.296317;0.647639,0.353721,-0.438432,-0.513053
0.736809,-0.399775,0.29637;0.647133,0.355205,-0.435706,-0.514984
0.735778,-0.386509,0.296415;0.646619,0.356684,-0.432974,-0.516908
0.734761,-0.373543,0.296451;0.646096,0.358158,-0.430236,-0.518826
0.733758,-0.360872,0.296478;0.645564,0.359627,-0.427492,-0.520736
0.732768,-0.348494,0.296498;0.645024,0.361091,-0.424742,-0.522639
0.731791,-0.336407,0.296508;0.644474,0.362551,-0.421986,-0.524535
0.730828,-0.324608,0.296511;0.643916,0.364006,-0.419225,-0.526424
0.729878,-0.313095,0.296506;0.643349,0.365455,-0.416458,-0.528306
0.728941,-0.301863,0.296493;0.642774,0.3669,-0.413685,-0.53018
0.728018,-0.290912,0.296472;0.642189,0.368339,-0.410907,-0.532048
0.727107,-0.280239,0.296443;0.641596,0.369774,-0.408123,-0.533908
0.72621,-0.269839,0.296407;0.640994,0.371204,-0.405333,-0.535761
0.725325,-0.259712,0.296363;0.640383,0.372628,-0.402538,-0.537606
0.724023,-0.245026,0.296283;0.639451,0.374755,-0.398335,-0.540361
0.722749,-0.230937,0.296187;0.638499,0.376871,-0.39412,-0.543099
0.721503,-0.217435,0.296075;0.637528,0.378975,-0.389893,-0.54582
0.720287,-0.204513,0.295947;0.636537,0.381068,-0.385654,-0.548525
0.719098,-0.192161,0.295805;0.635526,0.383149,-0.381403,-0.551212
0.717937,-0.180371,0.295647;0.634496,0.385218,-0.377141,-0.553883
0.716803,-0.169132,0.295475;0.633447,0.387275,-0.372867,-0.556537
0.715697,-0.158437,0.295288;0.632378,0.389321,-0.368581,-0.559174
0.714619,-0.148277,0.295088;0.63129,0.391354,-0.364284,-0.561794
0.713222,-0.135545,0.2948;0.629809,0.394047,-0.358538,-0.56526
0.711873,-0.123725,0.294489;0.628293,0.396718,-0.352772,-0.568695
0.710571,-0.112798,0.294155;0.626744,0.399368,-0.346987,-0.5721
0.709316,-0.10274,0.2938;0.62516,0.401996,-0.341182,-0.575473
0.707811,-0.0913595,0.293328;0.623132,0.40525,-0.333901,-0.579645
0.706376,-0.0812641,0.292825;0.621052,0.40847,-0.326592,-0.583768
0.704746,-0.0707874,0.292183;0.618485,0.412287,-0.317783,-0.58865
0.702969,-0.0607322,0.291385;0.615395,0.416677,-0.307458,-0.594255
0.700657,-0.0502006,0.290162;0.610802,0.422828,-0.292619,-0.602089
0.696802,-0.0414372,0.287472;0.600995,0.434695,-0.262646,-0.61714
0.69334,-0.0501209,0.283787;0.587587,0.448695,-0.224683,-0.634769
0.692178,-0.0606391,0.281945;0.580705,0.455077,-0.206285,-0.642754
0.691508,-0.0707498,0.280552;0.575357,0.459718,-0.192421,-0.648536
0.691052,-0.0811176,0.279314;0.570469,0.463736,-0.180052,-0.653525
0.690757,-0.091116,0.278236;0.566091,0.46717,-0.169196,-0.657774
0.690556,-0.10186,0.277168;0.561618,0.470525,-0.158313,-0.661913
0.690446,-0.113235,0.276114;0.557051,0.473802,-0.147403,-0.665941
0.690422,-0.123402,0.275225;0.553063,0.476548,-0.138032,-0.669306
0.690462,-0.133877,0.274354;0.549007,0.479235,-0.128645,-0.672589
0.690563,-0.144589,0.273501;0.544883,0.481864,-0.119241,-0.675789
0.690723,-0.155467,0.272671;0.540693,0.484434,-0.109823,-0.678906
0.690941,-0.166437,0.271866;0.536437,0.486944,-0.100391,-0.68194
0.691195,-0.176681,0.271141;0.530033,0.492062,-0.0950773,-0.684032
0.691502,-0.187079,0.27043;0.512603,0.509738,-0.105243,-0.682884
0.691858,-0.197411,0.269745;0.494803,0.527045,-0.115332,-0.681243
0.692262,-0.207645,0.269087;0.476647,0.543973,-0.125339,-0.67911
0.692714,-0.217751,0.268455;0.458148,0.560509,-0.135255,-0.676489
0.693261,-0.228594,0.267796;0.43759,0.578086,-0.145961,-0.673073
0.693864,-0.239206,0.267168;0.416657,0.595168,-0.156541,-0.669079
0.694523,-0.249547,0.26657;0.395366,0.611739,-0.166988,-0.664512
0.695236,-0.259578,0.266003;0.373737,0.627786,-0.177291,-0.659374
0.69607,-0.270048,0.265423;0.349943,0.644561,-0.188281,-0.65317
0.696966,-0.280054,0.264877;0.325798,0.660687,-0.199081,-0.646308
0.698002,-0.290253,0.264328;0.299429,0.67731,-0.210488,-0.638192
0.69919,-0.300446,0.263785;0.270789,0.694242,-0.222437,-0.628668
0.700546,-0.310393,0.263254;0.23984,0.711276,-0.234852,-0.617582
0.702181,-0.320325,0.262718;0.204589,0.729142,-0.248391,-0.603984
0.704331,-0.330464,0.262149;0.160974,0.749064,-0.264285,-0.585785
0.707418,-0.34007,0.26154;0.102793,0.772016,-0.284065,-0.559224
0.714551,-0.344192,0.260783;-0.0168503,0.806675,-0.319817,-0.496697
0.719302,-0.335292,0.260629;-0.0878195,0.819375,-0.337939,-0.454653
0.722331,-0.325371,0.260639;-0.130127,0.82413,-0.347637,-0.427814
0.724726,-0.315339,0.260696;-0.162137,0.826301,-0.354414,-0.406607
0.726727,-0.305541,0.260774;-0.187966,0.827136,-0.359523,-0.388919
0.728617,-0.295137,0.260871;-0.21164,0.827169,-0.363917,-0.372243
0.730385,-0.284419,0.260981;-0.233183,0.826575,-0.367672,-0.356676
0.732022,-0.273667,0.261097;-0.252621,0.825518,-0.370855,-0.3423
0.733519,-0.26315,0.261215;-0.269988,0.824146,-0.37353,-0.329188
0.734867,-0.253119,0.261331;-0.285315,0.822593,-0.375758,-0.317399
0.736234,-0.242432,0.261457;-0.300534,0.820726,-0.377842,-0.305489
0.737617,-0.231079,0.261593;-0.315639,0.818546,-0.379782,-0.293462
0.738841,-0.220588,0.26172;-0.328757,0.816383,-0.38136,-0.282847
0.740078,-0.209569,0.261855;-0.341778,0.813981,-0.382828,-0.272149
0.741328,-0.198015,0.261997;-0.3547,0.811342,-0.384183,-0.261372
0.742519,-0.186624,0.262138;-0.356004,0.815044,-0.37923,-0.255241
0.743575,-0.176209,0.262268;-0.35366,0.820261,-0.372868,-0.251129
0.744638,-0.165443,0.262403;-0.351283,0.825404,-0.366472,-0.246995
0.745708,-0.154337,0.262545;-0.348876,0.830473,-0.360043,-0.242838
0.746784,-0.142906,0.262694;-0.346436,0.835466,-0.353581,-0.238659
0.747865,-0.131162,0.262851;-0.343966,0.840385,-0.347088,-0.234459
0.74877,-0.121146,0.262987;-0.341884,0.844426,-0.341653,-0.230943
0.749677,-0.110929,0.263128;-0.33978,0.848414,-0.336197,-0.227412
0.750586,-0.100519,0.263276;-0.337655,0.852348,-0.330719,-0.223867
0.751498,-0.0899243,0.26343;-0.335509,0.85623,-0.325221,-0.220308
0.75241,-0.0791514,0.26359;-0.333341,0.860058,-0.319702,-0.216735
0.753324,-0.0682083,0.263757;-0.331153,0.863832,-0.314164,-0.213149
0.754238,-0.0571024,0.263931;-0.328945,0.867552,-0.308606,-0.209549
0.755153,-0.0458413,0.264113;-0.326715,0.871218,-0.303028,-0.205936
0.756067,-0.0344326,0.264302;-0.324465,0.87483,-0.297432,-0.20231
0.756981,-0.0228839,0.264498;-0.322195,0.878386,-0.291817,-0.198672
0.757894,-0.0112027,0.264703;-0.319905,0.881888,-0.286183,-0.195021
0.758805,0.000603473,0.264916;-0.317595,0.885334,-0.280532,-0.191358
0.759714,0.012527,0.265137;-0.315265,0.888726,-0.274864,-0.187683
0.760621,0.0245603,0.265368;-0.312915,0.892061,-0.269178,-0.183997
0.761526,0.0366959,0.265607;-0.310546,0.895341,-0.263475,-0.180299
0.762427,0.0489262,0.265856;-0.308157,0.898564,-0.257755,-0.176589
0.763325,0.0612436,0.266115;-0.305749,0.901732,-0.25202,-0.172868
0.764218,0.0736406,0.266383;-0.303321,0.904843,-0.246269,-0.169137
0.765107,0.0861096,0.266662;-0.300875,0.907897,-0.240502,-0.165395
0.765815,0.0961316,0.266892;-0.298905,0.9103,-0.235878,-0.162394
0.76652,0.106191,0.267129;-0.296922,0.912666,-0.231245,-0.159387
0.767221,0.116284,0.267373;-0.294928,0.914996,-0.226602,-0.156373
0.767919,0.126406,0.267625;-0.292921,0.917289,-0.22195,-0.153353
0.768612,0.136555,0.267883;-0.290903,0.919545,-0.217289,-0.150326
0.769301,0.146725,0.268149;-0.288874,0.921764,-0.21262,-0.147294
0.769986,0.156913,0.268422;-0.286833,0.923947,-0.207942,-0.144256
0.770667,0.167115,0.268703;-0.28478,0.926092,-0.203255,-0.141212
0.771342,0.177328,0.268992;-0.282716,0.928201,-0.198561,-0.138162
0.772013,0.187547,0.269289;-0.280641,0.930272,-0.193858,-0.135107
0.772679,0.197769,0.269594;-0.278554,0.932306,-0.189148,-0.132046
0.773339,0.207989,0.269906;-0.276456,0.934303,-0.18443,-0.128981
0.773993,0.218204,0.270228;-0.274347,0.936262,-0.179705,-0.125909
0.774641,0.22841,0.270557;-0.272227,0.938184,-0.174973,-0.122833
0.775284,0.238603,0.270895;-0.270097,0.940068,-0.170234,-0.119752
0.77592,0.248779,0.271242;-0.267955,0.941914,-0.165487,-0.116667
0.77655,0.258935,0.271598;-0.265803,0.943723,-0.160735,-0.113576
0.777172,0.269066,0.271963;-0.26364,0.945494,-0.155975,-0.110481
0.777788,0.279168,0.272337;-0.261467,0.947228,-0.15121,-0.107382
0.778397,0.289239,0.27272;-0.259283,0.948923,-0.146438,-0.104278
0.778999,0.299273,0.273113;-0.257088,0.95058,-0.141661,-0.10117
0.779593,0.309267,0.273515;-0.254884,0.952199,-0.136878,-0.098058
0.780324,0.321698,0.274031;-0.252113,0.95417,-0.130891,-0.0941626
0.781043,0.334052,0.274563;-0.249328,0.95608,-0.124897,-0.0902612
0.781749,0.346322,0.27511;-0.246526,0.957931,-0.118894,-0.0863542
0.782442,0.358502,0.275673;-0.243709,0.959722,-0.112884,-0.0824418
0.78312,0.370582,0.276253;-0.240877,0.961453,-0.106867,-0.0785242
0.783785,0.382556,0.276849;-0.23803,0.963124,-0.100843,-0.0746017
0.784435,0.394416,0.277461;-0.235168,0.964734,-0.0948134,-0.0706746
0.785069,0.406155,0.278091;-0.232291,0.966284,-0.0887774,-0.066743
0.785689,0.417765,0.278738;-0.229399,0.967774,-0.0827359,-0.0628073
0.786292,0.429238,0.279402;-0.226494,0.969203,-0.0766892,-0.0588676
0.786879,0.440566,0.280084;-0.223574,0.970571,-0.0706378,-0.0549242
0.787449,0.451743,0.280784;-0.22064,0.971879,-0.0645818,-0.0509774
0.788002,0.462761,0.281502;-0.217692,0.973126,-0.0585219,-0.0470274
0.788538,0.473612,0.282239;-0.214731,0.974312,-0.0524583,-0.0430745
0.789055,0.484288,0.282995;-0.211756,0.975437,-0.0463914,-0.0391189
0.789554,0.494782,0.28377;-0.208768,0.976501,-0.0403216,-0.0351608
0.790035,0.505087,0.284564;-0.205767,0.977504,-0.0342493,-0.0312005
0.790496,0.515195,0.285378;-0.202753,0.978445,-0.0281748,-0.0272383
0.791023,0.527053,0.286381;-0.19912,0.979495,-0.0208832,-0.0224814
0.791521,0.538604,0.287413;-0.195468,0.980456,-0.0135897,-0.0177225
0.79199,0.549833,0.288475;-0.191799,0.981328,-0.00629492,-0.012962
0.792427,0.560729,0.289567;-0.188113,0.982113,0.0010004,-0.00820029
0.792834,0.571278,0.290689;-0.18441,0.982808,0.00829563,-0.00343786
0.793209,0.581467,0.291842;-0.18069,0.983416,0.0155901,0.00132487
0.793605,0.592881,0.293227;-0.176329,0.984012,0.0240985,0.00688122
0.793956,0.603767,0.294656;-0.171947,0.984488,0.032604,0.0124367
0.794259,0.614104,0.296128;-0.167544,0.984843,0.0411054,0.0179907
0.794548,0.625217,0.297866;-0.162487,0.985101,0.0508151,0.0243354
0.794772,0.635556,0.299664;-0.157404,0.985201,0.0605167,0.0306761
0.794945,0.646221,0.30176;-0.151655,0.985125,0.0714193,0.0378036
0.795037,0.65682,0.30418;-0.145231,0.984806,0.0835162,0.0457139
0.795011,0.666889,0.306957;-0.138124,0.984171,0.0967986,0.0544019
0.794804,0.676533,0.310398;-0.12967,0.983036,0.112458,0.0646482
0.794189,0.685617,0.315454;-0.117874,0.980778,0.13406,0.0787893
0.79243,0.689126,0.324019;-0.09934,0.975686,0.167441,0.100655
0.7903,0.681975,0.331441;-0.0947259,0.971894,0.186641,0.107768
0.78849,0.672073,0.33678;-0.0999623,0.970341,0.193836,0.104276
0.786896,0.661741,0.341076;-0.104029,0.96907,0.199419,0.101554
0.785409,0.651165,0.344844;-0.107509,0.967937,0.204195,0.0992157
0.784093,0.6412,0.348037;-0.110407,0.966962,0.208169,0.0972641
0.782709,0.630241,0.351271;-0.113301,0.965959,0.212137,0.0953097
0.781263,0.618335,0.35454;-0.116191,0.964928,0.216099,0.0933525
0.780065,0.608161,0.357176;-0.118502,0.964083,0.219263,0.0917849
0.778832,0.597437,0.359828;-0.12081,0.96322,0.222424,0.0902155
0.777567,0.586186,0.362491;-0.123115,0.96234,0.225581,0.0886444
0.776271,0.574435,0.365164;-0.125419,0.961441,0.228734,0.0870717
0.774947,0.562206,0.367843;-0.12772,0.960525,0.231882,0.0854974
0.773598,0.549525,0.370525;-0.130019,0.959591,0.235026,0.0839215
0.772571,0.539732,0.372536;-0.131741,0.958879,0.237381,0.0827386
0.771532,0.52971,0.374545;-0.133462,0.958157,0.239734,0.0815548
0.770481,0.519467,0.376552;-0.135182,0.957425,0.242084,0.0803701
0.76942,0.509015,0.378554;-0.1369,0.956682,0.244431,0.0791846
0.76835,0.498363,0.380552;-0.138617,0.95593,0.246777,0.0779983
0.767271,0.487524,0.382542;-0.140333,0.955168,0.249119,0.0768112
0.766185,0.476505,0.384524;-0.142047,0.954396,0.251459,0.0756232
0.765093,0.465319,0.386496;-0.143759,0.953614,0.253796,0.0744345
0.763995,0.453975,0.388458;-0.14547,0.952822,0.256131,0.073245
0.762893,0.442484,0.390408;-0.14718,0.952021,0.258463,0.0720548
0.761787,0.430856,0.392344;-0.148888,0.951209,0.260792,0.0708638
0.760678,0.419101,0.394265;-0.150594,0.950387,0.263119,0.069672
0.759568,0.407231,0.39617;-0.152299,0.949556,0.265443,0.0684795
0.758457,0.395254,0.398058;-0.154002,0.948714,0.267764,0.0672864
0.757346,0.383183,0.399927;-0.155704,0.947863,0.270082,0.0660925
0.756237,0.371026,0.401776;-0.157404,0.947002,0.272398,0.0648979
0.755129,0.358794,0.403604;-0.159102,0.94613,0.27471,0.0637026
0.754025,0.346498,0.405408;-0.160799,0.945249,0.27702,0.0625067
0.752925,0.334149,0.407189;-0.162494,0.944359,0.279327,0.0613102
0.75183,0.321755,0.408944;-0.164187,0.943458,0.281631,0.060113
0.750741,0.309329,0.410673;-0.165879,0.942548,0.283932,0.0589151
0.749659,0.296879,0.412373;-0.167569,0.941627,0.28623,0.0577167
0.748585,0.284418,0.414044;-0.169257,0.940697,0.288525,0.0565176
0.74752,0.271954,0.415685;-0.170943,0.939757,0.290817,0.055318
0.746464,0.259498,0.417293;-0.172628,0.938807,0.293106,0.0541178
0.74542,0.247061,0.418868;-0.174311,0.937848,0.295392,0.052917
0.744387,0.234653,0.420409;-0.175992,0.936879,0.297675,0.0517157
0.743367,0.222285,0.421913;-0.177671,0.9359,0.299955,0.0505138
0.74236,0.209966,0.42338;-0.179348,0.934911,0.302232,0.0493114
0.741368,0.197707,0.424809;-0.181024,0.933912,0.304505,0.0481085
0.740392,0.185519,0.426197;-0.182697,0.932904,0.306776,0.0469051
0.739432,0.173412,0.427544;-0.184369,0.931886,0.309043,0.0457012
0.73849,0.161396,0.428849;-0.186039,0.930859,0.311307,0.0444968
0.737566,0.149482,0.430109;-0.187707,0.929821,0.313568,0.043292
0.736662,0.137679,0.431324;-0.189373,0.928774,0.315825,0.0420867
0.735777,0.125999,0.432493;-0.191036,0.927717,0.318079,0.040881
0.734915,0.114451,0.433614;-0.192698,0.926651,0.32033,0.0396748
0.734074,0.103047,0.434685;-0.194358,0.925575,0.322578,0.0384682
0.733257,0.0917961,0.435706;-0.196016,0.924489,0.324822,0.0372613
0.732464,0.080709,0.436675;-0.197672,0.923394,0.327063,0.0360539
0.731696,0.0697961,0.437591;-0.199326,0.922289,0.3293,0.0348462
0.730954,0.0590677,0.438452;-0.200977,0.921174,0.331534,0.0336381
0.730239,0.0485342,0.439257;-0.202627,0.92005,0.333764,0.0324296
0.729552,0.038206,0.440005;-0.204274,0.918916,0.335991,0.0312209
0.728894,0.0280935,0.440694;-0.20592,0.917773,0.338215,0.0300117
0.728064,0.0149635,0.44152;-0.20811,0.916234,0.341174,0.0283991
0.727289,0.00225987,0.442237;-0.210297,0.914677,0.344127,0.026786
0.726571,-0.00999277,0.44284;-0.212479,0.913104,0.347073,0.0251723
0.725914,-0.0217699,0.443328;-0.214658,0.911514,0.350013,0.0235582
0.725319,-0.0330468,0.443697;-0.216833,0.909907,0.352947,0.0219436
0.724789,-0.0437991,0.443943;-0.219004,0.908283,0.355874,0.0203287
0.724325,-0.0540021,0.444065;-0.22117,0.906642,0.358794,0.0187133
0.723843,-0.065946,0.444035;-0.223873,0.904568,0.362436,0.0166937
0.723473,-0.0769452,0.443799;-0.226569,0.902467,0.366066,0.0146735
0.72322,-0.0869518,0.44335;-0.229259,0.90034,0.369686,0.012653
0.723077,-0.0975818,0.442521;-0.232478,0.897754,0.374016,0.0102278
0.72314,-0.107979,0.441142;-0.23622,0.894689,0.379048,0.00739795
0.723606,-0.117971,0.438688;-0.241013,0.890673,0.385486,0.00375894
0.725408,-0.125474,0.43281;-0.24895,0.883796,0.396136,-0.00230669
0.728596,-0.120507,0.424544;-0.240808,0.886981,0.393379,-0.0229855
0.731152,-0.111725,0.418482;-0.229364,0.89251,0.38616,-0.0412156
0.733287,-0.102923,0.413597;-0.220962,0.896225,0.380776,-0.0544603
0.735332,-0.0937082,0.409018;-0.213558,0.899263,0.375976,-0.0660367
0.737207,-0.0847814,0.404879;-0.207174,0.901709,0.371795,-0.0759477
0.739188,-0.0749839,0.400554;-0.200756,0.904009,0.367553,-0.0858464
0.741269,-0.06439,0.396054;-0.194306,0.906161,0.363252,-0.0957312
0.743074,-0.0550075,0.392179;-0.188907,0.907843,0.359623,-0.103957
0.74494,-0.045167,0.388195;-0.183486,0.909422,0.355953,-0.112171
0.746863,-0.0349118,0.38411;-0.178044,0.910898,0.352243,-0.120372
0.748838,-0.0242851,0.379929;-0.172583,0.912272,0.348493,-0.128559
0.750862,-0.01333,0.375659;-0.167102,0.913543,0.344704,-0.136732
0.752931,-0.00208968,0.371306;-0.161602,0.91471,0.340876,-0.14489
0.755042,0.00939258,0.366877;-0.156084,0.915775,0.33701,-0.153031
0.756757,0.0187236,0.363282;-0.151657,0.916552,0.333889,-0.159532
0.758495,0.0281597,0.359646;-0.147219,0.917263,0.330744,-0.166021
0.760252,0.0376788,0.355971;-0.14277,0.917908,0.327576,-0.172498
0.762027,0.0472589,0.35226;-0.138311,0.918487,0.324384,-0.178963
0.763818,0.0568777,0.348517;-0.133842,0.918999,0.321168,-0.185414
0.765624,0.0665132,0.344744;-0.129364,0.919445,0.317929,-0.191853
0.767441,0.0761432,0.340946;-0.124876,0.919824,0.314667,-0.198277
0.769268,0.0857457,0.337125;-0.120379,0.920137,0.311383,-0.204687
0.771103,0.0952985,0.333284;-0.115873,0.920384,0.308076,-0.211083
0.772945,0.104779,0.329427;-0.111359,0.920564,0.304747,-0.217463
0.77479,0.114167,0.325556;-0.106837,0.920678,0.301395,-0.223827
0.776638,0.123438,0.321676;-0.102307,0.920725,0.298022,-0.230176
0.778486,0.132571,0.317789;-0.0977698,0.920706,0.294628,-0.236508
0.780792,0.143759,0.312925;-0.0920884,0.920589,0.290355,-0.244398
0.783092,0.154654,0.308062;-0.0863966,0.920367,0.286049,-0.252261
0.785382,0.165212,0.303205;-0.0806951,0.920042,0.281711,-0.260096
0.787657,0.17539,0.298362;-0.0749844,0.919613,0.277341,-0.267901
0.789913,0.185145,0.293537;-0.0692653,0.91908,0.27294,-0.275676
0.792147,0.194434,0.288738;-0.0635384,0.918444,0.268508,-0.28342
0.794356,0.203213,0.283971;-0.0578043,0.917704,0.264046,-0.291131
0.796965,0.213015,0.278301;-0.0509149,0.916679,0.258652,-0.300342
0.799525,0.221947,0.272696;-0.0440172,0.915506,0.253216,-0.309504
0.802029,0.229933,0.267167;-0.0371123,0.914184,0.247739,-0.318616
0.804869,0.237956,0.260827;-0.0290491,0.912453,0.241299,-0.329181
0.807996,0.245274,0.253748;-0.0198262,0.910229,0.233873,-0.341166
0.811343,0.250935,0.246028;-0.00944376,0.907412,0.225438,-0.354531
0.815157,0.2538,0.236992;0.00325019,0.903519,0.215017,-0.37069
0.818924,0.251332,0.22771;0.0170959,0.898709,0.203515,-0.388086
0.821712,0.244398,0.220495;0.0286259,0.894255,0.193828,-0.402391
0.823691,0.235411,0.215098;0.0378408,0.890401,0.186016,-0.413704
0.825225,0.224887,0.210672;0.045895,0.886818,0.179136,-0.423506
0.826385,0.213796,0.207111;0.0527905,0.883591,0.173208,-0.431832
0.827237,0.203036,0.204317;0.0585304,0.880792,0.168246,-0.438718
0.827981,0.190852,0.201686;0.0642636,0.877893,0.163265,-0.445554
0.828495,0.180049,0.199704;0.0688449,0.875503,0.159267,-0.450986
0.828936,0.168285,0.197833;0.0734214,0.87305,0.155257,-0.456386
0.829302,0.155537,0.196078;0.0779925,0.870533,0.151236,-0.461754
0.829525,0.145316,0.194839;0.0814171,0.868605,0.148213,-0.465757
0.829704,0.134521,0.193667;0.0848385,0.866641,0.145185,-0.469742
0.829837,0.123141,0.192565;0.0882564,0.864642,0.14215,-0.473707
0.829924,0.111167,0.191534;0.0916707,0.862608,0.13911,-0.477653
0.829964,0.0985902,0.190575;0.0950813,0.860539,0.136063,-0.48158
0.829956,0.0854007,0.189688;0.098488,0.858435,0.133012,-0.485487
0.8299,0.0715893,0.188877;0.101891,0.856296,0.129955,-0.489375
0.829794,0.0571467,0.188141;0.105289,0.854122,0.126892,-0.493243
0.829638,0.0420637,0.187483;0.108684,0.851913,0.123825,-0.49709
0.829505,0.0316479,0.187088;0.110944,0.850422,0.121777,-0.499644
0.82935,0.0209405,0.186728;0.113203,0.848915,0.119727,-0.502189
0.829171,0.00993871,0.186404;0.115459,0.847393,0.117675,-0.504725
0.828969,-0.00136014,0.186116;0.117713,0.845855,0.115621,-0.507251
0.828743,-0.0129589,0.185864;0.119965,0.844303,0.113564,-0.509769
0.828493,-0.0248602,0.18565;0.122215,0.842735,0.111506,-0.512277
0.828218,-0.037067,0.185473;0.124463,0.841151,0.109445,-0.514776
0.827919,-0.0495819,0.185333;0.126709,0.839553,0.107383,-0.517266
0.827596,-0.0624077,0.185232;0.128952,0.83794,0.105319,-0.519747
0.827247,-0.0755473,0.185169;0.131193,0.836311,0.103253,-0.522218
0.826874,-0.0890033,0.185146;0.133432,0.834667,0.101184,-0.524679
0.826475,-0.102778,0.185161;0.135668,0.833008,0.0991145,-0.527132
0.82605,-0.116876,0.185217;0.137901,0.831334,0.0970428,-0.529574
0.825599,-0.131298,0.185312;0.140133,0.829646,0.0949693,-0.532007
0.825247,-0.142218,0.185409;0.141788,0.828382,0.0934286,-0.533808
