0.877986,-0.407458,0.410653;-0.12684,0.883569,-0.44858,0.0446419
0.877808,-0.418687,0.411264;-0.114187,0.886436,-0.447135,0.0355235
0.877536,-0.429438,0.411988;-0.101506,0.889078,-0.445578,0.0263962
0.877171,-0.439718,0.412824;-0.088798,0.891495,-0.443907,0.0172622
0.876644,-0.450896,0.413913;-0.0742476,0.89398,-0.44186,0.00681805
0.876003,-0.461475,0.41514;-0.0596727,0.896169,-0.439667,-0.00362832
0.875249,-0.471465,0.416501;-0.045078,0.898061,-0.437328,-0.0140735
0.87427,-0.482011,0.418189;-0.0286414,0.899835,-0.434523,-0.0258186
0.873157,-0.491837,0.420035;-0.0121928,0.901231,-0.431537,-0.0375528
0.871767,-0.501926,0.422267;0.00608911,0.902339,-0.428006,-0.0505722
0.870058,-0.512037,0.424932;0.0261952,0.903019,-0.423867,-0.064863
0.867988,-0.521917,0.428079;0.04811,0.903116,-0.419049,-0.0804064
0.865512,-0.5313,0.431755;0.0718101,0.902461,-0.413477,-0.0971771
0.862589,-0.539916,0.436005;0.0972625,0.900874,-0.407072,-0.115142
0.85894,-0.547934,0.441205;0.126229,0.897942,-0.399248,-0.13553
0.854469,-0.554713,0.447456;0.158614,0.893221,-0.389813,-0.15825
0.849083,-0.559587,0.454845;0.194283,0.88622,-0.378565,-0.183182
0.843002,-0.561848,0.463041;0.231302,0.876896,-0.365912,-0.208952
0.836848,-0.561434,0.4712;0.266068,0.866156,-0.353084,-0.233052
0.830715,-0.558856,0.479212;0.298588,0.854291,-0.340221,-0.255502
0.825022,-0.554851,0.486553;0.327213,0.842323,-0.328173,-0.275184
0.819511,-0.549699,0.493574;0.353708,0.829908,-0.316384,-0.293334
0.81423,-0.543719,0.500228;0.378123,0.817269,-0.304952,-0.309997
0.809218,-0.537191,0.506476;0.400513,0.804615,-0.293961,-0.325224
0.804505,-0.530355,0.512293;0.420941,0.792134,-0.283488,-0.339068
0.799747,-0.522815,0.518105;0.441001,0.77896,-0.272767,-0.352616
0.795327,-0.515265,0.523453;0.459175,0.766195,-0.262659,-0.364848
0.790888,-0.50718,0.52877;0.477008,0.752858,-0.252355,-0.376809
0.786812,-0.499327,0.533605;0.493043,0.74014,-0.242744,-0.387526
0.782735,-0.491077,0.538392;0.508769,0.726959,-0.232982,-0.398001
0.778665,-0.482453,0.543122;0.524176,0.713323,-0.223073,-0.408226
0.774609,-0.473481,0.547784;0.539255,0.69924,-0.213025,-0.418196
0.77094,-0.465041,0.551954;0.552671,0.686057,-0.203775,-0.427032
0.767294,-0.456352,0.556052;0.565801,0.672519,-0.194419,-0.435648
0.763677,-0.447431,0.56007;0.578638,0.658633,-0.184962,-0.444038
0.760094,-0.438298,0.564;0.591175,0.644406,-0.17541,-0.452198
0.75655,-0.428969,0.567835;0.603407,0.629846,-0.165767,-0.460125
0.753051,-0.419463,0.571566;0.615327,0.61496,-0.156038,-0.467813
0.749646,-0.409927,0.57514;0.625439,0.599619,-0.144266,-0.477986
0.746509,-0.400879,0.578381;0.633967,0.584791,-0.132255,-0.488481
0.743419,-0.391717,0.581521;0.642148,0.569643,-0.120172,-0.49871
0.740379,-0.382452,0.584557;0.649978,0.554183,-0.108023,-0.508665
0.73739,-0.373094,0.587486;0.657453,0.53842,-0.0958152,-0.518342
0.734454,-0.363653,0.590305;0.664568,0.522363,-0.0835548,-0.527736
0.731575,-0.354137,0.593012;0.671319,0.506019,-0.0712487,-0.536841
0.728752,-0.344558,0.595604;0.677703,0.489399,-0.0589037,-0.545652
0.725989,-0.334924,0.598078;0.683717,0.472512,-0.0465264,-0.554165
0.723287,-0.325246,0.600432;0.689356,0.455365,-0.0341237,-0.562375
0.720649,-0.315534,0.602662;0.694619,0.43797,-0.0217023,-0.570277
0.718075,-0.305797,0.604766;0.699501,0.420335,-0.00926898,-0.577867
0.715569,-0.296045,0.606741;0.704001,0.40247,0.00316937,-0.585141
0.713132,-0.286288,0.608585;0.708116,0.384386,0.015606,-0.592095
0.710766,-0.276535,0.610294;0.711843,0.36609,0.0280341,-0.598725
0.708473,-0.266797,0.611867;0.715181,0.347595,0.0404468,-0.605028
0.706255,-0.257083,0.613299;0.718127,0.328909,0.0528374,-0.610999
0.703924,-0.246526,0.614699;0.720894,0.30832,0.0663212,-0.617132
0.701686,-0.236022,0.615926;0.723191,0.28753,0.0797619,-0.622864
0.699545,-0.225584,0.616976;0.725017,0.266553,0.0931506,-0.62819
0.697503,-0.215224,0.617846;0.726372,0.245402,0.106479,-0.633107
0.695563,-0.204956,0.618532;0.727253,0.224092,0.119738,-0.637611
0.693727,-0.194793,0.619031;0.727661,0.202636,0.132918,-0.641701
0.691998,-0.184746,0.619339;0.727596,0.181048,0.146013,-0.645373
0.690379,-0.17483,0.619452;0.727057,0.159342,0.159012,-0.648625
0.68875,-0.164248,0.61935;0.725938,0.13571,0.172977,-0.651671
0.687256,-0.153849,0.619012;0.724265,0.111975,0.186811,-0.654219
0.6859,-0.14365,0.618432;0.722039,0.0881543,0.200501,-0.656268
0.684685,-0.133667,0.617607;0.719261,0.0642663,0.214039,-0.657815
0.683538,-0.123176,0.616437;0.715655,0.0384863,0.228434,-0.658919
0.682562,-0.112973,0.614971;0.711415,0.0126722,0.242627,-0.659439
0.681762,-0.103081,0.613203;0.706544,-0.0131531,0.256605,-0.659375
0.681103,-0.092848,0.610967;0.700631,-0.0408095,0.271329,-0.658658
0.680656,-0.0830186,0.608371;0.694005,-0.0684244,0.285777,-0.657272
0.680416,-0.0730063,0.605197;0.68616,-0.0978029,0.300868,-0.655055
0.680428,-0.0635115,0.601597;0.677521,-0.127068,0.31561,-0.652081
0.680723,-0.0540239,0.597296;0.667483,-0.158001,0.330873,-0.648094
0.681316,-0.0451907,0.592495;0.656572,-0.188727,0.345704,-0.64326
0.682277,-0.0365913,0.586854;0.644086,-0.220991,0.360914,-0.637227
0.683588,-0.0288091,0.580628;0.630656,-0.252931,0.375596,-0.630259
0.685362,-0.0215286,0.573409;0.615478,-0.286243,0.390496,-0.621904
0.687483,-0.0154114,0.565732;0.599742,-0.318214,0.404386,-0.612798
0.69005,-0.0101802,0.557236;0.596408,-0.35571,0.396984,-0.600143
0.693,-0.00590691,0.54813;0.592101,-0.392626,0.388934,-0.586508
0.696107,-0.00267349,0.539034;0.587145,-0.426903,0.380749,-0.572752
0.699499,-0.000146105,0.529521;0.581335,-0.460559,0.372009,-0.558162
0.702928,0.00165223,0.52024;0.575093,-0.491623,0.363289,-0.543687
0.706563,0.00294914,0.510694;0.56811,-0.522053,0.3541,-0.528512
0.710381,0.00380471,0.500933;0.560394,-0.551811,0.344454,-0.512655
0.714106,0.00425943,0.491634;0.552504,-0.579063,0.335008,-0.497188
0.717954,0.00442862,0.482234;0.543988,-0.605658,0.325181,-0.481158
0.721906,0.00436179,0.472775;0.534855,-0.631567,0.314987,-0.464582
0.725942,0.00410847,0.463299;0.525116,-0.656761,0.304435,-0.44748
0.730045,0.00371818,0.453848;0.514781,-0.68121,0.293538,-0.429871
0.734196,0.00324045,0.444465;0.503864,-0.704887,0.282309,-0.411774
0.738376,0.00272481,0.435191;0.492375,-0.727765,0.27076,-0.393211
0.742567,0.00222077,0.426069;0.480328,-0.749818,0.258903,-0.374202
0.747027,0.00175172,0.416553;0.466879,-0.772404,0.245934,-0.353459
0.751456,0.00141233,0.407308;0.452827,-0.793994,0.232647,-0.33226
0.756101,0.00126102,0.39784;0.437258,-0.815811,0.218201,-0.309267
0.760657,0.00139604,0.388798;0.421052,-0.836441,0.203438,-0.285824
0.765354,0.00193119,0.379755;0.403225,-0.856956,0.187484,-0.26055
0.770136,0.00302655,0.370883;0.383695,-0.877093,0.170312,-0.23341
0.775165,0.00499023,0.361981;0.361299,-0.897492,0.150974,-0.202923
0.780092,0.0080389,0.353796;0.336976,-0.916725,0.130356,-0.170501
0.784999,0.0127027,0.346352;0.309507,-0.935155,0.107502,-0.13466
0.789678,0.0195596,0.340231;0.278739,-0.952058,0.0823949,-0.0953957
0.793465,0.0281563,0.33645;0.248258,-0.965256,0.0579875,-0.0573332
0.796257,0.038,0.334963;0.219523,-0.974714,0.0353697,-0.0221534
0.798091,0.0482098,0.335345;0.194057,-0.980829,0.0156233,0.00848892
0.799228,0.0587618,0.337095;0.174738,-0.984055,-0.000874748,0.0331839
0.799819,0.0692487,0.339791;0.196183,-0.980183,-0.0031441,0.0272703
0.800033,0.0796222,0.343135;0.215591,-0.976225,-0.00520577,0.0218821
0.799978,0.0895589,0.346829;0.23298,-0.972307,-0.0070594,0.0170246
0.799746,0.0988094,0.350626;0.24837,-0.968543,-0.00870505,0.0127018
0.799349,0.108401,0.354879;0.263692,-0.964515,-0.0103483,0.00837564
0.798799,0.118285,0.359564;0.278942,-0.960225,-0.0119888,0.00404716
0.798105,0.128409,0.364655;0.294116,-0.955672,-0.013626,-0.000282421
0.797388,0.137427,0.369422;0.307328,-0.951476,-0.0150555,-0.00407078
0.796575,0.146559,0.374463;0.320476,-0.947081,-0.0164819,-0.0078583
0.795672,0.15577,0.379762;0.333557,-0.942488,-0.0179048,-0.0116442
0.794686,0.165027,0.3853;0.346568,-0.937699,-0.019324,-0.0154276
0.793625,0.174298,0.391062;0.359507,-0.932714,-0.0207392,-0.0192078
0.792493,0.183547,0.397029;0.372371,-0.927535,-0.0221501,-0.0229841
0.791299,0.192743,0.403185;0.385158,-0.922162,-0.0235563,-0.0267555
0.790048,0.201852,0.409512;0.397864,-0.916597,-0.0249576,-0.0305213
0.788747,0.210839,0.415995;0.410487,-0.910841,-0.0263537,-0.0342808
0.787403,0.219672,0.422614;0.423025,-0.904894,-0.0277443,-0.0380332
0.786023,0.228317,0.429355;0.435474,-0.898759,-0.0291292,-0.0417776
0.784612,0.236742,0.436198;0.447832,-0.892437,-0.0305079,-0.0455132
0.783178,0.244911,0.443128;0.460097,-0.885929,-0.0318803,-0.0492394
0.781727,0.252792,0.450128;0.472266,-0.879235,-0.033246,-0.0529554
0.780265,0.260352,0.457179;0.484337,-0.872359,-0.0346048,-0.0566603
0.7788,0.267557,0.464266;0.496307,-0.8653,-0.0359564,-0.0603533
0.777129,0.275313,0.472386;0.509859,-0.857012,-0.0374919,-0.0645585
0.775472,0.282513,0.480504;0.523273,-0.848491,-0.0390172,-0.0687461
0.773838,0.289104,0.488594;0.536544,-0.839739,-0.0405318,-0.072915
0.772238,0.295039,0.496632;0.549669,-0.830757,-0.0420354,-0.077064
0.770489,0.300868,0.50558;0.564256,-0.820383,-0.0437132,-0.0817065
0.768809,0.305731,0.514392;0.578648,-0.809726,-0.045376,-0.0863208
0.76704,0.309915,0.52398;0.594405,-0.797558,-0.0472052,-0.0914129
0.765234,0.312922,0.534223;0.611445,-0.783781,-0.049194,-0.0969691
0.763601,0.314133,0.544083;0.62817,-0.7696,-0.0511575,-0.102475
0.762045,0.313251,0.554324;0.646047,-0.753678,-0.0532694,-0.108422
0.760757,0.309908,0.563945;0.663527,-0.737294,-0.0553486,-0.114302
0.759771,0.303935,0.572859;0.680601,-0.720459,-0.057394,-0.120112
0.759161,0.296006,0.580336;0.695886,-0.704638,-0.059238,-0.125373
0.758889,0.287678,0.585912;0.708126,-0.691424,-0.0607241,-0.12963
0.758836,0.277619,0.590961;0.720121,-0.677971,-0.0621892,-0.133842
0.758984,0.267165,0.594978;0.730575,-0.665816,-0.0634736,-0.137548
0.759273,0.256811,0.598107;0.73956,-0.655032,-0.0645833,-0.140759
0.759644,0.247011,0.600491;0.747138,-0.64568,-0.0655237,-0.143489
0.760134,0.236337,0.602586;0.754602,-0.636229,-0.0664541,-0.146196
0.760745,0.224766,0.604383;0.76195,-0.62668,-0.0673743,-0.148881
0.761352,0.214411,0.605646;0.768246,-0.618423,-0.0679499,-0.150778
0.762053,0.203337,0.606698;0.776011,-0.608727,-0.0674163,-0.150711
0.762723,0.193346,0.60743;0.782572,-0.60034,-0.0669505,-0.150635
0.763452,0.182914,0.608012;0.789043,-0.591886,-0.0664772,-0.150541
0.764238,0.172057,0.60845;0.795425,-0.583364,-0.0659964,-0.150431
0.765077,0.160795,0.608749;0.801717,-0.574776,-0.065508,-0.150304
0.765968,0.149145,0.608917;0.807917,-0.566123,-0.0650122,-0.15016
0.766746,0.139153,0.60896;0.813014,-0.558863,-0.0645934,-0.150026
0.767555,0.128914,0.608919;0.818047,-0.551559,-0.0641695,-0.149881
0.768394,0.118439,0.608798;0.823015,-0.544211,-0.0637405,-0.149724
0.76926,0.107738,0.608599;0.827919,-0.536821,-0.0633065,-0.149555
0.770153,0.096822,0.608327;0.832757,-0.529388,-0.0628675,-0.149375
0.771069,0.0857006,0.607986;0.837529,-0.521913,-0.0624236,-0.149182
0.772007,0.0743843,0.607577;0.842235,-0.514397,-0.0619747,-0.148978
0.772965,0.0628836,0.607106;0.846875,-0.50684,-0.0615209,-0.148762
0.773942,0.0512089,0.606576;0.851448,-0.499244,-0.0610623,-0.148535
0.774936,0.0393703,0.605989;0.855954,-0.491608,-0.0605989,-0.148295
0.775945,0.0273785,0.60535;0.860393,-0.483933,-0.0601307,-0.148044
0.776967,0.0152436,0.604662;0.864763,-0.476221,-0.0596577,-0.147782
0.778,0.00297609,0.603929;0.869066,-0.46847,-0.0591801,-0.147507
0.779043,-0.00941369,0.603154;0.873299,-0.460683,-0.0586977,-0.147221
0.779883,-0.0194066,0.602506;0.876637,-0.454427,-0.0583085,-0.146984
0.780727,-0.0294658,0.601835;0.87993,-0.448148,-0.0579164,-0.14674
0.781574,-0.0395861,0.601144;0.883179,-0.441846,-0.0575213,-0.146488
0.782423,-0.049762,0.600433;0.886383,-0.435522,-0.0571233,-0.146228
0.783274,-0.0599884,0.599704;0.889542,-0.429176,-0.0567225,-0.145961
0.784125,-0.0702599,0.598961;0.892657,-0.422809,-0.0563188,-0.145687
0.784975,-0.0805711,0.598203;0.895726,-0.41642,-0.0559122,-0.145406
0.785824,-0.0909169,0.597433;0.898751,-0.41001,-0.0555028,-0.145117
0.78667,-0.101292,0.596653;0.901729,-0.403579,-0.0550906,-0.144821
0.787514,-0.111691,0.595865;0.904663,-0.397128,-0.0546757,-0.144517
0.788352,-0.122108,0.59507;0.90755,-0.390657,-0.0542579,-0.144206
0.789186,-0.132539,0.59427;0.910392,-0.384166,-0.0538375,-0.143888
0.790013,-0.142977,0.593467;0.913188,-0.377656,-0.0534143,-0.143563
0.790834,-0.153419,0.592663;0.915938,-0.371127,-0.0529884,-0.143231
0.791646,-0.163857,0.59186;0.918641,-0.364579,-0.0525598,-0.142891
0.79245,-0.174288,0.591059;0.921299,-0.358012,-0.0521286,-0.142544
0.793244,-0.184705,0.590262;0.923909,-0.351428,-0.0516948,-0.142189
0.794027,-0.195104,0.589471;0.926473,-0.344826,-0.0512583,-0.141828
0.794799,-0.205479,0.588688;0.92899,-0.338206,-0.0508193,-0.14146
0.795558,-0.215825,0.587914;0.931461,-0.331569,-0.0503777,-0.141084
0.796303,-0.226136,0.587151;0.933884,-0.324916,-0.0499335,-0.140701
0.797034,-0.236408,0.586402;0.93626,-0.318246,-0.0494869,-0.140311
0.79775,-0.246635,0.585668;0.938589,-0.31156,-0.0490377,-0.139914
0.798449,-0.256811,0.58495;0.940871,-0.304858,-0.0485861,-0.13951
0.799132,-0.266931,0.584251;0.943105,-0.298141,-0.048132,-0.139099
0.799796,-0.276991,0.583572;0.945291,-0.291409,-0.0476754,-0.138681
0.800441,-0.286984,0.582916;0.94743,-0.284663,-0.0472165,-0.138256
0.801219,-0.299374,0.582129;0.950036,-0.276209,-0.0466395,-0.137715
0.801965,-0.311642,0.581382;0.952567,-0.267733,-0.0460588,-0.137162
0.802675,-0.323777,0.58068;0.955023,-0.259237,-0.0454745,-0.1366
0.80335,-0.335769,0.580026;0.957404,-0.25072,-0.0448865,-0.136026
0.803985,-0.347608,0.579424;0.959709,-0.242183,-0.0442951,-0.135441
0.804581,-0.359283,0.578876;0.961938,-0.233627,-0.0437001,-0.134846
0.805134,-0.370784,0.578387;0.964092,-0.225053,-0.0431017,-0.134241
0.805644,-0.382101,0.577959;0.966169,-0.216461,-0.0424999,-0.133624
0.806109,-0.393223,0.577597;0.968171,-0.207852,-0.0418948,-0.132997
0.806526,-0.404139,0.577304;0.970095,-0.199226,-0.0412863,-0.13236
0.806893,-0.414841,0.577083;0.971944,-0.190585,-0.0406746,-0.131712
0.80721,-0.425316,0.576938;0.973716,-0.181928,-0.0400597,-0.131054
0.807474,-0.435555,0.576873;0.975411,-0.173258,-0.0394416,-0.130386
0.807719,-0.447516,0.576904;0.977343,-0.162835,-0.0386958,-0.12957
0.807882,-0.459103,0.577061;0.979164,-0.152394,-0.0379456,-0.128739
0.80796,-0.4703,0.577349;0.980874,-0.141935,-0.0371911,-0.127894
0.80795,-0.481088,0.577775;0.982473,-0.131461,-0.0364324,-0.127034
0.80785,-0.491449,0.578344;0.98396,-0.120971,-0.0356695,-0.12616
0.807613,-0.502974,0.579199;0.985554,-0.108716,-0.0347744,-0.125122
0.807243,-0.513865,0.580266;0.986995,-0.0964437,-0.0338739,-0.124065
0.806735,-0.524095,0.581556;0.988284,-0.0841568,-0.0329682,-0.122989
0.805979,-0.534938,0.583317;0.989569,-0.0700988,-0.0319268,-0.121735
0.80503,-0.544837,0.585395;0.990655,-0.0560267,-0.030879,-0.120457
0.80372,-0.554792,0.588132;0.991638,-0.0401821,-0.0296928,-0.11899
0.801953,-0.564315,0.591691;0.992432,-0.0225652,-0.0283658,-0.117325
0.79938,-0.573492,0.596721;0.992972,-0.00141599,-0.0267618,-0.115278
0.796007,-0.580507,0.603157;0.993047,0.0214961,-0.0250103,-0.113001
0.791659,-0.584452,0.611305;0.992537,0.0461575,-0.0231092,-0.110481
0.786924,-0.584572,0.620068;0.991513,0.0690321,-0.0213311,-0.10808
0.781928,-0.58149,0.629233;0.990099,0.0901147,-0.0196797,-0.105813
0.777287,-0.576476,0.637696;0.988577,0.107653,-0.0182966,-0.103886
0.773253,-0.570804,0.645027;0.987134,0.121659,-0.017186,-0.102322
0.768924,-0.563609,0.652872;0.985493,0.135641,-0.0160719,-0.100737
0.764888,-0.55603,0.66017;0.983893,0.147852,-0.0150944,-0.0993328
0.761242,-0.54856,0.666754;0.9824,0.158301,-0.0142547,-0.0981173
0.757418,-0.54017,0.673648;0.980797,0.168732,-0.0134133,-0.0968907
0.754095,-0.532464,0.679635;0.979375,0.17741,-0.0127111,-0.09586
0.750645,-0.524096,0.685845;0.977876,0.186074,-0.0120078,-0.0948219
0.747067,-0.515057,0.692281;0.9763,0.194723,-0.0113035,-0.0937762
0.743358,-0.505337,0.698948;0.974647,0.203357,-0.0105984,-0.0927232
