0.802784,0.00429707,0.33406;0.867284,0.0171836,-0.134377,-0.479025
0.799552,0.0163117,0.33478;0.869377,0.00716193,-0.130809,-0.476467
0.796389,0.0280974,0.335464;0.871362,-0.0028606,-0.127225,-0.47385
0.793294,0.0396559,0.336114;0.873239,-0.0128828,-0.123625,-0.471174
0.790267,0.0509887,0.33673;0.875007,-0.0229033,-0.120009,-0.468439
0.787307,0.0620974,0.337311;0.876667,-0.0329211,-0.116379,-0.465647
0.784413,0.0729836,0.33786;0.878218,-0.0429347,-0.112734,-0.462796
0.781586,0.0836489,0.338375;0.87966,-0.052943,-0.109075,-0.459888
0.778823,0.0940948,0.338859;0.880993,-0.0629448,-0.105403,-0.456923
0.776126,0.104323,0.33931;0.882217,-0.0729387,-0.101718,-0.453902
0.773492,0.114335,0.33973;0.883331,-0.0829236,-0.0980198,-0.450824
0.770922,0.124132,0.340119;0.884336,-0.0928982,-0.0943096,-0.44769
0.767921,0.135608,0.340545;0.885396,-0.104852,-0.0898421,-0.443856
0.76501,0.14678,0.340928;0.886298,-0.116788,-0.0853584,-0.439943
0.762188,0.15765,0.341269;0.887042,-0.128702,-0.0808595,-0.435951
0.759453,0.168222,0.341569;0.887628,-0.140594,-0.0763462,-0.431881
0.756804,0.178498,0.341827;0.888055,-0.15246,-0.0718192,-0.427734
0.754242,0.188481,0.342046;0.888323,-0.1643,-0.0672794,-0.423511
0.751764,0.198174,0.342225;0.888432,-0.17611,-0.0627276,-0.419212
0.748978,0.209119,0.342386;0.88836,-0.189848,-0.057403,-0.414101
0.746305,0.219677,0.342496;0.888071,-0.20354,-0.0520645,-0.40889
0.743742,0.229852,0.342556;0.887566,-0.217182,-0.0467132,-0.40358
0.741288,0.239648,0.342567;0.886845,-0.230772,-0.0413507,-0.398172
0.738615,0.250386,0.342523;0.885757,-0.246234,-0.0352098,-0.391872
0.73608,0.260642,0.342419;0.884388,-0.261618,-0.0290577,-0.385448
0.73368,0.270422,0.342257;0.882737,-0.276919,-0.0228964,-0.378901
0.731139,0.280864,0.342008;0.880546,-0.294028,-0.0159564,-0.371393
0.728763,0.290722,0.341691;0.878,-0.311017,-0.00900989,-0.363735
0.726312,0.301001,0.341262;0.874758,-0.329748,-0.00128745,-0.355054
0.72384,0.311502,0.340701;0.87069,-0.350163,0.00720781,-0.345303
0.721406,0.322014,0.339989;0.865655,-0.372193,0.0164703,-0.334428
0.719067,0.332317,0.339106;0.859504,-0.395758,0.0264911,-0.322378
0.716883,0.342181,0.338035;0.852072,-0.420764,0.0372577,-0.309099
0.714798,0.351933,0.33667;0.842565,-0.44884,0.0495173,-0.293555
0.712778,0.361918,0.334777;0.829177,-0.483128,0.0647516,-0.273603
0.71107,0.371393,0.332048;0.809317,-0.52626,0.0843595,-0.24686
0.710396,0.379212,0.326302;0.764569,-0.602637,0.120492,-0.194283
0.713173,0.373487,0.319113;0.701103,-0.682398,0.16069,-0.130256
0.715999,0.36447,0.315206;0.661774,-0.721238,0.181505,-0.0944857
0.718708,0.354945,0.312273;0.629148,-0.748954,0.19703,-0.0664745
0.721261,0.34545,0.309931;0.600582,-0.77042,0.20954,-0.0429833
0.723756,0.335784,0.307929;0.573852,-0.788432,0.220444,-0.0217669
0.726257,0.325748,0.306149;0.547758,-0.80428,0.230417,-0.00169652
0.728719,0.315556,0.304591;0.522482,-0.818142,0.239501,0.017196
0.731106,0.30539,0.303245;0.498181,-0.830194,0.247742,0.0348884
0.733386,0.295407,0.302101;0.474998,-0.840607,0.255184,0.0513665
0.735702,0.284997,0.301077;0.486793,-0.833366,0.257954,0.0446608
0.737829,0.275193,0.300255;0.500606,-0.824918,0.259959,0.0364089
0.739975,0.265053,0.299538;0.514252,-0.816195,0.261876,0.0281448
0.742136,0.25459,0.298928;0.527726,-0.807199,0.263706,0.0198714
0.744306,0.243817,0.298429;0.541023,-0.797933,0.265448,0.0115913
0.746263,0.233865,0.298078;0.552837,-0.789366,0.266939,0.00413579
0.748218,0.223682,0.297821;0.5645,-0.780584,0.268359,-0.00332081
0.750168,0.213275,0.297662;0.576011,-0.771592,0.269706,-0.0107765
0.752109,0.202653,0.297602;0.587366,-0.76239,0.270979,-0.0182293
0.754038,0.191826,0.297644;0.598562,-0.752983,0.27218,-0.0256771
0.755949,0.180803,0.29779;0.609596,-0.743371,0.273306,-0.033118
0.757631,0.170846,0.298009;0.619265,-0.734658,0.274246,-0.0397247
0.759294,0.160748,0.298315;0.628802,-0.725788,0.275126,-0.0463229
0.760935,0.150514,0.298707;0.638204,-0.716763,0.275948,-0.0529111
0.762552,0.140151,0.299189;0.64747,-0.707584,0.276711,-0.0594881
0.76414,0.129666,0.299762;0.656597,-0.698254,0.277415,-0.0660523
0.765699,0.119063,0.300427;0.665584,-0.688775,0.278059,-0.0726024
0.767225,0.108351,0.301186;0.674428,-0.679148,0.278644,-0.0791369
0.768715,0.0975342,0.302041;0.683128,-0.669376,0.279169,-0.0856545
0.770166,0.08662,0.302993;0.691682,-0.659461,0.279634,-0.0921538
0.771576,0.0756146,0.304044;0.700088,-0.649404,0.28004,-0.0986334
0.772943,0.0645242,0.305196;0.708344,-0.639209,0.280386,-0.105092
0.774262,0.0533551,0.30645;0.716449,-0.628877,0.280671,-0.111528
0.775532,0.0421136,0.307808;0.7244,-0.61841,0.280897,-0.11794
0.7766,0.032223,0.309083;0.73123,-0.609144,0.281045,-0.12353
0.777627,0.022286,0.31044;0.737941,-0.599777,0.281147,-0.1291
0.778609,0.012307,0.31188;0.744531,-0.590312,0.281203,-0.134648
0.779546,0.00229006,0.313404;0.750999,-0.580751,0.281213,-0.140175
0.780436,-0.00776049,0.315014;0.757343,-0.571094,0.281177,-0.145678
0.781276,-0.0178404,0.31671;0.763564,-0.561344,0.281095,-0.151158
0.782065,-0.0279455,0.318493;0.76966,-0.551502,0.280967,-0.156613
0.782801,-0.0380716,0.320365;0.775629,-0.541569,0.280793,-0.162042
0.783482,-0.0482144,0.322326;0.781472,-0.531548,0.280573,-0.167445
0.784106,-0.0583696,0.324379;0.787186,-0.52144,0.280307,-0.17282
0.784672,-0.068533,0.326523;0.792772,-0.511246,0.279995,-0.178167
0.785177,-0.0787005,0.32876;0.798227,-0.500968,0.279637,-0.183485
0.78562,-0.0888678,0.331091;0.803552,-0.490609,0.279233,-0.188773
0.785999,-0.0990306,0.333518;0.808746,-0.480169,0.278783,-0.19403
0.786312,-0.109185,0.33604;0.813807,-0.469651,0.278288,-0.199255
0.786557,-0.119326,0.338661;0.818734,-0.459055,0.277748,-0.204447
0.786732,-0.12945,0.341379;0.823528,-0.448385,0.277162,-0.209606
0.786835,-0.139553,0.344198;0.828186,-0.437641,0.27653,-0.214731
0.786866,-0.14963,0.347117;0.832709,-0.426825,0.275853,-0.21982
0.786821,-0.159677,0.350137;0.837096,-0.415939,0.275131,-0.224874
0.786698,-0.16969,0.353261;0.841345,-0.404985,0.274364,-0.22989
0.786497,-0.179665,0.356489;0.845457,-0.393965,0.273552,-0.234869
0.786215,-0.189597,0.359822;0.84943,-0.382881,0.272695,-0.23981
0.785851,-0.199483,0.363261;0.853264,-0.371733,0.271793,-0.244711
0.785401,-0.209317,0.366807;0.856958,-0.360525,0.270847,-0.249572
0.784866,-0.219096,0.370462;0.860512,-0.349258,0.269857,-0.254392
0.784242,-0.228816,0.374227;0.863925,-0.337933,0.268822,-0.259171
0.783528,-0.238472,0.378102;0.867196,-0.326553,0.267744,-0.263907
0.782722,-0.248061,0.382089;0.870326,-0.31512,0.266621,-0.2686
0.781823,-0.257577,0.386188;0.873312,-0.303635,0.265455,-0.273249
0.780827,-0.267016,0.390402;0.876156,-0.2921,0.264245,-0.277853
0.779734,-0.276375,0.394731;0.878856,-0.280518,0.262992,-0.282412
0.778561,-0.285513,0.399109;0.87694,-0.288405,0.261607,-0.281711
0.777251,-0.294848,0.40374;0.870958,-0.311901,0.259957,-0.276717
0.775845,-0.304084,0.408481;0.86444,-0.335205,0.258146,-0.271553
0.774349,-0.313216,0.413327;0.85739,-0.358303,0.256177,-0.266222
0.772767,-0.322239,0.41827;0.849812,-0.381181,0.25405,-0.260727
0.771103,-0.331146,0.423303;0.841711,-0.403824,0.251767,-0.255072
0.769364,-0.339933,0.428422;0.833093,-0.426218,0.249329,-0.249259
0.767553,-0.348593,0.433618;0.823961,-0.44835,0.246737,-0.243293
0.765676,-0.357121,0.438886;0.814322,-0.470206,0.243994,-0.237178
0.763738,-0.365511,0.444219;0.804182,-0.491773,0.2411,-0.230916
0.761744,-0.373758,0.44961;0.793547,-0.513037,0.238058,-0.224512
0.75951,-0.382584,0.455551;0.781388,-0.535873,0.234572,-0.217369
0.757221,-0.391226,0.461545;0.768657,-0.558317,0.230914,-0.210066
0.754884,-0.399675,0.467584;0.755362,-0.580352,0.227088,-0.20261
0.752505,-0.407925,0.47366;0.741515,-0.601962,0.223094,-0.195005
0.75009,-0.415968,0.479764;0.727124,-0.62313,0.218938,-0.187257
0.747647,-0.423797,0.485888;0.712201,-0.643843,0.214621,-0.179372
0.745181,-0.431404,0.492024;0.696756,-0.664083,0.210147,-0.171356
0.742491,-0.439387,0.498673;0.679448,-0.685462,0.205127,-0.16253
0.73979,-0.447092,0.505316;0.661556,-0.70625,0.19993,-0.153564
0.737086,-0.45451,0.51194;0.643096,-0.726432,0.194561,-0.144467
0.734388,-0.461631,0.518536;0.624082,-0.745989,0.189025,-0.135245
0.731497,-0.468958,0.525595;0.603007,-0.766333,0.182881,-0.125184
0.728633,-0.475918,0.532595;0.58133,-0.785913,0.176556,-0.114998
0.725604,-0.482956,0.540014;0.557462,-0.806021,0.169583,-0.103958
0.722629,-0.489545,0.547334;0.532957,-0.825207,0.162416,-0.092799
0.719529,-0.496064,0.555013;0.506146,-0.84463,0.154567,-0.0807791
0.71652,-0.502038,0.562541;0.478676,-0.862954,0.146516,-0.068654
0.713439,-0.507771,0.57035;0.448807,-0.881191,0.137753,-0.0556734
0.710327,-0.513128,0.57838;0.416462,-0.899088,0.128255,-0.0418406
0.707078,-0.518189,0.586981;0.379722,-0.917235,0.117454,-0.0263909
0.703932,-0.522459,0.595607;0.340314,-0.93428,0.105856,-0.0101114
0.700841,-0.525861,0.604525;0.29628,-0.950543,0.092882,0.00774314
0.697846,-0.52804,0.613869;0.245549,-0.965845,0.0779167,0.0278989
0.695131,-0.528263,0.623568;0.185976,-0.979372,0.0603195,0.051032
0.693137,-0.525409,0.633001;0.117446,-0.989282,0.0400467,0.0769616
0.692431,-0.518853,0.640786;0.0461831,-0.99341,0.018933,0.10318
0.693034,-0.510176,0.645747;-0.0151453,-0.992022,0.000736675,0.125147
0.694465,-0.500702,0.648573;-0.0662112,-0.987397,-0.0144331,0.14302
0.696471,-0.490622,0.650013;-0.11098,-0.98073,-0.0277461,0.158373
0.698799,-0.480566,0.650425;-0.149429,-0.973028,-0.0391899,0.171321
0.701298,-0.470756,0.650129;-0.176779,-0.967447,-0.0512059,0.173703
0.70401,-0.460788,0.649304;-0.192078,-0.965791,-0.0658247,0.161309
0.706831,-0.450883,0.64809;-0.206098,-0.963744,-0.0792838,0.149781
0.709671,-0.441239,0.646613;-0.218856,-0.961432,-0.0915856,0.139146
0.712738,-0.431081,0.644799;-0.23152,-0.958705,-0.103848,0.128451
0.715715,-0.421421,0.642871;-0.242946,-0.955865,-0.114956,0.11868
0.718859,-0.411377,0.640687;-0.254284,-0.952683,-0.126024,0.108866
0.721825,-0.402024,0.638511;-0.264412,-0.949529,-0.135946,0.1
0.724912,-0.392388,0.636144;-0.274462,-0.946099,-0.145829,0.0911057
0.728112,-0.382483,0.633592;-0.284434,-0.942396,-0.15567,0.0821847
0.731419,-0.372323,0.630864;-0.294322,-0.93842,-0.165466,0.0732399
0.734443,-0.36309,0.628297;-0.303041,-0.934657,-0.174133,0.0652711
0.73754,-0.353676,0.625601;-0.31169,-0.93068,-0.18276,0.0572874
0.740706,-0.344091,0.622783;-0.320269,-0.926491,-0.191346,0.0492905
0.743935,-0.334344,0.619846;-0.328773,-0.922089,-0.199888,0.0412824
0.747222,-0.324446,0.616796;-0.337203,-0.917477,-0.208384,0.0332648
0.750563,-0.314406,0.613639;-0.345555,-0.912655,-0.216832,0.0252397
0.753952,-0.304234,0.61038;-0.353828,-0.907624,-0.225231,0.0172087
0.757384,-0.29394,0.607024;-0.362021,-0.902385,-0.233578,0.0091738
0.760419,-0.284839,0.604011;-0.369121,-0.897631,-0.240838,0.00214149
0.763479,-0.275659,0.600932;-0.376157,-0.892721,-0.248056,-0.0048912
0.766562,-0.266406,0.59779;-0.383127,-0.887654,-0.25523,-0.011923
0.769664,-0.257086,0.594588;-0.39003,-0.882431,-0.26236,-0.0189528
0.772782,-0.247705,0.59133;-0.396864,-0.877054,-0.269443,-0.0259792
0.775912,-0.238271,0.588019;-0.403629,-0.871524,-0.27648,-0.0330011
0.779051,-0.22879,0.584658;-0.410323,-0.86584,-0.283468,-0.0400172
0.782196,-0.219268,0.581252;-0.416946,-0.860005,-0.290406,-0.0470263
0.785343,-0.209712,0.577804;-0.423495,-0.85402,-0.297294,-0.0540271
0.788488,-0.200129,0.574317;-0.42997,-0.847884,-0.304129,-0.0610185
0.791629,-0.190524,0.570794;-0.43637,-0.841601,-0.310911,-0.0679992
0.794762,-0.180905,0.56724;-0.442693,-0.835169,-0.317639,-0.074968
0.797884,-0.171277,0.563658;-0.448939,-0.828592,-0.324311,-0.0819236
0.800991,-0.161648,0.560051;-0.455106,-0.821869,-0.330927,-0.0888649
0.80408,-0.152024,0.556423;-0.461194,-0.815003,-0.337484,-0.0957906
0.807147,-0.142411,0.552777;-0.4672,-0.807993,-0.343982,-0.1027
0.810189,-0.132817,0.549117;-0.473125,-0.800842,-0.35042,-0.109591
0.813203,-0.123246,0.545446;-0.478967,-0.793551,-0.356797,-0.116462
0.816186,-0.113707,0.541768;-0.484725,-0.786121,-0.363111,-0.123314
0.819133,-0.104205,0.538087;-0.490398,-0.778553,-0.369361,-0.130143
0.822042,-0.0947475,0.534405;-0.495985,-0.770849,-0.375547,-0.13695
0.824909,-0.0853403,0.530727;-0.501486,-0.763009,-0.381667,-0.143733
0.827731,-0.0759901,0.527055;-0.506898,-0.755036,-0.38772,-0.150491
0.830504,-0.0667034,0.523394;-0.512222,-0.746931,-0.393705,-0.157223
0.833225,-0.0574868,0.519746;-0.517456,-0.738695,-0.399621,-0.163927
0.835891,-0.0483468,0.516116;-0.522599,-0.730329,-0.405467,-0.170602
0.838498,-0.0392899,0.512507;-0.527651,-0.721836,-0.411243,-0.177247
0.841402,-0.0290492,0.508412;-0.533311,-0.711975,-0.417755,-0.184804
0.844219,-0.0189353,0.504355;-0.53885,-0.70195,-0.424171,-0.192318
0.846945,-0.00895792,0.500339;-0.544265,-0.691765,-0.43049,-0.199788
0.849574,0.000873297,0.496371;-0.549555,-0.681422,-0.436711,-0.207213
0.852103,0.0105486,0.492456;-0.55472,-0.670923,-0.442832,-0.21459
0.854525,0.0200582,0.488599;-0.559757,-0.66027,-0.448852,-0.221918
0.856835,0.0293925,0.484805;-0.564667,-0.649466,-0.454768,-0.229195
0.859029,0.0385417,0.48108;-0.569448,-0.638514,-0.460581,-0.23642
0.861351,0.0486011,0.476977;-0.57467,-0.626018,-0.466995,-0.244483
0.863513,0.0584002,0.472975;-0.579726,-0.613341,-0.473273,-0.252475
0.865506,0.067925,0.469081;-0.584614,-0.600486,-0.479414,-0.260395
0.867324,0.0771617,0.465302;-0.589333,-0.587457,-0.485416,-0.268239
0.86913,0.0870699,0.461249;-0.594375,-0.572782,-0.491921,-0.276863
0.8707,0.0965864,0.457357;-0.599206,-0.557901,-0.498249,-0.285388
0.872144,0.106579,0.453276;-0.604272,-0.541303,-0.505005,-0.294648
0.873277,0.11605,0.449417;-0.609076,-0.52447,-0.511542,-0.30378
0.874146,0.125756,0.445477;-0.614017,-0.505849,-0.518421,-0.313593
0.874633,0.135498,0.441545;-0.619013,-0.485382,-0.525571,-0.324041
0.874606,0.145043,0.437729;-0.623974,-0.463013,-0.532917,-0.335073
0.87384,0.154685,0.433931;-0.629109,-0.437053,-0.540855,-0.347394
0.87196,0.16395,0.430382;-0.64364,-0.417125,-0.54071,-0.345494
0.86807,0.172994,0.427078;-0.678225,-0.410147,-0.523215,-0.313108
0.861274,0.180248,0.424625;-0.71825,-0.400128,-0.49989,-0.272258
0.851915,0.183714,0.423623;-0.758104,-0.387623,-0.47266,-0.227199
0.841705,0.183308,0.423882;-0.792135,-0.374406,-0.445386,-0.184321
0.831744,0.180314,0.424821;-0.819785,-0.361425,-0.419675,-0.145597
0.822573,0.175873,0.426012;-0.841901,-0.349147,-0.39611,-0.111339
0.814071,0.170544,0.427259;-0.860193,-0.337326,-0.373979,-0.080114
0.805967,0.164468,0.428488;-0.875985,-0.325523,-0.352343,-0.0503884
0.798377,0.157911,0.429607;-0.8895,-0.313855,-0.331346,-0.0222328
0.790948,0.150654,0.430607;-0.901634,-0.3017,-0.309834,0.00595733
0.784192,0.143267,0.43137;-0.911776,-0.289832,-0.289148,0.0324815
0.777749,0.135419,0.431895;-0.920665,-0.277565,-0.268064,0.0589611
0.771701,0.127187,0.432118;-0.928287,-0.264916,-0.246611,0.0853595
0.76613,0.118647,0.431974;-0.934632,-0.251903,-0.224819,0.111641
0.761118,0.109877,0.431399;-0.939692,-0.238544,-0.202718,0.137768
0.756498,0.100393,0.430243;-0.943653,-0.223991,-0.178931,0.16532
0.7527,0.0908281,0.428451;-0.946148,-0.20909,-0.154866,0.192616
0.749823,0.0812753,0.425946;-0.947175,-0.193864,-0.130561,0.219612
0.747966,0.0718268,0.42265;-0.946732,-0.178338,-0.106053,0.246268
0.747227,0.062575,0.418486;-0.944818,-0.162535,-0.0813807,0.272541
0.747705,0.0536123,0.413377;-0.941438,-0.146479,-0.0565818,0.298391
0.749354,0.0455238,0.407637;-0.936921,-0.131159,-0.0331607,0.322298
0.752251,0.0378502,0.400926;-0.931116,-0.11566,-0.0096941,0.345762
0.756172,0.0311016,0.393697;-0.924511,-0.100984,0.0123186,0.367328
0.760946,0.0252491,0.386084;-0.917338,-0.0871758,0.0328509,0.387056
0.766391,0.0202466,0.378226;-0.909812,-0.0742715,0.0518861,0.405011
0.772321,0.0160348,0.370269;-0.902132,-0.0622999,0.0694156,0.421259
0.778551,0.0125448,0.362357;-0.894478,-0.0512832,0.0854375,0.435866
0.784895,0.00970155,0.354634;-0.887016,-0.041239,0.0999549,0.4489
0.791909,0.00719161,0.346389;-0.879077,-0.0311726,0.114419,0.461693
0.798811,0.00523315,0.33851;-0.871528,-0.0220984,0.127384,0.472995
