0.706529,-0.366661,0.645391;0.797903,-0.442252,0.22002,-0.34548
0.717131,-0.363233,0.639135;0.80074,-0.438398,0.221172,-0.343082
0.727564,-0.359827,0.632981;0.803553,-0.434532,0.222317,-0.340674
0.73783,-0.356443,0.62693;0.806343,-0.430653,0.223455,-0.338256
0.74793,-0.353081,0.620981;0.809108,-0.42676,0.224587,-0.335828
0.757866,-0.349742,0.615132;0.811849,-0.422855,0.225712,-0.33339
0.767638,-0.346425,0.609383;0.814565,-0.418938,0.226831,-0.330942
0.777246,-0.34313,0.603733;0.817258,-0.415007,0.227942,-0.328484
0.786694,-0.339857,0.598182;0.819925,-0.411065,0.229047,-0.326016
0.795981,-0.336605,0.592729;0.822568,-0.407109,0.230145,-0.323538
0.805108,-0.333376,0.587373;0.825187,-0.403142,0.231236,-0.32105
0.814077,-0.330169,0.582113;0.82778,-0.399163,0.23232,-0.318553
0.822889,-0.326983,0.57695;0.830349,-0.395172,0.233397,-0.316047
0.831545,-0.32382,0.571881;0.832893,-0.391168,0.234467,-0.31353
0.840046,-0.320677,0.566907;0.835412,-0.387153,0.23553,-0.311005
0.848393,-0.317557,0.562027;0.837906,-0.383127,0.236586,-0.30847
0.859285,-0.31343,0.555664;0.841193,-0.37774,0.237983,-0.305076
0.869907,-0.309341,0.549465;0.844434,-0.372334,0.239367,-0.301666
0.880264,-0.30529,0.543428;0.847631,-0.366907,0.240738,-0.298239
0.890356,-0.301277,0.537551;0.850782,-0.361461,0.242097,-0.294797
0.900187,-0.297301,0.531833;0.853888,-0.355996,0.243443,-0.291339
0.909759,-0.293363,0.526273;0.856948,-0.350512,0.244775,-0.287865
0.919076,-0.289463,0.520867;0.859963,-0.345009,0.246095,-0.284376
0.928139,-0.2856,0.515615;0.862932,-0.339488,0.247402,-0.280872
0.93695,-0.281774,0.510516;0.865855,-0.333948,0.248695,-0.277353
0.945514,-0.277985,0.505566;0.868732,-0.328391,0.249975,-0.273819
0.953832,-0.274233,0.500766;0.871562,-0.322816,0.251242,-0.270271
0.961907,-0.270518,0.496112;0.874346,-0.317224,0.252496,-0.266708
0.971663,-0.265925,0.4905;0.877761,-0.310211,0.254044,-0.262234
0.981048,-0.261389,0.485111;0.881102,-0.303171,0.25557,-0.257739
0.990067,-0.25691,0.479944;0.884371,-0.296107,0.257076,-0.253222
0.998726,-0.252487,0.474993;0.887565,-0.289017,0.25856,-0.248684
1.00703,-0.24812,0.470257;0.890686,-0.281904,0.260022,-0.244126
1.01498,-0.243808,0.465732;0.893732,-0.274767,0.261463,-0.239547
1.02407,-0.238708,0.460576;0.89729,-0.266173,0.263164,-0.234026
1.03267,-0.233687,0.455714;0.90074,-0.257547,0.264832,-0.228477
1.04079,-0.228745,0.451139;0.904081,-0.248889,0.26647,-0.222901
1.04844,-0.223881,0.446847;0.907315,-0.240202,0.268075,-0.217297
1.05678,-0.218305,0.442189;0.91095,-0.230031,0.269907,-0.210728
1.06451,-0.212835,0.437899;0.914436,-0.219823,0.271695,-0.204123
1.0726,-0.206711,0.433435;0.918238,-0.208112,0.273684,-0.196535
1.07993,-0.200722,0.429426;0.921844,-0.196356,0.275614,-0.188904
1.08729,-0.194145,0.425444;0.925666,-0.183082,0.277716,-0.180272
1.0944,-0.187034,0.421654;0.929619,-0.168275,0.279963,-0.170624
1.10096,-0.179449,0.418224;0.93361,-0.151922,0.282328,-0.159945
1.1067,-0.171455,0.415328;0.937535,-0.134013,0.284778,-0.148223
1.11158,-0.162492,0.413005;0.941546,-0.113039,0.287463,-0.134457
1.11493,-0.152721,0.411656;0.945377,-0.0889792,0.290302,-0.118617
1.11605,-0.14232,0.411676;0.948723,-0.061822,0.2932,-0.100678
1.11458,-0.132533,0.413178;0.951046,-0.0345982,0.295781,-0.0826296
1.11078,-0.123346,0.416012;0.952343,-0.00733702,0.298044,-0.0644922
1.10524,-0.115209,0.419774;0.952624,0.0184174,0.299885,-0.0472983
1.09896,-0.108455,0.423866;0.952111,0.041128,0.301271,-0.0320888
1.09203,-0.102505,0.428258;0.950988,0.0622971,0.30236,-0.0178714
1.08479,-0.0972798,0.432767;0.94939,0.081918,0.303195,-0.00465881
1.07713,-0.0925022,0.437462;0.947338,0.100826,0.303839,0.00810595
1.06899,-0.088032,0.442389;0.941813,0.122828,0.310733,0.0366921
1.06086,-0.0840583,0.447256;0.935426,0.143381,0.316829,0.0635513
1.05232,-0.0803117,0.452324;0.927896,0.163759,0.322539,0.0903327
1.04397,-0.0770061,0.457241;0.919807,0.182682,0.327534,0.115341
1.03532,-0.0739012,0.4623;0.91073,0.201409,0.332177,0.140225
1.02641,-0.0709976,0.467485;0.900675,0.21992,0.336464,0.164958
1.01787,-0.0684697,0.472423;0.890418,0.236983,0.340139,0.187884
1.00916,-0.066118,0.477441;0.879328,0.253826,0.343495,0.210633
1.00029,-0.063943,0.482527;0.867415,0.27043,0.346531,0.233186
0.991287,-0.0619452,0.487665;0.85469,0.286782,0.349242,0.25552
0.982184,-0.0601249,0.492844;0.841166,0.302866,0.351626,0.277616
0.973003,-0.0584828,0.498048;0.826856,0.318666,0.353682,0.299452
0.963768,-0.057019,0.503264;0.811771,0.334168,0.355406,0.321007
0.954506,-0.0557342,0.508479;0.795928,0.349357,0.356799,0.342262
0.945241,-0.0546288,0.513679;0.779339,0.36422,0.357857,0.363198
0.936,-0.0537032,0.518849;0.762022,0.378742,0.358581,0.383793
0.926807,-0.0529579,0.523976;0.743992,0.392909,0.358969,0.404029
0.917689,-0.0523933,0.529047;0.725266,0.40671,0.359021,0.423888
0.90867,-0.0520098,0.534047;0.705861,0.420129,0.358738,0.443349
0.899775,-0.0518079,0.538963;0.685796,0.433156,0.358119,0.462397
0.890413,-0.0517936,0.544121;0.663587,0.446663,0.357084,0.482324
0.881255,-0.0519888,0.54915;0.640665,0.45969,0.355665,0.501733
0.872332,-0.0523941,0.554033;0.617054,0.472224,0.353865,0.520603
0.863109,-0.0530586,0.559061;0.591141,0.485034,0.351526,0.540115
0.854226,-0.0539634,0.563883;0.564504,0.497252,0.348757,0.558967
0.845205,-0.0551888,0.568757;0.535449,0.509567,0.345349,0.578248
0.83617,-0.0567836,0.573612;0.50388,0.52184,0.341221,0.597794
0.827268,-0.0587999,0.578363;0.469712,0.533919,0.336291,0.617422
0.818672,-0.0612928,0.582913;0.432874,0.54564,0.330476,0.636933
0.81022,-0.0644755,0.587336;0.391399,0.557329,0.323351,0.656989
0.802013,-0.0686544,0.591556;0.343178,0.569048,0.31435,0.677937
0.794447,-0.0743428,0.595323;0.293477,0.586277,0.305582,0.690485
0.78855,-0.0819986,0.598023;0.282464,0.636454,0.311504,0.646611
0.785269,-0.0916488,0.59903;0.268291,0.690202,0.316516,0.592839
0.785014,-0.101761,0.598093;0.252507,0.739805,0.319627,0.535507
0.786999,-0.111505,0.595601;0.235769,0.783623,0.32081,0.476896
0.790416,-0.120437,0.591954;0.218304,0.821824,0.320233,0.417612
0.794727,-0.128443,0.587329;0.199686,0.855686,0.317966,0.356124
0.799516,-0.135289,0.581773;0.179342,0.88593,0.313859,0.290615
0.804553,-0.140687,0.574874;0.155164,0.914066,0.307099,0.214704
0.808851,-0.142976,0.566227;0.124695,0.939147,0.296079,0.121623
0.809663,-0.139091,0.557211;0.0906264,0.955235,0.280877,0.0205232
0.80668,-0.131258,0.551212;0.0649358,0.959831,0.267598,-0.0538395
0.802352,-0.12296,0.547527;0.046775,0.959409,0.257327,-0.105493
0.797174,-0.114187,0.544877;0.0316607,0.956815,0.248238,-0.147923
0.791884,-0.105825,0.543041;0.00163984,0.960035,0.223822,-0.168028
0.786212,-0.0971826,0.541582;-0.0264622,0.961539,0.200522,-0.185833
0.780602,-0.0888123,0.540457;-0.0514066,0.961542,0.179532,-0.201404
0.774923,-0.0804391,0.539543;-0.0747316,0.960404,0.15964,-0.215763
0.768897,-0.071613,0.538757;-0.0979709,0.958165,0.139565,-0.229875
0.76301,-0.0630156,0.538132;-0.11956,0.955084,0.120683,-0.242808
0.757359,-0.0547615,0.537641;-0.1395,0.951368,0.103042,-0.254601
0.751569,-0.0462835,0.537231;-0.159321,0.946832,0.0853121,-0.266174
0.745678,-0.0376175,0.536898;-0.179004,0.94148,0.0675086,-0.277517
0.739723,-0.0287996,0.536637;-0.198533,0.935317,0.0496468,-0.288622
0.733743,-0.0198656,0.536444;-0.21789,0.928348,0.0317423,-0.299478
0.727775,-0.0108516,0.536313;-0.23706,0.920579,0.0138105,-0.310075
0.721856,-0.00179353,0.53624;-0.256026,0.912016,-0.00413331,-0.320406
0.716025,0.0072727,0.536221;-0.274771,0.902668,-0.0220735,-0.33046
0.71032,0.0163111,0.53625;-0.293279,0.892542,-0.0399947,-0.34023
0.704777,0.0252857,0.536324;-0.311535,0.881647,-0.0578814,-0.349707
0.699436,0.0341606,0.536438;-0.329522,0.869992,-0.0757182,-0.358882
0.694333,0.0428997,0.536586;-0.347225,0.857587,-0.0934898,-0.367748
0.689147,0.0521181,0.53678;-0.365955,0.843402,-0.112538,-0.376941
0.684329,0.0610925,0.537004;-0.384319,0.828375,-0.131474,-0.385758
0.679628,0.0703861,0.537269;-0.403568,0.811355,-0.151615,-0.394776
0.675204,0.0798715,0.537575;-0.42359,0.792176,-0.172908,-0.403896
0.671248,0.0893923,0.537915;-0.444256,0.770665,-0.195283,-0.413008
0.667836,0.0992567,0.538301;-0.466578,0.745282,-0.219949,-0.422472
0.665442,0.109075,0.53872;-0.490249,0.715632,-0.246738,-0.432026
0.664691,0.119075,0.539179;-0.516987,0.678243,-0.277902,-0.442132
0.667466,0.12881,0.539657;-0.548797,0.627249,-0.316486,-0.453009
0.675598,0.134823,0.539957;-0.579454,0.569487,-0.355667,-0.461973
0.685829,0.136021,0.539992;-0.600602,0.523033,-0.384227,-0.466994
0.696277,0.134735,0.539878;-0.615465,0.486064,-0.4053,-0.469762
0.706351,0.132228,0.539687;-0.626453,0.455772,-0.421566,-0.471286
0.716257,0.128978,0.539444;-0.6379,0.433925,-0.428189,-0.470582
0.726336,0.125112,0.539161;-0.656154,0.427814,-0.412687,-0.464894
0.736378,0.120857,0.538859;-0.672517,0.421971,-0.398243,-0.459418
0.746124,0.116437,0.538559;-0.687076,0.41646,-0.384926,-0.454223
0.755357,0.112037,0.538275;-0.699918,0.411342,-0.372793,-0.449375
0.764995,0.107262,0.537984;-0.712506,0.406075,-0.360525,-0.444364
0.775005,0.102135,0.53769;-0.724837,0.400661,-0.348127,-0.439192
0.784188,0.0973023,0.537432;-0.735577,0.395727,-0.337,-0.434462
0.793617,0.0922273,0.537181;-0.746108,0.390679,-0.325777,-0.429607
0.803267,0.0869266,0.536941;-0.756425,0.38552,-0.314461,-0.42463
0.813116,0.0814169,0.536716;-0.766525,0.380251,-0.303055,-0.419531
0.821879,0.0764376,0.536535;-0.775184,0.375551,-0.293004,-0.414971
0.830761,0.071322,0.53637;-0.783672,0.370769,-0.282888,-0.41032
0.839748,0.0660815,0.536226;-0.79199,0.365906,-0.272711,-0.405579
0.848823,0.0607271,0.536104;-0.800133,0.360962,-0.262474,-0.40075
0.85797,0.0552701,0.536007;-0.808102,0.35594,-0.252179,-0.395832
0.867176,0.0497214,0.535938;-0.815894,0.35084,-0.241829,-0.390829
0.876424,0.0440923,0.5359;-0.823507,0.345663,-0.231427,-0.385739
0.885699,0.038394,0.535895;-0.83094,0.34041,-0.220973,-0.380566
0.894985,0.0326375,0.535926;-0.838191,0.335083,-0.210472,-0.375309
0.904267,0.026834,0.535995;-0.845259,0.329682,-0.199924,-0.369969
0.91353,0.0209947,0.536106;-0.852142,0.32421,-0.189332,-0.364549
0.922758,0.0151307,0.53626;-0.858838,0.318666,-0.178699,-0.359049
0.931936,0.00925311,0.536461;-0.865346,0.313053,-0.168027,-0.353471
0.941049,0.00337314,0.536712;-0.871665,0.307371,-0.157318,-0.347815
0.950081,-0.00249809,0.537014;-0.877793,0.301621,-0.146575,-0.342083
0.959016,-0.00834944,0.537371;-0.883728,0.295806,-0.135799,-0.336276
0.96784,-0.0141698,0.537785;-0.889471,0.289926,-0.124994,-0.330395
0.976536,-0.0199479,0.538259;-0.895019,0.283983,-0.114162,-0.324442
0.98509,-0.0256728,0.538796;-0.90037,0.277977,-0.103304,-0.318418
0.993486,-0.0313331,0.539397;-0.905525,0.271911,-0.0924241,-0.312325
1.00287,-0.0377089,0.540169;-0.911173,0.264905,-0.0799651,-0.305277
1.012,-0.0439693,0.541033;-0.916561,0.257823,-0.0674832,-0.298142
1.02086,-0.0500976,0.541994;-0.921687,0.250668,-0.054982,-0.290922
1.02943,-0.0560773,0.543055;-0.926549,0.243441,-0.0424651,-0.283618
1.03767,-0.0618917,0.544222;-0.931147,0.236144,-0.0299361,-0.276234
1.04654,-0.0682146,0.545664;-0.936001,0.227855,-0.0158309,-0.267832
1.05495,-0.0742835,0.547249;-0.940516,0.219484,-0.00171994,-0.259333
1.0637,-0.0807001,0.549186;-0.945134,0.210089,0.0139594,-0.24978
1.07179,-0.0867415,0.551314;-0.949329,0.2006,0.0296325,-0.240116
1.07988,-0.0929148,0.553886;-0.953454,0.190059,0.0468574,-0.229361
1.08766,-0.0990357,0.556979;-0.957367,0.178443,0.0656189,-0.217488
1.09527,-0.105295,0.560984;-0.961153,0.164746,0.0874532,-0.203459
1.10186,-0.111176,0.566111;-0.964449,0.148917,0.112312,-0.187208
1.10669,-0.116424,0.573389;-0.967019,0.128893,0.143201,-0.166597
1.10712,-0.119253,0.583031;-0.967838,0.105583,0.178404,-0.142528
1.10297,-0.118736,0.592087;-0.96679,0.0861365,0.207171,-0.122388
1.0966,-0.116347,0.59997;-0.964861,0.0706842,0.229647,-0.106347
1.08942,-0.113096,0.606763;-0.962619,0.0582705,0.247464,-0.093437
1.08197,-0.109433,0.612764;-0.960278,0.0478968,0.262189,-0.0826322
1.07408,-0.105366,0.618437;-0.957805,0.038542,0.275343,-0.0728761
1.06609,-0.101119,0.6237;-0.955315,0.0302149,0.286951,-0.0641818
1.05834,-0.0969008,0.628479;-0.952913,0.0229214,0.297041,-0.0565591
1.04985,-0.0922028,0.633422;-0.950301,0.015623,0.307066,-0.0489241
1.04199,-0.0877855,0.637793;-0.947898,0.0093644,0.315606,-0.0423712
1.03356,-0.0830002,0.642289;-0.945342,0.00310429,0.324094,-0.0358115
