0.991496,0.200565,0.551987;-0.0512276,0.8951,0.271057,-0.350286
0.98643,0.190999,0.550917;-0.0577142,0.896529,0.266123,-0.349403
0.98145,0.181575,0.54986;-0.0641968,0.897897,0.261171,-0.348497
0.976557,0.172293,0.548815;-0.0706749,0.899202,0.2562,-0.347566
0.97175,0.163151,0.547785;-0.0771482,0.900445,0.251211,-0.346611
0.967027,0.154148,0.546767;-0.0836161,0.901626,0.246206,-0.345632
0.962389,0.145284,0.545762;-0.0900782,0.902745,0.241183,-0.344629
0.956708,0.134397,0.544525;-0.098147,0.904055,0.234881,-0.343342
0.951158,0.123723,0.543308;-0.106205,0.905267,0.228553,-0.342017
0.945735,0.113262,0.542112;-0.114252,0.906381,0.222201,-0.340656
0.94044,0.10301,0.540936;-0.122286,0.907397,0.215825,-0.339258
0.935271,0.092966,0.53978;-0.130307,0.908315,0.209425,-0.337823
0.930227,0.0831286,0.538644;-0.138314,0.909135,0.203003,-0.336351
0.925306,0.073496,0.537529;-0.146306,0.909857,0.196558,-0.334843
0.920507,0.0640662,0.536433;-0.154283,0.91048,0.190093,-0.333299
0.915829,0.0548376,0.535358;-0.162242,0.911004,0.183607,-0.331719
0.911272,0.0458084,0.534302;-0.170184,0.91143,0.177101,-0.330103
0.905959,0.0352342,0.533062;-0.17969,0.911811,0.169269,-0.328117
0.900815,0.0249416,0.531851;-0.189168,0.91205,0.16141,-0.326079
0.895837,0.0149277,0.530668;-0.198617,0.912146,0.153526,-0.323991
0.891024,0.00518936,0.529513;-0.208034,0.912101,0.145618,-0.321852
0.886373,-0.00427637,0.528387;-0.217419,0.911914,0.137688,-0.319663
0.881883,-0.0134725,0.527289;-0.226771,0.911584,0.129736,-0.317424
0.876843,-0.0238647,0.526043;-0.237636,0.91102,0.120433,-0.31475
0.872016,-0.0338987,0.524836;-0.248451,0.910263,0.111105,-0.312009
0.867397,-0.0435796,0.523666;-0.259213,0.909313,0.101753,-0.309202
0.862984,-0.0529119,0.522535;-0.26992,0.90817,0.0923798,-0.306329
0.858187,-0.0631569,0.521288;-0.282086,0.906627,0.0816435,-0.302966
0.853648,-0.0729601,0.52009;-0.294174,0.904834,0.0708846,-0.29952
0.849364,-0.0823288,0.51894;-0.306181,0.90279,0.060106,-0.29599
0.84484,-0.0923579,0.517706;-0.319587,0.900192,0.0479604,-0.291921
0.840625,-0.101856,0.516532;-0.332881,0.897278,0.035798,-0.28775
0.836293,-0.1118,0.515299;-0.347515,0.893672,0.0222696,-0.282997
0.832322,-0.121114,0.514141;-0.361999,0.889679,0.00873164,-0.278122
0.82836,-0.130651,0.512953;-0.37775,0.884842,-0.00616428,-0.27262
0.824507,-0.140227,0.511758;-0.394707,0.879037,-0.0224104,-0.266456
0.820867,-0.149656,0.510583;-0.412799,0.87213,-0.0399943,-0.25959
0.81733,-0.159351,0.50938;-0.433299,0.863368,-0.0602463,-0.251433
0.81414,-0.168863,0.508212;-0.45602,0.852422,-0.0831266,-0.241892
0.811333,-0.178545,0.507053;-0.483298,0.837431,-0.111244,-0.229691
0.809354,-0.188385,0.505962;-0.51944,0.814107,-0.149712,-0.212125
0.811779,-0.1972,0.50561;-0.593397,0.751215,-0.233749,-0.170051
0.820188,-0.192125,0.507662;-0.650279,0.683477,-0.305177,-0.129862
0.82684,-0.184881,0.509791;-0.678469,0.640431,-0.3439,-0.106114
0.833038,-0.176966,0.512061;-0.708579,0.600547,-0.361404,-0.0815244
0.838786,-0.168884,0.514393;-0.752263,0.558856,-0.345426,-0.0496117
0.844205,-0.160685,0.516774;-0.788543,0.518831,-0.329531,-0.0205731
0.849383,-0.152361,0.519206;-0.819401,0.479796,-0.313586,0.0064677
0.85445,-0.143753,0.521736;-0.846398,0.440694,-0.29723,0.0324485
0.859362,-0.134973,0.524332;-0.869768,0.401828,-0.280632,0.0572934
0.864078,-0.126116,0.526965;-0.889758,0.363468,-0.263948,0.0809455
0.86857,-0.11727,0.529612;-0.906624,0.325853,-0.247321,0.103365
0.872816,-0.108509,0.532248;-0.920628,0.289193,-0.230876,0.124527
0.876997,-0.0994634,0.534985;-0.932553,0.25188,-0.21391,0.145408
0.880897,-0.0906064,0.537681;-0.941952,0.215814,-0.197303,0.16499
0.884698,-0.0815341,0.54046;-0.949422,0.179306,-0.180291,0.184234
0.888379,-0.0722674,0.543316;-0.954947,0.14243,-0.16291,0.203101
0.891921,-0.0628271,0.546245;-0.958516,0.105263,-0.145195,0.221551
0.895138,-0.0537169,0.54909;-0.960088,0.0697526,-0.12809,0.23866
0.898195,-0.0444868,0.551992;-0.959885,0.0341137,-0.110748,0.255327
0.901073,-0.0351545,0.554947;-0.957908,-0.00158829,-0.0932016,0.271522
0.903756,-0.0257379,0.557951;-0.954159,-0.0372873,-0.0754827,0.287215
0.906226,-0.0162549,0.561;-0.948647,-0.0729174,-0.0576243,0.302377
0.908467,-0.00672336,0.564089;-0.941381,-0.108413,-0.0396593,0.31698
0.910462,0.00283888,0.567214;-0.932374,-0.143708,-0.0216209,0.330997
0.912193,0.012414,0.570372;-0.921644,-0.178737,-0.00354266,0.344403
0.913643,0.021984,0.573558;-0.90921,-0.213436,0.0145422,0.357171
0.914796,0.0315311,0.576768;-0.895095,-0.24774,0.0326001,0.369279
0.915634,0.0410375,0.579998;-0.879325,-0.281586,0.0505978,0.380705
0.916139,0.0504852,0.583243;-0.86193,-0.314912,0.0685019,0.391427
0.916294,0.0603472,0.586672;-0.841898,-0.349361,0.087211,0.40193
0.916042,0.0701036,0.590109;-0.820142,-0.383095,0.105741,0.411611
0.915363,0.0797336,0.593549;-0.796706,-0.416044,0.124055,0.420448
0.914238,0.0892163,0.596988;-0.771638,-0.448141,0.142115,0.428425
0.912646,0.0985309,0.60042;-0.744989,-0.47932,0.159883,0.435523
0.910522,0.10784,0.603911;-0.745386,-0.480716,0.168056,0.430197
0.907854,0.117101,0.607456;-0.766131,-0.460031,0.169143,0.415698
0.904724,0.126098,0.610987;-0.786057,-0.438855,0.170048,0.400754
0.901179,0.134801,0.614505;-0.805143,-0.417209,0.170772,0.385382
0.896974,0.143762,0.61826;-0.824635,-0.393522,0.171345,0.368454
0.892404,0.15231,0.622;-0.843115,-0.369352,0.171707,0.351074
0.887528,0.160406,0.625727;-0.860559,-0.344729,0.171859,0.333263
0.882054,0.1685,0.629687;-0.878002,-0.317998,0.171788,0.313814
0.876367,0.17599,0.633633;-0.894217,-0.290823,0.171477,0.293927
0.87017,0.183232,0.637809;-0.910077,-0.261506,0.170884,0.272347
0.863525,0.190036,0.642215;-0.925305,-0.230015,0.169963,0.249031
0.856529,0.19618,0.646849;-0.939604,-0.196334,0.168664,0.223942
0.849309,0.201413,0.651707;-0.952655,-0.160465,0.166938,0.197057
0.841701,0.205597,0.657032;-0.964608,-0.120607,0.164619,0.16699
0.833703,0.208203,0.663058;-0.975098,-0.0749327,0.161457,0.132291
0.826137,0.208253,0.66954;-0.982691,-0.0253225,0.157423,0.0943135
0.819626,0.204857,0.676475;-0.986493,0.0280694,0.152393,0.053109
0.815425,0.198244,0.682909;-0.985963,0.0776684,0.147082,0.0145232
0.813521,0.189813,0.688376;-0.982419,0.119683,0.142095,-0.0183977
0.813269,0.180801,0.692882;-0.977351,0.154136,0.137665,-0.0455574
0.814158,0.171099,0.696909;-0.971184,0.184707,0.133471,-0.0697836
0.815887,0.161207,0.700457;-0.964471,0.211441,0.129596,-0.0910696
0.818148,0.151592,0.70353;-0.957694,0.234401,0.126108,-0.109428
0.820899,0.141836,0.706364;-0.950655,0.255404,0.122786,-0.126285
0.824088,0.131885,0.709025;-0.950699,0.251259,0.121615,-0.135093
0.82752,0.122114,0.711455;-0.956955,0.224986,0.122372,-0.136538
0.831094,0.112577,0.713682;-0.962109,0.200588,0.122991,-0.137784
0.834691,0.103429,0.715701;-0.966305,0.178113,0.123491,-0.13885
0.838575,0.0939184,0.717693;-0.969996,0.155544,0.123927,-0.139844
0.842727,0.0840728,0.719649;-0.973178,0.132894,0.124297,-0.140764
0.846719,0.0748534,0.721392;-0.975628,0.112243,0.124577,-0.141537
0.850903,0.0653982,0.723094;-0.977655,0.0915423,0.124804,-0.142248
0.855265,0.0557269,0.724752;-0.979259,0.0708023,0.124976,-0.142898
0.85979,0.0458594,0.726359;-0.980439,0.0500316,0.125094,-0.143486
0.863991,0.036827,0.727758;-0.981137,0.0313192,0.125154,-0.143962
0.868303,0.027666,0.729108;-0.981492,0.0125958,0.12517,-0.144387
0.872715,0.0183908,0.730406;-0.981502,-0.006132,0.125142,-0.144762
0.877217,0.00901564,0.731647;-0.981168,-0.0248577,0.12507,-0.145086
0.881799,-0.000445011,0.732828;-0.980489,-0.0435746,0.124955,-0.145359
0.88645,-0.00997678,0.733945;-0.979466,-0.0622762,0.124795,-0.145581
0.89116,-0.0195653,0.734994;-0.9781,-0.080956,0.124592,-0.145751
0.895919,-0.0291962,0.735972;-0.97639,-0.0996074,0.124345,-0.145871
0.900716,-0.038855,0.736874;-0.974338,-0.118224,0.124054,-0.14594
0.905541,-0.0485274,0.737696;-0.971944,-0.136799,0.12372,-0.145957
0.910383,-0.0581991,0.738436;-0.969209,-0.155326,0.123343,-0.145923
0.915233,-0.0678556,0.739088;-0.966134,-0.173798,0.122922,-0.145838
0.920079,-0.0774825,0.73965;-0.96272,-0.19221,0.122458,-0.145702
0.924912,-0.0870655,0.740117;-0.958968,-0.210554,0.121951,-0.145515
0.929722,-0.0965902,0.740486;-0.95488,-0.228824,0.121401,-0.145276
0.934497,-0.106042,0.740753;-0.950457,-0.247014,0.120809,-0.144987
0.939227,-0.115407,0.740914;-0.9457,-0.265117,0.120174,-0.144647
0.943903,-0.124671,0.740965;-0.940611,-0.283127,0.119497,-0.144256
0.948513,-0.133818,0.740902;-0.935193,-0.301038,0.118778,-0.143814
0.953048,-0.142835,0.740722;-0.929446,-0.318843,0.118018,-0.143322
0.957985,-0.152685,0.74038;-0.922678,-0.338495,0.117124,-0.142717
0.962802,-0.162335,0.739883;-0.915511,-0.358001,0.11618,-0.142049
0.967485,-0.171768,0.739225;-0.907947,-0.377351,0.115186,-0.14132
0.972019,-0.180963,0.738403;-0.899989,-0.396538,0.114141,-0.14053
0.976818,-0.19078,0.7373;-0.890786,-0.417445,0.112935,-0.13959
0.981401,-0.200259,0.735985;-0.881116,-0.438133,0.11167,-0.138577
0.985748,-0.209373,0.734449;-0.870984,-0.458592,0.110346,-0.137492
0.990202,-0.218871,0.732514;-0.859411,-0.480635,0.108836,-0.136226
0.994328,-0.22787,0.7303;-0.847301,-0.502379,0.107258,-0.134875
0.998402,-0.237016,0.727575;-0.833586,-0.525581,0.105473,-0.133316
1.00229,-0.246118,0.724249;-0.818135,-0.550137,0.103465,-0.131528
1.00585,-0.254947,0.720218;-0.800809,-0.575929,0.101215,-0.129489
1.00888,-0.263241,0.715366;-0.781468,-0.60282,0.0987073,-0.127175
1.0113,-0.271086,0.709202;-0.758674,-0.632272,0.0957551,-0.124403
1.01264,-0.277821,0.701438;-0.732101,-0.663954,0.0923175,-0.121118
1.01242,-0.282483,0.692207;-0.702835,-0.695982,0.0885359,-0.117444
1.01052,-0.284463,0.682344;-0.673714,-0.725249,0.0847771,-0.113735
1.00732,-0.28406,0.672538;-0.646506,-0.750517,0.0812684,-0.110229
1.00337,-0.281967,0.663376;-0.632928,-0.76362,0.0765739,-0.102095
0.998823,-0.278653,0.65449;-0.647453,-0.754646,0.0681426,-0.0816818
0.994244,-0.274792,0.646464;-0.659501,-0.746485,0.0608733,-0.0641334
0.989084,-0.270036,0.638086;-0.671172,-0.737897,0.0535691,-0.0465483
0.983883,-0.264933,0.63012;-0.681533,-0.729653,0.0468465,-0.030405
0.978795,-0.259706,0.622657;-0.690668,-0.721854,0.0407155,-0.0157164
0.973391,-0.253949,0.615;-0.699528,-0.713768,0.0345682,-0.00102147
0.968279,-0.248336,0.607954;-0.707265,-0.706248,0.0290239,0.0122044
0.962953,-0.242335,0.600774;-0.714773,-0.6985,0.0234702,0.0254264
0.957431,-0.235965,0.593469;-0.722051,-0.690527,0.017909,0.0386402
0.952373,-0.23001,0.586882;-0.728326,-0.683254,0.0129607,0.0503755
0.94719,-0.223793,0.580213;-0.734415,-0.675806,0.00800921,0.062098
0.941895,-0.217329,0.573469;-0.740317,-0.668187,0.00305565,0.0738046
0.936501,-0.21063,0.56666;-0.746031,-0.660397,-0.00189869,0.0854925
0.931022,-0.203712,0.559792;-0.751555,-0.65244,-0.00685255,0.0971586
0.925471,-0.196588,0.552873;-0.756888,-0.644316,-0.0118047,0.1088
0.920566,-0.190196,0.546784;-0.761396,-0.637074,-0.0161353,0.118964
0.915625,-0.183666,0.540666;-0.765756,-0.629707,-0.0204629,0.129104
0.910659,-0.177008,0.534525;-0.769967,-0.622217,-0.0247864,0.139219
0.905675,-0.170231,0.528367;-0.774028,-0.614607,-0.0291051,0.149307
0.900683,-0.163344,0.522196;-0.777938,-0.606876,-0.0334182,0.159367
0.895692,-0.156356,0.516018;-0.781696,-0.599028,-0.0377247,0.169395
0.890711,-0.149278,0.509837;-0.785302,-0.591062,-0.0420239,0.17939
0.885749,-0.142117,0.503659;-0.788755,-0.582982,-0.0463149,0.18935
0.880815,-0.134883,0.497489;-0.792054,-0.574787,-0.0505969,0.199273
0.875918,-0.127587,0.491331;-0.795199,-0.566481,-0.054869,0.209157
0.871068,-0.120236,0.485192;-0.798189,-0.558065,-0.0591304,0.219001
0.866274,-0.11284,0.479077;-0.801024,-0.549539,-0.0633803,0.228802
0.861544,-0.105409,0.472989;-0.803702,-0.540907,-0.0676179,0.238558
0.856887,-0.0979523,0.466936;-0.806224,-0.532169,-0.0718423,0.248268
0.852313,-0.0904786,0.46092;-0.808589,-0.523328,-0.0760527,0.257929
0.847831,-0.0829973,0.454949;-0.810796,-0.514385,-0.0802482,0.267541
0.84345,-0.0755179,0.449026;-0.812846,-0.505341,-0.0844282,0.2771
0.839179,-0.0680496,0.443158;-0.814737,-0.496199,-0.0885916,0.286605
0.835026,-0.0606017,0.437349;-0.816469,-0.48696,-0.0927379,0.296054
0.831002,-0.0531836,0.431604;-0.818042,-0.477627,-0.096866,0.305446
0.827115,-0.0458046,0.425928;-0.819456,-0.4682,-0.100975,0.314778
0.822852,-0.0374312,0.419533;-0.820876,-0.457315,-0.105647,0.325368
0.818794,-0.0291349,0.413244;-0.822087,-0.446314,-0.110293,0.335875
0.814954,-0.0209295,0.407066;-0.823089,-0.435199,-0.11491,0.346297
0.811345,-0.012829,0.40101;-0.823882,-0.423974,-0.119498,0.356631
0.807982,-0.00484719,0.395081;-0.824465,-0.41264,-0.124056,0.366873
0.804878,0.00300194,0.389288;-0.824838,-0.401202,-0.128582,0.377023
0.801711,0.0116564,0.382942;-0.825007,-0.388212,-0.133634,0.388326
0.798909,0.0201056,0.376788;-0.82491,-0.375096,-0.138644,0.399505
0.79649,0.0283297,0.370838;-0.824548,-0.36186,-0.143609,0.410554
0.794473,0.0363091,0.365102;-0.82392,-0.348508,-0.148527,0.421472
0.792728,0.0448638,0.358992;-0.822911,-0.33354,-0.153936,0.433443
0.791531,0.0530648,0.353176;-0.821574,-0.31844,-0.159284,0.445242
0.790877,0.0616449,0.347133;-0.819727,-0.301684,-0.165093,0.458016
0.790997,0.0704369,0.340989;-0.817262,-0.283239,-0.17134,0.4717
0.79216,0.0792396,0.334889;-0.814064,-0.263074,-0.177997,0.486219
0.794678,0.0878132,0.329005;-0.810008,-0.241161,-0.185031,0.501489
0.798914,0.0958736,0.323532;-0.804962,-0.217475,-0.192408,0.517416
0.804828,0.10268,0.31897;-0.799196,-0.193594,-0.199613,0.53288
0.81251,0.108141,0.31537;-0.792715,-0.16954,-0.20664,0.547868
0.822048,0.112165,0.31278;-0.785525,-0.145334,-0.213481,0.562365
0.831886,0.114419,0.311394;-0.778725,-0.12425,-0.219256,0.574523
0.842314,0.115429,0.31085;-0.771983,-0.104713,-0.224456,0.585403
0.853051,0.115411,0.310996;-0.765415,-0.0867513,-0.22911,0.595082
