0.81208,-0.137708,0.474094;0.946568,-0.171938,0.188746,-0.19703
0.817095,-0.127396,0.47686;0.946451,-0.175488,0.188217,-0.194958
0.822026,-0.117388,0.479552;0.946318,-0.179034,0.187685,-0.192883
0.826872,-0.107681,0.482173;0.946168,-0.182577,0.18715,-0.190804
0.831634,-0.0982724,0.484722;0.946002,-0.186117,0.186611,-0.188723
0.836313,-0.089159,0.4872;0.94582,-0.189654,0.18607,-0.186637
0.84091,-0.0803378,0.489608;0.945622,-0.193188,0.185525,-0.184549
0.847651,-0.0676474,0.49309;0.945294,-0.198482,0.184701,-0.181411
0.85421,-0.0555975,0.496417;0.944929,-0.203769,0.183871,-0.178265
0.860589,-0.044178,0.499593;0.944528,-0.209048,0.183033,-0.175113
0.866789,-0.0333787,0.50262;0.94409,-0.214318,0.182189,-0.171954
0.872813,-0.0231895,0.505499;0.943616,-0.219581,0.181337,-0.168788
0.878663,-0.0136001,0.508232;0.943106,-0.224835,0.180478,-0.165616
0.88434,-0.00460049,0.510823;0.942559,-0.23008,0.179613,-0.162437
0.889848,0.00381963,0.513274;0.941975,-0.235316,0.17874,-0.159252
0.896929,0.0141625,0.516327;0.94114,-0.242284,0.177566,-0.154996
0.903716,0.0235173,0.519139;0.940241,-0.249234,0.176379,-0.150729
0.910213,0.031908,0.521716;0.939277,-0.256168,0.175181,-0.146452
0.917934,0.0410775,0.524614;0.937981,-0.264811,0.173665,-0.141092
0.92522,0.0488254,0.527164;0.936585,-0.273425,0.172132,-0.135716
0.9334,0.0563127,0.529779;0.934776,-0.283722,0.170267,-0.129246
0.94219,0.0626549,0.532237;0.932483,-0.295681,0.168057,-0.121672
0.95127,0.0669056,0.534303;0.929623,-0.309272,0.165489,-0.112986
0.96123,0.0680051,0.53583;0.925688,-0.32614,0.162216,-0.102084
0.970485,0.0642272,0.536251;0.9209,-0.344533,0.158534,-0.0900412
0.977433,0.0566675,0.535579;0.916132,-0.361099,0.155115,-0.0790526
0.982556,0.0468264,0.534186;0.911504,-0.375875,0.151982,-0.0691338
0.985837,0.0373657,0.532629;0.907685,-0.387278,0.149508,-0.0614023
0.988529,0.0264658,0.530687;0.903676,-0.398599,0.147002,-0.0536579
0.990389,0.0160753,0.528738;0.900087,-0.408237,0.14483,-0.0470108
0.991851,0.00480365,0.526547;0.89636,-0.417811,0.142636,-0.0403564
0.992778,-0.00520384,0.524548;0.893147,-0.42574,0.14079,-0.0348063
0.993449,-0.0157197,0.522403;0.889839,-0.433623,0.138929,-0.0292524
0.993875,-0.0266969,0.520123;0.886435,-0.44146,0.137054,-0.0236954
0.994063,-0.0380883,0.517718;0.882936,-0.44925,0.135163,-0.0181358
0.994025,-0.0498469,0.515198;0.879343,-0.456991,0.133258,-0.0125743
0.993768,-0.0619256,0.512575;0.875654,-0.464683,0.131339,-0.00701147
0.993412,-0.0717873,0.510408;0.872636,-0.470801,0.129794,-0.00256062
0.992927,-0.0817998,0.508187;0.869558,-0.476886,0.128239,0.00189041
0.992318,-0.0919387,0.505917;0.86642,-0.482939,0.126676,0.00634131
0.991589,-0.10218,0.503602;0.863222,-0.488958,0.125104,0.0107918
0.990746,-0.1125,0.50125;0.859965,-0.494944,0.123523,0.0152415
0.989793,-0.122874,0.498864;0.856649,-0.500896,0.121934,0.0196902
0.988735,-0.133278,0.496451;0.853274,-0.506814,0.120337,0.0241375
0.987624,-0.14328,0.49411;0.849976,-0.512466,0.118794,0.0284089
0.986429,-0.153236,0.491762;0.839579,-0.529852,0.114445,0.035578
0.985149,-0.163168,0.489399;0.828779,-0.546983,0.110041,0.04273
0.983786,-0.173068,0.487025;0.81758,-0.563851,0.105585,0.0498614
0.982344,-0.182926,0.484642;0.805989,-0.580448,0.101077,0.0569689
0.980825,-0.192736,0.482252;0.79401,-0.596766,0.0965213,0.064049
0.979232,-0.202489,0.479856;0.781649,-0.612797,0.0919188,0.0710983
0.977568,-0.212175,0.477458;0.768913,-0.628534,0.0872722,0.0781135
0.975836,-0.221788,0.475059;0.755807,-0.643969,0.0825837,0.0850911
0.973854,-0.232266,0.472422;0.740971,-0.660589,0.0773805,0.092719
0.971797,-0.242634,0.469789;0.725704,-0.676825,0.0721324,0.100293
0.969668,-0.25288,0.467164;0.710015,-0.692667,0.0668422,0.107809
0.96747,-0.262992,0.464549;0.693913,-0.708107,0.0615132,0.115262
0.965208,-0.272961,0.461947;0.677408,-0.723135,0.0561485,0.122648
0.962885,-0.282774,0.459362;0.660508,-0.737742,0.050751,0.129963
0.960504,-0.292421,0.456796;0.643225,-0.75192,0.0453241,0.137202
0.95807,-0.301891,0.454251;0.625567,-0.765661,0.0398708,0.144361
0.955357,-0.312006,0.451503;0.605889,-0.780142,0.0338954,0.152075
0.95259,-0.321882,0.448789;0.585793,-0.794084,0.0278965,0.159684
0.949772,-0.331506,0.446111;0.56529,-0.807476,0.0218784,0.167182
0.94691,-0.340861,0.443474;0.544397,-0.82031,0.015845,0.174565
0.943763,-0.350678,0.440668;0.521337,-0.833572,0.00929671,0.182427
0.940576,-0.360146,0.437918;0.497854,-0.846156,0.00274083,0.19014
0.937352,-0.369246,0.43523;0.473967,-0.858054,-0.00381728,0.197699
0.933849,-0.378614,0.432409;0.447812,-0.870086,-0.0108762,0.205659
0.930066,-0.388128,0.429479;0.419322,-0.882069,-0.0184279,0.213973
0.926262,-0.397074,0.426651;0.390378,-0.893097,-0.0259596,0.222056
0.922193,-0.405959,0.423756;0.35904,-0.903796,-0.0339622,0.230412
0.917867,-0.414618,0.420826;0.32526,-0.913945,-0.042419,0.23898
0.913047,-0.423293,0.417743;0.286973,-0.923785,-0.0518005,0.248162
0.907759,-0.431583,0.414587;0.24408,-0.932795,-0.0620643,0.25781
0.901798,-0.439294,0.411331;0.194431,-0.940671,-0.073632,0.268166
0.894766,-0.445942,0.407934;0.133734,-0.946712,-0.0873348,0.279686
0.886165,-0.449879,0.404534;0.0555402,-0.948864,-0.104298,0.292737
0.876867,-0.447529,0.402033;-0.035757,-0.943525,-0.123143,0.30548
0.870182,-0.439987,0.401266;-0.107761,-0.933366,-0.137277,0.313641
0.865476,-0.430537,0.401455;-0.116394,-0.943548,-0.124965,0.283821
0.861943,-0.420652,0.402096;-0.121831,-0.951539,-0.114148,0.258265
0.859039,-0.410471,0.403;-0.126502,-0.957858,-0.104602,0.235719
0.856677,-0.40067,0.404018;-0.130439,-0.96277,-0.0963639,0.21627
0.854606,-0.39086,0.405142;-0.133993,-0.966862,-0.0887714,0.198349
0.852617,-0.380298,0.406441;-0.137492,-0.97056,-0.0811427,0.180348
0.850873,-0.370078,0.40777;-0.140624,-0.973577,-0.0741787,0.163918
0.849185,-0.359297,0.409235;-0.143709,-0.976267,-0.0671897,0.147434
0.847708,-0.34914,0.410664;-0.146444,-0.978405,-0.0608802,0.132555
0.846268,-0.338573,0.412197;-0.149139,-0.980277,-0.054554,0.11764
0.84486,-0.327618,0.413828;-0.151793,-0.98188,-0.0482129,0.102693
0.843631,-0.317572,0.415359;-0.154118,-0.98308,-0.0425652,0.0893825
0.842422,-0.30725,0.416962;-0.156409,-0.984068,-0.0369084,0.0760531
0.841228,-0.296668,0.418637;-0.158666,-0.984843,-0.0312436,0.0627072
0.840048,-0.28584,0.42038;-0.16089,-0.985406,-0.025572,0.0493479
0.838877,-0.27478,0.422189;-0.163078,-0.985756,-0.0198949,0.0359779
0.837859,-0.264926,0.423824;-0.164964,-0.985888,-0.0149239,0.0242726
0.836845,-0.254915,0.425506;-0.166823,-0.985857,-0.00995046,0.0125634
0.835832,-0.244759,0.427234;-0.168654,-0.985662,-0.00497534,0.000852087
0.834818,-0.234467,0.429006;-0.170457,-0.985305,6.00676e-07,-0.0108594
0.833802,-0.224048,0.430819;-0.172232,-0.984785,0.00497654,-0.022569
0.832782,-0.213514,0.432674;-0.173979,-0.984102,0.00995166,-0.034275
0.831755,-0.202873,0.434567;-0.175697,-0.983257,0.0149251,-0.0459752
0.83072,-0.192136,0.436498;-0.177386,-0.982249,0.0198961,-0.0576679
0.829674,-0.181313,0.438465;-0.179045,-0.981078,0.0248638,-0.0693511
0.828616,-0.170413,0.440466;-0.180675,-0.979746,0.0298275,-0.0810227
0.827544,-0.159446,0.4425;-0.182275,-0.978251,0.0347861,-0.092681
0.826455,-0.148423,0.444564;-0.183845,-0.976595,0.0397391,-0.104324
0.825349,-0.137352,0.446658;-0.185385,-0.974778,0.0446854,-0.11595
0.824222,-0.126245,0.44878;-0.186894,-0.972799,0.0496244,-0.127556
0.823072,-0.11511,0.450928;-0.188372,-0.970659,0.0545551,-0.139142
0.821899,-0.103959,0.453101;-0.189819,-0.968359,0.0594769,-0.150704
0.820699,-0.0927997,0.455296;-0.191234,-0.965899,0.0643888,-0.162242
0.819471,-0.0816431,0.457513;-0.192618,-0.963279,0.0692901,-0.173752
0.818213,-0.0704991,0.45975;-0.19397,-0.9605,0.0741799,-0.185234
0.816923,-0.0593773,0.462005;-0.19529,-0.957563,0.0790575,-0.196686
0.815599,-0.0482878,0.464276;-0.196578,-0.954467,0.083922,-0.208105
0.814238,-0.0372404,0.466562;-0.197833,-0.951213,0.0887726,-0.219489
0.81284,-0.026245,0.468862;-0.199055,-0.947802,0.0936085,-0.230837
0.811401,-0.0153115,0.471173;-0.200245,-0.944234,0.098429,-0.242147
0.809921,-0.00444976,0.473494;-0.201402,-0.94051,0.103233,-0.253418
0.808396,0.00633027,0.475824;-0.202525,-0.936631,0.10802,-0.264646
0.806826,0.0170187,0.478161;-0.203614,-0.932597,0.11279,-0.27583
0.805207,0.0276057,0.480503;-0.204671,-0.928409,0.11754,-0.286969
0.803538,0.0380814,0.482849;-0.205693,-0.924067,0.122271,-0.29806
0.801818,0.0484358,0.485197;-0.206681,-0.919573,0.126982,-0.309102
0.800044,0.0586591,0.487545;-0.207635,-0.914926,0.131672,-0.320093
0.798213,0.0687413,0.489892;-0.208555,-0.910129,0.136341,-0.331031
0.796325,0.0786726,0.492237;-0.20944,-0.905181,0.140986,-0.341915
0.794398,0.0883448,0.494553;-0.215856,-0.90184,0.140746,-0.346816
0.792168,0.0989913,0.497144;-0.231603,-0.900483,0.132992,-0.343226
0.789874,0.109426,0.499727;-0.247275,-0.898834,0.125196,-0.339526
0.78752,0.119644,0.502303;-0.262867,-0.896896,0.117359,-0.335715
0.785115,0.12964,0.504872;-0.278375,-0.894668,0.109485,-0.331797
0.782665,0.139408,0.507433;-0.293793,-0.892152,0.101575,-0.327771
0.780177,0.148945,0.509985;-0.309116,-0.889347,0.0936324,-0.323639
0.777342,0.159391,0.512847;-0.326234,-0.885849,0.0846609,-0.318867
0.774477,0.169529,0.515698;-0.34322,-0.881988,0.0756548,-0.313963
0.771592,0.179354,0.518537;-0.360065,-0.877768,0.0666178,-0.308932
0.768697,0.188856,0.521365;-0.376763,-0.873189,0.0575536,-0.303774
0.765803,0.198031,0.52418;-0.393307,-0.868253,0.0484659,-0.298493
0.762598,0.20783,0.527292;-0.411501,-0.862352,0.0383454,-0.292481
0.75942,0.217206,0.530389;-0.429487,-0.856017,0.0282055,-0.286322
0.755969,0.227017,0.533775;-0.449021,-0.84855,0.0170355,-0.279381
0.752584,0.23629,0.537141;-0.468281,-0.840564,0.00585498,-0.272269
0.748987,0.245777,0.540787;-0.488966,-0.831268,-0.00634575,-0.26432
0.745512,0.254591,0.544406;-0.509295,-0.821368,-0.0185419,-0.25618
0.741912,0.26336,0.548295;-0.530901,-0.809971,-0.0317388,-0.247152
0.738262,0.271873,0.552444;-0.553662,-0.796924,-0.0459204,-0.237194
0.734422,0.280387,0.557135;-0.579003,-0.78105,-0.0620715,-0.225527
0.730592,0.288368,0.562345;-0.606617,-0.761988,-0.0801447,-0.212055
0.726881,0.295469,0.568328;-0.637577,-0.738177,-0.101062,-0.1959
0.723407,0.301081,0.576138;-0.67664,-0.703884,-0.128595,-0.173689
0.721859,0.301504,0.585878;-0.722913,-0.655726,-0.163232,-0.144136
0.723493,0.295714,0.593717;-0.757878,-0.612307,-0.191291,-0.118781
0.726609,0.287755,0.599296;-0.781341,-0.578689,-0.211324,-0.0998378
0.73023,0.279377,0.603505;-0.798169,-0.551739,-0.226452,-0.0850307
0.734361,0.270331,0.607141;-0.812051,-0.527291,-0.239527,-0.0718619
0.73869,0.26121,0.610233;-0.823337,-0.505618,-0.25064,-0.0603825
0.743328,0.251714,0.613036;-0.833133,-0.485229,-0.260708,-0.0497401
0.747969,0.242415,0.61548;-0.830431,-0.495454,-0.249059,-0.053659
0.752521,0.233403,0.617627;-0.827658,-0.504891,-0.238284,-0.0573424
0.757419,0.223749,0.619729;-0.824698,-0.514213,-0.227456,-0.0610129
0.762102,0.214518,0.621578;-0.821874,-0.522503,-0.217666,-0.0643045
0.767023,0.20478,0.623379;-0.8189,-0.530697,-0.207836,-0.0675844
0.771581,0.195706,0.624939;-0.81613,-0.5379,-0.199067,-0.0704894
0.776299,0.186241,0.626454;-0.813241,-0.545024,-0.190268,-0.0733842
0.781161,0.176392,0.627922;-0.810235,-0.552069,-0.181442,-0.0762684
0.785523,0.167462,0.629166;-0.807509,-0.558169,-0.173698,-0.078783
0.789976,0.158243,0.63037;-0.804692,-0.564206,-0.165934,-0.0812888
0.79451,0.14874,0.63153;-0.801787,-0.57018,-0.158152,-0.0837857
0.799117,0.138956,0.632645;-0.798792,-0.576092,-0.150353,-0.0862732
0.803786,0.128893,0.633713;-0.795709,-0.581939,-0.142536,-0.0887512
0.808507,0.118555,0.634731;-0.792538,-0.587722,-0.134704,-0.0912194
0.813273,0.107945,0.635698;-0.789279,-0.59344,-0.126857,-0.0936774
0.817386,0.0986365,0.636483;-0.786415,-0.598288,-0.12012,-0.095776
0.821518,0.0891327,0.637228;-0.783488,-0.603088,-0.113373,-0.0978668
0.825663,0.0794354,0.63793;-0.780497,-0.607839,-0.106617,-0.0999496
0.829816,0.0695468,0.638588;-0.777442,-0.61254,-0.0998519,-0.102024
0.833971,0.0594687,0.639201;-0.774323,-0.617191,-0.0930788,-0.104091
0.838121,0.0492032,0.639767;-0.771142,-0.621792,-0.0862981,-0.106149
0.842261,0.0387524,0.640285;-0.767898,-0.626342,-0.0795104,-0.108198
0.846384,0.0281181,0.640754;-0.764591,-0.630841,-0.0727162,-0.110238
0.850486,0.0173025,0.641172;-0.761222,-0.635289,-0.0659161,-0.11227
0.854559,0.00630753,0.641537;-0.757791,-0.639685,-0.0591106,-0.114292
0.858599,-0.00486479,0.641849;-0.754298,-0.644029,-0.0523003,-0.116305
0.861935,-0.0143091,0.642067;-0.75134,-0.647609,-0.0466218,-0.117975
0.865241,-0.023874,0.642246;-0.74834,-0.651152,-0.0409406,-0.119639
0.868511,-0.0335583,0.642385;-0.745297,-0.654658,-0.0352572,-0.121296
0.871744,-0.0433609,0.642484;-0.742212,-0.658127,-0.0295717,-0.122945
0.874935,-0.0532806,0.642541;-0.739085,-0.661559,-0.0238845,-0.124588
0.878082,-0.0633162,0.642556;-0.735917,-0.664953,-0.018196,-0.126224
0.88118,-0.0734666,0.642527;-0.732706,-0.66831,-0.0125065,-0.127853
0.884227,-0.0837306,0.642455;-0.729454,-0.671629,-0.00681621,-0.129475
0.887218,-0.0941071,0.642338;-0.726161,-0.67491,-0.00112558,-0.131089
0.890152,-0.104595,0.642176;-0.722827,-0.678153,0.00456512,-0.132696
0.893023,-0.115193,0.641967;-0.719452,-0.681358,0.0102556,-0.134295
0.895829,-0.1259,0.641711;-0.716036,-0.684524,0.0159454,-0.135887
0.898566,-0.136714,0.641407;-0.71258,-0.687651,0.0216344,-0.137471
0.901231,-0.147635,0.641055;-0.709083,-0.690739,0.0273221,-0.139047
0.90382,-0.158662,0.640653;-0.705547,-0.693788,0.0330083,-0.140615
0.906331,-0.169793,0.6402;-0.70197,-0.696798,0.0386926,-0.142175
0.908759,-0.181027,0.639697;-0.698353,-0.699768,0.0443747,-0.143728
0.911101,-0.192363,0.639141;-0.694697,-0.702699,0.0500543,-0.145272
0.913354,-0.2038,0.638533;-0.691002,-0.70559,0.0557311,-0.146808
0.915514,-0.215337,0.637871;-0.687268,-0.708441,0.0614047,-0.148336
0.917578,-0.226972,0.637155;-0.683494,-0.711252,0.0670749,-0.149855
0.919542,-0.238704,0.636383;-0.679682,-0.714023,0.0727413,-0.151366
0.921403,-0.250533,0.635556;-0.675832,-0.716753,0.0784035,-0.152868
0.923158,-0.262456,0.634671;-0.671943,-0.719443,0.0840613,-0.154361
0.924803,-0.274474,0.633729;-0.668016,-0.722092,0.0897143,-0.155846
0.926335,-0.286584,0.632729;-0.664052,-0.7247,0.0953623,-0.157322
0.92775,-0.298785,0.631669;-0.66005,-0.727268,0.101005,-0.158789
0.929045,-0.311077,0.630549;-0.65601,-0.729794,0.106642,-0.160248
0.930217,-0.323458,0.629369;-0.651934,-0.732278,0.112273,-0.161697
0.931063,-0.333426,0.62838;-0.648646,-0.734236,0.116773,-0.162849
0.931826,-0.34345,0.627351;-0.645334,-0.736168,0.121268,-0.163996
0.932504,-0.353529,0.626282;-0.642,-0.738072,0.12576,-0.165137
0.933095,-0.363663,0.625172;-0.638642,-0.73995,0.130247,-0.166272
0.933599,-0.37385,0.624021;-0.635261,-0.741801,0.134729,-0.1674
0.934012,-0.384091,0.622829;-0.631856,-0.743626,0.139206,-0.168523
0.934334,-0.394385,0.621594;-0.628429,-0.745423,0.143679,-0.16964
0.934562,-0.40473,0.620318;-0.62498,-0.747193,0.148146,-0.17075
0.934694,-0.415128,0.618998;-0.621507,-0.748936,0.152607,-0.171855
0.93473,-0.425576,0.617635;-0.618012,-0.750653,0.157064,-0.172953
0.934667,-0.436075,0.616229;-0.614495,-0.752342,0.161514,-0.174045
0.934504,-0.446623,0.614778;-0.610955,-0.754003,0.165959,-0.17513
0.934238,-0.457221,0.613284;-0.607394,-0.755638,0.170397,-0.176209
0.933868,-0.467867,0.611744;-0.60381,-0.757245,0.17483,-0.177282
0.933392,-0.478561,0.610159;-0.600204,-0.758824,0.179256,-0.178348
0.932809,-0.489302,0.608528;-0.596577,-0.760376,0.183676,-0.179408
0.932116,-0.500091,0.606851;-0.592928,-0.761901,0.188089,-0.180462
0.931313,-0.510925,0.605128;-0.589257,-0.763398,0.192495,-0.181509
0.930396,-0.521805,0.603358;-0.585566,-0.764867,0.196894,-0.182549
0.929365,-0.53273,0.60154;-0.581853,-0.766309,0.201286,-0.183583
0.928218,-0.5437,0.599675;-0.578119,-0.767722,0.205671,-0.18461
0.926952,-0.554713,0.597761;-0.574364,-0.769108,0.210048,-0.18563
0.925567,-0.56577,0.595799;-0.570588,-0.770467,0.214418,-0.186644
0.92406,-0.576869,0.593788;-0.566791,-0.771797,0.21878,-0.18765
0.92243,-0.58801,0.591728;-0.562974,-0.773099,0.223134,-0.18865
0.920675,-0.599192,0.589617;-0.559137,-0.774373,0.22748,-0.189644
