0.95764,0.202319,0.448197;0.93413,0.057239,-0.0733249,0.344599
0.967071,0.202728,0.452822;0.930856,0.0797524,-0.0583654,0.351767
0.976177,0.203987,0.457069;0.926476,0.10407,-0.0421075,0.359219
0.985309,0.206388,0.461032;0.920352,0.132007,-0.0233006,0.367401
0.993962,0.210189,0.464385;0.912034,0.163469,-0.00195243,0.376123
1.00197,0.215892,0.466896;0.900391,0.200147,0.0231644,0.385617
1.0085,0.223729,0.468049;0.884553,0.241777,0.0519824,0.395485
1.01251,0.232901,0.467502;0.865281,0.284465,0.0818906,0.404553
1.01395,0.242584,0.465414;0.843265,0.32625,0.111539,0.412339
1.01311,0.252268,0.462036;0.818576,0.367001,0.140834,0.418818
1.01045,0.261075,0.457822;0.79248,0.404964,0.168491,0.423781
1.00623,0.268963,0.452875;0.764076,0.441748,0.195657,0.42751
1.00071,0.275482,0.447415;0.733447,0.477246,0.222253,0.429994
0.993836,0.280339,0.441412;0.699211,0.512804,0.249314,0.431252
0.985962,0.282726,0.43522;0.679159,0.53204,0.271368,0.426657
0.977495,0.282091,0.429177;0.692498,0.519605,0.283434,0.412459
0.969172,0.278539,0.423726;0.704523,0.50768,0.294522,0.398955
0.961806,0.273053,0.41925;0.714499,0.497218,0.303887,0.387192
0.954937,0.265921,0.415343;0.72337,0.487439,0.312356,0.376261
0.948644,0.257603,0.411978;0.731206,0.478393,0.319956,0.366204
0.94298,0.248555,0.409124;0.738069,0.470129,0.326714,0.357059
0.937971,0.239222,0.406739;0.744018,0.462686,0.332653,0.348856
0.933627,0.230027,0.404779;0.749106,0.4561,0.337797,0.341622
0.929334,0.219844,0.402947;0.754082,0.449447,0.342892,0.334339
0.925707,0.210308,0.401483;0.758259,0.443691,0.347218,0.328056
0.922139,0.200009,0.400123;0.762353,0.437887,0.351507,0.321738
0.918639,0.18893,0.398873;0.766365,0.432035,0.355757,0.315385
0.915781,0.17909,0.397918;0.769644,0.427123,0.359269,0.310064
0.912982,0.168687,0.397045;0.772865,0.422178,0.362754,0.30472
0.910248,0.15771,0.396258;0.776028,0.417202,0.366212,0.299353
0.907585,0.146151,0.395558;0.779132,0.412194,0.369642,0.293964
0.904997,0.133999,0.394949;0.782177,0.407154,0.373044,0.288552
0.902985,0.123845,0.394529;0.784571,0.403101,0.375746,0.284207
0.901028,0.113299,0.394171;0.786926,0.399028,0.378429,0.279848
0.899129,0.102359,0.393876;0.789244,0.394936,0.381094,0.275476
0.89729,0.0910175,0.393646;0.791524,0.390824,0.383741,0.27109
0.895514,0.0792706,0.393481;0.793765,0.386694,0.386369,0.266691
0.893804,0.0671131,0.393384;0.795968,0.382545,0.388978,0.262279
0.892164,0.0545399,0.393355;0.798132,0.378377,0.391569,0.257855
0.890595,0.0415461,0.393397;0.800258,0.374192,0.394141,0.253418
0.889323,0.030203,0.393489;0.805076,0.373285,0.390774,0.244552
0.888105,0.0185891,0.393633;0.809801,0.37234,0.387361,0.235661
0.886942,0.00671806,0.393829;0.814434,0.371351,0.383905,0.226744
0.886013,-0.00335354,0.394033;0.818224,0.370496,0.38099,0.219293
0.885122,-0.013573,0.394274;0.821949,0.369611,0.378046,0.211824
0.884268,-0.0239265,0.394552;0.825609,0.368696,0.375072,0.204339
0.883452,-0.0344,0.394867;0.829203,0.367753,0.372068,0.196838
0.882674,-0.0449796,0.39522;0.832732,0.36678,0.369034,0.189321
0.881933,-0.0556513,0.395611;0.836196,0.365779,0.365972,0.18179
0.881229,-0.0664013,0.39604;0.839593,0.364748,0.36288,0.174243
0.880564,-0.0772155,0.396508;0.842923,0.363689,0.35976,0.166683
0.879937,-0.0880801,0.397014;0.846187,0.362601,0.356611,0.15911
0.879347,-0.098981,0.397559;0.849384,0.361484,0.353434,0.151525
0.878796,-0.109904,0.398143;0.852514,0.360339,0.35023,0.143927
0.878282,-0.120836,0.398766;0.855577,0.359165,0.346997,0.136318
0.877807,-0.131763,0.399429;0.858571,0.357962,0.343737,0.128698
0.87737,-0.14267,0.400132;0.861498,0.356732,0.34045,0.121068
0.876971,-0.153544,0.400875;0.864357,0.355473,0.337136,0.113428
0.87661,-0.164371,0.401658;0.867147,0.354186,0.333795,0.105779
0.876288,-0.175136,0.402482;0.869869,0.352871,0.330428,0.0981225
0.876004,-0.185827,0.403347;0.872522,0.351528,0.327034,0.0904578
0.875759,-0.196428,0.404253;0.875105,0.350157,0.323615,0.0827859
0.875552,-0.206927,0.4052;0.87762,0.348759,0.32017,0.0751074
0.875384,-0.217308,0.406189;0.880065,0.347333,0.3167,0.067423
0.875255,-0.227559,0.407219;0.882441,0.34588,0.313205,0.0597333
0.875164,-0.237665,0.408292;0.884747,0.344399,0.309685,0.0520389
0.875113,-0.247612,0.409406;0.886982,0.342891,0.306141,0.0443403
0.875102,-0.259319,0.4108;0.889573,0.341045,0.301855,0.0350974
0.875147,-0.270754,0.412256;0.892062,0.339161,0.297536,0.0258506
0.875249,-0.281892,0.413774;0.894449,0.337238,0.293182,0.0166008
0.875407,-0.292709,0.415354;0.896735,0.335277,0.288795,0.00734911
0.875622,-0.303181,0.416997;0.898918,0.333277,0.284375,-0.00190341
0.875893,-0.313284,0.418703;0.900999,0.33124,0.279923,-0.0111557
0.876281,-0.324572,0.420775;0.903297,0.328815,0.274689,-0.0219484
0.876746,-0.335287,0.422933;0.905455,0.326339,0.269411,-0.0327377
0.877289,-0.34539,0.42518;0.907473,0.323813,0.264092,-0.0435219
0.878004,-0.356139,0.427857;0.909606,0.320864,0.257964,-0.0558383
0.878822,-0.365982,0.430651;0.911555,0.31785,0.251782,-0.0681434
0.879863,-0.375901,0.433935;0.913528,0.314383,0.244768,-0.0819701
0.881172,-0.385394,0.437761;0.915445,0.310436,0.2369,-0.0973083
0.882955,-0.39451,0.4426;0.917363,0.30557,0.227361,-0.115673
0.885509,-0.402136,0.449035;0.919172,0.299292,0.215291,-0.138554
0.889268,-0.405231,0.457811;0.920524,0.291034,0.199783,-0.167392
0.893129,-0.401201,0.466265;0.920843,0.283364,0.185715,-0.193034
0.8964,-0.393432,0.473121;0.920519,0.277323,0.174841,-0.212525
0.898934,-0.385175,0.47828;0.904205,0.314456,0.185503,-0.221629
0.901233,-0.376321,0.482865;0.888017,0.347733,0.195176,-0.22894
0.903371,-0.367127,0.487054;0.872392,0.377061,0.203581,-0.235187
0.905449,-0.357436,0.49106;0.856717,0.404246,0.211265,-0.240806
0.907317,-0.348175,0.494611;0.842246,0.427678,0.217803,-0.245511
0.909229,-0.338222,0.498196;0.827081,0.450757,0.224161,-0.250014
0.911042,-0.328393,0.50155;0.812389,0.471856,0.229901,-0.25401
0.912745,-0.318844,0.504665;0.798315,0.491036,0.235054,-0.257539
0.914476,-0.308861,0.507793;0.783759,0.509918,0.240064,-0.260913
0.916085,-0.299349,0.510669;0.769998,0.526955,0.24453,-0.263867
0.917715,-0.289509,0.513549;0.755847,0.543725,0.248871,-0.266686
0.919364,-0.279359,0.516432;0.741311,0.560219,0.253086,-0.26937
0.921031,-0.268917,0.519314;0.726398,0.576428,0.257172,-0.271917
0.922562,-0.259186,0.52193;0.71252,0.590909,0.260774,-0.274113
0.924106,-0.249241,0.524542;0.698343,0.605142,0.264266,-0.276194
0.925662,-0.239095,0.527145;0.683873,0.619121,0.267647,-0.278158
0.92723,-0.228763,0.529739;0.669116,0.63284,0.270915,-0.280006
0.928808,-0.218256,0.532321;0.654077,0.646293,0.274069,-0.281736
0.930396,-0.207589,0.534889;0.638763,0.659474,0.277109,-0.283347
0.931833,-0.197862,0.537186;0.624752,0.671101,0.279745,-0.284696
0.933276,-0.188025,0.539468;0.610527,0.682499,0.282286,-0.285948
0.934726,-0.178088,0.541734;0.596095,0.693665,0.28473,-0.287102
0.93618,-0.168061,0.543981;0.58146,0.704595,0.287078,-0.288159
0.93764,-0.157953,0.546209;0.566628,0.715285,0.289329,-0.289118
0.939103,-0.147773,0.548416;0.551602,0.725732,0.29148,-0.289979
0.94057,-0.137533,0.550599;0.536389,0.735932,0.293533,-0.29074
0.942039,-0.12724,0.552758;0.520993,0.745881,0.295485,-0.291403
0.943511,-0.116906,0.554891;0.50542,0.755577,0.297338,-0.291967
0.944984,-0.106538,0.556997;0.489675,0.765015,0.299089,-0.292431
0.946458,-0.0961484,0.559072;0.473763,0.774193,0.300738,-0.292796
0.947932,-0.0857452,0.561117;0.457691,0.783108,0.302285,-0.293061
0.949406,-0.0753385,0.56313;0.441462,0.791757,0.303729,-0.293227
0.950879,-0.0649379,0.565108;0.425083,0.800135,0.305069,-0.293292
0.95235,-0.0545532,0.567051;0.40856,0.808242,0.306306,-0.293258
0.953818,-0.0441939,0.568956;0.391897,0.816074,0.307439,-0.293124
0.955284,-0.0338697,0.570822;0.375101,0.823628,0.308467,-0.292891
0.956746,-0.0235903,0.572647;0.358178,0.830901,0.30939,-0.292557
0.958204,-0.0133653,0.57443;0.341133,0.837892,0.310207,-0.292125
0.959657,-0.0032044,0.57617;0.323971,0.844598,0.31092,-0.291592
0.961105,0.00688273,0.577864;0.3067,0.851016,0.311526,-0.290961
0.962546,0.0168865,0.579511;0.289324,0.857145,0.312026,-0.29023
0.963981,0.0267971,0.58111;0.271849,0.862982,0.312421,-0.289401
0.965408,0.036605,0.582658;0.254282,0.868526,0.312709,-0.288473
0.966984,0.0473705,0.584317;0.234662,0.874339,0.312904,-0.287327
0.96855,0.057984,0.58591;0.214943,0.879784,0.312967,-0.286061
0.970104,0.0684322,0.587435;0.195134,0.88486,0.312899,-0.284674
0.971645,0.0787019,0.588889;0.175243,0.889564,0.3127,-0.283168
0.973173,0.0887799,0.59027;0.155279,0.893895,0.31237,-0.281542
0.974687,0.0986529,0.591576;0.135249,0.89785,0.311908,-0.279799
0.976335,0.109261,0.592924;0.113151,0.901764,0.311248,-0.277745
0.977963,0.119587,0.594175;0.0909955,0.905221,0.310431,-0.27555
0.97957,0.129613,0.595327;0.0687937,0.908217,0.309455,-0.273215
0.981299,0.140189,0.596467;0.044534,0.910959,0.308212,-0.27051
0.983,0.150365,0.597481;0.0202474,0.91315,0.306782,-0.267641
0.98481,0.160911,0.598434;-0.00607639,0.9149,0.305024,-0.26435
0.986585,0.170931,0.59923;-0.0323959,0.916001,0.303049,-0.260871
0.988453,0.181101,0.599907;-0.0607138,0.916459,0.300681,-0.256918
0.990404,0.191242,0.600417;-0.0909982,0.916113,0.29787,-0.252448
0.992423,0.201149,0.600709;-0.123206,0.914789,0.294561,-0.247417
0.994614,0.211105,0.600713;-0.15928,0.912124,0.290461,-0.241439
0.997055,0.221029,0.60027;-0.201089,0.907446,0.285177,-0.23405
0.999896,0.230616,0.599022;-0.252327,0.899326,0.277905,-0.224303
1.0038,0.239157,0.595593;-0.219478,0.912647,0.287,-0.191142
1.00857,0.240028,0.587566;-0.136472,0.932938,0.304177,-0.135936
1.01128,0.234025,0.580052;-0.0770661,0.941279,0.314345,-0.0961364
1.01301,0.226488,0.573338;-0.030778,0.944321,0.321078,-0.0649638
1.01425,0.2183,0.566911;0.00980915,0.944528,0.326135,-0.0375155
1.01516,0.209934,0.56071;0.046513,0.94274,0.330029,-0.0126012
1.01583,0.201425,0.554545;0.0812011,0.939319,0.333114,0.0110258
1.01629,0.193081,0.548503;0.11383,0.93455,0.335482,0.0333229
1.01659,0.184636,0.542284;0.146278,0.928296,0.337316,0.055567
1.01673,0.176287,0.535925;0.178494,0.920565,0.338615,0.0777227
1.01669,0.168229,0.529461;0.210425,0.91137,0.339374,0.0997548
1.0165,0.160657,0.522928;0.242022,0.900726,0.339594,0.121628
1.0161,0.153387,0.515977;0.275057,0.887895,0.339239,0.144577
1.01545,0.146488,0.508263;0.311185,0.871783,0.338135,0.169771
1.01446,0.140699,0.499857;0.350132,0.851846,0.336061,0.197052
1.013,0.136933,0.490503;0.393253,0.826439,0.332618,0.227411
1.011,0.136915,0.480765;0.4383,0.795811,0.327615,0.259318
1.00868,0.141584,0.471876;0.480019,0.7633,0.321556,0.289061
1.00652,0.149196,0.465136;0.512419,0.734962,0.315788,0.312305
1.00458,0.158147,0.460018;0.537741,0.710713,0.310557,0.330569
1.00285,0.167541,0.456059;0.557954,0.689893,0.305878,0.345217
1.00128,0.177136,0.452865;0.574801,0.671454,0.301604,0.357476
0.999763,0.187245,0.45011;0.589844,0.654083,0.297477,0.368465
0.998322,0.197571,0.447759;0.603179,0.637914,0.293552,0.378243
0.996975,0.207823,0.445773;0.614898,0.623061,0.289882,0.386865
0.995737,0.217724,0.444116;0.625084,0.609625,0.286512,0.394384
0.994461,0.228387,0.442564;0.63505,0.595974,0.28304,0.401764
0.993314,0.238358,0.441297;0.643587,0.583858,0.279921,0.408106
0.992137,0.248942,0.440116;0.65195,0.571584,0.276726,0.414338
0.99093,0.260152,0.439023;0.660138,0.559156,0.273456,0.420458
0.989873,0.27027,0.43816;0.667014,0.548383,0.270595,0.425613
0.988795,0.280867,0.437365;0.673759,0.537501,0.26768,0.430685
