0.933704,-0.281379,0.130219;0.0832769,0.889549,0.256179,-0.368972
0.931333,-0.271346,0.134896;0.0823656,0.889991,0.255944,-0.368272
0.928978,-0.261385,0.139544;0.0814542,0.890431,0.25571,-0.367573
0.926638,-0.251496,0.144163;0.0805426,0.890871,0.255475,-0.366872
0.924314,-0.241677,0.148753;0.0796309,0.891308,0.255239,-0.366171
0.922004,-0.231928,0.153314;0.0787191,0.891745,0.255003,-0.36547
0.91971,-0.222251,0.157847;0.0778071,0.89218,0.254767,-0.364768
0.917432,-0.212643,0.162351;0.0768951,0.892613,0.25453,-0.364065
0.915168,-0.203106,0.166826;0.0759829,0.893045,0.254293,-0.363362
0.912919,-0.193638,0.171273;0.0750706,0.893476,0.254055,-0.362658
0.910686,-0.184241,0.175691;0.0741581,0.893905,0.253817,-0.361954
0.908467,-0.174913,0.180081;0.0732456,0.894333,0.253579,-0.361249
0.906264,-0.165654,0.184443;0.0723329,0.89476,0.25334,-0.360543
0.904075,-0.156464,0.188777;0.0714202,0.895185,0.253101,-0.359837
0.901902,-0.147343,0.193082;0.0705073,0.895609,0.252861,-0.35913
0.899743,-0.138291,0.19736;0.0695943,0.896031,0.252621,-0.358423
0.897599,-0.129308,0.201609;0.0686812,0.896452,0.252381,-0.357715
0.89547,-0.120393,0.205831;0.067768,0.896872,0.25214,-0.357007
0.893356,-0.111546,0.210024;0.0668547,0.89729,0.251899,-0.356298
0.889171,-0.0940551,0.218328;0.0650277,0.898122,0.251416,-0.354879
0.885045,-0.0768348,0.226522;0.0632004,0.898948,0.250931,-0.353457
0.880977,-0.059883,0.234606;0.0613726,0.899769,0.250444,-0.352033
0.876968,-0.0431981,0.242581;0.0595445,0.900584,0.249956,-0.350607
0.873016,-0.0267786,0.250447;0.057716,0.901393,0.249466,-0.349179
0.869121,-0.0106229,0.258206;0.0558871,0.902197,0.248975,-0.347748
0.865283,0.00527059,0.265856;0.0540579,0.902995,0.248482,-0.346315
0.861502,0.0209035,0.2734;0.0522283,0.903788,0.247987,-0.344881
0.857778,0.0362775,0.280838;0.0503984,0.904574,0.247491,-0.343444
0.85411,0.051394,0.288171;0.0485682,0.905355,0.246994,-0.342004
0.850497,0.0662547,0.295398;0.0467377,0.906131,0.246494,-0.340563
0.84694,0.0808612,0.302521;0.0449069,0.9069,0.245994,-0.33912
0.843438,0.095215,0.30954;0.0430758,0.907664,0.245492,-0.337674
0.839991,0.109318,0.316456;0.0412445,0.908423,0.244988,-0.336226
0.836599,0.123171,0.323269;0.0394129,0.909175,0.244483,-0.334776
0.833261,0.136777,0.32998;0.037581,0.909922,0.243976,-0.333324
0.829977,0.150136,0.33659;0.0357489,0.910663,0.243467,-0.33187
0.826746,0.16325,0.3431;0.0339166,0.911399,0.242957,-0.330414
0.823569,0.176122,0.349509;0.032084,0.912129,0.242446,-0.328956
0.820445,0.188752,0.355818;0.0302513,0.912853,0.241933,-0.327496
0.817374,0.201142,0.362029;0.0284184,0.913571,0.241419,-0.326034
0.814355,0.213294,0.368141;0.0265853,0.914283,0.240903,-0.324569
0.811389,0.225209,0.374155;0.024752,0.91499,0.240385,-0.323103
0.808474,0.236889,0.380072;0.0229186,0.915691,0.239866,-0.321634
0.80561,0.248335,0.385893;0.021085,0.916386,0.239346,-0.320164
0.802798,0.259549,0.391617;0.0192513,0.917076,0.238824,-0.318691
0.800037,0.270533,0.397246;0.0174175,0.91776,0.2383,-0.317217
0.797326,0.281289,0.402781;0.0155835,0.918438,0.237775,-0.315741
0.794666,0.291817,0.408221;0.0137495,0.91911,0.237249,-0.314262
0.792055,0.302119,0.413568;0.0119154,0.919777,0.236721,-0.312782
0.789495,0.312198,0.418822;0.0100812,0.920437,0.236191,-0.311299
0.786983,0.322054,0.423983;0.00824694,0.921092,0.23566,-0.309815
0.784521,0.331689,0.429052;0.00641263,0.921741,0.235128,-0.308329
0.782107,0.341105,0.434031;0.00457828,0.922385,0.234594,-0.306841
0.779742,0.350304,0.438919;0.0027439,0.923022,0.234059,-0.30535
0.777425,0.359286,0.443717;0.000909505,0.923654,0.233522,-0.303858
0.775156,0.368054,0.448425;-0.000924895,0.92428,0.232983,-0.302364
0.771841,0.380808,0.455322;-0.00367648,0.925208,0.232173,-0.30012
0.768632,0.393087,0.462021;-0.00642802,0.926123,0.23136,-0.297871
0.765528,0.404899,0.468524;-0.00917946,0.927025,0.230543,-0.295618
0.762527,0.416248,0.474834;-0.0119308,0.927914,0.229723,-0.293361
0.759629,0.427139,0.480952;-0.0146819,0.92879,0.2289,-0.2911
0.756833,0.437579,0.486881;-0.0174329,0.929652,0.228073,-0.288835
0.754138,0.447571,0.492622;-0.0201835,0.930502,0.227243,-0.286565
0.751542,0.457123,0.498177;-0.022934,0.931338,0.22641,-0.284292
0.749045,0.466238,0.503549;-0.025684,0.932161,0.225574,-0.282014
0.746646,0.474923,0.50874;-0.0284338,0.932971,0.224735,-0.279733
0.743596,0.485842,0.515382;-0.0320994,0.934031,0.223611,-0.276684
0.740716,0.496018,0.52171;-0.0357643,0.935067,0.222481,-0.273629
0.738002,0.505464,0.527728;-0.0394282,0.936079,0.221346,-0.270567
0.735453,0.514192,0.533442;-0.0430912,0.937068,0.220205,-0.267499
0.732493,0.524111,0.540164;-0.0476684,0.938272,0.218772,-0.263653
0.729781,0.532955,0.546427;-0.0522437,0.939438,0.217329,-0.259798
0.727313,0.540746,0.55224;-0.0568169,0.940568,0.215878,-0.255932
0.724664,0.548742,0.558635;-0.0623019,0.941874,0.214126,-0.251279
0.721997,0.556259,0.565318;-0.0686965,0.943332,0.212067,-0.245834
0.719216,0.563162,0.572715;-0.0769104,0.945099,0.209395,-0.238804
0.716434,0.567921,0.581134;-0.0887573,0.947439,0.205488,-0.228597
0.714825,0.56362,0.589459;-0.107843,0.950688,0.199063,-0.211983
0.715581,0.553303,0.591684;-0.120527,0.952488,0.194703,-0.200824
0.716949,0.542643,0.59178;-0.129564,0.953595,0.191552,-0.192815
0.718509,0.532293,0.591018;-0.136779,0.954373,0.189009,-0.186387
0.720197,0.521997,0.589773;-0.143081,0.954974,0.186769,-0.180746
0.722174,0.510613,0.588015;-0.149372,0.955503,0.184514,-0.175092
0.724087,0.500042,0.586119;-0.154755,0.955897,0.18257,-0.170234
0.726194,0.488765,0.583882;-0.16013,0.956237,0.180616,-0.165367
0.728092,0.47886,0.581769;-0.164602,0.95648,0.17898,-0.161304
0.730113,0.46852,0.579439;-0.169067,0.956685,0.177336,-0.157235
0.732254,0.457769,0.576902;-0.173526,0.956852,0.175686,-0.15316
0.734509,0.446633,0.574167;-0.177978,0.956982,0.174029,-0.149078
0.736873,0.435136,0.571243;-0.182422,0.957074,0.172365,-0.144991
0.739342,0.423304,0.568141;-0.18686,0.957128,0.170694,-0.140898
0.741389,0.413613,0.565537;-0.190405,0.957145,0.169353,-0.137619
0.743497,0.403735,0.562828;-0.193945,0.957138,0.168007,-0.134337
0.745665,0.393685,0.560021;-0.19748,0.957106,0.166657,-0.131052
0.747889,0.383473,0.55712;-0.201011,0.957051,0.165303,-0.127764
0.750166,0.373113,0.55413;-0.204536,0.956971,0.163945,-0.124472
0.752534,0.362449,0.551005;-0.204926,0.957623,0.162064,-0.121238
0.754976,0.351551,0.547765;-0.202159,0.959007,0.159669,-0.118083
0.757469,0.340529,0.544443;-0.199386,0.960366,0.15727,-0.114924
0.760012,0.329389,0.541042;-0.196609,0.961702,0.154868,-0.111763
0.762605,0.31814,0.537563;-0.193826,0.963013,0.152461,-0.108599
0.765245,0.306788,0.534011;-0.191039,0.964299,0.15005,-0.105432
0.767931,0.295341,0.530386;-0.188247,0.965562,0.147636,-0.102263
0.770663,0.283807,0.526693;-0.18545,0.966799,0.145218,-0.099091
0.77344,0.272193,0.522934;-0.182648,0.968013,0.142796,-0.0959165
0.776259,0.260505,0.519112;-0.179842,0.969202,0.140371,-0.0927396
0.779121,0.248753,0.515229;-0.177031,0.970366,0.137942,-0.0895603
0.782023,0.236942,0.511288;-0.174216,0.971506,0.13551,-0.0863787
0.784965,0.225081,0.507291;-0.171396,0.972622,0.133074,-0.083195
0.787946,0.213176,0.503243;-0.168572,0.973713,0.130635,-0.0800092
0.790964,0.201236,0.499144;-0.165744,0.974779,0.128193,-0.0768213
0.794018,0.189267,0.494998;-0.162911,0.975821,0.125747,-0.0736315
0.797107,0.177277,0.490807;-0.160075,0.976838,0.123298,-0.0704399
0.80023,0.165273,0.486575;-0.157234,0.97783,0.120846,-0.0672465
0.803386,0.153263,0.482303;-0.15439,0.978798,0.118391,-0.0640513
0.806574,0.141255,0.477996;-0.151541,0.979741,0.115933,-0.0608546
0.809792,0.129255,0.473654;-0.148689,0.980659,0.113472,-0.0576563
0.813039,0.11727,0.469282;-0.145833,0.981552,0.111008,-0.0544566
0.816315,0.105309,0.464881;-0.142973,0.982421,0.108542,-0.0512554
0.819617,0.0933793,0.460455;-0.14011,0.983264,0.106072,-0.048053
0.822945,0.0814872,0.456006;-0.137243,0.984083,0.1036,-0.0448494
0.826298,0.0696406,0.451537;-0.134372,0.984877,0.101126,-0.0416446
0.829675,0.0578469,0.44705;-0.131498,0.985647,0.0986485,-0.0384388
0.833074,0.0461135,0.442549;-0.128621,0.986391,0.0961688,-0.035232
0.836494,0.0344477,0.438035;-0.125741,0.98711,0.0936867,-0.0320244
0.839934,0.0228571,0.433512;-0.122858,0.987805,0.0912022,-0.0288159
0.843394,0.0113489,0.428983;-0.119971,0.988474,0.0887154,-0.0256067
0.84687,-6.94784e-05,0.42445;-0.117081,0.989118,0.0862264,-0.0223968
0.850364,-0.0113906,0.419915;-0.114189,0.989738,0.0837352,-0.0191864
0.853873,-0.022607,0.415382;-0.111293,0.990332,0.0812419,-0.0159755
0.857396,-0.0337114,0.410853;-0.108395,0.990902,0.0787465,-0.0127642
0.860933,-0.0446963,0.40633;-0.105494,0.991446,0.0762491,-0.00955256
0.864481,-0.0555545,0.401818;-0.10259,0.991966,0.0737498,-0.00634068
0.868041,-0.0662784,0.397317;-0.0996838,0.99246,0.0712487,-0.00312865
0.87161,-0.0768606,0.392832;-0.096775,0.992929,0.0687457,8.34645e-05
0.875188,-0.0872939,0.388364;-0.0938637,0.993373,0.066241,0.00329558
0.878773,-0.0975708,0.383917;-0.0909501,0.993793,0.0637347,0.0065076
0.882364,-0.107684,0.379493;-0.0880341,0.994187,0.0612267,0.00971947
0.88596,-0.117626,0.375094;-0.085116,0.994555,0.0587172,0.0129311
0.88956,-0.127389,0.370724;-0.0821956,0.994899,0.0562062,0.0161424
0.893163,-0.136966,0.366385;-0.0792733,0.995218,0.0536937,0.0193533
0.896768,-0.14635,0.36208;-0.0763489,0.995511,0.05118,0.0225637
0.900373,-0.155533,0.357812;-0.0734226,0.995779,0.0486649,0.0257735
0.903978,-0.164508,0.353583;-0.0704944,0.996023,0.0461486,0.0289827
0.90758,-0.173268,0.349396;-0.0675644,0.99624,0.0436311,0.0321911
0.91118,-0.181804,0.345253;-0.0646328,0.996433,0.0411125,0.0353987
0.915674,-0.19215,0.340142;-0.0609659,0.996639,0.0379629,0.039407
0.920159,-0.202122,0.335111;-0.0572966,0.996805,0.0348117,0.0434137
0.924633,-0.211704,0.330164;-0.0536251,0.996932,0.0316592,0.0474187
0.929093,-0.220884,0.325306;-0.0499515,0.99702,0.0285054,0.0514218
0.933539,-0.229646,0.320544;-0.0462758,0.997068,0.0253504,0.0554229
0.937966,-0.237975,0.315883;-0.0425984,0.997077,0.0221945,0.0594218
0.942374,-0.245858,0.311327;-0.0389193,0.997046,0.0190377,0.0634184
0.947633,-0.254708,0.306007;-0.0345023,0.996958,0.0152486,0.068211
0.952857,-0.262869,0.300856;-0.0300834,0.996812,0.0114586,0.0729996
0.958041,-0.270317,0.295883;-0.0256627,0.99661,0.00766794,0.0777842
0.964033,-0.27807,0.290318;-0.0205035,0.996303,0.00324498,0.0833605
0.96996,-0.284778,0.285022;-0.0153427,0.995919,-0.00117823,0.0889304
0.976645,-0.291114,0.279319;-0.00944316,0.995385,-0.0062332,0.0952876
0.984042,-0.296475,0.273372;-0.00280509,0.994665,-0.0119193,0.102428
0.992092,-0.300138,0.267385;0.00457092,0.993715,-0.0182353,0.110346
1.00072,-0.301246,0.2616;0.0126837,0.99249,-0.0251796,0.119036
1.00916,-0.299112,0.25667;0.0100165,0.99182,-0.0348677,0.122377
1.0169,-0.294052,0.252858;-0.0191231,0.992213,-0.050605,0.11219
1.02393,-0.28677,0.250001;-0.0465281,0.991494,-0.0653615,0.10248
1.02986,-0.278542,0.248054;-0.070468,0.99,-0.0782169,0.0938933
1.03517,-0.269462,0.246686;-0.0926469,0.987891,-0.0900973,0.0858515
1.0399,-0.259939,0.245781;-0.113062,0.985328,-0.101008,0.0783747
1.04409,-0.250313,0.24524;-0.131717,0.982461,-0.110956,0.0714796
1.04776,-0.240872,0.244979;-0.148619,0.979426,-0.119952,0.0651801
1.05131,-0.230818,0.244926;-0.165459,0.975984,-0.128898,0.0588534
1.05438,-0.221284,0.245051;-0.180557,0.972539,-0.136903,0.0531385
1.05735,-0.211323,0.245331;-0.195594,0.968768,-0.144863,0.0474057
1.0602,-0.200968,0.245761;-0.210565,0.96467,-0.152774,0.0416569
1.06293,-0.190252,0.246334;-0.225465,0.960247,-0.160633,0.0358941
1.06526,-0.18045,0.246958;-0.238646,0.956044,-0.167574,0.0307614
1.06749,-0.170411,0.247686;-0.251763,0.951588,-0.17447,0.0256206
1.06962,-0.160159,0.248512;-0.264814,0.946878,-0.18132,0.0204729
1.07165,-0.149716,0.249433;-0.277794,0.941916,-0.188122,0.0153198
1.07357,-0.139106,0.250443;-0.2907,0.936704,-0.194873,0.0101626
1.07539,-0.128351,0.251539;-0.303529,0.931243,-0.201573,0.00500267
1.07711,-0.117474,0.252715;-0.316277,0.925534,-0.208219,-0.00015856
1.07871,-0.106498,0.253968;-0.328942,0.919579,-0.21481,-0.00531975
1.08019,-0.095447,0.255292;-0.341518,0.91338,-0.221344,-0.0104795
1.08157,-0.084343,0.256683;-0.354004,0.906937,-0.227818,-0.0156365
1.08283,-0.0732092,0.258136;-0.366396,0.900254,-0.234233,-0.0207893
1.08396,-0.0620687,0.259648;-0.37869,0.893331,-0.240585,-0.0259366
1.08498,-0.0509443,0.261212;-0.390884,0.88617,-0.246873,-0.031077
1.08587,-0.0398592,0.262826;-0.402973,0.878774,-0.253095,-0.0362092
1.08664,-0.0288362,0.264484;-0.414956,0.871145,-0.25925,-0.0413317
1.08728,-0.0178983,0.266182;-0.426828,0.863283,-0.265336,-0.0464432
1.08779,-0.00706851,0.267916;-0.438587,0.855192,-0.271352,-0.0515424
1.08817,0.00363018,0.26968;-0.450229,0.846874,-0.277295,-0.0566278
1.08841,0.0141748,0.27147;-0.461751,0.83833,-0.283165,-0.0616982
1.08852,0.0245424,0.273281;-0.473151,0.829563,-0.288959,-0.0667522
1.08849,0.03471,0.27511;-0.484424,0.820576,-0.294676,-0.0717885
1.08832,0.0446545,0.276952;-0.495569,0.811371,-0.300316,-0.0768056
1.08795,0.055547,0.279033;-0.507949,0.800757,-0.306564,-0.0824255
1.08741,0.0660954,0.281117;-0.520159,0.789874,-0.312709,-0.0880175
1.08667,0.0762671,0.283199;-0.532193,0.778725,-0.318749,-0.09358
1.08575,0.0860294,0.285272;-0.544048,0.767313,-0.324682,-0.099111
1.08449,0.0963563,0.287556;-0.557006,0.754332,-0.331146,-0.105217
1.083,0.106092,0.289812;-0.569732,0.741036,-0.337472,-0.11128
1.08107,0.116066,0.292251;-0.583457,0.726056,-0.344269,-0.117895
1.07861,0.125999,0.294846;-0.598095,0.709298,-0.351486,-0.125044
1.07554,0.135557,0.297563;-0.613549,0.690665,-0.359067,-0.132705
1.07144,0.144905,0.300552;-0.630844,0.668563,-0.367501,-0.141427
1.06606,0.153139,0.303714;-0.649732,0.642761,-0.376644,-0.151152
1.05871,0.159329,0.30707;-0.670952,0.611419,-0.38682,-0.162361
1.04931,0.161363,0.310227;-0.693005,0.575771,-0.39727,-0.174378
1.03991,0.158667,0.312462;-0.708851,0.547905,-0.404218,-0.184219
1.03071,0.152681,0.313988;-0.710447,0.545128,-0.402147,-0.190733
1.02245,0.145288,0.314963;-0.711745,0.54279,-0.400402,-0.196153
1.01548,0.137926,0.315563;-0.712764,0.540904,-0.398996,-0.200483
1.00821,0.129376,0.316016;-0.713764,0.539004,-0.397579,-0.204808
1.00068,0.119727,0.316332;-0.714747,0.537091,-0.396152,-0.209128
0.992903,0.10907,0.316524;-0.715711,0.535164,-0.394715,-0.213443
0.986923,0.100469,0.316592;-0.716422,0.533709,-0.393631,-0.216676
0.980827,0.0913894,0.316602;-0.717123,0.532248,-0.392541,-0.219905
0.974627,0.0818691,0.316556;-0.717814,0.530778,-0.391445,-0.223131
0.968331,0.0719461,0.316462;-0.718495,0.529301,-0.390344,-0.226354
0.96195,0.0616584,0.316321;-0.719165,0.527817,-0.389238,-0.229574
0.955493,0.0510439,0.316141;-0.719826,0.526325,-0.388125,-0.232791
0.948971,0.0401407,0.315925;-0.720476,0.524826,-0.387008,-0.236004
0.942393,0.0289867,0.315678;-0.721115,0.523319,-0.385885,-0.239214
0.93577,0.0176199,0.315405;-0.721745,0.521804,-0.384756,-0.242421
0.929111,0.00607828,0.315111;-0.722364,0.520283,-0.383622,-0.245624
0.922426,-0.00560011,0.3148;-0.722973,0.518753,-0.382482,-0.248823
0.915724,-0.0173773,0.314477;-0.723571,0.517217,-0.381337,-0.252019
0.909017,-0.0292154,0.314147;-0.724159,0.515673,-0.380186,-0.255212
0.902314,-0.0410762,0.313814;-0.724737,0.514121,-0.379031,-0.258401
0.895625,-0.052922,0.313483;-0.725305,0.512563,-0.377869,-0.261586
0.888959,-0.0647145,0.31316;-0.725862,0.510997,-0.376702,-0.264767
0.882327,-0.076416,0.312848;-0.726409,0.509424,-0.37553,-0.267945
0.875738,-0.0879883,0.312552;-0.726946,0.507843,-0.374353,-0.271119
0.869202,-0.0993936,0.312278;-0.727472,0.506255,-0.37317,-0.274289
0.86273,-0.110594,0.312029;-0.727988,0.50466,-0.371982,-0.277455
0.856331,-0.121551,0.311811;-0.728493,0.503058,-0.370789,-0.280617
0.850016,-0.132227,0.311629;-0.728988,0.501449,-0.36959,-0.283775
0.843793,-0.142584,0.311486;-0.729473,0.499833,-0.368386,-0.286929
0.837673,-0.152584,0.311388;-0.729947,0.498209,-0.367177,-0.290079
0.831666,-0.162188,0.31134;-0.730411,0.496578,-0.365963,-0.293225
0.825782,-0.17136,0.311346;-0.730865,0.494941,-0.364743,-0.296366
0.82003,-0.180061,0.311411;-0.731308,0.493296,-0.363518,-0.299504
0.812585,-0.190864,0.311597;-0.731883,0.491092,-0.361877,-0.30368
0.805417,-0.200671,0.311908;-0.732439,0.488876,-0.360227,-0.307849
0.798549,-0.209394,0.312354;-0.732976,0.486647,-0.358567,-0.31201
0.792005,-0.216942,0.312947;-0.733495,0.484406,-0.356899,-0.316164
0.784317,-0.224587,0.313912;-0.734118,0.481587,-0.3548,-0.321344
0.775872,-0.230904,0.315426;-0.734826,0.47818,-0.352264,-0.327543
0.766067,-0.23398,0.318113;-0.735706,0.473594,-0.348851,-0.33578
0.757241,-0.22931,0.322151;-0.736607,0.468378,-0.344969,-0.345006
0.75278,-0.22093,0.325499;-0.737155,0.464867,-0.342356,-0.351132
0.75,-0.210469,0.328723;-0.73758,0.461921,-0.340164,-0.356222
0.748422,-0.199698,0.331602;-0.737898,0.459551,-0.3384,-0.360283
0.747443,-0.186693,0.33476;-0.738198,0.457169,-0.336628,-0.364336
0.747117,-0.175421,0.337317;-0.738411,0.455375,-0.335294,-0.367369
0.747117,-0.165338,0.339505;-0.739355,0.452291,-0.33421,-0.370258
0.747342,-0.154757,0.341722;-0.745626,0.437759,-0.333093,-0.376107
0.747718,-0.144848,0.343742;-0.750939,0.424942,-0.332038,-0.381137
0.748257,-0.134357,0.345832;-0.756088,0.412031,-0.33091,-0.386083
0.748955,-0.123311,0.347987;-0.761071,0.39903,-0.329709,-0.390945
0.749677,-0.113421,0.349882;-0.76521,0.387816,-0.328623,-0.395044
0.750511,-0.103157,0.351819;-0.769225,0.376541,-0.327483,-0.39908
0.751454,-0.0925365,0.353794;-0.773117,0.365204,-0.326291,-0.403051
0.752504,-0.0815748,0.355806;-0.776884,0.353809,-0.325046,-0.406958
0.75366,-0.0702882,0.357851;-0.780527,0.342357,-0.32375,-0.410799
0.754918,-0.0586929,0.359927;-0.784044,0.33085,-0.322401,-0.414574
0.756042,-0.0488059,0.361678;-0.786878,0.321221,-0.321237,-0.417669
0.757235,-0.038725,0.363447;-0.789625,0.311555,-0.320037,-0.420717
0.758495,-0.0284594,0.365231;-0.792283,0.301854,-0.318802,-0.423718
0.75982,-0.0180186,0.36703;-0.794853,0.29212,-0.317531,-0.426672
0.76121,-0.00741184,0.368842;-0.797334,0.282353,-0.316224,-0.429578
0.762662,0.00335159,0.370664;-0.799726,0.272554,-0.314883,-0.432437
0.764175,0.0142623,0.372496;-0.802029,0.262726,-0.313506,-0.435247
0.765749,0.0253111,0.374336;-0.804242,0.252867,-0.312094,-0.438008
0.767381,0.0364886,0.376182;-0.806365,0.242981,-0.310647,-0.44072
0.769071,0.0477854,0.378033;-0.808398,0.233067,-0.309165,-0.443384
0.770816,0.0591924,0.379887;-0.810341,0.223127,-0.307649,-0.445997
0.772617,0.0707,0.381742;-0.812193,0.213163,-0.306099,-0.448561
0.77447,0.0822991,0.383596;-0.813955,0.203174,-0.304514,-0.451075
0.776376,0.0939803,0.385449;-0.815626,0.193163,-0.302896,-0.453538
0.778332,0.105734,0.387298;-0.817205,0.183131,-0.301243,-0.455951
0.780337,0.117552,0.389142;-0.818694,0.173077,-0.299557,-0.458313
0.78239,0.129423,0.39098;-0.82009,0.163005,-0.297837,-0.460623
0.78449,0.14134,0.392809;-0.821396,0.152914,-0.296084,-0.462883
0.786635,0.153292,0.394627;-0.822609,0.142807,-0.294299,-0.46509
0.788823,0.16527,0.396434;-0.823731,0.132683,-0.29248,-0.467245
0.791054,0.177265,0.398228;-0.82476,0.122544,-0.290628,-0.469349
0.793326,0.189268,0.400007;-0.825698,0.112392,-0.288744,-0.4714
0.795638,0.201269,0.401769;-0.826543,0.102227,-0.286828,-0.473398
0.797988,0.213258,0.403514;-0.827296,0.092051,-0.28488,-0.475343
0.800375,0.225228,0.405238;-0.827957,0.0818645,-0.2829,-0.477235
0.802798,0.237168,0.406941;-0.828525,0.0716689,-0.280888,-0.479074
0.805255,0.249068,0.408621;-0.829,0.0614653,-0.278845,-0.48086
0.807746,0.260921,0.410276;-0.829383,0.0512548,-0.276771,-0.482591
0.810267,0.272715,0.411905;-0.829673,0.0410385,-0.274666,-0.484269
0.812819,0.284443,0.413505;-0.829871,0.0308177,-0.27253,-0.485893
0.8154,0.296095,0.415077;-0.829976,0.0205935,-0.270364,-0.487462
0.818009,0.307661,0.416617;-0.829988,0.0103669,-0.268168,-0.488977
0.820643,0.319132,0.418124;-0.829907,0.000139196,-0.265941,-0.490438
0.823303,0.330498,0.419597;-0.829734,-0.0100885,-0.263685,-0.491843
0.825985,0.341751,0.421034;-0.829468,-0.0203151,-0.2614,-0.493194
0.82869,0.352882,0.422433;-0.82911,-0.0305395,-0.259085,-0.494489
0.831416,0.36388,0.423793;-0.828658,-0.0407604,-0.256741,-0.49573
0.834161,0.374736,0.425112;-0.828115,-0.0509768,-0.254369,-0.496915
0.836924,0.385442,0.426388;-0.827478,-0.0611874,-0.251968,-0.498044
0.839704,0.395988,0.42762;-0.82675,-0.0713913,-0.249539,-0.499118
0.8425,0.406364,0.428807;-0.825929,-0.0815871,-0.247082,-0.500136
0.845309,0.416561,0.429946;-0.825015,-0.0917739,-0.244598,-0.501098
0.848131,0.426571,0.431035;-0.82401,-0.10195,-0.242086,-0.502004
0.850964,0.436382,0.432074;-0.822912,-0.112115,-0.239548,-0.502854
0.853807,0.445988,0.433061;-0.821723,-0.122268,-0.236982,-0.503648
0.85723,0.457228,0.434174;-0.820174,-0.134433,-0.233868,-0.504527
0.860663,0.468141,0.435206;-0.818494,-0.146576,-0.230717,-0.505324
0.864103,0.47871,0.436155;-0.816682,-0.158696,-0.227529,-0.50604
0.867549,0.48892,0.437018;-0.814739,-0.17079,-0.224304,-0.506675
0.870998,0.498755,0.437792;-0.812664,-0.182857,-0.221043,-0.507228
0.874447,0.508198,0.438474;-0.810459,-0.194895,-0.217747,-0.507699
0.878469,0.518699,0.43915;-0.807721,-0.208898,-0.213857,-0.508146
0.882485,0.528619,0.439693;-0.804807,-0.222857,-0.20992,-0.508482
0.886491,0.537933,0.440099;-0.801717,-0.236766,-0.205937,-0.508706
0.891053,0.547802,0.440388;-0.79797,-0.252599,-0.20133,-0.508826
0.895591,0.556808,0.440485;-0.793995,-0.268359,-0.196665,-0.508801
0.900662,0.565861,0.440356;-0.789252,-0.285998,-0.19135,-0.508598
0.906245,0.574516,0.439906;-0.783646,-0.305474,-0.185364,-0.508158
0.912856,0.582849,0.438922;-0.776458,-0.328666,-0.178071,-0.507329
0.920426,0.589579,0.437134;-0.767441,-0.355454,-0.169418,-0.505949
0.929367,0.593135,0.433985;-0.755589,-0.387561,-0.158712,-0.503679
0.938481,0.591002,0.429418;-0.741976,-0.421011,-0.147154,-0.500566
0.945278,0.584874,0.42494;-0.730645,-0.446609,-0.138016,-0.497644
0.950418,0.57717,0.420828;-0.721293,-0.466449,-0.130751,-0.495042
0.954924,0.567868,0.416621;-0.712452,-0.484266,-0.124084,-0.492444
0.958408,0.558799,0.412924;-0.705151,-0.498364,-0.118711,-0.490207
0.961363,0.549644,0.409443;-0.698596,-0.510584,-0.113982,-0.488135
0.964226,0.539324,0.405726;-0.691888,-0.522691,-0.109228,-0.485957
0.966606,0.529532,0.40235;-0.686018,-0.532978,-0.105134,-0.484004
0.968913,0.518849,0.398795;-0.680038,-0.543179,-0.101023,-0.481974
0.970779,0.509255,0.395694;-0.674971,-0.551614,-0.0975846,-0.480223
0.972593,0.499021,0.392465;-0.669828,-0.559986,-0.0941355,-0.478418
0.974352,0.488139,0.389107;-0.664611,-0.568296,-0.0906758,-0.47656
0.976055,0.4766,0.385617;-0.659319,-0.576543,-0.0872059,-0.474649
0.977376,0.466888,0.38273;-0.655033,-0.583094,-0.0844231,-0.473081
0.978661,0.456745,0.379758;-0.6507,-0.589603,-0.0816341,-0.47148
0.979907,0.446166,0.376699;-0.64632,-0.596071,-0.0788394,-0.469845
0.981115,0.435145,0.373552;-0.641894,-0.602495,-0.076039,-0.468177
0.982284,0.423678,0.370318;-0.637422,-0.608877,-0.0732331,-0.466475
0.983413,0.411761,0.366994;-0.632905,-0.615215,-0.0704221,-0.46474
0.984501,0.399388,0.36358;-0.628342,-0.621509,-0.067606,-0.462972
0.985548,0.386555,0.360076;-0.623735,-0.627758,-0.064785,-0.46117
0.986305,0.376625,0.357388;-0.62025,-0.632416,-0.0626663,-0.459797
0.987039,0.366432,0.354647;-0.61674,-0.637048,-0.060545,-0.458406
0.987748,0.355973,0.351855;-0.613205,-0.641655,-0.0584213,-0.456996
0.988433,0.345246,0.34901;-0.609646,-0.646236,-0.0562952,-0.455568
0.989093,0.33425,0.346112;-0.606062,-0.650791,-0.0541669,-0.454122
0.989728,0.322982,0.343161;-0.602454,-0.655319,-0.0520364,-0.452657
0.990338,0.31144,0.340157;-0.598821,-0.659822,-0.0499038,-0.451174
0.990921,0.299623,0.337098;-0.595165,-0.664297,-0.0477692,-0.449673
0.991479,0.287528,0.333985;-0.591484,-0.668747,-0.0456327,-0.448154
0.992011,0.275153,0.330818;-0.58778,-0.673169,-0.0434944,-0.446617
0.992516,0.262496,0.327595;-0.584052,-0.677564,-0.0413543,-0.445062
0.992994,0.249556,0.324317;-0.580301,-0.681932,-0.0392125,-0.443489
0.993445,0.23633,0.320983;-0.576526,-0.686272,-0.0370691,-0.441898
