0.700044,-0.352381,0.479384;0.477235,0.73313,0.481816,0.0511879
0.698553,-0.336345,0.479867;0.479502,0.731483,0.481955,0.0522407
0.697081,-0.320443,0.480348;0.481765,0.72983,0.48209,0.053293
0.695627,-0.304675,0.480826;0.484023,0.72817,0.482221,0.0543449
0.69419,-0.289041,0.481303;0.486276,0.726504,0.482347,0.0553962
0.692771,-0.273539,0.481777;0.488526,0.724831,0.482469,0.0564471
0.69137,-0.25817,0.482249;0.490771,0.723152,0.482586,0.0574975
0.689986,-0.242932,0.48272;0.493012,0.721466,0.4827,0.0585473
0.68862,-0.227827,0.483188;0.495248,0.719773,0.482809,0.0595966
0.687271,-0.212852,0.483654;0.49748,0.718075,0.482913,0.0606454
0.68594,-0.198008,0.484119;0.499707,0.716369,0.483013,0.0616937
0.684626,-0.183295,0.484581;0.50193,0.714658,0.483109,0.0627413
0.68333,-0.168711,0.485041;0.504148,0.71294,0.483201,0.0637885
0.68205,-0.154257,0.4855;0.506362,0.711215,0.483288,0.064835
0.680788,-0.139931,0.485956;0.508571,0.709484,0.483371,0.065881
0.679543,-0.125734,0.48641;0.510776,0.707747,0.483449,0.0669264
0.678314,-0.111665,0.486863;0.512976,0.706003,0.483524,0.0679712
0.677103,-0.0977234,0.487313;0.515171,0.704253,0.483593,0.0690153
0.675909,-0.0839091,0.487762;0.517362,0.702497,0.483659,0.0700589
0.674731,-0.0702214,0.488208;0.519548,0.700735,0.48372,0.0711018
0.67357,-0.05666,0.488653;0.52173,0.698966,0.483777,0.0721441
0.672426,-0.0432244,0.489095;0.523907,0.697191,0.483829,0.0731857
0.671298,-0.0299141,0.489536;0.526079,0.695409,0.483877,0.0742267
0.670187,-0.0167287,0.489975;0.528246,0.693622,0.483921,0.075267
0.669092,-0.00366781,0.490412;0.530409,0.691828,0.483961,0.0763066
0.668014,0.00926909,0.490847;0.532567,0.690028,0.483996,0.0773456
0.666952,0.0220824,0.49128;0.53472,0.688221,0.484027,0.0783838
0.665906,0.0347726,0.491712;0.536869,0.686409,0.484053,0.0794214
0.664877,0.0473401,0.492141;0.539012,0.68459,0.484075,0.0804582
0.663863,0.0597854,0.492569;0.541151,0.682766,0.484093,0.0814943
0.662866,0.0721089,0.492994;0.543285,0.680935,0.484106,0.0825297
0.661884,0.0843111,0.493418;0.545414,0.679098,0.484115,0.0835644
0.660919,0.0963923,0.49384;0.547538,0.677255,0.48412,0.0845983
0.659969,0.108353,0.49426;0.549657,0.675405,0.48412,0.0856314
0.659035,0.120194,0.494679;0.551771,0.67355,0.484116,0.0866637
0.658117,0.131915,0.495095;0.55388,0.671689,0.484108,0.0876953
0.657214,0.143517,0.49551;0.555985,0.669822,0.484095,0.0887261
0.656327,0.155001,0.495923;0.558084,0.667948,0.484078,0.0897561
0.655455,0.166366,0.496334;0.560178,0.666069,0.484057,0.0907853
0.654599,0.177613,0.496743;0.562267,0.664184,0.484031,0.0918137
0.653758,0.188743,0.497151;0.564352,0.662292,0.484001,0.0928413
0.652933,0.199756,0.497556;0.566431,0.660395,0.483966,0.093868
0.652123,0.210653,0.49796;0.568505,0.658492,0.483928,0.0948939
0.651328,0.221434,0.498363;0.570574,0.656583,0.483884,0.0959189
0.650548,0.232099,0.498763;0.572638,0.654668,0.483837,0.0969431
0.649783,0.242649,0.499162;0.574696,0.652747,0.483785,0.0979664
0.649032,0.253084,0.499559;0.57675,0.65082,0.483729,0.0989888
0.648297,0.263405,0.499954;0.578798,0.648888,0.483668,0.10001
0.647577,0.273613,0.500348;0.580841,0.64695,0.483604,0.101031
0.646871,0.283707,0.500739;0.582879,0.645005,0.483534,0.102051
0.64618,0.293688,0.50113;0.584912,0.643055,0.483461,0.103069
0.645171,0.308448,0.501712;0.587951,0.64012,0.483343,0.104596
0.644195,0.322958,0.50229;0.590978,0.637171,0.483214,0.10612
0.643251,0.337217,0.502864;0.593994,0.634209,0.483076,0.107643
0.642339,0.351228,0.503435;0.596997,0.631235,0.482929,0.109163
0.641459,0.364992,0.504002;0.599989,0.628248,0.482771,0.11068
0.640611,0.37851,0.504565;0.602968,0.625248,0.482604,0.112196
0.639794,0.391785,0.505125;0.605935,0.622236,0.482427,0.113709
0.639008,0.404817,0.505681;0.60889,0.619211,0.48224,0.11522
0.638254,0.417608,0.506233;0.611832,0.616173,0.482044,0.116729
0.63753,0.430159,0.506782;0.614762,0.613123,0.481838,0.118235
0.636837,0.442472,0.507327;0.61768,0.610061,0.481622,0.119739
0.636174,0.454549,0.507869;0.620585,0.606986,0.481396,0.121241
0.635541,0.466391,0.508407;0.623478,0.603899,0.481161,0.12274
0.634938,0.477999,0.508941;0.626358,0.6008,0.480916,0.124237
0.634365,0.489376,0.509472;0.629226,0.597689,0.480661,0.125731
0.633821,0.500522,0.51;0.63208,0.594566,0.480396,0.127222
0.633307,0.511439,0.510524;0.634922,0.59143,0.480122,0.128711
0.632821,0.522128,0.511045;0.637751,0.588283,0.479838,0.130198
0.632364,0.532591,0.511563;0.640568,0.585124,0.479545,0.131682
0.631936,0.54283,0.512077;0.643371,0.581953,0.479241,0.133163
0.631535,0.552846,0.512588;0.646161,0.57877,0.478928,0.134641
0.631045,0.565857,0.513264;0.649862,0.574508,0.478496,0.136608
0.630604,0.578477,0.513934;0.653538,0.570226,0.478046,0.13857
0.630212,0.59071,0.514599;0.657192,0.565923,0.47758,0.140527
0.629868,0.602561,0.515258;0.660821,0.5616,0.477096,0.142479
0.629572,0.614032,0.515911;0.664427,0.557256,0.476595,0.144426
0.629323,0.625127,0.516559;0.66801,0.552893,0.476077,0.146368
0.62912,0.635849,0.517201;0.671568,0.548509,0.475542,0.148305
0.628963,0.646203,0.517838;0.675102,0.544106,0.474989,0.150236
0.628852,0.656192,0.51847;0.678612,0.539684,0.47442,0.152162
0.628776,0.668169,0.519252;0.682965,0.534128,0.473685,0.154561
0.628769,0.679588,0.520025;0.687279,0.528543,0.472922,0.156952
0.62883,0.690456,0.520791;0.691555,0.522928,0.472134,0.159334
0.628958,0.70078,0.521549;0.695793,0.517284,0.471318,0.161707
0.629199,0.712459,0.522448;0.700826,0.510472,0.470305,0.164543
0.629532,0.723377,0.523336;0.705802,0.503619,0.469254,0.167365
0.629957,0.733544,0.524214;0.710722,0.496726,0.468165,0.170174
0.630565,0.744475,0.525224;0.716389,0.488633,0.466847,0.173434
0.631292,0.754421,0.52622;0.721977,0.480486,0.465477,0.176675
0.632264,0.764606,0.527341;0.728266,0.471111,0.463849,0.180354
0.633534,0.774591,0.528581;0.735216,0.460483,0.461938,0.184463
0.635328,0.784734,0.530068;0.743529,0.447379,0.459488,0.189439
0.637982,0.794475,0.531916;0.753817,0.430527,0.456189,0.195698
0.642936,0.802959,0.534726;0.769312,0.403666,0.450601,0.205358
0.651388,0.801778,0.538505;0.789724,0.365078,0.441897,0.218589
0.657647,0.79355,0.540843;0.801991,0.339759,0.435775,0.226877
0.662361,0.784594,0.542438;0.810151,0.321853,0.431257,0.232558
0.666599,0.774956,0.543781;0.816862,0.306393,0.427233,0.237346
0.670259,0.765613,0.544883;0.822252,0.293433,0.423774,0.241277
0.673645,0.756235,0.545863;0.826946,0.281712,0.420579,0.244769
0.677111,0.745981,0.546833;0.831489,0.269941,0.417308,0.248216
0.680255,0.736163,0.547686;0.835401,0.259436,0.414337,0.251243
0.683454,0.725713,0.548532;0.839193,0.248894,0.411306,0.254233
0.686293,0.716074,0.549267;0.842411,0.23964,0.408606,0.25682
0.689168,0.705991,0.549997;0.845538,0.23036,0.405861,0.259378
0.692076,0.695485,0.550723;0.848571,0.221055,0.403071,0.261908
0.695013,0.684574,0.551444;0.851511,0.211725,0.400237,0.264409
0.697552,0.674914,0.552059;0.853956,0.20371,0.397772,0.26653
0.700109,0.664982,0.552671;0.856333,0.195678,0.395276,0.268629
0.702681,0.654792,0.553281;0.85864,0.18763,0.392747,0.270707
0.705267,0.644353,0.553888;0.860878,0.179567,0.390187,0.272762
0.707763,0.634106,0.55447;0.862962,0.171809,0.387698,0.274716
0.710317,0.623449,0.555061;0.863595,0.186423,0.376956,0.278126
0.712623,0.61368,0.555591;0.863913,0.199522,0.367178,0.281114
0.714935,0.603745,0.55612;0.863993,0.212566,0.357298,0.284025
0.717255,0.59365,0.556649;0.863834,0.225551,0.34732,0.286857
0.71958,0.583398,0.557176;0.863436,0.238474,0.337246,0.289609
0.72191,0.572994,0.557703;0.8628,0.251331,0.327079,0.292282
0.724245,0.562441,0.558228;0.861925,0.264118,0.316821,0.294874
0.726584,0.551744,0.558754;0.860813,0.276833,0.306476,0.297385
0.728926,0.540907,0.559279;0.859462,0.289471,0.296046,0.299813
0.731272,0.529934,0.559804;0.857875,0.302029,0.285534,0.302159
0.733359,0.520069,0.560271;0.856264,0.313122,0.276124,0.304174
0.735447,0.510103,0.560737;0.854467,0.324146,0.266654,0.306122
0.737537,0.500038,0.561204;0.852483,0.3351,0.257125,0.308004
0.739628,0.489878,0.561671;0.850314,0.34598,0.247541,0.309819
0.741718,0.479626,0.562138;0.847958,0.356786,0.237902,0.311566
0.743809,0.469284,0.562606;0.845418,0.367513,0.228212,0.313245
0.7459,0.458855,0.563074;0.842693,0.37816,0.218471,0.314855
0.747989,0.448342,0.563543;0.839784,0.388724,0.208683,0.316397
0.750078,0.437748,0.564013;0.836692,0.399204,0.19885,0.31787
0.752165,0.427076,0.564483;0.833417,0.409596,0.188973,0.319273
0.75425,0.416329,0.564954;0.829961,0.419899,0.179055,0.320607
0.756332,0.40551,0.565427;0.826323,0.430111,0.169098,0.321871
0.758412,0.394622,0.5659;0.822505,0.440229,0.159103,0.323064
0.760489,0.383667,0.566375;0.818507,0.45025,0.149074,0.324187
0.762562,0.372648,0.566851;0.814331,0.460173,0.139013,0.325239
0.764631,0.361569,0.567328;0.809977,0.469996,0.128921,0.326221
0.766696,0.350432,0.567807;0.805447,0.479716,0.118801,0.327131
0.768757,0.339241,0.568287;0.80074,0.489332,0.108656,0.327969
0.770555,0.329405,0.568709;0.796478,0.497658,0.0997584,0.328644
0.77235,0.319532,0.569132;0.792084,0.505901,0.0908446,0.329265
0.77414,0.309623,0.569556;0.787557,0.514059,0.0819156,0.32983
0.775925,0.29968,0.569982;0.782898,0.522132,0.0729729,0.33034
0.777705,0.289706,0.57041;0.778108,0.530117,0.0640181,0.330795
0.77948,0.279701,0.570839;0.773189,0.538013,0.0550525,0.331194
0.78125,0.269668,0.571269;0.76814,0.54582,0.0460777,0.331538
0.783014,0.259609,0.571702;0.762963,0.553536,0.0370953,0.331827
0.784772,0.249526,0.572136;0.757659,0.561159,0.0281066,0.332061
0.786524,0.23942,0.572572;0.752227,0.568688,0.0191132,0.332239
0.788269,0.229295,0.57301;0.746671,0.576122,0.0101167,0.332361
0.790008,0.219151,0.57345;0.740989,0.58346,0.00111845,0.332428
0.791739,0.20899,0.573893;0.735184,0.590701,-0.00787998,0.332439
0.793464,0.198815,0.574337;0.729255,0.597842,-0.0168771,0.332395
0.79518,0.188628,0.574783;0.723205,0.604884,-0.0258714,0.332295
0.796889,0.17843,0.575232;0.717034,0.611825,-0.0348614,0.33214
0.79859,0.168223,0.575683;0.710743,0.618664,-0.0438455,0.331929
0.800282,0.15801,0.576136;0.704334,0.625399,-0.0528223,0.331663
0.801966,0.147792,0.576592;0.697806,0.632029,-0.0617903,0.331341
0.803641,0.137572,0.57705;0.691163,0.638555,-0.070748,0.330964
0.805307,0.12735,0.577511;0.684403,0.644973,-0.0796938,0.330532
0.806963,0.11713,0.577975;0.677529,0.651283,-0.0886264,0.330044
0.80861,0.106913,0.578441;0.670543,0.657485,-0.0975441,0.329501
0.810247,0.0967003,0.57891;0.663444,0.663577,-0.106445,0.328903
0.811874,0.0864951,0.579382;0.656234,0.669558,-0.115329,0.328251
0.81349,0.0762987,0.579857;0.648914,0.675427,-0.124193,0.327543
0.815096,0.0661131,0.580334;0.641486,0.681183,-0.133037,0.326781
0.81669,0.0559404,0.580815;0.633951,0.686826,-0.141858,0.325964
0.818274,0.0457824,0.581299;0.62631,0.692354,-0.150656,0.325092
0.819846,0.0356412,0.581786;0.618564,0.697766,-0.159429,0.324166
0.821406,0.0255185,0.582276;0.610715,0.703061,-0.168175,0.323187
0.822954,0.0154164,0.582769;0.602764,0.708239,-0.176892,0.322153
0.824491,0.00533692,0.583266;0.594712,0.713298,-0.18558,0.321065
0.826014,-0.00471813,0.583766;0.586561,0.718239,-0.194238,0.319923
0.827525,-0.0147468,0.58427;0.578312,0.723059,-0.202862,0.318729
0.829022,-0.024747,0.584777;0.569966,0.727759,-0.211453,0.31748
0.830507,-0.034717,0.585288;0.561525,0.732336,-0.220009,0.316179
0.831978,-0.0446546,0.585802;0.55299,0.736792,-0.228527,0.314825
0.833435,-0.0545581,0.586321;0.544362,0.741124,-0.237008,0.313419
0.835083,-0.065832,0.586918;0.534391,0.745924,-0.246651,0.311747
0.836712,-0.0770557,0.58752;0.524304,0.750561,-0.256241,0.310007
0.838322,-0.0882264,0.588127;0.514101,0.755034,-0.265775,0.3082
0.839912,-0.0993412,0.588739;0.503787,0.759342,-0.275251,0.306325
0.841482,-0.110397,0.589357;0.493363,0.763485,-0.284666,0.304384
0.843032,-0.121391,0.58998;0.482831,0.767461,-0.29402,0.302376
0.844562,-0.132321,0.590608;0.472193,0.771269,-0.303309,0.300302
0.84607,-0.143183,0.591243;0.461453,0.774909,-0.312532,0.298162
0.847556,-0.153974,0.591883;0.450612,0.77838,-0.321687,0.295958
0.849021,-0.164693,0.592529;0.439672,0.781681,-0.330772,0.293689
0.850464,-0.175335,0.59318;0.428637,0.784812,-0.339784,0.291356
0.851883,-0.185897,0.593838;0.417508,0.787771,-0.348723,0.288959
0.85328,-0.196378,0.594502;0.406287,0.790558,-0.357585,0.286499
0.854653,-0.206774,0.595172;0.394979,0.793173,-0.366369,0.283976
0.856003,-0.217081,0.595849;0.383584,0.795614,-0.375074,0.281392
0.857328,-0.227298,0.596531;0.372105,0.797882,-0.383696,0.278746
0.858628,-0.237422,0.597221;0.360545,0.799976,-0.392235,0.27604
0.859904,-0.247448,0.597917;0.348906,0.801895,-0.400688,0.273273
0.861154,-0.257375,0.598619;0.337191,0.803639,-0.409053,0.270446
0.862529,-0.268421,0.599418;0.323924,0.805392,-0.418358,0.267196
0.863871,-0.279333,0.600225;0.310568,0.806922,-0.427547,0.263872
0.86518,-0.290107,0.601041;0.297126,0.808229,-0.436618,0.260475
0.866454,-0.300739,0.601866;0.283601,0.809313,-0.445568,0.257006
0.867693,-0.311224,0.602701;0.269999,0.810174,-0.454395,0.253466
0.868897,-0.32156,0.603544;0.256321,0.81081,-0.463097,0.249856
0.870064,-0.331741,0.604397;0.242573,0.811223,-0.47167,0.246177
0.871195,-0.341763,0.60526;0.228758,0.811411,-0.480114,0.24243
0.872409,-0.352708,0.606229;0.213334,0.811358,-0.48934,0.238188
0.873576,-0.363447,0.607211;0.197838,0.811028,-0.498399,0.233865
0.874695,-0.373973,0.608205;0.182273,0.810421,-0.507288,0.229462
0.875766,-0.384281,0.609212;0.166647,0.809538,-0.516004,0.224981
0.876789,-0.394366,0.610231;0.150964,0.808379,-0.524544,0.220423
0.877856,-0.405194,0.611368;0.133653,0.806786,-0.533732,0.215323
0.878862,-0.415738,0.61252;0.116287,0.80486,-0.542699,0.210133
0.879807,-0.425989,0.613688;0.0988733,0.802601,-0.551442,0.204857
0.880688,-0.43594,0.614872;0.0814186,0.800012,-0.559958,0.199497
0.881576,-0.446444,0.616184;0.062339,0.79681,-0.568984,0.193555
0.88249,-0.457916,0.617696;0.0678217,0.799238,-0.566964,0.187539
0.883274,-0.468461,0.619169;0.0796181,0.80294,-0.562007,0.181926
0.883969,-0.478566,0.620661;0.0913979,0.806474,-0.556932,0.176275
0.884668,-0.489803,0.622421;0.105117,0.810384,-0.550864,0.169636
0.885251,-0.500454,0.6242;0.118806,0.814064,-0.54464,0.162949
0.88572,-0.510523,0.625993;0.132461,0.817512,-0.538261,0.156215
0.88612,-0.521329,0.628053;0.14802,0.821168,-0.530783,0.148466
0.886377,-0.531394,0.630119;0.163525,0.824519,-0.523108,0.140661
0.886503,-0.541845,0.632444;0.180894,0.827923,-0.514241,0.131818
0.886444,-0.552391,0.635016;0.200094,0.831249,-0.504106,0.12192
0.886148,-0.562715,0.637818;0.221079,0.83435,-0.49262,0.110951
0.885559,-0.572484,0.640823;0.243794,0.837064,-0.479696,0.0988955
0.88454,-0.581953,0.644233;0.270036,0.839347,-0.464111,0.0847276
0.882734,-0.591158,0.648415;0.30332,0.840878,-0.4433,0.0663723
0.879228,-0.598767,0.653916;0.350375,0.8403,-0.41178,0.0396479
0.872446,-0.598436,0.660402;0.416625,0.833529,-0.362841,0.000338542
0.866635,-0.590446,0.663562;0.461608,0.82447,-0.326198,-0.0276128
0.862143,-0.581197,0.664914;0.492104,0.816002,-0.299575,-0.0472193
0.858403,-0.571878,0.665409;0.515454,0.808108,-0.278111,-0.0626302
0.855043,-0.562417,0.665394;0.535148,0.800413,-0.259214,-0.0759209
0.851861,-0.55258,0.66499;0.552861,0.792613,-0.241545,-0.0881235
0.848886,-0.542662,0.664273;0.568693,0.784881,-0.22517,-0.0992447
0.846143,-0.53292,0.663317;0.582739,0.777373,-0.210146,-0.109295
0.843371,-0.522506,0.662061;0.596447,0.769414,-0.195001,-0.119281
0.840858,-0.512575,0.660662;0.608488,0.761869,-0.181273,-0.12821
0.838333,-0.502129,0.659001;0.620243,0.753966,-0.16746,-0.137079
0.836083,-0.492424,0.657297;0.630448,0.746643,-0.155115,-0.144908
0.833832,-0.482333,0.655371;0.640418,0.739043,-0.142713,-0.152683
0.831584,-0.471866,0.653219;0.650151,0.731169,-0.130258,-0.160402
0.829343,-0.461033,0.650832;0.659642,0.723023,-0.117754,-0.168061
0.82739,-0.451262,0.648548;0.667746,0.715675,-0.106777,-0.174711
0.825448,-0.441225,0.646075;0.67566,0.708123,-0.0957699,-0.181312
0.823519,-0.430928,0.64341;0.683381,0.70037,-0.0847355,-0.187862
0.821695,-0.420871,0.640686;0.691376,0.692187,-0.0742869,-0.193281
0.820002,-0.411252,0.637973;0.707544,0.677575,-0.0655604,-0.18967
0.818324,-0.401442,0.635106;0.723313,0.662581,-0.0567969,-0.185953
0.816662,-0.391448,0.632093;0.738674,0.647214,-0.0480014,-0.18213
0.815017,-0.381273,0.62894;0.753618,0.631481,-0.0391788,-0.178205
0.813524,-0.371794,0.625932;0.766943,0.616746,-0.0310718,-0.174519
0.812047,-0.362173,0.622815;0.779905,0.601719,-0.0229502,-0.17075
0.810586,-0.352416,0.619596;0.792498,0.586407,-0.0148176,-0.1669
0.809141,-0.342525,0.616279;0.804714,0.570816,-0.00667809,-0.16297
0.807713,-0.332506,0.612868;0.816549,0.554955,0.00146463,-0.158964
0.806302,-0.322364,0.609368;0.827998,0.538831,0.00960666,-0.154882
0.80491,-0.312101,0.605785;0.839053,0.522452,0.0177441,-0.150727
0.80366,-0.302672,0.602458;0.848759,0.507347,0.0251346,-0.146887
0.802426,-0.293151,0.59907;0.858132,0.492042,0.0325153,-0.14299
0.801209,-0.283542,0.595624;0.867169,0.476545,0.0398832,-0.139037
0.800008,-0.273848,0.592123;0.875867,0.460862,0.0472355,-0.13503
0.798824,-0.264071,0.588571;0.884221,0.444998,0.0545693,-0.130969
0.797658,-0.254217,0.584972;0.892229,0.428959,0.0618817,-0.126858
0.79651,-0.244287,0.581329;0.899887,0.412753,0.0691699,-0.122696
0.79538,-0.234285,0.577646;0.907193,0.396384,0.076431,-0.118487
0.794269,-0.224215,0.573927;0.914143,0.379861,0.0836622,-0.114231
0.793177,-0.214079,0.570175;0.920735,0.363189,0.0908605,-0.10993
0.792105,-0.203882,0.566393;0.926967,0.346374,0.0980233,-0.105587
0.791052,-0.193626,0.562586;0.932836,0.329424,0.105148,-0.101202
0.790021,-0.183315,0.558756;0.938339,0.312345,0.112231,-0.0967768
0.78901,-0.172952,0.554908;0.943474,0.295143,0.11927,-0.0923142
0.788118,-0.163584,0.551432;0.94778,0.279562,0.125566,-0.0882669
0.787244,-0.154178,0.547947;0.951785,0.263893,0.131821,-0.0841915
0.786388,-0.144739,0.544455;0.955489,0.24814,0.138035,-0.0800895
0.78555,-0.135267,0.540959;0.958889,0.232309,0.144205,-0.075962
0.784731,-0.125765,0.537461;0.961984,0.216403,0.150329,-0.0718104
0.78393,-0.116236,0.533964;0.964775,0.200429,0.156406,-0.0676361
0.783149,-0.106682,0.530471;0.967259,0.184391,0.162432,-0.0634403
0.782386,-0.0971059,0.526984;0.969437,0.168295,0.168408,-0.0592243
0.781644,-0.0875096,0.523506;0.971307,0.152146,0.17433,-0.0549896
0.780922,-0.0778957,0.52004;0.972869,0.135948,0.180196,-0.0507374
0.78022,-0.0682667,0.516588;0.974122,0.119707,0.186006,-0.0464691
0.779538,-0.0586249,0.513153;0.975065,0.103428,0.191756,-0.0421861
0.778878,-0.0489728,0.509737;0.9757,0.0871159,0.197446,-0.0378896
0.778239,-0.0393127,0.506343;0.976025,0.0707764,0.203072,-0.0335812
0.777621,-0.0296472,0.502974;0.97604,0.0544145,0.208635,-0.0292621
0.777025,-0.0199786,0.499633;0.975746,0.0380354,0.214131,-0.0249337
0.776452,-0.0103093,0.496321;0.975142,0.0216441,0.219559,-0.0205974
0.775901,-0.000641752,0.493042;0.974228,0.005246,0.224918,-0.0162546
0.775372,0.0090216,0.489799;0.973005,-0.0111538,0.230205,-0.0119066
0.774867,0.0186784,0.486593;0.971474,-0.02755,0.235419,-0.00755484
0.774385,0.0283261,0.483427;0.969634,-0.0439375,0.240559,-0.00320068
0.773927,0.0379624,0.480305;0.967487,-0.0603111,0.245622,0.0011545
0.773493,0.0475848,0.477229;0.965033,-0.0766655,0.250607,0.00550931
0.773083,0.057191,0.4742;0.962272,-0.0929956,0.255513,0.00986237
0.772698,0.0667785,0.471223;0.959206,-0.109296,0.260338,0.0142123
0.772338,0.0763449,0.4683;0.955836,-0.125562,0.26508,0.0185577
0.771968,0.0869464,0.465117;0.951736,-0.143588,0.27025,0.023379
0.771629,0.0975157,0.462008;0.947262,-0.161558,0.275314,0.0281911
0.771322,0.108049,0.458976;0.942418,-0.179465,0.280271,0.0329922
0.771047,0.118544,0.456023;0.937205,-0.197302,0.285118,0.0377804
0.770806,0.128996,0.453155;0.931624,-0.215061,0.289853,0.0425537
0.770597,0.139402,0.450374;0.925679,-0.232736,0.294474,0.0473104
0.770422,0.14976,0.447684;0.91937,-0.250319,0.29898,0.0520486
0.770282,0.160065,0.445089;0.912702,-0.267805,0.303369,0.0567663
0.770176,0.170315,0.442592;0.905676,-0.285186,0.307639,0.0614619
0.770105,0.180506,0.440197;0.898296,-0.302455,0.311789,0.0661333
0.770069,0.190634,0.437907;0.890563,-0.319605,0.315817,0.0707789
0.770069,0.200697,0.435727;0.882482,-0.336631,0.31972,0.0753967
0.770106,0.210691,0.433659;0.874055,-0.353524,0.323499,0.079985
0.770178,0.220613,0.431707;0.865285,-0.370279,0.327151,0.0845419
0.770289,0.23046,0.429876;0.856177,-0.386889,0.330674,0.0890657
0.770453,0.241199,0.428004;0.84577,-0.404985,0.334401,0.0940016
0.770663,0.251839,0.426286;0.834963,-0.422888,0.337969,0.0988929
0.77092,0.262375,0.424727;0.82376,-0.440592,0.341376,0.103737
0.771224,0.272802,0.423332;0.812166,-0.458086,0.344622,0.108533
0.771575,0.283117,0.422106;0.800187,-0.475363,0.347705,0.113276
0.771975,0.293313,0.421053;0.787829,-0.492415,0.350622,0.117966
0.772423,0.303388,0.420179;0.775098,-0.509234,0.353374,0.122601
0.772968,0.314234,0.419434;0.76079,-0.527306,0.356184,0.12759
0.773642,0.326077,0.418868;0.764045,-0.525632,0.35357,0.122206
0.774382,0.337585,0.418571;0.771242,-0.519358,0.349751,0.114571
0.775196,0.348873,0.418525;0.778313,-0.513,0.345874,0.106917
0.776085,0.359923,0.418718;0.785256,-0.506557,0.341941,0.0992458
0.77705,0.370719,0.419139;0.79207,-0.500032,0.337952,0.091558
0.778093,0.381242,0.419777;0.798754,-0.493424,0.333907,0.0838552
0.779215,0.391476,0.420621;0.805307,-0.486735,0.329807,0.0761386
0.780417,0.401404,0.42166;0.811728,-0.479967,0.325653,0.0684096
0.781923,0.412577,0.423103;0.819051,-0.471971,0.32074,0.0593783
0.783543,0.423282,0.424779;0.826191,-0.463869,0.315755,0.0503337
0.785277,0.433491,0.426669;0.833146,-0.455664,0.310699,0.0412779
0.787128,0.443179,0.428756;0.839915,-0.447358,0.305574,0.0322129
0.78939,0.453577,0.431359;0.847422,-0.437742,0.299633,0.0218441
0.79181,0.463216,0.434169;0.854682,-0.427999,0.293605,0.0114691
0.794727,0.473102,0.437546;0.862551,-0.416889,0.286722,-0.00020677
0.797852,0.48192,0.441115;0.870102,-0.405625,0.279732,-0.0118825
0.801575,0.490393,0.445259;0.878115,-0.392934,0.271845,-0.0248502
0.806399,0.498611,0.450411;0.887202,-0.377469,0.262217,-0.040396
0.812074,0.504965,0.456113;0.89639,-0.360436,0.251593,-0.0572071
0.819219,0.508778,0.462705;0.906132,-0.340439,0.239094,-0.0765489
0.827023,0.508566,0.469145;0.914946,-0.320092,0.226351,-0.0958122
0.834919,0.504499,0.474864;0.922326,-0.300806,0.214247,-0.113703
0.84217,0.497871,0.479432;0.927997,-0.28406,0.203719,-0.128958
0.84856,0.490027,0.482935;0.932257,-0.269963,0.194844,-0.141606
0.854588,0.481093,0.485806;0.935729,-0.25717,0.18678,-0.152934
0.860169,0.471613,0.488103;0.938524,-0.245718,0.179555,-0.162957
0.865228,0.462096,0.489893;0.940746,-0.235639,0.173189,-0.171688
0.869695,0.453009,0.491252;0.942483,-0.226958,0.167702,-0.179141
0.874285,0.443047,0.492435;0.944066,-0.21824,0.162187,-0.186564
0.878998,0.432191,0.493432;0.945494,-0.209486,0.156646,-0.193957
0.883022,0.42245,0.494113;0.946565,-0.202164,0.152009,-0.200094
0.887133,0.412067,0.494651;0.947529,-0.19482,0.147354,-0.206208
0.891333,0.401032,0.495039;0.948384,-0.187453,0.142683,-0.212298
0.895622,0.389336,0.49527;0.949132,-0.180065,0.137995,-0.218364
0.899118,0.379495,0.495339;0.949652,-0.17414,0.134234,-0.223199
0.902672,0.369219,0.4953;0.950103,-0.168202,0.130463,-0.228018
0.906284,0.358503,0.49515;0.950484,-0.162252,0.126682,-0.23282
0.909955,0.347342,0.494886;0.950797,-0.15629,0.122892,-0.237605
0.913685,0.33573,0.494505;0.95104,-0.150317,0.119093,-0.242373
0.917475,0.323663,0.494003;0.951214,-0.144332,0.115286,-0.247123
0.921324,0.311136,0.493377;0.951318,-0.138338,0.11147,-0.251855
0.92425,0.301435,0.492824;0.951351,-0.133835,0.108602,-0.255393
0.927211,0.29147,0.492199;0.951345,-0.129326,0.10573,-0.258919
0.930205,0.281239,0.491499;0.951299,-0.124813,0.102854,-0.262435
0.933234,0.270739,0.490723;0.951215,-0.120294,0.0999738,-0.26594
0.936298,0.259969,0.48987;0.951092,-0.115771,0.0970893,-0.269435
0.939396,0.248926,0.488939;0.95093,-0.111242,0.0942009,-0.272918
0.942529,0.237609,0.487927;0.950728,-0.106709,0.0913086,-0.27639
0.945697,0.226015,0.486834;0.950488,-0.102172,0.0884125,-0.279851
0.9489,0.214141,0.485659;0.950209,-0.0976305,0.0855128,-0.2833
0.952138,0.201987,0.484399;0.949891,-0.093085,0.0826096,-0.286738
0.955412,0.189549,0.483054;0.949534,-0.0885357,0.079703,-0.290164
0.958721,0.176825,0.481622;0.949137,-0.0839827,0.0767932,-0.293578
