0.808486,0.263236,0.58853;0.376153,0.861424,0.174256,-0.293415
0.804088,0.270612,0.58267;0.358847,0.873781,0.184347,-0.271574
0.800267,0.278724,0.577058;0.339894,0.88602,0.194947,-0.247864
0.797319,0.286965,0.572108;0.32054,0.89721,0.205316,-0.22386
0.795081,0.295798,0.567525;0.299477,0.907976,0.216108,-0.197965
0.793659,0.305111,0.563406;0.276658,0.918075,0.227256,-0.17016
0.793148,0.31475,0.559841;0.252038,0.927246,0.238683,-0.140438
0.793622,0.32451,0.556913;0.225585,0.935212,0.250302,-0.108806
0.795236,0.334588,0.554606;0.195851,0.94195,0.262592,-0.0736074
0.798008,0.344088,0.553151;0.164215,0.946666,0.274812,-0.0365504
0.802299,0.353217,0.552581;0.127763,0.949098,0.287848,0.00566744
0.808502,0.361064,0.553194;0.0849601,0.948012,0.301782,0.0546076
0.816979,0.365679,0.555388;0.0343128,0.941401,0.316415,0.111662
0.826278,0.364351,0.558888;0.0679543,0.938744,0.307851,0.139179
0.833891,0.358808,0.562322;0.159089,0.936128,0.282052,0.137119
0.840204,0.351513,0.565409;0.231856,0.927849,0.2593,0.134548
0.845673,0.343367,0.568183;0.29286,0.916467,0.238682,0.131728
0.850629,0.334599,0.57073;0.346493,0.902923,0.219325,0.12872
0.855046,0.325717,0.572995;0.39295,0.888348,0.201569,0.125689
0.859098,0.316705,0.575048;0.434445,0.872949,0.184882,0.122625
0.862968,0.307339,0.576968;0.473057,0.856459,0.168603,0.119451
0.866651,0.297746,0.578744;0.508848,0.839175,0.152819,0.116211
0.87014,0.288047,0.580368;0.541892,0.821378,0.137605,0.112943
0.873434,0.278351,0.581835;0.57228,0.803323,0.123029,0.109686
0.876528,0.268759,0.583148;0.600112,0.78525,0.109143,0.106473
0.879615,0.258721,0.584385;0.627161,0.766152,0.0951154,0.103121
0.882499,0.248914,0.585466;0.651777,0.74734,0.0818514,0.0998556
0.885372,0.23873,0.586463;0.675645,0.72767,0.0684936,0.0964763
0.888042,0.22889,0.587311;0.697225,0.708559,0.0559551,0.0932224
0.890698,0.218732,0.588072;0.718107,0.688741,0.0433607,0.0898753
0.89315,0.20902,0.588696;0.736857,0.669722,0.0316269,0.0866869
0.895588,0.199043,0.589235;0.754972,0.650126,0.0198658,0.0834239
0.89801,0.188805,0.589683;0.772437,0.62997,0.00808767,0.080089
0.900348,0.178603,0.590027;0.76552,0.638217,0.00336689,0.081532
0.902524,0.168778,0.590274;0.752102,0.653647,0.000816535,0.0841868
0.904667,0.158738,0.590454;0.73836,0.668794,-0.00173417,0.0868052
0.906765,0.14848,0.590573;0.7243,0.683653,-0.00428412,0.0893861
0.908809,0.138003,0.59064;0.709927,0.698217,-0.00683223,0.0919285
0.910788,0.127307,0.590663;0.695247,0.712479,-0.00937739,0.0944312
0.912522,0.117391,0.590651;0.681641,0.725178,-0.0116877,0.096671
0.914186,0.107292,0.590615;0.667792,0.737618,-0.0139938,0.0988763
0.915772,0.0970087,0.590559;0.653705,0.749796,-0.0162949,0.101046
0.917272,0.0865401,0.59049;0.639385,0.761705,-0.0185903,0.10318
0.918679,0.0758854,0.590413;0.624837,0.773343,-0.020879,0.105278
0.919984,0.0650437,0.590334;0.610065,0.784706,-0.0231602,0.107337
0.92118,0.0540143,0.590259;0.595076,0.795788,-0.0254332,0.109359
0.922157,0.0439265,0.590199;0.581405,0.805519,-0.0274711,0.111145
0.923034,0.0336852,0.590151;0.567565,0.815018,-0.0295011,0.112898
0.923804,0.0232898,0.590119;0.553561,0.824281,-0.0315226,0.114619
0.924462,0.0127397,0.590107;0.539397,0.833306,-0.033535,0.116307
0.925003,0.00203422,0.59012;0.525078,0.84209,-0.0355377,0.117962
0.925421,-0.00882726,0.590161;0.510607,0.850631,-0.0375301,0.119582
0.92571,-0.0198454,0.590235;0.495988,0.858926,-0.0395117,0.121168
0.925864,-0.0310208,0.590345;0.481226,0.866972,-0.0414818,0.122719
0.925884,-0.041087,0.590478;0.467987,0.873915,-0.043223,0.124068
0.925789,-0.0512784,0.590645;0.454641,0.880658,-0.0449543,0.125388
0.925575,-0.0615955,0.590851;0.441192,0.8872,-0.0466754,0.12668
0.925238,-0.0720387,0.591099;0.427642,0.893539,-0.0483858,0.127942
0.924774,-0.0826085,0.59139;0.413994,0.899674,-0.0500852,0.129176
0.924179,-0.0933052,0.591728;0.400252,0.905604,-0.0517731,0.13038
0.92345,-0.104129,0.592117;0.386418,0.911327,-0.0534492,0.131555
0.922582,-0.115081,0.592558;0.372496,0.916843,-0.0551132,0.132699
0.92157,-0.126162,0.593055;0.358489,0.922148,-0.0567645,0.133813
0.920412,-0.137371,0.59361;0.3444,0.927243,-0.0584028,0.134896
0.919104,-0.148709,0.594228;0.330233,0.932127,-0.0600279,0.135949
0.917832,-0.158737,0.594821;0.317774,0.936226,-0.0614385,0.136845
0.916438,-0.168864,0.595465;0.30526,0.94016,-0.0628385,0.137716
0.914921,-0.179091,0.596163;0.292693,0.943931,-0.0642274,0.138564
0.913277,-0.189418,0.596916;0.280075,0.947536,-0.0656051,0.139388
0.911504,-0.199845,0.597727;0.267407,0.950976,-0.0669714,0.140187
0.909599,-0.210374,0.598597;0.254693,0.95425,-0.0683259,0.140961
0.90756,-0.221003,0.599528;0.241934,0.957357,-0.0696686,0.141711
0.905383,-0.231734,0.600522;0.229133,0.960296,-0.070999,0.142436
0.903066,-0.242566,0.601581;0.216292,0.963068,-0.072317,0.143136
0.900606,-0.253501,0.602708;0.203413,0.965671,-0.0736224,0.143812
0.898002,-0.264537,0.603903;0.190499,0.968106,-0.0749149,0.144462
0.895604,-0.274266,0.605006;0.179185,0.970095,-0.0760337,0.145009
0.892851,-0.284999,0.606275;0.198056,0.967047,-0.0750818,0.141271
0.890294,-0.294606,0.607455;0.214767,0.964028,-0.0742117,0.137902
0.887641,-0.304266,0.608679;0.231413,0.960721,-0.0733194,0.134492
0.884897,-0.313967,0.609944;0.24799,0.957124,-0.072405,0.131042
0.882066,-0.323699,0.611245;0.264492,0.95324,-0.0714688,0.127552
0.879156,-0.333453,0.61258;0.280915,0.949069,-0.0705112,0.124024
0.87617,-0.343217,0.613943;0.297254,0.944614,-0.0695323,0.120459
0.873116,-0.352981,0.615332;0.313503,0.939874,-0.0685326,0.116858
0.869998,-0.362735,0.616743;0.329658,0.934852,-0.0675123,0.113221
0.866822,-0.372468,0.618171;0.345714,0.929549,-0.0664717,0.109551
0.863593,-0.38217,0.619614;0.361666,0.923967,-0.0654112,0.105847
0.860317,-0.39183,0.621066;0.377509,0.918108,-0.0643309,0.102112
0.857,-0.401439,0.622525;0.393239,0.911972,-0.0632314,0.098346
0.853646,-0.410985,0.623986;0.408851,0.905562,-0.0621128,0.0945505
0.850263,-0.420459,0.625446;0.42434,0.898881,-0.0609756,0.0907266
0.846854,-0.429849,0.6269;0.439701,0.891929,-0.0598201,0.0868754
0.843426,-0.439146,0.628346;0.454931,0.884709,-0.0586466,0.0829982
0.839554,-0.449481,0.629957;0.4719,0.876269,-0.0573053,0.0786065
0.835672,-0.459668,0.631546;0.48869,0.867496,-0.0559423,0.0741849
0.831788,-0.469695,0.633108;0.505294,0.858393,-0.054558,0.0697351
0.82791,-0.479546,0.634638;0.521706,0.848963,-0.053153,0.0652588
0.824046,-0.489206,0.636129;0.53792,0.839211,-0.0517277,0.0607577
0.820205,-0.49866,0.637578;0.553929,0.82914,-0.0502828,0.0562335
0.816393,-0.507894,0.638977;0.569727,0.818753,-0.0488187,0.0516879
0.812202,-0.517877,0.640468;0.587026,0.806847,-0.0471702,0.0466142
0.808069,-0.527549,0.641885;0.60405,0.794562,-0.0454996,0.0415187
0.804004,-0.536891,0.64322;0.62079,0.781905,-0.0438076,0.0364036
0.799624,-0.546759,0.644585;0.638867,0.767558,-0.0419227,0.0307575
0.795353,-0.556176,0.645832;0.656582,0.752775,-0.040014,0.0250938
0.790838,-0.5659,0.647046;0.675481,0.73616,-0.0379058,0.0188991
0.786488,-0.57502,0.648096;0.693923,0.719048,-0.0357721,0.0126917
0.781987,-0.584174,0.649031;0.713373,0.699962,-0.0334333,0.00595738
0.777409,-0.593141,0.649786;0.733685,0.678786,-0.0308849,-0.00130007
0.772559,-0.602186,0.650302;0.756071,0.653823,-0.0279379,-0.00959244
0.767385,-0.611151,0.650396;0.781472,0.62316,-0.024395,-0.0194239
0.76187,-0.61951,0.649631;0.81166,0.582926,-0.0198614,-0.0317933
0.755381,-0.62538,0.64563;0.859163,0.508791,-0.0118058,-0.0532131
0.753572,-0.619428,0.638236;0.897798,0.434262,-0.004042,-0.073206
0.75465,-0.610874,0.632503;0.916191,0.391845,0.000244766,-0.0839773
0.756444,-0.602139,0.627531;0.928262,0.360431,0.00336262,-0.0916926
0.758561,-0.593417,0.622971;0.937249,0.334587,0.00589308,-0.0978805
0.761064,-0.584032,0.618332;0.944885,0.310494,0.00822478,-0.103524
0.763696,-0.574749,0.613926;0.954352,0.281274,-0.00165419,-0.100474
0.76631,-0.565893,0.609844;0.961784,0.255579,-0.0103082,-0.0976932
0.768995,-0.557048,0.605857;0.967999,0.231535,-0.0183368,-0.0950411
0.771917,-0.547631,0.60169;0.973548,0.207333,-0.0263528,-0.0923237
0.774816,-0.538453,0.597693;0.978075,0.184865,-0.0337362,-0.0897589
0.7779,-0.528829,0.593559;0.982028,0.162288,-0.0410998,-0.0871414
0.780883,-0.519634,0.589657;0.985147,0.14151,-0.0478287,-0.0846972
0.784008,-0.510098,0.585653;0.987779,0.120661,-0.0545341,-0.0822111
0.786966,-0.501146,0.581929;0.989751,0.101656,-0.0606067,-0.079916
0.790033,-0.491936,0.578131;0.991319,0.0826093,-0.0666545,-0.0775882
0.793201,-0.482482,0.574263;0.992483,0.0635292,-0.0726753,-0.0752289
0.796468,-0.472793,0.57033;0.993244,0.0444231,-0.0786664,-0.0728389
0.799487,-0.463884,0.566738;0.993582,0.027212,-0.0840311,-0.0706626
0.802579,-0.454804,0.563099;0.993593,0.00999191,-0.0893681,-0.0684629
0.805739,-0.445561,0.559419;0.993276,-0.00723148,-0.0946756,-0.0662407
0.808963,-0.436165,0.555698;0.992631,-0.0244525,-0.0999518,-0.0639966
0.812249,-0.426624,0.551943;0.991659,-0.0416654,-0.105195,-0.0617314
0.815592,-0.416946,0.548154;0.99036,-0.0588646,-0.110404,-0.0594458
0.81899,-0.40714,0.544336;0.988734,-0.0760444,-0.115576,-0.0571406
0.822439,-0.397214,0.540493;0.986782,-0.0931991,-0.12071,-0.0548166
0.825544,-0.388299,0.537057;0.984773,-0.108422,-0.12524,-0.0527356
0.828684,-0.379302,0.533606;0.982508,-0.123617,-0.129738,-0.0506408
0.831857,-0.370229,0.530142;0.979987,-0.138779,-0.134202,-0.0485329
0.83506,-0.361088,0.526667;0.977211,-0.153906,-0.13863,-0.0464123
0.83829,-0.351882,0.523183;0.974179,-0.168992,-0.143023,-0.0442796
0.841545,-0.34262,0.519694;0.970894,-0.184034,-0.147378,-0.0421354
0.844823,-0.333307,0.516201;0.967356,-0.199028,-0.151695,-0.0399802
0.848121,-0.323948,0.512706;0.963566,-0.213971,-0.155973,-0.0378145
0.851437,-0.31455,0.509213;0.959524,-0.228857,-0.16021,-0.035639
0.854768,-0.30512,0.505723;0.955233,-0.243684,-0.164405,-0.0334543
0.858111,-0.295662,0.502238;0.950692,-0.258448,-0.168557,-0.0312608
0.861465,-0.286183,0.498761;0.945904,-0.273144,-0.172665,-0.0290591
0.864827,-0.27669,0.495295;0.940869,-0.287769,-0.176729,-0.0268499
0.868194,-0.267187,0.491842;0.935589,-0.302318,-0.180746,-0.0246337
0.871564,-0.257682,0.488403;0.930066,-0.31679,-0.184716,-0.0224111
0.874935,-0.24818,0.484982;0.924299,-0.331178,-0.188638,-0.0201826
0.878304,-0.238687,0.481581;0.918292,-0.34548,-0.192511,-0.0179489
0.881668,-0.22921,0.478202;0.912046,-0.359692,-0.196333,-0.0157104
0.885025,-0.219754,0.474847;0.905562,-0.373811,-0.200105,-0.0134679
0.888373,-0.210325,0.471519;0.898842,-0.387832,-0.203824,-0.0112219
0.891709,-0.20093,0.46822;0.891887,-0.401752,-0.20749,-0.00897297
0.895031,-0.191575,0.464953;0.8847,-0.415567,-0.211102,-0.00672168
0.898336,-0.182265,0.461719;0.877283,-0.429274,-0.214659,-0.00446865
0.901621,-0.173006,0.458522;0.869637,-0.442869,-0.21816,-0.00221445
0.904885,-0.163805,0.455363;0.861764,-0.456349,-0.221605,4.03251e-05
0.908125,-0.154668,0.452245;0.853667,-0.469709,-0.224991,0.00229509
0.911339,-0.145601,0.449171;0.845347,-0.482947,-0.228319,0.00454926
0.914523,-0.13661,0.446142;0.836807,-0.49606,-0.231588,0.00680224
0.918067,-0.126593,0.442791;0.826939,-0.510657,-0.235192,0.00933469
0.921568,-0.116687,0.439505;0.816798,-0.525085,-0.238719,0.0118641
0.925023,-0.106903,0.436286;0.806387,-0.53934,-0.242168,0.0143895
0.928426,-0.0972485,0.433137;0.795711,-0.553417,-0.245536,0.0169103
0.931776,-0.0877318,0.430063;0.784772,-0.567312,-0.248824,0.0194254
0.935069,-0.0783617,0.427066;0.773574,-0.581019,-0.252029,0.0219341
0.9383,-0.0691468,0.42415;0.762121,-0.594535,-0.255152,0.0244356
0.941815,-0.0591007,0.421008;0.749101,-0.609322,-0.258522,0.0272056
0.945246,-0.0492687,0.417975;0.735776,-0.623862,-0.261787,0.0299644
0.948587,-0.0396626,0.415055;0.722151,-0.638147,-0.264946,0.0327111
0.951835,-0.0302942,0.412252;0.708232,-0.652172,-0.267997,0.0354445
0.954984,-0.0211754,0.409571;0.694025,-0.665932,-0.270938,0.0381634
0.958327,-0.0114471,0.406769;0.678071,-0.680754,-0.274047,0.0411362
0.96154,-0.00205071,0.404126;0.661782,-0.695241,-0.27702,0.0440887
0.964886,0.0078028,0.401432;0.643642,-0.710654,-0.280108,0.0472849
0.96806,0.0172221,0.398943;0.625123,-0.72565,-0.283031,0.0504533
0.971294,0.0269128,0.396487;0.604649,-0.741416,-0.286011,0.0538523
0.974527,0.0367224,0.394132;0.582134,-0.757823,-0.289,0.0574712
0.977689,0.0464759,0.391958;0.557496,-0.774731,-0.291946,0.0612977
0.9807,0.0559726,0.390054;0.530654,-0.791983,-0.294794,0.0653172
0.983616,0.0654785,0.388446;0.499796,-0.810404,-0.297631,0.0697577
0.986465,0.0753057,0.387287;0.461189,-0.831464,-0.300564,0.0750593
0.988933,0.085049,0.387193;0.408922,-0.856715,-0.303524,0.0818201
