0.820436,0.415952,0.160949;0.690588,0.693921,0.0255371,-0.202263
0.818678,0.418027,0.166688;0.687631,0.696599,0.0269168,-0.20295
0.816936,0.420088,0.172381;0.684661,0.699265,0.0282961,-0.203633
0.81521,0.422135,0.178029;0.681679,0.701918,0.0296748,-0.204313
0.8135,0.424168,0.183631;0.678685,0.704558,0.031053,-0.204989
0.811805,0.426186,0.189187;0.675678,0.707186,0.0324306,-0.205661
0.810125,0.42819,0.194699;0.672658,0.7098,0.0338076,-0.206329
0.808461,0.430181,0.200165;0.669627,0.712401,0.0351841,-0.206994
0.806813,0.432157,0.205586;0.666583,0.71499,0.0365598,-0.207654
0.80518,0.434119,0.210963;0.663527,0.717565,0.0379349,-0.208311
0.803562,0.436067,0.216294;0.660459,0.720127,0.0393093,-0.208965
0.801959,0.438002,0.221582;0.657378,0.722676,0.040683,-0.209614
0.800372,0.439922,0.226824;0.654286,0.725212,0.042056,-0.210259
0.798799,0.441828,0.232023;0.651182,0.727734,0.0434281,-0.210901
0.797242,0.443721,0.237177;0.648065,0.730244,0.0447995,-0.211539
0.7957,0.445599,0.242288;0.644937,0.732739,0.0461701,-0.212173
0.794173,0.447464,0.247355;0.641797,0.735222,0.0475398,-0.212803
0.79266,0.449315,0.252378;0.638646,0.737691,0.0489086,-0.213429
0.791163,0.451152,0.257357;0.635482,0.740146,0.0502766,-0.214051
0.78968,0.452975,0.262293;0.632307,0.742588,0.0516436,-0.21467
0.788212,0.454784,0.267186;0.629121,0.745017,0.0530097,-0.215284
0.786759,0.45658,0.272036;0.625923,0.747431,0.0543748,-0.215895
0.785321,0.458362,0.276843;0.622713,0.749832,0.055739,-0.216501
0.783897,0.460131,0.281607;0.619493,0.75222,0.0571021,-0.217104
0.782487,0.461886,0.286329;0.61626,0.754593,0.0584641,-0.217702
0.781093,0.463627,0.291008;0.613017,0.756953,0.0598251,-0.218297
0.779712,0.465355,0.295644;0.609762,0.759299,0.061185,-0.218888
0.778346,0.467069,0.300239;0.606496,0.761631,0.0625438,-0.219474
0.776995,0.468769,0.304791;0.603219,0.763949,0.0639014,-0.220057
0.775325,0.470876,0.310423;0.599108,0.766827,0.0655968,-0.220779
0.773678,0.472962,0.315989;0.594979,0.769683,0.0672903,-0.221496
0.772053,0.475026,0.32149;0.590833,0.772517,0.0689819,-0.222206
0.77045,0.47707,0.326927;0.58667,0.775329,0.0706715,-0.222909
0.768869,0.479093,0.3323;0.582491,0.778119,0.0723591,-0.223606
0.76731,0.481095,0.337608;0.578295,0.780886,0.0740447,-0.224297
0.765772,0.483076,0.342853;0.574082,0.783631,0.0757281,-0.224982
0.764256,0.485037,0.348034;0.569853,0.786354,0.0774093,-0.22566
0.762762,0.486977,0.353152;0.565608,0.789055,0.0790884,-0.226331
0.761289,0.488896,0.358207;0.561346,0.791732,0.0807651,-0.226996
0.759837,0.490794,0.363199;0.557069,0.794388,0.0824396,-0.227655
0.758406,0.492673,0.368129;0.552775,0.79702,0.0841117,-0.228307
0.756997,0.49453,0.372997;0.548466,0.79963,0.0857814,-0.228952
0.755608,0.496368,0.377804;0.544141,0.802216,0.0874487,-0.229591
0.754241,0.498184,0.382549;0.5398,0.80478,0.0891134,-0.230224
0.752894,0.499981,0.387232;0.535444,0.807321,0.0907756,-0.23085
0.751568,0.501757,0.391855;0.531073,0.809839,0.0924353,-0.231469
0.750263,0.503514,0.396417;0.526687,0.812334,0.0940922,-0.232082
0.748723,0.505594,0.401812;0.521403,0.815297,0.096077,-0.232808
0.747213,0.507646,0.40712;0.516098,0.818226,0.0980579,-0.233525
0.745732,0.509669,0.412342;0.510772,0.821122,0.100035,-0.234232
0.74428,0.511664,0.41748;0.505424,0.823983,0.102007,-0.23493
0.742856,0.513629,0.422532;0.500056,0.826811,0.103976,-0.235618
0.741462,0.515566,0.427499;0.494668,0.829605,0.10594,-0.236296
0.740095,0.517475,0.432383;0.489259,0.832365,0.1079,-0.236964
0.738757,0.519355,0.437184;0.483829,0.835091,0.109855,-0.237623
0.737447,0.521207,0.441901;0.47838,0.837782,0.111806,-0.238272
0.736165,0.523031,0.446536;0.472911,0.840438,0.113753,-0.238911
0.734911,0.524827,0.451089;0.467423,0.84306,0.115694,-0.23954
0.733482,0.526886,0.456298;0.460996,0.846076,0.117953,-0.240262
0.732091,0.528908,0.461397;0.454543,0.849043,0.120206,-0.24097
0.730736,0.530892,0.466386;0.448064,0.851964,0.122452,-0.241665
0.729418,0.532838,0.471267;0.44156,0.854836,0.124691,-0.242346
0.728137,0.534746,0.47604;0.435032,0.857661,0.126923,-0.243014
0.726891,0.536617,0.480706;0.428479,0.860437,0.129148,-0.243668
0.725682,0.538451,0.485266;0.421902,0.863166,0.131365,-0.244308
0.724343,0.540502,0.490349;0.414357,0.866225,0.133891,-0.245023
0.72305,0.542504,0.495295;0.406781,0.86922,0.136407,-0.245721
0.721802,0.544458,0.500105;0.399176,0.872152,0.138912,-0.2464
0.7206,0.546364,0.504782;0.391541,0.87502,0.141408,-0.247061
0.719442,0.548223,0.509325;0.383878,0.877824,0.143893,-0.247704
0.718193,0.550257,0.514279;0.375224,0.880902,0.146676,-0.248406
0.716999,0.552232,0.519068;0.366534,0.883898,0.149446,-0.249085
0.715859,0.554147,0.523693;0.357811,0.886812,0.152201,-0.24974
0.714657,0.556206,0.528642;0.348079,0.889954,0.155247,-0.250442
0.713521,0.558192,0.533394;0.338308,0.892994,0.158275,-0.251115
0.71245,0.560107,0.537951;0.328498,0.895932,0.161284,-0.251759
0.711347,0.56213,0.54274;0.317664,0.899045,0.164573,-0.252434
0.71032,0.564066,0.547299;0.306785,0.902034,0.16784,-0.253074
0.709287,0.566082,0.552013;0.29487,0.905153,0.171377,-0.253733
0.708268,0.568151,0.55682;0.281907,0.908363,0.175177,-0.254399
0.707285,0.570247,0.561652;0.267885,0.911623,0.179231,-0.255062
0.706361,0.572343,0.566439;0.252796,0.91489,0.18353,-0.255708
0.705519,0.57441,0.571111;0.236629,0.918115,0.188064,-0.256325
0.704747,0.576527,0.575841;0.218359,0.921422,0.193098,-0.25693
0.704099,0.578624,0.580459;0.197964,0.924697,0.198608,-0.25749
0.703605,0.580793,0.585141;0.173372,0.928067,0.2051,-0.258007
0.703405,0.582976,0.589719;0.142472,0.931421,0.213025,-0.258414
0.703978,0.585243,0.594183;0.0937809,0.934747,0.224996,-0.258516
0.707743,0.585826,0.594346;0.0010299,0.934576,0.246085,-0.256923
0.710834,0.584348,0.590713;-0.045923,0.931267,0.255911,-0.255231
0.713461,0.582601,0.586768;-0.0792534,0.927601,0.26254,-0.253668
0.715932,0.580689,0.582622;-0.107305,0.923664,0.267894,-0.252118
0.718207,0.578751,0.578535;-0.131132,0.919702,0.272278,-0.250632
0.720413,0.576737,0.574384;-0.152817,0.915599,0.276138,-0.249143
0.722507,0.574717,0.5703;-0.172372,0.911489,0.279511,-0.247687
0.724573,0.572633,0.566159;-0.190831,0.907249,0.282599,-0.246214
0.726593,0.570515,0.562017;-0.208201,0.902935,0.28542,-0.244738
0.72855,0.568391,0.557924;-0.224485,0.898602,0.287988,-0.243276
0.730559,0.566141,0.553651;-0.240705,0.894006,0.290473,-0.241742
0.732487,0.563919,0.549491;-0.255846,0.88946,0.292725,-0.24024
0.734454,0.56159,0.545189;-0.270922,0.884685,0.294901,-0.238676
0.736324,0.559321,0.541053;-0.28493,0.880023,0.296864,-0.237161
0.738223,0.556961,0.536806;-0.298874,0.875164,0.298761,-0.235593
0.74015,0.55451,0.532455;-0.312751,0.870109,0.30059,-0.233972
0.741963,0.552155,0.528327;-0.325574,0.86524,0.302229,-0.23242
0.743795,0.549725,0.52412;-0.338334,0.860204,0.303809,-0.230823
0.74583,0.546967,0.519409;-0.350346,0.855158,0.305093,-0.229957
0.747576,0.544554,0.51534;-0.350532,0.8543,0.304169,-0.23405
0.749335,0.542076,0.511212;-0.350712,0.853427,0.303239,-0.238138
0.751107,0.539535,0.507027;-0.350885,0.852538,0.302304,-0.242222
0.75289,0.536931,0.502787;-0.351051,0.851633,0.301363,-0.246301
0.754685,0.534265,0.498494;-0.351211,0.850713,0.300416,-0.250376
0.75649,0.531538,0.494149;-0.351365,0.849777,0.299464,-0.254446
0.758305,0.528748,0.489755;-0.351512,0.848825,0.298507,-0.258512
0.760129,0.525898,0.485314;-0.351653,0.847858,0.297544,-0.262573
0.76196,0.522988,0.480826;-0.351787,0.846875,0.296576,-0.266629
0.763799,0.520018,0.476295;-0.351915,0.845877,0.295602,-0.27068
0.765643,0.516988,0.471722;-0.352037,0.844863,0.294623,-0.274726
0.767494,0.5139,0.467108;-0.352152,0.843833,0.293638,-0.278767
0.769349,0.510753,0.462456;-0.35226,0.842789,0.292648,-0.282803
0.771208,0.507549,0.457767;-0.352362,0.841728,0.291652,-0.286834
0.77276,0.504834,0.453833;-0.352442,0.840833,0.290819,-0.290189
0.774313,0.502081,0.449876;-0.352518,0.839926,0.289981,-0.29354
0.775868,0.499288,0.445897;-0.352589,0.839009,0.28914,-0.296888
0.777423,0.496456,0.441897;-0.352655,0.838082,0.288296,-0.300231
0.778979,0.493585,0.437877;-0.352717,0.837143,0.287447,-0.303571
0.780534,0.490676,0.433838;-0.352775,0.836194,0.286595,-0.306907
0.782089,0.487729,0.429781;-0.352828,0.835235,0.285739,-0.310239
0.783643,0.484744,0.425708;-0.352876,0.834264,0.28488,-0.313567
0.785196,0.481722,0.421618;-0.35292,0.833283,0.284017,-0.316891
0.786746,0.478662,0.417515;-0.35296,0.832292,0.28315,-0.320212
0.788294,0.475566,0.413398;-0.352995,0.83129,0.28228,-0.323528
0.789839,0.472433,0.409268;-0.353026,0.830277,0.281406,-0.326839
0.79138,0.469263,0.405127;-0.353052,0.829253,0.280529,-0.330147
0.792918,0.466058,0.400975;-0.353073,0.828219,0.279648,-0.333451
0.794451,0.462817,0.396815;-0.35309,0.827175,0.278763,-0.33675
0.79598,0.45954,0.392646;-0.353103,0.82612,0.277875,-0.340045
0.797503,0.456228,0.388469;-0.353111,0.825054,0.276983,-0.343335
0.799021,0.452881,0.384287;-0.353114,0.823978,0.276088,-0.346622
0.800532,0.4495,0.3801;-0.353113,0.822891,0.275189,-0.349903
0.802037,0.446084,0.375909;-0.353108,0.821794,0.274287,-0.353181
0.803535,0.442634,0.371714;-0.353098,0.820686,0.273381,-0.356454
0.805025,0.439151,0.367518;-0.353083,0.819568,0.272472,-0.359722
0.806507,0.435634,0.363321;-0.353064,0.818439,0.271559,-0.362986
0.807981,0.432084,0.359125;-0.353041,0.8173,0.270643,-0.366245
0.809446,0.428501,0.35493;-0.353013,0.816151,0.269724,-0.369499
0.810901,0.424885,0.350737;-0.35298,0.814991,0.2688,-0.372749
0.812346,0.421237,0.346547;-0.352943,0.81382,0.267874,-0.375994
0.813781,0.417558,0.342362;-0.352901,0.81264,0.266944,-0.379234
0.815206,0.413846,0.338183;-0.352855,0.811449,0.266011,-0.382469
0.816619,0.410103,0.334011;-0.352805,0.810247,0.265074,-0.385699
0.81802,0.406329,0.329846;-0.35275,0.809035,0.264134,-0.388925
0.819409,0.402524,0.325689;-0.35269,0.807813,0.26319,-0.392145
0.820785,0.398689,0.321543;-0.352626,0.806581,0.262244,-0.395361
0.822148,0.394823,0.317408;-0.352558,0.805338,0.261293,-0.398571
0.823498,0.390927,0.313284;-0.352485,0.804085,0.26034,-0.401777
0.824833,0.387002,0.309174;-0.352407,0.802822,0.259383,-0.404977
0.826154,0.383047,0.305077;-0.352325,0.801549,0.258423,-0.408172
0.827461,0.379063,0.300996;-0.352238,0.800265,0.257459,-0.411362
0.828751,0.375051,0.296931;-0.352147,0.798971,0.256493,-0.414547
0.830026,0.371009,0.292883;-0.352052,0.797667,0.255523,-0.417726
0.831284,0.36694,0.288853;-0.351952,0.796353,0.254549,-0.4209
0.832526,0.362843,0.284843;-0.351847,0.795028,0.253573,-0.424069
0.83375,0.358717,0.280854;-0.351738,0.793694,0.252593,-0.427232
0.834956,0.354565,0.276886;-0.351625,0.792349,0.25161,-0.43039
0.836144,0.350386,0.27294;-0.351507,0.790994,0.250624,-0.433542
0.837314,0.346179,0.269018;-0.351384,0.789629,0.249635,-0.436689
0.838464,0.341946,0.265121;-0.351257,0.788254,0.248642,-0.43983
0.839595,0.337687,0.261249;-0.351126,0.786869,0.247646,-0.442965
0.840705,0.333402,0.257405;-0.35099,0.785474,0.246647,-0.446095
0.841795,0.329092,0.253588;-0.35085,0.784069,0.245645,-0.44922
0.842864,0.324756,0.2498;-0.350705,0.782654,0.24464,-0.452338
0.843912,0.320395,0.246042;-0.350556,0.781229,0.243632,-0.455451
0.844938,0.316009,0.242316;-0.350402,0.779794,0.24262,-0.458558
0.845941,0.311599,0.238621;-0.350244,0.778349,0.241606,-0.461659
0.846921,0.307165,0.23496;-0.350081,0.776894,0.240588,-0.464754
0.847878,0.302706,0.231332;-0.349914,0.775429,0.239568,-0.467843
0.848811,0.298225,0.227741;-0.349742,0.773955,0.238544,-0.470926
0.84972,0.293719,0.224185;-0.349566,0.77247,0.237517,-0.474004
0.850604,0.289191,0.220667;-0.349385,0.770975,0.236487,-0.477075
0.851464,0.28464,0.217188;-0.3492,0.769471,0.235455,-0.48014
0.852297,0.280067,0.213748;-0.349011,0.767957,0.234419,-0.483199
0.853104,0.275471,0.210349;-0.348817,0.766433,0.23338,-0.486252
0.853885,0.270854,0.206991;-0.348618,0.764899,0.232338,-0.489299
0.854638,0.266215,0.203676;-0.348415,0.763356,0.231293,-0.492339
0.855365,0.261555,0.200405;-0.348208,0.761803,0.230246,-0.495373
0.856063,0.256873,0.197179;-0.347996,0.76024,0.229195,-0.498401
0.856733,0.252171,0.193999;-0.34778,0.758667,0.228142,-0.501422
0.857373,0.247449,0.190866;-0.34756,0.757085,0.227085,-0.504437
0.857985,0.242706,0.187781;-0.347334,0.755493,0.226026,-0.507446
0.858566,0.237944,0.184745;-0.347105,0.753891,0.224964,-0.510448
0.859118,0.233162,0.181759;-0.346871,0.75228,0.223898,-0.513444
0.859638,0.228361,0.178824;-0.346633,0.750659,0.22283,-0.516433
0.860128,0.22354,0.175942;-0.34639,0.749029,0.22176,-0.519415
0.860586,0.218701,0.173113;-0.346143,0.747389,0.220686,-0.522391
0.861011,0.213844,0.170339;-0.345891,0.74574,0.219609,-0.52536
0.861404,0.208969,0.16762;-0.345635,0.744081,0.21853,-0.528323
0.861764,0.204076,0.164958;-0.345375,0.742412,0.217448,-0.531279
0.86209,0.199165,0.162353;-0.34511,0.740734,0.216363,-0.534227
0.862383,0.194237,0.159807;-0.344841,0.739047,0.215276,-0.53717
0.862641,0.189292,0.157321;-0.344567,0.73735,0.214185,-0.540105
0.862863,0.18433,0.154895;-0.344289,0.735644,0.213092,-0.543033
0.863051,0.179352,0.152532;-0.344007,0.733928,0.211997,-0.545955
0.863203,0.174358,0.150231;-0.34372,0.732203,0.210898,-0.548869
0.863318,0.169349,0.147995;-0.343428,0.730469,0.209797,-0.551777
0.863397,0.164323,0.145823;-0.343133,0.728725,0.208693,-0.554677
0.863438,0.159283,0.143718;-0.342833,0.726972,0.207587,-0.557571
0.863442,0.154227,0.141679;-0.342529,0.72521,0.206477,-0.560457
0.863407,0.149157,0.139709;-0.34222,0.723438,0.205366,-0.563336
0.863334,0.144073,0.137809;-0.341907,0.721658,0.204251,-0.566208
0.863231,0.139321,0.136101;-0.34426,0.720444,0.200156,-0.567788
0.863087,0.134368,0.13439;-0.350546,0.719784,0.191421,-0.567791
0.862908,0.129404,0.132744;-0.356791,0.71904,0.182663,-0.567728
0.862694,0.124429,0.131164;-0.362995,0.718213,0.173884,-0.567599
0.862446,0.119446,0.129649;-0.369157,0.717302,0.165086,-0.567404
0.862165,0.114454,0.128198;-0.375275,0.716308,0.156267,-0.567143
0.861852,0.109455,0.12681;-0.38135,0.715231,0.147431,-0.566817
0.861507,0.104451,0.125486;-0.387381,0.71407,0.138578,-0.566424
0.861131,0.0994423,0.124224;-0.393367,0.712827,0.129708,-0.565965
0.860726,0.0944303,0.123023;-0.399307,0.7115,0.120824,-0.565441
0.860292,0.0894161,0.121884;-0.4052,0.710091,0.111925,-0.564851
0.859829,0.0844009,0.120806;-0.411047,0.708599,0.103013,-0.564195
0.85934,0.0793857,0.119788;-0.416845,0.707025,0.0940898,-0.563474
0.858825,0.0743719,0.118829;-0.422595,0.705369,0.0851552,-0.562687
0.858283,0.0693606,0.117929;-0.428296,0.703631,0.0762108,-0.561835
0.857718,0.0643528,0.117088;-0.433948,0.701811,0.0672575,-0.560917
0.857128,0.0593498,0.116305;-0.439549,0.699909,0.0582963,-0.559934
0.856516,0.0543527,0.115579;-0.445098,0.697926,0.0493284,-0.558886
0.855882,0.0493627,0.114909;-0.450596,0.695862,0.0403548,-0.557773
0.855227,0.0443809,0.114296;-0.456042,0.693717,0.0313764,-0.556596
0.854551,0.0394084,0.113738;-0.461434,0.691491,0.0223944,-0.555353
0.853856,0.0344466,0.113236;-0.466773,0.689185,0.0134099,-0.554046
0.853143,0.0294964,0.112787;-0.472058,0.686799,0.0044237,-0.552675
0.852412,0.0245591,0.112393;-0.477288,0.684333,-0.00456296,-0.551239
0.851588,0.0191442,0.112021;-0.482976,0.681528,-0.0144476,-0.549586
0.850745,0.0137479,0.111712;-0.488597,0.678628,-0.0243303,-0.547856
0.849884,0.00837159,0.111466;-0.494149,0.675632,-0.0342095,-0.546048
0.849006,0.00301686,0.111283;-0.499631,0.672541,-0.0440839,-0.544164
0.848112,-0.00231477,0.111161;-0.505043,0.669355,-0.0539521,-0.542203
0.847204,-0.00762175,0.1111;-0.510385,0.666076,-0.0638127,-0.540165
0.846282,-0.0129025,0.111098;-0.515654,0.662702,-0.0736644,-0.538052
0.845348,-0.0181556,0.111156;-0.520851,0.659236,-0.0835057,-0.535863
0.844402,-0.0233794,0.111272;-0.525974,0.655676,-0.0933352,-0.533599
0.843447,-0.0285724,0.111446;-0.531024,0.652025,-0.103152,-0.53126
0.842483,-0.033733,0.111676;-0.535999,0.648282,-0.112953,-0.528846
0.841511,-0.0388598,0.111963;-0.540898,0.644447,-0.122739,-0.526357
0.840532,-0.0439511,0.112305;-0.545722,0.640522,-0.132508,-0.523795
0.839548,-0.0490055,0.112702;-0.550468,0.636507,-0.142258,-0.521159
0.838559,-0.0540214,0.113153;-0.555137,0.632402,-0.151988,-0.518449
0.837567,-0.0589972,0.113656;-0.559728,0.628208,-0.161697,-0.515667
0.836574,-0.0639314,0.114212;-0.564241,0.623926,-0.171383,-0.512812
0.835579,-0.0688225,0.11482;-0.568674,0.619557,-0.181045,-0.509885
0.834494,-0.0741073,0.115541;-0.573418,0.61469,-0.191556,-0.50661
0.833411,-0.079337,0.116321;-0.578067,0.609721,-0.202035,-0.50325
0.832332,-0.0845095,0.117159;-0.582619,0.604649,-0.21248,-0.499806
0.831257,-0.0896228,0.118055;-0.587074,0.599477,-0.22289,-0.496279
0.830188,-0.094675,0.119008;-0.59143,0.594204,-0.233262,-0.492668
0.829127,-0.0996641,0.120016;-0.595687,0.588831,-0.243596,-0.488975
0.828076,-0.104588,0.121079;-0.599844,0.58336,-0.253888,-0.4852
0.827035,-0.109445,0.122195;-0.603901,0.577791,-0.264138,-0.481343
0.826006,-0.114232,0.123364;-0.607857,0.572126,-0.274344,-0.477406
0.824907,-0.119339,0.124689;-0.612028,0.56588,-0.285348,-0.473051
0.823826,-0.124359,0.126072;-0.616078,0.559524,-0.296297,-0.468603
0.822765,-0.129291,0.127514;-0.620008,0.553057,-0.307187,-0.464063
0.821725,-0.134131,0.129013;-0.623815,0.546482,-0.318017,-0.459432
0.820709,-0.138878,0.130567;-0.627501,0.539799,-0.328784,-0.45471
0.819719,-0.143529,0.132175;-0.631062,0.53301,-0.339487,-0.449899
0.818683,-0.148427,0.133966;-0.634759,0.525582,-0.350938,-0.44462
0.817681,-0.153207,0.135818;-0.638312,0.518034,-0.362309,-0.439239
0.816716,-0.157867,0.137727;-0.641719,0.510368,-0.373598,-0.433757
0.81579,-0.162402,0.139693;-0.64498,0.502586,-0.384802,-0.428177
0.814843,-0.16712,0.141861;-0.64831,0.494121,-0.396708,-0.422091
0.813947,-0.171689,0.144091;-0.651471,0.485527,-0.408511,-0.415893
0.813103,-0.176103,0.14638;-0.654462,0.476806,-0.420207,-0.409587
0.812266,-0.180638,0.148885;-0.657463,0.467365,-0.432562,-0.402743
0.811495,-0.184988,0.151453;-0.660269,0.457786,-0.444787,-0.395779
0.810754,-0.189404,0.154249;-0.663035,0.447459,-0.457632,-0.38825
0.810097,-0.1936,0.15711;-0.665578,0.436982,-0.470323,-0.380591
0.809498,-0.197798,0.160209;-0.668026,0.425728,-0.483588,-0.372342
0.809004,-0.201738,0.163375;-0.670223,0.414314,-0.496672,-0.363953
0.8086,-0.205609,0.166786;-0.672269,0.402097,-0.510278,-0.354949
0.808312,-0.209355,0.17045;-0.674117,0.389054,-0.52437,-0.345311
0.808173,-0.212755,0.174184;-0.675652,0.37583,-0.538218,-0.335512
0.808194,-0.215943,0.178175;-0.676925,0.361758,-0.552488,-0.325055
0.808408,-0.218852,0.182428;-0.677887,0.346816,-0.567135,-0.313921
0.808852,-0.221408,0.186947;-0.678484,0.330987,-0.582105,-0.302093
0.80953,-0.223455,0.191532;-0.678665,0.314954,-0.596718,-0.290079
0.8105,-0.225031,0.196381;-0.678408,0.298018,-0.611575,-0.277352
0.81175,-0.226022,0.201287;-0.677697,0.280882,-0.626022,-0.26444
0.81329,-0.22641,0.206243;-0.676532,0.263558,-0.64005,-0.251351
0.81505,-0.226202,0.211031;-0.674991,0.246791,-0.653091,-0.238649
0.817004,-0.225458,0.215641;-0.673128,0.23061,-0.66519,-0.226362
0.819157,-0.22422,0.220127;-0.675159,0.223287,-0.668948,-0.216362
0.82139,-0.222609,0.224312;-0.683425,0.229708,-0.660299,-0.210167
0.823835,-0.220569,0.228504;-0.691539,0.236077,-0.651503,-0.203926
0.8263,-0.218289,0.232416;-0.698973,0.241975,-0.643162,-0.19806
0.82874,-0.215857,0.236044;-0.705754,0.247409,-0.635306,-0.192578
0.831319,-0.213131,0.239663;-0.712418,0.252802,-0.627343,-0.187064
0.833818,-0.210361,0.242992;-0.718463,0.257743,-0.619899,-0.181947
0.836425,-0.207354,0.246307;-0.724406,0.262647,-0.612367,-0.176803
0.839134,-0.204118,0.249605;-0.730245,0.267513,-0.604748,-0.171635
0.841705,-0.200955,0.252609;-0.735507,0.271941,-0.597688,-0.166875
0.844353,-0.19761,0.255593;-0.74068,0.276335,-0.590556,-0.162096
0.847076,-0.194088,0.258554;-0.745765,0.280697,-0.583354,-0.157297
0.84987,-0.190395,0.26149;-0.75076,0.285025,-0.576081,-0.152479
0.852468,-0.186894,0.264136;-0.755223,0.28893,-0.56941,-0.148084
0.855119,-0.183258,0.266756;-0.759612,0.292807,-0.562683,-0.143673
0.857819,-0.179494,0.269349;-0.763925,0.296654,-0.5559,-0.139249
0.860565,-0.175603,0.271914;-0.768163,0.300472,-0.549062,-0.134811
0.863355,-0.171592,0.274448;-0.772324,0.30426,-0.542169,-0.130359
0.865901,-0.16788,0.276702;-0.776004,0.307644,-0.53592,-0.126342
0.868477,-0.164077,0.278927;-0.779622,0.311003,-0.529628,-0.122314
0.871083,-0.160184,0.281123;-0.783177,0.314337,-0.523293,-0.118277
0.873715,-0.156204,0.283289;-0.78667,0.317646,-0.516917,-0.11423
0.876372,-0.152141,0.285423;-0.790099,0.32093,-0.510499,-0.110174
0.879051,-0.147996,0.287524;-0.793465,0.324188,-0.50404,-0.106109
0.88175,-0.143774,0.28959;-0.796768,0.327419,-0.49754,-0.102035
0.884467,-0.139477,0.291619;-0.800007,0.330625,-0.491001,-0.0979537
0.887201,-0.135107,0.293612;-0.803181,0.333804,-0.484422,-0.0938643
0.889948,-0.130669,0.295566;-0.806291,0.336956,-0.477805,-0.0897673
0.892707,-0.126164,0.297479;-0.809336,0.340081,-0.471149,-0.0856632
0.895168,-0.122106,0.299145;-0.811989,0.342836,-0.465201,-0.0820092
0.897635,-0.117999,0.300777;-0.81459,0.345569,-0.459224,-0.0783501
0.900107,-0.113847,0.302374;-0.817139,0.348281,-0.453217,-0.074686
0.902582,-0.109651,0.303935;-0.819637,0.35097,-0.447182,-0.0710172
0.905058,-0.105412,0.30546;-0.822083,0.353637,-0.441118,-0.0673439
0.907535,-0.101134,0.306947;-0.824477,0.356282,-0.435027,-0.0636663
0.91001,-0.096817,0.308395;-0.826818,0.358904,-0.428907,-0.0599847
0.912483,-0.0924644,0.309803;-0.829107,0.361504,-0.422761,-0.0562993
0.914951,-0.0880778,0.311171;-0.831344,0.36408,-0.416588,-0.0526104
0.917414,-0.0836592,0.312497;-0.833527,0.366634,-0.410389,-0.048918
0.919869,-0.0792107,0.31378;-0.835658,0.369164,-0.404163,-0.0452226
0.922316,-0.0747343,0.31502;-0.837737,0.371671,-0.397912,-0.0415244
0.924753,-0.0702321,0.316215;-0.839762,0.374154,-0.391636,-0.0378234
0.927177,-0.0657059,0.317365;-0.841733,0.376614,-0.385335,-0.0341201
0.929589,-0.061158,0.318468;-0.843652,0.379049,-0.379009,-0.0304147
0.931986,-0.0565902,0.319523;-0.845517,0.381461,-0.37266,-0.0267073
0.934367,-0.0520047,0.32053;-0.847328,0.383849,-0.366286,-0.0229982
0.93673,-0.0474034,0.321488;-0.849086,0.386212,-0.35989,-0.0192877
0.939074,-0.0427884,0.322395;-0.85079,0.388551,-0.353471,-0.0155759
0.941397,-0.0381617,0.32325;-0.85244,0.390865,-0.347029,-0.0118632
0.943698,-0.0335253,0.324053;-0.854036,0.393154,-0.340566,-0.00814966
0.945976,-0.0288813,0.324803;-0.855578,0.395419,-0.334081,-0.00443564
0.948229,-0.0242316,0.325499;-0.857066,0.397658,-0.327575,-0.000721342
0.950455,-0.0195784,0.326139;-0.8585,0.399872,-0.321047,0.002993
0.952653,-0.0149236,0.326722;-0.859879,0.402061,-0.3145,0.00670716
0.954821,-0.0102693,0.327249;-0.861203,0.404225,-0.307933,0.0104209
0.956958,-0.0056174,0.327717;-0.862473,0.406362,-0.301346,0.014134
0.959063,-0.000970048,0.328126;-0.863689,0.408474,-0.29474,0.0178461
0.961134,0.00367076,0.328474;-0.86485,0.410561,-0.288116,0.0215572
0.963169,0.00830301,0.328762;-0.865955,0.412621,-0.281473,0.0252668
0.965168,0.0129247,0.328987;-0.867006,0.414655,-0.274812,0.0289749
0.967127,0.0175337,0.329149;-0.868003,0.416663,-0.268134,0.0326812
0.969284,0.0227013,0.329255;-0.869057,0.41889,-0.260601,0.0368482
0.971389,0.0278474,0.329278;-0.870043,0.421083,-0.253047,0.0410123
0.973438,0.0329693,0.329217;-0.870958,0.423243,-0.245473,0.0451731
0.975431,0.038064,0.329071;-0.871804,0.425369,-0.237879,0.0493302
0.977364,0.0431286,0.328838;-0.872579,0.427461,-0.230266,0.0534834
0.979236,0.0481602,0.328517;-0.873285,0.429518,-0.222634,0.0576324
0.981045,0.053156,0.328106;-0.873921,0.431541,-0.214985,0.0617767
0.982789,0.0581131,0.327605;-0.874486,0.43353,-0.207318,0.065916
0.984465,0.0630286,0.327011;-0.874982,0.435483,-0.199635,0.0700501
0.986071,0.0678996,0.326323;-0.875407,0.437402,-0.191936,0.0741785
0.987606,0.0727232,0.325541;-0.875762,0.439286,-0.184221,0.078301
0.989067,0.0774965,0.324662;-0.876047,0.441134,-0.176492,0.0824173
0.990451,0.0822167,0.323685;-0.876262,0.442947,-0.168748,0.0865269
0.991898,0.0873955,0.322483;-0.876418,0.44492,-0.160128,0.0910849
0.993246,0.0925012,0.321156;-0.876487,0.446849,-0.151493,0.095634
0.994491,0.0975298,0.319704;-0.87647,0.448734,-0.142842,0.100174
0.995631,0.102477,0.318123;-0.876366,0.450574,-0.134177,0.104703
0.996663,0.10734,0.316412;-0.876175,0.452369,-0.125499,0.109223
0.997584,0.112114,0.314568;-0.875897,0.45412,-0.116809,0.113731
0.998391,0.116794,0.312591;-0.875533,0.455826,-0.108107,0.118228
0.999081,0.121378,0.310478;-0.875082,0.457487,-0.099394,0.122714
0.999652,0.125861,0.308227;-0.874544,0.459102,-0.0906714,0.127187
1.0001,0.130239,0.305837;-0.87392,0.460672,-0.0819399,0.131648
1.00045,0.134929,0.303043;-0.873133,0.462347,-0.0723258,0.13654
1.00064,0.139483,0.300076;-0.872242,0.463965,-0.0627031,0.141415
1.00067,0.143894,0.296933;-0.871246,0.465529,-0.0530729,0.146274
1.00054,0.148158,0.29361;-0.870146,0.467036,-0.0434363,0.151115
1.00027,0.151971,0.290371;-0.869035,0.468383,-0.0345063,0.155582
0.999808,0.155986,0.286651;-0.869981,0.46957,-0.0370968,0.145812
0.999176,0.159844,0.282751;-0.870837,0.470708,-0.0396833,0.136026
0.998465,0.163186,0.279093;-0.871529,0.47169,-0.0420077,0.127206
0.997624,0.166406,0.2753;-0.872148,0.472632,-0.0443285,0.118376
0.996656,0.169509,0.271379;-0.872692,0.473534,-0.0466456,0.109536
0.995565,0.172498,0.267336;-0.873163,0.474396,-0.0489587,0.100686
0.994355,0.175375,0.263175;-0.87356,0.475218,-0.0512677,0.0918281
0.993029,0.178144,0.258904;-0.873883,0.475999,-0.0535723,0.0829623
0.99159,0.180807,0.254526;-0.874132,0.476741,-0.0558724,0.0740894
0.990042,0.183369,0.250049;-0.874308,0.477442,-0.0581678,0.0652103
0.98839,0.185831,0.245478;-0.874409,0.478102,-0.0604582,0.0563256
0.986636,0.188198,0.240819;-0.874436,0.478722,-0.0627436,0.0474362
0.984784,0.190472,0.236077;-0.874389,0.479302,-0.0650236,0.0385427
0.983058,0.192418,0.231798;-0.874285,0.479783,-0.0670456,0.0306347
0.98126,0.194295,0.227462;-0.874123,0.480232,-0.0690632,0.0227246
0.979393,0.196106,0.223073;-0.873902,0.480649,-0.0710762,0.014813
0.977459,0.197853,0.218635;-0.873623,0.481034,-0.0730844,0.00690038
0.975461,0.199538,0.214153;-0.873285,0.481387,-0.0750878,-0.00101269
0.9734,0.201163,0.209631;-0.87289,0.481707,-0.0770861,-0.00892569
0.97128,0.20273,0.205072;-0.872435,0.481996,-0.0790792,-0.0168381
0.969104,0.204242,0.200481;-0.871923,0.482252,-0.0810671,-0.0247494
0.966873,0.2057,0.195861;-0.871352,0.482475,-0.0830495,-0.032659
0.96459,0.207108,0.191216;-0.870722,0.482667,-0.0850264,-0.0405664
0.962258,0.208466,0.186552;-0.870035,0.482826,-0.0869976,-0.0484711
0.959879,0.209778,0.181871;-0.869289,0.482953,-0.088963,-0.0563726
0.957456,0.211045,0.177177;-0.868486,0.483048,-0.0909225,-0.0642703
0.954992,0.21227,0.172476;-0.867624,0.48311,-0.0928758,-0.0721638
0.952488,0.213455,0.16777;-0.866704,0.48314,-0.094823,-0.0800523
0.949947,0.214602,0.163064;-0.865726,0.483138,-0.0967638,-0.0879356
0.947373,0.215713,0.158361;-0.86469,0.483104,-0.0986981,-0.0958129
0.944767,0.21679,0.153667;-0.863597,0.483037,-0.100626,-0.103684
0.942132,0.217836,0.148984;-0.862446,0.482938,-0.102547,-0.111548
0.93947,0.218853,0.144318;-0.861237,0.482806,-0.104461,-0.119404
0.936784,0.219843,0.139671;-0.85997,0.482642,-0.106368,-0.127253
0.934077,0.220808,0.135048;-0.858646,0.482446,-0.108268,-0.135093
0.931351,0.221751,0.130453;-0.857265,0.482218,-0.110161,-0.142924
0.928609,0.222673,0.12589;-0.855826,0.481958,-0.112047,-0.150746
0.925852,0.223576,0.121364;-0.85433,0.481665,-0.113924,-0.158557
0.923085,0.224464,0.116877;-0.852777,0.48134,-0.115795,-0.166358
0.920308,0.225338,0.112434;-0.851167,0.480983,-0.117657,-0.174147
0.917526,0.2262,0.10804;-0.8495,0.480594,-0.119512,-0.181925
0.914739,0.227052,0.103698;-0.847776,0.480172,-0.121359,-0.189691
0.911951,0.227898,0.0994117;-0.845995,0.479719,-0.123198,-0.197445
0.909165,0.228738,0.0951859;-0.844158,0.479233,-0.125028,-0.205184
0.906382,0.229575,0.0910243;-0.842265,0.478716,-0.12685,-0.212911
0.903606,0.230412,0.086931;-0.840315,0.478166,-0.128663,-0.220623
0.900493,0.231355,0.0824127;-0.838054,0.477509,-0.130693,-0.229281
0.897395,0.232302,0.0779917;-0.835722,0.476812,-0.132712,-0.23792
0.894316,0.233258,0.0736736;-0.83332,0.476075,-0.13472,-0.246539
0.891259,0.234225,0.0694644;-0.830847,0.475297,-0.136716,-0.255137
0.888227,0.235207,0.0653696;-0.828304,0.474479,-0.138701,-0.263713
0.885224,0.236206,0.061395;-0.82569,0.473621,-0.140674,-0.272267
0.881927,0.23734,0.0571268;-0.822704,0.472621,-0.142852,-0.281745
0.878675,0.238503,0.0530219;-0.819633,0.471571,-0.145015,-0.291193
0.875473,0.239701,0.0490883;-0.816476,0.470472,-0.147163,-0.30061
0.872327,0.240937,0.0453338;-0.813233,0.469324,-0.149296,-0.309996
0.868936,0.242345,0.0414202;-0.809568,0.468005,-0.151624,-0.320284
0.865624,0.243811,0.0377433;-0.805801,0.466626,-0.153933,-0.330531
0.86211,0.245481,0.0340144;-0.801575,0.465054,-0.156429,-0.341661
0.858707,0.247234,0.0305933;-0.797228,0.463413,-0.158902,-0.35274
0.855155,0.249233,0.0272503;-0.792384,0.461556,-0.161554,-0.364683
0.851499,0.251515,0.0240918;-0.787011,0.459465,-0.164379,-0.377472
0.848033,0.253941,0.0214124;-0.781476,0.45728,-0.167169,-0.390184
0.844543,0.256714,0.0190979;-0.775369,0.454836,-0.170121,-0.403715
0.841095,0.259886,0.0172925;-0.768654,0.45211,-0.173225,-0.418044
0.837765,0.263517,0.0161601;-0.761294,0.449081,-0.176473,-0.433145
0.834639,0.267678,0.0158857;-0.75325,0.445727,-0.179854,-0.448992
0.832091,0.271927,0.0165404;-0.745419,0.44242,-0.182991,-0.46382
0.829959,0.27651,0.0181221;-0.737363,0.43898,-0.186073,-0.478507
0.828444,0.280846,0.0203186;-0.73007,0.435835,-0.188745,-0.491346
0.827354,0.285155,0.0230705;-0.723108,0.432806,-0.191199,-0.503226
0.826634,0.289392,0.0262519;-0.716511,0.429915,-0.193443,-0.514164
0.82623,0.293514,0.0297391;-0.710309,0.427178,-0.195485,-0.524181
0.826086,0.297476,0.0334118;-0.70453,0.424614,-0.19733,-0.533294
0.826148,0.301235,0.037155;-0.699199,0.422235,-0.198985,-0.54152
0.82638,0.304913,0.0410354;-0.695741,0.418407,-0.200688,-0.548274
0.826734,0.308341,0.044828;-0.702426,0.405432,-0.20319,-0.548577
0.827182,0.311618,0.0485979;-0.708495,0.393304,-0.205474,-0.548751
0.82774,0.31498,0.0525998;-0.71443,0.381102,-0.207718,-0.548821
0.828351,0.318154,0.056494;-0.719789,0.369775,-0.209755,-0.548793
0.829049,0.32139,0.0605748;-0.725031,0.358387,-0.211759,-0.548677
0.829832,0.324685,0.0648368;-0.730157,0.346942,-0.213728,-0.548472
0.830621,0.327752,0.0688984;-0.734752,0.336402,-0.215503,-0.548207
0.831476,0.330861,0.0731038;-0.739248,0.325816,-0.217248,-0.547868
0.832394,0.334009,0.0774487;-0.743644,0.315186,-0.218964,-0.547454
0.833282,0.3369,0.0815165;-0.747552,0.305485,-0.220499,-0.547014
0.834219,0.339817,0.0856931;-0.751377,0.295751,-0.222008,-0.546512
0.835202,0.342758,0.0899756;-0.755118,0.285983,-0.223493,-0.54595
0.836231,0.34572,0.0943609;-0.758775,0.276182,-0.224953,-0.545326
0.837302,0.348699,0.0988459;-0.762346,0.266352,-0.226388,-0.544641
0.838302,0.351394,0.102965;-0.765487,0.257478,-0.227657,-0.543972
0.839334,0.3541,0.10716;-0.768559,0.248581,-0.228906,-0.543255
0.840396,0.356814,0.111429;-0.771562,0.239662,-0.230134,-0.542488
0.841488,0.359536,0.11577;-0.774494,0.230721,-0.231342,-0.541671
0.842608,0.362262,0.120179;-0.777356,0.221759,-0.232528,-0.540806
0.843755,0.364991,0.124656;-0.780148,0.212777,-0.233693,-0.539892
0.844927,0.367721,0.129198;-0.782869,0.203776,-0.234837,-0.538928
0.846123,0.37045,0.133802;-0.785519,0.194756,-0.23596,-0.537916
0.847342,0.373177,0.138466;-0.788097,0.185719,-0.237061,-0.536855
0.848582,0.375899,0.143188;-0.790604,0.176664,-0.238141,-0.535745
0.849701,0.378313,0.147433;-0.792773,0.168603,-0.239083,-0.534718
0.850836,0.38072,0.15172;-0.794885,0.160529,-0.240008,-0.533653
0.851984,0.38312,0.156048;-0.796939,0.152444,-0.240915,-0.532549
0.853145,0.38551,0.160415;-0.798937,0.144347,-0.241805,-0.531407
0.854318,0.38789,0.16482;-0.800877,0.136241,-0.242678,-0.530227
0.855502,0.390258,0.169262;-0.802761,0.128125,-0.243534,-0.529009
0.856697,0.392612,0.173737;-0.804586,0.119999,-0.244372,-0.527754
0.857901,0.394952,0.178246;-0.806354,0.111865,-0.245192,-0.52646
0.859113,0.397276,0.182787;-0.808064,0.103723,-0.245995,-0.525129
0.860332,0.399583,0.187357;-0.809716,0.0955734,-0.24678,-0.52376
0.861558,0.401871,0.191955;-0.811311,0.087417,-0.247548,-0.522353
0.862789,0.404139,0.196581;-0.812847,0.0792543,-0.248298,-0.52091
0.864025,0.406386,0.201231;-0.814325,0.071086,-0.24903,-0.519428
0.865264,0.40861,0.205905;-0.815744,0.0629126,-0.249744,-0.51791
0.866506,0.41081,0.210601;-0.817105,0.0547347,-0.250441,-0.516355
0.86775,0.412984,0.215317;-0.818408,0.0465529,-0.251119,-0.514762
0.868995,0.415132,0.220052;-0.819652,0.0383677,-0.25178,-0.513133
0.870239,0.417252,0.224805;-0.820837,0.0301798,-0.252422,-0.511467
0.871482,0.419342,0.229573;-0.821964,0.0219897,-0.253047,-0.509764
0.872723,0.421402,0.234355;-0.823031,0.013798,-0.253653,-0.508025
0.873962,0.423429,0.23915;-0.82404,0.00560537,-0.254241,-0.506249
0.875196,0.425423,0.243955;-0.82499,-0.00258768,-0.254811,-0.504437
0.876425,0.427383,0.24877;-0.82588,-0.0107805,-0.255362,-0.502589
0.877649,0.429306,0.253593;-0.826711,-0.0189726,-0.255896,-0.500705
0.878866,0.431192,0.258422;-0.827484,-0.0271634,-0.256411,-0.498785
0.880075,0.433038,0.263256;-0.828196,-0.0353522,-0.256907,-0.49683
0.881275,0.434845,0.268092;-0.82885,-0.0435384,-0.257385,-0.494838
0.882466,0.43661,0.27293;-0.829444,-0.0517215,-0.257845,-0.492812
0.883647,0.438333,0.277768;-0.829979,-0.059901,-0.258286,-0.49075
0.884815,0.440011,0.282605;-0.830454,-0.0680761,-0.258709,-0.488652
0.885972,0.441643,0.287438;-0.83087,-0.0762464,-0.259114,-0.48652
0.887115,0.443229,0.292266;-0.831226,-0.0844112,-0.259499,-0.484353
0.888244,0.444766,0.297088;-0.831523,-0.0925699,-0.259866,-0.482152
0.889358,0.446254,0.301902;-0.83176,-0.100722,-0.260215,-0.479915
0.890455,0.447691,0.306706;-0.831937,-0.108867,-0.260545,-0.477645
0.891536,0.449076,0.311499;-0.832055,-0.117004,-0.260856,-0.47534
0.892598,0.450407,0.316279;-0.832114,-0.125133,-0.261148,-0.473001
0.893641,0.451683,0.321045;-0.832113,-0.133253,-0.261422,-0.470628
0.894665,0.452902,0.325795;-0.832052,-0.141363,-0.261677,-0.468222
0.895791,0.454206,0.331118;-0.831912,-0.150475,-0.261942,-0.465474
0.896889,0.455434,0.336417;-0.831697,-0.159573,-0.262183,-0.462685
0.897959,0.456585,0.341689;-0.831406,-0.168657,-0.2624,-0.459853
0.898998,0.457658,0.346932;-0.83104,-0.177725,-0.262593,-0.45698
0.900005,0.45865,0.352144;-0.830599,-0.186777,-0.262762,-0.454065
0.900979,0.45956,0.357323;-0.830082,-0.195813,-0.262908,-0.45111
0.901919,0.460385,0.362466;-0.829491,-0.20483,-0.26303,-0.448113
0.902823,0.461124,0.367571;-0.828824,-0.21383,-0.263127,-0.445076
0.90369,0.461775,0.372636;-0.828081,-0.222809,-0.263202,-0.441998
0.904518,0.462335,0.377659;-0.827264,-0.231769,-0.263252,-0.43888
0.905306,0.462803,0.382637;-0.826372,-0.240707,-0.263278,-0.435723
0.906054,0.463177,0.387569;-0.825405,-0.249624,-0.263281,-0.432525
0.906834,0.463481,0.392991;-0.824242,-0.259505,-0.263255,-0.428927
0.90756,0.463663,0.398349;-0.822988,-0.269357,-0.263201,-0.425281
0.90823,0.463721,0.40364;-0.821641,-0.279178,-0.263116,-0.421587
0.908842,0.463653,0.408862;-0.820202,-0.288969,-0.263003,-0.417846
0.909395,0.463456,0.41401;-0.818672,-0.298727,-0.26286,-0.414058
0.909885,0.463128,0.419083;-0.817049,-0.308451,-0.262687,-0.410224
0.910312,0.462665,0.424076;-0.815336,-0.318141,-0.262485,-0.406344
0.910706,0.461998,0.429474;-0.813345,-0.328759,-0.262229,-0.402023
0.911019,0.461162,0.434769;-0.811245,-0.339333,-0.261938,-0.397648
0.911248,0.460153,0.439955;-0.809034,-0.34986,-0.261611,-0.393219
0.91139,0.458968,0.44503;-0.806714,-0.36034,-0.261248,-0.388737
0.911444,0.457604,0.44999;-0.804285,-0.370771,-0.26085,-0.384202
0.911406,0.456056,0.454829;-0.801747,-0.381152,-0.260417,-0.379615
0.911275,0.454322,0.459544;-0.7991,-0.391482,-0.259949,-0.374977
0.911022,0.452214,0.464542;-0.796089,-0.40269,-0.259398,-0.369859
0.910651,0.449875,0.469382;-0.79295,-0.413833,-0.258805,-0.364682
0.910159,0.4473,0.474058;-0.789683,-0.424909,-0.25817,-0.359445
0.909544,0.444486,0.478567;-0.786289,-0.435917,-0.257494,-0.354151
0.908801,0.441427,0.482901;-0.782768,-0.446854,-0.256776,-0.3488
0.907928,0.43812,0.487057;-0.779121,-0.45772,-0.256017,-0.343393
0.906922,0.434559,0.491028;-0.775348,-0.468512,-0.255216,-0.33793
0.905879,0.431068,0.494501;-0.77178,-0.478338,-0.254446,-0.332874
0.904719,0.427358,0.497811;-0.768108,-0.488099,-0.253642,-0.327774
0.903439,0.423423,0.500953;-0.764331,-0.497795,-0.252803,-0.322629
0.902037,0.419261,0.503924;-0.760451,-0.507422,-0.25193,-0.31744
0.900511,0.414869,0.506718;-0.756468,-0.516982,-0.251023,-0.312209
0.899013,0.410672,0.509103;-0.752758,-0.525611,-0.250169,-0.307416
0.897408,0.40628,0.511336;-0.748963,-0.534182,-0.249287,-0.302589
0.895695,0.401688,0.513413;-0.745085,-0.542692,-0.248377,-0.297728
0.893871,0.396895,0.515333;-0.741124,-0.551142,-0.247439,-0.292833
0.892133,0.392407,0.516924;-0.737488,-0.558695,-0.246572,-0.2884
0.890303,0.387752,0.518381;-0.733784,-0.566196,-0.245682,-0.283941
0.888379,0.382928,0.519704;-0.730015,-0.573647,-0.244769,-0.279456
0.88636,0.377932,0.520889;-0.726179,-0.581045,-0.243835,-0.274946
0.884485,0.373347,0.521826;-0.722714,-0.587577,-0.242985,-0.270916
0.882532,0.368623,0.522651;-0.719197,-0.594067,-0.242119,-0.266867
0.880502,0.363761,0.523362;-0.715629,-0.600514,-0.241235,-0.262798
0.878392,0.358757,0.523959;-0.71201,-0.606919,-0.240333,-0.258711
0.876203,0.353611,0.524439;-0.708339,-0.61328,-0.239415,-0.254605
0.874221,0.348991,0.524762;-0.705086,-0.61881,-0.238597,-0.250998
0.872176,0.344261,0.524994;-0.701794,-0.624305,-0.237766,-0.247376
0.870069,0.339418,0.525134;-0.698464,-0.629767,-0.236922,-0.243741
0.867897,0.334464,0.525179;-0.695095,-0.635194,-0.236066,-0.240093
0.865661,0.329396,0.525131;-0.691688,-0.640586,-0.235196,-0.236432
0.86336,0.324213,0.524986;-0.688243,-0.645943,-0.234313,-0.232757
0.860993,0.318916,0.524745;-0.684761,-0.651265,-0.233417,-0.22907
0.858912,0.314282,0.52446;-0.681746,-0.655798,-0.23264,-0.225899
0.856781,0.309563,0.524103;-0.678703,-0.660305,-0.231852,-0.22272
0.854601,0.304758,0.523673;-0.675633,-0.664785,-0.231056,-0.219531
0.852371,0.299866,0.523169;-0.672536,-0.669238,-0.23025,-0.216334
0.850091,0.294886,0.52259;-0.669412,-0.673664,-0.229435,-0.213128
0.84776,0.289817,0.521937;-0.666261,-0.678063,-0.22861,-0.209913
0.845378,0.284661,0.521207;-0.663083,-0.682435,-0.227777,-0.20669
0.842944,0.279415,0.520401;-0.659879,-0.686779,-0.226934,-0.203459
0.840459,0.274079,0.519517;-0.656647,-0.691096,-0.226082,-0.200219
0.838348,0.269563,0.518722;-0.653934,-0.694672,-0.225365,-0.197513
0.8362,0.264984,0.517872;-0.651203,-0.698228,-0.224642,-0.194802
0.834015,0.260342,0.516967;-0.648454,-0.701765,-0.223913,-0.192085
0.831794,0.255636,0.516007;-0.645686,-0.705282,-0.223177,-0.189362
0.829535,0.250866,0.514991;-0.642901,-0.70878,-0.222435,-0.186635
0.827239,0.246032,0.51392;-0.640097,-0.712258,-0.221687,-0.183902
0.824905,0.241133,0.512792;-0.637275,-0.715715,-0.220932,-0.181164
0.822533,0.236168,0.511607;-0.634436,-0.719153,-0.220172,-0.178421
0.820123,0.231139,0.510365;-0.631579,-0.722571,-0.219405,-0.175673
0.817675,0.226043,0.509066;-0.628704,-0.725968,-0.218632,-0.17292
0.815188,0.220882,0.507708;-0.625812,-0.729345,-0.217853,-0.170163
0.813025,0.216405,0.506499;-0.623319,-0.732224,-0.21718,-0.167795
