0.802515,-0.27441,0.396611;0.786303,0.443199,0.231317,-0.363037
0.804505,-0.270401,0.393859;0.789287,0.438858,0.232858,-0.360841
0.806468,-0.266407,0.391115;0.792244,0.434502,0.234392,-0.358633
0.808403,-0.262429,0.38838;0.795174,0.43013,0.235917,-0.356413
0.81031,-0.258465,0.385654;0.798075,0.425743,0.237433,-0.35418
0.812191,-0.254516,0.382936;0.800949,0.421342,0.238942,-0.351935
0.814045,-0.250582,0.380228;0.803795,0.416926,0.240442,-0.349677
0.815871,-0.246664,0.377528;0.806612,0.412495,0.241934,-0.347408
0.817672,-0.24276,0.374836;0.809402,0.40805,0.243417,-0.345126
0.819445,-0.238871,0.372154;0.812163,0.403591,0.244892,-0.342832
0.821192,-0.234997,0.36948;0.814896,0.399117,0.246358,-0.340526
0.823198,-0.230497,0.366371;0.818048,0.39388,0.248058,-0.33782
0.825168,-0.226017,0.363275;0.821162,0.388625,0.249746,-0.335099
0.827102,-0.221557,0.360191;0.824236,0.383351,0.251422,-0.332362
0.829001,-0.217118,0.357118;0.827271,0.378059,0.253086,-0.329609
0.830866,-0.212699,0.354058;0.830267,0.372749,0.254738,-0.32684
0.832696,-0.208301,0.35101;0.833223,0.367421,0.256378,-0.324056
0.834492,-0.203924,0.347974;0.836139,0.362075,0.258006,-0.321256
0.836253,-0.199567,0.344949;0.839016,0.356713,0.259621,-0.318441
0.837981,-0.195231,0.341937;0.841853,0.351333,0.261224,-0.315611
0.839675,-0.190915,0.338937;0.84465,0.345937,0.262815,-0.312765
0.841335,-0.18662,0.33595;0.847407,0.340524,0.264393,-0.309905
0.842962,-0.182345,0.332974;0.850123,0.335095,0.265959,-0.30703
0.844557,-0.178092,0.330011;0.852799,0.329651,0.267512,-0.304141
0.846118,-0.173858,0.327059;0.855434,0.32419,0.269052,-0.301237
0.847647,-0.169646,0.32412;0.858029,0.318714,0.270579,-0.298319
0.849143,-0.165454,0.321193;0.860583,0.313223,0.272094,-0.295387
0.850608,-0.161283,0.318279;0.863096,0.307717,0.273596,-0.29244
0.85204,-0.157133,0.315377;0.865568,0.302196,0.275084,-0.28948
0.853441,-0.153003,0.312487;0.867998,0.296661,0.27656,-0.286506
0.85481,-0.148894,0.309609;0.870388,0.291112,0.278022,-0.283518
0.856149,-0.144806,0.306743;0.872736,0.285549,0.279471,-0.280517
0.857456,-0.140739,0.30389;0.875042,0.279973,0.280907,-0.277502
0.858732,-0.136692,0.30105;0.877307,0.274383,0.28233,-0.274474
0.859978,-0.132667,0.298221;0.87953,0.26878,0.283739,-0.271433
0.861194,-0.128662,0.295405;0.881712,0.263164,0.285134,-0.26838
0.862379,-0.124678,0.292602;0.883851,0.257536,0.286516,-0.265313
0.863698,-0.120151,0.289413;0.886245,0.251089,0.288079,-0.261793
0.864978,-0.115651,0.286241;0.888583,0.244626,0.289624,-0.258257
0.866219,-0.111178,0.283084;0.890866,0.238148,0.291151,-0.254704
0.867422,-0.106732,0.279944;0.893094,0.231655,0.292659,-0.251136
0.868588,-0.102314,0.276821;0.895267,0.225148,0.29415,-0.247552
0.869717,-0.0979235,0.273714;0.897383,0.218626,0.295622,-0.243953
0.870808,-0.0935602,0.270623;0.899444,0.212091,0.297076,-0.240339
0.871863,-0.0892244,0.267548;0.90145,0.205543,0.298512,-0.23671
0.872882,-0.0849161,0.26449;0.903399,0.198983,0.299929,-0.233066
0.873865,-0.0806353,0.261449;0.905292,0.19241,0.301327,-0.229407
0.874812,-0.076382,0.258424;0.907128,0.185824,0.302706,-0.225734
0.875723,-0.0721563,0.255416;0.908909,0.179228,0.304067,-0.222048
0.8766,-0.0679581,0.252424;0.910633,0.17262,0.305409,-0.218347
0.877442,-0.0637876,0.249448;0.9123,0.166002,0.306732,-0.214633
0.87825,-0.0596447,0.24649;0.913911,0.159373,0.308036,-0.210906
0.879024,-0.0555294,0.243548;0.915465,0.152734,0.30932,-0.207165
0.879765,-0.0514419,0.240623;0.916962,0.146086,0.310586,-0.203412
0.880472,-0.047382,0.237714;0.918402,0.139429,0.311832,-0.199646
0.881146,-0.0433499,0.234822;0.919785,0.132763,0.313059,-0.195867
0.881866,-0.0388469,0.231589;0.921272,0.125254,0.314416,-0.191602
0.882545,-0.0343791,0.228376;0.922688,0.117735,0.315748,-0.187322
0.883184,-0.0299465,0.225186;0.92403,0.110207,0.317055,-0.183027
0.883782,-0.0255492,0.222016;0.9253,0.10267,0.318338,-0.178717
0.884342,-0.0211871,0.218868;0.926497,0.0951251,0.319595,-0.174394
0.884863,-0.0168604,0.215741;0.927621,0.0875727,0.320828,-0.170056
0.885345,-0.0125689,0.212636;0.928673,0.0800135,0.322035,-0.165706
0.885789,-0.00831291,0.209552;0.929651,0.072448,0.323216,-0.161342
0.886197,-0.0040923,0.20649;0.930556,0.0648768,0.324373,-0.156966
0.886567,9.28478e-05,0.203449;0.931388,0.0573005,0.325503,-0.152577
0.8869,0.00424251,0.20043;0.932147,0.0497196,0.326609,-0.148177
0.887198,0.00835663,0.197432;0.932833,0.0421349,0.327688,-0.143764
0.887461,0.0124352,0.194456;0.933445,0.0345469,0.328742,-0.139341
0.887688,0.0164782,0.191502;0.933984,0.0269561,0.32977,-0.134906
0.8879,0.0209285,0.188245;0.934496,0.0185195,0.330881,-0.129966
0.88807,0.0253349,0.185015;0.934918,0.010081,0.331961,-0.125014
0.888199,0.0296971,0.181812;0.935249,0.00164164,0.333008,-0.120049
0.888288,0.0340152,0.178636;0.935489,-0.00679793,0.334023,-0.115073
0.888336,0.0382891,0.175487;0.935639,-0.0152368,0.335006,-0.110086
0.888345,0.0425188,0.172365;0.935697,-0.0236743,0.335956,-0.105088
0.888315,0.0467041,0.16927;0.935665,-0.0321094,0.336874,-0.10008
0.888248,0.0508452,0.166203;0.935542,-0.0405414,0.337758,-0.095062
0.888143,0.0549418,0.163162;0.935328,-0.0489695,0.33861,-0.0900348
0.888001,0.058994,0.160149;0.935023,-0.0573928,0.339429,-0.084999
0.887824,0.0630017,0.157164;0.934628,-0.0658106,0.340216,-0.0799548
0.887587,0.0673587,0.153911;0.934088,-0.0750627,0.341042,-0.0743974
0.887309,0.0716618,0.150692;0.933439,-0.084306,0.341829,-0.0688311
0.88699,0.0759108,0.147506;0.93268,-0.0935394,0.342575,-0.0632568
0.886631,0.0801057,0.144354;0.931811,-0.102762,0.343281,-0.0576751
0.886233,0.0842465,0.141235;0.930833,-0.111972,0.343947,-0.0520866
0.885796,0.0883331,0.13815;0.929745,-0.121169,0.344573,-0.0464919
0.885321,0.0923653,0.135098;0.928549,-0.130352,0.345158,-0.0408919
0.88481,0.0963432,0.13208;0.927243,-0.13952,0.345702,-0.035287
0.884212,0.100621,0.128826;0.925694,-0.149502,0.34625,-0.0291678
0.883572,0.104833,0.125612;0.924016,-0.159464,0.346749,-0.0230446
0.882892,0.108981,0.122439;0.922209,-0.169403,0.3472,-0.0169182
0.882173,0.113064,0.119306;0.920272,-0.179318,0.347602,-0.0107894
0.881416,0.117081,0.116214;0.918208,-0.189209,0.347955,-0.00465907
0.880622,0.121034,0.113162;0.916014,-0.199073,0.34826,0.00147189
0.879722,0.125242,0.109902;0.913494,-0.209727,0.348536,0.0081135
0.878781,0.129373,0.10669;0.910824,-0.220347,0.348754,0.0147538
0.877801,0.133427,0.103526;0.908004,-0.230931,0.348915,0.0213916
0.876783,0.137405,0.10041;0.905035,-0.241477,0.349019,0.028026
0.87573,0.141306,0.0973425;0.901918,-0.251984,0.349066,0.0346558
0.874556,0.14542,0.094093;0.898396,-0.263252,0.349052,0.0417891
0.873344,0.149444,0.0908997;0.894702,-0.27447,0.348971,0.0489145
0.872096,0.153379,0.0877629;0.890839,-0.285636,0.348825,0.0560306
0.870813,0.157224,0.0846826;0.886806,-0.296748,0.348611,0.063136
0.869401,0.161244,0.0814452;0.882297,-0.308591,0.34831,0.0707356
0.867954,0.16516,0.0782731;0.877596,-0.320366,0.347932,0.0783197
0.866473,0.168973,0.0751664;0.872703,-0.332071,0.347478,0.0858868
0.864962,0.172682,0.0721254;0.86762,-0.343704,0.346948,0.093435
0.863317,0.176523,0.0689542;0.861989,-0.35603,0.346299,0.101464
0.861642,0.180246,0.065858;0.856144,-0.368267,0.345564,0.109468
0.85994,0.18385,0.0628372;0.850086,-0.380412,0.344743,0.117444
0.858104,0.187549,0.0597103;0.843417,-0.393213,0.343778,0.125887
0.856243,0.191113,0.056669;0.836513,-0.405904,0.342715,0.134295
0.854249,0.19474,0.0535422;0.828946,-0.419217,0.341486,0.143156
0.852235,0.198216,0.050512;0.821118,-0.432398,0.340149,0.151972
0.850091,0.20172,0.0474184;0.812576,-0.446163,0.338622,0.161226
0.847627,0.205514,0.0440188;0.80319,-0.460498,0.337226,0.170605
0.845029,0.209255,0.0406057;0.798117,-0.46714,0.339102,0.172627
0.842422,0.212753,0.0373475;0.792981,-0.473746,0.340953,0.174635
0.839809,0.21601,0.0342435;0.787784,-0.480315,0.342776,0.17663
0.836867,0.219385,0.030935;0.781864,-0.487661,0.344797,0.178858
0.833926,0.222456,0.0278197;0.775868,-0.494959,0.346783,0.181068
0.830666,0.225513,0.0245839;0.769117,-0.503011,0.34895,0.183503
0.827421,0.228196,0.0215842;0.762272,-0.511002,0.351075,0.185916
0.823877,0.230717,0.0185557;0.754636,-0.519721,0.353364,0.188544
0.820052,0.232956,0.0155739;0.74618,-0.529145,0.355801,0.19138
0.815969,0.234782,0.0127201;0.736873,-0.539251,0.358371,0.194414
0.811661,0.236054,0.0100816;0.726681,-0.55001,0.361058,0.197637
0.807166,0.236621,0.00775089;0.71557,-0.561394,0.363841,0.201038
0.802537,0.236322,0.00582571;0.703504,-0.573367,0.3667,0.204606
0.797835,0.23499,0.00440871;0.690444,-0.585895,0.369613,0.208327
0.793389,0.232617,0.00363289;0.677143,-0.598217,0.372398,0.211975
0.789468,0.22944,0.0034826;0.664408,-0.609623,0.374899,0.215341
0.78605,0.225633,0.00384748;0.652282,-0.620145,0.377139,0.218436
0.783106,0.221362,0.00462563;0.640804,-0.629813,0.379136,0.221271
0.780601,0.216777,0.00572324;0.63001,-0.638657,0.380911,0.223857
0.778499,0.21202,0.00705441;0.619931,-0.646705,0.382479,0.226203
0.776758,0.207217,0.0085408;0.610598,-0.653983,0.383859,0.228319
0.775339,0.202485,0.0101115;0.602035,-0.660516,0.385064,0.230213
0.774081,0.197407,0.0118897;0.5934,-0.666969,0.386223,0.23208
0.773094,0.192542,0.0136665;0.585566,-0.672708,0.387226,0.233736
0.772249,0.187398,0.0156094;0.577675,-0.678381,0.388191,0.235369
0.77162,0.182592,0.0174751;0.570614,-0.683368,0.389016,0.236801
0.771112,0.177567,0.0194706;0.563508,-0.688302,0.389812,0.238215
0.770726,0.172324,0.0215952;0.556358,-0.693182,0.390577,0.239611
0.770492,0.167558,0.0235596;0.550067,-0.697409,0.391222,0.240816
0.770357,0.162626,0.0256219;0.543743,-0.701594,0.391844,0.242008
0.770324,0.157528,0.0277817;0.537387,-0.705738,0.392442,0.243185
0.770395,0.152264,0.0300384;0.530999,-0.709839,0.393017,0.244348
0.77054,0.147622,0.0320496;0.525498,-0.713321,0.393492,0.245333
0.770764,0.142858,0.0341315;0.519975,-0.716772,0.393949,0.246307
0.77107,0.137974,0.0362837;0.514429,-0.720192,0.394389,0.247271
0.771458,0.132969,0.0385059;0.508861,-0.723581,0.394812,0.248224
0.77193,0.127845,0.0407979;0.50327,-0.726938,0.395218,0.249166
0.772487,0.1226,0.0431594;0.497657,-0.730263,0.395607,0.250097
0.773131,0.117236,0.0455902;0.492023,-0.733557,0.395978,0.251017
0.773735,0.112675,0.0476684;0.487312,-0.736277,0.396274,0.251776
0.7744,0.108043,0.0497893;0.482822,-0.742226,0.38829,0.255372
0.775141,0.103228,0.0520041;0.478179,-0.748421,0.379503,0.259207
0.775944,0.0983345,0.0542661;0.473464,-0.754502,0.370659,0.263002
0.776732,0.0937827,0.05638;0.469078,-0.759976,0.362503,0.266445
0.777569,0.0891707,0.0585315;0.464633,-0.765354,0.3543,0.269855
0.778454,0.0845013,0.0607198;0.460128,-0.770633,0.346052,0.27323
0.779385,0.0797774,0.0629438;0.455565,-0.775814,0.33776,0.27657
0.780361,0.0750018,0.0652027;0.450944,-0.780896,0.329425,0.279875
0.781381,0.0701773,0.0674954;0.446265,-0.785879,0.321048,0.283145
0.782444,0.0653068,0.069821;0.441529,-0.790761,0.312629,0.286378
0.783445,0.0608416,0.071963;0.437175,-0.795112,0.304942,0.289286
0.784479,0.0563429,0.0741307;0.432774,-0.799379,0.297222,0.292163
0.785546,0.0518129,0.0763234;0.428328,-0.803562,0.289471,0.295009
0.786643,0.0472536,0.0785403;0.423837,-0.80766,0.28169,0.297824
0.787771,0.0426673,0.0807808;0.419301,-0.811672,0.273878,0.300608
0.788927,0.038056,0.0830442;0.414721,-0.8156,0.266038,0.30336
0.790112,0.0334219,0.0853297;0.410098,-0.819441,0.25817,0.30608
0.791324,0.0287672,0.0876366;0.405431,-0.823196,0.250274,0.308768
0.792561,0.0240939,0.0899642;0.400721,-0.826864,0.242353,0.311423
0.793825,0.0194043,0.0923119;0.395969,-0.830445,0.234405,0.314045
0.795112,0.0147005,0.0946788;0.391175,-0.833938,0.226433,0.316635
0.796422,0.00998464,0.0970643;0.38634,-0.837343,0.218437,0.319191
0.797755,0.00525881,0.0994676;0.381464,-0.84066,0.210418,0.321713
0.799109,0.000525192,0.101888;0.376548,-0.843889,0.202377,0.324201
0.800483,-0.00421407,0.104325;0.371593,-0.847028,0.194315,0.326655
0.801876,-0.00895685,0.106778;0.366598,-0.850079,0.186232,0.329075
0.803288,-0.013701,0.109245;0.361564,-0.853039,0.178129,0.33146
0.804717,-0.0184443,0.111727;0.356493,-0.85591,0.170007,0.33381
0.806163,-0.0231848,0.114223;0.351383,-0.85869,0.161868,0.336125
0.807624,-0.0279201,0.116731;0.346237,-0.86138,0.153712,0.338404
0.808951,-0.0321759,0.118999;0.341574,-0.863723,0.146357,0.340425
0.810289,-0.0364242,0.121276;0.336882,-0.865992,0.13899,0.342417
0.811637,-0.0406636,0.123562;0.332161,-0.868188,0.131611,0.34438
0.813146,-0.0453616,0.126112;0.326883,-0.87054,0.123399,0.346526
0.814667,-0.0500444,0.128671;0.32157,-0.872801,0.115174,0.348636
0.816196,-0.05471,0.131239;0.316223,-0.874969,0.106936,0.350709
0.817735,-0.0593562,0.133815;0.310842,-0.877046,0.0986879,0.352745
0.819282,-0.0639808,0.136399;0.305429,-0.879029,0.090429,0.354743
0.820835,-0.0685817,0.138989;0.299984,-0.88092,0.0821606,0.356705
0.822394,-0.0731567,0.141585;0.294507,-0.882719,0.0738835,0.358629
0.823959,-0.0777037,0.144186;0.288999,-0.884424,0.0655986,0.360514
0.825527,-0.0822206,0.146792;0.283461,-0.886036,0.0573067,0.362362
0.827098,-0.0867053,0.149402;0.277892,-0.887554,0.0490089,0.364172
0.828671,-0.0911555,0.152015;0.272295,-0.888979,0.0407058,0.365943
0.830245,-0.0955691,0.15463;0.266668,-0.89031,0.0323985,0.367676
0.831819,-0.0999441,0.157246;0.261014,-0.891548,0.0240878,0.36937
0.833392,-0.104278,0.159864;0.255332,-0.892691,0.0157745,0.371025
0.834964,-0.108569,0.162482;0.249623,-0.89374,0.00745956,0.372641
0.836532,-0.112815,0.1651;0.243888,-0.894695,-0.000856169,0.374217
0.838096,-0.117014,0.167716;0.238127,-0.895556,-0.00917181,0.375755
0.839656,-0.121163,0.17033;0.232341,-0.896322,-0.0174865,0.377252
0.84121,-0.125261,0.172942;0.22653,-0.896994,-0.0257993,0.37871
0.842757,-0.129305,0.17555;0.220696,-0.897571,-0.0341094,0.380128
0.844296,-0.133293,0.178155;0.214838,-0.898053,-0.0424159,0.381505
0.845979,-0.137613,0.181014;0.208368,-0.898474,-0.0515479,0.382974
0.847649,-0.14186,0.183866;0.201872,-0.898781,-0.0606733,0.384395
0.849307,-0.146031,0.186711;0.19535,-0.898973,-0.0697909,0.385766
0.85095,-0.150123,0.189548;0.188803,-0.89905,-0.0788997,0.387088
0.852578,-0.154134,0.192374;0.182232,-0.899013,-0.0879983,0.38836
0.854188,-0.15806,0.19519;0.175638,-0.898861,-0.0970858,0.389583
0.85578,-0.161899,0.197995;0.169021,-0.898594,-0.106161,0.390756
0.857494,-0.165984,0.201041;0.161779,-0.898172,-0.116045,0.391979
0.859183,-0.169958,0.20407;0.154511,-0.897614,-0.125912,0.393143
0.860844,-0.173818,0.207082;0.14722,-0.89692,-0.13576,0.394247
0.862478,-0.177559,0.210076;0.139907,-0.896089,-0.145587,0.395291
0.864213,-0.181474,0.213297;0.131961,-0.895036,-0.156209,0.396354
0.865911,-0.185241,0.216494;0.123991,-0.893823,-0.166802,0.397347
0.867569,-0.188855,0.219664;0.115999,-0.892451,-0.177366,0.398268
0.869307,-0.192571,0.223047;0.107369,-0.890795,-0.188706,0.399182
0.870994,-0.196099,0.226395;0.0987168,-0.888955,-0.200008,0.400013
0.872742,-0.199663,0.229943;0.0894241,-0.88678,-0.212071,0.400811
0.874424,-0.202996,0.233446;0.0801101,-0.884395,-0.224084,0.401514
0.876143,-0.20629,0.237132;0.0701544,-0.88162,-0.236839,0.40216
0.877879,-0.209484,0.240988;0.0595557,-0.87841,-0.250321,0.402726
0.879518,-0.212353,0.244777;0.0489389,-0.874932,-0.263727,0.40317
0.881142,-0.215023,0.248712;0.0376814,-0.87096,-0.277834,0.403506
0.882804,-0.217534,0.252988;0.0251581,-0.866197,-0.293396,0.403718
0.884382,-0.219633,0.257363;0.0119973,-0.860803,-0.309604,0.403757
0.885901,-0.22128,0.262009;-0.00242311,-0.854436,-0.327189,0.403585
0.887291,-0.222266,0.26688;-0.0180956,-0.846975,-0.346097,0.403142
0.888475,-0.222361,0.271926;-0.0212466,-0.855866,-0.331848,0.39613
0.889341,-0.221452,0.276807;-0.0211781,-0.868383,-0.309029,0.387251
0.889883,-0.219586,0.281455;-0.0210936,-0.880244,-0.285976,0.378078
0.890113,-0.216945,0.285699;-0.0209975,-0.891005,-0.263641,0.369003
0.890077,-0.213678,0.289571;-0.0208917,-0.900734,-0.242064,0.360065
0.889818,-0.209919,0.293099;-0.0207779,-0.909501,-0.22128,0.351299
0.889376,-0.205787,0.296308;-0.020658,-0.917373,-0.20132,0.34274
0.888818,-0.201618,0.29908;-0.0205399,-0.924073,-0.183168,0.334839
0.888158,-0.197314,0.301594;-0.0204199,-0.930048,-0.165897,0.327218
0.887374,-0.192687,0.303999;-0.0202918,-0.935659,-0.148562,0.319469
0.886525,-0.188037,0.306173;-0.0201635,-0.940621,-0.132136,0.312036
0.885634,-0.183429,0.308133;-0.0200363,-0.94499,-0.116633,0.30494
0.884658,-0.17861,0.310011;-0.0199029,-0.949067,-0.101095,0.297749
0.883667,-0.173915,0.311698;-0.0197723,-0.952623,-0.0864992,0.290924
0.882608,-0.169058,0.313315;-0.0196363,-0.955918,-0.0718799,0.28402
0.881483,-0.164054,0.314863;-0.0194949,-0.958954,-0.057241,0.277039
0.880377,-0.159259,0.316245;-0.0193582,-0.961552,-0.043564,0.270455
0.879217,-0.154354,0.317569;-0.0192168,-0.963921,-0.0298765,0.263807
0.878008,-0.14935,0.318834;-0.0190709,-0.966062,-0.016182,0.257096
0.876752,-0.144255,0.320043;-0.0189205,-0.967974,-0.00248366,0.250324
0.875545,-0.139451,0.321114;-0.0187768,-0.969544,0.0102368,0.243983
0.874302,-0.134586,0.322137;-0.0186293,-0.970915,0.0229552,0.237592
0.873023,-0.129666,0.323112;-0.018478,-0.972088,0.0356689,0.231152
0.871712,-0.124699,0.32404;-0.0183229,-0.973062,0.0483753,0.224665
0.87037,-0.119694,0.324922;-0.018164,-0.973837,0.0610719,0.218132
0.868999,-0.114657,0.325757;-0.0180014,-0.974413,0.0737559,0.211555
0.867602,-0.109596,0.326548;-0.0178352,-0.97479,0.0864248,0.204934
0.866179,-0.10452,0.327293;-0.0176652,-0.974967,0.0990761,0.198271
0.864734,-0.0994358,0.327995;-0.0174917,-0.974945,0.111707,0.191568
0.863267,-0.0943508,0.328653;-0.0173146,-0.974723,0.124315,0.184825
0.861782,-0.089273,0.329268;-0.017134,-0.974302,0.136898,0.178045
0.86028,-0.08421,0.329841;-0.0169499,-0.973682,0.149453,0.171228
0.858763,-0.0791695,0.330372;-0.0167622,-0.972863,0.161977,0.164377
0.857233,-0.0741593,0.330862;-0.0165712,-0.971845,0.174468,0.157491
0.855692,-0.069187,0.331311;-0.0163768,-0.970628,0.186923,0.150574
0.854142,-0.0642602,0.33172;-0.016179,-0.969213,0.199341,0.143626
0.852585,-0.0593868,0.33209;-0.0159779,-0.967599,0.211717,0.136648
0.851022,-0.0545743,0.332421;-0.0157736,-0.965788,0.22405,0.129642
0.849457,-0.0498304,0.332714;-0.015566,-0.963779,0.236337,0.12261
0.84777,-0.0448073,0.332988;-0.0153389,-0.961395,0.249516,0.115009
0.846084,-0.0398822,0.333218;-0.0151082,-0.958783,0.262635,0.107381
0.844402,-0.0350649,0.333406;-0.0148738,-0.955943,0.275692,0.099727
0.842607,-0.0300339,0.333562;-0.0146189,-0.952649,0.289608,0.0915003
0.840822,-0.0251494,0.333671;-0.0143599,-0.949096,0.303446,0.0832486
0.839049,-0.0204232,0.333735;-0.014097,-0.945285,0.317202,0.0749743
0.837177,-0.0155698,0.333753;-0.0138124,-0.940935,0.331779,0.066126
0.835327,-0.0109241,0.333722;-0.0135235,-0.936295,0.346253,0.0572571
0.833389,-0.00623196,0.333635;-0.013212,-0.931046,0.361514,0.0478146
0.831374,-0.00155627,0.333484;-0.0128771,-0.925134,0.377536,0.0377985
0.829294,0.00303065,0.333261;-0.0125181,-0.9185,0.394286,0.0272099
0.827057,0.00765555,0.332941;-0.012115,-0.9107,0.412599,0.0154931
0.824693,0.0121478,0.332505;-0.0116661,-0.901601,0.432403,0.00265122
0.822916,0.0164977,0.332388;-0.013467,-0.89333,0.449135,-0.00761483
0.824715,0.0207346,0.334426;-0.0253285,-0.896899,0.441508,0.00126074
0.82647,0.0250442,0.336458;-0.0364422,-0.900008,0.434241,0.00958131
0.828168,0.0293338,0.338459;-0.0468065,-0.902703,0.427358,0.017345
0.829923,0.0338563,0.340559;-0.0571605,-0.905198,0.42038,0.0251048
0.831605,0.0382428,0.342596;-0.0667636,-0.907334,0.413817,0.0323055
0.833337,0.042789,0.344715;-0.0763539,-0.909296,0.407175,0.0394999
0.834982,0.0471103,0.346744;-0.0851935,-0.910952,0.400974,0.0461342
0.836669,0.0515354,0.34884;-0.0940192,-0.912459,0.394708,0.0527609
0.838401,0.0560489,0.351003;-0.102829,-0.913818,0.388377,0.0593791
0.840176,0.0606351,0.353232;-0.111623,-0.915027,0.381983,0.0659875
0.841842,0.0648898,0.355332;-0.119668,-0.916004,0.376067,0.0720359
0.843545,0.0691806,0.357485;-0.127696,-0.916856,0.370099,0.0780743
0.845286,0.0734956,0.359691;-0.135707,-0.917581,0.364081,0.084102
0.847064,0.0778229,0.361949;-0.143699,-0.918181,0.358012,0.0901181
0.84888,0.0821504,0.364258;-0.151672,-0.918655,0.351895,0.0961219
0.850734,0.0864663,0.366616;-0.159623,-0.919002,0.345729,0.102113
0.852626,0.0907585,0.369024;-0.167553,-0.919224,0.339515,0.108089
0.854556,0.0950152,0.37148;-0.17546,-0.919319,0.333255,0.114051
0.856525,0.0992243,0.373984;-0.183342,-0.919288,0.32695,0.119997
0.858532,0.103374,0.376534;-0.1912,-0.919131,0.320599,0.125927
0.860577,0.107452,0.379131;-0.199031,-0.918847,0.314205,0.131839
0.862662,0.111447,0.381772;-0.206835,-0.918438,0.307767,0.137733
0.864785,0.115346,0.384457;-0.214611,-0.917903,0.301287,0.143608
0.866948,0.119138,0.387185;-0.222357,-0.917241,0.294766,0.149464
0.86915,0.122811,0.389956;-0.230072,-0.916454,0.288204,0.155299
0.871392,0.126352,0.392769;-0.237756,-0.915541,0.281602,0.161113
0.873882,0.130052,0.395883;-0.246101,-0.914401,0.274357,0.16743
0.87642,0.133565,0.399045;-0.254407,-0.913112,0.267067,0.17372
0.879006,0.136878,0.402253;-0.26267,-0.911674,0.259733,0.179981
0.88164,0.139973,0.405506;-0.270891,-0.910088,0.252356,0.186213
0.884321,0.142835,0.408803;-0.279067,-0.908352,0.244939,0.192415
0.887051,0.14545,0.412143;-0.287198,-0.906468,0.237481,0.198585
0.890064,0.147985,0.415808;-0.295953,-0.90426,0.229358,0.205232
0.893133,0.15019,0.419522;-0.304652,-0.901879,0.221191,0.211841
0.89626,0.152047,0.423281;-0.313292,-0.899324,0.212982,0.218408
0.899444,0.153535,0.427085;-0.321872,-0.896598,0.204732,0.224934
0.902687,0.154635,0.430933;-0.330391,-0.893699,0.196443,0.231417
0.905988,0.155327,0.434823;-0.338846,-0.890629,0.188116,0.237855
0.909347,0.155591,0.438753;-0.347236,-0.887389,0.179753,0.244248
0.912766,0.155407,0.442723;-0.35556,-0.883978,0.171356,0.250594
0.916243,0.154757,0.44673;-0.363815,-0.880398,0.162925,0.256892
0.919505,0.153724,0.450462;-0.371374,-0.876943,0.155116,0.262662
0.922819,0.152262,0.454223;-0.378871,-0.873346,0.147281,0.268388
0.926183,0.150353,0.458013;-0.386307,-0.869605,0.139422,0.274071
0.929312,0.148198,0.461512;-0.393068,-0.866052,0.132198,0.279241
0.932484,0.145643,0.465034;-0.399775,-0.862379,0.124956,0.284373
0.935405,0.142964,0.468253;-0.405825,-0.858938,0.118357,0.289005
0.938363,0.139936,0.471491;-0.411829,-0.855399,0.111745,0.293603
0.941055,0.136904,0.474418;-0.417192,-0.852131,0.105783,0.297714
0.943777,0.133576,0.477359;-0.422517,-0.848785,0.0998112,0.301796
0.946528,0.129944,0.480312;-0.427803,-0.845361,0.0938305,0.305852
0.948998,0.126456,0.482947;-0.432469,-0.842252,0.0885071,0.309433
0.951492,0.122719,0.485591;-0.437103,-0.839082,0.0831772,0.312991
0.954009,0.118727,0.488244;-0.441706,-0.835851,0.0778413,0.316527
0.95655,0.114478,0.490906;-0.446277,-0.832559,0.0724997,0.32004
0.958792,0.110543,0.493241;-0.450249,-0.82963,0.0678215,0.323095
0.961052,0.106404,0.495583;-0.454197,-0.826654,0.0631396,0.326132
0.963331,0.102057,0.497931;-0.45812,-0.823632,0.0584541,0.32915
0.965628,0.0975,0.500284;-0.462017,-0.820564,0.0537654,0.332151
0.967942,0.0927288,0.502642;-0.465888,-0.817451,0.0490737,0.335132
0.969941,0.0884667,0.504668;-0.469186,-0.814746,0.04505,0.337674
0.971953,0.0840432,0.506697;-0.472464,-0.812009,0.0410245,0.340201
0.973979,0.0794565,0.50873;-0.475723,-0.809238,0.0369974,0.342714
0.976018,0.0747046,0.510766;-0.478963,-0.806433,0.0329687,0.345214
0.978071,0.0697856,0.512806;-0.482184,-0.803596,0.0289387,0.347699
0.980137,0.0646976,0.514849;-0.485384,-0.800726,0.0249075,0.35017
0.981869,0.060327,0.516553;-0.488036,-0.79831,0.0215474,0.352218
0.98361,0.0558365,0.51826;-0.490674,-0.795871,0.0181866,0.354257
0.985361,0.051225,0.519968;-0.493298,-0.793409,0.0148254,0.356285
0.987122,0.0464914,0.521678;-0.495909,-0.790925,0.0114637,0.358303
0.988892,0.0416346,0.52339;-0.498505,-0.788418,0.00810172,0.360311
0.990671,0.0366534,0.525104;-0.501087,-0.785889,0.0047395,0.362309
0.99246,0.0315467,0.526819;-0.503655,-0.783338,0.00137715,0.364297
0.994259,0.0263134,0.528536;-0.506208,-0.780764,-0.00198525,0.366274
0.996067,0.0209524,0.530254;-0.508748,-0.778168,-0.00534759,0.368241
0.997885,0.0154625,0.531973;-0.511272,-0.775551,-0.00870977,0.370197
0.999712,0.00984257,0.533694;-0.513783,-0.772911,-0.0120717,0.372143
1.00118,0.00525233,0.535072;-0.51578,-0.770783,-0.014761,0.373692
1.00266,0.000577599,0.53645;-0.517769,-0.768642,-0.0174501,0.375234
1.00414,-0.00418219,0.537829;-0.519748,-0.766486,-0.0201388,0.37677
1.00562,-0.0090276,0.539208;-0.521717,-0.764317,-0.0228272,0.378299
1.00712,-0.0139592,0.540588;-0.523677,-0.762134,-0.0255151,0.37982
1.00862,-0.0189776,0.541969;-0.525628,-0.759936,-0.0282026,0.381335
1.01012,-0.0240834,0.54335;-0.527569,-0.757726,-0.0308895,0.382843
1.01163,-0.0292771,0.544732;-0.5295,-0.755501,-0.033576,0.384344
1.01315,-0.0345593,0.546114;-0.531422,-0.753262,-0.0362618,0.385838
1.01468,-0.0399306,0.547496;-0.533334,-0.75101,-0.0389469,0.387325
1.01621,-0.0453915,0.548879;-0.535237,-0.748745,-0.0416313,0.388806
1.01774,-0.0509427,0.550262;-0.53713,-0.746465,-0.044315,0.390278
