0.69969,-0.224207,0.255597;0.536368,0.464757,-0.141492,-0.690138
0.703809,-0.231663,0.264521;0.531831,0.47231,-0.141869,-0.688442
0.707863,-0.238971,0.273286;0.527251,0.479826,-0.142234,-0.68669
0.711851,-0.24613,0.281892;0.522628,0.487303,-0.142588,-0.684883
0.715775,-0.253143,0.29034;0.517963,0.49474,-0.142931,-0.683021
0.719634,-0.260009,0.298632;0.513257,0.502138,-0.143262,-0.681103
0.723429,-0.26673,0.306768;0.508508,0.509495,-0.143581,-0.679131
0.727161,-0.273308,0.31475;0.503719,0.516811,-0.143889,-0.677104
0.73083,-0.279742,0.322579;0.49889,0.524085,-0.144185,-0.675022
0.734436,-0.286035,0.330256;0.49402,0.531317,-0.144469,-0.672886
0.73798,-0.292187,0.337782;0.48911,0.538506,-0.144742,-0.670695
0.741463,-0.298199,0.345159;0.484161,0.545652,-0.145003,-0.668451
0.74573,-0.305518,0.354171;0.477919,0.554522,-0.145313,-0.665569
0.749903,-0.312623,0.362954;0.471618,0.563322,-0.145605,-0.662604
0.753982,-0.319515,0.371508;0.465257,0.572052,-0.145878,-0.659555
0.757969,-0.326196,0.379838;0.458837,0.580709,-0.146133,-0.656423
0.761864,-0.332668,0.387944;0.452359,0.589293,-0.14637,-0.653208
0.765668,-0.338932,0.39583;0.445825,0.597802,-0.146588,-0.649911
0.769381,-0.344992,0.403497;0.439234,0.606237,-0.146788,-0.646532
0.773006,-0.350849,0.410948;0.432588,0.614595,-0.146969,-0.643072
0.777239,-0.357613,0.419607;0.42454,0.624522,-0.147162,-0.638812
0.781347,-0.36409,0.427961;0.416416,0.634336,-0.147328,-0.634437
0.785332,-0.370285,0.436014;0.408216,0.644035,-0.147468,-0.629946
0.789194,-0.3762,0.443771;0.399942,0.653617,-0.14758,-0.625341
0.792935,-0.38184,0.451235;0.391596,0.66308,-0.147666,-0.620623
0.797149,-0.388077,0.459578;0.381768,0.673968,-0.147733,-0.614976
0.801204,-0.393948,0.467535;0.371847,0.68469,-0.147763,-0.609177
0.805102,-0.39946,0.47511;0.361833,0.695242,-0.147756,-0.603227
0.809368,-0.405326,0.483308;0.35028,0.707092,-0.147704,-0.596245
0.813435,-0.410738,0.491027;0.338614,0.718714,-0.147604,-0.589071
0.817779,-0.416293,0.499147;0.325359,0.731511,-0.147434,-0.580773
0.822324,-0.421818,0.507486;0.310475,0.745379,-0.147176,-0.571275
0.826578,-0.426676,0.515122;0.295435,0.758871,-0.146843,-0.561489
0.831311,-0.431649,0.523385;0.277191,0.774557,-0.146346,-0.549372
0.835995,-0.43601,0.53126;0.257201,0.790914,-0.145687,-0.535797
0.841147,-0.439965,0.539472;0.232298,0.81012,-0.144706,-0.518462
0.846682,-0.442809,0.547548;0.200751,0.832655,-0.143218,-0.495856
0.853033,-0.443036,0.55521;0.154307,0.862337,-0.140548,-0.461315
0.858943,-0.436174,0.558641;0.0875752,0.898038,-0.135759,-0.40918
0.861249,-0.426388,0.556294;0.038245,0.919357,-0.131524,-0.368811
0.861986,-0.416936,0.552282;0.00194656,0.932346,-0.128039,-0.338133
0.86205,-0.407904,0.547708;-0.0277597,0.941282,-0.124954,-0.312416
0.861736,-0.398976,0.542757;-0.0541287,0.947936,-0.12204,-0.289127
0.861153,-0.389897,0.537428;-0.0787868,0.953062,-0.119166,-0.266954
0.860379,-0.380853,0.531908;-0.101721,0.956872,-0.116361,-0.245985
0.85948,-0.372002,0.526353;-0.122928,0.959563,-0.113653,-0.226296
0.858509,-0.363475,0.520895;-0.14241,0.961322,-0.111068,-0.20795
0.857417,-0.354634,0.515151;-0.16179,0.962383,-0.108402,-0.189454
0.85632,-0.346278,0.509661;-0.179451,0.962741,-0.105889,-0.172377
0.855141,-0.337702,0.503981;-0.197003,0.962513,-0.103312,-0.155195
0.853889,-0.328928,0.498133;-0.214435,0.961697,-0.100671,-0.137919
0.852575,-0.319978,0.492144;-0.231736,0.960295,-0.0979693,-0.120559
0.851335,-0.311705,0.486594;-0.247342,0.958512,-0.0954611,-0.104712
0.850058,-0.30332,0.480965;-0.262823,0.956245,-0.0929048,-0.088813
0.848752,-0.294838,0.475273;-0.278172,0.953497,-0.0903016,-0.0728691
0.847442,-0.286386,0.469611;-0.270139,0.954721,-0.0953325,-0.0802709
0.846068,-0.27757,0.463718;-0.259258,0.956211,-0.10134,-0.0904202
0.844679,-0.268685,0.457799;-0.248309,0.957452,-0.107322,-0.100546
0.84328,-0.25974,0.451862;-0.237296,0.958445,-0.113275,-0.110646
0.841873,-0.250742,0.445917;-0.226221,0.959189,-0.119199,-0.120716
0.840463,-0.2417,0.439974;-0.215088,0.959683,-0.125092,-0.130756
0.839053,-0.23262,0.434042;-0.203898,0.959929,-0.130953,-0.140762
0.837648,-0.223511,0.428131;-0.192656,0.959925,-0.13678,-0.150731
0.83625,-0.21438,0.42225;-0.181363,0.959671,-0.142571,-0.16066
0.834864,-0.205236,0.416409;-0.170024,0.959169,-0.148325,-0.170549
0.833494,-0.196085,0.410617;-0.15864,0.958417,-0.15404,-0.180392
0.832142,-0.186935,0.404883;-0.147215,0.957417,-0.159716,-0.190189
0.830814,-0.177795,0.399217;-0.135752,0.956167,-0.16535,-0.199937
0.829513,-0.168672,0.393629;-0.124253,0.95467,-0.170941,-0.209633
0.828242,-0.159573,0.388129;-0.112723,0.952924,-0.176488,-0.219274
0.827006,-0.150507,0.382724;-0.101163,0.950931,-0.181989,-0.228858
0.825808,-0.141481,0.377426;-0.0895765,0.948691,-0.187443,-0.238383
0.824652,-0.132502,0.372243;-0.077967,0.946205,-0.192848,-0.247846
0.823541,-0.12358,0.367185;-0.0663372,0.943473,-0.198202,-0.257244
0.822481,-0.114721,0.362262;-0.0546902,0.940495,-0.203506,-0.266576
0.821473,-0.105932,0.357483;-0.043029,0.937274,-0.208756,-0.275839
0.820408,-0.0961402,0.35229;-0.029897,0.933359,-0.214598,-0.286173
0.819421,-0.0864588,0.347305;-0.0167551,0.929137,-0.22037,-0.296414
0.818517,-0.0768991,0.342542;-0.0036077,0.92461,-0.226069,-0.306557
0.817701,-0.0674721,0.338013;0.00954088,0.919778,-0.231693,-0.316599
0.81698,-0.0581889,0.333733;0.0226863,0.914645,-0.237242,-0.326537
0.816294,-0.0480561,0.329284;0.0372834,0.908588,-0.243315,-0.337454
0.815739,-0.0381296,0.325178;0.0518654,0.902163,-0.24929,-0.348233
0.815321,-0.0284242,0.321432;0.0664263,0.895372,-0.255164,-0.358871
0.815047,-0.0189552,0.318064;0.0809603,0.888217,-0.260934,-0.369364
0.814922,-0.00883031,0.31482;0.0969095,0.879931,-0.267158,-0.380732
0.814991,0.000970278,0.312081;0.112811,0.871212,-0.273252,-0.391914
0.815299,0.0112683,0.309699;0.130095,0.861213,-0.279746,-0.403892
0.815862,0.0211304,0.307979;0.147303,0.850711,-0.286077,-0.415635
0.816775,0.031292,0.306902;0.165847,0.838773,-0.292747,-0.428081
0.818128,0.0415908,0.306701;0.18569,0.825274,-0.299705,-0.441157
0.820027,0.0518375,0.307645;0.206786,0.810082,-0.306895,-0.454777
0.822591,0.0618131,0.310044;0.22908,0.793063,-0.314256,-0.468846
0.825741,0.0707431,0.313954;0.251137,0.77522,-0.32129,-0.482429
0.829508,0.0785656,0.31945;0.272932,0.756571,-0.32799,-0.495511
0.833626,0.0848384,0.326112;0.293108,0.738374,-0.333963,-0.507308
0.838004,0.0897209,0.333703;0.311698,0.720781,-0.339262,-0.5179
0.842517,0.0933597,0.341922;0.319895,0.726237,-0.33399,-0.508623
0.84714,0.0960233,0.350641;0.322905,0.742107,-0.323775,-0.490081
0.851722,0.0978727,0.359502;0.32548,0.75629,-0.314141,-0.472656
0.856579,0.0991645,0.36908;0.327859,0.770015,-0.304318,-0.454946
0.861253,0.0998813,0.378441;0.329865,0.782189,-0.295151,-0.43847
0.866119,0.100172,0.388309;0.331704,0.793965,-0.285835,-0.421771
0.870694,0.100083,0.397682;0.333229,0.804321,-0.277239,-0.406405
0.875397,0.0996749,0.407403;0.334615,0.814339,-0.268528,-0.390867
0.879729,0.0990461,0.416419;0.335742,0.823064,-0.260591,-0.376743
0.884143,0.0981815,0.425664;0.336755,0.831509,-0.252565,-0.362491
0.888629,0.0970923,0.435112;0.337654,0.839671,-0.244454,-0.348116
0.893176,0.0957896,0.444737;0.338438,0.847548,-0.236259,-0.333623
0.897775,0.0942845,0.454516;0.339107,0.855137,-0.227984,-0.319016
0.902415,0.0925881,0.464422;0.33966,0.862435,-0.219632,-0.304301
0.907085,0.0907115,0.474431;0.340098,0.86944,-0.211205,-0.289482
0.911254,0.0889013,0.483393;0.340391,0.875419,-0.203654,-0.276227
0.915431,0.0869653,0.492399;0.340592,0.881162,-0.196049,-0.262898
0.919609,0.0849115,0.501431;0.340701,0.886669,-0.18839,-0.249498
0.923782,0.0827476,0.510471;0.340719,0.891938,-0.180681,-0.236031
0.927941,0.0804814,0.519502;0.340646,0.896968,-0.172924,-0.222501
0.932079,0.0781208,0.528505;0.340481,0.901756,-0.16512,-0.208911
0.936189,0.0756735,0.537464;0.340225,0.906303,-0.157272,-0.195265
0.940264,0.0731475,0.546361;0.339877,0.910605,-0.149381,-0.181567
0.944297,0.0705504,0.555177;0.339438,0.914664,-0.141451,-0.16782
0.948774,0.0675536,0.564978;0.338835,0.918936,-0.132484,-0.1523
0.953177,0.064488,0.574631;0.338117,0.922896,-0.123472,-0.136729
0.957496,0.0613647,0.584109;0.337284,0.926542,-0.114417,-0.121112
0.961721,0.0581949,0.593389;0.336337,0.929873,-0.105324,-0.105453
0.965842,0.0549896,0.602444;0.335275,0.932888,-0.0961956,-0.0897587
0.969847,0.05176,0.611251;0.334099,0.935586,-0.0870341,-0.0740338
0.97415,0.0481566,0.620713;0.332659,0.938211,-0.0768201,-0.0565323
0.978283,0.0445522,0.629801;0.33108,0.940443,-0.0665738,-0.039007
0.982233,0.0409621,0.638483;0.329362,0.942279,-0.0562996,-0.0214655
0.98635,0.0370478,0.64752;0.327313,0.943843,-0.0449709,-0.00215961
0.990208,0.0331895,0.655977;0.325097,0.944927,-0.0336194,0.0171473
0.9941,0.0290682,0.664486;0.322492,0.945563,-0.0212166,0.0381992
0.997916,0.0247368,0.672793;0.319449,0.945607,-0.007766,0.060979
1.00176,0.0199539,0.681106;0.315658,0.944825,0.00776014,0.0872085
1.00552,0.0145879,0.689123;0.310715,0.942709,0.0263805,0.118573
1.00895,0.00821316,0.69616;0.303468,0.937895,0.0511476,0.160135
1.00991,-0.000522512,0.696718;0.292112,0.923675,0.0931366,0.229828
1.00652,-0.00369351,0.687772;0.335164,0.917726,0.077404,0.198626
1.00279,-0.00470115,0.678455;0.362298,0.912393,0.06716,0.178236
0.998852,-0.00494835,0.668783;0.384555,0.907053,0.0585568,0.161067
0.994869,-0.00474007,0.65912;0.403568,0.90177,0.0510582,0.146071
0.990762,-0.00420905,0.649234;0.420879,0.896356,0.0441058,0.132141
0.986659,-0.00344374,0.639424;0.436535,0.890944,0.0377106,0.119306
0.982669,-0.00252228,0.629937;0.450587,0.885652,0.031881,0.107588
0.97845,-0.00139071,0.619952;0.46446,0.880009,0.0260388,0.0958264
0.974471,-0.000196572,0.610578;0.476789,0.874632,0.0207718,0.0852088
0.970333,0.00116048,0.60087;0.488964,0.868973,0.0154982,0.0745637
0.966049,0.002677,0.590859;0.500982,0.863036,0.0102196,0.0638947
0.962129,0.00415611,0.581734;0.511529,0.857525,0.00552474,0.0543938
0.958112,0.00575608,0.572418;0.521947,0.851796,0.000828443,0.0448791
0.954008,0.00747448,0.562934;0.532232,0.845851,-0.00386806,0.0353529
0.949826,0.00930891,0.553305;0.542382,0.839691,-0.00856358,0.0258178
0.945574,0.0112569,0.543554;0.552395,0.833318,-0.0132569,0.0162762
0.941261,0.0133161,0.533703;0.562267,0.826734,-0.0179469,0.0067304
0.936897,0.0154841,0.523775;0.571996,0.819939,-0.0226323,-0.0028171
0.932491,0.0177584,0.513792;0.58158,0.812937,-0.027312,-0.0123639
0.928051,0.0201367,0.503777;0.591016,0.805728,-0.0319848,-0.0219075
0.923586,0.0226164,0.493753;0.600302,0.798314,-0.0366494,-0.0314456
0.919106,0.0251953,0.483743;0.609436,0.790697,-0.0413047,-0.0409757
0.914619,0.0278708,0.473769;0.618415,0.78288,-0.0459495,-0.0504954
0.910134,0.0306405,0.463854;0.627237,0.774864,-0.0505827,-0.0600023
0.905661,0.0335021,0.45402;0.6359,0.766651,-0.055203,-0.0694939
0.901208,0.0364531,0.444291;0.644401,0.758244,-0.0598093,-0.0789679
0.896784,0.0394911,0.434688;0.652739,0.749644,-0.0644004,-0.0884218
0.892399,0.0426137,0.425235;0.660911,0.740854,-0.0689751,-0.0978533
0.88806,0.0458184,0.415954;0.668915,0.731875,-0.0735324,-0.10726
0.883778,0.0491029,0.406867;0.676749,0.722711,-0.0780709,-0.116639
0.879561,0.0524647,0.397998;0.684411,0.713363,-0.0825897,-0.125989
0.875418,0.0559013,0.38937;0.6919,0.703834,-0.0870875,-0.135307
0.870856,0.0598541,0.379978;0.700115,0.6929,-0.092121,-0.145748
0.866413,0.0638952,0.37095;0.708104,0.681744,-0.0971249,-0.156143
0.8621,0.0680211,0.36232;0.715866,0.670369,-0.102098,-0.166487
0.857931,0.0722284,0.354119;0.723398,0.658778,-0.107037,-0.176778
0.853482,0.0769945,0.34555;0.731494,0.645651,-0.112486,-0.188145
0.849244,0.0818521,0.337595;0.7393,0.632268,-0.117889,-0.199438
0.844846,0.0872955,0.329607;0.747547,0.617257,-0.123779,-0.211768
0.84039,0.0933461,0.321871;0.756135,0.600544,-0.130137,-0.225104
0.835999,0.100024,0.314727;0.764951,0.582051,-0.13694,-0.239405
0.831822,0.107347,0.308583;0.773871,0.561699,-0.144164,-0.254626
0.828034,0.115331,0.303917;0.78276,0.53941,-0.151779,-0.270715
0.824703,0.12443,0.301218;0.78104,0.535058,-0.155278,-0.282097
0.822217,0.134273,0.301238;0.76027,0.564821,-0.150727,-0.283281
0.820735,0.14385,0.303642;0.739653,0.592321,-0.146229,-0.284053
0.819999,0.153185,0.307716;0.719365,0.61764,-0.14182,-0.284468
0.819799,0.162282,0.312876;0.699565,0.640865,-0.137531,-0.284581
0.819966,0.171129,0.318653;0.680398,0.662086,-0.133391,-0.284441
0.820366,0.179701,0.324679;0.661997,0.681394,-0.129427,-0.284096
0.820895,0.187961,0.330673;0.644479,0.69888,-0.125662,-0.28359
0.821529,0.196539,0.336912;0.626556,0.715927,-0.121817,-0.282907
0.822165,0.204761,0.342772;0.609663,0.731265,-0.118201,-0.282119
0.822813,0.213296,0.348621;0.592445,0.746212,-0.114521,-0.28118
0.823435,0.222165,0.354352;0.57491,0.76076,-0.110781,-0.280091
0.823994,0.23139,0.359861;0.557067,0.774902,-0.106981,-0.278853
0.82442,0.240174,0.364625;0.54045,0.787501,-0.103447,-0.277586
0.824734,0.24929,0.369031;0.52359,0.799747,-0.0998671,-0.276195
0.824907,0.258753,0.372999;0.506496,0.811634,-0.0962423,-0.27468
0.82491,0.26858,0.376445;0.489173,0.823157,-0.0925743,-0.273042
0.824715,0.278786,0.37929;0.471631,0.83431,-0.0888647,-0.271281
0.824293,0.289387,0.381451;0.453878,0.845089,-0.0851152,-0.269398
0.823689,0.29938,0.382755;0.437561,0.854558,-0.0816734,-0.267581
0.822852,0.309725,0.383365;0.421082,0.863711,-0.0782013,-0.265666
0.821762,0.320434,0.38322;0.404447,0.872543,-0.0747001,-0.263651
0.820546,0.330393,0.382395;0.389346,0.880215,-0.0715253,-0.261754
0.819091,0.340664,0.380864;0.374129,0.887622,-0.0683291,-0.259779
0.817382,0.351258,0.378583;0.358799,0.894763,-0.0651123,-0.257726
0.815637,0.360951,0.37589;0.345082,0.900885,-0.0622364,-0.255835
0.813667,0.370912,0.372538;0.331283,0.906792,-0.0593458,-0.253884
0.811463,0.381146,0.368495;0.317406,0.912485,-0.0564411,-0.251873
0.809332,0.39033,0.364367;0.305201,0.917288,-0.0538884,-0.250064
0.807005,0.399732,0.359665;0.29294,0.921924,-0.051326,-0.24821
0.804476,0.409357,0.354368;0.280626,0.926393,-0.0487542,-0.24631
0.80214,0.417786,0.349339;0.270031,0.930089,-0.0465428,-0.244646
0.799645,0.426384,0.343845;0.2594,0.933661,-0.0443251,-0.242949
0.796985,0.435154,0.337872;0.248734,0.937108,-0.0421015,-0.24122
0.794158,0.444098,0.331406;0.238034,0.94043,-0.0398723,-0.239459
0.791157,0.453218,0.324436;0.227303,0.943627,-0.0376378,-0.237666
0.78852,0.460955,0.318232;0.218338,0.946194,-0.0357718,-0.236147
0.785757,0.468818,0.311661;0.209352,0.948674,-0.0339025,-0.234607
0.782866,0.476808,0.304714;0.200346,0.951066,-0.0320301,-0.233045
0.779843,0.484928,0.297384;0.191322,0.953369,-0.0301547,-0.231461
0.776685,0.493177,0.289663;0.18228,0.955584,-0.0282765,-0.229855
0.773391,0.501559,0.281545;0.173222,0.95771,-0.0263956,-0.228229
0.769956,0.510074,0.27302;0.164147,0.959748,-0.0245124,-0.226581
0.767107,0.516984,0.265904;0.156876,0.961314,-0.0230041,-0.225247
0.764165,0.52398,0.258518;0.149596,0.962823,-0.0214945,-0.2239
0.761129,0.531064,0.25086;0.142307,0.964274,-0.0199836,-0.22254
0.757998,0.538237,0.242926;0.135009,0.965669,-0.0184715,-0.221167
0.75477,0.545499,0.234711;0.127704,0.967006,-0.0169583,-0.219781
0.751445,0.552852,0.226212;0.120391,0.968286,-0.0154441,-0.218381
0.74802,0.560295,0.217425;0.113071,0.969508,-0.013929,-0.216969
0.744494,0.56783,0.208346;0.105744,0.970673,-0.012413,-0.215543
0.740866,0.575458,0.198971;0.0984104,0.97178,-0.0108964,-0.214105
0.737135,0.583179,0.189295;0.0910713,0.972829,-0.00937903,-0.212654
0.733299,0.590993,0.179317;0.0837269,0.973821,-0.00786115,-0.211191
0.730353,0.596917,0.171631;0.0782152,0.974526,-0.00672243,-0.210085
0.727346,0.602894,0.16377;0.072701,0.9752,-0.00558348,-0.208972
0.724278,0.608925,0.155733;0.0671843,0.97584,-0.00444435,-0.207852
0.721149,0.61501,0.147518;0.0616654,0.976448,-0.00330507,-0.206725
0.717958,0.62115,0.139123;0.0561444,0.977024,-0.00216568,-0.205592
