0.753685,-0.00864859,0.347069;-0.0756186,0.86806,0.484608,-0.0768712
0.758083,-0.0147983,0.356068;-0.0781983,0.870569,0.478872,-0.0817104
0.762374,-0.0207656,0.364857;-0.0807725,0.873018,0.473102,-0.086544
0.766558,-0.0265521,0.373439;-0.0833412,0.875406,0.4673,-0.0913716
0.770637,-0.0321598,0.381815;-0.0859041,0.877734,0.461466,-0.0961928
0.774611,-0.0375906,0.389987;-0.088461,0.880001,0.455599,-0.101007
0.778481,-0.0428461,0.397958;-0.0910118,0.882207,0.449701,-0.105815
0.78225,-0.0479283,0.40573;-0.0935563,0.884352,0.443772,-0.110615
0.786817,-0.0540401,0.415168;-0.0967279,0.886947,0.436317,-0.116605
0.791229,-0.0598875,0.424302;-0.0998889,0.889446,0.428815,-0.122582
0.795486,-0.0654741,0.433136;-0.103039,0.891849,0.421266,-0.128545
0.799591,-0.0708034,0.441675;-0.106178,0.894155,0.413672,-0.134495
0.803545,-0.0758791,0.449922;-0.109306,0.896364,0.406033,-0.14043
0.807351,-0.0807047,0.457882;-0.112421,0.898476,0.398351,-0.14635
0.811725,-0.0861704,0.467061;-0.116144,0.900883,0.389075,-0.153433
0.815892,-0.0912873,0.475839;-0.119849,0.903149,0.379738,-0.160492
0.819855,-0.0960617,0.484223;-0.123535,0.905274,0.370342,-0.167526
0.824227,-0.101207,0.493517;-0.127811,0.907575,0.359307,-0.175699
0.828331,-0.105904,0.502296;-0.13206,0.909684,0.348196,-0.183835
0.832174,-0.110164,0.510572;-0.136281,0.911599,0.337011,-0.191932
0.836253,-0.114507,0.519429;-0.141069,0.913552,0.324141,-0.201136
0.840452,-0.118743,0.528646;-0.146409,0.915445,0.309555,-0.211424
0.844649,-0.122667,0.537988;-0.152282,0.917173,0.293221,-0.222767
0.848714,-0.126063,0.54721;-0.158667,0.918615,0.275107,-0.235133
0.852801,-0.128886,0.556741;-0.166104,0.919698,0.253515,-0.249589
0.856596,-0.130618,0.565991;-0.174535,0.920112,0.228372,-0.26604
0.860211,-0.130546,0.575593;-0.185509,0.91927,0.194505,-0.28757
0.862729,-0.126278,0.584261;-0.20033,0.915418,0.14654,-0.316867
0.862499,-0.116957,0.588116;-0.215454,0.907843,0.0946005,-0.34706
0.860537,-0.106956,0.587809;-0.226484,0.899639,0.0545203,-0.369299
0.857904,-0.0970998,0.585736;-0.235205,0.891307,0.0213123,-0.387035
0.855062,-0.087836,0.582894;-0.242265,0.88321,-0.00668028,-0.401502
0.852082,-0.0788672,0.579605;-0.250262,0.87505,-0.031427,-0.41312
0.848934,-0.0698955,0.575937;-0.306318,0.863958,-0.044586,-0.397189
0.845763,-0.0611992,0.572093;-0.357217,0.850841,-0.0566246,-0.381128
0.842509,-0.0525255,0.568025;-0.405019,0.835715,-0.0680134,-0.364574
0.839218,-0.0439374,0.5638;-0.449722,0.81893,-0.0787419,-0.347711
0.83593,-0.0354908,0.559479;-0.491356,0.800821,-0.0888069,-0.330709
0.832521,-0.0268367,0.554904;-0.531784,0.780749,-0.0986542,-0.312896
0.829169,-0.0184,0.550315;-0.569161,0.759803,-0.107829,-0.295177
0.825737,-0.00980847,0.545527;-0.605265,0.737159,-0.116762,-0.276798
0.822406,-0.00149722,0.540795;-0.638395,0.714062,-0.125028,-0.258719
0.819026,0.00692506,0.53591;-0.670231,0.689518,-0.133041,-0.240115
0.815612,0.015444,0.530884;-0.700709,0.663577,-0.140784,-0.221025
0.812346,0.0236134,0.525994;-0.728349,0.637687,-0.147875,-0.202474
0.80907,0.0318448,0.521;-0.754657,0.61063,-0.154697,-0.183553
0.805793,0.0401258,0.515917;-0.779585,0.582457,-0.161235,-0.164296
0.802528,0.048444,0.510754;-0.803088,0.553219,-0.167479,-0.144739
0.799284,0.0567872,0.505524;-0.825121,0.522969,-0.173417,-0.124917
0.796071,0.0651429,0.500239;-0.845646,0.491763,-0.179037,-0.104867
0.792901,0.073499,0.49491;-0.864625,0.459658,-0.18433,-0.0846245
0.789784,0.081843,0.489549;-0.882022,0.426712,-0.189286,-0.0642276
0.786731,0.0901627,0.484167;-0.897806,0.392985,-0.193895,-0.0437132
0.783751,0.0984456,0.478776;-0.911949,0.35854,-0.19815,-0.0231189
0.780857,0.10668,0.473388;-0.924424,0.323439,-0.202043,-0.00248232
0.778057,0.114852,0.468014;-0.935208,0.287747,-0.205566,0.0181588
0.775364,0.122951,0.462666;-0.944282,0.251529,-0.208714,0.0387667
0.772655,0.131383,0.457078;-0.951968,0.212909,-0.211614,0.060382
0.770087,0.139705,0.451546;-0.957725,0.173857,-0.214086,0.0818749
0.767673,0.147903,0.446083;-0.961542,0.134453,-0.216124,0.103202
0.765317,0.156362,0.440435;-0.963452,0.092787,-0.217792,0.125369
0.763158,0.164652,0.434895;-0.96321,0.0509138,-0.218974,0.147257
0.761124,0.173136,0.429222;-0.960649,0.00692621,-0.219688,0.169833
0.759319,0.181478,0.423649;-0.966453,0.013228,-0.212919,0.143033
0.757679,0.189987,0.417976;-0.973321,0.0340859,-0.203345,0.100675
0.756221,0.198598,0.412259;-0.978051,0.055899,-0.192774,0.0559437
0.754953,0.20723,0.406566;-0.980267,0.0785933,-0.18116,0.00892817
0.753879,0.215795,0.400975;-0.979581,0.102077,-0.168465,-0.0402496
0.752995,0.22419,0.395577;-0.975595,0.12624,-0.154655,-0.0914288
0.75224,0.232917,0.390091;-0.967136,0.152905,-0.138491,-0.148624
0.751634,0.241651,0.384801;-0.952843,0.181754,-0.119833,-0.211412
0.751133,0.25045,0.379813;-0.929761,0.214177,-0.0972664,-0.283217
0.750617,0.259518,0.375422;-0.889207,0.254393,-0.0665614,-0.374387
0.748837,0.26805,0.375637;-0.766513,0.328871,0.0011353,-0.551634
0.746025,0.264325,0.384358;-0.658903,0.368759,0.046928,-0.653959
0.743591,0.258692,0.392424;-0.592863,0.386571,0.0714711,-0.702829
0.741243,0.252684,0.400125;-0.54032,0.397991,0.0895289,-0.735964
0.738842,0.246308,0.407855;-0.493713,0.406366,0.10461,-0.76169
0.736467,0.239905,0.415354;-0.453124,0.413933,0.116783,-0.780833
0.734012,0.233224,0.422988;-0.424485,0.447007,0.11885,-0.778378
0.731614,0.226603,0.430402;-0.398011,0.47604,0.120514,-0.774887
0.72922,0.219855,0.437826;-0.372437,0.502779,0.121914,-0.770481
0.72688,0.213093,0.445143;-0.347894,0.527307,0.123076,-0.765356
0.724633,0.206415,0.452258;-0.324495,0.549713,0.124028,-0.759695
0.722355,0.199431,0.459587;-0.300745,0.571524,0.124846,-0.753211
0.720068,0.192162,0.467097;-0.276669,0.592716,0.125529,-0.745912
0.717943,0.18514,0.474242;-0.253927,0.611917,0.126043,-0.738371
0.715845,0.177906,0.48149;-0.230946,0.630541,0.126439,-0.730134
0.71379,0.170477,0.488815;-0.207747,0.64857,0.126715,-0.721208
0.711936,0.16342,0.495663;-0.18603,0.664764,0.126865,-0.712311
0.710149,0.156223,0.502533;-0.164161,0.680418,0.126912,-0.702834
0.708441,0.148901,0.509405;-0.142159,0.695519,0.126855,-0.692786
0.706826,0.141468,0.516257;-0.120041,0.710054,0.126695,-0.682175
0.705318,0.133937,0.523068;-0.0978251,0.724011,0.126433,-0.671009
0.703931,0.126322,0.529817;-0.07553,0.73738,0.126067,-0.659297
0.702677,0.118637,0.536484;-0.0531736,0.75015,0.125599,-0.647049
0.701571,0.110896,0.543046;-0.0307738,0.762309,0.125029,-0.634276
0.700627,0.103113,0.549482;-0.00834911,0.773849,0.124357,-0.620986
0.699857,0.0953014,0.555773;0.0140824,0.784759,0.123584,-0.607192
0.699239,0.0868732,0.562359;0.0382261,0.795795,0.122639,-0.591784
0.698857,0.0784454,0.568725;0.0623338,0.806081,0.121579,-0.575819
0.698727,0.0700354,0.574844;0.0863827,0.815606,0.120404,-0.55931
0.698867,0.0616604,0.58069;0.11035,0.824362,0.119115,-0.542275
0.699293,0.0533378,0.586235;0.134213,0.832341,0.117714,-0.524727
0.700087,0.0444984,0.591815;0.15964,0.840018,0.11609,-0.505378
0.701251,0.0357603,0.596987;0.184894,0.846787,0.11434,-0.485482
0.702922,0.0265751,0.602019;0.211611,0.852996,0.112338,-0.463681
0.705063,0.0175552,0.606513;0.238066,0.858154,0.110196,-0.441308
0.707698,0.00872626,0.610428;0.264229,0.862255,0.107919,-0.418392
0.711068,-0.000416297,0.613909;0.291669,0.86545,0.105355,-0.39348
0.715056,-0.0092831,0.616646;0.318704,0.86744,0.102643,-0.368021
0.719985,-0.0183365,0.61868;0.346846,0.868234,0.0996172,-0.340507
0.725677,-0.0270092,0.61977;0.374446,0.867674,0.0964357,-0.312462
0.732167,-0.0352646,0.61986;0.401463,0.865761,0.0931039,-0.283931
0.739063,-0.0426449,0.618976;0.426406,0.862716,0.0898238,-0.256577
0.746733,-0.0495891,0.617103;0.450755,0.858471,0.0864189,-0.228866
0.754688,-0.0556987,0.614395;0.4731,0.853385,0.0831043,-0.202495
0.763853,-0.0616513,0.610512;0.48738,0.849963,0.0826515,-0.182188
0.772517,-0.0664372,0.606251;0.481322,0.853082,0.0889061,-0.180764
0.781756,-0.0708503,0.601219;0.475221,0.856127,0.0951529,-0.179324
0.79152,-0.0749009,0.595464;0.469079,0.859097,0.101391,-0.177869
0.800024,-0.0780071,0.590148;0.46393,0.861514,0.106583,-0.176644
0.808831,-0.0808749,0.584387;0.458751,0.863879,0.111769,-0.175408
0.817914,-0.0835104,0.57821;0.453546,0.866191,0.116947,-0.174162
0.827244,-0.0859195,0.571642;0.448312,0.868451,0.122119,-0.172905
0.836794,-0.0881084,0.564709;0.443051,0.870658,0.127283,-0.171638
0.846535,-0.0900831,0.55744;0.437764,0.872812,0.132439,-0.17036
0.854447,-0.0915127,0.5514;0.433514,0.874497,0.136559,-0.169331
0.86245,-0.0928121,0.545175;0.429248,0.876147,0.140673,-0.168294
0.870528,-0.0939845,0.538778;0.424965,0.877764,0.144781,-0.167252
0.878668,-0.0950329,0.532224;0.420665,0.879347,0.148884,-0.166202
0.886855,-0.0959605,0.525526;0.41635,0.880895,0.152981,-0.165147
0.895075,-0.0967703,0.518697;0.412018,0.882409,0.157073,-0.164084
0.903314,-0.0974654,0.511752;0.407669,0.883889,0.161158,-0.163016
0.911557,-0.0980489,0.504704;0.403305,0.885334,0.165236,-0.161941
0.91979,-0.098524,0.497567;0.398926,0.886745,0.169309,-0.16086
0.927998,-0.0988937,0.490354;0.394531,0.888122,0.173374,-0.159772
0.936168,-0.099161,0.483079;0.39012,0.889463,0.177433,-0.158678
0.944285,-0.0993292,0.475756;0.385694,0.89077,0.181485,-0.157579
0.952334,-0.0994012,0.468399;0.381253,0.892043,0.18553,-0.156473
0.960301,-0.0993802,0.46102;0.376798,0.893281,0.189568,-0.15536
0.968172,-0.0992693,0.453635;0.372328,0.894484,0.193599,-0.154242
0.975933,-0.0990716,0.446256;0.367843,0.895652,0.197622,-0.153118
0.983569,-0.0987901,0.438897;0.363344,0.896785,0.201637,-0.151988
0.991066,-0.0984279,0.431572;0.358831,0.897884,0.205644,-0.150852
0.99841,-0.0979883,0.424295;0.354303,0.898947,0.209643,-0.14971
1.00559,-0.0974741,0.417079;0.349762,0.899975,0.213635,-0.148562
1.01258,-0.0968886,0.409938;0.345208,0.900969,0.217617,-0.147409
1.02104,-0.0960611,0.401137;0.339496,0.902161,0.222584,-0.145959
1.02917,-0.0951329,0.392502;0.333763,0.903299,0.227537,-0.1445
1.03694,-0.0941101,0.384059;0.32801,0.904382,0.232476,-0.143032
1.04431,-0.0929988,0.375834;0.322237,0.905409,0.237402,-0.141556
1.05127,-0.091805,0.367855;0.316444,0.906382,0.242312,-0.140071
1.05778,-0.0905347,0.360147;0.310632,0.907299,0.247208,-0.138578
1.06496,-0.0889179,0.351295;0.303633,0.908327,0.253064,-0.136774
1.07141,-0.0872102,0.342919;0.296607,0.909276,0.258897,-0.134959
1.07794,-0.0851168,0.333811;0.288378,0.910282,0.265673,-0.132826
1.08333,-0.0829303,0.325488;0.280114,0.911179,0.272418,-0.130678
1.088,-0.0803389,0.31703;0.270629,0.912072,0.280087,-0.128203
1.09143,-0.0769968,0.3082;0.258713,0.912988,0.289611,-0.125082
1.09133,-0.0722128,0.299474;0.241926,0.913898,0.302826,-0.120661
1.0835,-0.0667498,0.295379;0.2226,0.914403,0.317752,-0.115539
