0.912006,0.457754,0.536401;0.188573,0.978568,0.0728386,0.0392404
0.910599,0.445996,0.539047;0.186402,0.979114,0.0701834,0.0407878
0.909199,0.434328,0.541673;0.184229,0.979647,0.0675272,0.0423346
0.907805,0.422751,0.54428;0.182053,0.980165,0.0648701,0.0438808
0.906418,0.411263,0.546867;0.179874,0.980669,0.062212,0.0454264
0.905038,0.399865,0.549435;0.177693,0.981159,0.059553,0.0469713
0.903665,0.388556,0.551984;0.175509,0.981634,0.0568932,0.0485155
0.902298,0.377336,0.554513;0.173323,0.982096,0.0542325,0.050059
0.900938,0.366205,0.557023;0.171134,0.982543,0.051571,0.0516018
0.899585,0.355162,0.559515;0.168943,0.982976,0.0489088,0.0531439
0.898238,0.344207,0.561987;0.166749,0.983395,0.0462459,0.0546852
0.896898,0.33334,0.56444;0.164553,0.9838,0.0435824,0.0562257
0.895564,0.322561,0.566874;0.162355,0.98419,0.0409182,0.0577653
0.894237,0.31187,0.569289;0.160154,0.984566,0.0382534,0.0593042
0.892917,0.301265,0.571685;0.15795,0.984928,0.035588,0.0608422
0.891603,0.290747,0.574062;0.155745,0.985276,0.0329221,0.0623793
0.890295,0.280315,0.576421;0.153537,0.985609,0.0302558,0.0639155
0.888994,0.26997,0.578761;0.151327,0.985929,0.027589,0.0654508
0.8877,0.259711,0.581082;0.149115,0.986234,0.0249219,0.0669851
0.886412,0.249538,0.583385;0.146901,0.986524,0.0222543,0.0685185
0.88513,0.239449,0.585669;0.144685,0.986801,0.0195865,0.0700509
0.883855,0.229446,0.587935;0.142466,0.987063,0.0169183,0.0715822
0.882586,0.219528,0.590183;0.140245,0.987311,0.0142499,0.0731126
0.881324,0.209695,0.592412;0.138023,0.987545,0.0115813,0.0746419
0.880068,0.199945,0.594622;0.135798,0.987764,0.00891259,0.0761701
0.878196,0.185479,0.597904;0.132458,0.988066,0.00490922,0.0784603
0.876338,0.171201,0.601145;0.129113,0.988336,0.000905699,0.0807479
0.874495,0.15711,0.604345;0.125764,0.988574,-0.00309786,0.083033
0.872665,0.143205,0.607505;0.122411,0.98878,-0.00710131,0.0853153
0.87085,0.129485,0.610625;0.119054,0.988954,-0.0111045,0.0875949
0.869049,0.11595,0.613704;0.115693,0.989096,-0.0151074,0.0898716
0.867261,0.102599,0.616743;0.112328,0.989205,-0.0191098,0.0921454
0.865488,0.0894295,0.619743;0.10896,0.989282,-0.0231115,0.0944162
0.863728,0.076442,0.622703;0.105588,0.989327,-0.0271125,0.096684
0.861983,0.0636352,0.625623;0.102212,0.98934,-0.0311126,0.0989486
0.860251,0.0510082,0.628505;0.0988335,0.989321,-0.0351117,0.10121
0.858533,0.03856,0.631347;0.0954516,0.989269,-0.0391097,0.103468
0.856828,0.0262896,0.634151;0.0920665,0.989186,-0.0431064,0.105723
0.855137,0.0141963,0.636916;0.0886785,0.98907,-0.0471017,0.107974
0.853459,0.0022789,0.639642;0.0852876,0.988922,-0.0510954,0.110222
0.851795,-0.00946337,0.64233;0.081894,0.988742,-0.0550875,0.112466
0.850145,-0.0210315,0.64498;0.0784976,0.988529,-0.0590778,0.114706
0.848507,-0.0324264,0.647592;0.0750987,0.988285,-0.0630662,0.116943
0.846883,-0.0436489,0.650167;0.0716974,0.988008,-0.0670525,0.119176
0.845273,-0.0547002,0.652704;0.0682937,0.9877,-0.0710367,0.121405
0.843675,-0.0655809,0.655203;0.0648878,0.987359,-0.0750185,0.123631
0.842091,-0.0762922,0.657666;0.0614798,0.986986,-0.0789979,0.125852
0.840519,-0.0868349,0.660091;0.0580699,0.986581,-0.0829748,0.128069
0.838961,-0.09721,0.66248;0.054658,0.986144,-0.0869489,0.130282
0.837416,-0.107418,0.664832;0.0512443,0.985674,-0.0909202,0.13249
0.835883,-0.117461,0.667147;0.047829,0.985173,-0.0948885,0.134695
0.834363,-0.127339,0.669427;0.0444121,0.98464,-0.0988538,0.136895
0.832856,-0.137053,0.67167;0.0409938,0.984074,-0.102816,0.13909
0.830867,-0.149751,0.674605;0.0364339,0.983271,-0.108093,0.14201
0.8289,-0.162162,0.677477;0.031872,0.98241,-0.113365,0.144922
0.826956,-0.174287,0.680286;0.0273082,0.981493,-0.118629,0.147826
0.825033,-0.18613,0.683033;0.0227429,0.980519,-0.123887,0.150721
0.823133,-0.197691,0.685718;0.0181762,0.979489,-0.129138,0.153608
0.821255,-0.208974,0.688341;0.0136085,0.978401,-0.134381,0.156485
0.819398,-0.21998,0.690903;0.00903999,0.977257,-0.139616,0.159354
0.817564,-0.230712,0.693405;0.00447096,0.976057,-0.144844,0.162213
0.81575,-0.241172,0.695846;-9.83297e-05,0.9748,-0.150063,0.165063
0.813958,-0.251362,0.698227;-0.00466761,0.973487,-0.155273,0.167903
0.812188,-0.261284,0.700549;-0.00923662,0.972118,-0.160475,0.170734
0.810438,-0.270941,0.702813;-0.0138051,0.970692,-0.165667,0.173555
0.808281,-0.282642,0.705559;-0.0195145,0.968831,-0.172143,0.177067
0.806157,-0.293937,0.708216;-0.0252222,0.966882,-0.178604,0.180563
0.804064,-0.304828,0.710783;-0.0309276,0.964847,-0.185049,0.184042
0.802004,-0.315321,0.713261;-0.0366302,0.962724,-0.191477,0.187505
0.799975,-0.32542,0.715651;-0.0423295,0.960514,-0.197888,0.190951
0.797978,-0.335129,0.717954;-0.048025,0.958217,-0.204281,0.19438
0.795623,-0.346272,0.720604;-0.0548538,0.955346,-0.211928,0.198471
0.793312,-0.356867,0.723131;-0.0616755,0.952352,-0.219548,0.202536
0.791046,-0.366921,0.725537;-0.0684891,0.949233,-0.227139,0.206576
0.788823,-0.376443,0.727824;-0.0752938,0.945991,-0.2347,0.210588
0.786284,-0.386889,0.730342;-0.0832203,0.942053,-0.243484,0.215234
0.783803,-0.396632,0.732702;-0.0911319,0.937949,-0.252224,0.219842
0.781038,-0.40692,0.735208;-0.100154,0.933054,-0.262157,0.225061
0.778346,-0.416324,0.737514;-0.109153,0.927944,-0.27203,0.230228
0.775405,-0.425866,0.739873;-0.119246,0.921939,-0.283062,0.235977
0.772244,-0.435212,0.742208;-0.13042,0.91495,-0.295223,0.242283
0.768594,-0.444727,0.744622;-0.143766,0.906127,-0.309674,0.249735
0.764249,-0.4541,0.747062;-0.160343,0.894435,-0.327511,0.258867
0.758818,-0.462427,0.749353;-0.18224,0.877717,-0.350876,0.270714
0.750263,-0.46631,0.750874;-0.219908,0.845424,-0.390526,0.290496
0.743433,-0.459026,0.749706;-0.253499,0.812621,-0.425269,0.307459
0.739615,-0.449738,0.747839;-0.274025,0.790585,-0.446193,0.317487
0.736795,-0.439911,0.745761;-0.290162,0.772132,-0.462469,0.325179
0.734492,-0.429685,0.74354;-0.304063,0.755398,-0.47636,0.331664
0.732635,-0.419786,0.741353;-0.315806,0.740629,-0.487998,0.337035
0.731025,-0.409847,0.739128;-0.326427,0.726752,-0.498444,0.341805
0.729635,-0.400133,0.736932;-0.335958,0.713861,-0.507751,0.346012
0.728313,-0.389808,0.734577;-0.345368,0.700711,-0.516874,0.350094
0.72718,-0.380022,0.732327;-0.353731,0.68866,-0.524926,0.353659
0.726098,-0.369796,0.72996;-0.36199,0.676408,-0.532824,0.357121
0.725068,-0.359152,0.727479;-0.370143,0.663957,-0.540566,0.360478
0.724193,-0.349363,0.725184;-0.377299,0.652727,-0.547315,0.363373
0.723355,-0.339281,0.722806;-0.384368,0.641345,-0.553937,0.366185
0.722554,-0.328927,0.720351;-0.391348,0.629815,-0.560431,0.368912
0.721788,-0.318316,0.71782;-0.398237,0.61814,-0.566796,0.371554
0.721057,-0.307467,0.715219;-0.405035,0.606322,-0.57303,0.374109
0.720359,-0.296397,0.71255;-0.411739,0.594363,-0.579131,0.376579
0.719774,-0.286543,0.710162;-0.417526,0.583787,-0.584359,0.378668
0.719213,-0.276546,0.707727;-0.42324,0.573107,-0.589485,0.38069
0.718676,-0.266417,0.705248;-0.428879,0.562325,-0.594505,0.382644
0.718161,-0.256169,0.702726;-0.434442,0.551444,-0.599421,0.384531
0.717668,-0.245812,0.700165;-0.439928,0.540465,-0.60423,0.38635
0.717195,-0.235359,0.697567;-0.445336,0.529391,-0.608933,0.3881
0.716761,-0.225235,0.695038;-0.450358,0.52412,-0.610906,0.386354
0.716331,-0.214696,0.692391;-0.455354,0.526619,-0.6093,0.379576
0.71592,-0.204088,0.689713;-0.460315,0.529077,-0.607645,0.372768
0.715527,-0.193417,0.687004;-0.465238,0.531492,-0.605942,0.36593
0.715153,-0.182688,0.684266;-0.470125,0.533864,-0.60419,0.359063
0.714797,-0.171907,0.681501;-0.474974,0.536194,-0.60239,0.352167
0.714459,-0.161079,0.678708;-0.479785,0.538482,-0.600542,0.345243
0.714138,-0.15021,0.67589;-0.484558,0.540726,-0.598646,0.338292
0.713834,-0.139306,0.673048;-0.489293,0.542927,-0.596703,0.331313
0.713546,-0.128372,0.670182;-0.493988,0.545085,-0.594712,0.324308
0.713274,-0.117413,0.667295;-0.498644,0.5472,-0.592673,0.317278
0.713019,-0.106436,0.664387;-0.50326,0.549271,-0.590587,0.310222
0.712778,-0.0954449,0.661459;-0.507836,0.551298,-0.588454,0.303141
0.712553,-0.0844466,0.658513;-0.512372,0.553281,-0.586275,0.296036
0.712342,-0.0734463,0.655549;-0.516866,0.55522,-0.584048,0.288908
0.712146,-0.0624495,0.652569;-0.52132,0.557115,-0.581775,0.281756
0.711963,-0.0514618,0.649575;-0.525732,0.558965,-0.579455,0.274582
0.711794,-0.0404888,0.646567;-0.530102,0.560771,-0.57709,0.267386
0.711639,-0.029536,0.643546;-0.534429,0.562532,-0.574678,0.260169
0.711496,-0.018609,0.640514;-0.538714,0.564248,-0.57222,0.252931
0.711365,-0.00771342,0.637472;-0.542957,0.56592,-0.569717,0.245673
0.711247,0.00314518,0.63442;-0.547155,0.567546,-0.567169,0.238396
0.71114,0.0139612,0.631361;-0.551311,0.569127,-0.564575,0.231099
0.711045,0.0247292,0.628296;-0.555422,0.570662,-0.561936,0.223784
0.71096,0.0354434,0.625225;-0.559489,0.572152,-0.559252,0.216451
0.710887,0.0460984,0.62215;-0.563511,0.573596,-0.556524,0.209101
0.710823,0.0566885,0.619072;-0.567489,0.574995,-0.553751,0.201734
0.71077,0.0672082,0.615992;-0.571421,0.576348,-0.550935,0.194351
0.710725,0.0776519,0.612911;-0.575308,0.577655,-0.548074,0.186952
0.71069,0.088014,0.609831;-0.579148,0.578915,-0.54517,0.179539
0.710664,0.098289,0.606752;-0.582943,0.58013,-0.542222,0.172111
0.710646,0.108471,0.603677;-0.586691,0.581298,-0.539231,0.16467
0.710636,0.118555,0.600605;-0.590392,0.58242,-0.536197,0.157215
0.710634,0.128535,0.597539;-0.594047,0.583496,-0.53312,0.149748
0.710639,0.138406,0.594479;-0.597654,0.584525,-0.53,0.142269
0.710651,0.148162,0.591427;-0.601213,0.585507,-0.526839,0.134779
0.71067,0.157797,0.588383;-0.604724,0.586443,-0.523635,0.127278
0.7107,0.169192,0.584745;-0.608874,0.587504,-0.519736,0.118263
0.710738,0.180395,0.581122;-0.612954,0.588498,-0.515777,0.109235
0.710785,0.191398,0.577518;-0.616964,0.589424,-0.511758,0.100194
0.710838,0.20219,0.573935;-0.620902,0.590282,-0.507681,0.0911416
0.710897,0.212762,0.570374;-0.62477,0.591073,-0.503546,0.0820788
0.710962,0.223104,0.566838;-0.628566,0.591796,-0.499353,0.0730066
0.711033,0.233207,0.563329;-0.632289,0.592451,-0.495102,0.063926
0.711107,0.24306,0.559848;-0.63594,0.593038,-0.490795,0.0548381
0.711186,0.252655,0.556398;-0.639518,0.593556,-0.486431,0.0457439
0.711281,0.263509,0.552415;-0.643599,0.594075,-0.481269,0.0351274
0.71138,0.273982,0.54848;-0.64758,0.594502,-0.476033,0.0245054
0.711481,0.28406,0.544596;-0.65146,0.594835,-0.470721,0.0138796
0.711583,0.293726,0.540766;-0.655238,0.595075,-0.465337,0.00325168
0.7117,0.30425,0.53646;-0.65943,0.595236,-0.459094,-0.00889509
0.711816,0.314194,0.532234;-0.663487,0.595275,-0.452757,-0.02104
0.711929,0.323536,0.528093;-0.66741,0.595193,-0.446328,-0.0331807
0.712051,0.333296,0.523542;-0.671659,0.594956,-0.438986,-0.0468307
0.712178,0.343172,0.518628;-0.676177,0.594511,-0.430696,-0.0619831
0.712293,0.351987,0.513872;-0.680479,0.593877,-0.422268,-0.0771157
0.71241,0.361099,0.508387;-0.685356,0.592867,-0.411978,-0.0952419
0.712512,0.369613,0.502316;-0.690647,0.591343,-0.399733,-0.116333
0.712576,0.377021,0.495068;-0.696815,0.588842,-0.383624,-0.143342
0.712504,0.3802,0.485812;-0.704452,0.584155,-0.35966,-0.182086
0.712188,0.373787,0.478141;-0.71057,0.578209,-0.334921,-0.220437
0.711826,0.364033,0.474061;-0.713743,0.573647,-0.318351,-0.245262
0.711473,0.353945,0.471573;-0.721392,0.56416,-0.308504,-0.257181
0.711135,0.344069,0.469897;-0.740761,0.542224,-0.306355,-0.251819
0.710777,0.33341,0.46857;-0.758322,0.521219,-0.304092,-0.246589
0.710437,0.323125,0.467606;-0.773062,0.502685,-0.301939,-0.241899
0.710101,0.312806,0.466864;-0.786265,0.485314,-0.299794,-0.237445
0.709776,0.302679,0.466305;-0.798023,0.469178,-0.297696,-0.233257
0.709436,0.291937,0.46586;-0.809445,0.452844,-0.295473,-0.228971
0.709115,0.281659,0.465551;-0.819533,0.437829,-0.293344,-0.224991
0.708783,0.270912,0.46533;-0.829336,0.422662,-0.291113,-0.220933
0.708478,0.260853,0.465206;-0.837913,0.408886,-0.289019,-0.217215
0.708165,0.250443,0.46515;-0.846253,0.394995,-0.286843,-0.213435
0.707846,0.239695,0.465161;-0.854356,0.380993,-0.284587,-0.209596
0.707523,0.228622,0.465237;-0.862218,0.366884,-0.28225,-0.205698
0.707231,0.218517,0.465358;-0.869003,0.354255,-0.280107,-0.202184
0.706937,0.208176,0.465528;-0.875594,0.341548,-0.2779,-0.198625
0.70664,0.197607,0.465746;-0.88199,0.328764,-0.275633,-0.195022
0.706341,0.18682,0.46601;-0.888191,0.315908,-0.273303,-0.191376
0.706041,0.175825,0.46632;-0.894194,0.302981,-0.270913,-0.187687
0.70574,0.16463,0.466674;-0.899997,0.289987,-0.268463,-0.183956
0.705439,0.153246,0.467071;-0.905601,0.276928,-0.265953,-0.180184
0.705176,0.143137,0.467453;-0.910339,0.265451,-0.263709,-0.176851
0.704913,0.132896,0.467866;-0.914922,0.253929,-0.261419,-0.173488
0.704652,0.122529,0.46831;-0.919349,0.242363,-0.259085,-0.170095
0.704391,0.112044,0.468784;-0.92362,0.230757,-0.256706,-0.166674
0.704132,0.101445,0.469287;-0.927733,0.219111,-0.254284,-0.163223
0.703875,0.0907404,0.469818;-0.931688,0.207427,-0.251819,-0.159746
0.703621,0.0799353,0.470376;-0.935484,0.195709,-0.249311,-0.15624
0.703369,0.0690362,0.470961;-0.939122,0.183957,-0.24676,-0.152709
0.70312,0.0580495,0.471572;-0.942599,0.172173,-0.244167,-0.149151
0.702874,0.0469815,0.472208;-0.945916,0.160361,-0.241533,-0.145568
0.702633,0.0358384,0.472868;-0.949071,0.148521,-0.238857,-0.14196
0.702395,0.0246267,0.473552;-0.952065,0.136655,-0.236141,-0.138328
0.702162,0.0133526,0.474259;-0.954897,0.124767,-0.233385,-0.134672
0.701934,0.00202232,0.474988;-0.957566,0.112857,-0.230589,-0.130993
0.701711,-0.00935774,0.475737;-0.960072,0.100928,-0.227753,-0.127293
0.701493,-0.0207813,0.476508;-0.962415,0.0889817,-0.224879,-0.12357
0.701281,-0.0322421,0.477298;-0.964593,0.0770203,-0.221967,-0.119826
0.701076,-0.0437337,0.478106;-0.966608,0.0650458,-0.219017,-0.116062
0.700877,-0.05525,0.478933;-0.968457,0.0530603,-0.216029,-0.112278
0.700685,-0.0667845,0.479777;-0.970142,0.0410657,-0.213005,-0.108475
0.700501,-0.0783311,0.480638;-0.971662,0.0290641,-0.209944,-0.104654
0.700324,-0.0898833,0.481515;-0.973016,0.0170575,-0.206848,-0.100815
0.700156,-0.101435,0.482406;-0.974204,0.00504806,-0.203716,-0.0969584
0.699995,-0.11298,0.483312;-0.975226,-0.00696226,-0.20055,-0.0930855
0.699844,-0.124511,0.484231;-0.976083,-0.0189714,-0.197349,-0.0891967
0.699701,-0.136023,0.485162;-0.976773,-0.0309773,-0.194115,-0.0852927
0.699568,-0.147509,0.486106;-0.977296,-0.0429779,-0.190848,-0.0813742
0.699445,-0.158963,0.48706;-0.977654,-0.0549712,-0.187548,-0.0774418
0.699332,-0.170379,0.488025;-0.977844,-0.0669551,-0.184216,-0.0734963
0.69923,-0.18175,0.488999;-0.977869,-0.0789277,-0.180853,-0.0695382
0.699138,-0.19307,0.489982;-0.977726,-0.0908868,-0.17746,-0.0655683
0.699058,-0.204332,0.490973;-0.977417,-0.10283,-0.174036,-0.0615872
0.698989,-0.215531,0.491971;-0.976942,-0.114756,-0.170582,-0.0575956
0.698932,-0.22666,0.492975;-0.9763,-0.126663,-0.167099,-0.0535943
0.698888,-0.237713,0.493985;-0.975492,-0.138548,-0.163588,-0.0495837
0.698856,-0.248683,0.495;-0.974518,-0.150409,-0.160049,-0.0455648
0.698838,-0.259564,0.496019;-0.973378,-0.162245,-0.156483,-0.0415381
0.698832,-0.27035,0.497041;-0.972072,-0.174053,-0.15289,-0.0375043
0.698841,-0.281035,0.498065;-0.9706,-0.185832,-0.149271,-0.0334641
0.698864,-0.291612,0.499092;-0.968963,-0.197579,-0.145626,-0.0294182
0.698901,-0.302075,0.500119;-0.967162,-0.209292,-0.141957,-0.0253673
0.698952,-0.312418,0.501146;-0.965195,-0.220969,-0.138264,-0.0213121
0.699019,-0.322634,0.502173;-0.963064,-0.232609,-0.134547,-0.0172533
0.699102,-0.332716,0.503198;-0.960769,-0.24421,-0.130807,-0.0131915
0.699216,-0.344069,0.504367;-0.957946,-0.257416,-0.126506,-0.00854678
0.699351,-0.35523,0.505532;-0.95491,-0.270565,-0.122176,-0.00390014
0.699508,-0.366191,0.506691;-0.951661,-0.283654,-0.117819,0.000747371
0.699687,-0.376941,0.507844;-0.9482,-0.29668,-0.113437,0.00539471
0.69989,-0.387472,0.50899;-0.944529,-0.30964,-0.109028,0.0100409
0.700115,-0.397774,0.510127;-0.940648,-0.322531,-0.104596,0.0146848
0.700365,-0.407838,0.511254;-0.936557,-0.33535,-0.10014,0.0193254
0.700675,-0.418863,0.512509;-0.931706,-0.349682,-0.0951012,0.0245409
0.701017,-0.429561,0.513748;-0.926592,-0.363916,-0.0900353,0.0297496
0.701391,-0.439918,0.514969;-0.921218,-0.378048,-0.084944,0.0349498
0.701799,-0.449922,0.516172;-0.915585,-0.392073,-0.0798287,0.0401402
0.702291,-0.460607,0.517484;-0.909023,-0.407526,-0.0741189,0.045894
0.702827,-0.47082,0.518769;-0.902145,-0.422839,-0.0683832,0.0516319
0.703468,-0.481487,0.520147;-0.894217,-0.439512,-0.0620466,0.0579227
0.704163,-0.491537,0.521485;-0.885914,-0.456,-0.055684,0.0641892
0.704985,-0.501768,0.522897;-0.87643,-0.473769,-0.0487162,0.0709944
0.705953,-0.511953,0.524366;-0.865662,-0.49275,-0.0411405,0.0783266
0.707088,-0.52183,0.52587;-0.853496,-0.512867,-0.032955,0.0861712
0.708507,-0.531671,0.527483;-0.838881,-0.53543,-0.0235731,0.0950643
0.710436,-0.541554,0.5293;-0.829713,-0.549023,-0.0112986,0.100113
0.713435,-0.551131,0.5315;-0.848775,-0.521406,0.00805728,0.0874753
0.7199,-0.557356,0.534719;-0.880178,-0.468301,0.0436543,0.0638315
0.727222,-0.550922,0.537002;-0.905939,-0.414185,0.0780006,0.0405178
0.73195,-0.542177,0.538046;-0.91885,-0.381305,0.0980223,0.0266953
0.735933,-0.532866,0.538758;-0.927963,-0.354493,0.113912,0.0156006
0.739551,-0.523203,0.539311;-0.935041,-0.330689,0.127705,0.0058773
0.743013,-0.513086,0.539781;-0.940859,-0.308317,0.140411,-0.00315642
0.746289,-0.502866,0.540187;-0.94558,-0.287454,0.152042,-0.0114932
0.749354,-0.492828,0.540545;-0.949357,-0.268161,0.162616,-0.0191288
0.752187,-0.483204,0.540864;-0.952333,-0.250493,0.172151,-0.026061
0.755063,-0.473156,0.541185;-0.954871,-0.232709,0.181606,-0.0329813
0.757976,-0.462733,0.541511;-0.956969,-0.214818,0.190978,-0.0398864
0.760627,-0.453073,0.541814;-0.958481,-0.198632,0.199337,-0.0460854
0.763302,-0.443184,0.542131;-0.959636,-0.182371,0.207622,-0.0522672
0.766001,-0.433103,0.542465;-0.960434,-0.166043,0.21583,-0.0584295
0.768719,-0.422865,0.54282;-0.960873,-0.149653,0.223958,-0.0645701
0.771454,-0.412506,0.543201;-0.960955,-0.133207,0.232002,-0.0706866
0.774203,-0.402062,0.543612;-0.960679,-0.116711,0.239959,-0.0767768
0.776964,-0.391569,0.544056;-0.960044,-0.100172,0.247827,-0.0828384
0.779734,-0.381063,0.544538;-0.959052,-0.0835958,0.255603,-0.0888691
0.782511,-0.370579,0.545062;-0.957703,-0.0669882,0.263284,-0.0948667
0.785291,-0.360153,0.545631;-0.955997,-0.0503557,0.270866,-0.100829
0.788072,-0.349822,0.54625;-0.953934,-0.0337044,0.278348,-0.106754
0.790852,-0.33962,0.546924;-0.951516,-0.0170406,0.285725,-0.112639
0.793628,-0.329583,0.547655;-0.948744,-0.000370364,0.292997,-0.118481
0.796397,-0.319748,0.548448;-0.945618,0.0163,0.300159,-0.12428
0.799156,-0.31015,0.549307;-0.94214,0.0329642,0.307209,-0.130033
0.802208,-0.299808,0.550343;-0.937863,0.0514654,0.314909,-0.136367
0.805241,-0.289851,0.551472;-0.933156,0.0699429,0.322463,-0.142639
0.808251,-0.28033,0.552699;-0.928019,0.0883882,0.329869,-0.148846
0.811533,-0.270418,0.554167;-0.921875,0.108631,0.337841,-0.155594
0.815072,-0.260349,0.55592;-0.914588,0.130644,0.346322,-0.162856
0.818561,-0.251141,0.55784;-0.906695,0.152571,0.354574,-0.170011
0.822561,-0.241599,0.560304;-0.896728,0.178024,0.363905,-0.178215
0.826752,-0.232955,0.563227;-0.885152,0.205116,0.373537,-0.186827
0.831633,-0.224968,0.567149;-0.870052,0.237344,0.384585,-0.196905
0.837605,-0.218984,0.572866;-0.848875,0.278002,0.397865,-0.209354
0.844075,-0.218655,0.580526;-0.835439,0.307446,0.399354,-0.21917
0.849318,-0.223872,0.588034;-0.838303,0.313901,0.385957,-0.223053
0.853441,-0.231285,0.594737;-0.840533,0.319221,0.374721,-0.226247
0.856977,-0.239736,0.601004;-0.842418,0.323963,0.364553,-0.229088
0.859993,-0.248248,0.606683;-0.843996,0.32814,0.355474,-0.231588
0.8629,-0.257338,0.612397;-0.845483,0.332282,0.346356,-0.234062
0.865708,-0.266655,0.618078;-0.846878,0.336388,0.3372,-0.236511
0.868426,-0.275853,0.623663;-0.84818,0.340458,0.328008,-0.238935
0.871064,-0.284581,0.629086;-0.849391,0.34449,0.318779,-0.241332
0.873948,-0.293406,0.634911;-0.850643,0.348982,0.308357,-0.243998
0.877067,-0.301393,0.640932;-0.851897,0.353916,0.296726,-0.24692
0.881015,-0.30783,0.647847;-0.85331,0.360241,0.281531,-0.250657
0.88665,-0.306314,0.655552;-0.854936,0.369298,0.259179,-0.255988
0.890179,-0.296815,0.658602;-0.855693,0.374903,0.244979,-0.259274
0.892539,-0.2861,0.659721;-0.856081,0.378588,0.235479,-0.26143
0.89432,-0.275515,0.660034;-0.856311,0.381325,0.228338,-0.263029
0.895815,-0.264906,0.659927;-0.856463,0.383588,0.222375,-0.264348
0.897321,-0.252582,0.65947;-0.856579,0.385835,0.216404,-0.265657
0.898536,-0.241431,0.658842;-0.856645,0.387621,0.21162,-0.266695
0.899762,-0.229083,0.65797;-0.856688,0.389396,0.20683,-0.267727
0.900689,-0.219011,0.657153;-0.856705,0.390721,0.203234,-0.268495
0.901622,-0.208223,0.65619;-0.856709,0.392039,0.199635,-0.26926
0.902564,-0.196701,0.65508;-0.8567,0.393352,0.196033,-0.270021
0.903514,-0.184427,0.653818;-0.856677,0.394658,0.192428,-0.270777
0.904472,-0.171382,0.652401;-0.856642,0.395958,0.18882,-0.271529
0.905439,-0.157547,0.650826;-0.856594,0.397253,0.185209,-0.272278
0.906416,-0.142905,0.649088;-0.856532,0.398541,0.181595,-0.273022
0.907073,-0.132685,0.647839;-0.856484,0.399397,0.179185,-0.273515
0.907735,-0.122094,0.646515;-0.85643,0.400249,0.176773,-0.274007
0.908401,-0.111124,0.645115;-0.85637,0.4011,0.17436,-0.274497
0.909073,-0.0997701,0.643639;-0.856304,0.401947,0.171945,-0.274985
0.909749,-0.0880278,0.642085;-0.856233,0.402792,0.16953,-0.275471
0.910431,-0.075891,0.640453;-0.856155,0.403633,0.167113,-0.275956
0.911118,-0.0633544,0.638741;-0.856072,0.404473,0.164695,-0.276438
0.911811,-0.0504125,0.636949;-0.855983,0.405309,0.162276,-0.276919
0.91251,-0.0370599,0.635074;-0.855888,0.406143,0.159856,-0.277397
0.913215,-0.0232911,0.633118;-0.855788,0.406973,0.157435,-0.277874
0.913925,-0.00910067,0.631077;-0.855681,0.407802,0.155013,-0.278349
0.914642,0.00551685,0.628952;-0.855569,0.408627,0.15259,-0.278822
0.915365,0.0205669,0.626741;-0.855451,0.40945,0.150166,-0.279293
0.916095,0.0360549,0.624444;-0.855327,0.410269,0.147741,-0.279763
0.916831,0.0519864,0.622059;-0.855198,0.411086,0.145314,-0.28023
0.917575,0.0683667,0.619585;-0.855062,0.411901,0.142887,-0.280696
0.918325,0.0852013,0.617021;-0.854921,0.412712,0.140459,-0.281159
0.919082,0.102496,0.614366;-0.854774,0.413521,0.13803,-0.281621
0.919847,0.120255,0.611619;-0.854621,0.414326,0.1356,-0.282081
0.920619,0.138486,0.60878;-0.854462,0.415129,0.133169,-0.282538
0.921398,0.157192,0.605847;-0.854298,0.41593,0.130737,-0.282994
0.922186,0.17638,0.602819;-0.854127,0.416727,0.128304,-0.283448
0.922981,0.196055,0.599695;-0.853951,0.417522,0.12587,-0.2839
0.923382,0.206077,0.598096;-0.853861,0.417918,0.124653,-0.284126
0.923784,0.216223,0.596474;-0.85377,0.418313,0.123436,-0.28435
0.924189,0.226493,0.594826;-0.853676,0.418708,0.122218,-0.284575
0.924596,0.236888,0.593155;-0.853582,0.419102,0.121,-0.284799
0.925005,0.247409,0.591458;-0.853486,0.419495,0.119782,-0.285022
0.925416,0.258057,0.589737;-0.853388,0.419888,0.118564,-0.285245
0.925829,0.268832,0.58799;-0.85329,0.42028,0.117346,-0.285467
0.926244,0.279735,0.586219;-0.853189,0.420671,0.116127,-0.285689
0.926662,0.290766,0.584422;-0.853087,0.421062,0.114908,-0.285911
0.927081,0.301926,0.5826;-0.852984,0.421452,0.113689,-0.286132
0.927503,0.313217,0.580752;-0.852879,0.421841,0.11247,-0.286352
0.927927,0.324638,0.578878;-0.852773,0.422229,0.111251,-0.286572
0.928353,0.33619,0.576979;-0.852666,0.422617,0.110031,-0.286792
0.928782,0.347875,0.575054;-0.852557,0.423004,0.108812,-0.287011
0.929213,0.359692,0.573103;-0.852446,0.42339,0.107592,-0.287229
0.929646,0.371642,0.571126;-0.852334,0.423775,0.106371,-0.287447
0.930081,0.383726,0.569123;-0.852221,0.42416,0.105151,-0.287665
