0.790738,-0.684103,0.325054;-0.210558,0.899293,-0.295983,-0.243582
0.792384,-0.673369,0.326037;-0.205005,0.900278,-0.296247,-0.244356
0.794019,-0.662728,0.327013;-0.199446,0.901234,-0.296502,-0.245123
0.795643,-0.652182,0.327982;-0.19388,0.902161,-0.296747,-0.245882
0.797255,-0.641728,0.328945;-0.188307,0.903058,-0.296983,-0.246632
0.798857,-0.631367,0.329901;-0.182729,0.903926,-0.297209,-0.247375
0.800448,-0.621099,0.33085;-0.177144,0.904765,-0.297425,-0.24811
0.802028,-0.610922,0.331793;-0.171554,0.905574,-0.297632,-0.248836
0.803596,-0.600838,0.33273;-0.165958,0.906354,-0.297829,-0.249555
0.805154,-0.590844,0.33366;-0.160357,0.907105,-0.298016,-0.250265
0.806701,-0.580942,0.334583;-0.154751,0.907826,-0.298193,-0.250967
0.808747,-0.56788,0.335804;-0.147268,0.908742,-0.298415,-0.251891
0.810774,-0.554979,0.337014;-0.139776,0.909605,-0.29862,-0.2528
0.812782,-0.542237,0.338212;-0.132277,0.910415,-0.298807,-0.253695
0.81477,-0.529654,0.339399;-0.12477,0.911174,-0.298977,-0.254574
0.81674,-0.517228,0.340574;-0.117255,0.911879,-0.299129,-0.25544
0.818691,-0.50496,0.341738;-0.109734,0.912532,-0.299265,-0.25629
0.820623,-0.492848,0.342892;-0.102207,0.913132,-0.299383,-0.257126
0.822537,-0.480892,0.344034;-0.0946735,0.913679,-0.299484,-0.257946
0.824432,-0.46909,0.345164;-0.0871347,0.914174,-0.299568,-0.258752
0.826309,-0.457442,0.346284;-0.0795909,0.914616,-0.299634,-0.259543
0.828167,-0.445947,0.347393;-0.0720424,0.915005,-0.299683,-0.260319
0.830007,-0.434605,0.348491;-0.0644898,0.915341,-0.299714,-0.26108
0.831828,-0.423413,0.349579;-0.0569335,0.915625,-0.299729,-0.261826
0.833632,-0.412372,0.350655;-0.0493739,0.915855,-0.299726,-0.262557
0.835417,-0.401481,0.351721;-0.0418114,0.916033,-0.299706,-0.263272
0.837185,-0.390739,0.352776;-0.0342465,0.916157,-0.299668,-0.263973
0.838934,-0.380144,0.35382;-0.0266796,0.916229,-0.299613,-0.264658
0.840666,-0.369697,0.354854;-0.0191112,0.916248,-0.299541,-0.265328
0.84238,-0.359396,0.355877;-0.0115417,0.916214,-0.299452,-0.265982
0.844077,-0.349241,0.35689;-0.00397157,0.916128,-0.299345,-0.266622
0.845755,-0.339231,0.357892;0.00359883,0.915988,-0.299221,-0.267245
0.847417,-0.329364,0.358884;0.011169,0.915795,-0.29908,-0.267854
0.849469,-0.317232,0.36011;0.0206308,0.91548,-0.298879,-0.268592
0.851495,-0.305322,0.36132;0.0300907,0.915082,-0.298651,-0.269307
0.853493,-0.293632,0.362513;0.0395479,0.914602,-0.298396,-0.269997
0.855465,-0.282161,0.363691;0.0490016,0.914039,-0.298115,-0.270663
0.85741,-0.270907,0.364854;0.0584508,0.913394,-0.297806,-0.271304
0.859329,-0.259869,0.366001;0.0678947,0.912667,-0.297471,-0.271921
0.861222,-0.249045,0.367132;0.0773325,0.911857,-0.297108,-0.272514
0.863089,-0.238433,0.368248;0.0867634,0.910964,-0.296719,-0.273082
0.86493,-0.228031,0.369349;0.0961864,0.90999,-0.296303,-0.273625
0.866745,-0.217839,0.370435;0.105601,0.908934,-0.295861,-0.274143
0.868535,-0.207854,0.371505;0.115006,0.907795,-0.295391,-0.274637
0.870649,-0.196144,0.372771;0.126278,0.906321,-0.294793,-0.275197
0.872727,-0.184727,0.374015;0.137533,0.904729,-0.294157,-0.275721
0.874769,-0.173601,0.375238;0.148771,0.903019,-0.293482,-0.276209
0.876776,-0.162764,0.37644;0.159989,0.901193,-0.292769,-0.276662
0.878747,-0.152211,0.377621;0.171187,0.899249,-0.292018,-0.277078
0.880683,-0.141942,0.378782;0.182362,0.897188,-0.291229,-0.277458
0.882584,-0.131952,0.379922;0.193514,0.895011,-0.290402,-0.277803
0.884758,-0.120646,0.381228;0.206492,0.892324,-0.28939,-0.278159
0.886886,-0.109714,0.382506;0.219434,0.889479,-0.288327,-0.278466
0.888968,-0.0991491,0.383757;0.232338,0.886477,-0.287212,-0.278724
0.891004,-0.0889482,0.384982;0.2452,0.883318,-0.286047,-0.278932
0.892995,-0.0791066,0.38618;0.258018,0.880003,-0.284832,-0.279091
0.895216,-0.0682934,0.387518;0.272612,0.876024,-0.28338,-0.279213
0.897379,-0.0579371,0.388823;0.287143,0.871843,-0.281864,-0.27927
0.899485,-0.0480311,0.390095;0.301608,0.86746,-0.280282,-0.279262
0.901787,-0.0374168,0.391487;0.317797,0.86229,-0.278426,-0.279177
0.904018,-0.0273548,0.392838;0.333894,0.856868,-0.276488,-0.27901
0.906416,-0.0168109,0.394293;0.351664,0.85055,-0.27424,-0.278729
0.90873,-0.00692424,0.395699;0.369307,0.843925,-0.271893,-0.278347
0.911179,0.00320739,0.397191;0.388561,0.836286,-0.269198,-0.277811
0.913738,0.013391,0.398755;0.409371,0.827536,-0.266124,-0.277087
0.91638,0.0234252,0.400375;0.431675,0.817572,-0.262638,-0.276142
0.919077,0.0331018,0.402036;0.4554,0.806284,-0.258704,-0.274935
0.921976,0.0427712,0.40383;0.482119,0.792686,-0.253985,-0.273317
0.925172,0.0523982,0.405823;0.513267,0.775588,-0.248077,-0.271069
0.928838,0.0618102,0.408133;0.551651,0.75255,-0.240153,-0.267725
0.93348,0.0703823,0.411113;0.605553,0.716163,-0.227707,-0.261852
0.940383,0.0713445,0.415767;0.703763,0.635325,-0.200281,-0.246916
0.943502,0.0619418,0.418085;0.762625,0.575285,-0.180056,-0.234586
0.945011,0.0518214,0.419342;0.799036,0.532317,-0.165641,-0.225261
0.945934,0.0414186,0.420223;0.825059,0.498221,-0.152696,-0.218489
0.946494,0.0314331,0.420858;0.835016,0.484529,-0.138902,-0.22065
0.946843,0.0213521,0.42136;0.84379,0.471772,-0.126199,-0.222537
0.947041,0.0104384,0.421788;0.852223,0.458824,-0.113444,-0.224334
0.947096,-0.000161321,0.422116;0.859591,0.446893,-0.101809,-0.225889
0.947048,-0.0102192,0.422363;0.865975,0.436026,-0.0913088,-0.227224
0.94691,-0.0207379,0.422567;0.872125,0.425042,-0.0807834,-0.228497
0.946686,-0.0316885,0.422728;0.878039,0.413942,-0.0702362,-0.229708
0.946418,-0.0417614,0.422837;0.883096,0.403981,-0.0608448,-0.230733
0.946088,-0.0521323,0.422915;0.887965,0.393934,-0.0514403,-0.231708
0.945697,-0.0627808,0.422964;0.892643,0.383803,-0.0420249,-0.232634
0.94525,-0.0736866,0.422984;0.89713,0.373589,-0.0326004,-0.23351
0.944747,-0.0848292,0.422976;0.901425,0.363296,-0.023169,-0.234336
0.944191,-0.0961884,0.422942;0.905527,0.352924,-0.0137326,-0.235111
0.943664,-0.106289,0.422892;0.908957,0.343787,-0.00547332,-0.235749
0.943101,-0.116527,0.422823;0.912238,0.334594,0.00278689,-0.236348
0.942502,-0.126887,0.422737;0.91537,0.325346,0.0110466,-0.236908
0.94187,-0.137357,0.422633;0.918352,0.316044,0.0193046,-0.237429
0.941206,-0.147922,0.422514;0.921184,0.306691,0.0275594,-0.237911
0.940512,-0.158569,0.422379;0.923864,0.297288,0.0358096,-0.238355
0.939789,-0.169285,0.422229;0.926393,0.287836,0.044054,-0.238759
0.93904,-0.180055,0.422065;0.92877,0.278336,0.0522912,-0.239124
0.938266,-0.190867,0.421889;0.930995,0.268791,0.0605198,-0.23945
0.937469,-0.201706,0.4217;0.933068,0.259202,0.0687385,-0.239737
0.93665,-0.212559,0.421499;0.934987,0.249571,0.0769459,-0.239984
0.93581,-0.223412,0.421288;0.936754,0.239898,0.0851407,-0.240192
0.934952,-0.234251,0.421066;0.938366,0.230187,0.0933216,-0.240361
0.934078,-0.245063,0.420836;0.939826,0.220437,0.101487,-0.240491
0.933188,-0.255835,0.420597;0.941131,0.210652,0.109636,-0.240581
0.932285,-0.266552,0.42035;0.942281,0.200832,0.117767,-0.240631
0.93137,-0.277202,0.420096;0.943278,0.190979,0.125879,-0.240642
0.930445,-0.287769,0.419836;0.94412,0.181094,0.13397,-0.240614
0.929511,-0.298242,0.41957;0.944807,0.17118,0.142039,-0.240546
0.928571,-0.308605,0.4193;0.945339,0.161238,0.150085,-0.240439
0.927625,-0.318846,0.419026;0.945716,0.15127,0.158106,-0.240293
0.926676,-0.328951,0.418749;0.945939,0.141277,0.166101,-0.240107
0.925725,-0.338906,0.41847;0.946006,0.13126,0.174069,-0.239881
0.924638,-0.350082,0.418149;0.945893,0.119787,0.183141,-0.239576
0.923553,-0.361024,0.417827;0.945578,0.108288,0.192173,-0.239219
0.922473,-0.371712,0.417505;0.94506,0.0967652,0.201164,-0.238811
0.921401,-0.382125,0.417184;0.94434,0.0852222,0.210112,-0.238352
0.920337,-0.392244,0.416866;0.943418,0.0736609,0.219015,-0.237841
0.919156,-0.403249,0.416513;0.94214,0.0606357,0.228975,-0.237207
0.917993,-0.413826,0.416166;0.940606,0.0475941,0.238872,-0.236507
0.916841,-0.424049,0.415824;0.939315,0.0460656,0.245145,-0.23552
0.915583,-0.43489,0.415452;0.938567,0.0701851,0.243911,-0.233823
0.914353,-0.445122,0.415089;0.937269,0.0942634,0.242535,-0.231989
0.913026,-0.455671,0.414701;0.935205,0.120685,0.240856,-0.229814
0.911607,-0.46633,0.414287;0.932197,0.149411,0.23883,-0.227256
0.910096,-0.476876,0.413847;0.92805,0.180386,0.236407,-0.224268
0.908492,-0.487061,0.413382;0.922554,0.213544,0.233536,-0.220802
0.906675,-0.497206,0.412854;0.914975,0.251136,0.229927,-0.21653
0.904523,-0.50717,0.412229;0.904191,0.295282,0.225192,-0.211035
0.901664,-0.516808,0.411392;0.887089,0.352401,0.218237,-0.203125
0.895787,-0.52413,0.409636;0.844203,0.460416,0.202312,-0.185492
0.889649,-0.516865,0.407736;0.79312,0.55595,0.184766,-0.166559
0.886098,-0.507564,0.406606;0.762518,0.603128,0.174687,-0.155844
0.883077,-0.497493,0.405629;0.736458,0.63904,0.166287,-0.146987
0.880545,-0.487842,0.404799;0.714781,0.666439,0.159406,-0.139773
0.878053,-0.477473,0.403974;0.693697,0.691219,0.152794,-0.132874
0.875812,-0.467534,0.403226;0.674988,0.711827,0.146986,-0.126838
0.873668,-0.457568,0.402505;0.657338,0.73019,0.141554,-0.121211
0.871639,-0.447795,0.401818;0.640887,0.746434,0.136527,-0.116021
0.869566,-0.437513,0.401113;0.628447,0.757581,0.134402,-0.114283
0.867567,-0.427354,0.400428;0.631334,0.751964,0.142723,-0.124889
0.865507,-0.41665,0.399713;0.634081,0.74618,0.151012,-0.135466
0.86363,-0.406697,0.399052;0.636405,0.7409,0.158353,-0.144843
0.861715,-0.396349,0.398366;0.638618,0.735491,0.165665,-0.154195
0.859764,-0.385621,0.397652;0.640718,0.729952,0.172949,-0.163519
0.857783,-0.374531,0.396909;0.642707,0.724286,0.180202,-0.172815
0.856029,-0.364542,0.396234;0.644354,0.719224,0.186523,-0.180925
0.854257,-0.354299,0.395536;0.645916,0.714065,0.192819,-0.18901
0.852471,-0.343812,0.394813;0.64739,0.708811,0.199089,-0.19707
0.850674,-0.333094,0.394064;0.648778,0.703462,0.205332,-0.205103
0.848868,-0.322154,0.393288;0.650079,0.698018,0.211548,-0.213109
0.847056,-0.311004,0.392484;0.651293,0.692481,0.217735,-0.221086
0.845242,-0.299655,0.391652;0.652419,0.686851,0.223893,-0.229033
0.843687,-0.289776,0.390916;0.653315,0.681952,0.229148,-0.235821
0.842134,-0.279766,0.390157;0.654147,0.676986,0.23438,-0.242586
0.840584,-0.269632,0.389375;0.654914,0.671954,0.239589,-0.249327
0.83904,-0.25938,0.38857;0.655616,0.666855,0.244774,-0.256043
0.837504,-0.249017,0.387741;0.656255,0.66169,0.249935,-0.262734
0.835976,-0.23855,0.386888;0.656828,0.65646,0.255072,-0.269399
0.834459,-0.227986,0.386009;0.657337,0.651166,0.260183,-0.276037
0.832955,-0.217333,0.385104;0.657781,0.645807,0.265269,-0.282649
0.831466,-0.206596,0.384173;0.65816,0.640385,0.270329,-0.289232
0.829993,-0.195783,0.383216;0.658474,0.6349,0.275362,-0.295787
0.828538,-0.184901,0.38223;0.658724,0.629352,0.280368,-0.302313
0.827103,-0.173957,0.381217;0.658909,0.623742,0.285346,-0.308809
0.82569,-0.162957,0.380175;0.659028,0.618071,0.290296,-0.315275
0.8243,-0.151909,0.379104;0.659083,0.612339,0.295218,-0.321709
0.822936,-0.140819,0.378003;0.659073,0.606546,0.300111,-0.328112
0.821599,-0.129694,0.376871;0.658998,0.600694,0.304974,-0.334483
0.820291,-0.118541,0.375709;0.658858,0.594783,0.309807,-0.340821
0.819014,-0.107368,0.374515;0.658654,0.588813,0.314609,-0.347125
0.817769,-0.0961808,0.373288;0.658384,0.582785,0.319381,-0.353395
0.816559,-0.0849865,0.372029;0.65805,0.5767,0.324121,-0.35963
0.815385,-0.073792,0.370737;0.65765,0.570558,0.328829,-0.36583
0.814249,-0.0626042,0.369411;0.657186,0.56436,0.333505,-0.371993
0.813153,-0.0514302,0.36805;0.656658,0.558106,0.338148,-0.37812
0.812098,-0.0402768,0.366654;0.656064,0.551797,0.342757,-0.38421
0.811087,-0.0291509,0.365223;0.655406,0.545434,0.347333,-0.390262
0.810121,-0.0180594,0.363755;0.654684,0.539017,0.351875,-0.396276
0.809202,-0.00700926,0.36225;0.653896,0.532547,0.356382,-0.40225
0.808332,0.00399263,0.360709;0.653045,0.526025,0.360854,-0.408185
0.807513,0.0149394,0.359129;0.652129,0.51945,0.36529,-0.41408
0.806746,0.025824,0.35751;0.651149,0.512825,0.36969,-0.419934
0.806033,0.0366397,0.355852;0.650105,0.506149,0.374054,-0.425746
0.805376,0.0473794,0.354155;0.648997,0.499423,0.378381,-0.431517
0.804778,0.0580364,0.352417;0.647825,0.492648,0.382671,-0.437245
0.804239,0.0686036,0.350639;0.646589,0.485825,0.386923,-0.44293
0.803761,0.0790742,0.348818;0.645289,0.478954,0.391137,-0.448572
0.803347,0.0894412,0.346956;0.643926,0.472035,0.395313,-0.454169
0.802998,0.0996978,0.345051;0.6425,0.46507,0.399449,-0.459721
0.802716,0.109837,0.343103;0.64101,0.45806,0.403547,-0.465229
0.802493,0.120375,0.341005;0.640631,0.450015,0.408533,-0.469232
0.802353,0.130261,0.338965;0.653858,0.435345,0.420995,-0.45355
0.802277,0.140816,0.336709;0.667603,0.419063,0.434119,-0.436156
0.802276,0.151202,0.334406;0.680728,0.402393,0.44684,-0.418358
0.802347,0.16141,0.332062;0.693221,0.385348,0.459146,-0.400171
0.802486,0.171435,0.329679;0.705069,0.367946,0.471026,-0.381612
0.802689,0.181267,0.327261;0.716263,0.350202,0.482468,-0.362698
0.802976,0.191633,0.324621;0.727574,0.33073,0.494289,-0.341954
0.803327,0.201758,0.321949;0.738101,0.310901,0.505577,-0.320841
0.803739,0.211632,0.319248;0.747833,0.290738,0.516321,-0.299383
0.804208,0.221247,0.316523;0.756759,0.270261,0.526509,-0.277602
0.804766,0.231249,0.313581;0.765419,0.247999,0.536794,-0.253934
0.805378,0.240931,0.310621;0.773131,0.225431,0.546416,-0.229952
0.806082,0.250892,0.30745;0.780304,0.201052,0.555935,-0.204059
0.806834,0.260461,0.304272;0.78638,0.176389,0.564671,-0.177878
0.807676,0.270182,0.300893;0.791622,0.149915,0.573083,-0.149788
0.808608,0.279956,0.297321;0.795802,0.121624,0.580997,-0.119788
0.809625,0.289672,0.293568;0.798678,0.0915275,0.588228,-0.0878899
0.81072,0.299208,0.289648;0.799993,0.0596521,0.594579,-0.0541261
0.811883,0.308427,0.285579;0.799481,0.0260431,0.59984,-0.0185475
0.813153,0.317554,0.281193;0.796697,-0.0108363,0.603935,0.020468
0.81456,0.326599,0.276348;0.790763,-0.0524824,0.606449,0.0644949
0.816055,0.335023,0.271118;0.78068,-0.0986969,0.606596,0.113312
0.817745,0.342916,0.264934;0.763152,-0.155408,0.60288,0.173159
0.819645,0.348882,0.25704;0.729828,-0.232254,0.59061,0.254144
0.821043,0.346962,0.247919;0.668543,-0.331451,0.560965,0.35848
0.820958,0.338364,0.242932;0.616164,-0.395245,0.5321,0.425432
0.820272,0.328551,0.240174;0.57488,-0.437215,0.507953,0.469403
0.819323,0.318532,0.238476;0.539918,-0.468453,0.48678,0.502082
0.818214,0.30843,0.237387;0.508763,-0.49353,0.467449,0.528281
