1.02033,-0.348641,0.676697;0.0286965,0.929276,-0.350813,0.112038
1.01366,-0.350277,0.665751;0.0321819,0.931751,-0.345124,0.108135
1.00712,-0.351854,0.654982;0.0356652,0.934165,-0.339412,0.104225
1.0007,-0.353371,0.644389;0.0391462,0.936518,-0.333677,0.100307
0.994411,-0.35483,0.633972;0.0426245,0.938808,-0.327921,0.0963836
0.988244,-0.356231,0.623729;0.0461001,0.941037,-0.322143,0.0924535
0.982199,-0.357574,0.613659;0.0495726,0.943204,-0.316343,0.0885173
0.976276,-0.358861,0.603761;0.0530419,0.945309,-0.310523,0.0845753
0.970474,-0.360091,0.594033;0.0565076,0.947351,-0.304683,0.0806277
0.964792,-0.361265,0.584474;0.0599697,0.949331,-0.298822,0.0766748
0.959229,-0.362385,0.575084;0.0634278,0.951249,-0.292942,0.0727168
0.953784,-0.363449,0.56586;0.0668817,0.953104,-0.287042,0.068754
0.948455,-0.36446,0.556801;0.0703312,0.954896,-0.281123,0.0647867
0.943242,-0.365417,0.547907;0.0737761,0.956625,-0.275186,0.0608152
0.938145,-0.366321,0.539175;0.0772161,0.958291,-0.269231,0.0568396
0.931932,-0.367378,0.528489;0.0815089,0.960285,-0.261762,0.0518649
0.925897,-0.368354,0.518052;0.0857933,0.96218,-0.254266,0.0468849
0.920035,-0.369251,0.507864;0.090069,0.963976,-0.246744,0.0419001
0.914346,-0.370069,0.497921;0.0943353,0.965672,-0.239197,0.0369109
0.908827,-0.37081,0.488222;0.0985919,0.96727,-0.231625,0.0319179
0.903477,-0.371474,0.478763;0.102838,0.968767,-0.224029,0.0269217
0.898293,-0.372064,0.469542;0.107074,0.970166,-0.21641,0.0219227
0.893274,-0.372579,0.460558;0.111299,0.971464,-0.208769,0.0169214
0.888418,-0.373022,0.451806;0.115513,0.972662,-0.201106,0.0119184
0.882803,-0.373458,0.44161;0.120553,0.973967,-0.191884,0.00591317
0.877416,-0.373793,0.431742;0.125575,0.975129,-0.182633,-9.29064e-05
0.872255,-0.374028,0.422198;0.130579,0.976145,-0.173355,-0.00609897
0.867316,-0.374166,0.412975;0.135564,0.977017,-0.164051,-0.0121041
0.862595,-0.374208,0.404068;0.140528,0.977745,-0.154723,-0.0181075
0.857359,-0.374138,0.39407;0.146294,0.97841,-0.143811,-0.025108
0.852411,-0.373944,0.38449;0.15203,0.978878,-0.132871,-0.0321034
0.847746,-0.373628,0.375322;0.157735,0.979148,-0.121903,-0.0390923
0.842754,-0.373122,0.365339;0.164216,0.979215,-0.109339,-0.0470699
0.838116,-0.372466,0.355874;0.170654,0.979024,-0.0967463,-0.0550351
0.833313,-0.371554,0.345835;0.177843,0.978501,-0.0825488,-0.0639785
0.828938,-0.370464,0.336425;0.184973,0.977651,-0.0683239,-0.0729006
0.824565,-0.369051,0.326692;0.192822,0.976325,-0.0524919,-0.0827853
0.82033,-0.367264,0.31684;0.201365,0.974402,-0.035052,-0.0936191
0.816376,-0.365048,0.307085;0.210569,0.97175,-0.016007,-0.105384
0.812846,-0.362351,0.297649;0.2204,0.968228,0.00463545,-0.118059
0.809704,-0.358881,0.288168;0.231551,0.963326,0.0284487,-0.132582
0.807287,-0.354521,0.279168;0.24393,0.956692,0.055404,-0.148891
0.805903,-0.348867,0.270829;0.258121,0.947431,0.0870294,-0.16785
0.806161,-0.34143,0.263825;0.274587,0.93426,0.124786,-0.190234
0.808571,-0.332704,0.259641;0.291689,0.917492,0.165352,-0.213972
0.812938,-0.323433,0.258668;0.307979,0.898172,0.205459,-0.237115
0.818217,-0.314903,0.26021;0.321677,0.878995,0.240464,-0.257039
0.824034,-0.306941,0.263381;0.333572,0.859813,0.27197,-0.274743
0.829995,-0.299665,0.267546;0.343814,0.841111,0.300052,-0.290332
0.836158,-0.292766,0.272504;0.353045,0.822241,0.326245,-0.304703
0.842356,-0.286292,0.277986;0.361331,0.803411,0.350584,-0.317903
0.848375,-0.280354,0.283691;0.364225,0.802351,0.348435,-0.319633
0.854669,-0.274456,0.289999;0.363116,0.815257,0.325344,-0.312497
0.860637,-0.269122,0.296276;0.361849,0.826626,0.303812,-0.305701
0.866729,-0.263912,0.302958;0.360351,0.837465,0.282085,-0.298709
0.872919,-0.258845,0.310017;0.358622,0.847768,0.260177,-0.291526
0.879182,-0.253938,0.317426;0.356663,0.857528,0.238103,-0.284155
0.884963,-0.249595,0.324501;0.354666,0.865992,0.217733,-0.277239
0.890762,-0.245415,0.331824;0.352479,0.87399,0.197247,-0.270174
0.896559,-0.241411,0.339373;0.350102,0.881517,0.176654,-0.262963
0.902334,-0.237596,0.347127;0.347536,0.88857,0.155966,-0.255611
0.908065,-0.233985,0.355064;0.344783,0.895144,0.135194,-0.248121
0.913734,-0.23059,0.363162;0.341845,0.901236,0.11435,-0.240498
0.919319,-0.227426,0.371399;0.338722,0.906844,0.0934436,-0.232745
0.924801,-0.224505,0.379755;0.335418,0.911963,0.0724872,-0.224866
0.930159,-0.221842,0.388207;0.331932,0.916591,0.0514917,-0.216867
0.935372,-0.219449,0.396733;0.328268,0.920725,0.0304685,-0.208751
0.940421,-0.217341,0.405312;0.324427,0.924364,0.00942892,-0.200522
0.945286,-0.215531,0.413921;0.320412,0.927505,-0.0116158,-0.192186
0.950358,-0.213912,0.423323;0.315835,0.930362,-0.0345661,-0.182974
0.955159,-0.212681,0.432708;0.311055,0.932624,-0.0574942,-0.173645
0.959664,-0.211856,0.442047;0.306076,0.934287,-0.0803855,-0.164204
0.963846,-0.211454,0.451313;0.300902,0.935352,-0.103225,-0.154658
0.967982,-0.211517,0.461235;0.295078,0.93583,-0.127893,-0.144205
0.971674,-0.21212,0.471002;0.289032,0.935604,-0.152465,-0.133644
0.974889,-0.213284,0.480577;0.28277,0.934674,-0.176922,-0.122982
0.977779,-0.215193,0.490634;0.275787,0.932887,-0.203112,-0.111397
0.980036,-0.217808,0.500383;0.268565,0.930286,-0.229124,-0.0997144
0.981617,-0.221156,0.509778;0.261108,0.926874,-0.254936,-0.0879452
0.982514,-0.22559,0.519403;0.252866,0.922322,-0.282345,-0.0752504
0.982536,-0.230932,0.528515;0.244371,0.916846,-0.309471,-0.0624803
0.981632,-0.237217,0.537061;0.235631,0.910453,-0.336287,-0.0496477
0.979857,-0.244138,0.544657;0.254448,0.905021,-0.33666,-0.0534166
0.977372,-0.251484,0.551327;0.28583,0.899499,-0.323992,-0.06505
0.97417,-0.259489,0.557457;0.316836,0.892799,-0.310899,-0.0765981
0.970572,-0.267506,0.562709;0.345528,0.885453,-0.298254,-0.0873335
0.966449,-0.275941,0.567476;0.373822,0.877088,-0.285266,-0.0979683
0.962174,-0.284121,0.571485;0.399842,0.868368,-0.272846,-0.107792
0.957528,-0.292534,0.575062;0.42546,0.858776,-0.260152,-0.117508
0.952553,-0.301116,0.578205;0.450651,0.848322,-0.247198,-0.127107
0.947291,-0.309805,0.580909;0.47539,0.837017,-0.233995,-0.136577
0.941783,-0.318536,0.58317;0.499652,0.824871,-0.220557,-0.14591
0.936071,-0.327248,0.584984;0.523412,0.811898,-0.206898,-0.155097
0.930196,-0.335877,0.586346;0.546647,0.798109,-0.193031,-0.164128
0.924201,-0.344359,0.587253;0.569332,0.78352,-0.17897,-0.172995
0.918127,-0.352631,0.587701;0.591447,0.768143,-0.16473,-0.181688
0.912015,-0.360631,0.587685;0.612968,0.751996,-0.150324,-0.190198
0.905471,-0.368828,0.587148;0.635342,0.733858,-0.134723,-0.199104
0.898984,-0.376562,0.586069;0.656985,0.714875,-0.118966,-0.207781
0.892184,-0.384212,0.584316;0.679235,0.693718,-0.102008,-0.216772
0.885161,-0.391562,0.581763;0.701899,0.670243,-0.0838437,-0.226013
0.878034,-0.398344,0.578278;0.724764,0.644307,-0.0644766,-0.235433
0.870952,-0.404242,0.573718;0.747593,0.615771,-0.0439181,-0.244952
0.864099,-0.408882,0.567928;0.77013,0.584504,-0.0221906,-0.254483
0.857698,-0.411823,0.560742;0.792095,0.550387,0.000671341,-0.263929
0.852249,-0.412577,0.55241;0.812272,0.515026,0.0235318,-0.272779
0.848073,-0.411066,0.543396;0.829783,0.480267,0.045255,-0.280635
0.845263,-0.407693,0.534374;0.84409,0.448141,0.0647279,-0.287214
0.843592,-0.40298,0.525623;0.855633,0.418958,0.081948,-0.292663
0.842791,-0.397008,0.516789;0.865435,0.391099,0.0979947,-0.297422
0.842731,-0.39042,0.508455;0.876406,0.372016,0.095702,-0.290446
0.843202,-0.383166,0.500213;0.886466,0.354228,0.0925234,-0.283089
0.84404,-0.375753,0.492414;0.895242,0.33791,0.0895951,-0.276283
0.8451,-0.368466,0.48517;0.902835,0.323108,0.086929,-0.270063
0.846426,-0.360641,0.477735;0.910137,0.308201,0.0842349,-0.263756
0.847811,-0.353269,0.470983;0.916381,0.294868,0.0818173,-0.258079
0.849373,-0.345538,0.46411;0.922392,0.281459,0.0793789,-0.252335
0.851097,-0.337479,0.457133;0.928167,0.267979,0.0769202,-0.246528
0.852965,-0.329121,0.450064;0.933707,0.25443,0.0744419,-0.240657
0.854962,-0.320497,0.44292;0.939008,0.240816,0.0719447,-0.234725
0.856804,-0.312756,0.436618;0.94345,0.228854,0.0697445,-0.229486
0.858721,-0.304855,0.430279;0.947708,0.216847,0.0675308,-0.224202
0.860704,-0.296815,0.423912;0.951781,0.204798,0.0653038,-0.218874
0.862742,-0.288655,0.417528;0.955669,0.192708,0.0630641,-0.213503
0.864825,-0.280398,0.411137;0.95937,0.180581,0.0608122,-0.20809
0.86694,-0.272062,0.404747;0.962884,0.168419,0.0585483,-0.202637
0.869079,-0.26367,0.39837;0.96621,0.156224,0.056273,-0.197145
0.87123,-0.255242,0.392014;0.969347,0.143999,0.0539868,-0.191614
0.873382,-0.246797,0.38569;0.972295,0.131745,0.05169,-0.186046
0.875525,-0.238358,0.379407;0.975054,0.119466,0.0493831,-0.180441
0.877649,-0.229945,0.373175;0.977622,0.107163,0.0470666,-0.174801
0.879742,-0.221577,0.367005;0.98,0.0948399,0.0447409,-0.169127
0.881794,-0.213277,0.360905;0.982186,0.0824979,0.0424064,-0.16342
0.883795,-0.205064,0.354886;0.984181,0.0701398,0.0400637,-0.157681
0.885733,-0.19696,0.348958;0.985984,0.057768,0.0377132,-0.151911
0.887598,-0.188984,0.34313;0.987594,0.0453849,0.0353553,-0.146112
0.889627,-0.180053,0.336604;0.989198,0.0312221,0.0326522,-0.139449
0.891531,-0.171348,0.330238;0.99055,0.0170514,0.0299407,-0.132751
0.893293,-0.162899,0.324044;0.99165,0.00287634,0.0272217,-0.126019
0.894899,-0.154739,0.318038;0.992497,-0.0112995,0.0244956,-0.119255
0.896498,-0.14594,0.311525;0.993148,-0.0272436,0.0214214,-0.111609
0.897855,-0.137589,0.305288;0.993478,-0.043179,0.0183403,-0.103927
0.899053,-0.128887,0.298709;0.993469,-0.0608684,0.0149099,-0.0953528
0.899893,-0.120851,0.292526;0.993064,-0.0785336,0.0114736,-0.0867402
0.900369,-0.112852,0.286217;0.992163,-0.0979289,0.00768848,-0.0772266
0.900268,-0.104642,0.279477;0.990481,-0.120789,0.00321049,-0.0659356
0.899177,-0.0970057,0.27274;0.987712,-0.147064,-0.00195892,-0.0528529
0.895921,-0.090222,0.265654;0.982644,-0.181889,-0.00884794,-0.0353377
0.888235,-0.0879411,0.260027;0.973718,-0.226719,-0.017781,-0.0124879
0.878835,-0.0921576,0.258758;0.964594,-0.262489,-0.0249623,0.00599505
0.870776,-0.0983211,0.259691;0.957289,-0.287051,-0.0298552,0.0175269
0.86336,-0.105181,0.261489;0.947061,-0.318825,-0.0352292,0.0135627
0.856176,-0.112533,0.263805;0.937211,-0.346326,-0.0398982,0.0100809
0.849551,-0.119757,0.266319;0.928106,-0.369654,-0.0438721,0.00708928
0.843136,-0.127071,0.269033;0.919228,-0.390826,-0.0474898,0.00434285
0.836424,-0.134998,0.272125;0.909847,-0.411785,-0.0510815,0.00159405
0.83009,-0.142696,0.275251;0.900886,-0.430643,-0.0543225,-0.00090566
0.823559,-0.150824,0.278666;0.891517,-0.449306,-0.0575389,-0.00340496
0.817532,-0.158478,0.281976;0.882739,-0.465929,-0.0604114,-0.00565304
0.81138,-0.166425,0.285504;0.873639,-0.482381,-0.0632618,-0.00789906
0.805119,-0.174639,0.289239;0.864217,-0.498656,-0.0660889,-0.0101422
0.799477,-0.182143,0.292728;0.855577,-0.51297,-0.0685817,-0.012133
0.793775,-0.189819,0.29637;0.846688,-0.527135,-0.0710545,-0.0141202
0.788023,-0.197648,0.300159;0.837554,-0.541147,-0.0735068,-0.0161034
0.782234,-0.205612,0.304088;0.828178,-0.555003,-0.0759378,-0.0180819
0.77642,-0.213692,0.308154;0.818562,-0.568697,-0.0783467,-0.0200552
0.770592,-0.221871,0.312349;0.808708,-0.582227,-0.080733,-0.0220227
0.764761,-0.230128,0.316668;0.79862,-0.595588,-0.0830959,-0.0239837
0.75894,-0.238447,0.321105;0.788301,-0.608777,-0.0854347,-0.0259379
0.75314,-0.246808,0.325655;0.777754,-0.621789,-0.0877488,-0.0278845
0.747373,-0.255193,0.330312;0.766981,-0.634622,-0.0900374,-0.029823
0.741651,-0.263583,0.33507;0.755986,-0.64727,-0.0922999,-0.0317529
0.735984,-0.271961,0.339924;0.744771,-0.659731,-0.0945358,-0.0336736
0.730385,-0.280307,0.344868;0.733342,-0.672,-0.0967442,-0.0355846
0.724866,-0.288604,0.349896;0.721699,-0.684075,-0.0989246,-0.0374852
0.719438,-0.296832,0.355002;0.709848,-0.695952,-0.101076,-0.039375
0.714113,-0.304974,0.360181;0.697791,-0.707627,-0.103199,-0.0412534
0.708902,-0.31301,0.365427;0.685531,-0.719097,-0.105291,-0.0431198
0.703818,-0.320922,0.370734;0.673073,-0.730359,-0.107353,-0.0449737
0.698871,-0.328693,0.376097;0.660421,-0.74141,-0.109384,-0.0468146
0.694074,-0.336302,0.38151;0.647576,-0.752245,-0.111384,-0.0486419
0.689438,-0.343733,0.386967;0.634545,-0.762862,-0.113351,-0.0504552
0.684975,-0.350966,0.392463;0.621329,-0.773259,-0.115285,-0.0522538
0.680175,-0.358845,0.398684;0.606246,-0.784687,-0.117421,-0.0542591
0.675626,-0.366423,0.404939;0.590941,-0.795827,-0.119514,-0.0562446
0.671343,-0.373676,0.411219;0.57542,-0.806676,-0.121563,-0.0582094
0.667344,-0.380576,0.417517;0.559687,-0.817229,-0.123567,-0.0601528
0.663253,-0.387798,0.424524;0.541966,-0.828602,-0.125741,-0.0622864
0.659555,-0.394516,0.431531;0.524,-0.839601,-0.127858,-0.0643917
0.655969,-0.401282,0.439225;0.503963,-0.85126,-0.13012,-0.0666738
0.652916,-0.407348,0.446892;0.483651,-0.862453,-0.132311,-0.0689194
0.650231,-0.413109,0.455205;0.46119,-0.874125,-0.134618,-0.0713261
0.648124,-0.418272,0.464131;0.436518,-0.886126,-0.137019,-0.0738808
0.646847,-0.422491,0.473623;0.409576,-0.898292,-0.139486,-0.0765688
0.646686,-0.425356,0.48362;0.380306,-0.910442,-0.141993,-0.0793733
0.647979,-0.426392,0.494044;0.348659,-0.92238,-0.144507,-0.0822756
0.650873,-0.425198,0.504178;0.316609,-0.933249,-0.146854,-0.0850826
0.655125,-0.421921,0.513374;0.286227,-0.942457,-0.1489,-0.0876247
0.660074,-0.417297,0.521075;0.259659,-0.949661,-0.15055,-0.0897557
0.665731,-0.411485,0.52794;0.234959,-0.955666,-0.151971,-0.0916619
0.671868,-0.404802,0.534011;0.212181,-0.960623,-0.153187,-0.0933568
0.678264,-0.397559,0.539333;0.191373,-0.964674,-0.154219,-0.0948532
0.684705,-0.390059,0.543952;0.172572,-0.967946,-0.155089,-0.0961633
0.690989,-0.38259,0.547916;0.155806,-0.970556,-0.155814,-0.0972983
0.69781,-0.374347,0.55174;0.138996,-0.972886,-0.156494,-0.0984051
0.704229,-0.366484,0.554967;0.124253,-0.974693,-0.157052,-0.0993501
0.711077,-0.358002,0.558079;0.109483,-0.976283,-0.157575,-0.100273
0.717293,-0.350229,0.560652;0.0968031,-0.977474,-0.157995,-0.101047
