0.758026,-0.0442,0.557801;0.814175,0.493787,-0.300751,0.0533186
0.756972,-0.0518626,0.551402;0.810674,0.499877,-0.301007,0.0482206
0.755677,-0.0612865,0.543514;0.806213,0.507436,-0.301295,0.041843
0.754407,-0.0705402,0.535749;0.801657,0.514935,-0.301548,0.0354606
0.75316,-0.079625,0.528105;0.797006,0.522374,-0.301765,0.0290739
0.751939,-0.0885422,0.520582;0.792261,0.529751,-0.301947,0.0226839
0.750741,-0.0972929,0.513179;0.787423,0.537065,-0.302093,0.0162911
0.749567,-0.105878,0.505895;0.782492,0.544317,-0.302204,0.00989647
0.748417,-0.1143,0.49873;0.777469,0.551504,-0.302279,0.00350065
0.74729,-0.122559,0.491681;0.772355,0.558627,-0.302318,-0.00289559
0.746187,-0.130657,0.48475;0.767149,0.565683,-0.302322,-0.00929149
0.745107,-0.138594,0.477934;0.761853,0.572673,-0.30229,-0.0156863
0.744049,-0.146373,0.471233;0.756468,0.579595,-0.302222,-0.0220792
0.743015,-0.153994,0.464647;0.750993,0.58645,-0.302119,-0.0284696
0.741803,-0.162933,0.456893;0.744307,0.594583,-0.301948,-0.0361335
0.740623,-0.171649,0.4493;0.737494,0.602616,-0.301726,-0.0437913
0.739476,-0.180145,0.441868;0.730556,0.610547,-0.301453,-0.0514417
0.738359,-0.188421,0.434595;0.723494,0.618374,-0.301129,-0.0590833
0.737274,-0.196482,0.427479;0.71631,0.626096,-0.300753,-0.066715
0.736219,-0.204328,0.42052;0.709004,0.633712,-0.300327,-0.0743353
0.735195,-0.211962,0.413715;0.701578,0.641221,-0.29985,-0.081943
0.734201,-0.219386,0.407063;0.694033,0.64862,-0.299322,-0.0895368
0.733079,-0.227785,0.399495;0.685081,0.657114,-0.298641,-0.0983769
0.731997,-0.235905,0.392131;0.675972,0.665456,-0.297892,-0.107194
0.730954,-0.243749,0.384969;0.666706,0.673645,-0.297074,-0.115987
0.72995,-0.25132,0.378007;0.657286,0.681678,-0.296187,-0.124753
0.728985,-0.258623,0.371243;0.647715,0.689553,-0.295232,-0.13349
0.727928,-0.266644,0.363751;0.636593,0.698359,-0.294057,-0.143437
0.72692,-0.274324,0.356512;0.625279,0.706954,-0.292793,-0.153342
0.72596,-0.281668,0.34952;0.613777,0.715336,-0.291441,-0.163199
0.724936,-0.289533,0.341948;0.600616,0.724507,-0.289815,-0.174231
0.72397,-0.296987,0.334681;0.587226,0.733402,-0.288079,-0.185195
0.722965,-0.304795,0.326959;0.572085,0.742957,-0.28602,-0.197295
0.722028,-0.312114,0.319601;0.556675,0.752162,-0.283827,-0.209302
0.721077,-0.319611,0.311921;0.539421,0.761878,-0.28126,-0.222396
0.720205,-0.326542,0.304664;0.521859,0.77116,-0.278533,-0.235362
0.719342,-0.333473,0.297222;0.502362,0.780783,-0.275376,-0.249354
0.718509,-0.340259,0.289704;0.480856,0.790611,-0.271746,-0.264321
0.717675,-0.347183,0.281716;0.455567,0.801168,-0.267289,-0.281329
0.716929,-0.353537,0.27398;0.42806,0.811492,-0.262222,-0.299141
0.716229,-0.359753,0.265811;0.394727,0.82248,-0.255795,-0.319822
0.715634,-0.365442,0.257338;0.353485,0.833908,-0.247434,-0.344126
0.715241,-0.370133,0.248236;0.296522,0.846018,-0.235193,-0.375517
0.715516,-0.371098,0.238446;0.198092,0.857712,-0.2123,-0.424286
0.717147,-0.362454,0.234617;0.075583,0.857251,-0.180974,-0.476083
0.718756,-0.352457,0.236052;-0.00307902,0.848638,-0.159291,-0.504411
0.720234,-0.342797,0.238905;-0.0640567,0.837559,-0.141653,-0.523761
0.721645,-0.33328,0.242461;-0.11694,0.824819,-0.125765,-0.538685
0.722971,-0.324126,0.246349;-0.163615,0.811115,-0.111278,-0.5504
0.724284,-0.314876,0.250628;-0.207931,0.795916,-0.0971105,-0.560225
0.725586,-0.305524,0.255247;-0.196978,0.816535,-0.0767726,-0.537193
0.726827,-0.296418,0.259987;-0.180392,0.838554,-0.0566833,-0.510953
0.727998,-0.287605,0.26478;-0.16437,0.857982,-0.0375539,-0.485221
0.729155,-0.278646,0.269841;-0.148076,0.875984,-0.0183621,-0.458681
0.73029,-0.269576,0.275145;-0.131535,0.89253,0.00086019,-0.43138
0.731333,-0.260939,0.280354;-0.115711,0.906795,0.0190138,-0.404936
0.732338,-0.252265,0.285735;-0.0997167,0.919715,0.0371393,-0.377891
0.733299,-0.243582,0.291267;-0.0835741,0.931271,0.0552097,-0.350287
0.734206,-0.23492,0.296929;-0.0673076,0.941447,0.0731982,-0.322163
0.735053,-0.226309,0.302698;-0.0509413,0.950227,0.0910782,-0.293561
0.73583,-0.217777,0.308554;-0.0344995,0.957598,0.108823,-0.264524
0.736531,-0.209355,0.314476;-0.0180065,0.96355,0.126407,-0.235095
0.737146,-0.201073,0.32044;-0.00148679,0.968072,0.143803,-0.205317
0.737669,-0.192959,0.326427;0.0150351,0.971159,0.160986,-0.175234
0.738111,-0.184584,0.332767;0.0325041,0.972859,0.178919,-0.1431
0.738431,-0.176467,0.339082;0.049919,0.972941,0.196555,-0.110729
0.738619,-0.168643,0.345347;0.0672509,0.971406,0.213863,-0.0781727
0.738662,-0.160739,0.351878;0.0854239,0.968033,0.231748,-0.0436682
0.738525,-0.152859,0.358629;0.104382,0.962547,0.250109,-0.00726154
0.738165,-0.145122,0.365543;0.124056,0.954661,0.268835,0.0309801
0.737533,-0.137666,0.372552;0.144366,0.944083,0.2878,0.0709662
0.736528,-0.130364,0.37987;0.166112,0.929872,0.307673,0.114383
0.735042,-0.123528,0.387344;0.189113,0.911376,0.328173,0.161032
0.732861,-0.117347,0.395032;0.213992,0.887022,0.349694,0.212399
0.72955,-0.11223,0.403036;0.241977,0.853605,0.372998,0.271438
0.724245,-0.10942,0.411176;0.274548,0.805362,0.398718,0.34211
0.716738,-0.111281,0.417554;0.260685,0.793019,0.407122,0.370695
0.708929,-0.117119,0.420846;0.209144,0.818077,0.399625,0.356803
0.702041,-0.124444,0.422049;0.166593,0.836361,0.39247,0.34455
0.695919,-0.132406,0.422086;0.129525,0.850574,0.385549,0.333315
0.690122,-0.141188,0.421318;0.094199,0.862666,0.37837,0.322134
0.685086,-0.149888,0.420015;0.0626718,0.872277,0.371489,0.311769
0.680551,-0.158713,0.418294;0.0330437,0.880305,0.36462,0.301701
0.676277,-0.168101,0.416117;0.00337957,0.887373,0.357352,0.291303
0.672594,-0.177297,0.413696;-0.0243109,0.893096,0.350218,0.281312
0.669271,-0.186844,0.410921;-0.0519784,0.89797,0.34275,0.271054
0.666372,-0.196673,0.407815;-0.0795964,0.901991,0.334957,0.260537
0.664117,-0.205994,0.404652;-0.105175,0.904958,0.327435,0.250551
0.662333,-0.215446,0.401239;-0.130666,0.907183,0.319645,0.240358
0.661073,-0.224975,0.397592;-0.156051,0.908665,0.311593,0.229969
0.660388,-0.234527,0.393729;-0.181308,0.909402,0.303286,0.219392
0.660328,-0.244047,0.389667;-0.206417,0.909394,0.29473,0.208634
0.660946,-0.253482,0.385423;-0.231356,0.908641,0.285933,0.197706
0.662292,-0.262776,0.381015;-0.256106,0.907144,0.276902,0.186616
0.664418,-0.271877,0.376459;-0.280646,0.904903,0.267643,0.175373
0.667375,-0.280729,0.371773;-0.304956,0.901921,0.258165,0.163986
0.671213,-0.289279,0.366974;-0.329016,0.8982,0.248476,0.152465
0.675985,-0.297473,0.362078;-0.352807,0.893742,0.238583,0.140819
0.681263,-0.304672,0.35749;-0.374511,0.888978,0.229278,0.129966
0.687419,-0.31148,0.352847;-0.395954,0.883593,0.219812,0.119022
0.694496,-0.317852,0.348164;-0.41712,0.877591,0.210193,0.107995
0.702218,-0.323546,0.343624;-0.409804,0.885399,0.197704,0.0950962
0.710281,-0.328502,0.339326;-0.3956,0.895825,0.185,0.0822969
0.719034,-0.333045,0.335025;-0.381146,0.905682,0.172178,0.0694452
0.727609,-0.336842,0.331089;-0.367682,0.914212,0.160328,0.0576255
0.736666,-0.340283,0.327166;-0.354023,0.922254,0.148393,0.0457751
0.746154,-0.343365,0.323264;-0.340174,0.929803,0.136378,0.0339002
0.756029,-0.346083,0.319389;-0.326144,0.936855,0.124291,0.0220072
0.7653,-0.348234,0.315897;-0.313238,0.942832,0.113244,0.011185
0.774816,-0.350079,0.31244;-0.300193,0.948393,0.102148,0.000357823
0.78454,-0.351614,0.309022;-0.287016,0.953536,0.0910066,-0.0104695
0.794436,-0.352835,0.30565;-0.273712,0.958257,0.079825,-0.0212921
0.80447,-0.35374,0.302329;-0.260288,0.962555,0.0686081,-0.0321054
0.814606,-0.354325,0.299064;-0.246748,0.966429,0.057361,-0.0429045
0.824808,-0.354588,0.295861;-0.2331,0.969875,0.0460885,-0.0536847
0.83504,-0.354525,0.292726;-0.219349,0.972894,0.0347957,-0.0644411
0.845268,-0.354133,0.289663;-0.2055,0.975483,0.0234875,-0.0751692
0.855455,-0.35341,0.286679;-0.191562,0.977642,0.0121689,-0.085864
0.865566,-0.352351,0.283778;-0.177538,0.979369,0.000844984,-0.0965209
0.875565,-0.350955,0.280966;-0.163436,0.980663,-0.0104793,-0.107135
0.885418,-0.349217,0.27825;-0.149262,0.981525,-0.021799,-0.117702
0.895087,-0.347135,0.275633;-0.135023,0.981954,-0.033109,-0.128217
0.904539,-0.344706,0.273122;-0.120723,0.981949,-0.0444045,-0.138676
0.914641,-0.341629,0.270489;-0.104933,0.981443,-0.0568066,-0.150109
0.924388,-0.338124,0.267998;-0.0890858,0.980412,-0.0691784,-0.161462
0.933734,-0.334187,0.265655;-0.0731915,0.978858,-0.0815133,-0.17273
0.94263,-0.329814,0.263469;-0.0572581,0.976781,-0.0938046,-0.183904
0.951768,-0.32454,0.261271;-0.0398416,0.97392,-0.107156,-0.195983
0.960254,-0.318738,0.259278;-0.0223998,0.970441,-0.120439,-0.207936
0.968026,-0.3124,0.257498;-0.00494379,0.966344,-0.133646,-0.219758
0.975569,-0.304924,0.255822;0.0139701,0.961213,-0.147857,-0.232407
0.982124,-0.296808,0.254419;0.0328736,0.955365,-0.161958,-0.244883
0.987613,-0.288044,0.253303;0.0517526,0.948804,-0.175938,-0.257175
0.991958,-0.278625,0.252485;0.0705929,0.941535,-0.189786,-0.269276
0.995082,-0.268546,0.251976;0.0893806,0.933564,-0.203493,-0.281176
0.996813,-0.258649,0.251793;0.106664,0.925587,-0.216012,-0.291975
0.997374,-0.248178,0.251893;0.12388,0.917023,-0.228393,-0.302588
0.996809,-0.23807,0.252242;0.139592,0.90866,-0.239614,-0.312148
0.995291,-0.228028,0.252807;0.107102,0.915287,-0.240125,-0.305155
0.992905,-0.217715,0.253585;0.0742634,0.920968,-0.240197,-0.297671
0.989908,-0.207633,0.254517;0.0432769,0.925334,-0.240009,-0.290309
0.986483,-0.197859,0.255566;0.0141857,0.928559,-0.239607,-0.283135
0.982788,-0.188461,0.256697;-0.0129782,0.930808,-0.239035,-0.276208
0.978646,-0.178802,0.257974;-0.0401318,0.93232,-0.238275,-0.269061
0.974431,-0.169604,0.25929;-0.0653179,0.933064,-0.2374,-0.262234
0.969888,-0.160191,0.26073;-0.0904594,0.933171,-0.236363,-0.255229
0.965428,-0.151314,0.262169;-0.113613,0.932705,-0.235262,-0.248608
0.960734,-0.14226,0.263713;-0.1367,0.931696,-0.234025,-0.241842
0.955828,-0.133032,0.265362;-0.159707,0.930146,-0.232652,-0.234935
0.950731,-0.123635,0.267114;-0.182622,0.928056,-0.231143,-0.227892
0.945911,-0.114874,0.268812;-0.203535,0.925665,-0.229642,-0.22132
0.940965,-0.105976,0.270596;-0.224347,0.922822,-0.228029,-0.214639
0.935912,-0.0969428,0.272466;-0.245051,0.919529,-0.226305,-0.207853
0.930766,-0.0877774,0.274422;-0.265634,0.915786,-0.22447,-0.200966
0.925546,-0.0784825,0.276463;-0.286088,0.911596,-0.222525,-0.193981
0.92075,-0.0699222,0.278393;-0.304562,0.907401,-0.220663,-0.187548
0.915918,-0.061259,0.280392;-0.322912,0.902839,-0.218712,-0.18104
0.911064,-0.0524947,0.282461;-0.341132,0.897912,-0.216672,-0.174459
0.906199,-0.0436314,0.2846;-0.359214,0.892623,-0.214545,-0.167807
0.901336,-0.0346709,0.286808;-0.377152,0.886974,-0.212332,-0.161087
0.896489,-0.0256153,0.289084;-0.394937,0.880967,-0.210032,-0.154303
0.891668,-0.0164664,0.291429;-0.412562,0.874604,-0.207648,-0.147456
0.886888,-0.00722636,0.293843;-0.430021,0.867887,-0.20518,-0.140549
0.88216,0.00210299,0.296324;-0.447307,0.860821,-0.202629,-0.133586
0.877497,0.0115197,0.298873;-0.464412,0.853407,-0.199996,-0.126569
0.872912,0.0210217,0.301489;-0.481329,0.845648,-0.197283,-0.119501
0.868417,0.0306071,0.304172;-0.498052,0.837548,-0.19449,-0.112384
0.864025,0.040274,0.306922;-0.514574,0.82911,-0.191619,-0.105223
0.859749,0.0500203,0.309739;-0.530888,0.820338,-0.18867,-0.0980184
0.8556,0.0598442,0.312621;-0.546988,0.811234,-0.185645,-0.0907745
0.851592,0.0697436,0.31557;-0.562867,0.801802,-0.182544,-0.083494
0.847737,0.0797166,0.318584;-0.578519,0.792047,-0.179371,-0.0761798
0.844409,0.0887536,0.321353;-0.592406,0.782994,-0.176452,-0.0695707
0.841224,0.0978472,0.324174;-0.6061,0.773684,-0.173476,-0.0629388
0.838192,0.106996,0.327048;-0.619595,0.764122,-0.170444,-0.0562863
0.835321,0.116198,0.329974;-0.632888,0.75431,-0.167355,-0.0496154
0.832621,0.125453,0.332952;-0.645973,0.744251,-0.164212,-0.0429282
0.830101,0.134759,0.335982;-0.658848,0.733949,-0.161015,-0.0362271
0.827771,0.144114,0.339064;-0.671507,0.723407,-0.157766,-0.0295141
0.825638,0.153517,0.342197;-0.683946,0.712628,-0.154464,-0.0227914
0.823713,0.162967,0.345381;-0.696162,0.701616,-0.151113,-0.0160613
0.822005,0.172462,0.348617;-0.70815,0.690375,-0.147712,-0.0093259
0.820523,0.182001,0.351903;-0.719906,0.678908,-0.144262,-0.00258748
0.819275,0.191582,0.355239;-0.731428,0.667219,-0.140766,0.00415178
0.818272,0.201203,0.358626;-0.742709,0.655312,-0.137223,0.0108897
0.817522,0.210865,0.362064;-0.753748,0.643191,-0.133636,0.017624
0.817034,0.220564,0.365551;-0.764541,0.630859,-0.130005,0.0243526
0.816818,0.2303,0.369088;-0.775084,0.618321,-0.126331,0.0310732
0.816883,0.240071,0.372674;-0.785373,0.60558,-0.122616,0.0377837
0.817238,0.249876,0.37631;-0.795405,0.592642,-0.118861,0.0444818
0.817891,0.259713,0.379994;-0.805177,0.57951,-0.115067,0.0511654
0.818853,0.269581,0.383728;-0.814686,0.566188,-0.111235,0.0578322
0.820133,0.279478,0.38751;-0.823928,0.552682,-0.107367,0.0644801
0.821739,0.289404,0.391341;-0.832901,0.538994,-0.103464,0.0711069
0.823681,0.299355,0.39522;-0.841602,0.52513,-0.0995275,0.0777105
0.825968,0.309333,0.399147;-0.850027,0.511095,-0.0955581,0.0842887
0.828608,0.319334,0.403122;-0.858175,0.496892,-0.0915574,0.0908393
0.831612,0.329357,0.407145;-0.866041,0.482527,-0.0875267,0.0973601
0.834595,0.338284,0.41076;-0.872796,0.469625,-0.0839199,0.10313
0.837878,0.347226,0.414413;-0.879326,0.456603,-0.0802914,0.108873
0.841469,0.356183,0.418102;-0.885628,0.443462,-0.0766421,0.114588
0.845373,0.365154,0.421829;-0.891702,0.430206,-0.072973,0.120273
0.849597,0.374137,0.425593;-0.897545,0.416839,-0.0692851,0.125927
0.854147,0.383131,0.429393;-0.903156,0.403365,-0.0655792,0.131549
