0.696829,0.185917,0.557293;0.086464,-0.534067,-0.572557,0.616015
0.694899,0.18016,0.566092;0.0974034,-0.543001,-0.564587,0.613925
0.693059,0.17427,0.574561;0.108317,-0.551788,-0.556466,0.611672
0.691307,0.168251,0.582706;0.119201,-0.560429,-0.548196,0.609255
0.689643,0.162107,0.590531;0.130054,-0.56892,-0.53978,0.606675
0.687874,0.15505,0.598956;0.142221,-0.57829,-0.530139,0.603578
0.686213,0.147843,0.606987;0.15434,-0.587464,-0.520319,0.600278
0.684658,0.140493,0.614629;0.166407,-0.596439,-0.510323,0.596774
0.683207,0.133005,0.621889;0.178418,-0.605213,-0.500154,0.593069
0.68186,0.125384,0.628773;0.190369,-0.613782,-0.489816,0.589162
0.680614,0.117634,0.635286;0.202254,-0.622143,-0.479312,0.585057
0.679468,0.109762,0.641434;0.214072,-0.630294,-0.468646,0.580753
0.678309,0.100877,0.647845;0.227117,-0.6391,-0.456608,0.575741
0.67727,0.0918543,0.653821;0.240068,-0.647639,-0.444381,0.570488
0.676347,0.0827007,0.65937;0.252918,-0.655908,-0.431967,0.564997
0.675539,0.0734234,0.664501;0.265663,-0.663902,-0.419373,0.55927
0.674844,0.0640295,0.669222;0.278297,-0.67162,-0.406604,0.553309
0.674259,0.0545262,0.67354;0.290814,-0.679056,-0.393665,0.547117
0.673782,0.0449205,0.677465;0.30321,-0.686209,-0.380562,0.540697
0.673411,0.0352197,0.681003;0.315479,-0.693076,-0.367299,0.534051
0.673144,0.0254309,0.684164;0.327617,-0.699652,-0.353884,0.527181
0.672978,0.0155613,0.686955;0.339617,-0.705937,-0.34032,0.520092
0.672912,0.00561786,0.689384;0.351476,-0.711927,-0.326614,0.512785
0.672943,-0.00439212,0.69146;0.363188,-0.717619,-0.312772,0.505264
0.673069,-0.0144615,0.693191;0.374748,-0.723011,-0.298799,0.497532
0.673288,-0.0245832,0.694584;0.386152,-0.728102,-0.284701,0.489592
0.673598,-0.0347501,0.695649;0.397394,-0.732888,-0.270485,0.481447
0.673996,-0.044955,0.696393;0.40847,-0.737368,-0.256155,0.473102
0.67448,-0.0551907,0.696824;0.419376,-0.74154,-0.241718,0.464558
0.675049,-0.0654501,0.69695;0.430106,-0.745402,-0.227181,0.455821
0.675699,-0.0757262,0.69678;0.440657,-0.748953,-0.212548,0.446893
0.676429,-0.0860116,0.696321;0.451024,-0.752191,-0.197827,0.437779
0.677237,-0.0962994,0.695583;0.461202,-0.755115,-0.183023,0.428481
0.67812,-0.106582,0.694572;0.471188,-0.757724,-0.168142,0.419005
0.679077,-0.116853,0.693297;0.480977,-0.760015,-0.153192,0.409354
0.680104,-0.127105,0.691767;0.490564,-0.76199,-0.138177,0.399531
0.681201,-0.13733,0.689988;0.499947,-0.763646,-0.123105,0.389542
0.682363,-0.147522,0.687971;0.509121,-0.764983,-0.107981,0.37939
0.683591,-0.157674,0.685722;0.518083,-0.766,-0.0928118,0.36908
0.68488,-0.167778,0.683249;0.526828,-0.766698,-0.0776041,0.358615
0.68623,-0.177826,0.680562;0.535353,-0.767075,-0.062364,0.348001
0.687638,-0.187813,0.677667;0.543654,-0.767132,-0.0470978,0.337241
0.689101,-0.197731,0.674574;0.551728,-0.766868,-0.0318119,0.32634
0.690618,-0.207573,0.671289;0.559572,-0.766284,-0.0165128,0.315303
0.692187,-0.217331,0.667823;0.567182,-0.765379,-0.00120676,0.304134
0.693804,-0.226998,0.664181;0.574555,-0.764156,0.0140998,0.292838
0.695469,-0.236568,0.660374;0.581688,-0.762612,0.0294004,0.28142
0.697178,-0.246033,0.656408;0.588578,-0.760751,0.0446888,0.269885
0.69893,-0.255385,0.652292;0.595222,-0.758571,0.0599585,0.258236
0.700723,-0.264619,0.648034;0.601617,-0.756075,0.0752032,0.24648
0.702553,-0.273726,0.643643;0.607761,-0.753262,0.0904164,0.234621
0.70442,-0.2827,0.639125;0.613652,-0.750135,0.105592,0.222663
0.706321,-0.291534,0.63449;0.619285,-0.746695,0.120723,0.210613
0.708253,-0.300219,0.629746;0.624661,-0.742943,0.135804,0.198475
0.710215,-0.30875,0.624901;0.629775,-0.73888,0.150828,0.186253
0.712405,-0.317947,0.619463;0.635097,-0.734055,0.167282,0.17272
0.714625,-0.326938,0.613924;0.640097,-0.728859,0.183651,0.1591
0.716872,-0.335713,0.608294;0.644774,-0.723294,0.199927,0.145399
0.719144,-0.344265,0.602583;0.649126,-0.717364,0.216102,0.131625
0.721437,-0.352582,0.596803;0.653149,-0.711071,0.232168,0.117784
0.723748,-0.360656,0.590965;0.656842,-0.704418,0.248117,0.103884
0.726076,-0.368476,0.585079;0.660203,-0.69741,0.26394,0.0899313
0.728629,-0.376708,0.578616;0.663489,-0.689362,0.281049,0.0746585
0.731193,-0.384615,0.572123;0.666375,-0.6809,0.297989,0.0593408
0.733786,-0.392243,0.565562;0.671127,-0.67432,0.302007,0.0606061
0.736808,-0.400673,0.557925;0.67728,-0.667335,0.302276,0.0677124
0.739833,-0.408619,0.55029;0.68334,-0.660259,0.302503,0.0748094
0.742859,-0.416073,0.54267;0.689306,-0.653092,0.30269,0.0818962
0.745883,-0.423025,0.535074;0.695177,-0.645836,0.302834,0.0889717
0.748902,-0.429465,0.527517;0.700953,-0.638491,0.302937,0.096035
0.751912,-0.435384,0.520008;0.706633,-0.631058,0.302999,0.103085
0.755409,-0.441618,0.511326;0.713137,-0.622277,0.303018,0.111292
0.758884,-0.447114,0.502745;0.719508,-0.61338,0.302981,0.119479
0.762334,-0.451858,0.494284;0.725745,-0.604369,0.302887,0.127643
0.766239,-0.456337,0.484785;0.732706,-0.593932,0.30271,0.136944
0.770096,-0.45979,0.475495;0.739489,-0.58335,0.30246,0.146212
0.773897,-0.462195,0.466442;0.746091,-0.572625,0.302136,0.155444
0.778099,-0.463618,0.456574;0.753301,-0.560394,0.301683,0.165784
0.78221,-0.463653,0.447081;0.760278,-0.547989,0.301137,0.176074
0.78622,-0.462267,0.438002;0.767021,-0.535415,0.300498,0.186309
0.790545,-0.459022,0.428447;0.774234,-0.521251,0.299679,0.197614
0.794719,-0.453938,0.419507;0.781153,-0.506887,0.298746,0.208843
0.798332,-0.447754,0.412031;0.787126,-0.493795,0.297809,0.218881
0.801801,-0.440013,0.405135;0.792855,-0.48055,0.29678,0.228852
0.804753,-0.431799,0.399526;0.797743,-0.468653,0.295789,0.237656
0.807574,-0.422306,0.394435;0.802435,-0.456641,0.294725,0.246402
0.809929,-0.412932,0.390427;0.806381,-0.446038,0.293735,0.254006
0.812173,-0.402548,0.386856;0.810176,-0.435353,0.29269,0.261561
0.814005,-0.392829,0.384156;0.813309,-0.426129,0.291752,0.267999
0.815748,-0.382347,0.381803;0.81633,-0.416847,0.290773,0.2744
0.8174,-0.371092,0.379807;0.819239,-0.407508,0.289754,0.280763
0.818705,-0.361114,0.378426;0.821577,-0.399682,0.288874,0.286037
0.819942,-0.350587,0.377309;0.823837,-0.391819,0.287967,0.291283
0.821109,-0.339505,0.376461;0.826018,-0.383918,0.287033,0.296501
0.822206,-0.327863,0.375891;0.828121,-0.37598,0.286071,0.301691
0.823229,-0.315654,0.375605;0.830145,-0.368007,0.285082,0.306853
0.823994,-0.305476,0.375585;0.831707,-0.361603,0.284272,0.310961
0.82471,-0.294929,0.375754;0.833218,-0.355177,0.283444,0.31505
0.825376,-0.284011,0.376116;0.834679,-0.348729,0.282598,0.31912
0.825992,-0.272719,0.376675;0.836089,-0.34226,0.281736,0.32317
0.826556,-0.261049,0.377434;0.837447,-0.33577,0.280856,0.327201
0.827068,-0.248999,0.378396;0.838755,-0.32926,0.279959,0.331211
0.827526,-0.236567,0.379564;0.840011,-0.32273,0.279045,0.335202
0.827929,-0.223748,0.380944;0.841217,-0.316179,0.278114,0.339172
0.828278,-0.210541,0.382537;0.842371,-0.30961,0.277166,0.343121
0.828502,-0.20038,0.383874;0.843202,-0.304671,0.276444,0.34607
0.828694,-0.189996,0.385334;0.844005,-0.299721,0.275712,0.349006
0.828854,-0.179391,0.38692;0.844779,-0.294761,0.274971,0.351931
0.828973,-0.169376,0.388501;0.846583,-0.286449,0.276669,0.353126
0.829071,-0.158206,0.390351;0.848596,-0.276935,0.278754,0.354243
0.829138,-0.146822,0.392325;0.850524,-0.267394,0.280811,0.355324
0.829173,-0.135234,0.394419;0.852366,-0.257826,0.28284,0.356369
0.829178,-0.12345,0.396629;0.854124,-0.248232,0.284841,0.357379
0.829159,-0.113487,0.398558;0.855523,-0.240217,0.286486,0.358193
0.829121,-0.103399,0.400562;0.856862,-0.232187,0.288112,0.358982
0.829063,-0.0931912,0.402641;0.858142,-0.22414,0.289717,0.359746
0.828987,-0.0828688,0.404792;0.859362,-0.216077,0.291303,0.360485
0.828892,-0.0724369,0.407013;0.860523,-0.208,0.292868,0.361199
0.828779,-0.0619006,0.409303;0.861624,-0.199908,0.294413,0.361888
0.828649,-0.0512649,0.411658;0.862664,-0.191802,0.295937,0.362552
0.828502,-0.0405349,0.414078;0.863645,-0.183683,0.29744,0.36319
0.828339,-0.0297158,0.41656;0.864566,-0.175551,0.298923,0.363804
0.82816,-0.0188126,0.419101;0.865426,-0.167406,0.300385,0.364391
0.827965,-0.00783047,0.421701;0.866227,-0.15925,0.301827,0.364954
0.827756,0.00322558,0.424356;0.866967,-0.151083,0.303247,0.365491
0.827533,0.0143504,0.427065;0.867646,-0.142906,0.304646,0.366003
0.827296,0.025539,0.429826;0.868266,-0.134719,0.306024,0.36649
0.827046,0.0367862,0.432636;0.868825,-0.126522,0.307381,0.36695
0.826783,0.0480869,0.435494;0.869323,-0.118316,0.308716,0.367386
0.826508,0.059436,0.438398;0.869762,-0.110102,0.31003,0.367796
0.826222,0.0708285,0.441345;0.870139,-0.101881,0.311322,0.36818
0.825924,0.0822592,0.444334;0.870456,-0.0936525,0.312593,0.368538
0.825615,0.0937231,0.447362;0.870713,-0.0854174,0.313842,0.368871
0.825297,0.105215,0.450428;0.870909,-0.0771764,0.315069,0.369179
0.824969,0.11673,0.453529;0.871044,-0.06893,0.316274,0.36946
0.824632,0.128263,0.456663;0.871119,-0.0606789,0.317457,0.369716
0.824286,0.139809,0.459828;0.871134,-0.0524235,0.318618,0.369946
0.823932,0.151362,0.463023;0.871087,-0.0441645,0.319757,0.370151
0.823571,0.162918,0.466245;0.87098,-0.0359024,0.320874,0.37033
0.823202,0.174471,0.469492;0.870813,-0.0276378,0.321968,0.370483
0.822828,0.186017,0.472762;0.870585,-0.0193713,0.32304,0.37061
0.822447,0.19755,0.476053;0.870296,-0.0111034,0.32409,0.370711
0.82206,0.209066,0.479363;0.869947,-0.00283475,0.325117,0.370787
0.821669,0.220559,0.48269;0.869537,0.00543409,0.326121,0.370837
0.821274,0.232023,0.486032;0.869067,0.0137026,0.327103,0.370861
0.820874,0.243455,0.489386;0.868537,0.0219701,0.328062,0.370859
0.820471,0.254848,0.492752;0.867946,0.030236,0.328998,0.370832
0.820065,0.266199,0.496126;0.867295,0.0384999,0.329911,0.370779
0.819657,0.277501,0.499507;0.866583,0.0467611,0.330801,0.370699
0.819247,0.28875,0.502892;0.865811,0.0550191,0.331669,0.370595
0.818835,0.29994,0.50628;0.864979,0.0632732,0.332513,0.370464
0.818423,0.311066,0.509668;0.864086,0.0715229,0.333334,0.370308
0.818011,0.322124,0.513055;0.863134,0.0797676,0.334132,0.370125
0.817598,0.333109,0.516439;0.862122,0.0880068,0.334906,0.369917
0.817187,0.344014,0.519817;0.861049,0.0962399,0.335658,0.369684
0.816776,0.354835,0.523187;0.859917,0.104466,0.336386,0.369424
0.816368,0.365568,0.526547;0.858725,0.112685,0.33709,0.369139
0.815961,0.376206,0.529896;0.857473,0.120897,0.337771,0.368829
0.815558,0.386745,0.53323;0.856161,0.1291,0.338429,0.368492
0.815157,0.39718,0.536549;0.85479,0.137293,0.339063,0.36813
0.814761,0.407505,0.53985;0.85336,0.145478,0.339674,0.367743
0.814369,0.417716,0.543131;0.85187,0.153652,0.340261,0.36733
0.813982,0.427807,0.54639;0.850321,0.161816,0.340824,0.366891
0.8136,0.437774,0.549625;0.848713,0.169968,0.341363,0.366427
0.813224,0.447611,0.552834;0.847046,0.178108,0.341879,0.365937
0.812854,0.457313,0.556014;0.845319,0.186236,0.342371,0.365422
0.812491,0.466875,0.559165;0.843534,0.194351,0.342839,0.364881
0.812066,0.478158,0.562903;0.841315,0.204072,0.34337,0.364199
0.811652,0.489223,0.56659;0.839011,0.213771,0.343866,0.36348
0.811251,0.500061,0.570225;0.836624,0.22345,0.344327,0.362725
0.810863,0.510665,0.573802;0.834152,0.233106,0.344754,0.361934
0.810489,0.521024,0.577318;0.831597,0.242739,0.345147,0.361106
0.81013,0.53113,0.580771;0.828959,0.252347,0.345505,0.360242
0.809788,0.540975,0.584155;0.826238,0.26193,0.345828,0.359342
0.809462,0.550549,0.587469;0.823434,0.271487,0.346117,0.358406
0.809105,0.561366,0.59124;0.820058,0.282602,0.34641,0.357269
0.808774,0.571789,0.594903;0.816571,0.293679,0.346656,0.356083
0.808469,0.581803,0.598454;0.812972,0.304715,0.346854,0.354848
0.808193,0.591396,0.601885;0.809262,0.315711,0.347006,0.353566
0.807914,0.601824,0.605655;0.804888,0.328224,0.347121,0.35204
0.807677,0.611662,0.609254;0.80037,0.340678,0.347174,0.350453
0.807462,0.621999,0.613088;0.795117,0.354617,0.34716,0.348592
0.807304,0.631532,0.616684;0.789685,0.368476,0.347067,0.346652
0.807201,0.641146,0.620384;0.78344,0.383777,0.346873,0.344406
0.807178,0.650486,0.624078;0.77632,0.400485,0.346548,0.341824
0.807283,0.659783,0.627906;0.767568,0.420057,0.346013,0.338624
0.807649,0.668951,0.631975;0.75558,0.445351,0.345068,0.3342
0.809787,0.675869,0.636989;0.723378,0.506265,0.341547,0.322126
0.812479,0.666004,0.635699;0.699261,0.547645,0.338019,0.311227
0.814238,0.65611,0.633412;0.69193,0.567214,0.33564,0.294699
0.815858,0.645738,0.63078;0.685608,0.582815,0.33353,0.281114
0.817353,0.635415,0.628043;0.680007,0.595802,0.331622,0.269515
0.818808,0.624858,0.62517;0.674714,0.607433,0.32979,0.258891
0.82019,0.614445,0.622287;0.66979,0.617756,0.328062,0.249268
0.821474,0.604493,0.619498;0.665285,0.626814,0.326464,0.240667
0.822808,0.593912,0.616507;0.660662,0.635761,0.324808,0.232022
0.824015,0.584158,0.61373;0.656519,0.643496,0.32331,0.224424
0.825256,0.573959,0.61081;0.652287,0.651143,0.321769,0.216795
0.82653,0.563332,0.607755;0.647965,0.6587,0.320183,0.209137
0.827837,0.552293,0.604569;0.643554,0.666168,0.318554,0.20145
0.828981,0.542516,0.60174;0.639704,0.672496,0.317123,0.194839
0.830146,0.532459,0.598824;0.635789,0.678756,0.315659,0.188208
0.831332,0.522134,0.595824;0.63181,0.684948,0.314164,0.181559
0.832537,0.511551,0.592745;0.627767,0.691071,0.312638,0.174891
0.833761,0.50072,0.589591;0.623661,0.697125,0.31108,0.168206
0.835002,0.489652,0.586364;0.619493,0.703108,0.30949,0.161503
0.83626,0.478358,0.583071;0.615262,0.709021,0.30787,0.154785
0.83732,0.46878,0.580277;0.611689,0.713894,0.306496,0.149174
0.83839,0.459059,0.57744;0.608073,0.718717,0.3051,0.143553
0.83947,0.449201,0.574565;0.604415,0.723489,0.303683,0.137922
0.840559,0.439211,0.571651;0.600714,0.728211,0.302245,0.132281
0.841657,0.429095,0.568702;0.596972,0.732883,0.300786,0.126631
0.842763,0.41886,0.565719;0.593188,0.737503,0.299306,0.120972
0.843876,0.408513,0.562706;0.589362,0.742071,0.297805,0.115305
0.844996,0.398058,0.559664;0.585495,0.746588,0.296283,0.10963
0.846123,0.387503,0.556596;0.581587,0.751052,0.29474,0.103946
0.847256,0.376852,0.553503;0.577639,0.755464,0.293177,0.0982562
0.848393,0.366114,0.550389;0.57365,0.759823,0.291593,0.092559
0.849536,0.355293,0.547254;0.569621,0.76413,0.289989,0.0868553
0.850682,0.344395,0.544102;0.565553,0.768382,0.288365,0.0811456
0.851832,0.333428,0.540935;0.561445,0.772581,0.28672,0.0754302
0.852986,0.322396,0.537755;0.557297,0.776726,0.285056,0.0697095
0.854141,0.311307,0.534564;0.553111,0.780817,0.283371,0.063984
0.855299,0.300166,0.531364;0.548886,0.784853,0.281667,0.058254
0.856458,0.288979,0.528158;0.544622,0.788835,0.279943,0.0525199
0.857618,0.277753,0.524948;0.540321,0.792761,0.2782,0.0467822
0.858778,0.266493,0.521736;0.535982,0.796632,0.276437,0.0410412
0.859938,0.255206,0.518525;0.531605,0.800447,0.274654,0.0352973
0.861097,0.243898,0.515316;0.527192,0.804206,0.272853,0.0295509
0.862255,0.232575,0.512112;0.522741,0.807909,0.271032,0.0238025
0.863411,0.221244,0.508915;0.518254,0.811555,0.269193,0.0180525
0.864564,0.209909,0.505727;0.51373,0.815145,0.267335,0.0123011
0.865714,0.198578,0.502551;0.509171,0.818678,0.265458,0.00654892
0.866861,0.187257,0.499389;0.504576,0.822154,0.263562,0.000796268
0.868003,0.175951,0.496243;0.499946,0.825572,0.261648,-0.00495644
0.869141,0.164668,0.493115;0.495281,0.828933,0.259716,-0.0107088
0.870273,0.153412,0.490007;0.490582,0.832235,0.257766,-0.0164604
0.8714,0.14219,0.486923;0.485848,0.83548,0.255797,-0.0222109
0.87252,0.131009,0.483863;0.48108,0.838666,0.253811,-0.0279598
0.873633,0.119874,0.480831;0.476278,0.841793,0.251807,-0.0337068
0.874739,0.108791,0.477828;0.471444,0.844862,0.249785,-0.0394514
0.875837,0.0977675,0.474857;0.466576,0.847872,0.247746,-0.0451932
0.876926,0.0868084,0.47192;0.461676,0.850822,0.24569,-0.0509319
0.878006,0.0759202,0.469019;0.456743,0.853713,0.243616,-0.056667
0.879076,0.0651091,0.466157;0.451779,0.856544,0.241526,-0.0623982
0.880136,0.0543812,0.463335;0.446783,0.859315,0.239419,-0.068125
0.881186,0.0437425,0.460556;0.441755,0.862027,0.237294,-0.0738471
0.882223,0.0331993,0.457822;0.436697,0.864678,0.235154,-0.079564
0.883249,0.0227577,0.455136;0.431609,0.867269,0.232997,-0.0852753
0.884263,0.0124238,0.452499;0.42649,0.869799,0.230823,-0.0909807
0.885263,0.00220379,0.449914;0.421341,0.872268,0.228633,-0.0966797
0.88625,-0.00789629,0.447384;0.416163,0.874676,0.226428,-0.102372
0.887223,-0.0178703,0.444909;0.410956,0.877024,0.224207,-0.108057
0.88818,-0.027712,0.442493;0.40572,0.87931,0.22197,-0.113735
0.889123,-0.0374153,0.440138;0.400456,0.881534,0.219717,-0.119404
0.890233,-0.048868,0.437396;0.394102,0.884122,0.216994,-0.126197
0.89132,-0.0601021,0.434748;0.387708,0.886621,0.214249,-0.132976
0.892382,-0.0711068,0.432199;0.381276,0.889031,0.211482,-0.139743
0.893418,-0.0818717,0.429752;0.374805,0.891352,0.208694,-0.146495
0.894428,-0.0923861,0.427411;0.368296,0.893582,0.205885,-0.153233
0.89541,-0.102639,0.425181;0.36175,0.895723,0.203055,-0.159955
0.896363,-0.112621,0.423064;0.355168,0.897774,0.200205,-0.166661
0.897438,-0.123909,0.420745;0.347444,0.900052,0.196854,-0.174464
0.898472,-0.134795,0.418591;0.339672,0.902207,0.193477,-0.182242
0.899462,-0.145264,0.416611;0.331853,0.904239,0.190073,-0.189996
0.900407,-0.155298,0.414809;0.323989,0.906146,0.186643,-0.197723
0.901431,-0.166212,0.412977;0.314948,0.908174,0.182691,-0.206522
0.902392,-0.176511,0.411396;0.30585,0.91004,0.178707,-0.215283
0.903396,-0.187331,0.409928;0.29555,0.911944,0.174187,-0.225094
0.904315,-0.197305,0.408802;0.285182,0.913642,0.169627,-0.234853
0.905231,-0.207352,0.407969;0.273587,0.915286,0.164516,-0.245635
0.90618,-0.217902,0.407573;0.259573,0.916921,0.158322,-0.258482
0.907069,-0.228029,0.407983;0.243091,0.918361,0.151015,-0.273338
0.907881,-0.23778,0.410125;0.220511,0.919512,0.140967,-0.293259
0.908147,-0.242991,0.418035;0.20254,0.917028,0.129288,-0.318312
0.907481,-0.237949,0.427318;0.224512,0.910042,0.129985,-0.323297
0.906637,-0.230431,0.435338;0.239819,0.904851,0.13043,-0.32668
0.905698,-0.221653,0.443082;0.252887,0.900204,0.130783,-0.329509
0.904781,-0.212849,0.450078;0.263738,0.896195,0.131057,-0.331815
0.903758,-0.202815,0.457509;0.274553,0.89206,0.131313,-0.334076
0.902871,-0.193982,0.463732;0.283178,0.888663,0.131504,-0.335851
0.901931,-0.184499,0.470172;0.291777,0.885186,0.131684,-0.337596
0.900945,-0.174425,0.476802;0.30035,0.881631,0.131852,-0.339311
0.89992,-0.16382,0.483594;0.308896,0.877997,0.132008,-0.340995
0.898864,-0.152745,0.49052;0.317415,0.874285,0.132153,-0.34265
0.898054,-0.144167,0.495787;0.323786,0.87145,0.132254,-0.34387
0.897233,-0.135384,0.501102;0.33014,0.868571,0.132348,-0.345074
0.896404,-0.12642,0.506455;0.336478,0.865649,0.132435,-0.34626
0.89557,-0.117303,0.511833;0.342799,0.862683,0.132516,-0.347429
0.894734,-0.108056,0.517225;0.349103,0.859674,0.13259,-0.34858
0.893897,-0.0987064,0.52262;0.355389,0.856622,0.132658,-0.349714
0.893065,-0.0892784,0.528005;0.361658,0.853526,0.132718,-0.350831
0.892239,-0.0797978,0.533369;0.367908,0.850389,0.132773,-0.351929
0.891422,-0.07029,0.538701;0.37414,0.847208,0.13282,-0.353011
0.890617,-0.0607804,0.543989;0.380353,0.843985,0.132861,-0.354074
0.889828,-0.0512944,0.549222;0.386547,0.84072,0.132895,-0.35512
0.889057,-0.0418575,0.554387;0.392722,0.837413,0.132923,-0.356148
0.888307,-0.032495,0.559473;0.398877,0.834063,0.132944,-0.357158
0.887581,-0.0232325,0.564469;0.405012,0.830672,0.132958,-0.35815
0.886882,-0.0140952,0.569363;0.411127,0.827239,0.132965,-0.359124
0.886213,-0.00510874,0.574144;0.417221,0.823765,0.132966,-0.360081
0.885372,0.00659486,0.580322;0.425314,0.819068,0.132957,-0.361327
0.884597,0.017925,0.586249;0.433369,0.814299,0.132936,-0.362542
0.883894,0.0288215,0.591899;0.441385,0.809457,0.132903,-0.363725
0.883271,0.0392241,0.597245;0.449362,0.804542,0.132859,-0.364875
0.882733,0.0490725,0.602258;0.457299,0.799557,0.132802,-0.365992
0.882289,0.0583065,0.606911;0.465196,0.794499,0.132734,-0.367077
0.881876,0.068893,0.612179;0.475008,0.788078,0.132632,-0.368387
0.881632,0.0783077,0.616789;0.484754,0.781548,0.132511,-0.369646
0.881583,0.0878927,0.621376;0.496359,0.773567,0.132342,-0.371088
0.88197,0.0974326,0.625735;0.511679,0.762686,0.132075,-0.372896
0.885542,0.102094,0.626491;0.549167,0.734301,0.131203,-0.376832
0.888539,0.0937325,0.621414;0.565643,0.720991,0.130715,-0.37833
0.891072,0.0840578,0.615935;0.576485,0.711936,0.130357,-0.379234
0.893531,0.0733169,0.610011;0.585432,0.704282,0.130038,-0.379929
0.895736,0.0628862,0.604344;0.592532,0.698087,0.129771,-0.380447
0.897532,0.0539515,0.599535;0.597821,0.693401,0.129562,-0.380814
0.899454,0.0440356,0.594233;0.603081,0.688679,0.129347,-0.381161
0.901504,0.0331132,0.588428;0.608311,0.683923,0.129126,-0.381489
0.903687,0.0211588,0.582108;0.61351,0.679133,0.128898,-0.381798
0.906004,0.00814706,0.575261;0.618678,0.674309,0.128664,-0.382088
0.907625,-0.00112745,0.570397;0.622106,0.671074,0.128504,-0.38227
0.909308,-0.0108907,0.565291;0.625521,0.667824,0.128341,-0.382444
0.911053,-0.0211504,0.559939;0.628921,0.664559,0.128176,-0.38261
0.912863,-0.0319138,0.554337;0.632308,0.661279,0.128007,-0.382767
0.914737,-0.0431887,0.548482;0.63568,0.657985,0.127836,-0.382916
0.916676,-0.0549824,0.542371;0.639038,0.654676,0.127662,-0.383055
0.918682,-0.0673026,0.535999;0.642382,0.651353,0.127485,-0.383187
0.920755,-0.0801568,0.529365;0.645712,0.648014,0.127306,-0.38331
0.922897,-0.0935524,0.522463;0.649027,0.644662,0.127123,-0.383424
0.925107,-0.107497,0.515291;0.652328,0.641295,0.126937,-0.38353
0.927387,-0.121998,0.507846;0.655615,0.637914,0.126749,-0.383627
0.929737,-0.137064,0.500123;0.658886,0.634519,0.126558,-0.383716
0.93216,-0.152701,0.49212;0.662143,0.631109,0.126364,-0.383796
0.934654,-0.168917,0.483833;0.665386,0.627686,0.126168,-0.383868
0.937222,-0.18572,0.475259;0.668613,0.624248,0.125968,-0.383931
0.939864,-0.203117,0.466393;0.671826,0.620796,0.125766,-0.383985
