0.79492,-0.0867114,0.717954;0.395241,0.858627,0.243201,0.21771
0.788998,-0.0755102,0.718314;0.390015,0.860843,0.244941,0.216429
0.783194,-0.0644658,0.718653;0.384775,0.863027,0.246673,0.215139
0.777505,-0.0535774,0.718971;0.379521,0.86518,0.248396,0.213841
0.771932,-0.0428442,0.719268;0.374252,0.8673,0.250109,0.212535
0.766474,-0.0322652,0.719545;0.36897,0.869389,0.251814,0.211222
0.761129,-0.0218397,0.7198;0.363674,0.871445,0.253509,0.209901
0.755897,-0.0115666,0.720036;0.358364,0.873469,0.255194,0.208572
0.750778,-0.00144525,0.720252;0.353042,0.875461,0.25687,0.207235
0.74577,0.00852532,0.720447;0.347706,0.877421,0.258537,0.205891
0.740873,0.018346,0.720623;0.342358,0.879348,0.260194,0.204539
0.736086,0.0280175,0.720778;0.336997,0.881243,0.261842,0.20318
0.731408,0.0375409,0.720915;0.331623,0.883106,0.26348,0.201813
0.726839,0.046917,0.721032;0.326238,0.884936,0.265108,0.200438
0.722377,0.0561466,0.721129;0.32084,0.886733,0.266727,0.199056
0.718022,0.0652306,0.721208;0.31543,0.888497,0.268335,0.197667
0.71238,0.0771177,0.721283;0.3082,0.890799,0.270465,0.195804
0.706925,0.0887495,0.721326;0.300949,0.893042,0.272576,0.193927
0.701654,0.100128,0.721335;0.293678,0.895227,0.27467,0.192038
0.696567,0.111256,0.721312;0.286388,0.897353,0.276746,0.190137
0.69166,0.122134,0.721257;0.279079,0.89942,0.278803,0.188223
0.686933,0.132766,0.72117;0.271752,0.901428,0.280843,0.186296
0.682384,0.143152,0.721052;0.264407,0.903377,0.282864,0.184357
0.67801,0.153296,0.720903;0.257044,0.905266,0.284866,0.182407
0.673809,0.163199,0.720723;0.249665,0.907097,0.28685,0.180444
0.669781,0.172863,0.720513;0.24227,0.908868,0.288814,0.178469
0.665922,0.182291,0.720274;0.234858,0.910579,0.29076,0.176483
0.661335,0.193745,0.719933;0.225572,0.912634,0.293166,0.173984
0.657007,0.204837,0.719547;0.216263,0.914595,0.295541,0.171467
0.652935,0.21557,0.719117;0.206932,0.916463,0.297887,0.168932
0.649115,0.225949,0.718643;0.19758,0.918237,0.300201,0.16638
0.645542,0.235977,0.718126;0.188207,0.919917,0.302485,0.163812
0.642215,0.245659,0.717566;0.178815,0.921502,0.304738,0.161226
0.63854,0.256825,0.716841;0.167521,0.92328,0.3074,0.158101
0.635206,0.267505,0.716056;0.156202,0.924921,0.310017,0.154953
0.632206,0.277706,0.715215;0.144859,0.926427,0.312588,0.151783
0.629535,0.287434,0.714318;0.133496,0.927795,0.315113,0.148589
0.626825,0.298196,0.713202;0.120214,0.929218,0.318001,0.144836
0.624543,0.308335,0.712015;0.106907,0.930455,0.320824,0.141054
0.622448,0.319175,0.710571;0.0916737,0.93164,0.323971,0.136697
0.620884,0.329233,0.70904;0.0764161,0.93258,0.327034,0.132304
0.619743,0.339633,0.707214;0.0592277,0.933345,0.330377,0.12732
0.619216,0.350081,0.705065;0.0401065,0.933832,0.333962,0.121734
0.619505,0.360263,0.702559;0.0190546,0.933925,0.337748,0.11553
0.620815,0.369855,0.699666;-0.00392159,0.933498,0.341687,0.108698
0.623588,0.379117,0.696094;-0.0307232,0.932304,0.346027,0.100647
0.628303,0.387268,0.691772;-0.0613222,0.930023,0.350647,0.091346
0.634992,0.393225,0.686926;-0.0937624,0.926529,0.355152,0.0813593
0.643271,0.396551,0.681847;-0.126092,0.921938,0.359237,0.0712763
0.652389,0.39742,0.676881;-0.156383,0.916619,0.362692,0.061709
0.661326,0.396487,0.672407;-0.182755,0.911176,0.365404,0.0532842
0.670354,0.394286,0.668161;-0.207112,0.905466,0.367659,0.0454226
0.679255,0.391177,0.664173;-0.229468,0.899638,0.369514,0.0381378
0.687847,0.387467,0.66047;-0.249843,0.89383,0.371024,0.0314401
0.696815,0.382978,0.65673;-0.270093,0.887578,0.372349,0.0247269
0.705261,0.378258,0.653304;-0.288387,0.881512,0.373394,0.0186132
0.713956,0.372962,0.649859;-0.306563,0.875085,0.374285,0.0124918
0.721972,0.367729,0.646748;-0.322814,0.868994,0.374956,0.00697821
0.730144,0.36208,0.643631;-0.338957,0.862614,0.375503,0.00146225
0.738454,0.356037,0.640513;-0.354988,0.855948,0.375925,-0.00405419
0.746878,0.349624,0.637397;-0.370901,0.848998,0.376222,-0.00956929
0.754446,0.343632,0.634634;-0.384943,0.842583,0.376382,-0.014469
0.762074,0.337382,0.63188;-0.398884,0.835947,0.376442,-0.0193649
0.769747,0.330891,0.629137;-0.41272,0.829092,0.376404,-0.0242557
0.777035,0.324542,0.626556;-0.425713,0.822405,0.376277,-0.0288779
0.78494,0.317459,0.62378;-0.43042,0.825641,0.36412,-0.0217578
0.792853,0.310166,0.621025;-0.435027,0.828685,0.351879,-0.0146326
0.800767,0.302673,0.618292;-0.439533,0.831538,0.339556,-0.00750406
0.808674,0.294988,0.615584;-0.443938,0.834199,0.327155,-0.000373787
0.81558,0.288113,0.613236;-0.447708,0.836369,0.316243,0.00586533
0.822469,0.281106,0.61091;-0.451399,0.838392,0.305274,0.0121034
0.829335,0.273971,0.608607;-0.45501,0.840266,0.294251,0.0183394
0.836173,0.266714,0.606328;-0.45854,0.841991,0.283176,0.024572
0.842978,0.259343,0.604074;-0.46199,0.843567,0.272051,0.0308004
0.849744,0.251863,0.601848;-0.465357,0.844994,0.260878,0.0370233
0.856466,0.24428,0.599649;-0.468643,0.846271,0.249658,0.0432396
0.863138,0.236601,0.597481;-0.471845,0.847399,0.238395,0.0494483
0.869756,0.228832,0.595343;-0.474964,0.848377,0.227089,0.0556483
0.876313,0.220978,0.593237;-0.477999,0.849204,0.215743,0.0618384
0.882804,0.213046,0.591165;-0.480949,0.849882,0.204359,0.0680175
0.889225,0.205043,0.589127;-0.483814,0.850409,0.192939,0.0741847
0.895568,0.196974,0.587126;-0.486594,0.850785,0.181485,0.0803387
0.90183,0.188845,0.585162;-0.489287,0.851011,0.169998,0.0864784
0.908005,0.180663,0.583237;-0.491894,0.851087,0.158482,0.0926029
0.914087,0.172433,0.581351;-0.494414,0.851012,0.146937,0.098711
0.920071,0.164163,0.579508;-0.496846,0.850786,0.135366,0.104802
0.925951,0.155858,0.577707;-0.499191,0.85041,0.123772,0.110874
0.931723,0.147524,0.575949;-0.501447,0.849883,0.112155,0.116926
0.93738,0.139167,0.574238;-0.503614,0.849206,0.100519,0.122958
0.942918,0.130794,0.572573;-0.505692,0.848378,0.088865,0.128968
0.94833,0.122411,0.570955;-0.507681,0.847401,0.0771952,0.134955
0.953613,0.114024,0.569387;-0.50958,0.846273,0.0655117,0.140919
0.959483,0.104442,0.567657;-0.51164,0.844801,0.0521451,0.147703
0.965168,0.094871,0.565996;-0.513581,0.843134,0.0387665,0.154454
0.970659,0.0853216,0.564404;-0.515404,0.841272,0.0253789,0.161168
0.975949,0.0758024,0.562884;-0.517108,0.839216,0.0119854,0.167846
0.981029,0.0663228,0.561438;-0.518692,0.836966,-0.00141083,0.174485
0.985891,0.0568919,0.560068;-0.520157,0.834522,-0.0148067,0.181083
0.990528,0.0475189,0.558776;-0.521501,0.831885,-0.0281992,0.18764
0.994931,0.0382129,0.557563;-0.522725,0.829056,-0.0415852,0.194153
0.999093,0.0289833,0.556432;-0.523828,0.826036,-0.0549616,0.200621
1.003,0.0198392,0.555386;-0.524809,0.822824,-0.0683252,0.207043
1.0071,0.00966567,0.55431;-0.525769,0.818984,-0.0833403,0.214211
1.01085,-0.000374894,0.553346;-0.526575,0.814905,-0.098331,0.221316
1.01425,-0.0102694,0.552497;-0.527226,0.810587,-0.113293,0.228356
1.0173,-0.0200048,0.551764;-0.527724,0.806032,-0.128222,0.235329
1.02024,-0.0306194,0.55109;-0.528096,0.800694,-0.144765,0.242996
1.02271,-0.0410034,0.550567;-0.528277,0.795067,-0.161256,0.250576
1.02469,-0.0511388,0.5502;-0.528267,0.789153,-0.177689,0.258065
1.02628,-0.0619793,0.549981;-0.528036,0.782319,-0.195691,0.266195
1.02724,-0.0724734,0.549959;-0.527574,0.775143,-0.213607,0.274209
1.02754,-0.0825973,0.55014;-0.526882,0.767628,-0.23143,0.282103
1.0271,-0.093191,0.550575;-0.525864,0.759048,-0.250758,0.290574
1.02583,-0.103285,0.551264;-0.524573,0.750073,-0.269955,0.298894
1.02348,-0.113619,0.552306;-0.522867,0.73991,-0.290594,0.307732
1.02009,-0.12329,0.553661;-0.520841,0.729295,-0.311055,0.316382
1.01544,-0.132557,0.555404;-0.519635,0.721494,-0.326947,0.320206
1.00947,-0.141257,0.55755;-0.524149,0.731173,-0.31779,0.29944
1.00236,-0.149147,0.560027;-0.528333,0.740391,-0.308432,0.278485
0.994926,-0.155681,0.56256;-0.531877,0.748433,-0.299684,0.259123
0.986679,-0.161561,0.565314;-0.53514,0.756078,-0.290778,0.239624
0.977694,-0.166801,0.568264;-0.538119,0.763324,-0.281718,0.219998
0.968945,-0.171019,0.571093;-0.540581,0.769561,-0.273352,0.202055
0.959699,-0.174728,0.574041;-0.542807,0.775462,-0.264866,0.184023
0.950009,-0.177938,0.577088;-0.544796,0.781024,-0.256265,0.165912
0.939929,-0.180658,0.580214;-0.546547,0.786245,-0.247552,0.147728
0.930567,-0.182695,0.583077;-0.547918,0.79065,-0.239618,0.131306
0.920971,-0.184351,0.585973;-0.549096,0.794776,-0.231599,0.114839
0.91118,-0.185632,0.588887;-0.550079,0.79862,-0.223498,0.0983306
0.901233,-0.186546,0.591804;-0.550867,0.802181,-0.215318,0.0817875
0.891169,-0.187099,0.594709;-0.551461,0.805459,-0.207061,0.0652155
0.881027,-0.1873,0.597588;-0.551859,0.808451,-0.198732,0.0486204
0.870846,-0.187154,0.600426;-0.552062,0.811157,-0.190332,0.0320081
0.860664,-0.18667,0.603208;-0.55207,0.813577,-0.181864,0.0153845
0.850522,-0.185853,0.605919;-0.551882,0.815708,-0.173333,-0.00124456
0.840458,-0.184712,0.608545;-0.5515,0.817551,-0.16474,-0.0178732
0.83051,-0.183253,0.611072;-0.550921,0.819104,-0.156088,-0.0344955
0.820718,-0.181484,0.613483;-0.550148,0.820368,-0.147382,-0.0511056
0.811121,-0.179412,0.615765;-0.549181,0.821341,-0.138623,-0.0676976
0.800734,-0.176761,0.61813;-0.547877,0.822082,-0.128834,-0.0861048
0.790689,-0.173755,0.620297;-0.546335,0.822463,-0.118988,-0.104474
0.781039,-0.170403,0.622246;-0.544554,0.822485,-0.109091,-0.122798
0.771839,-0.166714,0.623956;-0.542534,0.822147,-0.0991453,-0.141069
0.7623,-0.162279,0.625537;-0.540039,0.821361,-0.0881556,-0.161094
0.753441,-0.157462,0.626777;-0.537259,0.820141,-0.0771194,-0.181035
0.744635,-0.151786,0.627711;-0.533902,0.818316,-0.0650336,-0.202679
0.736211,-0.145161,0.62819;-0.529886,0.815757,-0.0518946,-0.225982
0.72906,-0.138061,0.62807;-0.525479,0.812596,-0.0387174,-0.249119
0.722919,-0.129908,0.62722;-0.5203,0.808521,-0.0244949,-0.273829
0.718296,-0.12062,0.62542;-0.514256,0.803387,-0.00923345,-0.300043
0.715875,-0.110792,0.622633;-0.507706,0.797463,0.00603703,-0.325962
0.715761,-0.101161,0.61908;-0.501143,0.791226,0.0202844,-0.349865
0.717601,-0.0919032,0.614948;-0.536806,0.768501,0.0242247,-0.347359
0.720731,-0.0834305,0.610643;-0.576229,0.743166,0.025671,-0.339126
0.724938,-0.0750969,0.606014;-0.612643,0.717409,0.0269973,-0.33055
0.729697,-0.0673535,0.601427;-0.644502,0.692828,0.0281494,-0.322202
0.734979,-0.0598424,0.596762;-0.673679,0.66846,0.0291969,-0.313791
0.740609,-0.0525944,0.592098;-0.700298,0.644514,0.0301457,-0.30541
0.746435,-0.045638,0.587502;-0.724486,0.621179,0.0310013,-0.297144
0.752731,-0.0385529,0.582725;-0.747806,0.5971,0.0318199,-0.288522
0.759028,-0.0317955,0.5781;-0.768855,0.573875,0.0325526,-0.280124
0.765674,-0.0249281,0.573351;-0.789094,0.550046,0.033251,-0.271432
0.772163,-0.0184208,0.56882;-0.807234,0.527281,0.0338713,-0.263061
0.778902,-0.0118204,0.564209;-0.824633,0.504033,0.0344605,-0.254448
0.785866,-0.00512811,0.559531;-0.841275,0.480323,0.0350181,-0.245602
0.79251,0.00116728,0.555138;-0.856038,0.45791,0.0355071,-0.237186
0.799305,0.00753976,0.550709;-0.870123,0.435136,0.035968,-0.228582
0.806229,0.0139883,0.546256;-0.883519,0.412017,0.0364004,-0.219797
0.813263,0.0205119,0.541788;-0.896217,0.388572,0.0368041,-0.210838
0.820384,0.0271096,0.537317;-0.908205,0.364819,0.0371786,-0.201713
0.827574,0.0337803,0.532853;-0.919475,0.340778,0.0375236,-0.192428
0.834253,0.0400018,0.528748;-0.929232,0.318347,0.0378158,-0.183721
0.840955,0.0462839,0.524666;-0.938362,0.2957,0.0380825,-0.174891
0.847665,0.0526257,0.520617;-0.94686,0.272855,0.0383235,-0.165943
0.854366,0.0590265,0.516609;-0.95472,0.249825,0.0385387,-0.156883
0.861042,0.0654855,0.51265;-0.961935,0.226627,0.0387279,-0.147717
0.867677,0.0720019,0.508748;-0.968503,0.203276,0.038891,-0.138452
0.874254,0.0785749,0.504913;-0.974417,0.179788,0.0390278,-0.129093
0.880757,0.0852036,0.501151;-0.979674,0.156179,0.0391384,-0.119648
0.8877,0.0924468,0.497171;-0.984623,0.130484,0.0392283,-0.109324
0.894517,0.0997535,0.493298;-0.988794,0.104686,0.0392872,-0.0989136
0.901186,0.107123,0.489544;-0.992182,0.0788053,0.0393151,-0.0884251
0.907688,0.114553,0.48592;-0.994785,0.0528619,0.0393118,-0.0778666
0.914001,0.122045,0.482436;-0.996601,0.0268768,0.0392774,-0.0672466
0.920105,0.129595,0.479102;-0.997628,0.000870306,0.039212,-0.0565733
0.925979,0.137204,0.475931;-0.997865,-0.0251368,0.0391155,-0.0458552
0.932023,0.145463,0.472709;-0.997238,-0.0531217,0.0389769,-0.0342723
0.937752,0.153787,0.4697;-0.995696,-0.0810578,0.0388026,-0.022658
0.943138,0.162175,0.466919;-0.99324,-0.108919,0.0385927,-0.0110229
0.948156,0.170626,0.464377;-0.989872,-0.136681,0.0383474,0.000622361
0.953094,0.179749,0.461936;-0.985256,-0.166286,0.0380455,0.0130985
0.957549,0.18894,0.459803;-0.979602,-0.195716,0.0377035,0.0255608
0.961487,0.1982,0.457994;-0.972916,-0.224939,0.0373219,0.0379962
0.964878,0.207525,0.456525;-0.965205,-0.253926,0.0369008,0.0503916
0.967856,0.217543,0.455353;-0.955859,-0.284549,0.0364089,0.0635544
0.970136,0.227633,0.454608;-0.945368,-0.314831,0.0358734,0.0766412
0.971679,0.237792,0.454309;-0.933743,-0.344736,0.0352948,0.089636
0.972448,0.248018,0.454476;-0.920999,-0.374228,0.0346739,0.102523
0.972403,0.258311,0.455131;-0.907152,-0.403271,0.0340115,0.115288
0.971506,0.268667,0.456291;-0.892217,-0.431831,0.0333083,0.127914
0.969857,0.278432,0.457857;-0.877243,-0.458136,0.0326128,0.139612
0.967424,0.288146,0.459879;-0.864383,-0.479709,0.0329288,0.147095
0.963738,0.299102,0.462709;-0.86342,-0.484248,0.0383275,0.136163
0.959946,0.308255,0.465496;-0.862506,-0.487968,0.0428215,0.127034
0.95555,0.317412,0.468648;-0.861489,-0.49163,0.0473104,0.117891
0.950598,0.326554,0.472138;-0.860371,-0.495234,0.0517937,0.108734
0.945139,0.335666,0.475944;-0.859151,-0.498779,0.0562709,0.0995636
0.93922,0.344729,0.480041;-0.857829,-0.502266,0.0607414,0.0903818
0.932891,0.353727,0.484405;-0.856406,-0.505693,0.0652048,0.0811892
0.926198,0.362642,0.489012;-0.854882,-0.50906,0.0696605,0.0719871
0.919191,0.371458,0.493837;-0.853256,-0.512368,0.0741079,0.0627764
0.911917,0.380157,0.498857;-0.85153,-0.515614,0.0785466,0.0535583
0.904425,0.388722,0.504046;-0.849704,-0.5188,0.0829759,0.0443339
0.898306,0.395466,0.508304;-0.84817,-0.521304,0.0865124,0.0369506
0.892103,0.402105,0.512642;-0.846572,-0.523769,0.0900423,0.0295644
0.885841,0.408629,0.517049;-0.84491,-0.526195,0.0935655,0.022176
0.879544,0.415031,0.521512;-0.843184,-0.52858,0.0970815,0.014786
0.871661,0.422846,0.527151;-0.840937,-0.531506,0.101466,0.0055469
0.86381,0.430439,0.532834;-0.838591,-0.534369,0.105839,-0.00369284
0.85604,0.437792,0.538536;-0.836145,-0.537169,0.110199,-0.0129321
0.848398,0.444887,0.544234;-0.833601,-0.539905,0.114546,-0.0221699
0.840933,0.451709,0.549904;-0.830958,-0.542577,0.11888,-0.0314051
0.833694,0.458238,0.55552;-0.828217,-0.545186,0.123199,-0.0406365
0.826727,0.464459,0.56106;-0.825378,-0.54773,0.127504,-0.0498632
0.820082,0.470355,0.566498;-0.822441,-0.550209,0.131794,-0.0590839
0.8126,0.476975,0.572856;-0.818789,-0.553098,0.136922,-0.0701395
0.805734,0.483073,0.578991;-0.814998,-0.555893,0.142026,-0.0811831
0.799566,0.488617,0.584862;-0.811067,-0.558593,0.147106,-0.0922129
0.793365,0.494347,0.591321;-0.806308,-0.561623,0.153,-0.105061
0.787751,0.499865,0.598106;-0.80064,-0.564927,0.159694,-0.119715
0.783232,0.505113,0.605549;-0.793214,-0.568816,0.167992,-0.13798
0.782686,0.509374,0.614599;-0.780554,-0.574479,0.181103,-0.167066
0.791747,0.508056,0.619436;-0.76695,-0.579446,0.193995,-0.19595
0.80166,0.504651,0.620008;-0.758888,-0.581933,0.201144,-0.212094
0.811997,0.500596,0.619267;-0.752417,-0.583712,0.206652,-0.224596
0.822796,0.496101,0.61775;-0.746732,-0.58513,0.211335,-0.23527
0.833228,0.491613,0.615833;-0.741897,-0.586236,0.215209,-0.244135
0.842545,0.487526,0.613855;-0.737966,-0.58707,0.218291,-0.251206
0.852752,0.482986,0.611467;-0.733979,-0.587861,0.221356,-0.258258
0.863874,0.477986,0.608658;-0.729936,-0.588606,0.224404,-0.26529
0.872831,0.473929,0.606267;-0.726868,-0.589136,0.226679,-0.270551
0.882328,0.469604,0.603627;-0.723769,-0.589641,0.228945,-0.275801
0.892373,0.465007,0.600732;-0.720639,-0.590121,0.231201,-0.281039
0.902979,0.460136,0.597578;-0.717478,-0.590576,0.233446,-0.286265
0.914154,0.454985,0.594158;-0.714287,-0.591006,0.235682,-0.291479
0.925911,0.449552,0.590469;-0.711066,-0.59141,0.237908,-0.29668
0.938258,0.443833,0.586504;-0.707814,-0.591789,0.240124,-0.301869
0.951207,0.437824,0.582258;-0.704532,-0.592144,0.24233,-0.307045
0.960179,0.433655,0.579269;-0.702328,-0.592366,0.243794,-0.310488
0.969426,0.429355,0.576151;-0.70011,-0.592577,0.245254,-0.313926
0.978951,0.424922,0.572904;-0.697879,-0.592776,0.24671,-0.317357
0.988758,0.420355,0.569524;-0.695635,-0.592965,0.248161,-0.320783
0.998848,0.415653,0.566011;-0.693377,-0.593142,0.249607,-0.324202
