0.787498,0.135932,0.716978;0.234268,0.964723,0.0950164,-0.073481
0.790821,0.145947,0.710471;0.241945,0.963088,0.0921555,-0.0736967
0.794103,0.15555,0.704143;0.249605,0.961386,0.0892882,-0.0739072
0.797345,0.164745,0.69799;0.257248,0.959616,0.0864147,-0.0741125
0.800547,0.173537,0.692013;0.264873,0.95778,0.0835351,-0.0743127
0.80371,0.18193,0.686207;0.272479,0.955876,0.0806497,-0.0745077
0.806833,0.189929,0.680573;0.280067,0.953906,0.0777587,-0.0746975
0.810681,0.19938,0.673767;0.289524,0.951349,0.0741373,-0.0749274
0.814469,0.208231,0.66722;0.298949,0.948689,0.0705078,-0.0751491
0.818195,0.216491,0.66093;0.308341,0.945925,0.0668706,-0.0753626
0.821861,0.224168,0.654893;0.3177,0.943058,0.0632261,-0.0755679
0.82618,0.232624,0.647976;0.328884,0.939482,0.0588436,-0.0758033
0.830414,0.24027,0.641411;0.340017,0.935758,0.0544519,-0.0760269
0.834561,0.247119,0.635191;0.351097,0.931887,0.0500516,-0.0762385
0.839292,0.254125,0.628362;0.363953,0.927186,0.0449081,-0.0764702
0.844559,0.260862,0.62111;0.378551,0.92157,0.039018,-0.076715
0.849676,0.26628,0.614431;0.393042,0.915697,0.0331171,-0.0769383
0.855866,0.27125,0.606867;0.411002,0.907996,0.0257281,-0.0771873
0.86241,0.274485,0.599519;0.43055,0.899068,0.0175874,-0.0774222
0.869793,0.275416,0.592096;0.453359,0.887904,0.0079549,-0.0776472
0.877324,0.273085,0.585559;0.477547,0.875149,-0.00242492,-0.0778253
0.884427,0.267484,0.580452;0.501327,0.861646,-0.0128027,-0.0779369
0.890644,0.259525,0.57692;0.523024,0.848447,-0.0224295,-0.0779808
0.895625,0.250834,0.574791;0.541083,0.836789,-0.0305627,-0.077973
0.899933,0.24146,0.573504;0.557252,0.825807,-0.0379426,-0.0779302
0.903633,0.231884,0.572848;0.571597,0.815615,-0.0445704,-0.0778626
0.907168,0.221283,0.572646;0.58574,0.805135,-0.0511825,-0.0777675
0.910173,0.211039,0.57283;0.598137,0.79558,-0.0570448,-0.0776598
0.913049,0.200062,0.573339;0.610367,0.785802,-0.0628911,-0.0775305
0.915462,0.189883,0.574041;0.620929,0.777067,-0.0679923,-0.0773995
0.917779,0.179194,0.57497;0.631358,0.768166,-0.073079,-0.077252
0.92,0.168019,0.576117;0.641652,0.7591,-0.07815,-0.077088
0.921828,0.158071,0.577265;0.650366,0.7512,-0.0824833,-0.0769342
0.923588,0.1478,0.578559;0.658978,0.743182,-0.0868037,-0.0767684
0.925279,0.13722,0.579993;0.667487,0.735047,-0.0911104,-0.0765905
0.926903,0.126346,0.581559;0.67589,0.726797,-0.0954028,-0.0764006
0.928459,0.115193,0.583252;0.684188,0.718432,-0.0996802,-0.0761987
0.929948,0.103777,0.585066;0.692377,0.709955,-0.103942,-0.0759848
0.931371,0.0921134,0.586993;0.700458,0.701366,-0.108187,-0.075759
0.932507,0.082215,0.58868;0.707109,0.694124,-0.111712,-0.0755617
0.933598,0.0721637,0.590439;0.713682,0.686807,-0.115225,-0.0753562
0.934643,0.0619683,0.592265;0.720177,0.679414,-0.118725,-0.0751424
0.935644,0.0516375,0.594154;0.726593,0.671948,-0.122212,-0.0749204
0.9366,0.0411803,0.596102;0.73293,0.664408,-0.125686,-0.0746903
0.937513,0.0306054,0.598107;0.739188,0.656795,-0.129146,-0.074452
0.938381,0.0199216,0.600163;0.745364,0.649111,-0.132592,-0.0742056
0.939207,0.00913768,0.602268;0.751459,0.641356,-0.136024,-0.0739511
0.939989,-0.00173751,0.604418;0.757473,0.633531,-0.13944,-0.0736885
0.940728,-0.0126952,0.606609;0.763403,0.625637,-0.142842,-0.0734179
0.941425,-0.0237265,0.608837;0.76925,0.617675,-0.146228,-0.0731392
0.94208,-0.0348228,0.611098;0.775014,0.609645,-0.149598,-0.0728526
0.942693,-0.0459751,0.613389;0.780692,0.601549,-0.152951,-0.072558
0.943264,-0.0571747,0.615706;0.786286,0.593387,-0.156288,-0.0722556
0.943794,-0.0684128,0.618046;0.791793,0.58516,-0.159608,-0.0719452
0.944283,-0.0796805,0.620404;0.797215,0.576869,-0.162911,-0.071627
0.944732,-0.0909691,0.622777;0.802549,0.568516,-0.166195,-0.0713009
0.94514,-0.10227,0.625161;0.807796,0.5601,-0.169462,-0.0709671
0.945476,-0.112513,0.627328;0.813582,0.551075,-0.17065,-0.0726539
0.945787,-0.123062,0.629565;0.820851,0.539934,-0.169557,-0.0769807
0.946064,-0.133604,0.631804;0.827958,0.528686,-0.168431,-0.0812924
0.946307,-0.144137,0.634044;0.834902,0.517334,-0.167272,-0.085588
0.946516,-0.154657,0.636285;0.841681,0.50588,-0.16608,-0.0898668
0.946691,-0.16516,0.638525;0.848295,0.494326,-0.164855,-0.0941279
0.946833,-0.175643,0.640761;0.854742,0.482675,-0.163598,-0.0983704
0.946942,-0.186103,0.642994;0.86102,0.470929,-0.162309,-0.102594
0.947017,-0.196535,0.645221;0.867129,0.45909,-0.160987,-0.106797
0.94706,-0.206937,0.647442;0.873068,0.447161,-0.159634,-0.110979
0.94707,-0.217305,0.649654;0.878834,0.435144,-0.158249,-0.115139
0.947047,-0.227635,0.651857;0.884428,0.423042,-0.156834,-0.119276
0.946993,-0.237923,0.654049;0.889847,0.410856,-0.155387,-0.12339
0.946906,-0.248167,0.656228;0.895091,0.398589,-0.15391,-0.12748
0.946788,-0.258363,0.658394;0.900159,0.386243,-0.152402,-0.131544
0.946638,-0.268508,0.660544;0.905049,0.373822,-0.150865,-0.135583
0.946457,-0.278597,0.662678;0.909762,0.361327,-0.149298,-0.139595
0.946245,-0.288627,0.664794;0.914295,0.34876,-0.147701,-0.143579
0.946002,-0.298595,0.666891;0.918648,0.336126,-0.146075,-0.147536
0.945728,-0.308497,0.668967;0.922821,0.323425,-0.144421,-0.151463
0.945424,-0.31833,0.671022;0.926812,0.31066,-0.142738,-0.15536
0.945039,-0.329479,0.67334;0.931149,0.295997,-0.14078,-0.159777
0.944616,-0.340527,0.675627;0.935247,0.281258,-0.138786,-0.164152
0.944153,-0.35147,0.677878;0.939104,0.266446,-0.136757,-0.168486
0.943652,-0.362302,0.680093;0.94272,0.251566,-0.134692,-0.172776
0.943113,-0.373018,0.682269;0.946093,0.236622,-0.132593,-0.177021
0.942536,-0.383612,0.684404;0.949224,0.221616,-0.130459,-0.181221
0.941922,-0.39408,0.686496;0.95211,0.206554,-0.128292,-0.185375
0.94127,-0.404417,0.688543;0.954751,0.191438,-0.126092,-0.18948
0.940582,-0.414616,0.690543;0.957147,0.176273,-0.12386,-0.193537
0.939857,-0.424674,0.692494;0.959296,0.161063,-0.121595,-0.197545
0.939096,-0.434584,0.694393;0.961199,0.145811,-0.1193,-0.201501
0.938197,-0.445549,0.696466;0.963044,0.128609,-0.116681,-0.20589
0.937253,-0.456314,0.698469;0.964576,0.111364,-0.114024,-0.210212
0.936264,-0.466871,0.700398;0.965794,0.0940834,-0.111329,-0.214466
0.935232,-0.477213,0.702251;0.966698,0.076772,-0.108599,-0.21865
0.934156,-0.487331,0.704025;0.967287,0.0594357,-0.105833,-0.222762
0.933037,-0.497218,0.705717;0.967561,0.04208,-0.103033,-0.226803
0.931744,-0.507925,0.707497;0.967496,0.02278,-0.0998821,-0.231205
0.930399,-0.518328,0.709168;0.967043,0.00347091,-0.0966913,-0.235514
0.929003,-0.528416,0.710725;0.966201,-0.0158396,-0.0934617,-0.239729
0.927408,-0.539138,0.712303;0.964826,-0.0370735,-0.0898657,-0.244254
0.925753,-0.549454,0.713734;0.962982,-0.0582893,-0.086226,-0.248661
0.924039,-0.559349,0.715013;0.960671,-0.0794769,-0.0825445,-0.252946
0.922101,-0.56965,0.716227;0.957616,-0.102546,-0.0784825,-0.257481
0.920095,-0.579416,0.717246;0.954007,-0.125556,-0.0743751,-0.261867
0.917846,-0.589374,0.718123;0.949475,-0.150401,-0.069877,-0.266447
0.915336,-0.599348,0.718792;0.943873,-0.177043,-0.0649799,-0.271177
0.912548,-0.609141,0.71918;0.937047,-0.205432,-0.0596763,-0.276008
0.909269,-0.619079,0.719192;0.928286,-0.23738,-0.0536006,-0.281181
0.905456,-0.628668,0.718644;0.91722,-0.272759,-0.0467367,-0.286576
0.900851,-0.63768,0.717233;0.902746,-0.313227,-0.0387051,-0.292303
0.894932,-0.645518,0.714304;0.882586,-0.362052,-0.0287469,-0.298554
0.887552,-0.64995,0.70902;0.855351,-0.418534,-0.0168379,-0.304829
0.880292,-0.649038,0.702172;0.829502,-0.469042,-0.00765398,-0.303097
0.87426,-0.644699,0.695343;0.817636,-0.50501,-0.00803463,-0.276353
0.86915,-0.63884,0.688869;0.806507,-0.533907,-0.00833609,-0.253809
0.864496,-0.63197,0.682493;0.795546,-0.5591,-0.00859546,-0.233322
0.860335,-0.624712,0.676447;0.785099,-0.580784,-0.00881594,-0.215016
0.856414,-0.616986,0.670478;0.774699,-0.600544,-0.00901445,-0.197754
0.852746,-0.609037,0.664675;0.76449,-0.618465,-0.00919236,-0.181583
0.849341,-0.601075,0.659115;0.7546,-0.63463,-0.00935098,-0.166545
0.845924,-0.592548,0.653376;0.744268,-0.650423,-0.00950413,-0.151409
0.842784,-0.584265,0.64797;0.734414,-0.664567,-0.00963963,-0.137457
0.83964,-0.575561,0.64244;0.724199,-0.678383,-0.00977038,-0.123437
0.836781,-0.567306,0.637314;0.714603,-0.690654,-0.00988509,-0.110638
0.833924,-0.558744,0.632104;0.704717,-0.702645,-0.00999577,-0.0977951
0.831071,-0.549895,0.626819;0.694545,-0.71435,-0.0101024,-0.0849121
0.828225,-0.540779,0.621468;0.68409,-0.725764,-0.0102049,-0.0719946
0.825672,-0.532362,0.616605;0.674443,-0.735785,-0.0102936,-0.0603437
0.823128,-0.523758,0.611702;0.664574,-0.745564,-0.010379,-0.0486729
0.820596,-0.514982,0.606767;0.654486,-0.755097,-0.0104609,-0.0369861
0.818077,-0.506047,0.601806;0.644182,-0.764381,-0.0105393,-0.0252871
0.815572,-0.496969,0.596827;0.633667,-0.773414,-0.0106143,-0.0135798
0.813084,-0.48776,0.591835;0.622942,-0.782192,-0.0106858,-0.00186797
0.810615,-0.478436,0.586838;0.612013,-0.790713,-0.0107538,0.00984444
0.808166,-0.46901,0.581843;0.600882,-0.798974,-0.0108183,0.0215536
0.805739,-0.459497,0.576855;0.589554,-0.806971,-0.0108792,0.0332557
0.803336,-0.449911,0.571883;0.578031,-0.814703,-0.0109365,0.0449468
0.800959,-0.440267,0.566932;0.566318,-0.822166,-0.0109902,0.0566231
0.79861,-0.430577,0.562009;0.554418,-0.829359,-0.0110403,0.0682808
0.79629,-0.420857,0.557121;0.542336,-0.836278,-0.0110867,0.079916
0.794001,-0.411121,0.552275;0.530076,-0.842923,-0.0111295,0.0915249
0.791745,-0.401383,0.547477;0.517641,-0.84929,-0.0111686,0.103104
0.789524,-0.391657,0.542734;0.505035,-0.855377,-0.0112041,0.114648
0.78734,-0.381958,0.538054;0.492263,-0.861183,-0.0112359,0.126156
0.785194,-0.372299,0.533441;0.479329,-0.866705,-0.0112639,0.137621
0.783089,-0.362694,0.528904;0.466238,-0.871941,-0.0112883,0.149041
0.781025,-0.353159,0.524449;0.452993,-0.876891,-0.0113089,0.160412
0.779006,-0.343707,0.520083;0.439598,-0.881552,-0.0113258,0.171731
0.777032,-0.334352,0.515812;0.426059,-0.885923,-0.011339,0.182993
0.775106,-0.325109,0.511644;0.41238,-0.890002,-0.0113485,0.194194
0.773229,-0.315992,0.507584;0.398565,-0.893788,-0.0113542,0.205332
0.771204,-0.306026,0.503209;0.383061,-0.897649,-0.0113562,0.217627
0.769244,-0.296253,0.498986;0.367401,-0.901146,-0.0113535,0.229835
0.767353,-0.286691,0.494924;0.351592,-0.904276,-0.0113463,0.241948
0.765532,-0.277361,0.491033;0.335641,-0.907039,-0.0113344,0.253964
0.763614,-0.267388,0.48696;0.317936,-0.909652,-0.011316,0.267061
0.761788,-0.257744,0.483116;0.300076,-0.911818,-0.0112921,0.280028
0.760057,-0.248456,0.479515;0.282068,-0.913535,-0.0112626,0.292856
0.758281,-0.238759,0.475876;0.262264,-0.914896,-0.0112241,0.306686
0.756494,-0.228805,0.472294;0.240638,-0.915766,-0.011175,0.321466
0.754855,-0.219466,0.469106;0.218846,-0.916007,-0.0111182,0.336026
0.753225,-0.209928,0.46607;0.194577,-0.916226,-0.0124279,0.350022
0.75161,-0.200128,0.46326;0.165775,-0.927328,-0.0385636,0.333307
0.750099,-0.190468,0.460903;0.133575,-0.937533,-0.0673624,0.31409
0.748657,-0.180423,0.459064;0.0948405,-0.946819,-0.101436,0.290259
0.747436,-0.170516,0.458156;0.0495229,-0.953657,-0.140532,0.261414
0.746538,-0.160407,0.45869;-0.00701805,-0.956225,-0.188174,0.224
0.746263,-0.150775,0.461451;-0.0744569,-0.95068,-0.243357,0.177315
0.746807,-0.142222,0.466691;-0.147311,-0.933964,-0.300926,0.124316
0.748002,-0.134851,0.47344;-0.215459,-0.907706,-0.352751,0.0721994
0.749536,-0.127892,0.480693;-0.275555,-0.87529,-0.396687,0.0240262
0.751186,-0.120705,0.487861;-0.327693,-0.839329,-0.433311,-0.0196431
0.752801,-0.113055,0.49455;-0.372199,-0.802106,-0.46333,-0.0584807
0.754282,-0.105012,0.500517;-0.409544,-0.765562,-0.487506,-0.0923394
0.755625,-0.0964985,0.505837;-0.441477,-0.72989,-0.507335,-0.12235
0.756851,-0.0873582,0.51065;-0.469552,-0.694636,-0.524025,-0.149664
0.757895,-0.0782167,0.514729;-0.492942,-0.662044,-0.537317,-0.173192
0.758849,-0.0684115,0.518459;-0.514148,-0.629563,-0.548808,-0.195224
0.759663,-0.0585893,0.521653;-0.532301,-0.599185,-0.558155,-0.2147
0.760384,-0.0483797,0.524503;-0.548606,-0.569548,-0.566102,-0.232755
0.760975,-0.0385705,0.526864;-0.562295,-0.542672,-0.572393,-0.248391
0.761484,-0.0287006,0.528923;-0.574466,-0.517001,-0.577649,-0.262717
0.761946,-0.0181071,0.530829;-0.58604,-0.490794,-0.582304,-0.27677
0.76233,-0.0075934,0.53245;-0.596241,-0.466,-0.586084,-0.289562
0.762643,0.00271336,0.533811;-0.605183,-0.442743,-0.589107,-0.301139
0.762891,0.012687,0.534936;-0.612975,-0.421126,-0.591483,-0.31155
0.763101,0.0231799,0.535937;-0.620372,-0.399238,-0.593479,-0.321761
0.763266,0.0339117,0.536791;-0.618528,-0.412033,-0.588961,-0.317454
0.763389,0.0444326,0.53749;-0.616111,-0.426006,-0.584193,-0.312481
0.763481,0.0553346,0.538097;-0.613542,-0.439872,-0.579279,-0.307431
0.763544,0.0665832,0.538621;-0.61082,-0.45363,-0.574222,-0.302304
0.763582,0.0781437,0.539069;-0.607946,-0.467275,-0.569022,-0.297102
0.763595,0.0882749,0.539401;-0.605363,-0.478878,-0.564452,-0.292584
0.763591,0.0985882,0.539689;-0.602669,-0.490394,-0.559779,-0.288013
0.763572,0.109062,0.53994;-0.599865,-0.501821,-0.555004,-0.283389
0.763539,0.119674,0.540158;-0.596951,-0.513155,-0.550127,-0.278713
0.763493,0.130403,0.540348;-0.593929,-0.524396,-0.54515,-0.273987
0.763435,0.141227,0.540517;-0.590797,-0.535542,-0.540074,-0.26921
0.763368,0.152124,0.54067;-0.587559,-0.546589,-0.534898,-0.264384
0.763292,0.163073,0.540812;-0.584212,-0.557537,-0.529626,-0.259511
0.763207,0.174052,0.540948;-0.580759,-0.568382,-0.524256,-0.254589
0.763117,0.185038,0.541084;-0.5772,-0.579124,-0.518791,-0.249621
0.763021,0.196011,0.541226;-0.573536,-0.589761,-0.513231,-0.244608
0.762922,0.206949,0.541377;-0.569767,-0.600289,-0.507577,-0.23955
0.76282,0.217829,0.541545;-0.565894,-0.610708,-0.50183,-0.234448
0.762717,0.22863,0.541735;-0.561917,-0.621016,-0.495992,-0.229303
0.762613,0.23933,0.541951;-0.557838,-0.63121,-0.490064,-0.224117
0.762511,0.249907,0.5422;-0.553657,-0.641289,-0.484046,-0.21889
0.762412,0.260341,0.542486;-0.549375,-0.65125,-0.477939,-0.213622
0.762316,0.270608,0.542815;-0.544993,-0.661093,-0.471745,-0.208316
0.762226,0.280688,0.543192;-0.540511,-0.670815,-0.465465,-0.202971
0.762128,0.292181,0.543701;-0.535157,-0.682002,-0.458031,-0.196689
0.762041,0.303354,0.544291;-0.529671,-0.69302,-0.450484,-0.190358
0.761967,0.314172,0.544972;-0.524052,-0.703866,-0.442824,-0.18398
0.761907,0.324602,0.545751;-0.518304,-0.714537,-0.435054,-0.177556
0.761864,0.334609,0.546638;-0.512426,-0.72503,-0.427176,-0.171088
0.761838,0.345481,0.547795;-0.505554,-0.736801,-0.418043,-0.163644
0.761839,0.355704,0.549115;-0.498517,-0.748333,-0.408774,-0.156147
0.761878,0.366364,0.550813;-0.490407,-0.761017,-0.398188,-0.147653
0.761971,0.377078,0.552985;-0.48116,-0.774742,-0.386234,-0.138143
0.762141,0.387373,0.555749;-0.470706,-0.789386,-0.372858,-0.127602
0.762445,0.397347,0.559567;-0.45798,-0.806067,-0.356757,-0.115043
0.762989,0.406053,0.565163;-0.441779,-0.825647,-0.336521,-0.0994526
0.76397,0.410801,0.573695;-0.420725,-0.848613,-0.310615,-0.0797851
0.765249,0.408315,0.583555;-0.399931,-0.868836,-0.28542,-0.0609504
0.766432,0.40171,0.592014;-0.384139,-0.882721,-0.266518,-0.0469989
0.767413,0.394339,0.59872;-0.372624,-0.892103,-0.252853,-0.0370041
0.768398,0.385721,0.605251;-0.362099,-0.900159,-0.240445,-0.0279926
0.769358,0.376419,0.611467;-0.352618,-0.907011,-0.229333,-0.0199726
0.770266,0.366972,0.617233;-0.344229,-0.912764,-0.219548,-0.0129496
0.771096,0.357874,0.622425;-0.336969,-0.917515,-0.211118,-0.00692738
0.771976,0.347831,0.627853;-0.329648,-0.922098,-0.202649,-0.000903844
0.772747,0.338723,0.632561;-0.323502,-0.925789,-0.195563,0.00411594
0.773555,0.328931,0.63744;-0.317314,-0.929362,-0.188452,0.0091352
0.774399,0.318441,0.642493;-0.311086,-0.932818,-0.181318,0.0141533
0.77528,0.307243,0.647723;-0.304819,-0.936155,-0.174161,0.0191696
0.776013,0.297764,0.652036;-0.299777,-0.938739,-0.168419,0.0231809
0.776771,0.287817,0.656467;-0.294711,-0.941248,-0.162663,0.0271904
0.777553,0.277394,0.661016;-0.28962,-0.943679,-0.156894,0.0311976
0.778361,0.26649,0.665685;-0.284507,-0.946035,-0.151113,0.0352023
0.779195,0.255098,0.670476;-0.27937,-0.948313,-0.145319,0.0392042
0.780055,0.243211,0.675391;-0.274211,-0.950515,-0.139513,0.0432028
0.780718,0.233968,0.679158;-0.270327,-0.952115,-0.135152,0.0461996
0.781396,0.22444,0.682997;-0.26643,-0.953672,-0.130784,0.0491942
0.782089,0.214625,0.686907;-0.262522,-0.955186,-0.12641,0.0521865
0.782797,0.20452,0.69089;-0.258601,-0.956655,-0.122031,0.0551765
0.783522,0.194122,0.694946;-0.254669,-0.958082,-0.117646,0.058164
0.784262,0.183429,0.699075;-0.250725,-0.959464,-0.113255,0.0611488
0.785018,0.172438,0.703279;-0.246769,-0.960803,-0.10886,0.0641308
0.78579,0.161146,0.707557;-0.242802,-0.962098,-0.104459,0.0671099
0.786578,0.149551,0.711912;-0.238824,-0.963348,-0.100054,0.0700859
0.787383,0.137649,0.716342;-0.234836,-0.964555,-0.0956436,0.0730587
