0.754249,0.279904,0.446594;0.731132,0.407357,-0.0328512,-0.546285
0.757782,0.269778,0.446044;0.740019,0.389773,-0.023307,-0.547636
0.761314,0.259664,0.445531;0.74855,0.372002,-0.0137515,-0.548725
0.76484,0.24957,0.445055;0.75672,0.354052,-0.00418951,-0.549549
0.768358,0.239504,0.444618;0.764526,0.335932,0.00537454,-0.550109
0.771862,0.229475,0.444221;0.771965,0.31765,0.014936,-0.550405
0.77535,0.219491,0.443866;0.779032,0.299215,0.0244903,-0.550435
0.778817,0.209561,0.443553;0.785725,0.280637,0.0340328,-0.550201
0.78226,0.199694,0.443283;0.792039,0.261923,0.0435589,-0.549702
0.785674,0.189897,0.44306;0.797973,0.243083,0.0530641,-0.548939
0.789056,0.180179,0.442882;0.803523,0.224127,0.0625437,-0.547911
0.792402,0.17055,0.442753;0.808686,0.205062,0.0719933,-0.54662
0.795708,0.161016,0.442673;0.81346,0.185899,0.0814082,-0.545066
0.799294,0.15065,0.442642;0.818259,0.164717,0.0917192,-0.543054
0.802821,0.140423,0.442675;0.822582,0.143439,0.101977,-0.540726
0.806286,0.130345,0.442772;0.826426,0.122077,0.112175,-0.538083
0.809682,0.120427,0.442936;0.82979,0.100644,0.122308,-0.535127
0.813005,0.110682,0.443167;0.83267,0.0791531,0.13237,-0.531859
0.816249,0.10112,0.443468;0.835065,0.0576156,0.142354,-0.528282
0.819693,0.0909104,0.443878;0.837124,0.0340825,0.153152,-0.524028
0.82303,0.0809474,0.444375;0.838603,0.0105257,0.163844,-0.519412
0.826254,0.0712454,0.444961;0.839501,-0.0130384,0.174422,-0.514436
0.829612,0.0610463,0.4457;0.839818,-0.0385554,0.185745,-0.508643
0.832821,0.0511893,0.446549;0.839452,-0.0640411,0.196917,-0.502437
0.835873,0.041693,0.447511;0.838403,-0.0894747,0.207929,-0.495823
0.838974,0.0318912,0.448678;0.836512,-0.116783,0.219599,-0.488248
0.842071,0.0219039,0.450081;0.83361,-0.145919,0.231872,-0.479623
0.845103,0.0118694,0.451758;0.82952,-0.176822,0.244686,-0.46985
0.848001,0.0019454,0.453749;0.824056,-0.209417,0.257971,-0.458832
0.850685,-0.00768839,0.456099;0.817021,-0.243612,0.271646,-0.446472
0.853176,-0.0172792,0.459011;0.807713,-0.281158,0.286343,-0.431923
0.855284,-0.0263969,0.462591;0.795679,-0.321831,0.301873,-0.414961
0.856867,-0.0351179,0.467352;0.779071,-0.368927,0.319317,-0.393672
0.85737,-0.0425859,0.47403;0.75516,-0.425228,0.339356,-0.365721
0.85573,-0.0464126,0.483187;0.721947,-0.489343,0.360974,-0.330202
0.852041,-0.0448364,0.492566;0.687974,-0.543843,0.378196,-0.29647
0.847706,-0.0402283,0.500526;0.659403,-0.583495,0.389952,-0.269553
0.843201,-0.0342492,0.507468;0.649746,-0.611172,0.372678,-0.255754
0.83858,-0.0274227,0.513863;0.649158,-0.632525,0.34176,-0.248407
0.833947,-0.0200994,0.519835;0.647825,-0.650846,0.31367,-0.241524
0.829507,-0.0127305,0.525278;0.646017,-0.666377,0.288578,-0.235215
0.825095,-0.00512076,0.530491;0.643797,-0.680324,0.264921,-0.229133
0.82079,0.00255068,0.535431;0.641276,-0.69279,0.242764,-0.223322
0.816305,0.0107795,0.540457;0.638316,-0.70478,0.220441,-0.217357
0.812025,0.0188486,0.545162;0.635194,-0.715419,0.1997,-0.211719
0.807627,0.027352,0.54992;0.6317,-0.725639,0.178842,-0.205957
0.803506,0.0355115,0.554322;0.628173,-0.734635,0.15963,-0.200569
0.799311,0.0440046,0.558755;0.624338,-0.74327,0.14034,-0.195082
0.795057,0.0528161,0.563211;0.620195,-0.751539,0.120981,-0.1895
0.791148,0.0610903,0.567277;0.616164,-0.758737,0.10333,-0.184344
0.787209,0.069604,0.571351;0.611884,-0.765626,0.0856369,-0.179114
0.78325,0.0783459,0.575429;0.607354,-0.772204,0.067909,-0.17381
0.77928,0.0873046,0.579506;0.602578,-0.778468,0.0501535,-0.168436
0.77531,0.096469,0.583575;0.597557,-0.784417,0.0323777,-0.162994
0.771347,0.105828,0.587633;0.592294,-0.790046,0.0145887,-0.157485
0.767403,0.115369,0.591672;0.58679,-0.795355,-0.00320615,-0.151913
0.763877,0.124104,0.595289;0.581632,-0.799857,-0.0192207,-0.146845
0.760379,0.13297,0.598884;0.576283,-0.804095,-0.0352288,-0.141728
0.756918,0.141958,0.602452;0.570745,-0.808069,-0.0512254,-0.136565
0.7535,0.151061,0.605991;0.565019,-0.811778,-0.0672052,-0.131357
0.750133,0.160269,0.609497;0.559106,-0.815219,-0.0831628,-0.126106
0.746822,0.169576,0.612965;0.55301,-0.818391,-0.099093,-0.120813
0.743575,0.178973,0.616392;0.546732,-0.821295,-0.114991,-0.115481
0.740399,0.188451,0.619774;0.540274,-0.823928,-0.130851,-0.11011
0.737301,0.198002,0.623107;0.533638,-0.826291,-0.146667,-0.104704
0.734288,0.207618,0.626388;0.526827,-0.828381,-0.162436,-0.0992624
0.731367,0.217291,0.629613;0.519842,-0.830199,-0.178151,-0.0937886
0.728544,0.227013,0.632777;0.512687,-0.831743,-0.193807,-0.088284
0.725827,0.236775,0.635877;0.505362,-0.833014,-0.2094,-0.0827503
0.723223,0.246569,0.63891;0.497872,-0.834011,-0.224924,-0.0771893
0.720739,0.256387,0.641871;0.490217,-0.834734,-0.240374,-0.071603
0.718381,0.266221,0.644757;0.482401,-0.835182,-0.255744,-0.0659931
0.716156,0.276062,0.647563;0.474427,-0.835355,-0.271031,-0.0603615
0.714072,0.285902,0.650287;0.466296,-0.835253,-0.286228,-0.0547101
0.712135,0.295733,0.652923;0.458012,-0.834877,-0.301331,-0.0490406
0.710353,0.305547,0.65547;0.449578,-0.834225,-0.316336,-0.043355
0.708732,0.315335,0.657922;0.440995,-0.8333,-0.331236,-0.0376551
0.707279,0.32509,0.660275;0.432267,-0.8321,-0.346027,-0.0319429
0.706001,0.334802,0.662527;0.423397,-0.830626,-0.360704,-0.0262201
0.704796,0.345535,0.664905;0.413379,-0.828668,-0.376872,-0.0198515
0.703824,0.356194,0.667146;0.403192,-0.826374,-0.392888,-0.0134747
0.703097,0.366769,0.669247;0.392842,-0.823744,-0.408744,-0.00709254
0.702623,0.377248,0.671202;0.382332,-0.820779,-0.424433,-0.000707464
0.702412,0.38762,0.673005;0.371666,-0.817481,-0.439951,0.0056779
0.702474,0.397873,0.674651;0.36085,-0.813851,-0.45529,0.012061
0.702818,0.407997,0.676136;0.349887,-0.80989,-0.470444,0.0184391
0.703453,0.417979,0.677453;0.338783,-0.8056,-0.485406,0.0248098
0.7045,0.428784,0.678703;0.326408,-0.800504,-0.501637,0.0318058
0.705925,0.439389,0.679738;0.313874,-0.795014,-0.517622,0.0387861
0.707738,0.44978,0.68055;0.301185,-0.789133,-0.533352,0.0457475
0.709955,0.459941,0.681133;0.288348,-0.782864,-0.54882,0.0526863
0.712792,0.470564,0.681495;0.274669,-0.781495,-0.557402,0.0559006
0.716108,0.480903,0.681585;0.261278,-0.789466,-0.552957,0.0521069
0.719879,0.490949,0.681411;0.247815,-0.797218,-0.54836,0.0482989
0.724078,0.500702,0.680983;0.234284,-0.804749,-0.54361,0.0444774
0.728682,0.510163,0.680312;0.220688,-0.812057,-0.53871,0.0406437
0.733667,0.519331,0.679407;0.20703,-0.81914,-0.53366,0.0367987
0.739006,0.528206,0.678278;0.193315,-0.825997,-0.528463,0.0329434
0.744677,0.536789,0.676936;0.179547,-0.832624,-0.523119,0.0290791
0.750654,0.545079,0.675389;0.165729,-0.839021,-0.517631,0.0252067
0.756913,0.553077,0.673649;0.151864,-0.845186,-0.511999,0.0213274
0.763429,0.560782,0.671725;0.137958,-0.851116,-0.506225,0.0174421
0.770177,0.568195,0.669628;0.124014,-0.856811,-0.500311,0.013552
0.777134,0.575316,0.667366;0.110035,-0.862269,-0.494259,0.00965811
0.784274,0.582144,0.664951;0.0960262,-0.867487,-0.488069,0.00576158
0.791572,0.58868,0.662391;0.0819904,-0.872465,-0.481745,0.00186344
0.799005,0.594925,0.659698;0.067932,-0.877202,-0.475287,-0.00203521
0.806547,0.600877,0.656881;0.0538547,-0.881696,-0.468697,-0.00593329
0.815132,0.607224,0.653576;0.0380001,-0.886459,-0.461129,-0.0103166
0.82379,0.613202,0.650141;0.0221322,-0.890912,-0.453399,-0.0146963
0.832485,0.61881,0.64659;0.00625653,-0.895052,-0.44551,-0.0190709
0.841183,0.624049,0.642938;-0.00962132,-0.898879,-0.437464,-0.0234388
0.849848,0.628919,0.639198;-0.0254958,-0.90239,-0.429266,-0.0277984
0.858445,0.63342,0.635386;-0.0413613,-0.905585,-0.420917,-0.0321483
0.86694,0.637552,0.631514;-0.0572124,-0.908463,-0.41242,-0.036487
0.876216,0.64171,0.62716;-0.0748009,-0.911287,-0.40281,-0.0412926
0.885273,0.645413,0.622771;-0.092357,-0.913716,-0.393025,-0.0460804
0.894065,0.648661,0.618366;-0.109873,-0.915751,-0.383071,-0.0508482
0.903372,0.651707,0.613524;-0.129086,-0.91753,-0.37193,-0.0560674
0.912234,0.654204,0.608713;-0.148231,-0.918829,-0.360593,-0.0612571
0.921321,0.656299,0.603528;-0.169027,-0.919698,-0.348012,-0.066882
0.930386,0.65783,0.598026;-0.191438,-0.919992,-0.334137,-0.0729285
0.939125,0.65862,0.592281;-0.215415,-0.919556,-0.318922,-0.0793803
0.947649,0.658432,0.586012;-0.242592,-0.918103,-0.301203,-0.086671
0.955135,0.656831,0.579433;-0.272844,-0.915253,-0.280871,-0.0947579
0.960866,0.652876,0.572233;-0.309295,-0.910027,-0.255489,-0.10446
0.962203,0.645717,0.565423;-0.349926,-0.901776,-0.225999,-0.115219
0.958562,0.637538,0.561052;-0.385273,-0.89175,-0.202889,-0.123218
0.952512,0.629755,0.55857;-0.442642,-0.862436,-0.215675,-0.117293
0.945723,0.622489,0.557098;-0.487847,-0.835849,-0.225375,-0.112102
0.938492,0.615327,0.556151;-0.526673,-0.810328,-0.233417,-0.107242
0.931009,0.608163,0.555542;-0.561092,-0.785433,-0.240302,-0.102593
0.923605,0.601151,0.555171;-0.591328,-0.761641,-0.246144,-0.0982211
0.916111,0.594031,0.554958;-0.619138,-0.738022,-0.25133,-0.0939403
0.908664,0.586868,0.554861;-0.64462,-0.714783,-0.255911,-0.0897786
0.901381,0.57973,0.554846;-0.667881,-0.692108,-0.259935,-0.0857608
0.893879,0.572198,0.554891;-0.690416,-0.668681,-0.263677,-0.0816498
0.88669,0.564771,0.554976;-0.710861,-0.646056,-0.266924,-0.077715
0.879388,0.556984,0.55509;-0.730626,-0.622815,-0.269916,-0.0737059
0.872506,0.549384,0.555212;-0.748444,-0.600585,-0.272476,-0.0699004
0.865592,0.541459,0.55534;-0.765639,-0.577855,-0.27481,-0.0660368
0.858677,0.533203,0.555465;-0.782196,-0.554644,-0.276914,-0.0621181
0.852282,0.525235,0.555568;-0.796987,-0.532677,-0.278662,-0.058433
0.84594,0.516972,0.555653;-0.811207,-0.510327,-0.280209,-0.0547059
0.839674,0.50841,0.555712;-0.824844,-0.487611,-0.281555,-0.0509395
0.833511,0.499544,0.555737;-0.837888,-0.464545,-0.2827,-0.0471366
0.827934,0.491087,0.555723;-0.849396,-0.442957,-0.283576,-0.0435961
0.822485,0.482363,0.555668;-0.860384,-0.421098,-0.284278,-0.0400289
0.817185,0.473369,0.555565;-0.870845,-0.398981,-0.284807,-0.0364372
0.812053,0.464103,0.55541;-0.880774,-0.37662,-0.285161,-0.0328232
0.807109,0.454559,0.555195;-0.890164,-0.354029,-0.285341,-0.0291892
0.802372,0.444735,0.554915;-0.899009,-0.331221,-0.285347,-0.0255373
0.79823,0.43548,0.554596;-0.906635,-0.310135,-0.285198,-0.022176
0.794294,0.425985,0.554213;-0.913794,-0.28889,-0.284903,-0.0188032
0.790581,0.416245,0.553762;-0.920483,-0.267497,-0.284462,-0.0154208
0.787104,0.406259,0.553236;-0.926699,-0.245966,-0.283874,-0.0120304
0.78388,0.396023,0.552633;-0.932439,-0.224308,-0.28314,-0.00863391
0.780923,0.385535,0.551948;-0.9377,-0.202535,-0.282261,-0.00523294
0.778481,0.375779,0.551249;-0.942064,-0.182651,-0.281336,-0.00213877
0.776283,0.365811,0.550475;-0.946028,-0.16269,-0.280291,0.000956308
0.774343,0.355628,0.549622;-0.949589,-0.142659,-0.279127,0.00405098
0.772671,0.345229,0.548687;-0.952748,-0.122567,-0.277845,0.00714393
0.771279,0.334611,0.547666;-0.955502,-0.102424,-0.276444,0.0102338
0.770178,0.323772,0.546556;-0.957849,-0.0822368,-0.274927,0.0133194
0.769445,0.313826,0.545477;-0.959614,-0.0640384,-0.273461,0.0160916
0.768967,0.303699,0.544322;-0.961049,-0.045818,-0.2719,0.0188583
0.76875,0.293388,0.543086;-0.962153,-0.0275818,-0.270247,0.0216185
0.768804,0.282892,0.541768;-0.962926,-0.00933605,-0.2685,0.0243712
0.769136,0.272209,0.540364;-0.963368,0.00891288,-0.266661,0.0271156
0.769756,0.261339,0.538874;-0.963478,0.0271587,-0.26473,0.0298506
0.770671,0.250279,0.537293;-0.963256,0.0453952,-0.262708,0.0325754
0.771739,0.240288,0.53581;-0.962781,0.0615926,-0.260835,0.034988
0.773054,0.230145,0.534252;-0.962044,0.0777731,-0.258891,0.0373911
0.77462,0.219849,0.532618;-0.961045,0.0939325,-0.256876,0.039784
0.776443,0.2094,0.530905;-0.959786,0.110066,-0.254792,0.0421662
0.778531,0.198795,0.529113;-0.958265,0.12617,-0.252638,0.0445368
0.780888,0.188034,0.527238;-0.956483,0.14224,-0.250416,0.0468954
0.78352,0.177116,0.525279;-0.954442,0.158271,-0.248126,0.0492412
0.786054,0.167433,0.523496;-0.952443,0.172263,-0.246066,0.0512828
0.788807,0.157628,0.521646;-0.950245,0.186219,-0.243955,0.0533137
0.791783,0.147701,0.519728;-0.94785,0.200136,-0.241794,0.0553335
0.794987,0.137651,0.517741;-0.945257,0.214012,-0.239582,0.0573418
0.798421,0.127477,0.515684;-0.942468,0.227843,-0.23732,0.0593382
0.802091,0.117178,0.513555;-0.939482,0.241627,-0.235009,0.0613222
0.805999,0.106754,0.511354;-0.936301,0.25536,-0.232649,0.0632935
0.810151,0.0962036,0.50908;-0.932925,0.26904,-0.230241,0.0652516
0.813905,0.0870599,0.507071;-0.929876,0.280722,-0.228138,0.0669192
0.817844,0.0778226,0.505006;-0.926686,0.29236,-0.226001,0.0685765
0.821969,0.0684915,0.502885;-0.923353,0.303954,-0.223829,0.0702233
0.826283,0.0590659,0.500706;-0.91988,0.315501,-0.221622,0.0718594
0.830787,0.0495456,0.49847;-0.916265,0.327,-0.219382,0.0734845
0.835486,0.0399299,0.496175;-0.912511,0.338449,-0.217109,0.0750984
0.840381,0.0302186,0.49382;-0.908617,0.349846,-0.214802,0.0767008
0.845475,0.020411,0.491405;-0.904584,0.36119,-0.212462,0.0782914
0.85077,0.0105069,0.48893;-0.900413,0.372479,-0.21009,0.0798701
0.856268,0.000505806,0.486392;-0.896104,0.38371,-0.207685,0.0814365
0.861973,-0.0095928,0.483793;-0.891657,0.394883,-0.205249,0.0829905
