0.829424,0.202686,0.450037;0.696034,0.0431947,-0.199602,0.688353
0.833451,0.212626,0.452101;0.700451,0.0396758,-0.198845,0.684291
0.837409,0.222327,0.454108;0.704834,0.0361549,-0.198078,0.680196
0.841296,0.23179,0.456059;0.709183,0.0326322,-0.197302,0.676067
0.845115,0.241017,0.457953;0.713497,0.0291079,-0.196517,0.671905
0.850099,0.252955,0.460393;0.719194,0.0244067,-0.195454,0.666305
0.854963,0.264482,0.462735;0.724829,0.0197034,-0.194374,0.660647
0.859707,0.275601,0.46498;0.7304,0.0149983,-0.193278,0.654931
0.864332,0.286317,0.467131;0.735908,0.010292,-0.192164,0.649158
0.868839,0.296634,0.469187;0.741352,0.0055847,-0.191034,0.643329
0.87323,0.306557,0.47115;0.746731,0.000876958,-0.189888,0.637443
0.877506,0.316089,0.473022;0.752046,-0.00383086,-0.188724,0.631503
0.881667,0.325236,0.474803;0.757295,-0.00853834,-0.187545,0.625507
0.886709,0.336133,0.476903;0.763763,-0.0144216,-0.186047,0.617936
0.891577,0.346442,0.478867;0.770127,-0.0203029,-0.184524,0.61028
0.896272,0.356173,0.480694;0.776387,-0.0261814,-0.182976,0.602542
0.900797,0.365333,0.482389;0.782541,-0.0320564,-0.181403,0.594722
0.906005,0.375583,0.484251;0.789786,-0.0391006,-0.179483,0.585231
0.910974,0.385039,0.485929;0.796875,-0.0461371,-0.177528,0.575625
0.916475,0.395086,0.487658;0.804949,-0.0543348,-0.175203,0.564277
0.921663,0.404094,0.489148;0.812809,-0.062518,-0.172832,0.552777
0.927216,0.413148,0.490567;0.821525,-0.0718497,-0.170065,0.539455
0.932993,0.421791,0.49181;0.83099,-0.0823179,-0.166881,0.524243
0.939398,0.430208,0.492843;0.842059,-0.0950625,-0.162891,0.505338
0.946539,0.437639,0.493417;0.855345,-0.111191,-0.157657,0.480797
0.955226,0.442279,0.492829;0.87356,-0.135157,-0.149494,0.443032
0.963059,0.437678,0.489758;0.893894,-0.165486,-0.138473,0.39293
0.966349,0.428613,0.486427;0.905485,-0.185347,-0.130818,0.35865
0.967917,0.418545,0.483206;0.913398,-0.200572,-0.124704,0.331548
0.968574,0.408914,0.480324;0.918933,-0.212384,-0.119807,0.310003
0.968754,0.39893,0.477459;0.923439,-0.223002,-0.115286,0.29024
0.968591,0.389001,0.474695;0.927066,-0.232454,-0.111164,0.272318
0.968133,0.378231,0.471771;0.930283,-0.241803,-0.106993,0.254276
0.967488,0.36799,0.469047;0.9328,-0.250025,-0.103245,0.238144
0.966629,0.357157,0.466215;0.934991,-0.25816,-0.099462,0.22193
0.965709,0.347221,0.463657;0.936641,-0.265204,-0.096123,0.207678
0.964638,0.336882,0.461029;0.938042,-0.272177,-0.0927585,0.193372
0.963421,0.326163,0.458339;0.939193,-0.279078,-0.0893692,0.179013
0.962065,0.315088,0.455593;0.940093,-0.285904,-0.0859561,0.164607
0.960797,0.30533,0.453198;0.940665,-0.291695,-0.0830123,0.152224
0.959434,0.295341,0.450771;0.941053,-0.297428,-0.0800522,0.139811
0.957981,0.285137,0.448315;0.941257,-0.303103,-0.0770765,0.127371
0.956441,0.274732,0.445834;0.941276,-0.308719,-0.0740857,0.114906
0.954818,0.264141,0.443331;0.941111,-0.314275,-0.0710803,0.102418
0.953116,0.253379,0.440811;0.940761,-0.319768,-0.0680611,0.0899101
0.951338,0.242461,0.438278;0.940228,-0.3252,-0.0650285,0.0773847
0.949488,0.2314,0.435736;0.93951,-0.330567,-0.0619831,0.0648441
0.947571,0.220212,0.433188;0.938608,-0.33587,-0.0589257,0.0522908
0.945589,0.208912,0.430639;0.937522,-0.341107,-0.0558567,0.0397273
0.943547,0.197513,0.428092;0.936253,-0.346277,-0.0527767,0.027156
0.941448,0.186031,0.425551;0.9348,-0.351379,-0.0496864,0.0145793
0.939658,0.17641,0.423442;0.93345,-0.355579,-0.0471037,0.00409653
0.937833,0.16675,0.421342;0.931972,-0.35973,-0.0445146,-0.00638684
0.935976,0.157058,0.419253;0.930368,-0.363832,-0.0419194,-0.0168693
0.934089,0.147345,0.417179;0.928637,-0.367884,-0.0393186,-0.0273495
0.932173,0.137618,0.415121;0.92678,-0.371887,-0.0367124,-0.037826
0.930232,0.127886,0.413081;0.924797,-0.375839,-0.0341012,-0.0482974
0.92817,0.117682,0.410964;0.920967,-0.384138,-0.0338196,-0.0558054
0.926141,0.107769,0.408929;0.91428,-0.399244,-0.037709,-0.0572177
0.924091,0.0978711,0.406919;0.907328,-0.414234,-0.0415875,-0.0586133
0.922021,0.0879912,0.404935;0.900113,-0.429105,-0.0454539,-0.059992
0.919931,0.0781333,0.402979;0.892637,-0.44385,-0.0493071,-0.0613532
0.917823,0.0683012,0.401051;0.884902,-0.458468,-0.053146,-0.0626966
0.915698,0.0584987,0.399152;0.876911,-0.472952,-0.0569696,-0.0640219
0.913558,0.0487294,0.397285;0.868665,-0.487299,-0.0607765,-0.0653286
0.911403,0.0389973,0.395449;0.860167,-0.501504,-0.0645659,-0.0666163
0.909234,0.029306,0.393647;0.85142,-0.515564,-0.0683365,-0.0678848
0.907054,0.0196593,0.391879;0.842425,-0.529475,-0.0720873,-0.0691335
0.904588,0.00886482,0.389934;0.832015,-0.544941,-0.076282,-0.0705144
0.902109,-0.00186307,0.388035;0.821299,-0.560206,-0.0804486,-0.0718693
0.899621,-0.012519,0.386184;0.810281,-0.575266,-0.0845857,-0.0731979
0.897123,-0.0230976,0.384385;0.798967,-0.590115,-0.0886917,-0.0744996
0.894618,-0.0335935,0.382637;0.787359,-0.604747,-0.0927652,-0.075774
0.892108,-0.0440014,0.380943;0.775462,-0.619158,-0.0968046,-0.0770205
0.889594,-0.0543158,0.379305;0.76328,-0.633341,-0.100809,-0.0782388
0.887078,-0.0645315,0.377723;0.750818,-0.647291,-0.104775,-0.0794284
0.884562,-0.074643,0.376201;0.73808,-0.661004,-0.108704,-0.0805888
0.882047,-0.0846451,0.37474;0.725072,-0.674474,-0.112592,-0.0817196
0.879535,-0.0945322,0.373341;0.711797,-0.687697,-0.11644,-0.0828204
0.877028,-0.104299,0.372006;0.698261,-0.700667,-0.120244,-0.0838909
0.874527,-0.11394,0.370737;0.684469,-0.71338,-0.124004,-0.0849305
0.871758,-0.124499,0.369406;0.66885,-0.727199,-0.128129,-0.0860491
0.869001,-0.134889,0.368162;0.652928,-0.740687,-0.132196,-0.0871286
0.866258,-0.145102,0.367005;0.63671,-0.753841,-0.136202,-0.0881687
0.863533,-0.155132,0.365939;0.620203,-0.766652,-0.140147,-0.0891689
0.860827,-0.16497,0.364966;0.603416,-0.779116,-0.144029,-0.0901286
0.858142,-0.17461,0.364087;0.586355,-0.791227,-0.147845,-0.0910475
0.855217,-0.184976,0.363234;0.567281,-0.804135,-0.151966,-0.0920106
0.852324,-0.195083,0.362503;0.547896,-0.816602,-0.156003,-0.0929232
0.849465,-0.204922,0.361895;0.528211,-0.828621,-0.159954,-0.0937849
0.846391,-0.215336,0.361378;0.506406,-0.841214,-0.164165,-0.0946663
0.843366,-0.225407,0.361017;0.484271,-0.853259,-0.168268,-0.0954859
0.840394,-0.235121,0.360816;0.461819,-0.864746,-0.172262,-0.0962432
0.83724,-0.245228,0.360783;0.437157,-0.876554,-0.176462,-0.0969927
0.834158,-0.254884,0.360948;0.412161,-0.887691,-0.180526,-0.0976679
0.830926,-0.264762,0.361352;0.384889,-0.898923,-0.184749,-0.0983114
0.82757,-0.274722,0.362054;0.35529,-0.910072,-0.18909,-0.098904
0.824121,-0.28461,0.363117;0.32332,-0.920941,-0.193509,-0.0994249
0.820615,-0.294248,0.364614;0.288941,-0.931319,-0.197958,-0.0998519
0.817093,-0.30344,0.366622;0.252129,-0.940977,-0.202386,-0.100162
0.813424,-0.31238,0.369383;0.210795,-0.950088,-0.206957,-0.100333
0.809549,-0.320931,0.373269;0.162793,-0.958436,-0.211749,-0.100306
0.805503,-0.32849,0.378839;0.105953,-0.965303,-0.216727,-0.0999667
0.801586,-0.333689,0.386634;0.0402725,-0.969255,-0.221558,-0.0991704
0.798514,-0.334958,0.395994;-0.0255832,-0.968987,-0.225425,-0.0979424
0.796521,-0.332545,0.40585;-0.084978,-0.965119,-0.228074,-0.0964665
0.795478,-0.327917,0.41498;-0.13355,-0.959376,-0.229645,-0.0949976
0.79503,-0.321941,0.423622;-0.167726,-0.953339,-0.226468,-0.108283
0.794977,-0.315471,0.431458;-0.19001,-0.947671,-0.219997,-0.131973
0.795184,-0.308245,0.439244;-0.210787,-0.941357,-0.21368,-0.154133
0.79556,-0.301059,0.446354;-0.228794,-0.935058,-0.207976,-0.173397
0.796064,-0.293693,0.453181;-0.245358,-0.928566,-0.202536,-0.191166
0.796709,-0.285688,0.460206;-0.261759,-0.921459,-0.196962,-0.208809
0.797425,-0.277754,0.466849;-0.276745,-0.914358,-0.191702,-0.224972
0.798251,-0.269319,0.473629;-0.291576,-0.906741,-0.186333,-0.241008
0.799099,-0.261164,0.47995;-0.305026,-0.899309,-0.181319,-0.255589
0.80003,-0.252621,0.486362;-0.318331,-0.891451,-0.176219,-0.270049
0.800946,-0.244531,0.492258;-0.330297,-0.883941,-0.171511,-0.283083
0.801924,-0.236146,0.49821;-0.342133,-0.876085,-0.166735,-0.296006
0.802961,-0.227477,0.504209;-0.353835,-0.867886,-0.161894,-0.308814
0.804053,-0.218538,0.510246;-0.365398,-0.859346,-0.156989,-0.3215
0.805199,-0.209339,0.516311;-0.376818,-0.850471,-0.152023,-0.334061
0.806273,-0.200848,0.521788;-0.38697,-0.842198,-0.147503,-0.345254
0.807384,-0.192165,0.527275;-0.397,-0.833657,-0.142936,-0.356337
0.808532,-0.1833,0.532764;-0.406903,-0.824853,-0.138323,-0.367307
0.809712,-0.17426,0.538251;-0.416678,-0.815786,-0.133667,-0.378161
0.810924,-0.165056,0.543729;-0.42632,-0.806461,-0.128968,-0.388895
0.812164,-0.155695,0.54919;-0.435827,-0.79688,-0.124229,-0.399505
0.813431,-0.146186,0.554629;-0.445196,-0.787046,-0.119449,-0.409989
0.814723,-0.136538,0.560038;-0.454423,-0.776963,-0.114632,-0.420342
0.816036,-0.126761,0.565413;-0.463506,-0.766633,-0.109779,-0.430563
0.817219,-0.117967,0.570155;-0.471457,-0.757247,-0.105436,-0.439533
0.818417,-0.109083,0.57486;-0.47929,-0.74767,-0.101066,-0.448393
0.819627,-0.100116,0.579522;-0.487002,-0.737907,-0.0966708,-0.45714
0.820847,-0.0910717,0.584138;-0.494593,-0.727958,-0.0922515,-0.465773
0.822077,-0.0819558,0.588702;-0.502059,-0.717827,-0.087809,-0.47429
0.823313,-0.0727748,0.593211;-0.5094,-0.707516,-0.0833445,-0.482687
0.824556,-0.0635347,0.597659;-0.516612,-0.697028,-0.0788591,-0.490963
0.825803,-0.0542418,0.602042;-0.523696,-0.686365,-0.074354,-0.499117
0.827053,-0.0449021,0.606356;-0.530648,-0.67553,-0.0698302,-0.507145
0.828304,-0.035522,0.610596;-0.537467,-0.664525,-0.0652889,-0.515046
0.829554,-0.0261074,0.614757;-0.544152,-0.653355,-0.0607313,-0.522818
0.830801,-0.0166646,0.618836;-0.5507,-0.64202,-0.0561584,-0.530459
0.832045,-0.00719975,0.622826;-0.55711,-0.630524,-0.0515715,-0.537967
0.833284,0.00228105,0.626725;-0.56338,-0.618871,-0.0469716,-0.54534
0.834516,0.0117716,0.630527;-0.569509,-0.607062,-0.04236,-0.552577
0.835738,0.0212658,0.634227;-0.575495,-0.595101,-0.0377377,-0.559675
0.836951,0.0307574,0.637822;-0.581338,-0.582991,-0.033106,-0.566632
0.838152,0.0402403,0.641306;-0.587034,-0.570735,-0.028466,-0.573448
0.839339,0.0497084,0.644676;-0.592583,-0.558335,-0.0238188,-0.58012
0.840511,0.0591555,0.647926;-0.597984,-0.545796,-0.0191657,-0.586647
0.84181,0.0697506,0.651433;-0.603881,-0.531526,-0.0139253,-0.593813
0.843085,0.0803027,0.654778;-0.609586,-0.517088,-0.0086804,-0.600791
0.844334,0.0908028,0.657953;-0.615098,-0.502485,-0.00343278,-0.607579
0.845556,0.101242,0.660951;-0.620414,-0.487723,0.00181593,-0.614174
0.846747,0.111612,0.663766;-0.625534,-0.472806,0.00706406,-0.620574
0.847906,0.121904,0.666393;-0.630455,-0.45774,0.0123099,-0.626777
0.849029,0.132109,0.668823;-0.635177,-0.442528,0.0175519,-0.632781
0.850116,0.142218,0.671052;-0.639696,-0.427175,0.0227883,-0.638585
0.851163,0.152223,0.673072;-0.644013,-0.411688,0.0280175,-0.644186
0.852168,0.162114,0.674876;-0.648126,-0.396069,0.0332378,-0.649582
0.853233,0.172961,0.676621;-0.652454,-0.378568,0.0390257,-0.655337
0.854241,0.183645,0.678084;-0.656527,-0.360919,0.0447983,-0.660835
0.855188,0.194155,0.679255;-0.660343,-0.343129,0.0505534,-0.666074
0.856071,0.204477,0.680126;-0.6639,-0.325204,0.0562887,-0.671052
0.856888,0.214601,0.680688;-0.667197,-0.307151,0.0620019,-0.675767
0.857704,0.225494,0.680938;-0.670522,-0.287155,0.0682583,-0.680649
0.858432,0.236116,0.680792;-0.67353,-0.267023,0.0744824,-0.685207
0.859067,0.24645,0.680238;-0.676218,-0.246764,0.0806712,-0.689441
0.859604,0.256482,0.679264;-0.678585,-0.226389,0.0868217,-0.693348
0.860074,0.267061,0.677707;-0.680802,-0.204038,0.0934844,-0.697236
0.860417,0.27724,0.675622;-0.682634,-0.181573,0.100094,-0.700731
0.860636,0.287467,0.672848;-0.685648,-0.169232,0.104316,-0.700261
0.860708,0.297149,0.669496;-0.692718,-0.190968,0.100462,-0.688172
0.860641,0.306362,0.66557;-0.699314,-0.212574,0.0965382,-0.675613
0.860419,0.315822,0.660698;-0.70592,-0.235815,0.0922136,-0.661486
0.860051,0.324747,0.655213;-0.711961,-0.258868,0.0878151,-0.646829
0.859546,0.333144,0.649146;-0.71743,-0.281713,0.0833461,-0.631653
0.858911,0.34102,0.642527;-0.722323,-0.304332,0.0788103,-0.615971
0.858156,0.348383,0.635389;-0.726638,-0.326706,0.0742112,-0.599794
0.85729,0.355239,0.627763;-0.730369,-0.348819,0.0695526,-0.583137
0.856322,0.361596,0.619679;-0.733515,-0.370652,0.0648383,-0.566011
0.855259,0.367461,0.611169;-0.736072,-0.392188,0.0600719,-0.548432
0.854112,0.372841,0.602264;-0.738039,-0.413409,0.0552574,-0.530413
0.852888,0.377744,0.592996;-0.739414,-0.434298,0.0503985,-0.511968
0.851596,0.382177,0.583395;-0.740196,-0.45484,0.0454992,-0.493113
0.850246,0.386146,0.573493;-0.740384,-0.475016,0.0405634,-0.473862
0.848954,0.389406,0.564112;-0.740031,-0.493303,0.0359783,-0.455755
0.847627,0.392282,0.554525;-0.739172,-0.511252,0.0313687,-0.437335
0.846271,0.394782,0.544758;-0.737808,-0.528852,0.0267376,-0.418617
0.844893,0.396911,0.534834;-0.735939,-0.546091,0.0220882,-0.399613
0.8435,0.398673,0.524778;-0.733568,-0.562956,0.0174237,-0.380336
0.842099,0.400076,0.514615;-0.730695,-0.579437,0.0127473,-0.360799
0.840696,0.401125,0.504369;-0.727323,-0.595521,0.00806225,-0.341015
0.839298,0.401824,0.494065;-0.723453,-0.611199,0.00337164,-0.320998
0.837913,0.402181,0.483727;-0.71909,-0.626459,-0.00132127,-0.300762
0.836547,0.402201,0.47338;-0.714235,-0.64129,-0.00601327,-0.28032
0.835207,0.401889,0.463048;-0.708891,-0.655684,-0.0107012,-0.259687
0.833901,0.401251,0.452756;-0.703063,-0.669629,-0.0153817,-0.238876
0.832634,0.400293,0.442529;-0.696755,-0.683117,-0.0200518,-0.217902
0.831414,0.39902,0.43239;-0.689971,-0.696138,-0.0247082,-0.196779
0.830247,0.397439,0.422366;-0.682715,-0.708683,-0.0293477,-0.175522
0.829141,0.395554,0.412479;-0.674992,-0.720744,-0.0339671,-0.154144
0.828103,0.393372,0.402755;-0.666808,-0.732312,-0.0385633,-0.132662
0.827062,0.390679,0.392432;-0.657428,-0.744279,-0.0435127,-0.109287
0.826117,0.387651,0.382361;-0.647521,-0.755649,-0.0484272,-0.0858243
0.825277,0.384294,0.372572;-0.637094,-0.766413,-0.0533028,-0.062293
0.82455,0.380617,0.363096;-0.626157,-0.776563,-0.0581357,-0.0387117
0.823904,0.376306,0.353277;-0.613816,-0.786796,-0.0632881,-0.0132822
0.823411,0.371641,0.343897;-0.600905,-0.796297,-0.0683816,0.0121595
0.823081,0.36663,0.334994;-0.587435,-0.805058,-0.0734115,0.03759
0.822922,0.360888,0.32603;-0.572396,-0.813613,-0.0787248,0.0647975
0.822976,0.354771,0.317707;-0.556746,-0.8213,-0.083954,0.0919359
0.823258,0.348289,0.310072;-0.540502,-0.828109,-0.0890936,0.118976
0.823824,0.340986,0.302742;-0.522539,-0.834398,-0.0944708,0.147678
0.82468,0.333295,0.296308;-0.503941,-0.839672,-0.0997333,0.176201
0.825925,0.324713,0.290519;-0.483511,-0.844159,-0.105192,0.206271
0.827537,0.315723,0.285878;-0.462417,-0.847488,-0.110506,0.236058
0.829533,0.306343,0.282455;-0.440689,-0.849654,-0.115668,0.265521
0.83199,0.296343,0.280265;-0.453629,-0.838559,-0.120328,0.276697
0.834729,0.286285,0.279354;-0.472566,-0.824991,-0.124655,0.283782
0.837573,0.276499,0.279478;-0.489981,-0.811872,-0.128625,0.290237
0.840658,0.266294,0.280458;-0.507135,-0.798321,-0.132527,0.296538
0.843709,0.256412,0.282062;-0.522821,-0.785356,-0.136087,0.302247
0.846658,0.24692,0.284076;-0.537088,-0.773069,-0.139317,0.307394
0.849712,0.237049,0.286549;-0.551145,-0.760479,-0.142493,0.312421
0.852585,0.22765,0.289175;-0.563841,-0.748676,-0.145356,0.316921
0.855511,0.217898,0.292101;-0.576351,-0.736627,-0.14817,0.321317
0.858473,0.207777,0.295289;-0.588672,-0.724336,-0.150936,0.325608
0.861182,0.198242,0.298379;-0.599705,-0.712955,-0.153407,0.329415
0.863893,0.188376,0.301622;-0.610575,-0.701381,-0.155837,0.333133
0.866594,0.178165,0.304986;-0.621279,-0.689616,-0.158224,0.336761
0.869006,0.168671,0.308093;-0.630768,-0.678867,-0.160336,0.339947
0.871389,0.15888,0.311252;-0.640118,-0.667968,-0.162412,0.343059
0.873735,0.148781,0.314441;-0.649327,-0.656923,-0.164453,0.346095
0.876034,0.138367,0.317638;-0.658394,-0.645733,-0.166457,0.349055
0.878031,0.128837,0.320469;-0.666331,-0.635666,-0.168208,0.351621
0.879976,0.119044,0.323273;-0.674152,-0.625489,-0.16993,0.354126
0.881864,0.108981,0.326034;-0.681857,-0.615204,-0.171622,0.35657
0.883688,0.0986423,0.328738;-0.689442,-0.604811,-0.173284,0.358952
0.885441,0.088021,0.331369;-0.696907,-0.594313,-0.174917,0.361271
0.887117,0.0771109,0.333911;-0.704252,-0.583711,-0.176518,0.363527
0.888515,0.0673226,0.336051;-0.710577,-0.574352,-0.177895,0.365449
0.889844,0.0573039,0.3381;-0.716809,-0.564916,-0.179247,0.367323
0.8911,0.0470507,0.340049;-0.722944,-0.555404,-0.180576,0.369148
0.892279,0.0365585,0.341886;-0.728983,-0.545819,-0.181881,0.370923
0.893376,0.0258232,0.343603;-0.734926,-0.536161,-0.183161,0.37265
0.894387,0.0148404,0.345188;-0.74077,-0.526431,-0.184417,0.374326
0.895307,0.00360591,0.34663;-0.746516,-0.516632,-0.185649,0.375953
0.896132,-0.00788464,0.347921;-0.752162,-0.506763,-0.186855,0.37753
0.89676,-0.0179407,0.348897;-0.756922,-0.498251,-0.18787,0.378841
0.897312,-0.0281907,0.349748;-0.761607,-0.48969,-0.188866,0.380115
0.897786,-0.0386374,0.350466;-0.766219,-0.481081,-0.189844,0.381352
0.898178,-0.0492834,0.351044;-0.770755,-0.472424,-0.190803,0.382552
0.898486,-0.0601315,0.351477;-0.775216,-0.463722,-0.191743,0.383714
0.898708,-0.0711843,0.351757;-0.779601,-0.454974,-0.192665,0.384839
0.898839,-0.0824445,0.351879;-0.783909,-0.446182,-0.193568,0.385926
0.898878,-0.0939149,0.351835;-0.788141,-0.437346,-0.194452,0.386976
0.898822,-0.105598,0.351619;-0.792296,-0.428467,-0.195317,0.387987
0.898668,-0.117497,0.351225;-0.796374,-0.419546,-0.196162,0.388961
0.898463,-0.127579,0.350755;-0.799712,-0.412081,-0.196853,0.389743
0.898186,-0.137814,0.350153;-0.802996,-0.404588,-0.197529,0.390498
0.897836,-0.148204,0.349415;-0.806225,-0.397067,-0.198193,0.391228
0.897411,-0.158751,0.348537;-0.809399,-0.389519,-0.198842,0.39193
0.89691,-0.169455,0.347516;-0.812519,-0.381945,-0.199479,0.392606
0.89633,-0.180318,0.346347;-0.815583,-0.374344,-0.200102,0.393255
0.895671,-0.191342,0.345026;-0.818592,-0.366719,-0.200711,0.393878
0.894931,-0.202529,0.343551;-0.821545,-0.359068,-0.201306,0.394474
0.894108,-0.21388,0.341917;-0.824443,-0.351393,-0.201888,0.395042
0.893201,-0.225396,0.340121;-0.827284,-0.343694,-0.202456,0.395585
0.892207,-0.23708,0.338158;-0.830069,-0.335972,-0.203011,0.3961
0.891126,-0.248932,0.336025;-0.832798,-0.328227,-0.203551,0.396588
0.889955,-0.260955,0.333718;-0.83547,-0.320459,-0.204078,0.397049
0.888694,-0.273149,0.331233;-0.838085,-0.31267,-0.204591,0.397484
0.887619,-0.283029,0.329115;-0.840136,-0.306423,-0.204991,0.397812
0.886483,-0.293022,0.326879;-0.842151,-0.300163,-0.205382,0.398122
0.885287,-0.303126,0.324522;-0.844129,-0.29389,-0.205765,0.398416
0.884029,-0.313344,0.322044;-0.846071,-0.287605,-0.206138,0.398692
0.882708,-0.323677,0.319442;-0.847975,-0.281306,-0.206503,0.398951
0.881325,-0.334124,0.316714;-0.849843,-0.274996,-0.206858,0.399192
0.879877,-0.344687,0.313858;-0.851673,-0.268673,-0.207205,0.399416
0.878364,-0.355366,0.310873;-0.853467,-0.262339,-0.207542,0.399623
0.876786,-0.366163,0.307755;-0.855224,-0.255993,-0.207871,0.399812
0.875141,-0.377079,0.304505;-0.856943,-0.249636,-0.20819,0.399984
0.873428,-0.388113,0.301118;-0.858625,-0.243269,-0.208501,0.400138
0.871647,-0.399267,0.297595;-0.86027,-0.23689,-0.208802,0.400275
0.869798,-0.410541,0.293931;-0.861877,-0.230502,-0.209094,0.400395
0.867878,-0.421937,0.290127;-0.863447,-0.224103,-0.209378,0.400497
0.865888,-0.433455,0.286179;-0.864979,-0.217695,-0.209652,0.400582
0.863826,-0.445096,0.282086;-0.866474,-0.211277,-0.209917,0.40065
0.861692,-0.456861,0.277846;-0.867931,-0.20485,-0.210172,0.400699
0.859485,-0.46875,0.273457;-0.86935,-0.198414,-0.210419,0.400732
0.857204,-0.480765,0.268916;-0.870731,-0.19197,-0.210656,0.400747
0.854848,-0.492905,0.264223;-0.872075,-0.185517,-0.210885,0.400745
0.853031,-0.502094,0.260602;-0.873058,-0.180672,-0.21105,0.400732
0.851172,-0.511355,0.256892;-0.874019,-0.175823,-0.21121,0.400709
0.849269,-0.520688,0.253094;-0.874959,-0.170969,-0.211365,0.400676
0.847323,-0.530093,0.249206;-0.875878,-0.166111,-0.211515,0.400633
0.845333,-0.539571,0.245228;-0.876775,-0.161249,-0.211659,0.400581
0.843299,-0.549122,0.241159;-0.87765,-0.156383,-0.211799,0.400519
0.84122,-0.558747,0.236997;-0.878505,-0.151514,-0.211933,0.400447
0.839096,-0.568445,0.232743;-0.879337,-0.14664,-0.212062,0.400365
0.836926,-0.578217,0.228395;-0.880149,-0.141763,-0.212186,0.400273
0.834711,-0.588064,0.223953;-0.880938,-0.136883,-0.212304,0.400172
0.832451,-0.597986,0.219415;-0.881706,-0.131999,-0.212418,0.400061
0.830143,-0.607983,0.214781;-0.882453,-0.127112,-0.212526,0.39994
0.827789,-0.618055,0.21005;-0.883178,-0.122222,-0.212629,0.399809
