0.8119,-0.429331,0.384961;0.121904,0.873675,0.252997,-0.397271
0.811465,-0.415428,0.384536;0.120798,0.873673,0.253216,-0.397475
0.811029,-0.40166,0.384121;0.119691,0.873669,0.253434,-0.397678
0.810593,-0.388028,0.383714;0.118585,0.873665,0.253651,-0.397881
0.810156,-0.374532,0.383316;0.117478,0.873659,0.253868,-0.398083
0.809719,-0.361169,0.382927;0.116371,0.873652,0.254085,-0.398285
0.809281,-0.347941,0.382546;0.115264,0.873644,0.254302,-0.398486
0.808842,-0.334845,0.382174;0.114156,0.873635,0.254518,-0.398687
0.808403,-0.321883,0.381811;0.113049,0.873624,0.254734,-0.398887
0.807963,-0.309053,0.381456;0.111942,0.873613,0.25495,-0.399087
0.807523,-0.296355,0.381109;0.110834,0.8736,0.255165,-0.399286
0.807082,-0.283788,0.380771;0.109726,0.873587,0.25538,-0.399484
0.806641,-0.271352,0.380442;0.108618,0.873572,0.255595,-0.399682
0.806199,-0.259046,0.38012;0.10751,0.873556,0.255809,-0.39988
0.805757,-0.24687,0.379808;0.106401,0.873539,0.256023,-0.400077
0.805314,-0.234823,0.379503;0.105293,0.87352,0.256236,-0.400273
0.804871,-0.222905,0.379207;0.104185,0.873501,0.256449,-0.400469
0.804427,-0.211114,0.378919;0.103076,0.87348,0.256662,-0.400665
0.803983,-0.199452,0.378639;0.101967,0.873458,0.256875,-0.40086
0.803538,-0.187916,0.378367;0.100858,0.873435,0.257087,-0.401054
0.803094,-0.176507,0.378103;0.0997489,0.873411,0.257299,-0.401248
0.802648,-0.165224,0.377848;0.0986397,0.873386,0.257511,-0.401441
0.802203,-0.154067,0.3776;0.0975303,0.87336,0.257722,-0.401634
0.801757,-0.143034,0.377361;0.0964208,0.873332,0.257933,-0.401827
0.801311,-0.132126,0.37713;0.0953112,0.873304,0.258143,-0.402018
0.800864,-0.121342,0.376906;0.0942014,0.873274,0.258353,-0.40221
0.800417,-0.110682,0.376691;0.0930916,0.873243,0.258563,-0.4024
0.79997,-0.100144,0.376483;0.0919816,0.873211,0.258773,-0.402591
0.799523,-0.0897284,0.376283;0.0908715,0.873177,0.258982,-0.40278
0.799075,-0.0794347,0.376091;0.0897613,0.873143,0.259191,-0.402969
0.798627,-0.0692624,0.375907;0.0886509,0.873107,0.259399,-0.403158
0.798179,-0.0592108,0.375731;0.0875404,0.873071,0.259608,-0.403346
0.797283,-0.039468,0.375401;0.0853192,0.872994,0.260023,-0.403721
0.796386,-0.0202019,0.375102;0.0830975,0.872913,0.260437,-0.404093
0.795488,-0.00140845,0.374833;0.0808753,0.872827,0.260849,-0.404463
0.79459,0.0169166,0.374594;0.0786527,0.872736,0.261261,-0.404831
0.793692,0.0347775,0.374384;0.0764297,0.872641,0.26167,-0.405197
0.792793,0.0521783,0.374204;0.0742063,0.872541,0.262079,-0.405561
0.791895,0.0691234,0.374053;0.0719825,0.872437,0.262486,-0.405923
0.790997,0.0856168,0.373932;0.0697584,0.872328,0.262892,-0.406283
0.790099,0.101663,0.373838;0.0675339,0.872214,0.263296,-0.40664
0.789202,0.117266,0.373773;0.065309,0.872096,0.263699,-0.406996
0.788305,0.13243,0.373736;0.0630837,0.871974,0.2641,-0.407349
0.787409,0.147159,0.373726;0.0608582,0.871847,0.2645,-0.4077
0.786514,0.161457,0.373744;0.0586323,0.871715,0.264899,-0.408049
0.785619,0.175329,0.373789;0.0564061,0.871578,0.265297,-0.408396
0.784726,0.188779,0.373861;0.0541796,0.871437,0.265693,-0.408741
0.783834,0.201811,0.37396;0.0519529,0.871292,0.266087,-0.409083
0.782943,0.214429,0.374085;0.0497258,0.871142,0.26648,-0.409424
0.782054,0.226637,0.374235;0.0474985,0.870987,0.266872,-0.409762
0.781166,0.238441,0.374412;0.045271,0.870828,0.267263,-0.410098
0.780281,0.249843,0.374614;0.0430432,0.870664,0.267652,-0.410432
0.779397,0.260847,0.374841;0.0408152,0.870495,0.268039,-0.410764
0.778515,0.27146,0.375093;0.038587,0.870322,0.268425,-0.411093
0.777635,0.281683,0.375369;0.0363585,0.870145,0.26881,-0.411421
0.776319,0.296299,0.37583;0.0330155,0.86987,0.269385,-0.411908
0.775009,0.310064,0.376343;0.0296721,0.869585,0.269956,-0.41239
0.773705,0.322993,0.37691;0.0263284,0.869289,0.270524,-0.412868
0.772408,0.3351,0.377529;0.0229843,0.868984,0.271089,-0.41334
0.771117,0.346398,0.378198;0.01964,0.868668,0.271651,-0.413808
0.769834,0.356902,0.378917;0.0162955,0.868341,0.272209,-0.41427
0.768134,0.369698,0.379952;0.0118358,0.86789,0.272949,-0.41488
0.76645,0.38114,0.381071;0.0073758,0.867421,0.273683,-0.41548
0.764782,0.391264,0.382273;0.0029157,0.866934,0.274411,-0.416072
0.76272,0.402114,0.383887;-0.00265951,0.866299,0.275313,-0.4168
0.760284,0.412576,0.385984;-0.00934963,0.865499,0.276384,-0.417655
0.757105,0.42237,0.389036;-0.018269,0.86437,0.277791,-0.418764
0.75213,0.428798,0.39458;-0.0327595,0.862379,0.280028,-0.420492
0.747072,0.423747,0.401279;-0.0483563,0.860022,0.282367,-0.422248
0.744005,0.414593,0.405941;-0.0583766,0.858389,0.283832,-0.42332
0.741728,0.404573,0.409739;-0.0661659,0.857056,0.284951,-0.424122
0.739857,0.394113,0.413105;-0.072839,0.85587,0.285896,-0.424788
0.738358,0.384165,0.415981;-0.0783974,0.85485,0.286673,-0.425328
0.736914,0.373167,0.418917;-0.0839531,0.853803,0.28744,-0.425854
0.735529,0.361184,0.42191;-0.0895062,0.852727,0.288198,-0.426365
0.734464,0.350932,0.424341;-0.0939465,0.851846,0.288797,-0.426765
0.733439,0.340127,0.426803;-0.0983848,0.850948,0.289391,-0.427155
0.732455,0.328801,0.429293;-0.102821,0.850031,0.289978,-0.427536
0.731512,0.316987,0.431809;-0.107255,0.849097,0.29056,-0.427909
0.730612,0.30472,0.434349;-0.111687,0.848145,0.291135,-0.428272
0.729756,0.292032,0.436911;-0.116117,0.847175,0.291704,-0.428626
0.728945,0.278959,0.439492;-0.120544,0.846187,0.292267,-0.428972
0.728367,0.26892,0.441439;-0.123862,0.845435,0.292685,-0.429225
0.727815,0.258697,0.443395;-0.127179,0.844672,0.2931,-0.429473
0.72729,0.248304,0.445358;-0.130495,0.8439,0.293511,-0.429716
0.726792,0.237755,0.447328;-0.133809,0.843117,0.293919,-0.429954
0.726321,0.227064,0.449304;-0.137122,0.842325,0.294323,-0.430187
0.725879,0.216246,0.451285;-0.140433,0.841522,0.294724,-0.430414
0.725487,0.205909,0.453162;-0.141257,0.841404,0.294811,-0.430317
0.725139,0.196025,0.454943;-0.125762,0.845739,0.292811,-0.427985
0.724814,0.186065,0.456727;-0.110232,0.849847,0.290732,-0.425539
0.724513,0.176033,0.458513;-0.0946726,0.853728,0.288576,-0.422978
0.724235,0.165936,0.460301;-0.0790879,0.857379,0.286342,-0.420304
0.723981,0.155776,0.462089;-0.063482,0.8608,0.284031,-0.417517
0.72375,0.145561,0.463879;-0.0478591,0.86399,0.281643,-0.414618
0.723543,0.135293,0.465669;-0.0322233,0.866948,0.279181,-0.411608
0.72336,0.124979,0.46746;-0.0165789,0.869674,0.276643,-0.408487
0.723201,0.114623,0.469251;-0.000929988,0.872166,0.274031,-0.405257
0.723066,0.10423,0.471042;0.0147191,0.874424,0.271346,-0.401918
0.722956,0.0938053,0.472832;0.0303643,0.876447,0.268587,-0.398471
0.722869,0.0833533,0.474622;0.0460013,0.878236,0.265757,-0.394917
0.722807,0.0728791,0.476411;0.061626,0.879788,0.262855,-0.391257
0.722769,0.0623876,0.478198;0.0772342,0.881105,0.259883,-0.387492
0.722756,0.0518837,0.479984;0.0928216,0.882185,0.256841,-0.383623
0.722768,0.0413723,0.481769;0.108384,0.883028,0.25373,-0.379651
0.722804,0.0308583,0.483551;0.123918,0.883634,0.250551,-0.375578
0.722865,0.0203466,0.485331;0.139418,0.884004,0.247305,-0.371403
0.722951,0.00984212,0.487108;0.15488,0.884136,0.243993,-0.367129
0.723061,-0.000650228,0.488882;0.170302,0.88403,0.240615,-0.362757
0.723197,-0.0111256,0.490653;0.185677,0.883688,0.237172,-0.358287
0.723358,-0.021579,0.492421;0.201003,0.883108,0.233666,-0.35372
0.723545,-0.0320055,0.494185;0.216275,0.882292,0.230097,-0.349059
0.723757,-0.0424004,0.495945;0.231488,0.881238,0.226466,-0.344305
0.723994,-0.0527586,0.497701;0.24664,0.879948,0.222775,-0.339457
0.724257,-0.0630752,0.499452;0.261725,0.878422,0.219023,-0.334519
0.724545,-0.0733455,0.501198;0.27674,0.87666,0.215213,-0.329491
0.724859,-0.0835643,0.502939;0.291681,0.874663,0.211346,-0.324375
0.725199,-0.0937269,0.504674;0.306544,0.872432,0.207421,-0.319171
0.725565,-0.103828,0.506404;0.321324,0.869966,0.203441,-0.313882
0.725957,-0.113864,0.508128;0.336018,0.867267,0.199406,-0.308509
0.726375,-0.123828,0.509846;0.350622,0.864334,0.195318,-0.303053
0.72682,-0.133717,0.511557;0.365132,0.86117,0.191177,-0.297515
0.727351,-0.144745,0.513474;0.381338,0.857335,0.186458,-0.29119
0.727916,-0.155663,0.515382;0.397415,0.853208,0.181675,-0.284766
0.728514,-0.166466,0.51728;0.413357,0.848791,0.17683,-0.278246
0.729146,-0.177145,0.519169;0.429158,0.844086,0.171925,-0.271631
0.729812,-0.187694,0.521047;0.444814,0.839095,0.166962,-0.264923
0.730511,-0.198106,0.522915;0.460318,0.833818,0.161943,-0.258126
0.731245,-0.208374,0.524772;0.475667,0.828258,0.156868,-0.251241
0.732013,-0.218491,0.526618;0.490853,0.822417,0.15174,-0.24427
0.732816,-0.22845,0.528451;0.505873,0.816297,0.14656,-0.237217
0.733748,-0.239321,0.530474;0.52236,0.809171,0.140747,-0.229286
0.734722,-0.249979,0.532482;0.538628,0.801706,0.134875,-0.221258
0.73574,-0.260414,0.534473;0.554671,0.793905,0.128946,-0.213138
0.736801,-0.270617,0.536448;0.57048,0.785772,0.122963,-0.204928
0.737905,-0.280577,0.538405;0.586051,0.777308,0.116928,-0.196632
0.73917,-0.291243,0.540538;0.602894,0.767622,0.110234,-0.187412
0.740488,-0.301591,0.542648;0.619432,0.757547,0.103483,-0.178097
0.741859,-0.311609,0.544735;0.635655,0.747087,0.0966803,-0.168691
0.743415,-0.322147,0.546985;0.652985,0.735244,0.0892031,-0.158333
0.745035,-0.33226,0.549206;0.669921,0.722958,0.081672,-0.147879
0.74672,-0.341932,0.551397;0.686452,0.710234,0.0740916,-0.137336
0.748617,-0.351893,0.553736;0.703893,0.695967,0.0658291,-0.125821
0.750745,-0.361996,0.556212;0.722117,0.680051,0.0568791,-0.113321
0.753124,-0.372072,0.558815;0.740984,0.662379,0.0472382,-0.0998243
0.755775,-0.381932,0.561532;0.760338,0.64284,0.0369055,-0.0853248
0.758719,-0.39136,0.56435;0.780007,0.621324,0.025884,-0.069819
0.762168,-0.400562,0.567412;0.800871,0.596388,0.0135293,-0.0523899
0.766371,-0.409374,0.570836;0.823512,0.566388,-0.000800462,-0.0321114
0.771631,-0.417104,0.574709;0.848113,0.529458,-0.0177313,-0.00806518
0.778768,-0.422477,0.579339;0.875866,0.480438,-0.0391419,0.0224791
0.787392,-0.422199,0.584126;0.902225,0.42288,-0.0629305,0.0565971
0.79513,-0.416497,0.58779;0.920329,0.372773,-0.0825892,0.0849405
0.801254,-0.408785,0.590326;0.90796,0.404835,-0.0779753,0.0750825
0.806658,-0.399986,0.592333;0.895085,0.435036,-0.0730124,0.0650868
0.811281,-0.391173,0.593897;0.883532,0.459806,-0.0688094,0.0566967
0.815684,-0.381794,0.595267;0.872085,0.482578,-0.0648347,0.0488231
0.819841,-0.372135,0.596461;0.860886,0.503409,-0.0611016,0.0414799
0.82373,-0.362447,0.597494;0.85007,0.522359,-0.0576216,0.0346785
0.827335,-0.352944,0.598384;0.839756,0.539484,-0.0544045,0.0284274
0.830973,-0.342872,0.599217;0.829064,0.556366,-0.051163,0.0221636
0.834306,-0.333244,0.599925;0.819022,0.571498,-0.0481961,0.0164605
0.837659,-0.323187,0.600587;0.808675,0.586417,-0.0452114,0.0107513
0.841031,-0.31272,0.601201;0.798028,0.601119,-0.0422099,0.00503811
0.844078,-0.302966,0.601713;0.788193,0.61416,-0.0394951,-0.000105417
0.847135,-0.29291,0.602185;0.77812,0.627016,-0.0367685,-0.00524892
0.850199,-0.282567,0.602619;0.767814,0.639684,-0.0340308,-0.0103908
0.853269,-0.27195,0.603013;0.757277,0.652159,-0.0312829,-0.0155296
0.855999,-0.262295,0.603329;0.74772,0.663084,-0.0288323,-0.0200936
0.858731,-0.252445,0.603614;0.737984,0.673851,-0.026375,-0.0246528
0.861461,-0.24241,0.603867;0.728074,0.684459,-0.0239113,-0.0292061
0.864189,-0.2322,0.604088;0.717991,0.694903,-0.021442,-0.0337525
0.866913,-0.221826,0.604276;0.707737,0.705183,-0.0189676,-0.0382908
0.869631,-0.211296,0.604432;0.697315,0.715295,-0.0164887,-0.0428201
0.872341,-0.200622,0.604556;0.686727,0.725237,-0.0140058,-0.0473392
0.875043,-0.189813,0.604646;0.675976,0.735007,-0.0115197,-0.0518471
0.877733,-0.178878,0.604704;0.665065,0.744602,-0.00903078,-0.0563426
0.880412,-0.167829,0.604728;0.653995,0.754021,-0.00653973,-0.0608248
0.882745,-0.158074,0.604722;0.644182,0.762115,-0.00435878,-0.0647348
0.885066,-0.148246,0.60469;0.634252,0.770071,-0.00217703,-0.0686331
0.887374,-0.13835,0.604632;0.624206,0.777887,5.11962e-06,-0.0725189
0.889668,-0.128394,0.604548;0.614047,0.785561,0.00218726,-0.0763916
0.891948,-0.118385,0.604438;0.603776,0.793092,0.00436901,-0.0802503
0.894212,-0.108328,0.604302;0.593395,0.800479,0.00654996,-0.0840944
0.896458,-0.0982313,0.604139;0.582907,0.807721,0.00872973,-0.0879233
0.898687,-0.0881007,0.60395;0.572312,0.814816,0.0109079,-0.0917362
0.900896,-0.0779431,0.603734;0.561613,0.821762,0.0130841,-0.0955323
0.903086,-0.0677653,0.603491;0.550813,0.828559,0.0152579,-0.0993111
0.905254,-0.0575738,0.603222;0.539912,0.835205,0.0174289,-0.103072
0.907399,-0.0473754,0.602925;0.528912,0.8417,0.0195968,-0.106814
0.909521,-0.0371767,0.602601;0.517817,0.848041,0.0217611,-0.110536
0.911619,-0.0269845,0.60225;0.506627,0.854228,0.0239214,-0.114239
0.913691,-0.0168054,0.601871;0.495346,0.86026,0.0260774,-0.117921
0.915736,-0.00664609,0.601465;0.483974,0.866135,0.0282287,-0.121581
0.917754,0.00348675,0.601031;0.472514,0.871853,0.0303748,-0.125219
0.919743,0.0135864,0.600569;0.460968,0.877412,0.0325154,-0.128834
0.921701,0.0236463,0.60008;0.449339,0.882812,0.0346501,-0.132426
0.923629,0.0336596,0.599562;0.437628,0.888051,0.0367785,-0.135994
0.925525,0.0436197,0.599016;0.425837,0.893129,0.0389002,-0.139537
0.927388,0.0535199,0.598441;0.413968,0.898044,0.0410148,-0.143055
0.929217,0.0633536,0.597838;0.402025,0.902796,0.0431219,-0.146547
0.931263,0.074502,0.597114;0.388286,0.908026,0.0455205,-0.150505
0.933262,0.0855447,0.596352;0.374454,0.91304,0.0479082,-0.154427
0.935212,0.0964719,0.595553;0.360534,0.917837,0.0502846,-0.158312
0.93711,0.107273,0.594715;0.346528,0.922416,0.052649,-0.16216
0.938957,0.117939,0.59384;0.332439,0.926776,0.0550009,-0.165969
0.940749,0.12846,0.592926;0.318272,0.930915,0.0573398,-0.169739
0.942486,0.138825,0.591973;0.304029,0.934834,0.059665,-0.173469
0.944165,0.149024,0.590982;0.289714,0.938531,0.061976,-0.177157
0.945785,0.159048,0.589951;0.27533,0.942005,0.0642724,-0.180803
0.947345,0.168887,0.588882;0.260881,0.945254,0.0665534,-0.184407
0.949026,0.179721,0.587632;0.244551,0.948642,0.0691007,-0.188408
0.950626,0.190294,0.586331;0.228148,0.951745,0.0716272,-0.192353
0.952143,0.200591,0.584981;0.211677,0.954561,0.0741322,-0.19624
0.953574,0.210598,0.583579;0.195142,0.957091,0.0766149,-0.200068
0.955061,0.22136,0.581963;0.176701,0.959564,0.0793464,-0.20425
0.956437,0.231727,0.580283;0.158194,0.961681,0.0820484,-0.208357
0.957699,0.24168,0.578539;0.139629,0.963441,0.08472,-0.212387
0.95895,0.252126,0.576547;0.119148,0.964964,0.0876224,-0.216728
0.960055,0.262021,0.574477;0.0986127,0.966053,0.0904855,-0.220972
0.961089,0.272156,0.57213;0.0761608,0.966747,0.0935624,-0.225489
0.962,0.282323,0.569481;0.0517923,0.966916,0.0968393,-0.230245
0.96273,0.292278,0.566503;0.0255135,0.96642,0.1003,-0.235207
0.963215,0.30174,0.563169;-0.00266247,0.965107,0.103927,-0.240332
0.963385,0.311005,0.559161;-0.0408347,0.961521,0.103214,-0.251311
0.963055,0.320042,0.554053;-0.0871796,0.955084,0.102021,-0.264208
0.96194,0.327839,0.54765;-0.142075,0.944488,0.100288,-0.278747
0.959643,0.333267,0.53956;-0.207307,0.927612,0.0977663,-0.294961
0.95602,0.334756,0.530228;-0.277899,0.903899,0.0944502,-0.311155
0.951835,0.332484,0.521428;-0.340681,0.877774,0.0909581,-0.324308
0.947428,0.327843,0.513309;-0.395793,0.850648,0.0874407,-0.334813
0.943061,0.321904,0.505977;-0.443493,0.82375,0.0840277,-0.343058
0.938934,0.315483,0.499504;-0.484115,0.798132,0.0808288,-0.349407
0.93477,0.308441,0.49331;-0.521744,0.771983,0.0776049,-0.354687
0.930631,0.301028,0.48742;-0.556459,0.745612,0.0743884,-0.359002
0.926569,0.293452,0.48185;-0.588357,0.719302,0.0712087,-0.36245
0.922625,0.285884,0.476614;-0.617549,0.693308,0.0680924,-0.365131
0.918595,0.277993,0.471415;-0.645787,0.666243,0.0648708,-0.367247
0.914497,0.269854,0.466264;-0.673028,0.638149,0.0615491,-0.368797
0.910349,0.261542,0.461174;-0.699228,0.60907,0.0581322,-0.369776
0.906415,0.253629,0.456452;-0.722902,0.58084,0.0548343,-0.370177
0.902468,0.245693,0.451807;-0.745586,0.551816,0.0514613,-0.37007
0.898276,0.237306,0.446967;-0.76857,0.520152,0.0478004,-0.369403
0.894104,0.229039,0.442238;-0.790366,0.487683,0.0440657,-0.368164
0.889969,0.220968,0.437634;-0.810941,0.454462,0.0402629,-0.366357
0.885652,0.212718,0.432908;-0.831361,0.418522,0.0361688,-0.363827
0.881418,0.204862,0.428351;-0.850341,0.381858,0.032012,-0.360666
0.877063,0.197096,0.42374;-0.868777,0.34244,0.0275643,-0.356653
0.872415,0.189264,0.418904;-0.887202,0.298108,0.0225869,-0.351417
0.867563,0.181757,0.413948;-0.904981,0.248751,0.0170748,-0.344732
0.862432,0.174845,0.408813;-0.921996,0.192117,0.0107865,-0.336003
0.856559,0.168889,0.40308;-0.938788,0.119262,0.00275192,-0.323181
0.849544,0.166911,0.396486;-0.953443,0.0121689,-0.00895062,-0.301195
0.844446,0.174157,0.392043;-0.964986,-0.0271717,-0.0496535,-0.256123
0.841932,0.184028,0.390288;-0.970692,-0.0498333,-0.0819743,-0.220349
0.840428,0.194155,0.389739;-0.973366,-0.0691462,-0.109494,-0.189178
0.839414,0.204297,0.389988;-0.974002,-0.0875181,-0.135651,-0.15893
0.838668,0.214343,0.391007;-0.972655,-0.106507,-0.162665,-0.12704
0.837995,0.224301,0.393199;-0.96829,-0.129149,-0.194843,-0.0881556
0.836707,0.230755,0.399337;-0.953395,-0.167962,-0.249917,-0.0191873
0.835165,0.222733,0.405014;-0.93791,-0.193694,-0.286368,0.0282895
0.833923,0.212796,0.408527;-0.927738,-0.207307,-0.305628,0.054023
0.832772,0.202571,0.411291;-0.919456,-0.217163,-0.319562,0.0729407
0.831707,0.192659,0.413558;-0.912486,-0.224797,-0.33035,0.0877686
0.830605,0.182123,0.415688;-0.905799,-0.231652,-0.340031,0.101215
0.829494,0.171335,0.417658;-0.899497,-0.237749,-0.348637,0.113285
0.828407,0.160661,0.419449;-0.893671,-0.243109,-0.3562,0.123986
0.827374,0.150453,0.421044;-0.888401,-0.247752,-0.362749,0.133326
0.82626,0.139408,0.422666;-0.882972,-0.252351,-0.369233,0.142641
0.82524,0.129255,0.424076;-0.878192,-0.256257,-0.374738,0.150606
0.824157,0.118452,0.425502;-0.873297,-0.260129,-0.380194,0.15855
0.823007,0.106984,0.426945;-0.868286,-0.263967,-0.3856,0.166474
0.821998,0.096906,0.42816;-0.864023,-0.267138,-0.390065,0.173061
0.820941,0.0863455,0.429384;-0.859681,-0.270285,-0.394496,0.179631
0.819834,0.0752927,0.430619;-0.85526,-0.273408,-0.39889,0.186185
0.818676,0.0637384,0.431863;-0.850761,-0.276505,-0.403247,0.192722
0.817466,0.0516732,0.433115;-0.846184,-0.279577,-0.407568,0.199242
0.816459,0.0416469,0.434123;-0.842467,-0.282016,-0.410997,0.204444
0.815418,0.031283,0.435137;-0.8387,-0.284439,-0.414403,0.209635
0.814342,0.0205767,0.436155;-0.834884,-0.286845,-0.417784,0.214813
0.813229,0.00952309,0.437178;-0.831019,-0.289234,-0.421141,0.219978
0.81208,-0.00188245,0.438205;-0.827106,-0.291607,-0.424473,0.225131
0.810893,-0.0136447,0.439237;-0.823144,-0.293962,-0.42778,0.230271
0.809669,-0.0257685,0.440272;-0.819134,-0.2963,-0.431062,0.235397
0.808406,-0.0382586,0.441311;-0.815076,-0.29862,-0.434319,0.240509
0.807103,-0.0511197,0.442354;-0.81097,-0.300923,-0.437551,0.245607
0.805761,-0.0643565,0.4434;-0.806816,-0.303209,-0.440757,0.250691
0.804727,-0.0745337,0.444186;-0.80367,-0.304911,-0.443144,0.254494
0.803671,-0.0849269,0.444974;-0.800497,-0.306604,-0.445517,0.258289
0.802591,-0.0955382,0.445763;-0.797298,-0.308286,-0.447875,0.262075
0.801487,-0.10637,0.446554;-0.794073,-0.309958,-0.450218,0.265852
0.80036,-0.117423,0.447346;-0.790821,-0.31162,-0.452547,0.269621
0.799208,-0.128701,0.448139;-0.787544,-0.313272,-0.45486,0.273381
0.798032,-0.140205,0.448933;-0.78424,-0.314913,-0.457159,0.277132
0.796831,-0.151936,0.449728;-0.780911,-0.316544,-0.459443,0.280874
0.795606,-0.163899,0.450524;-0.777556,-0.318164,-0.461711,0.284607
0.794354,-0.176093,0.45132;-0.774175,-0.319774,-0.463964,0.28833
0.793078,-0.188521,0.452118;-0.770769,-0.321374,-0.466202,0.292044
0.791775,-0.201186,0.452916;-0.767337,-0.322963,-0.468425,0.295748
0.790447,-0.214088,0.453714;-0.76388,-0.324541,-0.470632,0.299442
0.789092,-0.227231,0.454512;-0.760398,-0.326109,-0.472823,0.303126
0.787711,-0.240617,0.455311;-0.756891,-0.327665,-0.474999,0.306801
0.786302,-0.254246,0.45611;-0.753359,-0.329211,-0.47716,0.310465
0.784867,-0.268122,0.456909;-0.749802,-0.330747,-0.479304,0.314119
0.783404,-0.282245,0.457708;-0.74622,-0.332271,-0.481433,0.317763
0.781913,-0.29662,0.458507;-0.742614,-0.333784,-0.483546,0.321396
0.780394,-0.311246,0.459305;-0.738983,-0.335286,-0.485643,0.325019
0.778847,-0.326127,0.460103;-0.735328,-0.336778,-0.487724,0.328631
0.7778,-0.336189,0.460635;-0.732878,-0.337766,-0.489102,0.331033
0.77674,-0.346366,0.461167;-0.730417,-0.338749,-0.490474,0.33343
0.775667,-0.356659,0.461698;-0.727945,-0.339727,-0.491838,0.335822
0.774582,-0.367067,0.462229;-0.725463,-0.3407,-0.493195,0.33821
0.773483,-0.377591,0.462759;-0.72297,-0.341668,-0.494544,0.340592
0.772371,-0.388232,0.46329;-0.720467,-0.342631,-0.495887,0.34297
0.771246,-0.398991,0.463819;-0.717953,-0.343589,-0.497222,0.345342
