0.750443,-0.633359,0.403696;-0.00560515,0.855182,-0.457112,-0.244296
0.756335,-0.640276,0.407932;0.061966,0.856828,-0.441003,-0.259851
0.762759,-0.642472,0.414925;0.153535,0.852073,-0.41545,-0.278925
0.767109,-0.637723,0.42242;0.235728,0.840747,-0.388753,-0.294019
0.769516,-0.630183,0.428734;0.296683,0.82781,-0.366536,-0.303911
0.770943,-0.621793,0.4342;0.344886,0.814675,-0.347419,-0.310899
0.771839,-0.612804,0.439267;0.386479,0.801154,-0.329758,-0.316301
0.772356,-0.603895,0.443824;0.421702,0.788022,-0.313906,-0.320392
0.772638,-0.594523,0.448286;0.454419,0.774359,-0.298401,-0.323772
0.772726,-0.58488,0.452622;0.484689,0.760382,-0.283343,-0.326516
0.772659,-0.575135,0.456805;0.512584,0.746292,-0.268823,-0.328696
0.772469,-0.565436,0.460811;0.53818,0.732273,-0.254918,-0.330385
0.772187,-0.555916,0.464619;0.561562,0.718497,-0.2417,-0.331648
0.771808,-0.545964,0.46849;0.584432,0.704065,-0.22826,-0.332609
0.771373,-0.536356,0.472137;0.60519,0.690088,-0.215594,-0.33323
0.770861,-0.526409,0.475831;0.625472,0.675568,-0.202758,-0.333588
0.770324,-0.516941,0.479281;0.643758,0.661693,-0.190768,-0.333685
0.769728,-0.507213,0.482766;0.661612,0.647374,-0.178649,-0.333559
0.769076,-0.497236,0.486285;0.679022,0.632621,-0.166411,-0.333209
0.76837,-0.487023,0.489833;0.695976,0.617443,-0.154061,-0.332636
0.767678,-0.477465,0.49311;0.711108,0.603166,-0.14265,-0.331914
0.766946,-0.467731,0.496409;0.725839,0.588549,-0.131158,-0.331005
0.766176,-0.457828,0.499727;0.740162,0.573601,-0.119592,-0.32991
0.765369,-0.447769,0.503063;0.754067,0.558329,-0.107958,-0.328629
0.764528,-0.437561,0.506415;0.767547,0.542743,-0.0962641,-0.327163
0.763656,-0.427216,0.50978;0.780594,0.526851,-0.0845156,-0.325512
0.762837,-0.417701,0.51285;0.792074,0.512146,-0.0737938,-0.323852
0.761996,-0.408087,0.515928;0.803185,0.497202,-0.0630375,-0.322041
0.761133,-0.398382,0.519014;0.813922,0.482026,-0.0522519,-0.320081
0.76025,-0.388594,0.522104;0.82428,0.466626,-0.0414419,-0.317971
0.75935,-0.37873,0.525199;0.834253,0.451009,-0.0306126,-0.315713
0.758433,-0.368797,0.528297;0.843839,0.435182,-0.0197691,-0.313308
0.757501,-0.358803,0.531395;0.853031,0.419152,-0.0089164,-0.310757
0.756557,-0.348756,0.534493;0.861826,0.402927,0.00194048,-0.308062
0.7556,-0.338662,0.53759;0.87022,0.386514,0.0127965,-0.305223
0.754635,-0.328529,0.540683;0.878208,0.369921,0.0236465,-0.302242
0.75366,-0.318365,0.543772;0.885787,0.353156,0.0344855,-0.29912
0.75268,-0.308177,0.546855;0.892954,0.336226,0.0453084,-0.295858
0.751694,-0.297973,0.54993;0.899705,0.31914,0.0561102,-0.292459
0.750705,-0.287759,0.552996;0.906037,0.301905,0.066886,-0.288924
0.749715,-0.277544,0.556052;0.911947,0.284529,0.0776305,-0.285254
0.748724,-0.267334,0.559097;0.917432,0.267021,0.0883389,-0.281452
0.747735,-0.257137,0.562127;0.922489,0.249389,0.0990062,-0.277518
0.746749,-0.246961,0.565144;0.927118,0.23164,0.109627,-0.273455
0.745768,-0.236813,0.568144;0.931314,0.213784,0.120197,-0.269264
0.744793,-0.226701,0.571126;0.935077,0.195828,0.130711,-0.264949
0.743827,-0.216631,0.57409;0.938404,0.177781,0.141165,-0.260509
0.74282,-0.206085,0.577187;0.940818,0.163477,0.142431,-0.260479
0.741782,-0.195148,0.580393;0.942902,0.150225,0.140269,-0.262091
0.740757,-0.18428,0.583574;0.94481,0.136945,0.138082,-0.263655
0.739747,-0.173482,0.586729;0.94654,0.123639,0.135868,-0.265169
0.738752,-0.162759,0.589857;0.948094,0.110311,0.133629,-0.266633
0.737772,-0.152113,0.592959;0.94947,0.0969612,0.131365,-0.268047
0.736809,-0.141547,0.596034;0.950668,0.0835936,0.129076,-0.269411
0.735863,-0.131065,0.599082;0.951688,0.0702103,0.126763,-0.270725
0.734934,-0.12067,0.602103;0.95253,0.0568139,0.124426,-0.271988
0.734025,-0.110363,0.605096;0.953193,0.0434069,0.122066,-0.2732
0.733134,-0.100149,0.608061;0.953678,0.0299917,0.119684,-0.274361
0.732264,-0.0900307,0.610998;0.953985,0.016571,0.117279,-0.275471
0.731414,-0.0800108,0.613906;0.954113,0.00314709,0.114851,-0.276529
0.730586,-0.0700924,0.616785;0.954062,-0.0102774,0.112403,-0.277535
0.72978,-0.0602787,0.619635;0.953833,-0.0236999,0.109933,-0.278489
0.728996,-0.0505725,0.622456;0.953425,-0.037118,0.107443,-0.279391
0.728237,-0.0409769,0.625247;0.952838,-0.0505292,0.104932,-0.280241
0.727399,-0.03015,0.628401;0.95195,-0.0658445,0.102039,-0.281148
0.726593,-0.0194761,0.631514;0.950828,-0.0811437,0.0991214,-0.281986
0.725822,-0.00895965,0.634588;0.949474,-0.096423,0.0961792,-0.282755
0.725086,0.00139471,0.637621;0.947888,-0.111679,0.0932135,-0.283456
0.724385,0.0115825,0.640613;0.94607,-0.126907,0.0902249,-0.284086
0.723723,0.0215992,0.643564;0.944021,-0.142105,0.0872143,-0.284648
0.723098,0.0314402,0.646473;0.941741,-0.157267,0.0841824,-0.285139
0.722513,0.0411011,0.64934;0.93923,-0.172392,0.0811299,-0.285561
0.721903,0.0517486,0.652514;0.936132,-0.189356,0.0776721,-0.285953
0.721346,0.0621559,0.655634;0.932743,-0.206261,0.0741903,-0.286255
0.720843,0.0723166,0.658698;0.929066,-0.223103,0.0706855,-0.28647
0.720396,0.0822242,0.661707;0.925101,-0.239876,0.0671589,-0.286595
0.720006,0.0918722,0.664659;0.92085,-0.256574,0.0636115,-0.286632
0.719642,0.10228,0.667872;0.915793,-0.275035,0.0596469,-0.286569
0.719353,0.112351,0.671014;0.910385,-0.29339,0.0556595,-0.286396
0.719141,0.122075,0.674084;0.90463,-0.311633,0.0516508,-0.286114
0.718999,0.132362,0.677377;0.8979,-0.331563,0.0472185,-0.285677
0.718956,0.142208,0.68058;0.890755,-0.35134,0.0427644,-0.285109
0.719025,0.152432,0.683971;0.882491,-0.372729,0.0378829,-0.284338
0.719217,0.162102,0.687253;0.873741,-0.393912,0.0329805,-0.283411
0.719571,0.171934,0.690683;0.86372,-0.416616,0.0276492,-0.282231
0.720124,0.181752,0.69423;0.852304,-0.440766,0.021888,-0.280756
0.720923,0.191359,0.697858;0.839365,-0.466273,0.0156972,-0.278943
0.722094,0.201069,0.701751;0.823829,-0.494696,0.00866487,-0.276597
0.72375,0.210388,0.705822;0.80539,-0.525815,0.000794271,-0.273615
0.726144,0.219079,0.710159;0.782653,-0.560938,-0.0083197,-0.269691
0.73009,0.226911,0.715217;0.773491,-0.579966,-0.0202716,-0.254833
0.737123,0.23093,0.720967;0.832124,-0.515325,-0.0368635,-0.201621
0.745589,0.227199,0.724849;0.880893,-0.446671,-0.0527278,-0.147418
0.752591,0.219865,0.726401;0.910552,-0.394102,-0.0638754,-0.10723
0.758396,0.211674,0.726794;0.929933,-0.352455,-0.0721711,-0.0760966
0.76359,0.203017,0.726546;0.944048,-0.316344,-0.0790142,-0.0495622
0.768521,0.19379,0.72583;0.955034,-0.282894,-0.0850809,-0.0253414
0.773117,0.184391,0.724765;0.963401,-0.252337,-0.0904058,-0.00350107
0.777321,0.175173,0.723471;0.969617,-0.224854,-0.0950248,0.015918
0.781356,0.1658,0.721948;0.974396,-0.198844,-0.0992522,0.0341066
0.7852,0.156417,0.720247;0.977934,-0.17438,-0.103104,0.0510508
0.788833,0.14716,0.718419;0.98042,-0.15152,-0.106597,0.0667433
0.792523,0.137383,0.716346;0.982135,-0.128541,-0.110005,0.0823832
0.795977,0.127898,0.714207;0.983031,-0.10724,-0.113075,0.0967628
0.799473,0.117975,0.711848;0.983268,-0.0858663,-0.116069,0.111077
0.802713,0.108497,0.709488;0.982906,-0.0662229,-0.118745,0.124134
0.805985,0.0986552,0.706933;0.98199,-0.0465423,-0.121354,0.137121
0.808984,0.0893942,0.70444;0.980677,-0.0286277,-0.123666,0.14886
0.812006,0.0798359,0.701781;0.978907,-0.0106998,-0.125921,0.160529
0.815049,0.0699818,0.698952;0.976682,0.00723308,-0.128117,0.172124
0.818111,0.0598336,0.695951;0.974001,0.0251626,-0.130254,0.183639
0.820882,0.05045,0.6931;0.9712,0.0412894,-0.132125,0.19393
0.823666,0.0408306,0.690105;0.968033,0.0574006,-0.133946,0.204147
0.826462,0.0309764,0.686964;0.964501,0.0734901,-0.135717,0.214287
0.829268,0.0208887,0.683675;0.960604,0.0895519,-0.137436,0.224346
0.832084,0.0105686,0.680235;0.956345,0.10558,-0.139104,0.234321
0.834594,0.00120091,0.677048;0.952257,0.119794,-0.140542,0.243113
0.83711,-0.00834869,0.67374;0.947885,0.133972,-0.141939,0.251833
0.83963,-0.0180794,0.670308;0.94323,0.14811,-0.143293,0.260478
0.842155,-0.0279905,0.66675;0.938293,0.162204,-0.144604,0.269045
0.844682,-0.0380812,0.663066;0.933077,0.17625,-0.145872,0.277532
0.847212,-0.0483505,0.659253;0.927583,0.190243,-0.147097,0.285936
0.849427,-0.0574822,0.65581;0.922549,0.202441,-0.148133,0.293219
0.851643,-0.0667496,0.652267;0.917304,0.214592,-0.149135,0.300436
0.853858,-0.0761521,0.648622;0.91185,0.226695,-0.150102,0.307585
0.856073,-0.0856892,0.644874;0.906188,0.238745,-0.151036,0.314663
0.85848,-0.0962082,0.640684;0.90644,0.247582,-0.151764,0.306656
0.86084,-0.10668,0.636455;0.907744,0.255434,-0.152404,0.295849
0.86286,-0.115762,0.632745;0.908732,0.262127,-0.152931,0.286544
0.864877,-0.124934,0.628959;0.909599,0.268786,-0.153438,0.2772
0.866889,-0.134189,0.625102;0.910346,0.275409,-0.153924,0.26782
0.868897,-0.143521,0.621177;0.910972,0.281996,-0.15439,0.258404
0.870898,-0.152922,0.617187;0.911477,0.288545,-0.154836,0.248954
0.872893,-0.162386,0.613137;0.911861,0.295055,-0.155261,0.239471
0.874881,-0.171906,0.609029;0.912124,0.301527,-0.155665,0.229957
0.876861,-0.181475,0.604868;0.912266,0.307959,-0.156049,0.220411
0.878831,-0.191086,0.600656;0.912287,0.31435,-0.156412,0.210837
0.880792,-0.200732,0.596399;0.912187,0.320699,-0.156754,0.201234
0.882743,-0.210406,0.592099;0.911966,0.327005,-0.157075,0.191605
0.884682,-0.220101,0.58776;0.911624,0.333269,-0.157376,0.18195
0.88661,-0.229811,0.583386;0.911161,0.339488,-0.157656,0.172272
0.888525,-0.239528,0.578979;0.910578,0.345662,-0.157915,0.16257
0.890426,-0.249246,0.574545;0.909873,0.35179,-0.158152,0.152847
0.892312,-0.258958,0.570087;0.909048,0.357871,-0.158369,0.143103
0.894184,-0.268656,0.565607;0.908102,0.363905,-0.158565,0.133341
0.89604,-0.278335,0.56111;0.907036,0.369891,-0.15874,0.123561
0.897879,-0.287986,0.5566;0.90585,0.375828,-0.158894,0.113764
0.899701,-0.297604,0.55208;0.904543,0.381715,-0.159027,0.103953
0.901505,-0.307181,0.547553;0.903117,0.387551,-0.159138,0.0941273
0.903289,-0.31671,0.543024;0.90157,0.393336,-0.159229,0.0842895
0.905054,-0.326185,0.538496;0.899904,0.399068,-0.159298,0.0744404
0.906799,-0.335598,0.533972;0.898119,0.404748,-0.159346,0.0645815
0.908522,-0.344943,0.529457;0.896214,0.410374,-0.159373,0.054714
0.910223,-0.354212,0.524953;0.894191,0.415945,-0.159379,0.0448392
0.911901,-0.363399,0.520465;0.892049,0.421462,-0.159364,0.0349585
0.913556,-0.372498,0.515996;0.889788,0.426922,-0.159328,0.0250732
0.915186,-0.3815,0.51155;0.88741,0.432326,-0.159271,0.0151845
0.916791,-0.3904,0.507131;0.884914,0.437673,-0.159192,0.00529385
0.918631,-0.400643,0.502012;0.881853,0.443837,-0.159074,-0.00624607
0.920434,-0.410727,0.496941;0.878634,0.449921,-0.158927,-0.0177849
0.922199,-0.420638,0.491922;0.875256,0.455924,-0.158751,-0.0293204
0.923926,-0.430368,0.486961;0.871719,0.461844,-0.158546,-0.0408507
0.925612,-0.439905,0.482064;0.868026,0.467681,-0.158313,-0.0523736
0.927257,-0.449237,0.477237;0.864175,0.473434,-0.158052,-0.0638871
0.928859,-0.458354,0.472485;0.860169,0.479101,-0.157762,-0.075389
0.930417,-0.467246,0.467814;0.856007,0.484682,-0.157443,-0.0868773
0.932143,-0.477116,0.462584;0.851061,0.490952,-0.157044,-0.0999875
0.933807,-0.486661,0.457475;0.845915,0.497107,-0.156608,-0.113074
0.93541,-0.495863,0.452497;0.84057,0.503145,-0.156135,-0.126134
0.936947,-0.504707,0.447659;0.835026,0.509064,-0.155625,-0.139164
0.938598,-0.514207,0.442394;0.828554,0.515579,-0.155008,-0.153784
0.940162,-0.52321,0.437328;0.821834,0.521941,-0.154344,-0.168357
0.941795,-0.5326,0.431948;0.814081,0.528826,-0.153553,-0.184491
0.943314,-0.541315,0.426848;0.806027,0.535517,-0.152705,-0.200557
0.94485,-0.550084,0.421578;0.796825,0.542649,-0.151707,-0.218144
0.946358,-0.558624,0.416264;0.786382,0.550153,-0.150542,-0.237219
0.947889,-0.567162,0.410674;0.773671,0.558538,-0.149081,-0.259312
0.949403,-0.575347,0.404832;0.757486,0.568178,-0.147163,-0.285887
0.950949,-0.582894,0.398085;0.731179,0.581748,-0.143927,-0.325933
0.951059,-0.578272,0.393566;0.674352,0.604129,-0.136546,-0.402035
0.949889,-0.568101,0.395477;0.649043,0.611673,-0.133122,-0.432293
0.948627,-0.557908,0.398232;0.652118,0.618847,-0.117149,-0.421956
0.947404,-0.548313,0.401145;0.656003,0.62436,-0.103617,-0.411215
0.946101,-0.538271,0.40438;0.659366,0.629226,-0.0911815,-0.401245
0.944771,-0.528149,0.407768;0.662258,0.633491,-0.0798535,-0.39208
0.943461,-0.51826,0.411162;0.664725,0.637201,-0.069642,-0.383751
0.942207,-0.508873,0.414443;0.666811,0.640395,-0.0605537,-0.376286
0.940873,-0.498943,0.417961;0.668794,0.643491,-0.0514561,-0.368763
0.939461,-0.488488,0.421706;0.670675,0.646489,-0.0423507,-0.361184
0.938163,-0.478924,0.425161;0.672237,0.649031,-0.0343781,-0.354506
0.936809,-0.468983,0.428776;0.67372,0.651496,-0.0264015,-0.347788
0.935399,-0.458679,0.432543;0.675125,0.653886,-0.0184218,-0.341028
0.933936,-0.448023,0.436455;0.67645,0.656199,-0.0104399,-0.334229
0.93264,-0.43862,0.43992;0.677523,0.658121,-0.00359731,-0.32837
0.931308,-0.428974,0.443482;0.678538,0.659986,0.00324561,-0.322482
0.929939,-0.419095,0.447138;0.679494,0.661794,0.0100882,-0.316567
0.928535,-0.408989,0.450883;0.680392,0.663545,0.01693,-0.310625
0.927097,-0.398665,0.454713;0.681231,0.665239,0.0237703,-0.304656
0.925625,-0.38813,0.458623;0.682012,0.666877,0.0306086,-0.29866
0.924121,-0.377391,0.46261;0.682735,0.668456,0.0374442,-0.292639
0.922586,-0.366457,0.466669;0.683398,0.669978,0.0442767,-0.286593
0.921021,-0.355336,0.470796;0.684003,0.671443,0.0511053,-0.280522
0.919694,-0.34593,0.474284;0.684462,0.672619,0.0567925,-0.275445
0.918347,-0.336403,0.477813;0.68488,0.673756,0.0624762,-0.270351
0.916981,-0.32676,0.481382;0.685257,0.674852,0.0681563,-0.265241
0.915596,-0.317005,0.484987;0.685593,0.675907,0.0738323,-0.260115
0.914193,-0.307143,0.488627;0.685889,0.676923,0.0795039,-0.254974
0.912772,-0.297177,0.492298;0.686143,0.677897,0.0851707,-0.249817
0.911335,-0.287114,0.495998;0.686357,0.678832,0.0908324,-0.244646
0.909881,-0.276956,0.499726;0.686529,0.679726,0.0964888,-0.239459
0.908411,-0.266709,0.503477;0.68666,0.680579,0.102139,-0.234259
0.906926,-0.256376,0.507251;0.686751,0.681392,0.107784,-0.229045
0.905426,-0.245963,0.511044;0.6868,0.682163,0.113422,-0.223816
0.903912,-0.235473,0.514853;0.686809,0.682895,0.119053,-0.218575
0.902385,-0.224912,0.518677;0.686776,0.683585,0.124677,-0.21332
0.900844,-0.214283,0.522513;0.686702,0.684235,0.130294,-0.208053
0.899291,-0.203591,0.526359;0.686588,0.684843,0.135903,-0.202773
0.897726,-0.192841,0.530211;0.686432,0.685411,0.141504,-0.197482
0.89615,-0.182037,0.534068;0.686236,0.685938,0.147096,-0.192178
0.894563,-0.171183,0.537927;0.685998,0.686424,0.152679,-0.186863
0.892965,-0.160284,0.541786;0.685719,0.686869,0.158254,-0.181537
0.891358,-0.149344,0.545641;0.6854,0.687273,0.163819,-0.176199
0.889742,-0.138368,0.549491;0.685039,0.687636,0.169374,-0.170852
0.888118,-0.12736,0.553334;0.684638,0.687958,0.174919,-0.165494
0.886485,-0.116324,0.557166;0.684196,0.688238,0.180454,-0.160126
0.884845,-0.105266,0.560985;0.683713,0.688478,0.185978,-0.154749
0.883199,-0.0941885,0.564788;0.683189,0.688677,0.19149,-0.149363
0.881546,-0.0830974,0.568574;0.682624,0.688834,0.196992,-0.143967
0.879887,-0.0719965,0.57234;0.682019,0.68895,0.202481,-0.138563
0.878223,-0.0608905,0.576083;0.681372,0.689025,0.207959,-0.133151
0.876555,-0.0497837,0.579801;0.680685,0.689059,0.213424,-0.127731
0.874883,-0.0386805,0.583491;0.679958,0.689052,0.218876,-0.122303
0.873207,-0.0275854,0.587151;0.67919,0.689004,0.224315,-0.116867
0.871528,-0.0165029,0.590778;0.678381,0.688914,0.229741,-0.111425
0.869847,-0.00543739,0.59437;0.677532,0.688784,0.235153,-0.105976
0.868165,0.00560672,0.597925;0.676642,0.688612,0.240551,-0.100521
0.866481,0.016625,0.601439;0.675712,0.688399,0.245935,-0.0950602
0.864797,0.0276129,0.604911;0.674741,0.688145,0.251304,-0.0895933
0.863112,0.0385661,0.608338;0.67373,0.68785,0.256658,-0.0841212
0.861428,0.0494801,0.611717;0.672679,0.687514,0.261997,-0.078644
0.859745,0.0603504,0.615047;0.671588,0.687136,0.26732,-0.0731621
0.858064,0.0711727,0.618323;0.670457,0.686718,0.272627,-0.0676758
0.856385,0.0819425,0.621545;0.669286,0.686259,0.277918,-0.0621855
0.854709,0.0926553,0.62471;0.668074,0.685759,0.283192,-0.0566915
0.853037,0.103307,0.627815;0.666823,0.685218,0.288449,-0.0511941
0.851368,0.113892,0.630857;0.665532,0.684635,0.293689,-0.0456936
0.849703,0.124408,0.633834;0.664201,0.684012,0.298912,-0.0401904
0.848044,0.134848,0.636744;0.662831,0.683349,0.304117,-0.0346848
0.84639,0.14521,0.639585;0.661421,0.682644,0.309303,-0.0291772
0.844743,0.155487,0.642353;0.659971,0.681898,0.314471,-0.0236678
0.843102,0.165677,0.645046;0.658483,0.681112,0.31962,-0.0181569
0.841469,0.175774,0.647662;0.656954,0.680285,0.324751,-0.012645
0.839843,0.185775,0.650199;0.655387,0.679418,0.329861,-0.00713237
0.838226,0.195674,0.652653;0.65378,0.67851,0.334952,-0.00161928
0.836618,0.205467,0.655022;0.652135,0.677561,0.340023,0.0038939
0.83502,0.21515,0.657305;0.65045,0.676572,0.345074,0.00940685
0.833115,0.226617,0.659925;0.648377,0.675332,0.351108,0.0160216
0.831226,0.237912,0.662412;0.646249,0.674034,0.357111,0.022635
0.829353,0.249027,0.664762;0.644064,0.672678,0.363084,0.0292465
0.827498,0.259953,0.66697;0.641825,0.671264,0.369026,0.0358554
0.825662,0.270683,0.669031;0.63953,0.669792,0.374936,0.0424612
0.823844,0.28121,0.670942;0.637181,0.668263,0.380813,0.0490634
0.822048,0.291526,0.672699;0.634776,0.666676,0.386658,0.0556614
0.820273,0.301622,0.674296;0.632317,0.665032,0.39247,0.0622546
0.81852,0.311492,0.67573;0.629804,0.66333,0.398248,0.0688424
0.816505,0.322711,0.677191;0.626803,0.661273,0.404945,0.0765207
