0.895989,-0.268156,0.445352;0.798892,-0.246816,0.495983,-0.234208
0.897499,-0.258377,0.442497;0.80237,-0.254004,0.490145,-0.226809
0.899008,-0.248596,0.43965;0.805724,-0.261154,0.484232,-0.219376
0.900515,-0.238818,0.436812;0.808956,-0.268264,0.478246,-0.211909
0.902022,-0.229044,0.433984;0.812065,-0.275332,0.472186,-0.20441
0.903526,-0.219278,0.431167;0.815049,-0.282359,0.466054,-0.19688
0.905029,-0.209522,0.428362;0.817909,-0.289343,0.459851,-0.189319
0.906529,-0.199779,0.425569;0.820645,-0.296282,0.453578,-0.18173
0.908026,-0.190052,0.42279;0.823255,-0.303177,0.447236,-0.174113
0.90952,-0.180345,0.420026;0.825739,-0.310025,0.440826,-0.16647
0.91101,-0.170658,0.417277;0.828098,-0.316826,0.434348,-0.158801
0.912497,-0.160996,0.414544;0.83033,-0.323578,0.427804,-0.151108
0.913979,-0.151362,0.41183;0.832435,-0.330281,0.421195,-0.143392
0.915457,-0.141757,0.409133;0.834414,-0.336934,0.414521,-0.135653
0.91693,-0.132186,0.406456;0.836265,-0.343535,0.407784,-0.127895
0.918398,-0.12265,0.403799;0.837988,-0.350084,0.400985,-0.120116
0.920104,-0.111574,0.400727;0.839837,-0.357656,0.392976,-0.111019
0.921802,-0.100554,0.397685;0.841512,-0.365155,0.384885,-0.101898
0.923491,-0.0895962,0.394675;0.843012,-0.372577,0.376714,-0.092756
0.92517,-0.0787041,0.391698;0.844337,-0.379923,0.368465,-0.0835947
0.926841,-0.0678823,0.388757;0.845486,-0.387189,0.360139,-0.0744162
0.9285,-0.0571354,0.385852;0.84646,-0.394375,0.351738,-0.0652221
0.93015,-0.0464678,0.382985;0.847258,-0.401479,0.343265,-0.0560146
0.931788,-0.0358839,0.380158;0.84788,-0.408499,0.33472,-0.0467954
0.933414,-0.0253883,0.377372;0.848326,-0.415435,0.326106,-0.0375664
0.935027,-0.0149855,0.374628;0.848596,-0.422285,0.317423,-0.0283297
0.936628,-0.0046798,0.371928;0.84869,-0.429046,0.308675,-0.0190871
0.938215,0.00552418,0.369274;0.848607,-0.435719,0.299863,-0.0098405
0.939788,0.015622,0.366668;0.848348,-0.442301,0.290989,-0.000591878
0.941347,0.0256092,0.36411;0.847913,-0.448792,0.282054,0.00865687
0.942891,0.0354813,0.361602;0.847302,-0.455189,0.273061,0.0179038
0.944419,0.0452338,0.359145;0.846515,-0.461491,0.26401,0.027147
0.945931,0.0548622,0.356742;0.845552,-0.467698,0.254905,0.0363846
0.947638,0.0657085,0.354063;0.844236,-0.474672,0.244435,0.0469325
0.949323,0.0763803,0.351457;0.842692,-0.481518,0.233898,0.0574677
0.950984,0.0868707,0.348927;0.840919,-0.488233,0.223298,0.0679872
0.952621,0.0971733,0.346476;0.838917,-0.494816,0.212637,0.0784883
0.954233,0.107281,0.344105;0.836689,-0.501264,0.201919,0.0889682
0.95582,0.117188,0.341816;0.834233,-0.507576,0.191146,0.0994239
0.957379,0.126887,0.339613;0.831551,-0.513751,0.180321,0.109853
0.959101,0.137541,0.337239;0.828264,-0.520531,0.168084,0.121549
0.960787,0.147914,0.334978;0.824693,-0.527132,0.15579,0.133204
0.962436,0.157996,0.332834;0.820838,-0.533552,0.143442,0.144813
0.964046,0.167778,0.33081;0.816702,-0.539789,0.131045,0.156372
0.96579,0.178284,0.328706;0.811778,-0.546502,0.117218,0.169153
0.967483,0.188394,0.326759;0.806509,-0.552983,0.103342,0.181862
0.969124,0.198095,0.324972;0.800899,-0.559229,0.0894214,0.194494
0.970868,0.208279,0.323198;0.794335,-0.565827,0.0740653,0.208293
0.972695,0.218787,0.321499;0.78671,-0.572693,0.0572703,0.223226
0.97444,0.228645,0.320052;0.778606,-0.579209,0.0404402,0.238021
0.976234,0.238565,0.318778;0.76929,-0.58587,0.0221802,0.253886
0.978177,0.248992,0.317701;0.757856,-0.593034,0.00109199,0.271965
0.980092,0.258864,0.317032;0.744863,-0.600051,-0.0214027,0.290962
0.982147,0.268838,0.316904;0.728387,-0.607538,-0.0480831,0.31311
0.984388,0.278592,0.317824;0.705984,-0.615666,-0.0816743,0.340398
0.987072,0.287122,0.321887;0.667013,-0.625455,-0.13442,0.381878
0.988779,0.285397,0.331124;0.615606,-0.632096,-0.195794,0.427958
0.988988,0.278486,0.338468;0.584736,-0.633444,-0.229198,0.451997
0.988794,0.27073,0.344785;0.561545,-0.633376,-0.252878,0.468567
0.988404,0.262425,0.350728;0.541629,-0.632655,-0.272347,0.481885
0.987894,0.253837,0.356391;0.523949,-0.631542,-0.289011,0.493055
0.987275,0.244699,0.362074;0.519399,-0.640797,-0.285724,0.487817
0.986591,0.235425,0.367598;0.516246,-0.650063,-0.281023,0.481596
0.985899,0.226599,0.372691;0.51342,-0.658088,-0.276874,0.47609
0.985122,0.21714,0.378012;0.510532,-0.666033,-0.272692,0.470527
0.984262,0.207073,0.383552;0.507584,-0.673899,-0.268477,0.464907
0.983458,0.197982,0.388466;0.505008,-0.680577,-0.264839,0.460046
0.982595,0.188482,0.393526;0.502388,-0.687195,-0.261177,0.455145
0.981673,0.17859,0.398724;0.499723,-0.693752,-0.257492,0.450203
0.980692,0.168323,0.404053;0.497014,-0.700248,-0.253785,0.445222
0.979654,0.157699,0.409507;0.494262,-0.706683,-0.250055,0.440201
0.978746,0.148584,0.414142;0.491935,-0.711997,-0.24693,0.435988
0.9778,0.139243,0.418855;0.489578,-0.717268,-0.24379,0.431748
0.976814,0.129685,0.423641;0.487191,-0.722495,-0.240635,0.427481
0.975792,0.119921,0.428497;0.484774,-0.727678,-0.237465,0.423189
0.974731,0.10996,0.433418;0.482328,-0.732816,-0.234281,0.41887
0.973634,0.0998113,0.438401;0.479852,-0.73791,-0.231082,0.414526
0.972501,0.089486,0.443441;0.477347,-0.742958,-0.22787,0.410156
0.971332,0.0789936,0.448534;0.474812,-0.747961,-0.224643,0.405762
0.970127,0.068344,0.453677;0.472249,-0.752919,-0.221403,0.401342
0.968888,0.0575471,0.458866;0.469656,-0.75783,-0.218149,0.396898
0.967614,0.0466127,0.464096;0.467035,-0.762695,-0.214881,0.39243
0.966306,0.0355508,0.469363;0.464385,-0.767513,-0.211601,0.387938
0.964965,0.0243714,0.474663;0.461707,-0.772284,-0.208308,0.383422
0.963868,0.0153498,0.478925;0.459544,-0.776067,-0.205664,0.379792
0.96275,0.00626435,0.483203;0.457363,-0.779819,-0.203012,0.376148
0.961612,-0.00287987,0.487496;0.455165,-0.783541,-0.200352,0.372488
0.960453,-0.0120778,0.491801;0.452948,-0.787233,-0.197684,0.368814
0.959274,-0.0213244,0.496117;0.450714,-0.790893,-0.195009,0.365126
0.958075,-0.0306145,0.500441;0.448462,-0.794523,-0.192326,0.361423
0.956857,-0.0399431,0.504772;0.446192,-0.798121,-0.189635,0.357707
0.955619,-0.0493052,0.509107;0.443905,-0.801688,-0.186937,0.353976
0.954362,-0.0586956,0.513444;0.441601,-0.805224,-0.184231,0.350231
0.953086,-0.0681093,0.517781;0.439279,-0.808728,-0.181519,0.346473
0.951792,-0.0775412,0.522117;0.43694,-0.812201,-0.178799,0.342701
0.950479,-0.0869862,0.526448;0.434584,-0.815642,-0.176072,0.338915
0.949148,-0.0964393,0.530774;0.432211,-0.819051,-0.173339,0.335117
0.947799,-0.105895,0.535091;0.429821,-0.822427,-0.170598,0.331305
0.946433,-0.115349,0.539398;0.427414,-0.825772,-0.167851,0.32748
0.945049,-0.124796,0.543693;0.424991,-0.829084,-0.165098,0.323643
0.943648,-0.134231,0.547974;0.422551,-0.832364,-0.162338,0.319793
0.942229,-0.143648,0.552238;0.420094,-0.835611,-0.159571,0.31593
0.940795,-0.153043,0.556484;0.417621,-0.838826,-0.156798,0.312055
0.939343,-0.162411,0.56071;0.415132,-0.842007,-0.154019,0.308168
0.937876,-0.171746,0.564913;0.412626,-0.845156,-0.151235,0.304268
0.936393,-0.181043,0.569091;0.410104,-0.848272,-0.148444,0.300357
0.934894,-0.190298,0.573243;0.407566,-0.851354,-0.145647,0.296434
0.933379,-0.199505,0.577366;0.405012,-0.854403,-0.142845,0.292499
0.93185,-0.20866,0.581458;0.402442,-0.857419,-0.140037,0.288553
0.930305,-0.217756,0.585518;0.399857,-0.860401,-0.137224,0.284596
0.928746,-0.22679,0.589542;0.397256,-0.863349,-0.134405,0.280627
0.926776,-0.237985,0.594521;0.393982,-0.866987,-0.130874,0.275651
0.924785,-0.249065,0.599438;0.390685,-0.870572,-0.127335,0.270658
0.922771,-0.260018,0.604288;0.387364,-0.874103,-0.123788,0.265648
0.920737,-0.270836,0.60907;0.384019,-0.877581,-0.120234,0.260623
0.918682,-0.281507,0.613777;0.38065,-0.881006,-0.116673,0.255581
0.916607,-0.292023,0.618406;0.377258,-0.884376,-0.113104,0.250524
0.914512,-0.302373,0.622953;0.373843,-0.887693,-0.109528,0.245451
0.912398,-0.312547,0.627415;0.370406,-0.890955,-0.105946,0.240363
0.910265,-0.322536,0.631786;0.366945,-0.894162,-0.102357,0.235261
0.908114,-0.33233,0.636064;0.363462,-0.897315,-0.0987621,0.230144
0.905945,-0.341918,0.640243;0.359957,-0.900413,-0.095161,0.225013
0.903758,-0.351291,0.644321;0.35643,-0.903456,-0.091554,0.219868
0.901555,-0.360439,0.648292;0.352881,-0.906444,-0.0879415,0.21471
0.89889,-0.371105,0.652912;0.348594,-0.909956,-0.0835994,0.208503
0.896202,-0.381416,0.657366;0.344276,-0.913388,-0.0792499,0.202278
0.893492,-0.391354,0.661648;0.339928,-0.916739,-0.0748934,0.196035
0.890761,-0.400903,0.66575;0.33555,-0.92001,-0.0705303,0.189774
0.88801,-0.410044,0.669666;0.331142,-0.923199,-0.066161,0.183497
0.884776,-0.420172,0.67399;0.325963,-0.926817,-0.0610562,0.176153
0.881517,-0.429696,0.678039;0.320745,-0.930325,-0.055944,0.168788
0.878234,-0.438588,0.681804;0.315488,-0.93372,-0.0508251,0.161403
0.874455,-0.447942,0.685742;0.309434,-0.937464,-0.0449676,0.152939
0.870171,-0.457386,0.689689;0.302565,-0.9415,-0.0383695,0.143389
0.865373,-0.466473,0.693448;0.294863,-0.945765,-0.0310293,0.132744
0.860056,-0.474665,0.696782;0.286308,-0.95019,-0.0229465,0.120997
0.853234,-0.482198,0.699746;0.275297,-0.955414,-0.0126497,0.105995
0.84439,-0.486795,0.701321;0.260946,-0.961458,0.000597161,0.0866338
0.83439,-0.484604,0.699875;0.250219,-0.965562,0.00995993,0.0705773
0.82701,-0.477845,0.696569;0.262444,-0.961666,-0.00297766,0.0794578
0.821333,-0.46985,0.69281;0.271775,-0.958399,-0.0129291,0.086267
0.816232,-0.460713,0.688582;0.280117,-0.95526,-0.0218828,0.0923774
0.811713,-0.451137,0.68419;0.287485,-0.952312,-0.029838,0.0977936
0.807774,-0.441698,0.679887;0.293896,-0.949611,-0.0367951,0.10252
0.804411,-0.432861,0.675873;0.299363,-0.947206,-0.0427549,0.106562
0.801065,-0.423369,0.671575;0.304803,-0.944717,-0.0487109,0.110595
0.797736,-0.413255,0.667006;0.310217,-0.942146,-0.0546627,0.114617
0.794977,-0.404373,0.663001;0.314709,-0.939941,-0.0596188,0.117962
0.792234,-0.3951,0.658826;0.31918,-0.937678,-0.0645714,0.1213
0.789507,-0.385454,0.654489;0.323633,-0.935359,-0.06952,0.12463
0.786798,-0.375453,0.649998;0.328066,-0.932982,-0.0744644,0.127952
0.784108,-0.365117,0.645361;0.332479,-0.930549,-0.0794042,0.131267
0.781439,-0.354464,0.640587;0.336871,-0.92806,-0.0843392,0.134574
0.778792,-0.343513,0.635683;0.341244,-0.925513,-0.0892692,0.137872
0.776691,-0.334549,0.631671;0.344726,-0.923436,-0.0932092,0.140505
0.774606,-0.325416,0.627587;0.348196,-0.921323,-0.0971456,0.143133
0.772537,-0.316123,0.623432;0.351652,-0.919173,-0.101078,0.145755
0.770485,-0.30668,0.619213;0.355094,-0.916989,-0.105007,0.148371
0.76845,-0.297096,0.614932;0.358522,-0.914768,-0.108932,0.150981
0.766434,-0.28738,0.610594;0.361937,-0.912512,-0.112852,0.153586
0.764437,-0.277543,0.606204;0.365337,-0.91022,-0.116768,0.156184
0.762459,-0.267593,0.601765;0.368723,-0.907893,-0.120679,0.158777
0.760502,-0.257541,0.597281;0.372095,-0.90553,-0.124586,0.161363
0.758565,-0.247395,0.592757;0.375453,-0.903133,-0.128488,0.163943
0.75665,-0.237166,0.588197;0.378795,-0.9007,-0.132385,0.166517
0.754758,-0.226862,0.583605;0.382123,-0.898232,-0.136277,0.169084
0.752889,-0.216495,0.578985;0.385436,-0.895729,-0.140163,0.171644
0.751043,-0.206072,0.574342;0.388735,-0.893192,-0.144044,0.174198
0.749222,-0.195603,0.569679;0.392018,-0.890619,-0.147919,0.176745
0.747426,-0.185099,0.565;0.395285,-0.888012,-0.151789,0.179286
0.745655,-0.174569,0.560311;0.398538,-0.885371,-0.155653,0.181819
0.743912,-0.164021,0.555614;0.401775,-0.882695,-0.159511,0.184345
0.742195,-0.153466,0.550914;0.404996,-0.879985,-0.163362,0.186864
0.740506,-0.142914,0.546216;0.408201,-0.87724,-0.167207,0.189376
0.738845,-0.132373,0.541523;0.411391,-0.874461,-0.171046,0.19188
0.737214,-0.121854,0.53684;0.414565,-0.871649,-0.174878,0.194377
0.735612,-0.111365,0.53217;0.417722,-0.868802,-0.178703,0.196866
0.734041,-0.100917,0.527519;0.420863,-0.865922,-0.182521,0.199348
0.732501,-0.0905186,0.522889;0.423988,-0.863008,-0.186332,0.201822
0.730993,-0.0801799,0.518286;0.427097,-0.86006,-0.190136,0.204288
0.729517,-0.0699102,0.513713;0.430189,-0.857079,-0.193932,0.206746
0.728075,-0.059719,0.509175;0.433264,-0.854064,-0.197721,0.209197
0.726666,-0.0496159,0.504675;0.436322,-0.851017,-0.201503,0.211639
0.725292,-0.0396105,0.500218;0.439363,-0.847936,-0.205276,0.214072
0.723954,-0.0297123,0.495809;0.442387,-0.844822,-0.209041,0.216498
0.722651,-0.0199308,0.49145;0.445394,-0.841675,-0.212799,0.218915
0.721385,-0.0102756,0.487147;0.448383,-0.838496,-0.216548,0.221323
0.720156,-0.000756247,0.482903;0.451356,-0.835284,-0.220288,0.223723
0.718965,0.00861779,0.478724;0.45431,-0.832039,-0.22402,0.226114
0.717813,0.0178369,0.474611;0.457247,-0.828763,-0.227744,0.228497
0.716428,0.0291285,0.469573;0.460893,-0.824621,-0.232385,0.231462
0.715106,0.0401445,0.464655;0.464511,-0.82043,-0.237013,0.234413
0.713847,0.0508663,0.459866;0.468101,-0.816188,-0.241626,0.23735
0.712655,0.0612753,0.455214;0.471663,-0.811897,-0.246224,0.240273
0.711529,0.0713527,0.450707;0.475195,-0.807557,-0.250808,0.243181
0.710471,0.0810801,0.446353;0.478699,-0.803167,-0.255376,0.246075
0.709483,0.0904387,0.44216;0.482174,-0.798729,-0.259928,0.248953
0.70839,0.101156,0.437353;0.486305,-0.793339,-0.265371,0.252387
0.707401,0.111283,0.432804;0.490393,-0.78788,-0.27079,0.255799
0.706519,0.120789,0.428527;0.494439,-0.782351,-0.276185,0.259189
0.705627,0.131048,0.4239;0.499104,-0.775815,-0.282449,0.263114
0.704887,0.140367,0.419684;0.503709,-0.769186,-0.28868,0.267009
0.704232,0.149797,0.415398;0.508899,-0.761498,-0.295758,0.271421
0.703706,0.159644,0.410889;0.515275,-0.751722,-0.304541,0.276876
0.703526,0.168993,0.406536;0.523377,-0.73874,-0.315848,0.283867
0.706043,0.172339,0.404346;0.54411,-0.702295,-0.345632,0.302101
0.708523,0.162982,0.408122;0.535671,-0.704652,-0.347097,0.309912
0.710525,0.153733,0.411971;0.519682,-0.71725,-0.341084,0.314873
0.712363,0.144644,0.415796;0.506712,-0.727083,-0.336157,0.318735
0.71414,0.13556,0.419646;0.495236,-0.735506,-0.331762,0.322034
0.716069,0.125503,0.423931;0.483646,-0.743757,-0.327289,0.325259
0.717842,0.116168,0.427927;0.473621,-0.750692,-0.323395,0.327962
0.719722,0.106225,0.432198;0.463516,-0.757499,-0.319446,0.33061
0.721708,0.0957251,0.436725;0.453331,-0.764176,-0.315442,0.3332
0.723441,0.0865851,0.440678;0.444785,-0.76964,-0.312064,0.335316
0.725245,0.0771211,0.444783;0.436185,-0.775013,-0.308649,0.337392
0.727117,0.067362,0.449028;0.427534,-0.780294,-0.305197,0.339427
0.729056,0.0573365,0.453401;0.418832,-0.785482,-0.301709,0.341423
0.731062,0.0470735,0.45789;0.41008,-0.790577,-0.298185,0.343378
0.733133,0.0366017,0.462485;0.401279,-0.795578,-0.294626,0.345292
0.735267,0.0259498,0.467172;0.392431,-0.800484,-0.291032,0.347165
0.737463,0.0151467,0.471941;0.383537,-0.805295,-0.287403,0.348996
0.73972,0.00422108,0.476779;0.374596,-0.810011,-0.28374,0.350787
0.742037,-0.00679825,0.481675;0.365611,-0.814631,-0.280043,0.352535
0.744412,-0.0178825,0.486617;0.356583,-0.819153,-0.276314,0.354242
0.746844,-0.029003,0.491594;0.347512,-0.823579,-0.272551,0.355907
0.749331,-0.0401308,0.496592;0.3384,-0.827906,-0.268756,0.357529
0.751872,-0.0512372,0.501602;0.329248,-0.832135,-0.264929,0.359109
0.754467,-0.0622936,0.506611;0.320057,-0.836266,-0.26107,0.360646
0.757113,-0.0732709,0.511607;0.310828,-0.840297,-0.257181,0.362141
0.759809,-0.0841406,0.516579;0.301562,-0.844228,-0.253261,0.363592
0.762554,-0.0948739,0.521514;0.29226,-0.848059,-0.24931,0.365
0.765347,-0.105442,0.526402;0.282923,-0.851789,-0.245331,0.366365
0.768186,-0.115816,0.53123;0.273552,-0.855418,-0.241322,0.367686
0.77107,-0.125967,0.535986;0.26415,-0.858945,-0.237284,0.368964
0.773998,-0.135867,0.54066;0.254715,-0.86237,-0.233218,0.370198
0.776967,-0.145486,0.545238;0.245251,-0.865693,-0.229125,0.371388
0.779978,-0.154796,0.54971;0.235757,-0.868913,-0.225004,0.372533
0.783029,-0.163768,0.554064;0.226236,-0.87203,-0.220857,0.373635
0.786118,-0.172374,0.558287;0.216687,-0.875043,-0.216683,0.374692
0.789873,-0.182176,0.563167;0.205195,-0.878522,-0.211641,0.375902
0.79368,-0.19136,0.567822;0.193668,-0.88185,-0.206562,0.377047
0.797535,-0.199874,0.572233;0.182108,-0.885028,-0.201448,0.378128
0.802091,-0.208896,0.577042;0.168582,-0.888544,-0.195439,0.379307
0.806707,-0.21686,0.581458;0.155016,-0.891853,-0.189384,0.380398
0.81205,-0.224567,0.585981;0.139469,-0.89538,-0.18241,0.381537
0.818142,-0.231317,0.590347;0.121927,-0.899022,-0.174497,0.382679
0.825693,-0.23657,0.594545;0.100425,-0.903004,-0.164736,0.383875
0.835449,-0.23803,0.597892;0.0729764,-0.907321,-0.152177,0.385077
0.844631,-0.233634,0.598789;0.0474271,-0.910574,-0.140387,0.385873
0.85176,-0.226157,0.597898;0.0277467,-0.912578,-0.131241,0.386274
0.857496,-0.21744,0.596125;0.0119925,-0.913869,-0.123879,0.386463
0.862534,-0.207718,0.593759;-0.00179559,-0.914771,-0.117406,0.386532
0.866864,-0.197765,0.591101;-0.0136137,-0.915374,-0.111836,0.386519
0.870479,-0.188291,0.588425;-0.0234605,-0.915758,-0.10718,0.386458
0.874099,-0.177714,0.585319;-0.0333045,-0.916032,-0.102511,0.386351
0.876997,-0.168439,0.582517;-0.0411769,-0.916174,-0.0987674,0.386232
0.879896,-0.158424,0.579425;-0.0490462,-0.916245,-0.0950159,0.386084
0.882796,-0.147656,0.576037;-0.0569117,-0.916247,-0.0912573,0.385907
0.885696,-0.136118,0.572349;-0.0647729,-0.916179,-0.0874916,0.3857
0.888595,-0.123798,0.568353;-0.0726292,-0.916042,-0.0837194,0.385464
0.890768,-0.114034,0.565151;-0.0785178,-0.915893,-0.080886,0.385268
0.89294,-0.103816,0.56177;-0.0844031,-0.915706,-0.0780491,0.385056
0.895111,-0.0931358,0.558208;-0.0902847,-0.915479,-0.0752089,0.384826
0.897281,-0.0819883,0.554462;-0.0961625,-0.915212,-0.0723655,0.384581
0.899448,-0.0703669,0.55053;-0.102036,-0.914907,-0.069519,0.384319
0.901613,-0.0582654,0.546409;-0.107906,-0.914563,-0.0666695,0.38404
0.903776,-0.0456778,0.542096;-0.11377,-0.914179,-0.0638172,0.383745
0.905936,-0.0325977,0.537589;-0.11963,-0.913756,-0.0609622,0.383434
0.908093,-0.0190189,0.532886;-0.125485,-0.913295,-0.0581045,0.383106
0.910246,-0.00493517,0.527984;-0.131334,-0.912794,-0.0552443,0.382762
0.91168,0.00473752,0.524604;-0.135231,-0.912438,-0.0533363,0.382524
0.913112,0.0146392,0.521134;-0.139125,-0.912065,-0.0514272,0.382278
0.914542,0.0247717,0.517573;-0.143016,-0.911675,-0.0495171,0.382025
0.91597,0.0351369,0.513919;-0.146904,-0.911268,-0.0476061,0.381764
0.917396,0.0457367,0.510174;-0.15079,-0.910843,-0.0456941,0.381497
0.918821,0.0565728,0.506334;-0.154673,-0.910401,-0.0437814,0.381222
0.920243,0.0676471,0.502401;-0.158553,-0.909941,-0.0418677,0.38094
0.921663,0.0789614,0.498373;-0.16243,-0.909464,-0.0399533,0.380651
0.92308,0.0905177,0.494249;-0.166304,-0.90897,-0.0380381,0.380354
0.924496,0.102318,0.490029;-0.170174,-0.908459,-0.0361222,0.38005
0.925908,0.114363,0.485712;-0.174042,-0.90793,-0.0342056,0.379739
0.927319,0.126656,0.481297;-0.177906,-0.907384,-0.0322884,0.379421
0.928726,0.139198,0.476784;-0.181767,-0.906821,-0.0303706,0.379096
0.930131,0.151992,0.472171;-0.185624,-0.906241,-0.0284521,0.378763
0.931533,0.165038,0.467458;-0.189478,-0.905643,-0.0265332,0.378423
0.932932,0.178339,0.462644;-0.193328,-0.905029,-0.0246137,0.378076
0.934329,0.191897,0.457728;-0.197174,-0.904397,-0.0226937,0.377722
0.935722,0.205713,0.45271;-0.201017,-0.903747,-0.0207734,0.377361
0.937112,0.219789,0.447589;-0.204856,-0.903081,-0.0188526,0.376992
0.938498,0.234128,0.442364;-0.208691,-0.902398,-0.0169315,0.376617
0.939882,0.24873,0.437035;-0.212522,-0.901697,-0.01501,0.376234
0.941262,0.263598,0.4316;-0.216349,-0.900979,-0.0130883,0.375844
0.942638,0.278735,0.426059;-0.220172,-0.900244,-0.0111663,0.375446
