0.761794,0.48751,0.573804;0.928358,-0.362356,0.0796841,-0.0223564
0.767007,0.477656,0.57384;0.93002,-0.357872,0.0806264,-0.0221503
0.772162,0.467876,0.573869;0.931659,-0.353379,0.0815669,-0.0219436
0.777259,0.458171,0.57389;0.933276,-0.348878,0.0825054,-0.0217365
0.7823,0.448539,0.573905;0.934871,-0.344369,0.0834419,-0.0215288
0.787283,0.43898,0.573913;0.936444,-0.339852,0.0843764,-0.0213206
0.79221,0.429494,0.573913;0.937994,-0.335327,0.085309,-0.0211119
0.79708,0.420081,0.573907;0.939522,-0.330793,0.0862395,-0.0209027
0.801894,0.410741,0.573894;0.941028,-0.326252,0.0871679,-0.020693
0.806653,0.401473,0.573874;0.942511,-0.321703,0.0880943,-0.0204829
0.811355,0.392276,0.573847;0.943972,-0.317146,0.0890186,-0.0202722
0.816003,0.383152,0.573813;0.94541,-0.312582,0.0899408,-0.020061
0.820595,0.374098,0.573773;0.946826,-0.308011,0.0908608,-0.0198494
0.825132,0.365115,0.573726;0.94822,-0.303432,0.0917787,-0.0196373
0.831098,0.353249,0.573653;0.950042,-0.297315,0.0929991,-0.0193538
0.836966,0.341506,0.573568;0.951825,-0.291186,0.0942156,-0.0190694
0.842739,0.329889,0.573472;0.953567,-0.285045,0.095428,-0.0187842
0.848417,0.318394,0.573365;0.955269,-0.278891,0.0966365,-0.0184983
0.854001,0.307023,0.573246;0.956931,-0.272726,0.0978409,-0.0182115
0.85949,0.295773,0.573116;0.958552,-0.266549,0.0990411,-0.017924
0.864886,0.284645,0.572975;0.960132,-0.260361,0.100237,-0.0176358
0.87019,0.273637,0.572823;0.961672,-0.254162,0.101429,-0.0173468
0.875401,0.26275,0.57266;0.963171,-0.247952,0.102616,-0.017057
0.880521,0.251982,0.572486;0.96463,-0.241732,0.1038,-0.0167666
0.88555,0.241332,0.572302;0.966047,-0.235501,0.104978,-0.0164754
0.890489,0.2308,0.572107;0.967424,-0.229261,0.106153,-0.0161835
0.895339,0.220385,0.571901;0.96876,-0.223011,0.107323,-0.0158909
0.900099,0.210086,0.571686;0.970055,-0.216751,0.108488,-0.0155977
0.904771,0.199904,0.57146;0.971308,-0.210482,0.109649,-0.0153038
0.909356,0.189836,0.571223;0.972521,-0.204205,0.110805,-0.0150093
0.913853,0.179882,0.570977;0.973693,-0.197918,0.111956,-0.0147141
0.918264,0.170042,0.570721;0.974823,-0.191623,0.113103,-0.0144183
0.922589,0.160315,0.570456;0.975912,-0.185321,0.114245,-0.0141219
0.926829,0.1507,0.57018;0.97696,-0.17901,0.115382,-0.0138249
0.930984,0.141197,0.569895;0.977967,-0.172692,0.116514,-0.0135273
0.935055,0.131804,0.569601;0.978932,-0.166366,0.117641,-0.0132292
0.939042,0.122521,0.569297;0.979856,-0.160034,0.118763,-0.0129305
0.943911,0.111071,0.568904;0.980952,-0.152108,0.120159,-0.0125563
0.948651,0.0997907,0.568497;0.981984,-0.144173,0.121547,-0.0121813
0.953264,0.0886783,0.568076;0.98295,-0.136228,0.122927,-0.0118055
0.957752,0.0777325,0.567641;0.983852,-0.128274,0.124298,-0.0114289
0.962115,0.066952,0.567193;0.984689,-0.120312,0.125662,-0.0110516
0.966354,0.0563353,0.566731;0.98546,-0.112342,0.127017,-0.0106735
0.970472,0.0458812,0.566256;0.986167,-0.104364,0.128364,-0.0102947
0.974469,0.0355881,0.565768;0.986808,-0.0963797,0.129702,-0.00991528
0.978346,0.0254548,0.565268;0.987384,-0.0883888,0.131031,-0.00953517
0.982105,0.0154798,0.564755;0.987895,-0.080392,0.132352,-0.00915443
0.985746,0.00566179,0.564229;0.98834,-0.0723899,0.133665,-0.00877309
0.989271,-0.00400067,0.563692;0.98872,-0.064383,0.134968,-0.00839116
0.992682,-0.013509,0.563142;0.989035,-0.0563719,0.136263,-0.00800868
0.996624,-0.0247173,0.562468;0.989327,-0.0467537,0.137804,-0.00754901
1.00041,-0.035708,0.561777;0.989524,-0.037131,0.139332,-0.00708862
1.00403,-0.0464835,0.56107;0.989627,-0.0275048,0.140848,-0.00662756
1.00749,-0.0570461,0.560347;0.989636,-0.0178759,0.142349,-0.00616587
1.0108,-0.0673983,0.559609;0.989551,-0.00824539,0.143838,-0.00570358
1.01396,-0.0775424,0.558856;0.989371,0.00138593,0.145312,-0.00524076
1.01696,-0.0874808,0.558088;0.989097,0.0110171,0.146773,-0.00477743
1.01982,-0.0972159,0.557306;0.98873,0.0206473,0.148219,-0.00431366
1.02296,-0.10832,0.556376;0.988181,0.0318799,0.149889,-0.00377207
1.02591,-0.119154,0.555428;0.987505,0.0431084,0.15154,-0.00322999
1.02867,-0.129723,0.554463;0.986701,0.0543313,0.153171,-0.00268749
1.03123,-0.140029,0.55348;0.98577,0.0655471,0.154782,-0.00214464
1.03361,-0.150077,0.552481;0.98471,0.0767545,0.156373,-0.00160152
1.03581,-0.159871,0.551466;0.983523,0.0879519,0.157943,-0.00105819
1.0381,-0.170757,0.550287;0.98201,0.100735,0.159714,-0.000437074
1.04016,-0.181321,0.549089;0.980331,0.113501,0.161457,0.000184113
1.04199,-0.19157,0.547872;0.978486,0.126248,0.163172,0.00080527
1.0436,-0.201508,0.546639;0.976476,0.138973,0.16486,0.00142629
1.04516,-0.212324,0.545231;0.974017,0.153261,0.166726,0.00212464
1.04645,-0.222763,0.543804;0.971349,0.167516,0.168556,0.00282254
1.04749,-0.232832,0.542358;0.968473,0.181735,0.17035,0.00351984
1.04834,-0.243597,0.540731;0.965035,0.197488,0.172301,0.00429372
1.04889,-0.253926,0.539085;0.961341,0.21319,0.174206,0.00506646
1.04916,-0.263832,0.537422;0.957393,0.228834,0.176064,0.00583787
1.04912,-0.274252,0.535573;0.952758,0.245973,0.178055,0.00668463
1.04875,-0.284186,0.533707;0.947819,0.263034,0.179989,0.00752925
1.048,-0.294488,0.531654;0.942084,0.281549,0.182034,0.00844789
1.04688,-0.30425,0.529587;0.935991,0.299957,0.184008,0.00936332
1.04529,-0.314237,0.527334;0.928988,0.31977,0.186069,0.010351
1.04315,-0.324337,0.524897;0.920982,0.340947,0.188195,0.0114095
1.0406,-0.333785,0.522452;0.912499,0.361947,0.190223,0.012462
1.03743,-0.343221,0.51983;0.902885,0.384239,0.192287,0.0135826
1.0336,-0.352543,0.517037;0.892039,0.407765,0.194362,0.0147689
1.02907,-0.361656,0.514081;0.879853,0.432459,0.196423,0.0160185
1.02403,-0.370098,0.51111;0.873682,0.449059,0.187153,-0.000589458
1.01831,-0.378148,0.50803;0.866834,0.465788,0.1769,-0.0186276
1.01215,-0.385456,0.504981;0.85933,0.482164,0.166514,-0.0366516
1.00506,-0.392561,0.501738;0.850521,0.499391,0.155187,-0.0560307
0.997524,-0.39894,0.498542;0.840965,0.51618,0.143724,-0.0753606
0.989573,-0.404663,0.495399;0.830671,0.532515,0.132135,-0.0946243
0.98124,-0.409801,0.492314;0.819647,0.548383,0.12043,-0.113805
0.972557,-0.414423,0.489293;0.807903,0.563769,0.108619,-0.132885
0.963556,-0.418599,0.486342;0.79545,0.57866,0.0967128,-0.151849
0.954269,-0.422399,0.483466;0.782298,0.593043,0.0847216,-0.17068
0.944728,-0.425893,0.48067;0.76846,0.606905,0.072656,-0.189361
0.934966,-0.429152,0.477961;0.753946,0.620234,0.0605266,-0.207875
0.925013,-0.432245,0.475344;0.73877,0.633018,0.048344,-0.226207
0.915629,-0.435029,0.473;0.724097,0.644392,0.0369934,-0.243052
0.906134,-0.437787,0.470745;0.708876,0.655277,0.0256148,-0.259713
0.896554,-0.440574,0.468584;0.693118,0.665667,0.0142167,-0.276177
0.886915,-0.443447,0.466519;0.676835,0.675552,0.0028079,-0.292432
0.877242,-0.446461,0.464557;0.660039,0.684926,-0.00860304,-0.308465
0.867561,-0.449672,0.462701;0.642744,0.693781,-0.0200075,-0.324265
0.857897,-0.453137,0.460956;0.624962,0.702111,-0.0313967,-0.33982
0.848276,-0.456912,0.459326;0.606707,0.709909,-0.0427622,-0.355117
0.838723,-0.461051,0.457816;0.587992,0.717169,-0.0540953,-0.370145
0.829265,-0.465613,0.45643;0.568832,0.723887,-0.0653875,-0.384893
0.819927,-0.470652,0.455173;0.549241,0.730056,-0.0766301,-0.39935
0.810734,-0.476224,0.454049;0.529235,0.735673,-0.0878147,-0.413504
0.802399,-0.48189,0.453134;0.510411,0.740363,-0.0980802,-0.426291
0.79423,-0.488102,0.452339;0.491258,0.744575,-0.108282,-0.438804
0.786222,-0.494928,0.451667;0.471393,0.74916,-0.118648,-0.449968
0.778971,-0.501808,0.451157;0.448928,0.762192,-0.130419,-0.447792
0.771913,-0.509132,0.450753;0.426095,0.774601,-0.142084,-0.445251
0.76506,-0.516802,0.450451;0.402913,0.786377,-0.153633,-0.442345
0.758426,-0.524721,0.450246;0.379403,0.79751,-0.165055,-0.439077
0.752026,-0.532794,0.450134;0.355582,0.80799,-0.176343,-0.43545
0.745872,-0.540922,0.450111;0.33147,0.81781,-0.187487,-0.431467
0.739979,-0.54901,0.450173;0.307087,0.82696,-0.198477,-0.427132
0.733904,-0.557614,0.450331;0.280389,0.83611,-0.2102,-0.42204
0.728168,-0.565934,0.450577;0.253422,0.844457,-0.221721,-0.416544
0.722389,-0.574435,0.450936;0.22411,0.85254,-0.233889,-0.410178
0.71668,-0.582845,0.45142;0.192427,0.860147,-0.246638,-0.402851
0.710846,-0.591269,0.452083;0.156226,0.867439,-0.260705,-0.393925
0.7049,-0.599316,0.453002;0.113312,0.874194,-0.276704,-0.382597
0.698159,-0.606528,0.454564;0.0506558,0.880458,-0.298778,-0.364636
0.692284,-0.602931,0.457732;-0.0577699,0.88138,-0.33343,-0.329632
0.692248,-0.592865,0.459321;-0.107463,0.8776,-0.347808,-0.311927
0.693288,-0.582218,0.460452;-0.141851,0.873415,-0.357197,-0.299055
0.694663,-0.57211,0.461307;-0.167509,0.869443,-0.363899,-0.289115
0.696209,-0.56222,0.462021;-0.188788,0.865589,-0.369257,-0.28065
0.69792,-0.552128,0.462662;-0.207847,0.8617,-0.373899,-0.272896
0.699698,-0.542177,0.463229;-0.224708,0.857911,-0.377882,-0.265897
0.701724,-0.531273,0.463792;-0.241487,0.853809,-0.381727,-0.258802
0.703703,-0.520928,0.464281;-0.256098,0.849966,-0.384977,-0.252517
0.705876,-0.509812,0.464765;-0.270637,0.845886,-0.388121,-0.246161
0.707896,-0.499656,0.465175;-0.283039,0.842201,-0.390729,-0.240658
0.710063,-0.488908,0.465581;-0.295384,0.838344,-0.393258,-0.235107
0.712379,-0.477555,0.465981;-0.307668,0.834316,-0.395706,-0.229507
0.714424,-0.467623,0.466311;-0.317856,0.830829,-0.397685,-0.224805
0.716574,-0.457257,0.466636;-0.328,0.827224,-0.399606,-0.220071
0.71883,-0.446448,0.466957;-0.338097,0.823501,-0.401472,-0.215305
0.721194,-0.43519,0.467272;-0.348146,0.819662,-0.40328,-0.210509
0.723429,-0.424599,0.467554;-0.349848,0.821947,-0.39986,-0.205237
0.725765,-0.413573,0.467833;-0.344179,0.829923,-0.391367,-0.198999
0.72788,-0.403628,0.468073;-0.339161,0.836761,-0.38387,-0.193507
0.730059,-0.393414,0.468311;-0.334089,0.843467,-0.376311,-0.187984
0.7323,-0.382941,0.468545;-0.328964,0.850039,-0.368694,-0.182432
0.734602,-0.372216,0.468776;-0.323787,0.856477,-0.361017,-0.17685
0.736962,-0.361249,0.469004;-0.318559,0.862779,-0.353284,-0.171241
0.73938,-0.350049,0.469229;-0.313281,0.868944,-0.345495,-0.165605
0.741495,-0.340269,0.46942;-0.308716,0.874119,-0.338775,-0.160753
0.74365,-0.330329,0.469609;-0.304117,0.879193,-0.332015,-0.155882
0.745842,-0.320235,0.469795;-0.299481,0.884164,-0.325217,-0.150993
0.748072,-0.309991,0.46998;-0.294811,0.889032,-0.318381,-0.146086
0.750336,-0.299605,0.470163;-0.290107,0.893797,-0.311508,-0.141163
0.752636,-0.28908,0.470344;-0.285368,0.898459,-0.304599,-0.136223
0.754969,-0.278423,0.470523;-0.280597,0.903015,-0.297654,-0.131267
0.757334,-0.267638,0.470701;-0.275793,0.907467,-0.290675,-0.126296
0.759729,-0.256732,0.470877;-0.270957,0.911813,-0.283662,-0.121311
0.762155,-0.24571,0.471051;-0.266089,0.916052,-0.276616,-0.116311
0.764609,-0.234577,0.471223;-0.26119,0.920186,-0.269537,-0.111298
0.767091,-0.223339,0.471394;-0.256262,0.924212,-0.262428,-0.106271
0.769599,-0.212001,0.471564;-0.251303,0.928131,-0.255288,-0.101233
0.772132,-0.200569,0.471732;-0.246315,0.931942,-0.248118,-0.0961822
0.774689,-0.189047,0.471898;-0.241298,0.935644,-0.240919,-0.0911206
0.777269,-0.177443,0.472064;-0.236253,0.939238,-0.233692,-0.0860484
0.77987,-0.16576,0.472227;-0.231181,0.942722,-0.226438,-0.0809662
0.782054,-0.155969,0.472363;-0.226934,0.945542,-0.220373,-0.0767238
0.784251,-0.146131,0.472498;-0.222668,0.948286,-0.214291,-0.0724752
0.786461,-0.136248,0.472631;-0.218384,0.950953,-0.20819,-0.0682208
0.788683,-0.126325,0.472764;-0.214083,0.953543,-0.202073,-0.0639608
0.790917,-0.116364,0.472896;-0.209764,0.956056,-0.19594,-0.0596957
0.793161,-0.106369,0.473028;-0.205429,0.958492,-0.189791,-0.0554258
0.795416,-0.0963421,0.473159;-0.201076,0.96085,-0.183626,-0.0511513
0.79768,-0.0862871,0.473289;-0.196708,0.963131,-0.177447,-0.0468728
0.799953,-0.076207,0.473418;-0.192324,0.965334,-0.171253,-0.0425905
0.802234,-0.0661051,0.473547;-0.187924,0.967459,-0.165046,-0.0383047
0.804522,-0.0559844,0.473675;-0.183509,0.969506,-0.158825,-0.0340158
0.806817,-0.0458481,0.473802;-0.179079,0.971475,-0.152591,-0.0297242
0.809119,-0.0356994,0.473929;-0.174635,0.973365,-0.146345,-0.0254302
0.811425,-0.0255414,0.474055;-0.170176,0.975176,-0.140088,-0.0211341
0.813737,-0.0153774,0.474181;-0.165704,0.976909,-0.133819,-0.0168363
0.816053,-0.00521043,0.474306;-0.161218,0.978563,-0.127539,-0.0125372
0.818371,0.00495632,0.474431;-0.15672,0.980138,-0.121248,-0.00823702
0.820693,0.0151197,0.474555;-0.152209,0.981633,-0.114948,-0.0039362
0.823017,0.0252765,0.474679;-0.147685,0.98305,-0.108639,0.000364933
0.825342,0.0354236,0.474803;-0.14315,0.984387,-0.102321,0.00466604
0.827668,0.0455578,0.474926;-0.138603,0.985644,-0.0959948,0.00896677
0.829994,0.055676,0.475049;-0.134044,0.986822,-0.0896607,0.0132668
0.832319,0.0657751,0.475171;-0.129475,0.98792,-0.0833193,0.0175657
0.834642,0.0758517,0.475294;-0.124896,0.988938,-0.0769713,0.0218632
0.836964,0.0859029,0.475416;-0.120306,0.989876,-0.070617,0.026159
0.839283,0.0959253,0.475538;-0.115707,0.990735,-0.064257,0.0304526
0.841599,0.105916,0.475659;-0.111098,0.991513,-0.0578918,0.0347438
0.843911,0.115872,0.475781;-0.106481,0.992212,-0.051522,0.0390322
0.846218,0.125789,0.475902;-0.101854,0.99283,-0.045148,0.0433174
0.848519,0.135665,0.476023;-0.0972198,0.993368,-0.0387703,0.0475991
0.850815,0.145497,0.476144;-0.0925775,0.993825,-0.0323895,0.051877
0.853104,0.155281,0.476265;-0.0879277,0.994203,-0.0260061,0.0561507
0.855841,0.166955,0.47641;-0.0823386,0.99455,-0.0183433,0.0612731
0.858566,0.17855,0.476555;-0.0767399,0.994781,-0.0106784,0.0663883
0.861277,0.19006,0.4767;-0.0711323,0.994897,-0.00301218,0.0714959
0.863975,0.201482,0.476846;-0.0655165,0.994897,0.00465437,0.0765951
0.866658,0.212808,0.476991;-0.059893,0.994781,0.0123204,0.0816855
0.869323,0.224034,0.477137;-0.0542625,0.994549,0.0199849,0.0867663
0.871972,0.235154,0.477282;-0.0486257,0.994202,0.0276472,0.091837
0.874601,0.246163,0.477428;-0.0429833,0.993739,0.0353062,0.0968971
0.87721,0.257054,0.477575;-0.0373358,0.99316,0.0429611,0.101946
0.879798,0.267824,0.477721;-0.0316841,0.992466,0.050611,0.106983
0.882364,0.278465,0.477868;-0.0260286,0.991657,0.0582551,0.112007
0.884907,0.288974,0.478016;-0.0203701,0.990732,0.0658923,0.117019
0.887424,0.299344,0.478164;-0.0147093,0.989692,0.0735219,0.122017
0.889916,0.309569,0.478313;-0.00904669,0.988537,0.081143,0.127
0.892381,0.319645,0.478462;-0.00338307,0.987267,0.0887546,0.131969
0.894817,0.329566,0.478612;0.00228094,0.985882,0.0963559,0.136923
0.897224,0.339327,0.478762;0.00794469,0.984382,0.103946,0.14186
0.899994,0.350504,0.478939;0.0145512,0.982488,0.112786,0.1476
0.902721,0.361446,0.479116;0.0211554,0.980438,0.121608,0.153316
0.905402,0.372145,0.479295;0.0277562,0.978233,0.13041,0.159008
0.908036,0.382592,0.479475;0.0343527,0.975873,0.139192,0.164675
0.910621,0.392779,0.479656;0.0409437,0.973358,0.147952,0.170316
0.913155,0.402696,0.479839;0.0475282,0.97069,0.156689,0.175929
0.915987,0.413689,0.480049;0.0550441,0.967452,0.166643,0.182311
0.918747,0.424306,0.480261;0.0625486,0.964014,0.176562,0.188655
0.921433,0.434534,0.480476;0.0700402,0.960377,0.186446,0.19496
0.924042,0.44436,0.480693;0.0775173,0.956541,0.19629,0.201224
0.926881,0.454918,0.480939;0.0859098,0.951989,0.207317,0.208222
0.929615,0.464932,0.481189;0.0942798,0.947188,0.218289,0.215166
0.932525,0.4754,0.48147;0.103551,0.941563,0.230414,0.222814
0.935296,0.485148,0.481755;0.112788,0.935634,0.242463,0.230391
0.938175,0.49501,0.482074;0.122907,0.928762,0.255628,0.238639
0.941107,0.504703,0.482429;0.133891,0.920852,0.269875,0.247531
0.94424,0.514547,0.482851;0.146627,0.911083,0.286337,0.257759
0.947608,0.524287,0.483378;0.161966,0.898445,0.306082,0.269958
0.951497,0.533674,0.48415;0.183361,0.879178,0.333466,0.286749
0.95627,0.533591,0.486128;0.232733,0.826934,0.395927,0.324434
0.956217,0.523275,0.48703;0.25282,0.802307,0.42102,0.339305
0.955442,0.512703,0.487659;0.265806,0.799608,0.420841,0.335956
0.954412,0.502298,0.488168;0.27582,0.805697,0.410824,0.325577
0.953167,0.491337,0.488639;0.28484,0.81099,0.401593,0.316043
0.951804,0.480303,0.489067;0.29289,0.815557,0.393188,0.307386
0.950405,0.469605,0.48945;0.299988,0.819457,0.38564,0.299631
0.949041,0.459583,0.489786;0.306154,0.822748,0.378978,0.2928
0.94755,0.448966,0.490123;0.312277,0.825923,0.372263,0.285928
0.945935,0.437777,0.49046;0.318356,0.828983,0.365496,0.279016
0.944455,0.427747,0.490748;0.323531,0.831513,0.359655,0.273061
0.942889,0.417326,0.491035;0.328674,0.833958,0.353776,0.267078
0.941239,0.406528,0.491321;0.333782,0.836317,0.347862,0.261067
0.939507,0.395366,0.491605;0.338856,0.83859,0.341912,0.255029
0.937695,0.383854,0.491887;0.343895,0.840777,0.335926,0.248965
0.935806,0.372005,0.492167;0.348899,0.842878,0.329906,0.242875
0.934174,0.361885,0.492397;0.353042,0.844562,0.324864,0.237782
0.932491,0.351548,0.492626;0.357159,0.846186,0.319798,0.232671
0.930758,0.341003,0.492852;0.361251,0.84775,0.314709,0.227544
0.928977,0.330257,0.493075;0.365317,0.849253,0.309598,0.2224
0.927148,0.319319,0.493295;0.369358,0.850695,0.304465,0.217241
0.925273,0.308197,0.493512;0.373371,0.852077,0.29931,0.212066
0.923353,0.296898,0.493726;0.377358,0.853398,0.294134,0.206876
0.92139,0.28543,0.493937;0.381318,0.854658,0.288937,0.201671
0.919384,0.273802,0.494143;0.385251,0.855857,0.283719,0.196452
0.917337,0.262021,0.494345;0.389157,0.856995,0.278481,0.191219
0.915251,0.250095,0.494543;0.393034,0.858072,0.273223,0.185972
0.913126,0.238031,0.494737;0.396884,0.859088,0.267946,0.180712
0.910963,0.225839,0.494926;0.400705,0.860042,0.262649,0.175439
0.908765,0.213526,0.495109;0.404498,0.860935,0.257334,0.170153
0.906981,0.203593,0.495253;0.407511,0.861605,0.253068,0.165916
0.905175,0.193592,0.495393;0.410506,0.862236,0.248791,0.161671
0.903349,0.183526,0.495529;0.413482,0.862827,0.244503,0.157419
0.901502,0.173401,0.495662;0.416439,0.863379,0.240203,0.153159
0.899636,0.163218,0.49579;0.419377,0.863891,0.235893,0.148893
0.89775,0.152984,0.495915;0.422296,0.864364,0.231571,0.14462
0.895846,0.142701,0.496036;0.425196,0.864798,0.22724,0.14034
0.893924,0.132375,0.496153;0.428076,0.865192,0.222897,0.136054
0.891985,0.122008,0.496266;0.430936,0.865547,0.218545,0.131762
0.89003,0.111605,0.496374;0.433777,0.865862,0.214182,0.127463
0.888058,0.10117,0.496478;0.436598,0.866137,0.20981,0.123159
0.886072,0.0907078,0.496577;0.4394,0.866373,0.205428,0.118849
0.884071,0.0802213,0.496671;0.442181,0.866569,0.201037,0.114534
0.882056,0.0697149,0.496761;0.444942,0.866726,0.196637,0.110213
0.880027,0.0591928,0.496845;0.447682,0.866843,0.192227,0.105888
0.877986,0.048659,0.496925;0.450403,0.866921,0.187809,0.101557
0.875933,0.0381175,0.496999;0.453102,0.866959,0.183382,0.0972224
0.873869,0.0275724,0.497068;0.455781,0.866957,0.178947,0.0928829
0.871794,0.0170278,0.497132;0.458439,0.866916,0.174504,0.0885392
0.869709,0.00648764,0.49719;0.461076,0.866835,0.170053,0.0841914
0.867614,-0.00404395,0.497243;0.463692,0.866714,0.165594,0.0798398
0.865511,-0.0145629,0.49729;0.466287,0.866554,0.161127,0.0754846
0.863399,-0.0250653,0.49733;0.468861,0.866355,0.156653,0.0711259
0.86128,-0.0355469,0.497365;0.471413,0.866115,0.152172,0.0667639
0.859154,-0.0460038,0.497394;0.473944,0.865837,0.147684,0.0623989
0.857022,-0.0564318,0.497417;0.476453,0.865518,0.143189,0.0580311
0.854884,-0.066827,0.497433;0.47894,0.865161,0.138688,0.0536606
0.852742,-0.0771853,0.497442;0.481405,0.864763,0.13418,0.0492876
0.850595,-0.0875026,0.497446;0.483849,0.864326,0.129666,0.0449124
0.848444,-0.0977749,0.497442;0.48627,0.86385,0.125147,0.0405352
0.84629,-0.107998,0.497432;0.488669,0.863334,0.120621,0.0361561
0.844134,-0.118168,0.497414;0.491046,0.862779,0.11609,0.0317753
0.841976,-0.128281,0.49739;0.4934,0.862184,0.111554,0.0273931
0.839817,-0.138333,0.497359;0.495732,0.86155,0.107013,0.0230097
0.837658,-0.148319,0.49732;0.498041,0.860877,0.102467,0.0186252
0.835499,-0.158236,0.497274;0.500327,0.860164,0.0979156,0.0142398
0.83334,-0.16808,0.49722;0.502591,0.859412,0.0933603,0.00985381
0.831183,-0.177846,0.497159;0.504831,0.858621,0.0888006,0.00546735
0.82849,-0.189939,0.497072;0.5076,0.857577,0.0830954,-1.60486e-05
0.825802,-0.201896,0.496972;0.510332,0.856471,0.0773842,-0.00549945
0.823119,-0.213711,0.49686;0.513027,0.855305,0.0716675,-0.0109825
0.820443,-0.225374,0.496735;0.515686,0.854077,0.0659457,-0.0164647
0.817775,-0.236878,0.496597;0.518309,0.852789,0.0602192,-0.0219457
0.815118,-0.248216,0.496445;0.520894,0.851439,0.0544883,-0.0274252
0.81247,-0.259378,0.496281;0.523442,0.850029,0.0487536,-0.0329027
0.809835,-0.270358,0.496102;0.525952,0.848558,0.0430154,-0.0383779
0.807214,-0.281147,0.49591;0.528426,0.847027,0.0372742,-0.0438503
0.804607,-0.291738,0.495704;0.530861,0.845435,0.0315303,-0.0493197
0.802015,-0.302122,0.495483;0.533258,0.843783,0.0257841,-0.0547854
0.799441,-0.312292,0.495248;0.535618,0.84207,0.0200361,-0.0602473
0.796885,-0.322239,0.494997;0.537939,0.840298,0.0142867,-0.0657049
0.794349,-0.331956,0.494732;0.540222,0.838465,0.00853621,-0.0711578
0.791333,-0.343302,0.494394;0.542911,0.836187,0.00163489,-0.0776945
0.788349,-0.354291,0.494033;0.545543,0.833823,-0.00526659,-0.0842232
0.785399,-0.36491,0.49365;0.54812,0.831374,-0.0121675,-0.0907433
0.782486,-0.375145,0.493243;0.55064,0.828839,-0.0190672,-0.0972541
0.779612,-0.384982,0.492813;0.553104,0.826218,-0.025965,-0.103755
0.77631,-0.395938,0.492281;0.555906,0.823054,-0.0340089,-0.111326
0.773067,-0.406312,0.491715;0.558631,0.819775,-0.0420481,-0.118881
0.769887,-0.416084,0.491116;0.561278,0.816381,-0.0500814,-0.126419
0.766333,-0.426484,0.490389;0.564206,0.812362,-0.0592536,-0.135013
0.762871,-0.436036,0.489616;0.567032,0.808195,-0.0684151,-0.143582
0.759091,-0.445727,0.488691;0.570086,0.80333,-0.0787066,-0.153191
0.755043,-0.455131,0.487591;0.573326,0.797707,-0.0901203,-0.163825
0.750409,-0.464434,0.486171;0.576997,0.79066,-0.103782,-0.176525
0.744988,-0.472864,0.484235;0.581252,0.781393,-0.120799,-0.192297
0.737545,-0.478428,0.480908;0.587051,0.766212,-0.146738,-0.216237
0.730537,-0.473125,0.4766;0.592539,0.747658,-0.17579,-0.242905
0.727239,-0.464053,0.473839;0.595185,0.736296,-0.192401,-0.258081
0.725191,-0.454448,0.471681;0.596883,0.727662,-0.204504,-0.269104
0.723759,-0.444665,0.46983;0.598118,0.720411,-0.214354,-0.278055
0.722677,-0.434474,0.468119;0.599101,0.713826,-0.223068,-0.285957
