0.790439,-0.177968,0.570679;0.492272,0.860667,0.0736204,-0.10724
0.788121,-0.169525,0.565115;0.493965,0.859275,0.0743316,-0.11009
0.785832,-0.161177,0.559618;0.49565,0.857872,0.0750418,-0.112939
0.783572,-0.152921,0.554188;0.497329,0.856457,0.075751,-0.115787
0.78134,-0.144758,0.548825;0.499002,0.855031,0.0764592,-0.118633
0.778044,-0.132688,0.540904;0.501498,0.85287,0.0775195,-0.122899
0.774812,-0.120824,0.533131;0.503979,0.850683,0.0785775,-0.127161
0.771643,-0.109165,0.525505;0.506444,0.84847,0.0796331,-0.131419
0.768535,-0.0977108,0.518024;0.508895,0.846232,0.0806863,-0.135673
0.76549,-0.0864586,0.510689;0.51133,0.843968,0.0817371,-0.139924
0.762505,-0.0754075,0.503496;0.513749,0.841679,0.0827854,-0.14417
0.759581,-0.0645561,0.496447;0.516153,0.839364,0.0838312,-0.148411
0.756718,-0.0539029,0.489539;0.518541,0.837024,0.0848745,-0.152648
0.753914,-0.0434464,0.482771;0.520914,0.834659,0.0859152,-0.156881
0.751169,-0.0331854,0.476142;0.523271,0.832268,0.0869533,-0.161109
0.748483,-0.0231183,0.469652;0.525612,0.829853,0.0879887,-0.165332
0.745856,-0.0132437,0.463298;0.527937,0.827412,0.0890216,-0.16955
0.743287,-0.00356023,0.457081;0.530247,0.824946,0.0900517,-0.173763
0.740775,0.00593354,0.450998;0.53254,0.822455,0.0910791,-0.17797
0.738319,0.015239,0.445049;0.534817,0.81994,0.0921037,-0.182172
0.735921,0.0243577,0.439233;0.537078,0.817399,0.0931256,-0.186369
0.733578,0.0332909,0.433548;0.539323,0.814834,0.0941447,-0.19056
0.731291,0.0420401,0.427994;0.541551,0.812244,0.0951609,-0.194745
0.729059,0.0506067,0.422569;0.543763,0.80963,0.0961742,-0.198925
0.726882,0.0589922,0.417273;0.545959,0.806991,0.0971846,-0.203098
0.724062,0.0698935,0.410408;0.548861,0.803435,0.0985273,-0.208653
0.721338,0.0804785,0.403767;0.551733,0.799836,0.0998646,-0.214197
0.718708,0.0907508,0.397347;0.554576,0.796193,0.101197,-0.219729
0.716171,0.100714,0.391145;0.557389,0.792508,0.102523,-0.22525
0.713725,0.11037,0.385159;0.560172,0.78878,0.103844,-0.230758
0.71137,0.119724,0.379386;0.562925,0.78501,0.10516,-0.236254
0.709105,0.128779,0.373824;0.565648,0.781198,0.10647,-0.241737
0.706928,0.137538,0.368469;0.56834,0.777344,0.107774,-0.247207
0.704838,0.146004,0.36332;0.571002,0.773448,0.109072,-0.252664
0.702347,0.15618,0.357168;0.574286,0.768519,0.110687,-0.259467
0.699988,0.165911,0.351328;0.577521,0.763526,0.112292,-0.266247
0.69776,0.175204,0.345795;0.580709,0.758469,0.113888,-0.273005
0.695659,0.184064,0.340563;0.583847,0.753348,0.115474,-0.27974
0.693305,0.194134,0.334675;0.587549,0.74712,0.117365,-0.287791
0.691128,0.203604,0.329206;0.591179,0.740801,0.119242,-0.295807
0.689125,0.212483,0.324147;0.594739,0.734393,0.121104,-0.303788
0.687002,0.222111,0.318749;0.5988,0.726805,0.123258,-0.313052
0.685105,0.23097,0.313883;0.602763,0.719097,0.125392,-0.322264
0.683205,0.240174,0.308955;0.60717,0.710143,0.127805,-0.332728
0.681399,0.24939,0.304193;0.611972,0.699887,0.130487,-0.344414
0.679789,0.258258,0.299839;0.617113,0.688269,0.133426,-0.357288
0.678292,0.267714,0.295587;0.623486,0.67282,0.137179,-0.373845
0.677265,0.277139,0.292175;0.631725,0.650802,0.142246,-0.396417
0.679276,0.284038,0.294552;0.648955,0.594048,0.153971,-0.44973
0.68319,0.278427,0.302389;0.657447,0.557286,0.160675,-0.48102
0.686509,0.271631,0.309366;0.661969,0.533434,0.164695,-0.500121
0.689665,0.264361,0.316129;0.665211,0.513401,0.167886,-0.515488
0.692634,0.257044,0.322564;0.667641,0.495961,0.170533,-0.52839
0.695543,0.24954,0.328918;0.669586,0.479763,0.172888,-0.539993
0.698324,0.242116,0.335026;0.671117,0.464869,0.174967,-0.55035
0.701215,0.234174,0.341407;0.672423,0.449818,0.176988,-0.560523
0.704096,0.226059,0.347793;0.68368,0.434456,0.177146,-0.558971
0.706963,0.217802,0.35417;0.694662,0.419392,0.177182,-0.556922
0.709599,0.210055,0.360056;0.704336,0.405709,0.177161,-0.55491
0.712282,0.202024,0.366067;0.71381,0.391909,0.17709,-0.55274
0.715006,0.193724,0.372192;0.72308,0.377998,0.176968,-0.550413
0.717765,0.185168,0.37842;0.732145,0.36398,0.176796,-0.547929
0.720553,0.176371,0.384737;0.741001,0.349858,0.176574,-0.545288
0.723051,0.16836,0.390418;0.748695,0.337221,0.176334,-0.542811
0.725563,0.160178,0.396153;0.756221,0.324508,0.176055,-0.540212
0.728085,0.151837,0.401933;0.763577,0.311722,0.175735,-0.53749
0.730613,0.143346,0.407749;0.770761,0.298866,0.175377,-0.534648
0.733142,0.134714,0.413593;0.777772,0.285943,0.174979,-0.531686
0.735669,0.125953,0.419458;0.784607,0.272955,0.174541,-0.528604
0.738189,0.117071,0.425333;0.791266,0.259906,0.174064,-0.525403
0.740699,0.108078,0.431212;0.797747,0.246798,0.173548,-0.522083
0.743194,0.0989845,0.437086;0.804048,0.233635,0.172993,-0.518647
0.745669,0.0898004,0.442946;0.810169,0.220419,0.172399,-0.515093
0.748121,0.0805354,0.448784;0.816106,0.207154,0.171766,-0.511423
0.750546,0.0711994,0.454591;0.821861,0.193842,0.171094,-0.507639
0.752939,0.0618024,0.46036;0.82743,0.180486,0.170384,-0.50374
0.755297,0.0523542,0.466082;0.832813,0.16709,0.169636,-0.499728
0.757614,0.0428646,0.471748;0.838008,0.153656,0.168849,-0.495603
0.759888,0.0333436,0.47735;0.843015,0.140188,0.168024,-0.491366
0.762113,0.0238011,0.48288;0.847832,0.126688,0.167162,-0.487019
0.764286,0.0142469,0.488329;0.852458,0.113159,0.166262,-0.482563
0.766402,0.00469089,0.493689;0.856893,0.0996054,0.165325,-0.477998
0.768458,-0.00485695,0.498952;0.861134,0.0860289,0.16435,-0.473325
0.770449,-0.0143868,0.504109;0.865182,0.0724332,0.163338,-0.468545
0.772371,-0.0238887,0.509152;0.869035,0.0588211,0.16229,-0.46366
0.774219,-0.0333529,0.514073;0.872692,0.0451957,0.161205,-0.458671
0.775991,-0.0427694,0.518862;0.876153,0.0315602,0.160083,-0.453579
0.777681,-0.0521283,0.523513;0.879416,0.0179176,0.158926,-0.448384
0.779285,-0.0614198,0.528015;0.882482,0.00427099,0.157733,-0.443089
0.7808,-0.0706339,0.532362;0.885349,-0.00937661,0.156504,-0.437694
0.78222,-0.0797609,0.536544;0.888017,-0.0230221,0.155241,-0.4322
0.783701,-0.0899121,0.541042;0.890779,-0.0383669,0.153777,-0.425903
0.785052,-0.0999264,0.54531;0.893287,-0.0537008,0.15227,-0.419485
0.786266,-0.10979,0.549335;0.895541,-0.0690194,0.150719,-0.412948
0.787339,-0.119488,0.553106;0.89754,-0.0843184,0.149125,-0.406293
0.788264,-0.129006,0.55661;0.899283,-0.0995933,0.147489,-0.399522
0.789111,-0.139356,0.560177;0.90092,-0.116532,0.145622,-0.391865
0.78976,-0.149447,0.563384;0.902239,-0.13343,0.143703,-0.384071
0.790203,-0.159261,0.566214;0.903241,-0.15028,0.141734,-0.376141
0.790443,-0.169713,0.568874;0.903977,-0.168755,0.139511,-0.367266
0.790413,-0.17975,0.571031;0.905819,-0.184996,0.137237,-0.355577
0.790077,-0.19016,0.572799;0.914547,-0.192107,0.134691,-0.32948
0.789451,-0.200079,0.573998;0.92253,-0.199061,0.132035,-0.303116
0.788479,-0.210251,0.574687;0.930331,-0.206413,0.129036,-0.274276
0.787133,-0.220517,0.574756;0.937738,-0.214108,0.125669,-0.242926
0.785398,-0.230695,0.574103;0.94452,-0.22209,0.121908,-0.209038
0.783276,-0.24058,0.572635;0.950429,-0.230293,0.117724,-0.172599
0.78064,-0.250455,0.570108;0.955433,-0.239121,0.112814,-0.13131
0.777677,-0.259392,0.566529;0.958815,-0.247965,0.107408,-0.0874667
0.774325,-0.267415,0.561612;0.960277,-0.25715,0.101177,-0.0388046
0.770591,-0.274095,0.55493;0.959015,-0.266861,0.093749,0.0169205
0.766794,-0.27828,0.546314;0.953864,-0.276745,0.0850285,0.0795364
0.76375,-0.278764,0.536827;0.944781,-0.285489,0.0759576,0.141825
0.76184,-0.275561,0.527148;0.932355,-0.292798,0.0669264,0.201256
0.761233,-0.269916,0.518746;0.919055,-0.298109,0.0590834,0.250953
0.761601,-0.262795,0.511466;0.905544,-0.30204,0.052179,0.293325
0.762731,-0.254604,0.505025;0.891887,-0.305035,0.0459106,0.330732
0.764427,-0.245912,0.499462;0.878626,-0.307264,0.0403171,0.363291
0.766472,-0.237242,0.494774;0.866228,-0.308879,0.0354277,0.391137
0.768869,-0.228284,0.490586;0.854048,-0.310108,0.0308842,0.41651
0.77152,-0.219253,0.486889;0.842273,-0.311013,0.0266971,0.439471
0.774631,-0.209425,0.483348;0.829921,-0.311705,0.0224918,0.462131
0.777875,-0.199789,0.480282;0.818199,-0.31215,0.0186553,0.482457
0.781149,-0.190537,0.47766;0.807254,-0.312398,0.0151934,0.500517
0.784568,-0.181264,0.475307;0.810482,-0.295126,0.0244944,0.505391
0.788094,-0.172025,0.473194;0.820467,-0.268883,0.040234,0.502908
0.79188,-0.16238,0.471192;0.829597,-0.242361,0.0559317,0.499902
0.795636,-0.153034,0.469419;0.837338,-0.217378,0.0705307,0.496626
0.799594,-0.143379,0.467736;0.844319,-0.192198,0.0850655,0.492898
0.80344,-0.134156,0.46625;0.850115,-0.168659,0.0984933,0.489037
0.807441,-0.124702,0.464835;0.855246,-0.144989,0.111844,0.484792
0.811587,-0.115034,0.46349;0.859707,-0.121205,0.125107,0.480168
0.815869,-0.10517,0.46221;0.863495,-0.0973263,0.138272,0.475168
0.819935,-0.0959055,0.461085;0.866392,-0.0752163,0.150329,0.470222
0.824101,-0.0865018,0.460011;0.868711,-0.053056,0.162285,0.464963
0.82836,-0.0769726,0.458987;0.87045,-0.0308604,0.174133,0.459393
0.832705,-0.0673314,0.458011;0.871609,-0.00864426,0.185865,0.453517
0.837128,-0.0575918,0.45708;0.872186,0.0135777,0.197473,0.447338
0.841622,-0.0477675,0.456192;0.872181,0.0357906,0.20895,0.440862
0.845798,-0.0386989,0.455414;0.871666,0.0561318,0.219347,0.434666
0.850021,-0.029581,0.454669;0.870662,0.0764416,0.229622,0.428227
0.854285,-0.020424,0.453956;0.86917,0.0967085,0.239768,0.421547
0.858586,-0.0112386,0.453271;0.867191,0.116921,0.249779,0.414632
0.862918,-0.00203503,0.452615;0.864726,0.137068,0.259651,0.407484
0.867274,0.00717612,0.451985;0.861776,0.157139,0.269377,0.400107
0.871649,0.0163844,0.451379;0.858343,0.177121,0.278952,0.392507
0.876038,0.0255795,0.450796;0.854429,0.197004,0.288371,0.384686
0.880434,0.0347508,0.450234;0.850036,0.216776,0.297628,0.37665
0.884832,0.043888,0.449692;0.845166,0.236427,0.306718,0.368402
0.889226,0.0529805,0.449168;0.839823,0.255946,0.315636,0.359948
0.893611,0.062018,0.448661;0.834009,0.275321,0.324377,0.351292
0.898377,0.071802,0.448123;0.827134,0.296281,0.333706,0.341625
0.903118,0.0814944,0.447601;0.819706,0.317043,0.342812,0.331731
0.907825,0.0910818,0.447092;0.811732,0.337594,0.351689,0.321614
0.912493,0.10055,0.446594;0.803217,0.35792,0.360332,0.311284
0.917112,0.109887,0.446105;0.794165,0.378007,0.368734,0.300745
0.921676,0.119078,0.445623;0.784584,0.397842,0.37689,0.290006
0.926178,0.128109,0.445145;0.77448,0.417411,0.384795,0.279074
0.930976,0.137697,0.44463;0.76295,0.438297,0.393069,0.267021
0.935682,0.147066,0.444115;0.750824,0.458839,0.401035,0.254758
0.940287,0.156196,0.443597;0.738109,0.479022,0.408687,0.242296
0.945123,0.165744,0.443033;0.723771,0.500338,0.41657,0.228664
0.949819,0.174975,0.44246;0.708775,0.5212,0.424074,0.214824
0.954364,0.183868,0.441874;0.693136,0.541588,0.431194,0.200789
0.959051,0.192995,0.441227;0.675682,0.562887,0.438387,0.18555
0.963828,0.202246,0.440512;0.656289,0.584958,0.445556,0.169082
0.968632,0.211491,0.439718;0.634831,0.607649,0.452594,0.151365
0.973392,0.220581,0.438831;0.611185,0.630786,0.459386,0.132386
0.978254,0.229785,0.437783;0.583838,0.655383,0.466123,0.111067
0.983046,0.238747,0.436541;0.552509,0.681035,0.472536,0.0873789
0.987897,0.247656,0.434936;0.513892,0.709379,0.478748,0.0591359
0.992674,0.256134,0.432652;0.462578,0.742144,0.484472,0.0230339
0.997011,0.262524,0.427084;0.357221,0.795602,0.486983,-0.0475191
0.994447,0.255018,0.420767;0.390955,0.811625,0.431154,-0.0502498
0.990946,0.246289,0.417222;0.408109,0.818627,0.400792,-0.0516042
0.987126,0.236779,0.414303;0.422009,0.82367,0.375101,-0.0526831
0.983269,0.227033,0.411871;0.433756,0.827455,0.352567,-0.0535806
0.979682,0.217783,0.409927;0.443472,0.83023,0.333318,-0.0543124
0.975856,0.207683,0.408123;0.452979,0.832612,0.313911,-0.0550185
0.972219,0.197821,0.406635;0.461435,0.834436,0.296139,-0.0556379
0.968851,0.188434,0.405439;0.468891,0.835799,0.280045,-0.0561767
0.965426,0.178602,0.4044;0.476199,0.836897,0.263863,-0.0566977
0.961974,0.168359,0.403536;0.483356,0.837729,0.247596,-0.0572008
0.958526,0.157744,0.402865;0.49036,0.838297,0.231252,-0.0576857
0.955488,0.148026,0.402445;0.496456,0.838578,0.216662,-0.0581014
0.952499,0.138068,0.402207;0.502427,0.83865,0.202017,-0.0585026
0.94958,0.127896,0.402162;0.508272,0.838512,0.187322,-0.0588891
0.946753,0.117536,0.402324;0.513991,0.838163,0.17258,-0.0592609
0.944039,0.107014,0.402705;0.51958,0.837605,0.157795,-0.0596179
0.941458,0.0963562,0.40332;0.52504,0.836838,0.142971,-0.05996
0.939034,0.0855874,0.40418;0.530368,0.835861,0.12811,-0.060287
0.936787,0.0747339,0.405299;0.535563,0.834675,0.113218,-0.0605989
0.934739,0.0638215,0.406691;0.540624,0.833279,0.098297,-0.0608957
0.932911,0.0528759,0.408367;0.545551,0.831676,0.0833516,-0.0611773
0.931325,0.041923,0.410342;0.55034,0.829864,0.0683854,-0.0614435
0.930002,0.0309886,0.412627;0.554992,0.827844,0.0534021,-0.0616944
0.928964,0.0200984,0.415237;0.559505,0.825618,0.0384054,-0.0619298
0.928232,0.00927836,0.418185;0.563877,0.823184,0.023399,-0.0621497
0.927828,-0.00144582,0.421482;0.568109,0.820545,0.00838685,-0.062354
0.927772,-0.0120483,0.425144;0.572199,0.8177,-0.00662743,-0.0625428
0.928087,-0.0225033,0.429182;0.576145,0.814651,-0.02164,-0.0627159
0.928794,-0.032785,0.433609;0.579947,0.811397,-0.0366472,-0.0628733
0.929915,-0.0428676,0.438439;0.583604,0.807941,-0.0516453,-0.063015
0.931471,-0.0527254,0.443685;0.587115,0.804282,-0.0666304,-0.0631409
0.933483,-0.0623324,0.449359;0.590479,0.800422,-0.0815988,-0.0632509
0.935972,-0.0716629,0.455476;0.593695,0.796362,-0.0965468,-0.0633452
0.93856,-0.07958,0.461201;0.596387,0.792646,-0.109607,-0.0634147
0.941544,-0.0872484,0.467282;0.598965,0.788778,-0.122645,-0.063472
0.944939,-0.0946507,0.47373;0.601428,0.784758,-0.135661,-0.0635172
0.94876,-0.10177,0.480552;0.603776,0.780589,-0.14865,-0.0635501
0.953021,-0.108588,0.487757;0.606009,0.776269,-0.161611,-0.063571
0.957735,-0.115089,0.495355;0.608125,0.771801,-0.174541,-0.0635796
0.962919,-0.121254,0.503353;0.610124,0.767186,-0.187437,-0.063576
0.968585,-0.127067,0.511761;0.612007,0.762423,-0.200298,-0.0635603
0.973837,-0.131756,0.5193;0.613527,0.758224,-0.21129,-0.0635371
0.979464,-0.136162,0.527152;0.614961,0.753918,-0.222254,-0.063505
0.985474,-0.140275,0.535323;0.616309,0.749507,-0.233185,-0.0634639
