0.744818,-0.668901,0.631252;0.0315808,0.96774,-0.23933,-0.0721344
0.742859,-0.656745,0.633663;0.0304556,0.9683,-0.237013,-0.0727479
0.740926,-0.644671,0.636041;0.0293301,0.968853,-0.234695,-0.0733608
0.73902,-0.632679,0.638384;0.0282045,0.969399,-0.232375,-0.0739733
0.73714,-0.620769,0.640694;0.0270786,0.969938,-0.230053,-0.0745852
0.735286,-0.608939,0.642971;0.0259525,0.97047,-0.227729,-0.0751965
0.733458,-0.597191,0.645215;0.0248262,0.970994,-0.225404,-0.0758073
0.731656,-0.585523,0.647426;0.0236998,0.971512,-0.223077,-0.0764176
0.729879,-0.573936,0.649604;0.0225731,0.972022,-0.220748,-0.0770272
0.728128,-0.56243,0.651749;0.0214463,0.972526,-0.218418,-0.0776363
0.726403,-0.551004,0.653862;0.0203194,0.973022,-0.216086,-0.0782449
0.724703,-0.539657,0.655942;0.0191923,0.973511,-0.213753,-0.0788529
0.723029,-0.52839,0.65799;0.0180651,0.973993,-0.211418,-0.0794603
0.721379,-0.517203,0.660006;0.0169377,0.974468,-0.209081,-0.0800671
0.719755,-0.506094,0.66199;0.0158102,0.974935,-0.206743,-0.0806733
0.718155,-0.495065,0.663942;0.0146826,0.975396,-0.204404,-0.0812789
0.716581,-0.484114,0.665863;0.0135549,0.975849,-0.202063,-0.081884
0.715031,-0.473242,0.667752;0.012427,0.976296,-0.19972,-0.0824884
0.713506,-0.462448,0.669609;0.0112991,0.976735,-0.197376,-0.0830923
0.712005,-0.451732,0.671435;0.0101711,0.977167,-0.195031,-0.0836955
0.710529,-0.441094,0.673231;0.00904308,0.977591,-0.192684,-0.0842981
0.709077,-0.430533,0.674995;0.00791495,0.978009,-0.190336,-0.0849001
0.707649,-0.42005,0.676728;0.00678676,0.978419,-0.187986,-0.0855015
0.706246,-0.409644,0.678431;0.00565852,0.978823,-0.185635,-0.0861022
0.704866,-0.399314,0.680103;0.00453024,0.979219,-0.183283,-0.0867024
0.70351,-0.389061,0.681744;0.00340192,0.979608,-0.180929,-0.0873018
0.702178,-0.378885,0.683356;0.00227358,0.97999,-0.178574,-0.0879007
0.700869,-0.368785,0.684937;0.00114523,0.980364,-0.176218,-0.0884989
0.699584,-0.35876,0.686488;1.68644e-05,0.980732,-0.17386,-0.0890964
0.698323,-0.348811,0.68801;-0.0011115,0.981092,-0.171501,-0.0896934
0.697085,-0.338938,0.689502;-0.00223986,0.981445,-0.169141,-0.0902896
0.695271,-0.324269,0.691684;-0.00393236,0.981961,-0.165598,-0.0911827
0.693508,-0.309768,0.6938;-0.00562479,0.982461,-0.162053,-0.0920743
0.691798,-0.295435,0.695851;-0.00731714,0.982945,-0.158505,-0.0929645
0.690138,-0.281269,0.697837;-0.00900936,0.983412,-0.154954,-0.093853
0.688529,-0.267269,0.699759;-0.0107014,0.983864,-0.151401,-0.0947401
0.68697,-0.253434,0.701616;-0.0123933,0.984299,-0.147845,-0.0956255
0.685461,-0.239763,0.70341;-0.014085,0.984718,-0.144287,-0.0965094
0.684002,-0.226256,0.70514;-0.0157765,0.98512,-0.140727,-0.0973917
0.682592,-0.212912,0.706809;-0.0174677,0.985507,-0.137164,-0.0982724
0.681231,-0.199731,0.708415;-0.0191586,0.985877,-0.133599,-0.0991515
0.679918,-0.18671,0.709959;-0.0208492,0.986231,-0.130032,-0.100029
0.678653,-0.17385,0.711442;-0.0225395,0.986569,-0.126462,-0.100905
0.677436,-0.161149,0.712865;-0.0242293,0.98689,-0.122891,-0.101779
0.676266,-0.148608,0.714228;-0.0259188,0.987195,-0.119317,-0.102651
0.675143,-0.136225,0.715531;-0.0276079,0.987484,-0.115742,-0.103522
0.674066,-0.123999,0.716774;-0.0292965,0.987757,-0.112164,-0.104391
0.673036,-0.111929,0.717959;-0.0309846,0.988013,-0.108585,-0.105258
0.672052,-0.100016,0.719086;-0.0326722,0.988253,-0.105004,-0.106124
0.671113,-0.088257,0.720155;-0.0343593,0.988477,-0.101421,-0.106988
0.670219,-0.0766525,0.721167;-0.0360458,0.988684,-0.097837,-0.10785
0.669369,-0.0652013,0.722122;-0.0377317,0.988876,-0.0942509,-0.10871
0.668564,-0.0539028,0.72302;-0.039417,0.989051,-0.0906633,-0.109569
0.667803,-0.0427561,0.723863;-0.0411016,0.989209,-0.0870742,-0.110426
0.667086,-0.0317605,0.724651;-0.0427856,0.989352,-0.0834837,-0.11128
0.666411,-0.020915,0.725384;-0.0444688,0.989478,-0.0798918,-0.112134
0.66578,-0.0102191,0.726062;-0.0461514,0.989587,-0.0762986,-0.112985
0.665191,0.000328283,0.726687;-0.0478331,0.989681,-0.0727042,-0.113834
0.664644,0.0107278,0.727258;-0.0495141,0.989758,-0.0691085,-0.114682
0.664138,0.0209802,0.727776;-0.0511943,0.989819,-0.0655117,-0.115527
0.663674,0.0310863,0.728242;-0.0528736,0.989863,-0.0619138,-0.116371
0.663119,0.0443349,0.728783;-0.0551113,0.989897,-0.057115,-0.117493
0.662635,0.0573268,0.729232;-0.0573474,0.989902,-0.0523146,-0.118611
0.662223,0.0700637,0.729592;-0.0595819,0.989878,-0.0475126,-0.119726
0.661881,0.0825476,0.729862;-0.0618145,0.989825,-0.0427093,-0.120838
0.661608,0.0947803,0.730045;-0.0640454,0.989743,-0.0379047,-0.121946
0.661403,0.106764,0.730142;-0.0662744,0.989632,-0.033099,-0.12305
0.661266,0.1185,0.730153;-0.0685015,0.989492,-0.0282923,-0.124151
0.661195,0.12999,0.730079;-0.0707265,0.989323,-0.0234848,-0.125248
0.66119,0.141237,0.729923;-0.0729495,0.989125,-0.0186766,-0.126342
0.661249,0.152242,0.729685;-0.0751703,0.988898,-0.0138678,-0.127431
0.661373,0.163007,0.729366;-0.077389,0.988642,-0.00905867,-0.128517
0.661559,0.173534,0.728967;-0.0796054,0.988357,-0.00424924,-0.1296
0.661808,0.183825,0.72849;-0.0818194,0.988043,0.000560302,-0.130678
0.662118,0.193882,0.727935;-0.084031,0.9877,0.00536983,-0.131753
0.66259,0.206126,0.727135;-0.0867921,0.987231,0.0113815,-0.133091
0.663154,0.21801,0.726217;-0.0895492,0.986716,0.0173927,-0.134422
0.66381,0.229539,0.725186;-0.0923023,0.986157,0.023403,-0.135748
0.664554,0.240715,0.724042;-0.0950511,0.985552,0.0294123,-0.137067
0.665386,0.251543,0.722788;-0.0977955,0.984902,0.0354202,-0.138381
0.666303,0.262026,0.721426;-0.100535,0.984207,0.0414266,-0.139687
0.667304,0.272168,0.719958;-0.103271,0.983467,0.047431,-0.140988
0.668613,0.283892,0.718061;-0.106547,0.98252,0.0546334,-0.14254
0.670038,0.295137,0.716019;-0.109816,0.981508,0.0618322,-0.144082
0.671575,0.305909,0.713835;-0.113078,0.980431,0.0690269,-0.145616
0.673222,0.316213,0.711515;-0.116333,0.979289,0.0762171,-0.147139
0.674974,0.326056,0.709061;-0.119579,0.978083,0.0834023,-0.148653
0.677149,0.336966,0.706035;-0.123357,0.976595,0.091778,-0.150407
0.67946,0.347268,0.702839;-0.127124,0.975019,0.100145,-0.152147
0.681901,0.356971,0.699479;-0.13088,0.973355,0.108504,-0.153873
0.684469,0.366085,0.695961;-0.134623,0.971604,0.116853,-0.155586
0.687552,0.375794,0.691756;-0.138887,0.969497,0.126381,-0.157526
0.690787,0.384761,0.687362;-0.143135,0.967275,0.135895,-0.159448
0.694167,0.393004,0.682788;-0.147365,0.96494,0.145393,-0.161351
0.698132,0.401428,0.677439;-0.152104,0.962179,0.156058,-0.16347
0.702262,0.408973,0.671888;-0.156821,0.959274,0.166699,-0.165564
0.707029,0.416354,0.665499;-0.162034,0.95588,0.178494,-0.167862
0.711973,0.422705,0.658894;-0.167217,0.952311,0.190256,-0.17013
0.717079,0.428058,0.652091;-0.17237,0.948568,0.201983,-0.172366
0.722865,0.432826,0.6444;-0.178001,0.94425,0.21484,-0.174789
0.728812,0.43646,0.636516;-0.183593,0.939722,0.22765,-0.177174
0.734902,0.438998,0.628461;-0.189145,0.934987,0.240409,-0.179519
0.741115,0.44048,0.620261;-0.194654,0.930044,0.253115,-0.181825
0.747433,0.440943,0.611938;-0.200121,0.924895,0.265765,-0.18409
0.753838,0.440428,0.603517;-0.205543,0.919542,0.278356,-0.186315
0.760311,0.438972,0.595022;-0.210919,0.913984,0.290885,-0.188498
0.766834,0.436616,0.586476;-0.216249,0.908224,0.30335,-0.19064
0.772792,0.433724,0.578684;-0.221053,0.902813,0.314624,-0.19255
0.778762,0.430149,0.570888;-0.225816,0.897237,0.32584,-0.194425
0.784444,0.426137,0.563478;-0.203478,0.900859,0.327849,-0.198911
0.789967,0.421674,0.556284;-0.178656,0.904808,0.328653,-0.203452
0.795477,0.416674,0.549116;-0.153717,0.908166,0.329242,-0.20786
0.800967,0.411148,0.541983;-0.128678,0.910931,0.329617,-0.212132
0.80643,0.405107,0.534889;-0.103554,0.913101,0.329775,-0.216266
0.811446,0.399085,0.528383;-0.0803031,0.914575,0.329731,-0.219956
0.816429,0.392642,0.521924;-0.0570073,0.915541,0.329503,-0.223525
0.821376,0.385788,0.515515;-0.0336798,0.915996,0.329092,-0.226968
0.826282,0.378533,0.509163;-0.0103336,0.915943,0.328498,-0.230286
0.83074,0.371537,0.503395;0.0110725,0.915446,0.327792,-0.233214
0.835155,0.364218,0.497683;0.0324735,0.914521,0.326934,-0.236034
0.839524,0.356583,0.492032;0.0538592,0.913168,0.325922,-0.238743
0.843845,0.348638,0.486445;0.0752198,0.911388,0.324758,-0.24134
0.848113,0.340391,0.480927;0.0965452,0.909183,0.323443,-0.243825
0.852324,0.331848,0.475483;0.117825,0.906552,0.321976,-0.246196
0.856101,0.323832,0.4706;0.137124,0.903793,0.320511,-0.248251
0.859825,0.315582,0.465784;0.156369,0.900684,0.318923,-0.25021
0.863495,0.307104,0.461038;0.175553,0.897227,0.317212,-0.252073
0.867107,0.298402,0.456366;0.19467,0.893424,0.315378,-0.253838
0.870659,0.289484,0.45177;0.213712,0.889275,0.313422,-0.255506
0.874148,0.280352,0.447253;0.232671,0.884783,0.311346,-0.257074
0.877571,0.271013,0.442819;0.25154,0.879949,0.309148,-0.258543
0.880926,0.261472,0.438471;0.270312,0.874775,0.306832,-0.259913
0.883885,0.252717,0.434633;0.287118,0.869829,0.304645,-0.261059
0.886785,0.243806,0.43087;0.303834,0.864611,0.302364,-0.262124
0.889623,0.234743,0.427184;0.320455,0.859122,0.299987,-0.263106
0.892397,0.225531,0.423576;0.336975,0.853365,0.297517,-0.264007
0.895107,0.216175,0.42005;0.35339,0.84734,0.294954,-0.264825
0.897748,0.206679,0.416607;0.369694,0.841051,0.292298,-0.265559
0.900321,0.197046,0.41325;0.385883,0.834497,0.289551,-0.266211
0.902823,0.187279,0.40998;0.401951,0.827683,0.286713,-0.26678
0.905251,0.177384,0.406801;0.417893,0.82061,0.283786,-0.267264
0.907604,0.167362,0.403715;0.433704,0.81328,0.28077,-0.267666
0.90988,0.15722,0.400724;0.44938,0.805695,0.277665,-0.267983
0.912077,0.146959,0.39783;0.464915,0.797858,0.274474,-0.268217
0.914193,0.136584,0.395035;0.480304,0.789772,0.271197,-0.268366
0.916226,0.126099,0.392342;0.495543,0.781438,0.267835,-0.268432
0.918173,0.115507,0.389753;0.510627,0.77286,0.26439,-0.268414
0.920034,0.104812,0.387271;0.525551,0.764039,0.260861,-0.268311
0.921807,0.0940189,0.384897;0.540311,0.75498,0.257251,-0.268125
0.923488,0.0831302,0.382634;0.554901,0.745684,0.25356,-0.267855
0.924905,0.0733744,0.380717;0.567725,0.737226,0.250213,-0.267544
0.926247,0.0635491,0.378891;0.580408,0.728584,0.246804,-0.267167
0.927512,0.0536569,0.377158;0.592948,0.719763,0.243334,-0.266725
0.928701,0.0437004,0.37552;0.605341,0.710764,0.239804,-0.266216
0.929811,0.0336823,0.373977;0.617585,0.701589,0.236214,-0.265641
0.93084,0.0236053,0.372532;0.629675,0.69224,0.232566,-0.265001
0.931788,0.013472,0.371185;0.64161,0.68272,0.22886,-0.264295
0.932653,0.00328505,0.36994;0.653387,0.673032,0.225098,-0.263524
0.933433,-0.00695285,0.368796;0.665002,0.663177,0.22128,-0.262687
0.934128,-0.017239,0.367757;0.676452,0.653158,0.217408,-0.261786
0.934736,-0.0275709,0.366823;0.687735,0.642977,0.213482,-0.26082
0.935255,-0.0379457,0.365996;0.698848,0.632637,0.209503,-0.259789
0.935685,-0.0483609,0.365278;0.709788,0.622141,0.205472,-0.258694
0.936023,-0.0588137,0.36467;0.720552,0.611491,0.20139,-0.257536
0.936269,-0.0693015,0.364174;0.731139,0.60069,0.197258,-0.256313
0.93642,-0.0798217,0.363792;0.741544,0.589741,0.193078,-0.255027
0.936477,-0.0903716,0.363525;0.751766,0.578645,0.18885,-0.253678
0.936436,-0.100949,0.363374;0.761803,0.567407,0.184575,-0.252267
0.936298,-0.11155,0.363342;0.771651,0.556028,0.180255,-0.250792
0.93606,-0.122173,0.36343;0.781308,0.544511,0.17589,-0.249256
0.935721,-0.132815,0.363639;0.790771,0.53286,0.171482,-0.247659
0.93528,-0.143473,0.363972;0.80004,0.521077,0.167031,-0.246
0.934735,-0.154146,0.364429;0.80911,0.509165,0.162538,-0.24428
0.934086,-0.164829,0.365013;0.81798,0.497128,0.158006,-0.2425
0.93333,-0.175521,0.365724;0.826649,0.484967,0.153435,-0.240659
0.932466,-0.186218,0.366566;0.835112,0.472687,0.148825,-0.23876
0.931493,-0.196919,0.367538;0.843369,0.460289,0.144179,-0.236801
0.93041,-0.20762,0.368643;0.851418,0.447778,0.139497,-0.234784
0.929215,-0.218319,0.369883;0.859256,0.435156,0.134781,-0.232708
0.927906,-0.229013,0.371259;0.866881,0.422426,0.130031,-0.230575
0.926483,-0.239699,0.372772;0.874292,0.409592,0.125249,-0.228385
0.925024,-0.249839,0.374338;0.877573,0.404737,0.120824,-0.226836
0.923311,-0.260905,0.376192;0.872406,0.417226,0.11631,-0.226499
0.921477,-0.271951,0.378192;0.867062,0.429631,0.111773,-0.226115
0.919527,-0.282974,0.380334;0.861541,0.441948,0.107213,-0.225686
0.917465,-0.293968,0.382612;0.855846,0.454176,0.102631,-0.22521
0.915294,-0.304928,0.385023;0.849976,0.466311,0.0980289,-0.224689
0.913018,-0.315849,0.387562;0.843934,0.478351,0.0934065,-0.224123
0.910643,-0.326727,0.390226;0.83772,0.490294,0.0887651,-0.223511
0.908172,-0.337556,0.393009;0.831336,0.502138,0.0841056,-0.222853
0.905608,-0.348332,0.395908;0.824784,0.51388,0.0794291,-0.22215
0.902957,-0.35905,0.398919;0.818063,0.525517,0.0747365,-0.221402
0.900222,-0.369705,0.402036;0.811177,0.537047,0.0700286,-0.220609
0.897408,-0.380292,0.405256;0.804125,0.548469,0.0653066,-0.219771
0.894518,-0.390806,0.408575;0.796911,0.559779,0.0605712,-0.218889
0.891556,-0.401242,0.411988;0.789534,0.570975,0.0558236,-0.217962
0.888528,-0.411596,0.415491;0.781997,0.582055,0.0510646,-0.21699
0.885436,-0.421862,0.41908;0.774301,0.593017,0.0462953,-0.215975
0.882284,-0.432036,0.42275;0.766448,0.603858,0.0415165,-0.214916
0.879078,-0.442113,0.426497;0.758439,0.614577,0.0367293,-0.213813
0.875821,-0.452088,0.430317;0.750276,0.625171,0.0319346,-0.212667
0.872517,-0.461956,0.434206;0.741961,0.635638,0.0271335,-0.211477
0.86917,-0.471712,0.438159;0.733495,0.645976,0.0223268,-0.210245
0.865785,-0.481351,0.442172;0.724879,0.656182,0.0175156,-0.208969
0.862365,-0.490868,0.446241;0.716117,0.666255,0.0127009,-0.207652
0.858914,-0.500259,0.450361;0.707209,0.676193,0.00788355,-0.206292
0.855438,-0.509519,0.454528;0.698157,0.685994,0.00306461,-0.20489
0.851939,-0.518642,0.458739;0.688964,0.695655,-0.00175495,-0.203447
0.848422,-0.527624,0.462987;0.67963,0.705174,-0.00657415,-0.201962
0.84489,-0.53646,0.467271;0.670159,0.714551,-0.011392,-0.200436
0.841349,-0.545146,0.471584;0.660551,0.723782,-0.0162076,-0.19887
0.837802,-0.553675,0.475923;0.650809,0.732866,-0.0210198,-0.197263
0.834253,-0.562044,0.480284;0.640935,0.741802,-0.0258278,-0.195616
0.830201,-0.571405,0.485288;0.629491,0.751829,-0.0313162,-0.193685
0.826157,-0.580543,0.490309;0.61788,0.761656,-0.0367962,-0.191703
0.822129,-0.58945,0.495339;0.606105,0.771282,-0.0422665,-0.18967
0.818122,-0.598118,0.500373;0.594169,0.780703,-0.0477256,-0.187586
0.814143,-0.606542,0.505404;0.582075,0.789917,-0.053172,-0.185453
0.810197,-0.614713,0.510425;0.569827,0.798921,-0.0586043,-0.18327
0.806291,-0.622623,0.515431;0.557428,0.807713,-0.064021,-0.181039
0.801952,-0.631203,0.521035;0.543302,0.817348,-0.0700945,-0.178472
0.79768,-0.639434,0.526603;0.528994,0.826708,-0.0761444,-0.175845
0.793483,-0.647306,0.532124;0.514508,0.835791,-0.0821688,-0.173158
0.789371,-0.654809,0.53759;0.499849,0.844593,-0.0881655,-0.170414
0.784911,-0.6627,0.543587;0.483365,0.85404,-0.0947938,-0.167297
0.780577,-0.670107,0.549492;0.466681,0.863133,-0.101383,-0.164111
0.775971,-0.677681,0.555866;0.448105,0.872722,-0.108582,-0.160528
0.771548,-0.684634,0.562098;0.429304,0.881873,-0.115727,-0.156865
0.766951,-0.691488,0.568713;0.408548,0.891351,-0.123454,-0.152778
0.762263,-0.698027,0.575641;0.385788,0.901018,-0.131743,-0.148249
0.757584,-0.704001,0.582792;0.360975,0.910723,-0.140566,-0.143254
0.752745,-0.709425,0.59053;0.33226,0.920907,-0.150509,-0.137404
0.748009,-0.713667,0.598618;0.299535,0.931196,-0.161503,-0.130649
0.743338,-0.71606,0.607516;0.258997,0.942071,-0.174644,-0.122155
0.739459,-0.71459,0.616766;0.208543,0.952833,-0.190291,-0.111398
0.737846,-0.708001,0.623946;0.157459,0.960715,-0.205362,-0.100304
0.738368,-0.698653,0.628095;0.115476,0.964991,-0.217185,-0.0910384
0.739989,-0.688878,0.630164;0.0828712,0.96697,-0.226024,-0.0837527
0.742167,-0.679104,0.631075;0.0559442,0.96773,-0.233101,-0.077677
0.744818,-0.668901,0.631252;0.0315808,0.96774,-0.23933,-0.0721344
0.747606,-0.65915,0.630905;0.0355601,0.969773,-0.229204,-0.0757745
0.750862,-0.64847,0.63011;0.0395345,0.971674,-0.219047,-0.0794043
0.754079,-0.638395,0.629061;0.0430077,0.97323,-0.210135,-0.0825716
0.757623,-0.627671,0.627695;0.0464765,0.974684,-0.201201,-0.0857303
0.76091,-0.617982,0.626281;0.0494459,0.97585,-0.193526,-0.0884306
0.764417,-0.607854,0.624649;0.0524115,0.976941,-0.185837,-0.0911242
0.768135,-0.597304,0.622808;0.0553731,0.977958,-0.178134,-0.0938109
0.772054,-0.586352,0.620766;0.0583305,0.9789,-0.170417,-0.0964904
0.775468,-0.576929,0.618915;0.0607916,0.979628,-0.163976,-0.0987177
0.779009,-0.567249,0.616933;0.0632494,0.980304,-0.157527,-0.10094
0.782673,-0.557322,0.614826;0.0657039,0.980928,-0.151069,-0.103156
0.786455,-0.547158,0.612596;0.068155,0.9815,-0.144603,-0.105368
0.790349,-0.536768,0.610248;0.0706024,0.98202,-0.13813,-0.107573
0.794349,-0.526161,0.607787;0.0730461,0.982488,-0.131649,-0.109773
0.79845,-0.515349,0.605217;0.0754859,0.982904,-0.125161,-0.111967
0.802647,-0.504342,0.602543;0.0779217,0.983268,-0.118666,-0.114156
0.806934,-0.49315,0.599768;0.0803533,0.983579,-0.112166,-0.116338
0.811307,-0.481783,0.596897;0.0827807,0.983838,-0.105659,-0.118514
0.814862,-0.472571,0.594535;0.0847195,0.984008,-0.10045,-0.12025
0.818466,-0.463258,0.592116;0.0866554,0.984145,-0.0952369,-0.121982
0.822115,-0.453852,0.589642;0.0885883,0.984248,-0.0900209,-0.12371
0.825807,-0.444356,0.587117;0.0905183,0.984318,-0.0848018,-0.125434
0.829539,-0.434776,0.584542;0.0924451,0.984354,-0.0795799,-0.127153
0.833307,-0.425117,0.581919;0.0943689,0.984357,-0.0743552,-0.128869
0.837111,-0.415385,0.579251;0.0962894,0.984326,-0.069128,-0.13058
0.840945,-0.405585,0.57654;0.0982067,0.984263,-0.0638985,-0.132286
0.844809,-0.395722,0.573787;0.100121,0.984165,-0.0586668,-0.133988
0.848699,-0.385802,0.570997;0.102031,0.984035,-0.0534331,-0.135685
0.852612,-0.375829,0.56817;0.103938,0.98387,-0.0481976,-0.137378
0.856546,-0.36581,0.565308;0.105842,0.983673,-0.0429605,-0.139066
0.860498,-0.355749,0.562415;0.107742,0.983442,-0.0377219,-0.14075
0.864464,-0.345652,0.559491;0.109638,0.983178,-0.032482,-0.142428
0.868443,-0.335523,0.556541;0.111531,0.98288,-0.027241,-0.144102
0.872432,-0.32537,0.553564;0.113419,0.982549,-0.0219991,-0.145771
0.876427,-0.315195,0.550565;0.115304,0.982185,-0.0167565,-0.147435
0.880427,-0.305006,0.547545;0.117185,0.981787,-0.0115132,-0.149094
0.884427,-0.294806,0.544506;0.119062,0.981356,-0.00626964,-0.150748
0.888426,-0.284603,0.541451;0.120935,0.980892,-0.00102582,-0.152397
0.892421,-0.2744,0.538381;0.122804,0.980394,0.00421804,-0.15404
0.896409,-0.264203,0.535299;0.124669,0.979863,0.00946176,-0.155679
0.900387,-0.254017,0.532208;0.126529,0.979299,0.0147051,-0.157312
0.904353,-0.243848,0.529109;0.128386,0.978702,0.019948,-0.15894
0.908303,-0.233702,0.526004;0.130238,0.978071,0.0251903,-0.160562
0.912236,-0.223582,0.522896;0.132085,0.977408,0.0304316,-0.162179
0.916147,-0.213495,0.519788;0.133928,0.976711,0.035672,-0.16379
0.920035,-0.203446,0.51668;0.135766,0.97598,0.0409111,-0.165396
0.923897,-0.19344,0.513577;0.1376,0.975217,0.0461488,-0.166996
0.927729,-0.183482,0.510478;0.139429,0.974421,0.051385,-0.168591
0.93153,-0.173579,0.507388;0.141254,0.973592,0.0566194,-0.17018
0.935296,-0.163734,0.504308;0.143073,0.972729,0.0618519,-0.171763
0.939024,-0.153954,0.501241;0.144888,0.971834,0.0670823,-0.17334
0.942713,-0.144243,0.498187;0.146698,0.970905,0.0723104,-0.174912
0.946359,-0.134607,0.495151;0.148503,0.969944,0.0775361,-0.176477
0.949959,-0.125052,0.492134;0.150302,0.96895,0.0827591,-0.178036
0.95351,-0.115582,0.489138;0.152097,0.967922,0.0879793,-0.17959
0.957011,-0.106203,0.486165;0.153887,0.966862,0.0931966,-0.181137
0.960458,-0.0969197,0.483219;0.155671,0.965769,0.0984106,-0.182678
0.963847,-0.0877381,0.4803;0.15745,0.964644,0.103621,-0.184213
0.967178,-0.0786633,0.477411;0.159224,0.963485,0.108829,-0.185742
0.971253,-0.067478,0.473846;0.161433,0.961991,0.115332,-0.187644
0.975226,-0.0564781,0.470335;0.163634,0.960446,0.12183,-0.189536
0.979091,-0.0456738,0.466884;0.165826,0.958851,0.128321,-0.191418
0.982842,-0.0350757,0.463497;0.16801,0.957204,0.134806,-0.19329
0.986475,-0.024694,0.460177;0.170184,0.955506,0.141283,-0.195151
0.989983,-0.0145391,0.456929;0.17235,0.953758,0.147753,-0.197003
0.993362,-0.00462126,0.453758;0.174506,0.951959,0.154215,-0.198844
0.996606,0.00504908,0.450668;0.176654,0.95011,0.160669,-0.200674
0.99971,0.0144616,0.447664;0.178791,0.94821,0.167114,-0.202493
1.00267,0.023606,0.444748;0.18092,0.946261,0.17355,-0.204302
1.00602,0.0342107,0.441374;0.183461,0.943854,0.181262,-0.206459
1.00914,0.0443965,0.438143;0.185988,0.941376,0.188959,-0.208599
1.01203,0.0541455,0.435062;0.188501,0.938826,0.196643,-0.210724
1.01467,0.0634398,0.432138;0.191,0.936204,0.204311,-0.212832
1.01743,0.0736846,0.428937;0.193897,0.933055,0.213237,-0.215272
1.01982,0.0832579,0.425972;0.196773,0.929809,0.222142,-0.217689
1.0221,0.09334,0.422889;0.200035,0.925981,0.23229,-0.220424
1.02405,0.103537,0.419831;0.203673,0.921524,0.243668,-0.223464
1.02541,0.113373,0.416972;0.207674,0.916386,0.256262,-0.226798
1.02586,0.123678,0.414159;0.212809,0.909417,0.272553,-0.231059
1.02362,0.13334,0.412032;0.220176,0.898645,0.296184,-0.237138
1.01463,0.135471,0.413212;0.250722,0.889445,0.280538,-0.25947
1.00577,0.13054,0.416133;0.27334,0.883599,0.26173,-0.275746
0.998259,0.124433,0.419019;0.289116,0.878852,0.248268,-0.287043
0.991308,0.117814,0.421863;0.302135,0.874507,0.23694,-0.29633
0.984577,0.110749,0.424711;0.313748,0.870295,0.226663,-0.304586
0.977451,0.102704,0.427789;0.325259,0.865799,0.216312,-0.312743
0.970826,0.094783,0.430682;0.335401,0.861565,0.207052,-0.319908
0.963967,0.0861871,0.433694;0.345457,0.857109,0.197738,-0.32699
0.957802,0.0781488,0.436403;0.354183,0.853029,0.189547,-0.333118
0.951509,0.0696609,0.439158;0.36284,0.84878,0.181318,-0.339181
0.945114,0.0607548,0.441941;0.371424,0.844364,0.173053,-0.345176
0.938641,0.0514619,0.444732;0.379935,0.839781,0.164754,-0.351103
0.933049,0.0432125,0.447114;0.387171,0.83572,0.157615,-0.356129
0.927434,0.0347218,0.449474;0.39435,0.831539,0.150453,-0.361102
0.92181,0.0260095,0.4518;0.401473,0.827237,0.143269,-0.366023
0.916193,0.0170954,0.454078;0.408537,0.822814,0.136064,-0.370892
0.910599,0.00799935,0.456296;0.415542,0.818273,0.12884,-0.375706
0.905043,-0.00125896,0.458442;0.422486,0.813613,0.121597,-0.380466
0.89954,-0.0106597,0.460503;0.429369,0.808834,0.114336,-0.385171
0.894107,-0.0201832,0.462466;0.43619,0.803939,0.107059,-0.389819
0.888757,-0.0298096,0.464319;0.442948,0.798926,0.0997658,-0.394412
0.883508,-0.0395191,0.466049;0.449641,0.793798,0.0924584,-0.398947
0.878374,-0.049292,0.467643;0.45627,0.788555,0.0851376,-0.403424
0.873371,-0.0591085,0.469089;0.462832,0.783197,0.0778045,-0.407842
0.868514,-0.0689488,0.470375;0.469326,0.777726,0.0704601,-0.412202
0.863819,-0.0787931,0.471487;0.475753,0.772142,0.0631055,-0.416502
0.859301,-0.0886217,0.472412;0.482111,0.766446,0.0557417,-0.420741
0.854975,-0.0984148,0.47314;0.488399,0.760638,0.0483698,-0.424919
0.850858,-0.108153,0.473656;0.494616,0.754721,0.0409909,-0.429036
0.846964,-0.117815,0.473948;0.500761,0.748694,0.0336061,-0.43309
0.843309,-0.127383,0.474004;0.506834,0.742558,0.0262164,-0.437081
0.839909,-0.136837,0.473811;0.512833,0.736314,0.0188229,-0.44101
0.836284,-0.147695,0.473254;0.519737,0.728895,0.0101937,-0.445511
0.833051,-0.158338,0.47232;0.52654,0.721333,0.00156258,-0.449925
0.830235,-0.168736,0.470991;0.533238,0.713627,-0.00706888,-0.45425
0.82786,-0.178856,0.469245;0.539831,0.705781,-0.0156989,-0.458486
0.82595,-0.188669,0.467063;0.546317,0.697796,-0.0243259,-0.462631
0.824369,-0.199464,0.464009;0.553598,0.688501,-0.0341793,-0.467256
0.823465,-0.20977,0.460329;0.560736,0.679028,-0.0440239,-0.471761
0.823274,-0.219537,0.455993;0.567729,0.66938,-0.0538572,-0.476143
0.823834,-0.22872,0.450972;0.574577,0.65956,-0.0636765,-0.480404
0.82518,-0.237271,0.445235;0.581275,0.64957,-0.0734794,-0.48454
0.82735,-0.245144,0.438752;0.587824,0.639412,-0.0832634,-0.488551
0.830379,-0.252292,0.431494;0.594222,0.629089,-0.0930259,-0.492437
0.834306,-0.258668,0.423431;0.600466,0.618604,-0.102764,-0.496195
0.838506,-0.263577,0.415691;0.605802,0.609299,-0.111264,-0.499378
0.843445,-0.267828,0.407292;0.611019,0.599873,-0.119742,-0.502463
0.849147,-0.271388,0.398214;0.616116,0.590329,-0.128196,-0.505449
0.854662,-0.273867,0.389876;0.620387,0.582055,-0.135422,-0.507929
0.860771,-0.275797,0.381012;0.624569,0.573698,-0.142628,-0.510335
0.86749,-0.277157,0.371608;0.62866,0.565256,-0.149814,-0.512667
0.873566,-0.277841,0.363351;0.631999,0.558159,-0.155786,-0.514554
0.880086,-0.278105,0.354703;0.635275,0.551006,-0.161742,-0.516389
0.887058,-0.277937,0.345658;0.638487,0.543797,-0.167681,-0.518172
0.894491,-0.277325,0.336207;0.641634,0.536534,-0.173604,-0.519902
0.900776,-0.276509,0.32835;0.644106,0.530684,-0.17833,-0.521249
0.907366,-0.275395,0.320225;0.646536,0.5248,-0.183044,-0.522562
0.914266,-0.273979,0.311829;0.648924,0.518882,-0.187746,-0.523842
0.921481,-0.272254,0.303158;0.651271,0.512931,-0.192436,-0.525087
0.929015,-0.270214,0.294207;0.653575,0.506947,-0.197114,-0.526299
0.936872,-0.267854,0.284974;0.655837,0.50093,-0.201779,-0.527477
0.945058,-0.265168,0.275455;0.658057,0.494881,-0.206431,-0.528621
0.953578,-0.262149,0.265646;0.660235,0.488799,-0.21107,-0.529731
