0.975918,0.194453,0.365259;0.690736,0.461384,0.453419,0.323142
0.972582,0.181926,0.36442;0.691392,0.46334,0.45235,0.320426
0.969265,0.169713,0.36361;0.692039,0.465291,0.451275,0.317706
0.965965,0.157811,0.362826;0.692678,0.467235,0.450194,0.314983
0.962684,0.146217,0.362069;0.693307,0.469174,0.449108,0.312255
0.959422,0.134928,0.361339;0.693928,0.471106,0.448016,0.309523
0.956177,0.12394,0.360636;0.69454,0.473033,0.446918,0.306788
0.952952,0.113251,0.359959;0.695143,0.474953,0.445814,0.304048
0.949745,0.102858,0.359307;0.695737,0.476867,0.444705,0.301304
0.946557,0.092757,0.358682;0.696323,0.478776,0.44359,0.298557
0.943389,0.0829464,0.358082;0.696899,0.480678,0.44247,0.295806
0.940239,0.0734224,0.357506;0.697466,0.482574,0.441344,0.293051
0.935551,0.0596677,0.35669;0.698301,0.485406,0.439644,0.288911
0.930907,0.0465413,0.355929;0.699116,0.488225,0.437931,0.284764
0.926308,0.0340332,0.355223;0.69991,0.491029,0.436206,0.280608
0.921753,0.0221331,0.354569;0.700684,0.49382,0.434468,0.276444
0.917243,0.0108311,0.353968;0.701438,0.496596,0.432718,0.272272
0.912779,0.000116937,0.353418;0.702172,0.499358,0.430956,0.268092
0.908361,-0.0100195,0.352919;0.702886,0.502105,0.429181,0.263905
0.903989,-0.0195883,0.35247;0.70358,0.504838,0.427393,0.25971
0.899665,-0.0285996,0.35207;0.704253,0.507557,0.425594,0.255507
0.893973,-0.0397649,0.351611;0.705119,0.511159,0.423175,0.249892
0.888366,-0.0499811,0.351234;0.705949,0.514735,0.420735,0.244265
0.882845,-0.0592723,0.350939;0.706744,0.518285,0.418274,0.238625
0.876067,-0.0696217,0.350681;0.707686,0.522684,0.415166,0.231558
0.869428,-0.0786101,0.350542;0.708571,0.527042,0.412026,0.224472
0.862929,-0.0862842,0.350518;0.7094,0.531358,0.408853,0.217369
0.855319,-0.0938242,0.350636;0.71032,0.536482,0.405002,0.208821
0.846704,-0.100422,0.350965;0.71129,0.542381,0.400451,0.19882
0.837214,-0.105221,0.351582;0.712262,0.549018,0.395173,0.187351
0.826999,-0.107354,0.352561;0.713182,0.556352,0.389138,0.174403
0.816238,-0.105987,0.353976;0.713987,0.564331,0.382315,0.159963
0.807094,-0.101695,0.355517;0.714517,0.571358,0.37607,0.146924
0.798476,-0.0947837,0.357286;0.714862,0.578238,0.369727,0.133847
0.791266,-0.0866636,0.359032;0.715014,0.584227,0.364009,0.122193
0.785313,-0.0781896,0.360679;0.715027,0.58937,0.358945,0.111976
0.779696,-0.0685727,0.362425;0.714927,0.594421,0.353824,0.101741
0.775154,-0.0595174,0.363993;0.714753,0.598676,0.349391,0.0929558
0.770867,-0.0497978,0.365618;0.714497,0.602862,0.344917,0.0841596
0.766838,-0.039495,0.367294;0.714159,0.606979,0.340404,0.0753538
0.763071,-0.0286899,0.369014;0.713738,0.611026,0.335852,0.0665393
0.75957,-0.0174636,0.370769;0.713236,0.615003,0.331262,0.0577172
0.756858,-0.00784487,0.372255;0.712754,0.618264,0.327407,0.0503603
0.754334,0.00196327,0.373757;0.712216,0.621474,0.323526,0.0429993
0.752001,0.011914,0.375271;0.711621,0.624635,0.319619,0.035635
0.749802,0.0222538,0.376837;0.706631,0.633049,0.315009,0.0262976
0.747699,0.0332603,0.378499;0.699982,0.64322,0.309901,0.0159356
0.745822,0.0443178,0.380164;0.693137,0.653211,0.304705,0.00556917
0.744171,0.0553976,0.381829;0.686098,0.663018,0.299424,-0.00479884
0.742744,0.0664708,0.383491;0.678865,0.672638,0.294058,-0.0151655
0.741539,0.0775088,0.385148;0.671441,0.68207,0.28861,-0.0255279
0.740556,0.0884826,0.386797;0.663829,0.691309,0.283081,-0.0358831
0.739794,0.0993636,0.388435;0.65603,0.700355,0.277472,-0.0462282
0.739251,0.110123,0.390058;0.648047,0.709203,0.271785,-0.0565604
0.738926,0.120732,0.391665;0.639881,0.717853,0.266022,-0.0668766
0.738818,0.131162,0.393251;0.631535,0.7263,0.260184,-0.077174
0.738926,0.141384,0.394815;0.623012,0.734543,0.254273,-0.0874498
0.739248,0.151369,0.396353;0.614314,0.74258,0.24829,-0.0977009
0.739866,0.162283,0.398049;0.604323,0.751371,0.241476,-0.1092
0.740752,0.17282,0.399704;0.594116,0.759896,0.234576,-0.120661
0.741904,0.18294,0.401315;0.583698,0.768149,0.227593,-0.132079
0.743495,0.193643,0.403047;0.571879,0.777,0.219739,-0.14471
0.745411,0.203724,0.404714;0.559808,0.785509,0.211788,-0.157278
0.747891,0.214027,0.406465;0.546247,0.79447,0.202936,-0.171022
0.751037,0.224241,0.408268;0.531122,0.803764,0.193155,-0.185912
0.754961,0.233989,0.410084;0.514358,0.813259,0.182422,-0.20191
0.75978,0.242819,0.411865;0.495878,0.822809,0.170711,-0.21897
0.766033,0.250596,0.41366;0.474236,0.832855,0.157149,-0.238236
0.774478,0.256322,0.415429;0.447846,0.843568,0.140815,-0.260764
0.784548,0.25783,0.416824;0.4193,0.8534,0.123381,-0.284031
0.79463,0.25486,0.417633;0.392977,0.860966,0.107505,-0.304546
0.803131,0.249497,0.417947;0.372116,0.866005,0.0950491,-0.320204
0.811383,0.242131,0.41798;0.356108,0.869442,0.0842363,-0.331906
0.818474,0.234316,0.417822;0.363332,0.868826,0.0792121,-0.326889
0.824776,0.226419,0.417561;0.369494,0.868227,0.0748991,-0.322562
0.831267,0.217501,0.417191;0.375629,0.867562,0.0705804,-0.318211
0.837929,0.207646,0.416718;0.381735,0.866831,0.0662564,-0.313835
0.843597,0.198775,0.416251;0.386801,0.866172,0.0626492,-0.310171
0.849361,0.189359,0.41572;0.391847,0.865468,0.0590388,-0.30649
0.855209,0.179444,0.415131;0.396872,0.864718,0.0554252,-0.302794
0.861131,0.169077,0.414487;0.401876,0.863922,0.0518087,-0.299081
0.867117,0.158307,0.413792;0.40686,0.863082,0.0481895,-0.295353
0.871944,0.149432,0.413202;0.410831,0.862376,0.0452923,-0.292359
0.876801,0.140354,0.412583;0.414788,0.861642,0.0423936,-0.289355
0.88168,0.131097,0.411938;0.418732,0.860879,0.0394935,-0.286342
0.886578,0.121685,0.411268;0.422661,0.860087,0.036592,-0.283319
0.891488,0.112143,0.410576;0.426576,0.859266,0.0336893,-0.280286
0.896405,0.102496,0.409863;0.430477,0.858416,0.0307854,-0.277244
0.901324,0.0927665,0.409132;0.434364,0.857537,0.0278806,-0.274193
0.90624,0.0829803,0.408385;0.438235,0.856629,0.0249748,-0.271132
0.911146,0.0731615,0.407622;0.442092,0.855693,0.0220681,-0.268062
0.916038,0.0633344,0.406848;0.445935,0.854727,0.0191607,-0.264984
0.920911,0.0535235,0.406062;0.449762,0.853733,0.0162527,-0.261896
0.925758,0.0437531,0.405268;0.453574,0.852711,0.0133441,-0.2588
0.930575,0.0340476,0.404467;0.457371,0.851659,0.0104351,-0.255695
0.935357,0.0244315,0.403661;0.461152,0.850579,0.0075257,-0.252581
0.940097,0.0149291,0.402853;0.464918,0.849471,0.00461607,-0.249459
0.94479,0.00556479,0.402043;0.468668,0.848333,0.00170628,-0.246328
0.949432,-0.00363699,0.401235;0.472403,0.847168,-0.00120357,-0.243189
0.954016,-0.0126519,0.40043;0.476121,0.845974,-0.00411337,-0.240042
0.959657,-0.0236205,0.399431;0.480747,0.844441,-0.00775043,-0.236097
0.965191,-0.0342113,0.398444;0.485348,0.842864,-0.0113871,-0.232139
0.970605,-0.0443767,0.397472;0.489923,0.841242,-0.0150231,-0.22817
0.97589,-0.054069,0.39652;0.494472,0.839577,-0.0186584,-0.224188
0.981035,-0.0632406,0.395591;0.498995,0.837867,-0.0222926,-0.220194
0.987009,-0.0734921,0.394513;0.504389,0.835757,-0.0266522,-0.215387
0.992749,-0.0828429,0.39348;0.509744,0.833584,-0.0310098,-0.210563
0.998236,-0.0912105,0.392499;0.51506,0.831348,-0.035365,-0.205723
1.00429,-0.0996203,0.39143;0.521214,0.82866,-0.0404426,-0.200057
1.01073,-0.107288,0.39032;0.528181,0.825483,-0.0462406,-0.193557
1.01865,-0.114102,0.389016;0.537644,0.820934,-0.0542024,-0.184576
1.02817,-0.115372,0.387633;0.560065,0.812908,-0.0342739,-0.155988
1.03462,-0.107468,0.386883;0.585397,0.802115,0.00773894,-0.117737
1.03784,-0.0974341,0.386581;0.601747,0.792654,0.0371395,-0.090673
1.03969,-0.0869478,0.386429;0.614122,0.78386,0.0608896,-0.0686318
1.04073,-0.076904,0.386347;0.623724,0.775863,0.0803912,-0.050413
1.04131,-0.0665623,0.38629;0.632155,0.767835,0.0984377,-0.0334561
1.04151,-0.0562417,0.386243;0.639518,0.759913,0.115031,-0.017781
1.04143,-0.0462008,0.386198;0.645909,0.752226,0.130177,-0.00340192
1.0411,-0.0356704,0.386141;0.651954,0.744135,0.145254,0.010979
1.04052,-0.0247144,0.386066;0.657649,0.735646,0.160252,0.025354
1.03979,-0.0144386,0.385976;0.66252,0.727586,0.173813,0.0384105
1.03885,-0.00391169,0.38586;0.667098,0.719203,0.187297,0.0514501
1.03773,0.00681851,0.385712;0.671381,0.710502,0.200697,0.0644669
1.03642,0.0177041,0.385526;0.675365,0.701486,0.214009,0.0774551
1.03492,0.0286971,0.385296;0.679051,0.692159,0.227226,0.090409
1.03341,0.0386431,0.385048;0.682111,0.683503,0.239035,0.102033
1.03177,0.0486024,0.384757;0.684926,0.674601,0.250759,0.113621
1.02998,0.0585401,0.384418;0.687495,0.665457,0.262393,0.125168
1.02805,0.0684213,0.384028;0.689818,0.656074,0.273932,0.13667
1.02598,0.078211,0.383582;0.691893,0.646456,0.285373,0.148123
1.02353,0.0889387,0.383016;0.693907,0.635498,0.297965,0.160786
1.02092,0.0994624,0.382372;0.695614,0.624257,0.310425,0.173378
1.01815,0.109734,0.381642;0.697013,0.61274,0.322748,0.185893
1.01523,0.119706,0.380822;0.698103,0.600952,0.334927,0.198326
1.01215,0.129331,0.379907;0.698883,0.588897,0.346958,0.210671
1.0086,0.139459,0.378783;0.699384,0.575336,0.360015,0.224142
1.00488,0.149045,0.377529;0.69951,0.561466,0.372878,0.237493
1.00063,0.158808,0.376004;0.69922,0.545993,0.386683,0.251912
0.99618,0.167768,0.374306;0.698483,0.530171,0.400241,0.266171
0.991153,0.17647,0.37226;0.697183,0.512649,0.41464,0.281426
0.985504,0.184557,0.369804;0.695198,0.49335,0.4298,0.297619
0.97876,0.192003,0.366656;0.692191,0.470771,0.446667,0.315807
0.971185,0.197682,0.362845;0.67753,0.494595,0.449541,0.306988
0.962746,0.201264,0.358329;0.652331,0.549964,0.44123,0.278065
0.953953,0.202784,0.353437;0.624128,0.602798,0.430886,0.247861
0.945123,0.202778,0.348431;0.594097,0.651288,0.418986,0.217543
0.936298,0.201833,0.343416;0.562628,0.695492,0.405763,0.187342
0.927519,0.200445,0.338481;0.530091,0.735513,0.391444,0.157464
0.918825,0.199024,0.333699;0.496828,0.77149,0.376242,0.128092
0.909914,0.197866,0.328955;0.461829,0.80477,0.359726,0.098272
0.900798,0.19731,0.324309;0.425216,0.835237,0.341952,0.0681086
0.891485,0.197698,0.319821;0.387117,0.862786,0.322984,0.0377073
0.882341,0.199281,0.315706;0.349149,0.886466,0.30365,0.0083062
0.873393,0.202208,0.31199;0.311573,0.906527,0.284132,-0.0199907
0.864666,0.206567,0.308689;0.27462,0.923232,0.264592,-0.0471004
0.856556,0.212105,0.305931;0.240077,0.936305,0.246038,-0.0718385
0.849096,0.218577,0.303672;0.20819,0.946306,0.228674,-0.0941845
0.841935,0.226125,0.30177;0.177526,0.954126,0.211771,-0.115247
0.835469,0.234133,0.300286;0.149828,0.959723,0.196336,-0.133924
0.829721,0.242253,0.29916;0.125215,0.963558,0.18249,-0.15025
0.824321,0.250778,0.298274;0.10212,0.966199,0.169389,-0.165342
0.819277,0.259553,0.297601;0.0805886,0.967839,0.157082,-0.179218
0.814597,0.268422,0.297115;0.060655,0.968656,0.145608,-0.191897
0.809894,0.27806,0.296762;0.0406796,0.968805,0.134033,-0.204444
0.805565,0.287596,0.296562;0.0223437,0.968354,0.123341,-0.215821
0.801614,0.296866,0.296484;0.00566326,0.967456,0.11356,-0.226056
0.79765,0.306727,0.29651;-0.0110199,0.966094,0.103723,-0.236182
0.79407,0.316121,0.296625;-0.0260305,0.964473,0.0948278,-0.245199
0.79048,0.326021,0.296827;-0.041031,0.962476,0.0858956,-0.254121
0.78688,0.336438,0.297121;-0.0560155,0.960106,0.0769301,-0.262944
0.783672,0.346143,0.297459;-0.069317,0.957687,0.0689355,-0.270701
0.780456,0.356275,0.297873;-0.0825973,0.954973,0.0609198,-0.278375
0.777233,0.366845,0.298363;-0.0958521,0.951966,0.0528853,-0.285964
0.774407,0.376458,0.298855;-0.107426,0.949096,0.0458418,-0.292532
0.771576,0.386418,0.299409;-0.118975,0.946002,0.0387875,-0.299032
0.76874,0.396732,0.300024;-0.130496,0.942687,0.0317241,-0.305461
0.7659,0.407404,0.300702;-0.141986,0.939149,0.0246533,-0.311818
0.763054,0.418442,0.301444;-0.153443,0.935392,0.0175766,-0.318102
0.760612,0.428197,0.302132;-0.163234,0.931996,0.0115076,-0.323429
0.758166,0.438229,0.302868;-0.172998,0.928439,0.00543655,-0.3287
0.755718,0.44854,0.303653;-0.182731,0.924722,-0.000635423,-0.333915
0.753266,0.459135,0.304488;-0.192433,0.920845,-0.00670729,-0.339071
0.750812,0.470018,0.305374;-0.202102,0.916809,-0.012778,-0.34417
0.748354,0.481191,0.30631;-0.211736,0.912615,-0.0188465,-0.349208
0.745895,0.492659,0.307298;-0.221333,0.908264,-0.0249117,-0.354187
0.743843,0.502444,0.308162;-0.229302,0.904518,-0.0299629,-0.358289
0.741789,0.512439,0.309062;-0.237243,0.900663,-0.0350104,-0.362348
0.739734,0.522645,0.309999;-0.245156,0.896701,-0.0400537,-0.366364
0.737677,0.533064,0.310974;-0.253039,0.892631,-0.0450923,-0.370336
