1.01948,-0.298592,0.59297;0.305749,0.936417,0.129813,-0.113091
1.00794,-0.296643,0.588929;0.308533,0.935369,0.134825,-0.108232
0.996586,-0.294643,0.584922;0.311299,0.934268,0.139829,-0.103367
0.985429,-0.292593,0.580949;0.314047,0.933112,0.144824,-0.0984965
0.974465,-0.290492,0.577009;0.316777,0.931903,0.149812,-0.0936198
0.963692,-0.288341,0.573102;0.319489,0.930641,0.154791,-0.0887378
0.953107,-0.286142,0.56923;0.322182,0.929325,0.159761,-0.0838507
0.942711,-0.283894,0.56539;0.324857,0.927955,0.164721,-0.0789587
0.932502,-0.281599,0.561584;0.327513,0.926532,0.169673,-0.0740622
0.922479,-0.279256,0.55781;0.330151,0.925055,0.174614,-0.0691614
0.912639,-0.276867,0.55407;0.332769,0.923525,0.179546,-0.0642567
0.902983,-0.274432,0.550363;0.335368,0.921943,0.184467,-0.0593482
0.893508,-0.271951,0.546689;0.337948,0.920307,0.189377,-0.0544363
0.884214,-0.269425,0.543048;0.340508,0.918618,0.194277,-0.0495213
0.875099,-0.266856,0.539439;0.343049,0.916876,0.199165,-0.0446035
0.863955,-0.263582,0.534975;0.346197,0.914624,0.20526,-0.0384526
0.853087,-0.260242,0.530561;0.349314,0.91229,0.211335,-0.0322982
0.842492,-0.256836,0.526198;0.3524,0.909874,0.217392,-0.026141
0.832167,-0.253365,0.521886;0.355454,0.907377,0.22343,-0.0199813
0.82211,-0.24983,0.517624;0.358476,0.904797,0.229447,-0.0138199
0.812318,-0.246233,0.513412;0.361466,0.902137,0.235443,-0.00765727
0.802789,-0.242575,0.509251;0.364423,0.899395,0.241419,-0.00149393
0.793521,-0.238857,0.50514;0.367347,0.896572,0.247372,0.00466955
0.784511,-0.23508,0.501078;0.370239,0.893668,0.253304,0.0108326
0.775756,-0.231245,0.497067;0.373097,0.890685,0.259212,0.0169947
0.767253,-0.227353,0.493105;0.375921,0.887621,0.265098,0.0231553
0.757381,-0.22261,0.488416;0.379266,0.883838,0.272129,0.0305451
0.747865,-0.217789,0.483797;0.382562,0.879942,0.279124,0.037931
0.738701,-0.212892,0.47925;0.385808,0.875931,0.286084,0.045312
0.729885,-0.207922,0.474773;0.389004,0.871807,0.293006,0.0526872
0.721411,-0.202879,0.470366;0.392149,0.86757,0.29989,0.0600555
0.713277,-0.197767,0.466028;0.395244,0.863221,0.306736,0.067416
0.705477,-0.192587,0.461761;0.398288,0.85876,0.313542,0.0747678
0.698008,-0.187341,0.457563;0.40128,0.854187,0.320307,0.0821099
0.689705,-0.181139,0.452752;0.404705,0.848713,0.328147,0.0906622
0.681839,-0.174854,0.448035;0.408059,0.843089,0.33593,0.0991985
0.674403,-0.168489,0.443412;0.411341,0.837316,0.343653,0.107717
0.66739,-0.162046,0.438881;0.41455,0.831396,0.351316,0.116217
0.660793,-0.155529,0.434442;0.417686,0.825329,0.358916,0.124696
0.654605,-0.14894,0.430096;0.420749,0.819117,0.366454,0.133154
0.648026,-0.141328,0.425241;0.424158,0.81184,0.374989,0.14279
0.641962,-0.133631,0.420504;0.427469,0.804377,0.383437,0.152394
0.636404,-0.125855,0.415886;0.430682,0.796728,0.391798,0.161963
0.63134,-0.118005,0.411386;0.433796,0.788896,0.400068,0.171494
0.626761,-0.110085,0.407003;0.43681,0.780882,0.408246,0.180986
0.622175,-0.101097,0.402212;0.44008,0.771651,0.417333,0.191615
0.618176,-0.0920334,0.397567;0.443223,0.762196,0.426299,0.202188
0.614748,-0.0829011,0.393067;0.446236,0.752518,0.435141,0.212701
0.611876,-0.0737067,0.388713;0.449119,0.742622,0.443856,0.223153
0.609546,-0.0644569,0.384502;0.451871,0.732508,0.452442,0.23354
0.607743,-0.0551584,0.380435;0.454491,0.722182,0.460896,0.243858
0.606453,-0.0458179,0.376509;0.456979,0.711644,0.469215,0.254106
0.605661,-0.0364423,0.372725;0.459334,0.7009,0.477398,0.264279
0.605353,-0.0270383,0.369082;0.461554,0.689951,0.485442,0.274376
0.605514,-0.0176125,0.365578;0.463641,0.678801,0.493344,0.284392
0.606128,-0.00817179,0.362212;0.465592,0.667453,0.501102,0.294326
0.607183,0.00127717,0.358985;0.467407,0.65591,0.508714,0.304174
0.608663,0.0107276,0.355894;0.469087,0.644177,0.516178,0.313933
0.610553,0.0201728,0.35294;0.470629,0.632256,0.523492,0.323601
0.612839,0.029606,0.35012;0.472035,0.62015,0.530653,0.333174
0.615506,0.0390205,0.347435;0.473302,0.607864,0.537659,0.34265
0.61854,0.0484096,0.344883;0.474432,0.5954,0.544509,0.352027
0.621926,0.0577664,0.342464;0.475424,0.582763,0.5512,0.361301
0.625649,0.0670843,0.340176;0.476277,0.569956,0.55773,0.370469
0.629696,0.0763565,0.338019;0.476991,0.556983,0.564098,0.37953
0.63405,0.0855763,0.335992;0.477566,0.543848,0.570301,0.38848
0.638698,0.0947369,0.334094;0.478002,0.530554,0.576338,0.397316
0.643626,0.103832,0.332324;0.478299,0.517106,0.582207,0.406037
0.648817,0.112854,0.330681;0.478456,0.503507,0.587907,0.41464
0.654259,0.121796,0.329165;0.478474,0.489761,0.593435,0.423121
0.659936,0.130653,0.327774;0.478352,0.475872,0.59879,0.43148
0.665833,0.139417,0.326508;0.478091,0.461845,0.603971,0.439713
0.671937,0.148081,0.325365;0.477691,0.447683,0.608975,0.447817
0.678232,0.156639,0.324346;0.477152,0.43339,0.613803,0.455791
0.684703,0.165083,0.323448;0.476473,0.418972,0.618451,0.463632
0.691337,0.173408,0.322671;0.475655,0.404431,0.622919,0.471338
0.698119,0.181607,0.322015;0.474699,0.389772,0.627205,0.478907
0.70476,0.189358,0.321496;0.470804,0.406907,0.624178,0.472411
0.711423,0.196878,0.321092;0.466749,0.424087,0.620865,0.465643
0.718192,0.204272,0.320793;0.462521,0.44111,0.617323,0.458702
0.72506,0.211538,0.320597;0.458124,0.457972,0.613554,0.451593
0.7328,0.219456,0.320501;0.45304,0.476508,0.609101,0.443499
0.740645,0.227207,0.32053;0.44775,0.494828,0.604371,0.435203
0.748586,0.234786,0.320683;0.442256,0.512923,0.599366,0.426709
0.756614,0.24219,0.320959;0.436561,0.530784,0.594088,0.418021
0.764721,0.249415,0.321357;0.430668,0.548404,0.588541,0.409143
0.772896,0.256455,0.321874;0.424579,0.565775,0.582725,0.400079
0.781132,0.263308,0.32251;0.418296,0.582888,0.576645,0.390833
0.789418,0.269968,0.323264;0.411824,0.599737,0.570302,0.381409
0.797746,0.276432,0.324132;0.405164,0.616312,0.5637,0.371811
0.806106,0.282696,0.325115;0.39832,0.632607,0.556842,0.362045
0.81449,0.288754,0.326211;0.391294,0.648615,0.54973,0.352114
0.822889,0.294604,0.327418;0.384091,0.664327,0.542368,0.342023
0.831293,0.30024,0.328735;0.376713,0.679738,0.53476,0.331776
0.839693,0.30566,0.330161;0.369164,0.694839,0.526909,0.321378
0.848917,0.311364,0.331853;0.360666,0.711085,0.517995,0.309772
0.858114,0.316796,0.333672;0.35197,0.72694,0.508797,0.297996
0.867272,0.321948,0.335618;0.343079,0.742395,0.499319,0.286055
0.876377,0.326815,0.337687;0.334,0.757441,0.489565,0.273957
0.885419,0.331392,0.339878;0.324738,0.77207,0.479543,0.261709
0.894384,0.335673,0.342189;0.315296,0.786275,0.469256,0.249316
0.903261,0.339652,0.344619;0.305681,0.800047,0.458712,0.236786
0.912831,0.343643,0.347402;0.295001,0.814568,0.446921,0.222969
0.922265,0.34726,0.350321;0.284127,0.828556,0.434837,0.209005
0.931549,0.350498,0.353373;0.273067,0.842002,0.422469,0.194905
0.940666,0.353349,0.356557;0.261828,0.854896,0.409824,0.180677
0.950337,0.355992,0.360151;0.249459,0.868232,0.395822,0.16513
0.959774,0.358162,0.363892;0.236899,0.880901,0.381516,0.149457
0.968957,0.359851,0.367778;0.224156,0.892893,0.366918,0.133668
0.97854,0.361122,0.372122;0.210241,0.90504,0.350881,0.11655
0.987781,0.361811,0.376625;0.196139,0.91638,0.334531,0.0993289
0.996654,0.361909,0.381285;0.181862,0.926903,0.317883,0.0820189
1.00572,0.361344,0.386446;0.166385,0.937261,0.299732,0.0633917
1.01431,0.360072,0.391778;0.150738,0.94666,0.281274,0.0446996
1.02291,0.35792,0.397647;0.133879,0.955617,0.261269,0.0247114
1.03089,0.354931,0.403698;0.116863,0.963462,0.24096,0.00469453
1.03821,0.351086,0.409925;0.0997117,0.970185,0.22037,-0.0153279
1.04484,0.34637,0.416323;0.0824441,0.975779,0.199524,-0.0353324
1.05073,0.340765,0.422886;0.0650805,0.980237,0.178445,-0.0552958
1.05556,0.334687,0.429183;0.0487329,0.98338,0.158495,-0.0739535
1.05969,0.327799,0.435615;0.0323355,0.985516,0.138382,-0.0925354
1.06308,0.320086,0.442176;0.015905,0.986644,0.118128,-0.111023
1.06554,0.312131,0.448414;0.000554809,0.986786,0.0991147,-0.128175
1.06723,0.303976,0.454373;-0.0189104,0.985532,0.0894644,-0.142703
1.06832,0.295148,0.460441;-0.0451199,0.982674,0.090752,-0.155175
1.06879,0.286409,0.466148;-0.0694233,0.979271,0.0918784,-0.166637
1.06879,0.277909,0.471471;-0.0918123,0.97549,0.0928582,-0.177109
1.0684,0.269021,0.476843;-0.114144,0.971098,0.0937799,-0.187471
1.06762,0.259773,0.482259;-0.136404,0.966098,0.0946429,-0.197714
1.06658,0.251001,0.487257;-0.156734,0.960983,0.0953819,-0.206996
1.06525,0.241971,0.492283;-0.176982,0.955363,0.0960707,-0.216169
1.06364,0.232701,0.497334;-0.197137,0.94924,0.0967089,-0.225228
1.06175,0.223215,0.502406;-0.217188,0.942618,0.0972963,-0.234168
1.05982,0.214419,0.507032;-0.235317,0.936167,0.0977859,-0.242189
1.05768,0.205477,0.511668;-0.253344,0.929309,0.0982329,-0.250105
1.05536,0.196403,0.516313;-0.271261,0.922046,0.0986372,-0.257912
1.05284,0.187213,0.520962;-0.28906,0.914383,0.0989987,-0.265606
1.05016,0.177924,0.525614;-0.306733,0.906323,0.099317,-0.273185
1.04731,0.168551,0.530266;-0.324273,0.897868,0.0995922,-0.280646
1.04431,0.159109,0.534914;-0.341672,0.889022,0.0998241,-0.287984
1.04117,0.149614,0.539555;-0.358922,0.87979,0.100013,-0.295197
1.03788,0.140082,0.544187;-0.376016,0.870176,0.100158,-0.302282
1.03483,0.131485,0.548345;-0.391261,0.861199,0.100251,-0.308546
1.03167,0.122881,0.552492;-0.406368,0.851919,0.100309,-0.314701
1.02843,0.114283,0.556624;-0.421333,0.842339,0.100331,-0.320745
1.02511,0.105702,0.56074;-0.436148,0.832462,0.100319,-0.326677
1.02172,0.0971497,0.564837;-0.45081,0.822292,0.10027,-0.332493
1.01826,0.0886367,0.568914;-0.465314,0.811832,0.100187,-0.338192
1.01474,0.080175,0.572968;-0.479653,0.801087,0.100068,-0.343772
1.01077,0.070847,0.577444;-0.495387,0.788816,0.0998952,-0.349831
1.00675,0.0616121,0.581886;-0.510906,0.776203,0.0996785,-0.355736
1.00268,0.0524858,0.586291;-0.526203,0.763252,0.0994185,-0.361488
0.998581,0.0434839,0.590658;-0.541271,0.749969,0.0991153,-0.367082
0.994453,0.0346221,0.594982;-0.556103,0.73636,0.098769,-0.372516
0.990309,0.025916,0.599261;-0.570694,0.72243,0.0983797,-0.377788
0.98616,0.0173813,0.603492;-0.585037,0.708187,0.0979476,-0.382896
0.982014,0.00903374,0.607672;-0.599125,0.693636,0.0974729,-0.387838
0.977881,0.000888962,0.611798;-0.612952,0.678783,0.0969559,-0.392611
0.973363,-0.00781736,0.616271;-0.627854,0.662104,0.0963384,-0.397664
0.968885,-0.0162385,0.620671;-0.642426,0.645076,0.0956703,-0.402508
0.96446,-0.0243535,0.624995;-0.65666,0.627709,0.0949518,-0.40714
0.95971,-0.0328326,0.629621;-0.671794,0.608387,0.0941111,-0.411948
0.955056,-0.0408955,0.634146;-0.686506,0.588684,0.0932114,-0.416499
0.950141,-0.0491292,0.638928;-0.70196,0.566924,0.0921709,-0.421134
0.945379,-0.0568082,0.64358;-0.716898,0.544747,0.0910626,-0.42546
0.940447,-0.0644179,0.648437;-0.732395,0.520417,0.0897943,-0.429769
0.935417,-0.0717641,0.653456;-0.748306,0.493857,0.0883505,-0.433979
0.930076,-0.079015,0.658901;-0.765452,0.463173,0.0866098,-0.438237
0.924613,-0.0856762,0.664663;-0.783477,0.428192,0.0845356,-0.442344
0.919041,-0.0913502,0.670883;-0.80281,0.386853,0.0819683,-0.446232
0.913098,-0.0952155,0.678292;-0.825706,0.331129,0.0783215,-0.449921
0.907833,-0.0929593,0.687125;-0.850169,0.259599,0.0729632,-0.452214
0.906512,-0.0844721,0.692616;-0.846989,0.270802,0.0706865,-0.451972
0.906971,-0.074615,0.695881;-0.844526,0.279179,0.0689725,-0.451749
0.908165,-0.0643948,0.698047;-0.842422,0.286144,0.0675399,-0.451536
0.909989,-0.0525655,0.699713;-0.840272,0.293092,0.0661037,-0.451298
0.911836,-0.0420787,0.700688;-0.838519,0.29864,0.064952,-0.45109
0.913971,-0.0307938,0.701347;-0.836736,0.304176,0.0637981,-0.450865
0.916344,-0.0188138,0.701692;-0.834923,0.309702,0.0626419,-0.450625
0.918903,-0.0062415,0.701724;-0.833082,0.315218,0.0614836,-0.450369
0.921597,0.00681996,0.701446;-0.83121,0.320722,0.060323,-0.450098
0.923676,0.0168752,0.701035;-0.829788,0.324842,0.0594512,-0.449883
0.925781,0.0271042,0.70045;-0.828349,0.328957,0.0585782,-0.44966
0.92789,0.0374636,0.699694;-0.826893,0.333064,0.0577041,-0.449428
0.929982,0.0479099,0.698766;-0.825422,0.337165,0.0568288,-0.449187
0.932035,0.0583997,0.697667;-0.823934,0.34126,0.0559524,-0.448937
0.934028,0.0688896,0.696399;-0.822429,0.345347,0.0550749,-0.448679
0.935939,0.0793361,0.694961;-0.820908,0.349428,0.0541962,-0.448411
0.937746,0.0896958,0.693355;-0.819371,0.353502,0.0533166,-0.448134
0.939429,0.0999252,0.691582;-0.817818,0.357569,0.0524358,-0.447849
0.940964,0.109981,0.689641;-0.816249,0.361629,0.051554,-0.447555
0.942332,0.119819,0.687535;-0.814663,0.365681,0.0506712,-0.447252
0.943857,0.132525,0.684469;-0.812524,0.371074,0.0494926,-0.446834
0.944993,0.144664,0.681112;-0.810356,0.376453,0.0483122,-0.4464
0.945691,0.156133,0.677464;-0.808159,0.381819,0.0471302,-0.44595
0.945897,0.166831,0.673527;-0.805934,0.387171,0.0459464,-0.445485
0.945562,0.176653,0.669304;-0.803681,0.39251,0.0447611,-0.445004
0.944305,0.187544,0.663624;-0.800825,0.399164,0.0432772,-0.444381
0.942021,0.196705,0.657504;-0.797924,0.405796,0.0417909,-0.443734
0.938612,0.203935,0.650945;-0.79498,0.412406,0.0403023,-0.443062
0.932895,0.209781,0.6425;-0.791389,0.420308,0.0385131,-0.442223
0.926658,0.212056,0.63499;-0.788349,0.426867,0.0370198,-0.441498
0.918977,0.211757,0.627053;-0.785265,0.433403,0.0355244,-0.440748
0.911724,0.20953,0.620399;-0.782767,0.438614,0.0343267,-0.440131
0.903432,0.205423,0.613475;-0.780241,0.44381,0.0331277,-0.439498
0.894049,0.199334,0.606284;-0.777688,0.448991,0.0319277,-0.43885
0.886266,0.193405,0.600717;-0.775755,0.452866,0.0310268,-0.438353
0.879388,0.187636,0.59604;-0.773725,0.457277,0.0314051,-0.437333
0.87228,0.181245,0.591405;-0.76812,0.471424,0.0407377,-0.431383
0.865626,0.174937,0.58721;-0.76291,0.483859,0.0490213,-0.425965
0.858674,0.168069,0.582946;-0.757485,0.496158,0.0572913,-0.420429
0.851444,0.16067,0.578617;-0.751849,0.508319,0.0655452,-0.414775
0.844904,0.153783,0.574778;-0.746745,0.518843,0.0727524,-0.409732
0.838179,0.146532,0.570892;-0.741481,0.529256,0.0799441,-0.404602
0.831281,0.138934,0.566962;-0.736058,0.539555,0.0871186,-0.399385
0.824223,0.131011,0.562988;-0.730478,0.549739,0.0942744,-0.394082
0.817018,0.122781,0.558974;-0.724741,0.559806,0.10141,-0.388695
0.810734,0.115497,0.555502;-0.7197,0.568339,0.107509,-0.384012
0.80436,0.108014,0.552003;-0.714546,0.576782,0.113591,-0.379267
0.797904,0.100345,0.548476;-0.709279,0.585135,0.119656,-0.374464
0.791372,0.0925011,0.544925;-0.703901,0.593395,0.125701,-0.369601
0.784775,0.0844952,0.541348;-0.698412,0.601563,0.131727,-0.36468
0.778119,0.0763394,0.537749;-0.692813,0.609635,0.137732,-0.359702
0.771412,0.0680459,0.534128;-0.687105,0.617612,0.143715,-0.354667
0.764664,0.0596269,0.530485;-0.681289,0.625491,0.149675,-0.349576
0.757881,0.0510945,0.526823;-0.675366,0.633272,0.155613,-0.34443
0.751072,0.0424611,0.523142;-0.669336,0.640954,0.161525,-0.33923
0.744245,0.0337389,0.519443;-0.663201,0.648534,0.167412,-0.333977
0.737408,0.0249401,0.515728;-0.656962,0.656013,0.173273,-0.328671
0.730569,0.0160769,0.511998;-0.650619,0.663388,0.179107,-0.323314
0.723736,0.00716148,0.508253;-0.644174,0.670659,0.184912,-0.317905
0.716917,-0.00179384,0.504495;-0.637628,0.677824,0.190688,-0.312447
0.710121,-0.0107769,0.500725;-0.630981,0.684883,0.196435,-0.306939
0.703354,-0.0197754,0.496944;-0.624235,0.691834,0.20215,-0.301383
0.696627,-0.0287772,0.493153;-0.617391,0.698676,0.207834,-0.29578
0.689945,-0.0377701,0.489354;-0.61045,0.705408,0.213484,-0.29013
0.683318,-0.0467417,0.485547;-0.603412,0.712029,0.219102,-0.284435
0.676754,-0.05568,0.481733;-0.59628,0.718538,0.224685,-0.278694
0.67026,-0.0645727,0.477915;-0.589054,0.724934,0.230232,-0.27291
0.663845,-0.0734075,0.474092;-0.581735,0.731216,0.235743,-0.267083
0.657517,-0.0821722,0.470266;-0.574324,0.737383,0.241217,-0.261214
0.651284,-0.0908546,0.466438;-0.566823,0.743433,0.246653,-0.255304
0.645153,-0.0994425,0.462609;-0.559233,0.749367,0.252051,-0.249353
0.639134,-0.107924,0.458781;-0.551555,0.755183,0.257408,-0.243364
0.633233,-0.116286,0.454954;-0.543791,0.76088,0.262726,-0.237336
0.62746,-0.124517,0.451129;-0.53594,0.766458,0.268001,-0.23127
0.621821,-0.132605,0.447308;-0.528006,0.771914,0.273235,-0.225169
0.616326,-0.140537,0.443492;-0.519988,0.77725,0.278426,-0.219032
0.610983,-0.148301,0.439682;-0.511888,0.782463,0.283573,-0.21286
0.60495,-0.15713,0.435245;-0.502337,0.788389,0.289521,-0.205618
0.599147,-0.165695,0.43082;-0.492678,0.794146,0.295407,-0.198331
0.593587,-0.173977,0.426408;-0.482914,0.799733,0.30123,-0.191002
0.588282,-0.181954,0.422011;-0.473046,0.805149,0.306988,-0.183632
0.583245,-0.18961,0.417631;-0.463077,0.810392,0.312681,-0.176223
0.577833,-0.197938,0.412647;-0.451562,0.816172,0.319105,-0.167709
0.572808,-0.205791,0.40769;-0.439921,0.821724,0.325439,-0.159149
0.567639,-0.21402,0.402149;-0.426678,0.827695,0.332457,-0.149465
0.563011,-0.221569,0.396649;-0.413284,0.833372,0.339357,-0.139728
0.558534,-0.229109,0.39059;-0.398231,0.839335,0.346882,-0.128852
0.554463,-0.236307,0.383995;-0.381471,0.845469,0.354985,-0.116823
0.551099,-0.242763,0.376892;-0.362958,0.851652,0.36361,-0.10363
0.548676,-0.248328,0.368737;-0.341071,0.858187,0.373383,-0.0881563
0.548053,-0.252022,0.359047;-0.314103,0.865133,0.384819,-0.0692668
0.550355,-0.251981,0.349065;-0.285117,0.871297,0.396398,-0.0491713
0.555131,-0.248269,0.340457;-0.259012,0.875741,0.406219,-0.0312493
0.561015,-0.24254,0.333661;-0.237587,0.87863,0.413865,-0.016661
0.567462,-0.235693,0.32806;-0.21932,0.880568,0.420096,-0.00430706
0.573774,-0.22867,0.323583;-0.204288,0.881807,0.425029,0.00580273
0.580194,-0.22132,0.319687;-0.190865,0.882646,0.429288,0.0147876
0.58645,-0.214009,0.316345;-0.179076,0.883178,0.432916,0.0226461
0.593316,-0.205856,0.313068;-0.167248,0.88352,0.436451,0.0304997
0.599697,-0.198184,0.31031;-0.157082,0.883664,0.439407,0.0372262
0.606543,-0.189867,0.307603;-0.146891,0.883668,0.442293,0.0439468
0.613864,-0.180894,0.304946;-0.136677,0.883533,0.44511,0.0506606
0.620332,-0.172905,0.302771;-0.128149,0.883314,0.447404,0.0562493
0.62714,-0.164445,0.300633;-0.119606,0.882999,0.449649,0.0618319
0.634291,-0.155506,0.298532;-0.111051,0.882587,0.451845,0.0674078
0.641792,-0.146081,0.296469;-0.102483,0.882079,0.453992,0.0729763
0.648046,-0.138187,0.294846;-0.0956213,0.881603,0.455673,0.0774253
0.654529,-0.129973,0.293249;-0.0887525,0.881065,0.457323,0.081869
0.661243,-0.121437,0.291676;-0.0818775,0.880466,0.458941,0.0863069
0.66819,-0.112575,0.29013;-0.0749968,0.879805,0.460526,0.0907388
0.675373,-0.103382,0.288609;-0.0681108,0.879083,0.46208,0.0951643
0.682794,-0.0938562,0.287115;-0.0612201,0.878299,0.463601,0.0995832
0.690455,-0.0839931,0.285647;-0.054325,0.877454,0.465089,0.103995
