0.758455,-0.533203,0.665184;0.603185,0.646581,-0.223277,-0.410181
0.756318,-0.52739,0.657003;0.595536,0.656326,-0.220054,-0.407614
0.754018,-0.520876,0.647718;0.586485,0.667553,-0.216246,-0.404532
0.751921,-0.514644,0.638711;0.577297,0.678626,-0.212388,-0.401356
0.750023,-0.508687,0.629976;0.567975,0.689541,-0.208481,-0.398086
0.748319,-0.502998,0.621511;0.558522,0.700296,-0.204526,-0.394725
0.746605,-0.496816,0.612162;0.547559,0.712389,-0.199947,-0.390771
0.745132,-0.490963,0.603154;0.536431,0.724266,-0.195308,-0.386699
0.743894,-0.485429,0.594483;0.52514,0.735923,-0.190609,-0.382509
0.742774,-0.479572,0.585122;0.512247,0.748771,-0.185255,-0.377658
0.741935,-0.474091,0.576172;0.499158,0.761332,-0.179829,-0.372662
0.741319,-0.468423,0.5667;0.484391,0.774945,-0.173719,-0.366942
0.741025,-0.463179,0.557714;0.469394,0.788192,-0.167528,-0.36105
0.741057,-0.457877,0.548379;0.452641,0.802332,-0.160626,-0.35437
0.741445,-0.453035,0.539605;0.435629,0.816013,-0.153631,-0.347488
0.742256,-0.448246,0.530657;0.416786,0.830404,-0.145901,-0.339753
0.743563,-0.443598,0.521676;0.396053,0.845354,-0.137414,-0.331112
0.745441,-0.43917,0.512807;0.373371,0.860699,-0.128152,-0.321511
0.748137,-0.434771,0.503655;0.347025,0.877256,-0.117421,-0.310173
0.75159,-0.43078,0.495031;0.318573,0.893683,-0.105865,-0.297715
0.756091,-0.427029,0.486672;0.286259,0.910595,-0.0927776,-0.28331
0.76175,-0.423589,0.478917;0.249978,0.927475,-0.0781294,-0.266826
0.768638,-0.420451,0.472099;0.209644,0.943741,-0.0619002,-0.248135
0.776767,-0.417502,0.466526;0.165212,0.958739,-0.0440852,-0.227115
0.785719,-0.414605,0.462584;0.118486,0.971328,-0.02542,-0.204543
0.794958,-0.411522,0.460346;0.07138,0.980808,-0.00667348,-0.181316
0.80426,-0.40789,0.459624;0.0240461,0.987151,0.0120944,-0.157509
0.813398,-0.403343,0.460228;-0.0233647,0.990334,0.0308236,-0.133198
0.821819,-0.397813,0.461888;0.0576999,0.98733,0.0350849,-0.143595
0.829271,-0.391503,0.46428;0.144768,0.976468,0.037482,-0.155393
0.835946,-0.384409,0.46723;0.226333,0.959081,0.0394847,-0.16546
0.841701,-0.376882,0.470464;0.299889,0.93713,0.0410795,-0.173683
0.846755,-0.368868,0.473917;0.367492,0.911364,0.042357,-0.180477
0.851146,-0.360496,0.477473;0.429114,0.882832,0.0433515,-0.185981
0.854922,-0.351902,0.481038;0.484836,0.852503,0.0440982,-0.190339
0.858248,-0.342873,0.484671;0.536713,0.819989,0.0446493,-0.193813
0.861037,-0.33384,0.488184;0.582952,0.787131,0.04501,-0.19638
0.863438,-0.324542,0.491669;0.625575,0.753199,0.0452197,-0.198249
0.865475,-0.315037,0.495095;0.664679,0.718579,0.0452946,-0.199487
0.86717,-0.305386,0.498437;0.700387,0.683627,0.0452505,-0.200162
0.868548,-0.295652,0.501671;0.732841,0.64867,0.045103,-0.200339
0.869636,-0.285895,0.50478;0.762201,0.614005,0.0448671,-0.200085
0.87046,-0.276177,0.50775;0.788637,0.579898,0.0445573,-0.199461
0.871046,-0.266559,0.510569;0.812327,0.546589,0.0441872,-0.198527
0.871437,-0.256533,0.513385;0.834659,0.512366,0.0437432,-0.197261
0.871625,-0.246682,0.516036;0.85447,0.479257,0.0432567,-0.195763
0.87163,-0.236453,0.518671;0.873007,0.445433,0.0427057,-0.193972
0.871464,-0.226476,0.52113;0.889264,0.412991,0.042129,-0.192023
0.87113,-0.216153,0.523563;0.904347,0.380004,0.0414966,-0.18982
0.87066,-0.206156,0.525816;0.917403,0.348621,0.0408539,-0.187527
0.870035,-0.195848,0.528036;0.929393,0.316834,0.0401638,-0.185016
0.86931,-0.18594,0.530076;0.939611,0.286833,0.0394776,-0.182479
0.868446,-0.175752,0.53208;0.948879,0.256543,0.0387515,-0.179757
0.867439,-0.165281,0.534044;0.957187,0.225992,0.0379862,-0.176853
0.866375,-0.155301,0.53583;0.964035,0.197419,0.0372411,-0.173997
0.865185,-0.14507,0.537575;0.970042,0.168674,0.0364636,-0.170989
0.863866,-0.134586,0.539277;0.975204,0.139781,0.0356543,-0.167832
0.862533,-0.124681,0.540808;0.979214,0.113002,0.0348796,-0.164787
0.86101,-0.114031,0.542372;0.983262,0.100301,0.0264485,-0.149786
0.859409,-0.103418,0.543854;0.986803,0.0898036,0.0172661,-0.133627
0.857855,-0.0935866,0.545165;0.989622,0.0802237,0.00891135,-0.118882
0.856212,-0.083589,0.546441;0.992058,0.0706127,0.000553148,-0.104091
0.854482,-0.0734336,0.547685;0.99411,0.0609745,-0.00780527,-0.0892601
0.852668,-0.0631286,0.548896;0.995777,0.0513126,-0.0161607,-0.0743944
0.850772,-0.0526823,0.550076;0.997059,0.0416308,-0.0245098,-0.0594999
0.848797,-0.0421031,0.551226;0.997955,0.031933,-0.0328495,-0.0445824
0.846745,-0.0313992,0.552345;0.998465,0.0222228,-0.0411764,-0.0296477
0.84462,-0.0205789,0.553436;0.998588,0.012504,-0.0494874,-0.0147015
0.842647,-0.010748,0.554393;0.998369,0.00375283,-0.0569511,-0.00124489
0.840618,-0.00083559,0.555328;0.997837,-0.00499951,-0.0643968,0.0122121
0.838536,0.00915223,0.556242;0.996992,-0.0137503,-0.0718224,0.0256653
0.836402,0.0192094,0.557134;0.995835,-0.0224968,-0.0792255,0.0391104
0.834218,0.02933,0.558007;0.994366,-0.0312362,-0.0866038,0.0525433
0.831986,0.0395078,0.558859;0.992585,-0.0399658,-0.0939549,0.0659597
0.829709,0.0497368,0.559693;0.990493,-0.0486829,-0.101277,0.0793554
0.827388,0.060011,0.560508;0.98809,-0.0573847,-0.108566,0.0927263
0.825025,0.0703244,0.561305;0.985378,-0.0660686,-0.115822,0.106068
0.822622,0.0806708,0.562084;0.982357,-0.0747317,-0.123042,0.119377
0.820181,0.0910442,0.562847;0.979028,-0.0833714,-0.130223,0.132648
0.817704,0.101439,0.563594;0.975392,-0.091985,-0.137363,0.145877
0.815193,0.111848,0.564325;0.971451,-0.10057,-0.14446,0.159061
0.81265,0.122266,0.565042;0.967205,-0.109123,-0.151512,0.172195
0.810077,0.132687,0.565744;0.962656,-0.117642,-0.158517,0.185275
0.807476,0.143105,0.566432;0.957805,-0.126124,-0.165471,0.198297
0.804848,0.153513,0.567107;0.952654,-0.134567,-0.172374,0.211257
0.802196,0.163907,0.56777;0.947204,-0.142967,-0.179223,0.224151
0.799522,0.174278,0.568421;0.941458,-0.151323,-0.186016,0.236974
0.796827,0.184623,0.569061;0.935416,-0.159631,-0.19275,0.249723
0.794114,0.194934,0.56969;0.929082,-0.167889,-0.199424,0.262394
0.791384,0.205205,0.570309;0.922456,-0.176095,-0.206036,0.274982
0.78864,0.21543,0.570918;0.915541,-0.184245,-0.212582,0.287485
0.785883,0.225605,0.571519;0.908339,-0.192338,-0.219063,0.299897
0.783116,0.235721,0.572111;0.900852,-0.20037,-0.225474,0.312215
0.780339,0.245773,0.572696;0.893083,-0.20834,-0.231815,0.324436
0.777557,0.255756,0.573274;0.885034,-0.216244,-0.238084,0.336555
0.774769,0.265663,0.573845;0.876708,-0.224081,-0.244277,0.348568
0.771978,0.275488,0.574411;0.868107,-0.231847,-0.250394,0.360472
0.769187,0.285225,0.574971;0.859234,-0.239541,-0.256433,0.372263
0.766397,0.294868,0.575527;0.850091,-0.247159,-0.262391,0.383937
0.7633,0.305465,0.57614;0.839621,-0.255533,-0.268915,0.396767
0.76021,0.31593,0.576748;0.828825,-0.263808,-0.275335,0.409444
0.757129,0.326255,0.577354;0.817709,-0.271982,-0.281648,0.421962
0.754059,0.336432,0.577957;0.806277,-0.280049,-0.287852,0.434317
0.751004,0.346452,0.578558;0.794532,-0.288009,-0.293945,0.446504
0.747967,0.356306,0.579159;0.78248,-0.295857,-0.299924,0.458519
0.744949,0.365988,0.57976;0.770125,-0.303591,-0.305787,0.470355
0.741655,0.376427,0.580421;0.756191,-0.311962,-0.312099,0.483165
0.738392,0.386636,0.581085;0.741903,-0.320187,-0.318266,0.495749
0.735163,0.396603,0.581753;0.727267,-0.328262,-0.324283,0.508101
0.731972,0.406316,0.582424;0.712291,-0.336184,-0.330149,0.520215
0.728539,0.416612,0.583163;0.695574,-0.344646,-0.336371,0.533152
0.72516,0.426579,0.58391;0.678468,-0.352916,-0.342406,0.545792
0.721839,0.436203,0.584667;0.660985,-0.360989,-0.348251,0.558128
0.718313,0.446226,0.585499;0.64163,-0.369508,-0.354363,0.571141
0.714867,0.455811,0.586345;0.621855,-0.377785,-0.360243,0.583781
0.711252,0.465623,0.587275;0.600104,-0.386423,-0.366313,0.596965
0.707628,0.475186,0.588258;0.588274,-0.406075,-0.366033,0.595867
0.703985,0.484508,0.589304;0.585976,-0.436653,-0.359328,0.580387
0.700233,0.493789,0.590442;0.582719,-0.468821,-0.351655,0.563014
0.696178,0.503443,0.591746;0.578037,-0.504478,-0.342362,0.542369
0.692123,0.51268,0.59313;0.571941,-0.541239,-0.331849,0.519442
0.68792,0.521783,0.594657;0.563811,-0.580796,-0.319381,0.492736
0.683499,0.530778,0.596375;0.552721,-0.624486,-0.304057,0.460507
0.678746,0.539666,0.598374;0.536758,-0.674873,-0.284051,0.419227
0.673595,0.548066,0.600779;0.511646,-0.736349,-0.255498,0.361564
0.667198,0.553977,0.604643;0.439784,-0.850646,-0.183897,0.221752
0.668643,0.544364,0.605376;0.35262,-0.926314,-0.107379,0.0779169
0.672242,0.535094,0.604356;0.306057,-0.94945,-0.0693388,0.00814806
0.676507,0.525823,0.602813;0.267324,-0.961675,-0.0388478,-0.0470158
0.681064,0.51686,0.600983;0.23389,-0.967734,-0.0132645,-0.0927968
0.685852,0.508092,0.598932;0.203708,-0.96994,0.00929503,-0.13279
0.690858,0.499442,0.59669;0.175733,-0.9694,0.029781,-0.168803
0.695906,0.491128,0.594348;0.150177,-0.966843,0.0481563,-0.200856
0.701159,0.482836,0.591842;0.125761,-0.96263,0.0654218,-0.230756
0.70654,0.474659,0.589213;0.102574,-0.957076,0.0815643,-0.258517
0.712117,0.466479,0.586432;0.0770434,-0.95454,0.0863833,-0.274692
0.718005,0.458108,0.583449;0.0481824,-0.955929,0.0788326,-0.278683
0.723834,0.450033,0.58047;0.0212055,-0.956442,0.0717206,-0.282179
0.729521,0.442315,0.577553;-0.00385994,-0.956242,0.0650657,-0.285226
0.735463,0.434393,0.574505;-0.0289228,-0.955389,0.0583664,-0.288078
0.741647,0.426273,0.571342;-0.0539659,-0.953885,0.0516274,-0.290734
0.747561,0.418606,0.568332;-0.0770503,-0.951919,0.0453753,-0.293009
0.753664,0.41078,0.565248;-0.10009,-0.9494,0.0390969,-0.295115
0.759947,0.4028,0.562102;-0.123072,-0.94633,0.0327958,-0.297048
0.766403,0.394671,0.558906;-0.145982,-0.942709,0.0264756,-0.29881
0.772463,0.387093,0.555941;-0.166908,-0.93891,0.0206685,-0.300272
0.778654,0.379397,0.552953;-0.187753,-0.934651,0.0148514,-0.301587
0.784969,0.371587,0.549951;-0.208507,-0.929937,0.00902691,-0.302755
0.791401,0.363668,0.546943;-0.229159,-0.924768,0.00319807,-0.303776
0.797944,0.355642,0.543939;-0.249698,-0.919148,-0.00263233,-0.304648
0.80459,0.347514,0.540948;-0.270116,-0.913079,-0.00846145,-0.305371
0.810716,0.340039,0.538247;-0.288564,-0.907175,-0.0137571,-0.305899
0.816918,0.332486,0.535571;-0.306895,-0.900905,-0.0190473,-0.306304
0.82319,0.324856,0.532926;-0.325102,-0.894272,-0.0243297,-0.306585
0.829528,0.317154,0.53032;-0.343179,-0.887277,-0.0296024,-0.306743
0.835926,0.309381,0.52776;-0.361116,-0.879925,-0.0348631,-0.306776
0.842379,0.301541,0.525251;-0.378908,-0.872218,-0.0401097,-0.306686
0.848883,0.293637,0.522801;-0.396547,-0.864158,-0.0453401,-0.306472
0.855432,0.285671,0.520416;-0.414026,-0.85575,-0.0505523,-0.306135
0.862022,0.277646,0.518104;-0.431338,-0.846997,-0.055744,-0.305674
0.868647,0.269564,0.515872;-0.448476,-0.837902,-0.0609133,-0.30509
0.875302,0.26143,0.513725;-0.465433,-0.828468,-0.066058,-0.304382
0.881983,0.253245,0.511671;-0.482202,-0.818701,-0.071176,-0.303552
0.888684,0.245013,0.509716;-0.498777,-0.808603,-0.0762653,-0.302599
0.895401,0.236736,0.507868;-0.51515,-0.798179,-0.0813238,-0.301524
0.902129,0.228417,0.506134;-0.531316,-0.787433,-0.0863495,-0.300328
0.908861,0.220059,0.504519;-0.547267,-0.776369,-0.0913404,-0.29901
0.915595,0.211665,0.503031;-0.562997,-0.764992,-0.0962944,-0.297572
0.922324,0.203237,0.501677;-0.578501,-0.753306,-0.10121,-0.296013
0.929043,0.194779,0.500463;-0.59377,-0.741316,-0.106084,-0.294335
0.935748,0.186293,0.499397;-0.6088,-0.729027,-0.110915,-0.292539
0.942434,0.177782,0.498484;-0.623585,-0.716444,-0.115702,-0.290624
0.949095,0.169249,0.497732;-0.638118,-0.703572,-0.120442,-0.288592
0.955727,0.160696,0.497148;-0.652393,-0.690416,-0.125134,-0.286444
0.962324,0.152128,0.496739;-0.666405,-0.676982,-0.129775,-0.28418
0.968882,0.143545,0.49651;-0.680149,-0.663274,-0.134363,-0.281801
0.975396,0.134952,0.49647;-0.693618,-0.649298,-0.138898,-0.279309
0.98186,0.126351,0.496625;-0.706807,-0.635061,-0.143376,-0.276704
0.98827,0.117745,0.496981;-0.71971,-0.620567,-0.147797,-0.273987
0.99462,0.109137,0.497545;-0.732324,-0.605823,-0.152158,-0.27116
1.00091,0.100529,0.498325;-0.744642,-0.590835,-0.156457,-0.268224
1.00712,0.0919244,0.499327;-0.756659,-0.575608,-0.160694,-0.265179
1.01327,0.0833261,0.500558;-0.768371,-0.560149,-0.164865,-0.262027
1.01933,0.0747369,0.502024;-0.779773,-0.544464,-0.16897,-0.258769
1.02531,0.0661595,0.503733;-0.790861,-0.528559,-0.173007,-0.255407
