1.00308,-0.194856,0.392129;0.875932,0.367641,0.304596,-0.0693224
0.995524,-0.187433,0.393634;0.875677,0.369364,0.302833,-0.0710796
0.988072,-0.180092,0.395082;0.875415,0.371083,0.301067,-0.0728362
0.980727,-0.172832,0.396475;0.875144,0.372799,0.299298,-0.0745921
0.973488,-0.165653,0.397811;0.874866,0.374512,0.297527,-0.0763473
0.966354,-0.158554,0.399093;0.874579,0.376221,0.295753,-0.0781018
0.959326,-0.151535,0.40032;0.874284,0.377926,0.293976,-0.0798555
0.948978,-0.141156,0.40206;0.873827,0.380478,0.291305,-0.0824848
0.938862,-0.130955,0.403679;0.873352,0.383022,0.288629,-0.0851124
0.928976,-0.120931,0.405181;0.872858,0.385558,0.285947,-0.0877381
0.919318,-0.111083,0.406565;0.872347,0.388086,0.283258,-0.0903621
0.909884,-0.101409,0.407835;0.871817,0.390606,0.280564,-0.0929842
0.900674,-0.0919079,0.408992;0.871269,0.393118,0.277864,-0.0956044
0.891685,-0.0825788,0.410037;0.870703,0.395622,0.275158,-0.0982225
0.882914,-0.0734204,0.410973;0.870119,0.398117,0.272447,-0.100839
0.874359,-0.0644314,0.411801;0.869517,0.400604,0.26973,-0.103453
0.866019,-0.0556106,0.412522;0.868897,0.403083,0.267007,-0.106065
0.85789,-0.0469568,0.413138;0.868259,0.405554,0.264279,-0.108674
0.849971,-0.0384686,0.413652;0.867602,0.408016,0.261545,-0.111282
0.842259,-0.030145,0.414064;0.866928,0.410469,0.258806,-0.113887
0.834752,-0.0219847,0.414377;0.866236,0.412915,0.256061,-0.11649
0.827448,-0.0139864,0.414592;0.865526,0.415351,0.253311,-0.11909
0.820345,-0.00614889,0.41471;0.864797,0.417779,0.250556,-0.121688
0.81344,0.00152903,0.414734;0.864051,0.420198,0.247795,-0.124283
0.806731,0.00904861,0.414666;0.863287,0.422609,0.24503,-0.126876
0.798087,0.0188305,0.414433;0.862241,0.425809,0.241335,-0.130329
0.789781,0.028336,0.414042;0.861162,0.428994,0.23763,-0.133777
0.78181,0.0375681,0.413497;0.860052,0.432162,0.233917,-0.13722
0.774168,0.0465295,0.412803;0.85891,0.435315,0.230196,-0.140658
0.766848,0.0552234,0.411962;0.857736,0.438452,0.226466,-0.144091
0.759847,0.0636525,0.41098;0.856531,0.441573,0.222727,-0.147519
0.753158,0.0718198,0.409859;0.855293,0.444677,0.218981,-0.150941
0.746776,0.0797282,0.408605;0.854025,0.447765,0.215226,-0.154357
0.739223,0.0892541,0.406856;0.852395,0.451601,0.210521,-0.15862
0.732131,0.0983857,0.404911;0.850716,0.455412,0.205804,-0.162874
0.72549,0.107129,0.40278;0.848987,0.459196,0.201076,-0.167118
0.71929,0.115489,0.400469;0.84721,0.462954,0.196336,-0.171352
0.713519,0.123472,0.397986;0.845384,0.466685,0.191584,-0.175577
0.707148,0.132562,0.394793;0.843128,0.471126,0.185868,-0.180633
0.701363,0.141127,0.391377;0.840802,0.475529,0.180136,-0.185674
0.696146,0.149176,0.387752;0.838407,0.479892,0.174389,-0.1907
0.690754,0.15793,0.383279;0.835524,0.484932,0.167666,-0.196543
0.686083,0.16601,0.378562;0.832546,0.489917,0.160924,-0.202364
0.68159,0.174443,0.3729;0.829028,0.495546,0.153197,-0.208989
0.677959,0.182041,0.36698;0.825388,0.501103,0.145447,-0.215582
0.674849,0.189621,0.360053;0.821147,0.507265,0.136703,-0.222962
0.672536,0.196879,0.352076;0.816255,0.514,0.126957,-0.231113
0.671343,0.202958,0.343866;0.811174,0.520617,0.117183,-0.239211
0.671225,0.208335,0.33464;0.80537,0.527757,0.106399,-0.248054
0.672253,0.2124,0.325291;0.79934,0.53475,0.0955857,-0.256829
0.674313,0.215213,0.315903;0.793088,0.541593,0.0847458,-0.265531
0.67761,0.216926,0.305716;0.786014,0.548886,0.0728935,-0.27494
0.681861,0.2173,0.29569;0.778679,0.555997,0.061017,-0.284258
0.686473,0.216534,0.286733;0.771729,0.562353,0.0501123,-0.292716
0.691569,0.214806,0.278227;0.792526,0.537247,0.0483688,-0.284479
0.697104,0.212184,0.27014;0.817292,0.505353,0.0483218,-0.272614
0.70307,0.208698,0.262441;0.840609,0.472563,0.0481892,-0.260266
0.709072,0.204633,0.255546;0.861326,0.440726,0.0479848,-0.248142
0.71537,0.199863,0.249078;0.880674,0.408189,0.0477041,-0.235624
0.721921,0.194422,0.243073;0.898622,0.375003,0.0473476,-0.222731
0.728299,0.188697,0.237861;0.914262,0.343112,0.0469418,-0.210229
0.734828,0.182433,0.233128;0.928605,0.310734,0.0464694,-0.197428
0.741469,0.175657,0.228905;0.941631,0.277916,0.0459311,-0.184348
0.748186,0.1684,0.225224;0.953322,0.244704,0.0453277,-0.171007
0.754544,0.161156,0.222283;0.96309,0.213127,0.044701,-0.158228
0.760905,0.153534,0.219876;0.971649,0.181283,0.0440182,-0.14525
0.767241,0.145559,0.21803;0.978987,0.149211,0.0432801,-0.13209
0.773518,0.137255,0.21677;0.985095,0.116952,0.0424876,-0.118764
0.779708,0.128646,0.216124;0.989966,0.0845453,0.0416417,-0.105289
0.785403,0.120319,0.216098;0.993403,0.0540672,0.0408012,-0.0925361
0.790969,0.111765,0.216656;0.995743,0.0235293,0.0399157,-0.0796806
0.79638,0.103004,0.21782;0.996984,-0.00703446,0.038986,-0.0667371
0.801611,0.0940545,0.219611;0.997124,-0.0375905,0.0380134,-0.0537199
0.806636,0.0849378,0.22205;0.996163,-0.068105,0.0369987,-0.0406435
0.811118,0.0762949,0.224932;0.994274,-0.0965181,0.0360148,-0.028398
0.815379,0.0675393,0.228415;0.991429,-0.124838,0.0349963,-0.0161252
0.819398,0.058687,0.232518;0.98763,-0.153038,0.0339441,-0.00383691
0.822895,0.0503946,0.236897;0.983251,-0.179093,0.0329378,0.0075772
0.826149,0.0420456,0.24184;0.978058,-0.204999,0.0319042,0.018985
0.829143,0.0336529,0.247361;0.972053,-0.230735,0.0308442,0.0303771
0.831862,0.0252295,0.253473;0.965242,-0.25628,0.0297585,0.041744
0.834112,0.0174379,0.259652;0.958245,-0.279672,0.0287345,0.052206
0.836101,0.0096412,0.266359;0.95057,-0.302866,0.0276901,0.0626312
0.837815,0.0018496,0.273604;0.942223,-0.325846,0.0266262,0.073012
0.839133,-0.00527958,0.280728;0.933987,-0.346709,0.0256344,0.0824827
0.840248,-0.0127588,0.288731;0.932875,-0.349209,0.0230357,0.0852485
0.841053,-0.0198778,0.296851;0.939888,-0.331347,0.0189344,0.0803868
0.841613,-0.0269659,0.305403;0.946516,-0.313349,0.0148254,0.0754922
0.841915,-0.0333154,0.31344;0.952152,-0.297042,0.011122,0.0710607
0.842033,-0.039634,0.321775;0.957472,-0.280636,0.00741497,0.0666056
0.841976,-0.0459186,0.330384;0.962475,-0.264137,0.00370548,0.0621285
0.841748,-0.0521666,0.339243;0.967159,-0.247551,-5.23033e-06,0.0576308
0.841359,-0.0583751,0.348327;0.971524,-0.230883,-0.00371594,0.053114
0.840816,-0.0645413,0.357614;0.975566,-0.214139,-0.00742542,0.0485796
0.840208,-0.0699845,0.366018;0.978889,-0.199195,-0.0107207,0.0445355
0.839489,-0.0753902,0.374546;0.981955,-0.1842,-0.0140132,0.0404798
0.838664,-0.0807561,0.383181;0.984764,-0.169156,-0.017302,0.0364135
0.837737,-0.0860805,0.391906;0.987316,-0.154067,-0.0205863,0.0323376
0.836713,-0.0913613,0.400703;0.98961,-0.138939,-0.0238652,0.0282533
0.835598,-0.0965965,0.409556;0.991645,-0.123774,-0.0271379,0.0241616
0.834397,-0.101784,0.418448;0.99342,-0.108577,-0.0304035,0.0200636
0.833115,-0.106922,0.427362;0.994936,-0.0933514,-0.0336611,0.0159603
0.831756,-0.112009,0.436281;0.996191,-0.0781014,-0.0369099,0.0118529
0.830327,-0.117042,0.445189;0.997186,-0.0628309,-0.0401491,0.00774235
0.828831,-0.12202,0.454068;0.99792,-0.0475441,-0.0433777,0.00362979
0.827274,-0.12694,0.462902;0.998393,-0.0322447,-0.046595,-0.00048373
0.825661,-0.131801,0.471673;0.998605,-0.016937,-0.0498002,-0.00459712
0.823997,-0.1366,0.480364;0.998556,-0.00162484,-0.0529923,-0.00870931
0.82207,-0.141924,0.490027;0.998188,0.0156017,-0.0565668,-0.0133327
0.820093,-0.147164,0.499544;0.99749,0.032823,-0.0601225,-0.0179518
0.818072,-0.152319,0.50889;0.996461,0.0500335,-0.0636584,-0.0225648
0.816014,-0.157385,0.518043;0.995103,0.0672274,-0.0671732,-0.0271704
0.813927,-0.162359,0.526978;0.993415,0.084399,-0.0706658,-0.0317671
0.811818,-0.167239,0.535671;0.991399,0.101543,-0.0741349,-0.0363532
0.809458,-0.172548,0.545016;0.988773,0.120552,-0.0779607,-0.0414346
0.807088,-0.177732,0.554;0.985744,0.139511,-0.0817547,-0.0464992
0.80472,-0.182789,0.562589;0.982311,0.158414,-0.0855152,-0.0515447
0.802129,-0.188199,0.571543;0.978072,0.179132,-0.0896114,-0.0570704
0.799564,-0.193445,0.579934;0.973349,0.199761,-0.0936632,-0.0625679
0.796812,-0.198975,0.588397;0.967648,0.222152,-0.0980305,-0.0685297
0.793903,-0.20473,0.596686;0.960829,0.246262,-0.102697,-0.0749428
0.79088,-0.210645,0.60451;0.952743,0.272036,-0.107642,-0.0817912
0.787598,-0.217031,0.611936;0.942569,0.301223,-0.113188,-0.0895373
0.783993,-0.224078,0.618477;0.929207,0.335471,-0.11962,-0.0986136
0.779994,-0.232105,0.622869;0.910372,0.378019,-0.127491,-0.109869
0.775953,-0.240949,0.621455;0.882879,0.431645,-0.137212,-0.12402
0.773752,-0.246856,0.61378;0.903779,0.386884,-0.124712,-0.133979
0.772757,-0.250466,0.604316;0.926981,0.329965,-0.109816,-0.140605
0.772334,-0.252865,0.594481;0.943239,0.282201,-0.0972446,-0.145624
0.772235,-0.254527,0.584595;0.955286,0.240036,-0.0860961,-0.149665
0.772356,-0.255731,0.57419;0.964904,0.199519,-0.0753402,-0.153218
0.772631,-0.256493,0.564143;0.971987,0.162951,-0.065597,-0.156156
0.773023,-0.256934,0.554131;0.97733,0.12831,-0.0563372,-0.158708
0.773537,-0.257102,0.543653;0.981382,0.0934997,-0.0470031,-0.161051
0.774121,-0.257008,0.533471;0.984004,0.0607521,-0.0381957,-0.163054
0.774798,-0.256668,0.523001;0.985483,0.027934,-0.029344,-0.164868
0.775506,-0.256125,0.513023;0.985832,-0.0027262,-0.0210515,-0.166388
0.776283,-0.25536,0.502894;0.985183,-0.0333837,-0.0127376,-0.16774
0.777124,-0.254372,0.492663;0.983539,-0.0640074,-0.00441093,-0.168922
0.778021,-0.253158,0.482378;0.9809,-0.0945664,0.00392024,-0.169934
0.77897,-0.251714,0.472086;0.977269,-0.12503,0.0122475,-0.170774
0.779966,-0.250037,0.461836;0.972649,-0.155367,0.0205623,-0.171441
0.781002,-0.248126,0.451677;0.967046,-0.185546,0.0288563,-0.171934
0.782072,-0.245976,0.441655;0.960465,-0.215539,0.0371211,-0.172254
0.783172,-0.243586,0.43182;0.952913,-0.245313,0.0453485,-0.1724
0.784295,-0.240952,0.422219;0.944397,-0.274839,0.0535299,-0.172371
0.785519,-0.237856,0.412248;0.934214,-0.306165,0.0622355,-0.172147
0.786755,-0.234473,0.402659;0.922946,-0.337136,0.0708688,-0.171723
0.788082,-0.230545,0.392921;0.909746,-0.369739,0.0799867,-0.17105
0.789407,-0.226283,0.383758;0.895344,-0.401853,0.088999,-0.170152
0.790805,-0.221384,0.374734;0.878747,-0.435392,0.0984455,-0.168952
0.792262,-0.215774,0.36607;0.859747,-0.470196,0.108287,-0.167407
0.793762,-0.209375,0.358032;0.838132,-0.506079,0.118479,-0.165472
0.795283,-0.202101,0.350928;0.813694,-0.542832,0.128969,-0.163102
0.796798,-0.193861,0.345118;0.786228,-0.580215,0.139696,-0.160252
0.798275,-0.184556,0.341018;0.755537,-0.617961,0.150593,-0.156875
0.799619,-0.174552,0.339135;0.722959,-0.654164,0.161114,-0.153107
0.800756,-0.164341,0.339576;0.690177,-0.687199,0.170782,-0.149153
0.801646,-0.154537,0.341998;0.659162,-0.715742,0.179194,-0.145283
0.802319,-0.145303,0.345895;0.63037,-0.740153,0.186439,-0.141591
0.802836,-0.13621,0.351136;0.602411,-0.76212,0.193004,-0.137923
0.80319,-0.12793,0.35703;0.577294,-0.780517,0.198539,-0.134563
0.803447,-0.119345,0.36419;0.566914,-0.790005,0.193975,-0.129901
0.803592,-0.111923,0.371141;0.563624,-0.794844,0.186523,-0.125541
0.803682,-0.104309,0.378903;0.560273,-0.799596,0.179051,-0.121167
0.803725,-0.0965165,0.387425;0.556861,-0.804261,0.17156,-0.116779
0.80373,-0.0898952,0.395071;0.553971,-0.808082,0.165303,-0.113113
0.803713,-0.0831661,0.403181;0.55104,-0.811841,0.159033,-0.109439
0.803679,-0.0763366,0.411725;0.548067,-0.81554,0.152751,-0.105756
0.803632,-0.069414,0.420674;0.545052,-0.819177,0.146458,-0.102066
0.803577,-0.0624059,0.429998;0.541996,-0.822752,0.140154,-0.0983675
0.803518,-0.0553195,0.439667;0.5389,-0.826265,0.133839,-0.0946618
0.803461,-0.0481625,0.449654;0.535762,-0.829715,0.127514,-0.0909489
0.80342,-0.0423909,0.457851;0.533223,-0.83243,0.122447,-0.0879736
0.803384,-0.0365826,0.466217;0.530659,-0.835105,0.117375,-0.084994
0.803358,-0.0307413,0.474736;0.528068,-0.83774,0.112296,-0.0820104
0.803343,-0.024871,0.483394;0.525452,-0.840334,0.107212,-0.0790228
0.803341,-0.0189753,0.492175;0.522811,-0.842887,0.102123,-0.0760313
0.803356,-0.0130581,0.501065;0.520144,-0.8454,0.097029,-0.0730362
0.803389,-0.00712315,0.510049;0.517452,-0.847872,0.0919302,-0.0700376
0.803443,-0.0011743,0.519111;0.514735,-0.850303,0.086827,-0.0670355
0.80352,0.00478468,0.528236;0.511994,-0.852693,0.0817196,-0.0640303
0.803624,0.01075,0.537409;0.509227,-0.855041,0.0766083,-0.0610219
0.803755,0.0167178,0.546616;0.506436,-0.857348,0.0714933,-0.0580106
0.803917,0.0226843,0.555841;0.50362,-0.859614,0.0663748,-0.0549964
0.804112,0.0286458,0.565069;0.50078,-0.861838,0.0612531,-0.0519797
0.804342,0.0345984,0.574285;0.497916,-0.864021,0.0561284,-0.0489604
0.804611,0.0405383,0.583474;0.495028,-0.866162,0.051001,-0.0459387
0.804919,0.0464617,0.592621;0.492116,-0.86826,0.0458712,-0.0429148
0.805271,0.0523648,0.601711;0.48918,-0.870317,0.0407391,-0.0398889
0.805667,0.0582439,0.610728;0.48622,-0.872332,0.0356051,-0.036861
0.806112,0.0640951,0.619659;0.483237,-0.874305,0.0304693,-0.0338313
0.806606,0.0699146,0.628487;0.480231,-0.876235,0.0253321,-0.0308
0.807153,0.0756986,0.637198;0.477201,-0.878123,0.0201937,-0.0277672
0.807754,0.0814433,0.645777;0.474148,-0.879969,0.0150542,-0.0247331
0.808413,0.087145,0.654209;0.471073,-0.881772,0.00991407,-0.0216978
0.809132,0.0927997,0.662478;0.467974,-0.883532,0.00477343,-0.0186614
0.810118,0.0997964,0.672562;0.464069,-0.885673,-0.00165265,-0.0148647
0.811206,0.106707,0.68234;0.460129,-0.887746,-0.00807862,-0.0110668
0.8124,0.113523,0.691782;0.456155,-0.889753,-0.014504,-0.00726813
0.813706,0.120237,0.700859;0.452146,-0.891692,-0.0209282,-0.0034689
0.815128,0.126843,0.70954;0.448102,-0.893564,-0.0273509,0.000330598
0.816671,0.133332,0.717798;0.444025,-0.895368,-0.0337715,0.00413007
0.818339,0.139698,0.725601;0.439915,-0.897105,-0.0401896,0.00792923
0.820513,0.147163,0.734325;0.434938,-0.899099,-0.0478872,0.0124874
0.822883,0.154426,0.742303;0.429914,-0.900996,-0.0555796,0.0170442
0.825458,0.161475,0.749483;0.424843,-0.902795,-0.063266,0.0215992
0.82873,0.169411,0.756785;0.418869,-0.90477,-0.0722246,0.0269103
0.832304,0.177016,0.762851;0.412833,-0.90661,-0.0811726,0.0322174
0.836774,0.185279,0.768169;0.405859,-0.908549,-0.0913841,0.0382768
0.842319,0.193989,0.771948;0.397921,-0.910521,-0.102851,0.0450848
0.848437,0.202039,0.773227;0.389885,-0.912269,-0.114292,0.0518817
0.855155,0.209385,0.771837;0.381753,-0.913795,-0.125706,0.0586659
0.862501,0.215983,0.767606;0.373528,-0.915097,-0.137089,0.0654357
0.86958,0.221186,0.76132;0.36614,-0.916066,-0.147179,0.0714399
0.876215,0.225203,0.753773;0.359618,-0.916768,-0.155984,0.0766824
0.882239,0.228231,0.745718;0.353984,-0.917262,-0.163513,0.0811668
0.888583,0.230863,0.736147;0.348313,-0.917657,-0.171024,0.0856425
0.89412,0.232744,0.726976;0.343557,-0.917909,-0.17727,0.0893651
0.899889,0.234334,0.716686;0.338776,-0.918092,-0.183502,0.093081
0.904676,0.235391,0.70763;0.334933,-0.918189,-0.188477,0.0960487
0.909616,0.236253,0.697824;0.331073,-0.918241,-0.193444,0.0990117
0.914714,0.236916,0.687254;0.327197,-0.918249,-0.198401,0.10197
0.919971,0.237377,0.675904;0.323306,-0.918212,-0.203348,0.104923
0.924886,0.237616,0.664906;0.319757,-0.918141,-0.207834,0.107602
