0.858958,-0.172645,0.473371;0.861935,0.0545631,0.0155584,0.503834
0.853668,-0.163702,0.473049;0.860822,0.0629573,0.020483,0.504581
0.848482,-0.154953,0.472734;0.859626,0.0713454,0.0254057,0.50528
0.842146,-0.144289,0.472348;0.858014,0.0818209,0.0315555,0.506084
0.835969,-0.133924,0.471973;0.856273,0.0922839,0.0377006,0.506813
0.829952,-0.123854,0.471608;0.854402,0.102733,0.04384,0.507465
0.824093,-0.114079,0.471252;0.852403,0.113167,0.0499728,0.50804
0.81839,-0.104594,0.470907;0.850275,0.123583,0.0560981,0.508539
0.812841,-0.0953968,0.470571;0.848019,0.133981,0.0622148,0.508961
0.807446,-0.0864849,0.470245;0.845636,0.144359,0.0683223,0.509306
0.802203,-0.0778555,0.469929;0.843124,0.154715,0.0744194,0.509575
0.79611,-0.0678692,0.469562;0.839943,0.167111,0.081721,0.509796
0.790231,-0.0582808,0.469209;0.836579,0.179471,0.0890049,0.509906
0.784564,-0.0490856,0.46887;0.833033,0.191792,0.0962694,0.509905
0.779107,-0.0402788,0.468544;0.829307,0.204072,0.103513,0.509794
0.773001,-0.0304888,0.468181;0.824732,0.218341,0.111936,0.509524
0.767174,-0.0212134,0.467837;0.819913,0.232546,0.120325,0.509104
0.76162,-0.0124451,0.46751;0.814852,0.246683,0.128679,0.508533
0.755603,-0.00303535,0.467158;0.808773,0.262749,0.138179,0.507696
0.749934,0.00573329,0.466829;0.802382,0.278714,0.147626,0.506664
0.743963,0.0148458,0.466487;0.794822,0.296546,0.158186,0.505268
0.738416,0.0231773,0.466172;0.786873,0.314233,0.168668,0.503626
0.732739,0.031538,0.465856;0.777591,0.333704,0.180218,0.501513
0.726587,0.0403556,0.465522;0.765833,0.356803,0.193935,0.498578
0.720715,0.0484534,0.465214;0.752346,0.381477,0.208603,0.49491
0.714582,0.0564135,0.464912;0.734694,0.411308,0.226364,0.489703
0.707793,0.0641488,0.464622;0.70734,0.453067,0.251275,0.480896
0.700434,0.0659141,0.464607;0.628556,0.551664,0.310363,0.45195
0.702042,0.0560767,0.465065;0.57474,0.605874,0.343049,0.430008
0.70511,0.0462233,0.46552;0.538714,0.637683,0.362313,0.41458
0.7087,0.0362529,0.465985;0.508064,0.662329,0.37729,0.401054
0.712381,0.0267324,0.466433;0.481761,0.68188,0.389209,0.389183
0.716348,0.0169228,0.4669;0.456621,0.699293,0.399857,0.377626
0.720462,0.00706941,0.467374;0.432793,0.714722,0.409321,0.366495
0.724606,-0.00261926,0.467845;0.410405,0.728319,0.417687,0.355888
0.728678,-0.0119673,0.468306;0.38957,0.740227,0.425038,0.345893
0.732998,-0.0217316,0.468792;0.36845,0.751595,0.432078,0.335646
0.737127,-0.0309447,0.469256;0.349016,0.761453,0.438205,0.326118
0.741436,-0.0404555,0.46974;0.329372,0.770852,0.444068,0.316393
0.745914,-0.0502418,0.470244;0.30953,0.779787,0.449662,0.306477
0.750549,-0.0602816,0.470768;0.2895,0.78825,0.454986,0.296376
0.754847,-0.0695159,0.471255;0.271324,0.795462,0.459542,0.287133
0.759255,-0.0789216,0.471758;0.253015,0.802284,0.463874,0.277749
0.763765,-0.0884826,0.472275;0.234583,0.808715,0.46798,0.268229
0.768368,-0.0981828,0.472807;0.216036,0.81475,0.471856,0.258578
0.773057,-0.108006,0.473352;0.197384,0.820387,0.475502,0.248801
0.777823,-0.117936,0.473911;0.178635,0.825624,0.478916,0.238902
0.782658,-0.127957,0.474483;0.159799,0.830457,0.482096,0.228887
0.787554,-0.138053,0.475069;0.140884,0.834884,0.48504,0.21876
0.79195,-0.147077,0.475599;0.124014,0.838477,0.487459,0.209668
0.796382,-0.156137,0.47614;0.107095,0.841747,0.489689,0.200495
0.800843,-0.16522,0.476689;0.0901351,0.844691,0.49173,0.191245
0.805328,-0.174315,0.477248;0.0731403,0.847309,0.493581,0.181921
0.809832,-0.183412,0.477816;0.0561173,0.8496,0.495242,0.172527
0.814861,-0.193529,0.478458;0.0487303,0.855977,0.486455,0.168199
0.819427,-0.202678,0.479049;0.0477471,0.863597,0.473216,0.167296
0.823998,-0.211801,0.479649;0.0467527,0.871013,0.459866,0.166354
0.82857,-0.220893,0.480258;0.0457473,0.878225,0.446407,0.165373
0.83314,-0.229947,0.480874;0.0447311,0.885231,0.432844,0.164353
0.837705,-0.238957,0.481499;0.0437044,0.892028,0.419178,0.163295
0.842261,-0.247917,0.482132;0.0426675,0.898616,0.405415,0.162198
0.846806,-0.256821,0.482773;0.0416205,0.904992,0.391556,0.161063
0.851981,-0.26692,0.483516;0.040412,0.912019,0.375604,0.159719
0.857131,-0.276929,0.484269;0.039191,0.918765,0.359537,0.158327
0.862252,-0.286838,0.485032;0.037958,0.92523,0.34336,0.156886
0.867339,-0.296638,0.485806;0.0367134,0.93141,0.327077,0.155396
0.872387,-0.30632,0.486589;0.0354575,0.937304,0.310694,0.153859
0.87739,-0.315875,0.487382;0.0341907,0.942911,0.294216,0.152275
0.882344,-0.325293,0.488185;0.0329134,0.948228,0.277647,0.150644
0.887245,-0.334565,0.488998;0.031626,0.953253,0.260993,0.148966
0.892086,-0.343682,0.48982;0.0303289,0.957986,0.244258,0.147243
0.896864,-0.352635,0.490651;0.0290225,0.962425,0.227449,0.145475
0.902156,-0.362499,0.491597;0.0275421,0.967065,0.208455,0.143432
0.907355,-0.372131,0.492555;0.026051,0.97133,0.189381,0.141334
0.912453,-0.381518,0.493523;0.0245498,0.975216,0.170232,0.13918
0.917443,-0.390645,0.494503;0.0230391,0.978724,0.151018,0.136973
0.922318,-0.399501,0.495494;0.0215194,0.981852,0.131745,0.134712
0.927592,-0.409007,0.496607;0.0198211,0.984879,0.11027,0.132139
0.932705,-0.418142,0.497734;0.0181132,0.987434,0.0887431,0.129502
0.93765,-0.42689,0.498873;0.0163967,0.989515,0.0671732,0.126803
0.942881,-0.436044,0.50014;0.0144995,0.991256,0.0434096,0.123764
0.947884,-0.444683,0.501422;0.0125938,0.992421,0.0196207,0.120653
0.953064,-0.453493,0.502837;0.0105066,0.993035,-0.00634331,0.11718
0.958332,-0.462277,0.504389;0.00823733,0.992926,-0.0344655,0.113326
0.963581,-0.47081,0.506081;0.00578607,0.991908,-0.064719,0.109073
0.969008,-0.479323,0.508042;0.00297811,0.989602,-0.0992182,0.104086
0.974609,-0.487617,0.510404;-0.000360814,0.985286,-0.140024,0.0979994
0.980479,-0.495332,0.513568;-0.00475226,0.977009,-0.193336,0.0897336
0.986407,-0.499075,0.51967;-0.0129592,0.953544,-0.291867,0.0734859
0.98567,-0.4904,0.524873;-0.0196687,0.926392,-0.371324,0.0594053
0.982934,-0.480899,0.52772;-0.0232252,0.908959,-0.413023,0.0516372
0.979678,-0.471257,0.529909;-0.0259023,0.894384,-0.444211,0.0456445
0.976256,-0.461835,0.5317;-0.0280541,0.881731,-0.469152,0.0407338
0.972461,-0.451839,0.533362;-0.0300203,0.869417,-0.491837,0.0361714
0.968819,-0.442532,0.534753;-0.0316431,0.858696,-0.510483,0.0323502
0.964899,-0.432733,0.536095;-0.0195348,0.853664,-0.520001,0.0218105
0.961139,-0.423489,0.537274;-0.00570918,0.850266,-0.526208,0.0109602
0.957089,-0.413653,0.538454;0.00811853,0.846563,-0.532227,0.000106054
0.953206,-0.404319,0.539518;0.0205611,0.84297,-0.537481,-0.00966286
0.949109,-0.39455,0.540581;0.0329977,0.839132,-0.542578,-0.019429
0.944808,-0.384366,0.541645;0.0454247,0.835051,-0.547517,-0.0291894
0.940822,-0.374982,0.542589;0.05646,0.831219,-0.551774,-0.0378583
0.93669,-0.365302,0.543531;0.0674823,0.827196,-0.555904,-0.0465186
0.932418,-0.355339,0.544472;0.0784891,0.822983,-0.559907,-0.0551681
0.928015,-0.345109,0.545411;0.0894778,0.81858,-0.563781,-0.063805
0.92406,-0.335949,0.54623;0.0990762,0.814574,-0.567064,-0.0713503
0.920014,-0.326605,0.547046;0.108657,0.810425,-0.570248,-0.078883
0.915882,-0.317087,0.54786;0.118219,0.806133,-0.573331,-0.0864019
0.911669,-0.307404,0.548671;0.12776,0.801699,-0.576314,-0.0939056
0.90738,-0.297566,0.549478;0.137279,0.797124,-0.579195,-0.101393
0.90302,-0.287582,0.550281;0.146773,0.792409,-0.581974,-0.108862
0.898592,-0.277464,0.551081;0.156242,0.787555,-0.584651,-0.116312
0.894103,-0.267219,0.551876;0.165683,0.782562,-0.587225,-0.123742
0.889556,-0.256859,0.552666;0.175095,0.777432,-0.589696,-0.13115
0.884957,-0.246392,0.553452;0.184476,0.772164,-0.592063,-0.138535
0.88031,-0.235828,0.554232;0.193825,0.766761,-0.594326,-0.145895
0.875621,-0.225178,0.555007;0.203139,0.761223,-0.596485,-0.15323
0.871571,-0.215988,0.555666;0.211095,0.75637,-0.598251,-0.159496
0.867496,-0.206746,0.55632;0.219023,0.751419,-0.59994,-0.165741
0.863399,-0.197461,0.55697;0.226923,0.746371,-0.601552,-0.171964
0.859283,-0.188137,0.557615;0.234794,0.741226,-0.603086,-0.178166
0.855151,-0.178781,0.558255;0.242634,0.735985,-0.604542,-0.184344
0.851006,-0.169399,0.558889;0.250443,0.73065,-0.60592,-0.190499
0.846852,-0.159997,0.559518;0.25822,0.72522,-0.60722,-0.196628
0.84269,-0.150581,0.560141;0.265963,0.719696,-0.608441,-0.202733
0.838525,-0.141158,0.560758;0.273672,0.714079,-0.609584,-0.208811
0.834359,-0.131733,0.561369;0.281346,0.70837,-0.610647,-0.214863
0.830195,-0.122312,0.561974;0.288983,0.70257,-0.611632,-0.220886
0.826036,-0.112903,0.562572;0.296583,0.696678,-0.612538,-0.226881
0.821885,-0.10351,0.563163;0.304144,0.690697,-0.613365,-0.232847
0.817746,-0.0941399,0.563747;0.311667,0.684626,-0.614112,-0.238782
0.813621,-0.084799,0.564325;0.319149,0.678467,-0.61478,-0.244687
0.809512,-0.0754934,0.564894;0.326589,0.67222,-0.615369,-0.25056
0.805425,-0.066229,0.565457;0.333988,0.665887,-0.615878,-0.256401
0.80136,-0.0570122,0.566011;0.341343,0.659467,-0.616307,-0.262209
0.797322,-0.0478489,0.566558;0.348654,0.652962,-0.616657,-0.267982
0.792647,-0.0372342,0.567185;0.357127,0.645266,-0.616965,-0.274675
0.788018,-0.0267106,0.567801;0.365537,0.637457,-0.617164,-0.281318
0.783438,-0.0162877,0.568405;0.373883,0.629536,-0.617254,-0.287913
0.778911,-0.00597522,0.568997;0.382162,0.621504,-0.617236,-0.294457
0.774444,0.00421708,0.569577;0.390375,0.613363,-0.617109,-0.300948
0.770041,0.0142795,0.570144;0.398519,0.605113,-0.616874,-0.307388
0.765706,0.0242023,0.570698;0.406593,0.596758,-0.61653,-0.313772
0.761445,0.0339757,0.571239;0.414595,0.588297,-0.616078,-0.320102
0.757261,0.0435901,0.571766;0.422525,0.579733,-0.615517,-0.326376
0.753161,0.0530357,0.57228;0.43038,0.571067,-0.614848,-0.332592
0.749148,0.0623027,0.572779;0.438159,0.5623,-0.614071,-0.338749
0.744675,0.0726626,0.573331;0.446956,0.552161,-0.613051,-0.345713
0.74033,0.082762,0.573864;0.455649,0.541894,-0.61189,-0.352598
0.73612,0.0925865,0.574377;0.464238,0.531503,-0.610588,-0.359402
0.732053,0.102122,0.574869;0.472721,0.520989,-0.609146,-0.366123
0.728134,0.111353,0.575341;0.481094,0.510356,-0.607564,-0.37276
0.723913,0.121356,0.575846;0.490383,0.498254,-0.605618,-0.380125
0.7199,0.130936,0.576323;0.499528,0.486007,-0.603495,-0.387378
0.715698,0.141058,0.576819;0.50952,0.472234,-0.600931,-0.395306
0.71178,0.150604,0.57728;0.519328,0.458291,-0.598151,-0.403092
0.707813,0.160403,0.577744;0.529902,0.442764,-0.594846,-0.411489
0.703918,0.170214,0.578198;0.541175,0.425606,-0.590945,-0.420445
0.700235,0.17975,0.578626;0.553071,0.406771,-0.586374,-0.429902
0.696717,0.189265,0.579035;0.56638,0.384732,-0.580658,-0.44049
0.693457,0.198882,0.579419;0.582579,0.356372,-0.572746,-0.45339
0.691245,0.20872,0.57971;0.609672,0.304495,-0.556742,-0.474997
0.697746,0.203543,0.57912;0.649666,0.235431,-0.52139,-0.500658
0.703672,0.194629,0.578546;0.667931,0.219579,-0.499281,-0.506332
0.709363,0.185432,0.577991;0.6814,0.207292,-0.482,-0.510294
0.7149,0.176162,0.577448;0.692454,0.19679,-0.467133,-0.513388
0.720464,0.166631,0.576901;0.702225,0.187163,-0.453431,-0.515995
0.725875,0.157213,0.576369;0.710788,0.178438,-0.44095,-0.518173
0.730983,0.148216,0.575867;0.718216,0.170636,-0.42974,-0.519974
0.736352,0.138666,0.575338;0.725467,0.162792,-0.418426,-0.521647
0.741252,0.129883,0.574855;0.731667,0.155896,-0.408442,-0.523006
0.746325,0.120727,0.574356;0.737729,0.148971,-0.398381,-0.524268
0.751561,0.111221,0.57384;0.743653,0.142017,-0.388245,-0.525431
0.756947,0.101388,0.573309;0.749437,0.135037,-0.378037,-0.526495
0.762472,0.0912518,0.572765;0.755081,0.128032,-0.367758,-0.527461
0.767307,0.0823402,0.572289;0.759806,0.122008,-0.358892,-0.52821
0.772228,0.0732377,0.571805;0.764426,0.115968,-0.349977,-0.528886
0.777226,0.063959,0.571314;0.768941,0.109911,-0.341014,-0.52949
0.782293,0.0545189,0.570816;0.77335,0.10384,-0.332003,-0.53002
0.787423,0.0449321,0.570312;0.777652,0.0977536,-0.322947,-0.530477
0.792606,0.0352132,0.569803;0.781847,0.0916542,-0.313847,-0.530862
0.797836,0.0253771,0.56929;0.785935,0.0855421,-0.304703,-0.531173
0.803106,0.0154384,0.568773;0.789914,0.0794183,-0.295517,-0.531411
0.808406,0.0054118,0.568254;0.793785,0.0732835,-0.28629,-0.531576
0.81373,-0.00468792,0.567733;0.797546,0.0671387,-0.277024,-0.531668
0.819071,-0.014846,0.567211;0.801197,0.0609845,-0.26772,-0.531686
0.824419,-0.0250479,0.566689;0.804738,0.054822,-0.258379,-0.531631
0.829768,-0.0352787,0.566167;0.808168,0.0486519,-0.249003,-0.531503
0.835111,-0.0455237,0.565647;0.811487,0.0424751,-0.239592,-0.531301
0.840439,-0.0557684,0.565129;0.814693,0.0362925,-0.230148,-0.531027
0.845744,-0.0659978,0.564614;0.817788,0.0301049,-0.220672,-0.530679
0.85102,-0.0761973,0.564102;0.82077,0.0239131,-0.211166,-0.530258
0.856258,-0.0863522,0.563595;0.823639,0.017718,-0.201631,-0.529764
0.861451,-0.0964478,0.563093;0.826394,0.0115205,-0.192068,-0.529197
0.866591,-0.106469,0.562598;0.829036,0.00532139,-0.182479,-0.528558
0.871671,-0.116402,0.562109;0.831563,-0.00087845,-0.172864,-0.527845
0.876682,-0.126231,0.561628;0.833976,-0.00707817,-0.163226,-0.52706
0.881618,-0.135942,0.561155;0.836273,-0.0132769,-0.153565,-0.526202
0.886471,-0.145521,0.560692;0.838456,-0.0194738,-0.143883,-0.525271
0.891232,-0.154951,0.560239;0.840523,-0.0256681,-0.134181,-0.524268
0.895895,-0.164219,0.559796;0.842474,-0.0318587,-0.124461,-0.523193
0.900451,-0.17331,0.559366;0.84431,-0.038045,-0.114724,-0.522046
0.905622,-0.183673,0.558879;0.846304,-0.0452557,-0.103343,-0.520617
0.910625,-0.193751,0.558411;0.848139,-0.0524579,-0.0919438,-0.51909
0.915449,-0.203522,0.557962;0.849815,-0.0596502,-0.0805269,-0.517466
0.920082,-0.212961,0.557533;0.851332,-0.0668314,-0.069095,-0.515745
0.924511,-0.222046,0.557127;0.85269,-0.074,-0.0576501,-0.513927
0.929307,-0.231964,0.556691;0.854045,-0.0821757,-0.0445571,-0.511731
0.933803,-0.241354,0.556287;0.855191,-0.0903312,-0.0314532,-0.50941
0.93848,-0.251242,0.555874;0.85623,-0.0994796,-0.0167022,-0.50665
0.942728,-0.260368,0.555507;0.857004,-0.108597,-0.00194607,-0.503733
0.946914,-0.269553,0.555155;0.857552,-0.118688,0.0144501,-0.500308
0.951146,-0.279155,0.554818;0.857777,-0.130737,0.0341177,-0.495946
0.955136,-0.288808,0.554535;0.857393,-0.145696,0.0586745,-0.49011
0.958265,-0.298509,0.554437;0.855112,-0.170343,0.0994798,-0.479447
0.952257,-0.294206,0.555463;0.846683,-0.210803,0.167448,-0.458967
0.946275,-0.285614,0.556235;0.842284,-0.224922,0.191472,-0.450895
0.940489,-0.276732,0.556949;0.838597,-0.235154,0.208986,-0.444728
0.934553,-0.267311,0.557663;0.836593,-0.241621,0.221523,-0.438929
0.928213,-0.257034,0.558414;0.840538,-0.238599,0.223425,-0.432027
0.922598,-0.247809,0.559073;0.843648,-0.236167,0.224935,-0.426483
0.916527,-0.23774,0.559782;0.846717,-0.233725,0.226433,-0.420917
0.910023,-0.226872,0.560538;0.849745,-0.23127,0.227921,-0.415331
0.904874,-0.218222,0.561136;0.851989,-0.229422,0.229029,-0.411128
0.899504,-0.209165,0.561759;0.854209,-0.227568,0.230131,-0.406914
0.893924,-0.199721,0.562406;0.856406,-0.225708,0.231227,-0.402688
0.888142,-0.189906,0.563077;0.85858,-0.223841,0.232317,-0.398452
0.88217,-0.179741,0.563771;0.86073,-0.221968,0.2334,-0.394205
0.876016,-0.169243,0.564487;0.862857,-0.22009,0.234477,-0.389947
0.86969,-0.158432,0.565224;0.86496,-0.218205,0.235547,-0.385678
0.863203,-0.147324,0.565982;0.86704,-0.216314,0.236611,-0.381399
0.856564,-0.13594,0.56676;0.869096,-0.214417,0.237669,-0.37711
0.849783,-0.124298,0.567556;0.871128,-0.212515,0.23872,-0.37281
0.84287,-0.112416,0.568371;0.873136,-0.210606,0.239764,-0.3685
0.835835,-0.100312,0.569204;0.87512,-0.208692,0.240802,-0.364179
0.828688,-0.0880059,0.570053;0.877081,-0.206772,0.241833,-0.359849
0.821438,-0.0755155,0.570918;0.879017,-0.204847,0.242858,-0.355509
0.814095,-0.0628593,0.571799;0.880929,-0.202916,0.243876,-0.35116
0.80667,-0.0500561,0.572694;0.882818,-0.200979,0.244888,-0.3468
0.799171,-0.0371242,0.573602;0.884682,-0.199037,0.245892,-0.342432
0.794137,-0.0284407,0.574215;0.885911,-0.197739,0.246558,-0.339514
0.789077,-0.0197137,0.574834;0.88713,-0.196439,0.247221,-0.336592
0.783996,-0.0109488,0.575458;0.888338,-0.195136,0.247881,-0.333666
0.778895,-0.00215152,0.576087;0.889535,-0.193831,0.248538,-0.330736
0.773777,0.00667274,0.57672;0.890721,-0.192524,0.249193,-0.327802
0.768647,0.0155184,0.577359;0.891896,-0.191214,0.249844,-0.324864
0.763505,0.0243801,0.578001;0.893061,-0.189902,0.250492,-0.321922
0.758357,0.0332522,0.578648;0.894214,-0.188588,0.251136,-0.318976
0.753203,0.0421294,0.579299;0.895357,-0.187272,0.251778,-0.316027
0.748048,0.0510059,0.579953;0.896489,-0.185953,0.252417,-0.313073
0.742894,0.0598765,0.580611;0.89761,-0.184632,0.253053,-0.310116
0.737744,0.0687356,0.581272;0.89872,-0.183308,0.253686,-0.307154
0.732601,0.0775777,0.581937;0.899819,-0.181983,0.254315,-0.30419
0.727468,0.0863972,0.582604;0.900908,-0.180655,0.254942,-0.301221
0.722348,0.0951888,0.583273;0.901985,-0.179325,0.255565,-0.298249
0.717244,0.103947,0.583945;0.903051,-0.177993,0.256185,-0.295273
0.712158,0.112666,0.584619;0.904107,-0.176658,0.256803,-0.292294
0.707094,0.121341,0.585295;0.905151,-0.175322,0.257417,-0.289311
0.702055,0.129966,0.585973;0.906184,-0.173983,0.258028,-0.286324
0.694548,0.142797,0.586992;0.907714,-0.171971,0.258938,-0.281838
0.687113,0.155485,0.588013;0.909218,-0.169955,0.259841,-0.277344
0.67976,0.168011,0.589037;0.910698,-0.167934,0.260738,-0.272842
0.672498,0.180357,0.590061;0.912153,-0.165908,0.261627,-0.268333
0.665337,0.192504,0.591085;0.913583,-0.163877,0.262509,-0.263817
0.658288,0.204434,0.592109;0.914988,-0.161843,0.263384,-0.259293
0.651359,0.216128,0.593132;0.916368,-0.159803,0.264252,-0.254762
0.644561,0.227567,0.594152;0.917723,-0.15776,0.265112,-0.250225
0.637904,0.238733,0.595169;0.919052,-0.155712,0.265965,-0.24568
0.631397,0.249607,0.596183;0.920357,-0.15366,0.266811,-0.241129
0.625051,0.260172,0.597192;0.921637,-0.151603,0.26765,-0.236571
0.618875,0.270407,0.598197;0.922891,-0.149543,0.268481,-0.232007
0.612879,0.280296,0.599195;0.92412,-0.147478,0.269305,-0.227437
0.607074,0.289819,0.600187;0.925324,-0.145409,0.270122,-0.22286
0.601468,0.298957,0.601171;0.926502,-0.143337,0.270931,-0.218277
0.596071,0.307693,0.602147;0.927655,-0.14126,0.271733,-0.213688
0.589219,0.318682,0.603434;0.929153,-0.138485,0.27279,-0.20756
0.582781,0.328877,0.604703;0.930606,-0.135704,0.273835,-0.201423
0.57678,0.338236,0.605952;0.932014,-0.132916,0.274865,-0.195275
0.57124,0.346714,0.607181;0.933376,-0.130121,0.275883,-0.189118
0.564997,0.356006,0.608683;0.935015,-0.126619,0.277136,-0.181409
0.558567,0.365128,0.610433;0.936889,-0.122404,0.278612,-0.17214
0.551927,0.373605,0.612666;0.939227,-0.116763,0.280533,-0.159752
0.545969,0.375564,0.617203;0.943819,-0.10399,0.284654,-0.13177
0.548647,0.36526,0.619384;0.94597,-0.0968485,0.286823,-0.116166
0.552506,0.354799,0.620561;0.947122,-0.0925494,0.288082,-0.106787
0.557082,0.343496,0.62146;0.948003,-0.0889591,0.289108,-0.0989616
0.561666,0.332702,0.622124;0.948656,-0.086082,0.289912,-0.0926961
0.567096,0.320301,0.622737;0.949263,-0.0832007,0.290703,-0.086426
0.571737,0.30992,0.623162;0.949688,-0.081037,0.291286,-0.0817207
0.576878,0.298593,0.623556;0.950087,-0.0788712,0.291862,-0.0770131
0.582527,0.2863,0.623919;0.95046,-0.0767031,0.292429,-0.0723034
0.588695,0.273024,0.624249;0.950807,-0.074533,0.292989,-0.0675918
0.5931,0.263617,0.624451;0.951024,-0.0730851,0.293358,-0.0644497
0.597742,0.25376,0.624639;0.951229,-0.0716364,0.293723,-0.0613068
0.602626,0.243446,0.624811;0.951423,-0.0701867,0.294084,-0.0581631
0.607753,0.23267,0.624967;0.951605,-0.0687362,0.294442,-0.0550187
0.613126,0.221427,0.625109;0.951776,-0.0672849,0.294797,-0.0518737
0.618749,0.209711,0.625234;0.951935,-0.0658328,0.295147,-0.048728
0.624625,0.197517,0.625343;0.952082,-0.0643798,0.295495,-0.0455818
0.630755,0.184839,0.625437;0.952218,-0.0629261,0.295838,-0.042435
0.637144,0.171671,0.625513;0.952342,-0.0614716,0.296178,-0.0392876
0.643794,0.158009,0.625573;0.952455,-0.0600164,0.296515,-0.0361398
0.650709,0.143846,0.625617;0.952556,-0.0585604,0.296848,-0.0329916
0.65789,0.129178,0.625643;0.952646,-0.0571037,0.297177,-0.029843
0.665341,0.113998,0.625651;0.952724,-0.0556463,0.297502,-0.0266939
0.673065,0.0983008,0.625642;0.952791,-0.0541883,0.297824,-0.0235446
0.681064,0.0820817,0.625615;0.952846,-0.0527296,0.298143,-0.020395
0.687609,0.0688382,0.625581;0.952881,-0.0515718,0.298393,-0.0178959
