0.800026,-0.0665254,0.486398;0.790194,-0.552368,0.242123,-0.108901
0.801168,-0.0562941,0.49033;0.788058,-0.55729,0.238232,-0.107886
0.802295,-0.0461963,0.494222;0.785886,-0.562186,0.234329,-0.106866
0.803409,-0.0362314,0.498075;0.783678,-0.567058,0.230416,-0.105841
0.80451,-0.0263988,0.501889;0.781436,-0.571904,0.226493,-0.104812
0.805597,-0.0166978,0.505664;0.779158,-0.576724,0.222559,-0.103778
0.806671,-0.00712781,0.5094;0.776845,-0.581518,0.218616,-0.102739
0.807731,0.00231173,0.513097;0.774497,-0.586287,0.214663,-0.101695
0.808779,0.0116215,0.516756;0.772115,-0.591028,0.2107,-0.100647
0.810155,0.0238336,0.521574;0.768884,-0.597309,0.205401,-0.0992431
0.811508,0.0358176,0.526325;0.765592,-0.603543,0.200086,-0.0978308
0.812837,0.0475747,0.531009;0.762239,-0.609728,0.194755,-0.0964107
0.814144,0.0591067,0.535625;0.758824,-0.615864,0.189408,-0.0949829
0.815429,0.0704148,0.540175;0.755349,-0.621951,0.184046,-0.0935474
0.816691,0.0815005,0.544658;0.751814,-0.627989,0.17867,-0.0921045
0.817931,0.0923653,0.549076;0.748218,-0.633976,0.173279,-0.0906543
0.819149,0.103011,0.553428;0.744563,-0.639912,0.167874,-0.0891968
0.820344,0.113438,0.557714;0.740848,-0.645798,0.162456,-0.0877321
0.821519,0.123649,0.561936;0.737074,-0.651631,0.157025,-0.0862605
0.822671,0.133645,0.566093;0.733242,-0.657413,0.151582,-0.0847819
0.823803,0.143427,0.570187;0.72935,-0.663142,0.146126,-0.0832966
0.824913,0.152997,0.574216;0.7254,-0.668818,0.140659,-0.0818046
0.826002,0.162356,0.578183;0.721392,-0.674441,0.13518,-0.0803061
0.827071,0.171507,0.582086;0.717327,-0.680009,0.129691,-0.0788011
0.828378,0.182652,0.586877;0.712164,-0.686894,0.122814,-0.0769111
0.829653,0.193476,0.591571;0.706913,-0.693692,0.115923,-0.0750115
0.830896,0.203981,0.596169;0.701573,-0.700404,0.109016,-0.0731025
0.832109,0.21417,0.600672;0.696146,-0.707029,0.102097,-0.0711844
0.833291,0.224046,0.605079;0.690632,-0.713565,0.0951642,-0.0692573
0.834442,0.233611,0.609393;0.685031,-0.720012,0.0882198,-0.0673217
0.835563,0.242869,0.613613;0.679345,-0.726369,0.0812643,-0.0653776
0.83687,0.253576,0.618554;0.67241,-0.733878,0.0729045,-0.0630339
0.838135,0.26385,0.623364;0.665354,-0.741254,0.0645316,-0.0606789
0.839358,0.273695,0.628043;0.658178,-0.748498,0.056147,-0.058313
0.84054,0.283115,0.632592;0.650884,-0.755607,0.0477524,-0.0559367
0.841682,0.292117,0.637013;0.643472,-0.762579,0.0393492,-0.0535502
0.842965,0.302096,0.64201;0.63468,-0.770541,0.0295366,-0.0507539
0.844195,0.311519,0.646836;0.625732,-0.778314,0.0197167,-0.0479451
0.845372,0.320395,0.651494;0.61663,-0.785896,0.00989206,-0.0451246
0.846656,0.329877,0.656612;0.606044,-0.794326,-0.00133895,-0.0418877
0.847875,0.338665,0.661515;0.595264,-0.802502,-0.0125695,-0.0386374
0.84917,0.347737,0.666778;0.58291,-0.811393,-0.025199,-0.0349661
0.850518,0.356825,0.672316;0.568906,-0.820887,-0.0392195,-0.0308703
0.851892,0.365641,0.678038;0.553173,-0.830856,-0.0546191,-0.0263472
0.853266,0.373884,0.683848;0.53563,-0.841159,-0.0713808,-0.0213949
0.854711,0.381737,0.690069;0.514676,-0.852413,-0.0908703,-0.015598
0.85633,0.389141,0.69721;0.486998,-0.865655,-0.115795,-0.00812315
0.858163,0.394631,0.705588;0.447259,-0.881718,-0.150093,0.00227777
0.860078,0.393226,0.714879;0.38592,-0.900427,-0.199963,0.0176485
0.86102,0.384439,0.71987;0.334229,-0.911083,-0.23941,0.0300276
0.861399,0.374571,0.722102;0.297137,-0.916108,-0.266393,0.038616
0.861558,0.364508,0.72319;0.266627,-0.918697,-0.287809,0.045507
0.8616,0.354184,0.72364;0.239386,-0.919881,-0.306362,0.0515331
0.861565,0.343397,0.723648;0.213717,-0.920053,-0.323367,0.0571053
0.861485,0.333315,0.723351;0.191548,-0.919483,-0.337692,0.0618372
0.861364,0.322502,0.722783;0.16924,-0.918252,-0.351774,0.0665246
0.86122,0.311983,0.722034;0.148685,-0.916543,-0.364461,0.0707794
0.861067,0.301943,0.72117;0.12992,-0.914509,-0.375803,0.0746104
0.860894,0.29147,0.720137;0.111089,-0.912018,-0.386957,0.078404
0.860704,0.280588,0.718942;0.0922038,-0.909071,-0.397918,0.0821586
0.860522,0.270464,0.717733;0.0751671,-0.90603,-0.407613,0.0855026
0.860331,0.260044,0.7164;0.0580999,-0.902623,-0.417143,0.088812
0.860133,0.249344,0.71495;0.0410093,-0.898851,-0.426504,0.0920855
0.859931,0.238381,0.713385;0.023902,-0.894715,-0.435693,0.0953217
0.859749,0.228429,0.711902;0.00868723,-0.890734,-0.443713,0.098166
0.859566,0.218294,0.710335;-0.00653033,-0.886468,-0.451591,0.100979
0.859385,0.207988,0.708687;-0.0217458,-0.88192,-0.459324,0.10376
0.859205,0.197523,0.706962;-0.0369543,-0.877089,-0.466911,0.106507
0.85903,0.186909,0.705162;-0.052151,-0.871977,-0.474349,0.10922
0.85886,0.176159,0.70329;-0.067331,-0.866587,-0.481634,0.111899
0.858697,0.165285,0.701349;-0.0824895,-0.86092,-0.488766,0.114542
0.858542,0.154298,0.699343;-0.0976217,-0.854978,-0.495742,0.117148
0.858398,0.143334,0.697297;-0.108401,-0.855257,-0.492797,0.118048
0.858274,0.133074,0.695345;-0.117263,-0.857147,-0.487364,0.118422
0.85816,0.122741,0.693343;-0.126112,-0.858942,-0.481877,0.118782
0.858055,0.112338,0.691292;-0.134946,-0.86064,-0.476336,0.11913
0.857962,0.10187,0.689193;-0.143766,-0.862242,-0.470742,0.119464
0.857879,0.0913418,0.687048;-0.152569,-0.863748,-0.465095,0.119784
0.857809,0.0807587,0.684858;-0.161356,-0.865157,-0.459396,0.120092
0.857751,0.0701252,0.682625;-0.170124,-0.86647,-0.453646,0.120385
0.857706,0.0594459,0.680349;-0.178873,-0.867686,-0.447845,0.120666
0.857674,0.0487257,0.678031;-0.187603,-0.868805,-0.441994,0.120933
0.857657,0.0379694,0.675673;-0.196311,-0.869826,-0.436094,0.121186
0.857654,0.0271816,0.673277;-0.204998,-0.870751,-0.430145,0.121426
0.857667,0.0163671,0.670843;-0.213661,-0.871578,-0.424148,0.121652
0.857695,0.00553083,0.668373;-0.222301,-0.872308,-0.418103,0.121865
0.85774,-0.0053226,0.665867;-0.230916,-0.87294,-0.412012,0.122064
0.857802,-0.0161884,0.663328;-0.239505,-0.873475,-0.405875,0.122249
0.857881,-0.0270618,0.660756;-0.248067,-0.873912,-0.399692,0.122421
0.857979,-0.037938,0.658153;-0.256602,-0.874251,-0.393465,0.122579
0.858095,-0.0488123,0.655519;-0.265107,-0.874493,-0.387193,0.122724
0.85823,-0.0596799,0.652857;-0.273584,-0.874637,-0.380879,0.122854
0.858386,-0.070536,0.650167;-0.282029,-0.874683,-0.374522,0.122971
0.858562,-0.0813759,0.647451;-0.290443,-0.874632,-0.368123,0.123074
0.858758,-0.0921949,0.644709;-0.298825,-0.874483,-0.361682,0.123164
0.858977,-0.102988,0.641944;-0.307173,-0.874236,-0.355202,0.123239
0.859217,-0.113751,0.639156;-0.315487,-0.873891,-0.348682,0.123301
0.85948,-0.124478,0.636346;-0.323766,-0.873449,-0.342122,0.123349
0.859767,-0.135166,0.633517;-0.332009,-0.872909,-0.335525,0.123384
0.860077,-0.145808,0.630668;-0.340214,-0.872271,-0.32889,0.123404
0.860412,-0.156401,0.627802;-0.348381,-0.871536,-0.322218,0.123411
0.860772,-0.16694,0.624919;-0.35651,-0.870704,-0.31551,0.123404
0.861157,-0.177419,0.622021;-0.364598,-0.869774,-0.308767,0.123383
0.861569,-0.187835,0.61911;-0.372646,-0.868747,-0.30199,0.123349
0.862007,-0.198182,0.616185;-0.380652,-0.867623,-0.295179,0.1233
0.862473,-0.208456,0.613249;-0.388616,-0.866402,-0.288335,0.123238
0.862966,-0.218652,0.610303;-0.396536,-0.865085,-0.281458,0.123162
0.863488,-0.228764,0.607347;-0.404412,-0.86367,-0.27455,0.123072
0.864039,-0.238789,0.604384;-0.412243,-0.862159,-0.267612,0.122969
0.864619,-0.248722,0.601415;-0.420028,-0.860552,-0.260643,0.122852
0.86523,-0.258557,0.59844;-0.427765,-0.858848,-0.253645,0.122721
0.865871,-0.268291,0.595461;-0.435455,-0.857049,-0.246619,0.122576
0.866544,-0.277918,0.59248;-0.443097,-0.855154,-0.239566,0.122418
0.867369,-0.289008,0.588999;-0.451949,-0.852822,-0.231303,0.122216
0.868238,-0.299938,0.585519;-0.460732,-0.85036,-0.223005,0.121995
0.869152,-0.310702,0.58204;-0.469445,-0.847769,-0.214673,0.121756
0.870113,-0.321291,0.578566;-0.478087,-0.845049,-0.206308,0.121498
0.87112,-0.331699,0.575097;-0.486656,-0.8422,-0.197912,0.121222
0.872176,-0.341917,0.571635;-0.495152,-0.839224,-0.189486,0.120927
0.87328,-0.351937,0.568184;-0.503571,-0.83612,-0.181031,0.120614
0.874434,-0.361753,0.564744;-0.511915,-0.832888,-0.172548,0.120283
0.875639,-0.371357,0.561319;-0.52018,-0.82953,-0.16404,0.119933
0.876895,-0.380741,0.557908;-0.528366,-0.826046,-0.155506,0.119565
0.878395,-0.391187,0.554033;-0.537623,-0.82191,-0.145724,0.119123
0.879965,-0.401324,0.550183;-0.546774,-0.81761,-0.135913,0.118656
0.881606,-0.411142,0.546362;-0.555815,-0.813149,-0.126076,0.118166
0.88332,-0.420629,0.542574;-0.564747,-0.808525,-0.116213,0.117653
0.885107,-0.429774,0.53882;-0.573566,-0.803742,-0.106327,0.117116
0.887208,-0.439639,0.534642;-0.583351,-0.798169,-0.0951805,0.116484
0.889407,-0.44904,0.530516;-0.59299,-0.792396,-0.0840098,0.115823
0.891704,-0.457962,0.526447;-0.602479,-0.786423,-0.0728181,0.115133
0.894376,-0.467294,0.521996;-0.612845,-0.779555,-0.0603614,0.114332
0.897175,-0.475992,0.517626;-0.623021,-0.772445,-0.047886,0.113496
0.900404,-0.484801,0.512918;-0.633991,-0.764347,-0.0341461,0.112535
0.90411,-0.493471,0.50791;-0.645686,-0.755185,-0.0191426,0.111439
0.908347,-0.501714,0.502647;-0.65803,-0.744879,-0.00287943,0.110195
0.913173,-0.509201,0.497181;-0.670937,-0.733344,0.0146362,0.108791
0.918656,-0.515554,0.491575;-0.684314,-0.720489,0.0333929,0.107214
0.925317,-0.520603,0.48552;-0.70205,-0.702822,0.0470032,0.104679
0.932985,-0.523418,0.479394;-0.727484,-0.677344,0.0436743,0.100324
0.941557,-0.523591,0.473364;-0.753362,-0.649388,0.0400865,0.0955677
0.950001,-0.521303,0.468077;-0.776775,-0.622099,0.0366432,0.0909449
0.958187,-0.517146,0.463444;-0.79787,-0.59566,0.033358,0.0864837
0.966015,-0.511629,0.459388;-0.816796,-0.570238,0.0302425,0.0822091
0.973407,-0.505181,0.455839;-0.8337,-0.545979,0.0273064,0.0781427
0.980309,-0.498167,0.452739;-0.848725,-0.523012,0.024558,0.0743038
0.986682,-0.490889,0.450035;-0.862011,-0.501452,0.0220041,0.0707089
0.993029,-0.482909,0.447475;-0.874726,-0.47956,0.0194356,0.0670674
0.998802,-0.475034,0.445249;-0.885875,-0.459214,0.0170698,0.0636903
1.00451,-0.466676,0.443132;-0.896532,-0.438613,0.0146946,0.0602778
1.01013,-0.457886,0.441119;-0.906691,-0.417768,0.0123112,0.0568319
1.01565,-0.448716,0.439203;-0.916346,-0.396692,0.00992093,0.0533544
1.02056,-0.440092,0.437542;-0.924683,-0.37734,0.00774317,0.0501673
1.02534,-0.431234,0.435953;-0.932595,-0.357815,0.00556186,0.0469572
1.02999,-0.422182,0.434432;-0.940079,-0.338125,0.003378,0.0437255
1.03449,-0.412973,0.432974;-0.947131,-0.318281,0.00119259,0.0404738
1.03883,-0.403646,0.431575;-0.953749,-0.29829,-0.000993374,0.0372035
1.04298,-0.39424,0.430232;-0.95993,-0.278163,-0.00317888,0.0339161
1.04694,-0.384792,0.428939;-0.96567,-0.257908,-0.00536293,0.0306131
1.05068,-0.375342,0.427692;-0.970966,-0.237534,-0.00754451,0.0272961
1.0542,-0.365928,0.426488;-0.975817,-0.217052,-0.00972263,0.0239666
1.05778,-0.355661,0.425206;-0.980636,-0.194407,-0.0121134,0.0202915
1.06105,-0.345535,0.423965;-0.984911,-0.171653,-0.0144974,0.0166051
1.06399,-0.335601,0.422758;-0.988638,-0.148805,-0.0168734,0.0129095
1.06657,-0.325912,0.42158;-0.991817,-0.125874,-0.01924,0.00920673
1.06895,-0.315681,0.420321;-0.994656,-0.100778,-0.0218095,0.00516158
1.07086,-0.305867,0.419083;-0.996839,-0.0756167,-0.0243646,0.00111302
1.07236,-0.295785,0.417755;-0.998459,-0.0483022,-0.0271144,-0.00327366
1.07328,-0.28566,0.416331;-0.999339,-0.0188454,-0.0300521,-0.00799485
1.07342,-0.275773,0.4148;-0.999283,0.0127336,-0.0331697,-0.0130452
1.07245,-0.26593,0.413039;-0.997974,0.0485054,-0.0366613,-0.0187523
1.06967,-0.25645,0.410905;-0.994739,0.0905041,-0.0407065,-0.0254342
1.06388,-0.248507,0.408222;-0.990196,0.125867,-0.0480029,-0.0369548
1.05516,-0.244406,0.405318;-0.991505,0.0886987,-0.0680474,-0.0664862
1.0454,-0.243676,0.40266;-0.990489,0.0559793,-0.0854398,-0.092184
1.03562,-0.244817,0.40032;-0.988014,0.027841,-0.100211,-0.114063
1.02595,-0.246957,0.398209;-0.984575,0.00279286,-0.113215,-0.13337
1.01614,-0.249743,0.396218;-0.980294,-0.0206933,-0.125286,-0.151326
1.00641,-0.252877,0.394358;-0.97538,-0.0425948,-0.136434,-0.167945
0.99692,-0.256129,0.39264;-0.970027,-0.0628979,-0.146677,-0.183241
0.987058,-0.2596,0.390936;-0.963918,-0.0831519,-0.156804,-0.198394
0.977664,-0.262908,0.389384;-0.957612,-0.101791,-0.166045,-0.212244
0.968034,-0.26623,0.387858;-0.950669,-0.120362,-0.175175,-0.225953
0.958208,-0.26948,0.386363;-0.943095,-0.138853,-0.184189,-0.239512
0.948225,-0.272577,0.384905;-0.934894,-0.157252,-0.19308,-0.252912
0.938127,-0.275435,0.383491;-0.926072,-0.175547,-0.201843,-0.266144
0.927952,-0.277972,0.382126;-0.916635,-0.193724,-0.210472,-0.279199
0.917743,-0.280104,0.380817;-0.906589,-0.211774,-0.218961,-0.292069
0.907538,-0.281747,0.379569;-0.895941,-0.229682,-0.227305,-0.304744
0.897378,-0.282817,0.378389;-0.884697,-0.247438,-0.235497,-0.317217
0.887303,-0.283231,0.377281;-0.872865,-0.265029,-0.243533,-0.32948
0.877353,-0.282905,0.376254;-0.860454,-0.282445,-0.251408,-0.341523
0.866763,-0.28162,0.375236;-0.846363,-0.301099,-0.25975,-0.354314
0.856419,-0.279261,0.374327;-0.831613,-0.319519,-0.267889,-0.366828
0.846371,-0.275723,0.373532;-0.816214,-0.33769,-0.275819,-0.379057
0.837403,-0.271318,0.372908;-0.801434,-0.354229,-0.282949,-0.390083
0.828773,-0.265734,0.372394;-0.786122,-0.370533,-0.289891,-0.400849
0.820519,-0.258887,0.371997;-0.770288,-0.386591,-0.29664,-0.411349
0.813319,-0.25143,0.371741;-0.755323,-0.401086,-0.302654,-0.420735
0.8065,-0.242776,0.371592;-0.739937,-0.415356,-0.308498,-0.429885
0.800659,-0.233817,0.371554;-0.725591,-0.428128,-0.313662,-0.437995
0.795712,-0.224823,0.371602;-0.712393,-0.439455,-0.318186,-0.445122
0.791077,-0.214911,0.37173;-0.698929,-0.450617,-0.322591,-0.452082
0.787233,-0.2053,0.371914;-0.686741,-0.460397,-0.326405,-0.458128
0.783661,-0.194911,0.372164;-0.67435,-0.470042,-0.330123,-0.464037
0.780768,-0.185163,0.372441;-0.663345,-0.478367,-0.333297,-0.469096
0.778099,-0.174783,0.372771;-0.65219,-0.486584,-0.336395,-0.474049
0.775665,-0.163756,0.373156;-0.640887,-0.494691,-0.339417,-0.478895
0.773586,-0.152736,0.373572;-0.644531,-0.490663,-0.342143,-0.476202
0.771889,-0.142276,0.373989;-0.654836,-0.481162,-0.344498,-0.4701
0.770359,-0.131375,0.374443;-0.664985,-0.471546,-0.346771,-0.463885
0.768989,-0.120058,0.37493;-0.674974,-0.461818,-0.348961,-0.45756
0.767938,-0.110047,0.375372;-0.683408,-0.453391,-0.350771,-0.452051
0.766996,-0.099769,0.375835;-0.691722,-0.444884,-0.35252,-0.446462
0.766159,-0.0892394,0.376316;-0.699914,-0.4363,-0.354207,-0.440795
0.765423,-0.0784757,0.376814;-0.707983,-0.427638,-0.355832,-0.435051
0.764783,-0.0674948,0.377328;-0.715928,-0.418902,-0.357394,-0.42923
0.764237,-0.0563138,0.377855;-0.723747,-0.410092,-0.358893,-0.423333
0.763779,-0.0449497,0.378393;-0.731438,-0.401209,-0.36033,-0.417362
0.763406,-0.0334196,0.37894;-0.739002,-0.392257,-0.361703,-0.411318
0.763114,-0.0217404,0.379496;-0.746435,-0.383235,-0.363012,-0.405202
0.762899,-0.00992912,0.380057;-0.753737,-0.374146,-0.364258,-0.399014
0.762757,0.00199716,0.380623;-0.760906,-0.364991,-0.365439,-0.392756
0.76269,0.0120113,0.381096;-0.766779,-0.357313,-0.366375,-0.387489
0.762669,0.0220837,0.381569;-0.772558,-0.349591,-0.367266,-0.382174
0.762691,0.0322044,0.382042;-0.778242,-0.341827,-0.368112,-0.376812
0.762754,0.0423636,0.382513;-0.783832,-0.334021,-0.368913,-0.371405
0.762855,0.0525515,0.382981;-0.789326,-0.326174,-0.369669,-0.365952
0.762992,0.0627582,0.383446;-0.794723,-0.318287,-0.37038,-0.360454
0.763163,0.0729738,0.383906;-0.800024,-0.310361,-0.371045,-0.354913
0.763365,0.0831886,0.38436;-0.805227,-0.302398,-0.371666,-0.349328
0.763595,0.0933926,0.384807;-0.810331,-0.294398,-0.372241,-0.3437
0.763853,0.103576,0.385246;-0.815337,-0.286361,-0.37277,-0.338031
0.764134,0.113729,0.385675;-0.820243,-0.27829,-0.373255,-0.33232
0.764438,0.123842,0.386095;-0.825049,-0.270185,-0.373693,-0.326569
0.764761,0.133904,0.386503;-0.829755,-0.262047,-0.374086,-0.320777
0.765102,0.143907,0.386899;-0.834359,-0.253876,-0.374433,-0.314947
0.76553,0.155817,0.387357;-0.839749,-0.244031,-0.37479,-0.3079
0.765975,0.16761,0.387793;-0.844992,-0.234143,-0.37508,-0.300799
0.766434,0.179268,0.388206;-0.850086,-0.224214,-0.375305,-0.293645
0.766902,0.190774,0.388595;-0.855031,-0.214246,-0.375464,-0.286439
0.767376,0.202112,0.388957;-0.859826,-0.20424,-0.375556,-0.279183
0.76785,0.213264,0.38929;-0.864469,-0.194198,-0.375583,-0.271878
0.768322,0.224213,0.389594;-0.868961,-0.184121,-0.375543,-0.264525
0.768787,0.234943,0.389865;-0.8733,-0.174013,-0.375438,-0.257126
0.769242,0.245436,0.390102;-0.877485,-0.163874,-0.375267,-0.249681
0.769681,0.255675,0.390303;-0.881516,-0.153706,-0.375029,-0.242193
0.770169,0.267277,0.39049;-0.886023,-0.141809,-0.374669,-0.233402
0.770625,0.278484,0.390623;-0.890318,-0.129879,-0.374219,-0.224556
0.771043,0.289268,0.390699;-0.8944,-0.117917,-0.37368,-0.215657
0.771415,0.299603,0.390714;-0.898268,-0.105927,-0.373051,-0.206705
0.771777,0.310829,0.390655;-0.902425,-0.0921937,-0.372223,-0.196415
0.772063,0.321392,0.390509;-0.906301,-0.0784314,-0.371279,-0.186063
0.77228,0.332433,0.390236;-0.910322,-0.0629197,-0.370078,-0.174347
0.772374,0.342526,0.389842;-0.913983,-0.0473831,-0.368731,-0.162563
0.772318,0.35256,0.389253;-0.917628,-0.0300985,-0.367063,-0.149394
0.772002,0.362852,0.388328;-0.921409,-0.00933834,-0.364825,-0.133496
0.771178,0.372838,0.386812;-0.925224,0.0166194,-0.361667,-0.113492
0.768583,0.381689,0.383327;-0.929324,0.0598276,-0.355523,-0.0798869
0.762862,0.37752,0.377164;-0.930468,0.113138,-0.3464,-0.0378893
0.758945,0.368839,0.373382;-0.929455,0.138758,-0.341399,-0.0174918
0.755547,0.359497,0.370252;-0.928063,0.157451,-0.337494,-0.00252018
0.752415,0.349898,0.36746;-0.926516,0.172676,-0.33415,0.00973083
0.749354,0.339838,0.364796;-0.924834,0.186152,-0.331066,0.0206175
0.746453,0.329823,0.362322;-0.923124,0.197897,-0.328284,0.0301382
0.743797,0.320317,0.360093;-0.921483,0.207926,-0.325836,0.0382932
0.74098,0.309941,0.357761;-0.91968,0.217918,-0.323331,0.0464414
0.737998,0.298679,0.355325;-0.917716,0.227873,-0.320769,0.0545815
0.735384,0.288605,0.353214;-0.915956,0.236137,-0.318591,0.0613576
0.73265,0.277894,0.351028;-0.914083,0.244373,-0.316374,0.0681262
0.729794,0.266535,0.348767;-0.9121,0.252579,-0.314118,0.0748865
0.727419,0.256976,0.346902;-0.910432,0.259122,-0.312286,0.0802882
0.724964,0.246991,0.344988;-0.908694,0.265644,-0.31043,0.0856836
0.722426,0.236576,0.343023;-0.906885,0.272146,-0.308549,0.0910724
0.719805,0.225726,0.341008;-0.905005,0.278626,-0.306644,0.096454
0.7171,0.214435,0.338941;-0.903054,0.285085,-0.304715,0.101828
0.714309,0.202698,0.336822;-0.901033,0.291521,-0.302763,0.107194
0.711431,0.190511,0.334651;-0.898941,0.297935,-0.300786,0.112552
0.708465,0.177868,0.332427;-0.896779,0.304325,-0.298787,0.117901
0.706182,0.168083,0.330724;-0.895111,0.309102,-0.297272,0.121907
0.703848,0.158038,0.32899;-0.893404,0.313866,-0.295743,0.125907
0.701463,0.147729,0.327226;-0.891658,0.318615,-0.294202,0.129902
0.699027,0.137154,0.325431;-0.889873,0.323351,-0.292648,0.133891
0.696538,0.126312,0.323605;-0.888049,0.328073,-0.291081,0.137874
