0.824632,-0.49816,0.513426;0.839877,0.488248,-0.0564175,-0.230299
0.819853,-0.490359,0.518379;0.848517,0.469909,-0.04243,-0.239592
0.81545,-0.482173,0.523464;0.856569,0.451244,-0.0284131,-0.248718
0.811413,-0.473617,0.528667;0.864028,0.432266,-0.0143765,-0.257672
0.808002,-0.465404,0.533561;0.870382,0.414482,-0.00141058,-0.265778
0.804883,-0.4569,0.538531;0.876222,0.396453,0.0115562,-0.273728
0.802049,-0.448118,0.543566;0.881544,0.37819,0.0245161,-0.281517
0.79949,-0.43907,0.548653;0.886346,0.359703,0.0374616,-0.289139
0.797199,-0.429768,0.553782;0.890624,0.341004,0.0503849,-0.29659
0.795325,-0.421028,0.55851;0.894084,0.323687,0.0622054,-0.303266
0.793662,-0.412094,0.563253;0.897101,0.306208,0.073995,-0.309792
0.792201,-0.402975,0.568004;0.899672,0.288578,0.0857478,-0.316165
0.790938,-0.393679,0.572752;0.901797,0.270805,0.0974582,-0.32238
0.789865,-0.384218,0.577489;0.903474,0.252897,0.10912,-0.328436
0.788974,-0.374599,0.582207;0.904703,0.234864,0.120728,-0.334328
0.78826,-0.364832,0.586896;0.905484,0.216714,0.132276,-0.340055
0.787716,-0.354927,0.591547;0.905815,0.198456,0.143758,-0.345613
0.787363,-0.345809,0.595735;0.905725,0.181773,0.154135,-0.350517
0.787139,-0.336592,0.599877;0.905265,0.165015,0.164448,-0.355277
0.78704,-0.327281,0.603968;0.904433,0.14819,0.174694,-0.359892
0.787061,-0.317884,0.608;0.903231,0.131304,0.184869,-0.364359
0.787196,-0.308408,0.611966;0.901658,0.114364,0.194967,-0.368676
0.78744,-0.29886,0.61586;0.899715,0.0973766,0.204986,-0.372843
0.787788,-0.289246,0.619676;0.897403,0.0803497,0.214921,-0.376856
0.788235,-0.279575,0.623405;0.894723,0.0632899,0.224767,-0.380715
0.788777,-0.269852,0.627043;0.891677,0.0462041,0.234522,-0.384418
0.789408,-0.260084,0.630581;0.888265,0.0290993,0.24418,-0.387963
0.790122,-0.250279,0.634013;0.884488,0.0119826,0.253738,-0.391349
0.790915,-0.240444,0.637333;0.880349,-0.00513898,0.263192,-0.394575
0.791783,-0.230585,0.640534;0.875849,-0.0222585,0.272538,-0.397639
0.792719,-0.220709,0.643609;0.870989,-0.0393688,0.281772,-0.40054
0.793718,-0.210824,0.646551;0.865773,-0.0564631,0.290891,-0.403276
0.794777,-0.200936,0.649353;0.860201,-0.0735341,0.29989,-0.405847
0.795889,-0.191053,0.65201;0.854277,-0.0905751,0.308767,-0.408252
0.797049,-0.18118,0.654514;0.848003,-0.107579,0.317516,-0.410489
0.798253,-0.171326,0.656858;0.84138,-0.124538,0.326136,-0.412558
0.799495,-0.161492,0.659037;0.836886,-0.134837,0.333803,-0.41233
0.800762,-0.151766,0.661029;0.843182,-0.115159,0.33754,-0.402304
0.802179,-0.141195,0.663004;0.84953,-0.0936207,0.341409,-0.391118
0.80363,-0.130672,0.66477;0.855331,-0.0720224,0.345057,-0.379681
0.805113,-0.120202,0.666321;0.86058,-0.0503777,0.348483,-0.367999
0.806623,-0.10979,0.667655;0.865276,-0.0287006,0.351685,-0.356079
0.808159,-0.0994406,0.668766;0.869413,-0.00700496,0.35466,-0.343931
0.809718,-0.0891605,0.66965;0.872991,0.0146952,0.357406,-0.33156
0.811296,-0.0789545,0.670304;0.876006,0.0363859,0.359922,-0.318977
0.812891,-0.068828,0.670724;0.878456,0.0580531,0.362207,-0.306187
0.814499,-0.0587863,0.670905;0.880341,0.0796829,0.364258,-0.293201
0.816119,-0.0488348,0.670843;0.881659,0.101261,0.366074,-0.280025
0.817882,-0.038162,0.670497;0.882445,0.124564,0.367775,-0.265548
0.819651,-0.0276082,0.669857;0.882564,0.147773,0.369199,-0.250871
0.821422,-0.0171802,0.668916;0.882016,0.170869,0.370343,-0.236003
0.823192,-0.00688468,0.66767;0.880801,0.193837,0.371207,-0.220958
0.824956,0.00327141,0.666114;0.87892,0.216658,0.371791,-0.205745
0.826711,0.0132813,0.664242;0.876374,0.239315,0.372093,-0.190377
0.828453,0.0231382,0.662049;0.873166,0.261791,0.372114,-0.174864
0.83018,0.0328353,0.65953;0.869298,0.284069,0.371854,-0.15922
0.831886,0.0423657,0.656679;0.864772,0.306133,0.371312,-0.143455
0.833568,0.0517227,0.653492;0.859592,0.327965,0.37049,-0.127582
0.835349,0.0615977,0.649678;0.853288,0.351199,0.369292,-0.11038
0.837093,0.0712552,0.64546;0.846235,0.374124,0.367769,-0.093081
0.838797,0.0806866,0.640833;0.83844,0.396722,0.365924,-0.0757006
0.840455,0.0898834,0.635791;0.829909,0.418971,0.363758,-0.0582539
0.842063,0.0988372,0.630326;0.820651,0.440854,0.361273,-0.0407561
0.843616,0.107539,0.624432;0.810674,0.46235,0.358472,-0.0232226
0.84511,0.115982,0.618103;0.799985,0.48344,0.355356,-0.00566872
0.846539,0.124155,0.611332;0.788595,0.504106,0.351928,0.0118901
0.847806,0.131497,0.604644;0.777399,0.522901,0.348469,0.0281858
0.849009,0.138593,0.597564;0.765616,0.5413,0.344746,0.0444601
0.850147,0.145437,0.590086;0.753253,0.55929,0.340763,0.0607009
0.851199,0.15193,0.582321;0.740507,0.576613,0.336583,0.0766678
0.85225,0.158613,0.573556;0.749911,0.562547,0.340874,0.0705624
0.85322,0.165004,0.564386;0.759059,0.548288,0.345049,0.0644329
0.854016,0.170445,0.555938;0.766972,0.535456,0.34866,0.0589659
0.854751,0.175664,0.547246;0.774679,0.522479,0.352177,0.0534829
0.855427,0.180667,0.538349;0.782175,0.509361,0.355599,0.0479855
0.856044,0.185456,0.52928;0.789461,0.496105,0.358925,0.0424752
0.856605,0.190037,0.520078;0.796533,0.482715,0.362154,0.0369533
0.857111,0.194413,0.510778;0.80339,0.469195,0.365285,0.0314215
0.857563,0.198589,0.501416;0.81003,0.455548,0.368318,0.0258811
0.857962,0.202569,0.492028;0.816451,0.441778,0.371251,0.0203338
0.85831,0.206357,0.482651;0.822651,0.427889,0.374083,0.014781
0.858608,0.209958,0.473321;0.828629,0.413884,0.376815,0.00922419
0.858885,0.21379,0.462925;0.835086,0.397995,0.379766,0.00296988
0.859103,0.217397,0.452686;0.841258,0.381969,0.382587,-0.00328545
0.859263,0.220784,0.442655;0.847143,0.365813,0.385278,-0.00953966
0.859368,0.223958,0.432883;0.852737,0.349532,0.387836,-0.0157906
0.859422,0.22724,0.422393;0.858611,0.331302,0.390524,-0.0227297
0.859412,0.230276,0.412357;0.864123,0.312933,0.393046,-0.0296591
0.859331,0.233338,0.401927;0.869764,0.292573,0.395629,-0.037267
0.85918,0.236121,0.392227;0.874961,0.272065,0.39801,-0.0448558
0.858939,0.238853,0.382588;0.88012,0.249534,0.400376,-0.0531082
0.858565,0.241656,0.372744;0.885463,0.223057,0.402828,-0.0626949
0.857984,0.244536,0.363087;0.890965,0.19066,0.405357,-0.0742653
0.856809,0.248026,0.353739;0.897468,0.138744,0.408356,-0.09245
0.854086,0.251396,0.359193;0.900302,0.103358,0.409673,-0.104598
0.85287,0.25174,0.369568;0.897329,0.14015,0.408292,-0.0919633
0.851959,0.251554,0.379675;0.894262,0.167126,0.406875,-0.0825624
0.851183,0.251057,0.38975;0.891045,0.190139,0.405393,-0.0744498
0.850486,0.250302,0.399965;0.887619,0.211133,0.403818,-0.0669734
0.849871,0.249348,0.409941;0.884112,0.230126,0.402207,-0.0601469
0.849282,0.24812,0.420464;0.880231,0.249021,0.400427,-0.053295
0.848723,0.246601,0.431426;0.875979,0.267811,0.398477,-0.0464206
0.848253,0.244973,0.44158;0.871835,0.284626,0.396578,-0.0402167
0.847818,0.243083,0.451926;0.867394,0.301343,0.394544,-0.0339992
0.847423,0.240919,0.462386;0.862655,0.317957,0.392375,-0.02777
0.847073,0.238469,0.472882;0.857622,0.334463,0.390071,-0.0215313
0.846772,0.23572,0.483337;0.852296,0.350854,0.387634,-0.0152852
0.846526,0.232661,0.493673;0.846677,0.367125,0.385065,-0.00903392
0.846338,0.229278,0.503812;0.84077,0.38327,0.382364,-0.00277954
0.846215,0.225559,0.513677;0.834575,0.399285,0.379532,0.00347579
0.846159,0.221492,0.523189;0.828094,0.415163,0.37657,0.00972993
0.846176,0.217064,0.532271;0.82133,0.430899,0.37348,0.0159807
0.846287,0.211706,0.541763;0.813486,0.44821,0.369896,0.0229196
0.8465,0.205871,0.550521;0.805298,0.465332,0.366157,0.0298487
0.846822,0.199541,0.558439;0.79677,0.482258,0.362262,0.0367653
0.84731,0.191986,0.56605;0.787,0.50064,0.357802,0.0443555
0.847945,0.183789,0.572373;0.776829,0.518767,0.353159,0.051923
0.848738,0.174928,0.577266;0.766261,0.536629,0.348335,0.059464
0.849696,0.16538,0.580587;0.755301,0.554217,0.343334,0.0669746
0.850827,0.155122,0.582194;0.743956,0.571522,0.338157,0.074451
0.852159,0.143992,0.581951;0.748955,0.567529,0.333778,0.0746263
0.853581,0.132908,0.580081;0.760026,0.55527,0.329952,0.0718851
0.854953,0.122827,0.577288;0.769529,0.544409,0.326525,0.0694692
0.856439,0.112476,0.573545;0.778858,0.533425,0.323023,0.0670375
0.858033,0.101935,0.568977;0.788011,0.522321,0.319449,0.0645907
0.859482,0.0928107,0.5645;0.795715,0.512709,0.316327,0.0624819
0.861003,0.0836583,0.559587;0.803287,0.503012,0.313154,0.0603626
0.862594,0.0745291,0.554316;0.810726,0.493232,0.309928,0.0582334
0.864252,0.0654742,0.548765;0.81803,0.483369,0.306651,0.0560944
0.865972,0.0565451,0.543014;0.825198,0.473427,0.303323,0.0539462
0.867753,0.0477929,0.537141;0.83223,0.463406,0.299944,0.051789
0.86959,0.039269,0.531224;0.839123,0.453308,0.296516,0.0496232
0.871481,0.0310247,0.525341;0.845877,0.443135,0.293039,0.0474492
0.87375,0.0218281,0.518627;0.85358,0.431173,0.28892,0.044903
0.876082,0.0131632,0.512191;0.861089,0.419114,0.284737,0.0423466
0.878472,0.00511154,0.506158;0.868405,0.406961,0.280489,0.0397806
0.881268,-0.00323508,0.499916;0.876524,0.392958,0.275557,0.0368371
0.884487,-0.0113892,0.493949;0.88535,0.377068,0.269911,0.0335127
0.888511,-0.0193345,0.488547;0.895688,0.357455,0.262874,0.0294326
0.894882,-0.0265446,0.485354;0.91068,0.326756,0.251711,0.0230957
0.902138,-0.0260464,0.491141;0.926,0.291933,0.23884,0.0159772
0.906367,-0.0210162,0.499943;0.934166,0.271546,0.231205,0.0118431
0.909441,-0.0149452,0.509206;0.939779,0.256624,0.225571,0.00883214
0.91174,-0.00897549,0.517861;0.943806,0.245382,0.221301,0.00657219
0.913649,-0.00303196,0.526256;0.947043,0.235983,0.217715,0.00468805
0.91555,0.00382392,0.535773;0.95017,0.226556,0.214105,0.00280336
0.917064,0.00998548,0.544225;0.952593,0.218996,0.211198,0.00129537
0.918571,0.0167651,0.553449;0.954946,0.21142,0.208276,-0.000212714
