0.741878,0.083858,0.694453;0.450857,0.87055,-0.0307399,0.194745
0.747905,0.0885051,0.687954;0.468639,0.86007,-0.0246338,0.200127
0.754432,0.0935773,0.681032;0.487932,0.848053,-0.0179032,0.205932
0.76085,0.0986081,0.674347;0.506934,0.835531,-0.011162,0.211615
0.767161,0.103598,0.667895;0.525635,0.822512,-0.00441413,0.217172
0.773367,0.108547,0.661672;0.544022,0.809002,0.00233638,0.222599
0.780017,0.1139,0.655141;0.563711,0.793715,0.00969885,0.228369
0.786543,0.119205,0.648875;0.583001,0.777865,0.0170544,0.233976
0.792948,0.124463,0.642871;0.601877,0.761464,0.0243979,0.239418
0.79975,0.130106,0.636655;0.621844,0.743088,0.0323337,0.245122
0.806412,0.135695,0.630735;0.641294,0.724093,0.0402426,0.250621
0.812936,0.14123,0.625105;0.660211,0.704496,0.048118,0.255913
0.819809,0.14713,0.619361;0.679968,0.682737,0.0565543,0.261373
0.826526,0.152969,0.61394;0.699069,0.660319,0.064936,0.26658
0.833089,0.158748,0.608837;0.717495,0.637264,0.073255,0.271531
0.839953,0.164872,0.603713;0.73647,0.61188,0.0820896,0.276545
0.846645,0.170928,0.598937;0.754628,0.585819,0.0908333,0.281252
0.853598,0.177314,0.594216;0.773075,0.557305,0.100049,0.285929
0.860362,0.183624,0.589872;0.790548,0.52809,0.109138,0.290247
0.867346,0.190246,0.585658;0.808022,0.49632,0.118645,0.294433
0.874124,0.196784,0.581845;0.824345,0.463845,0.127983,0.2982
0.881081,0.203618,0.578231;0.840351,0.42874,0.137671,0.301727
0.887817,0.210361,0.575041;0.855016,0.392952,0.14714,0.304772
0.894692,0.217381,0.572115;0.869016,0.354497,0.15688,0.307459
0.901675,0.224665,0.569507;0.882085,0.313339,0.166831,0.309697
0.908402,0.231842,0.567365;0.893417,0.271564,0.176454,0.311326
0.915198,0.239265,0.565595;0.903422,0.227127,0.186183,0.312376
0.922031,0.246919,0.564243;0.911799,0.180046,0.195942,0.312749
0.92858,0.254451,0.563379;0.918005,0.132536,0.205235,0.312377
0.935132,0.262198,0.562969;0.922155,0.0825312,0.214426,0.311192
0.941658,0.270144,0.563048;0.923925,0.030125,0.223422,0.309093
0.947876,0.277954,0.56361;0.923076,-0.0223666,0.231784,0.306116
0.95404,0.285948,0.564673;0.919408,-0.0769757,0.239796,0.302094
0.960123,0.294113,0.566255;0.912595,-0.133516,0.247345,0.296925
0.965886,0.302129,0.568279;0.902745,-0.189611,0.254072,0.290768
0.971547,0.310301,0.570804;0.889339,-0.247194,0.260162,0.28335
0.977036,0.318539,0.573796;0.875381,-0.295621,0.263757,0.277034
0.982252,0.326692,0.577176;0.886985,-0.255529,0.251445,0.291098
0.987151,0.334688,0.58089;0.896734,-0.214901,0.238606,0.304552
0.99196,0.342917,0.585119;0.904952,-0.171761,0.224589,0.317993
0.996431,0.350975,0.589654;0.911083,-0.128224,0.210055,0.330701
1.00057,0.358864,0.594465;0.915113,-0.0843916,0.195035,0.342647
1.00456,0.366947,0.599767;0.917072,-0.038265,0.178819,0.354313
1.00819,0.374848,0.6053;0.91671,0.00795849,0.162151,0.365083
1.01148,0.382566,0.61103;0.914029,0.0541618,0.145072,0.374929
1.01443,0.390103,0.61692;0.909034,0.100228,0.127626,0.383826
1.01716,0.39779,0.62321;0.901353,0.148115,0.109042,0.392089
1.01953,0.405283,0.629595;0.891179,0.195593,0.090157,0.399267
1.02163,0.412895,0.636315;0.877936,0.244556,0.0701856,0.40558
1.02337,0.420297,0.643047;0.862048,0.292782,0.0500029,0.410672
1.02478,0.427787,0.650022;0.842739,0.342078,0.02882,0.41466
1.02582,0.435054,0.656906;0.820676,0.390257,0.00754293,0.417293
1.0265,0.442376,0.663914;0.794887,0.439007,-0.0146104,0.418585
1.02679,0.449729,0.670965;0.765134,0.487988,-0.03756,0.418361
1.02665,0.457085,0.677962;0.731201,0.536817,-0.0612073,0.416445
1.02605,0.464419,0.684793;0.692898,0.585068,-0.0854335,0.412661
1.02934,0.456948,0.679186;0.711881,0.573889,-0.0814258,0.396544
1.0328,0.449015,0.673242;0.730492,0.561297,-0.0767461,0.381362
1.03626,0.441071,0.667347;0.747279,0.549223,-0.0723487,0.367006
1.03964,0.433267,0.661607;0.762342,0.53776,-0.0682474,0.353541
1.04316,0.425029,0.655604;0.776981,0.525997,-0.0641082,0.33988
1.04648,0.417114,0.649889;0.79002,0.514957,-0.0602826,0.32719
1.04988,0.408867,0.643988;0.80269,0.503677,-0.0564287,0.314348
1.053,0.401092,0.638476;0.813882,0.493217,-0.0529023,0.302545
1.05615,0.393066,0.632836;0.82476,0.482567,-0.0493554,0.290626
1.05929,0.3848,0.627083;0.83532,0.471731,-0.0457895,0.278594
1.06241,0.376303,0.621226;0.845556,0.460712,-0.0422058,0.266455
1.0655,0.367589,0.615281;0.855466,0.449515,-0.0386059,0.254212
1.06823,0.359568,0.609864;0.864102,0.439289,-0.0353532,0.24311
1.0709,0.351388,0.604393;0.872468,0.428926,-0.0320893,0.231932
1.0735,0.343056,0.598879;0.880561,0.418429,-0.0288155,0.220681
1.07601,0.334581,0.59333;0.888378,0.4078,-0.0255326,0.209361
1.07843,0.32597,0.587756;0.895917,0.397044,-0.0222417,0.197975
1.08073,0.317232,0.582165;0.903176,0.386164,-0.0189439,0.186527
1.0829,0.308375,0.576567;0.910152,0.375162,-0.0156401,0.175022
1.08494,0.299406,0.57097;0.916843,0.364044,-0.0123315,0.163461
1.08682,0.290335,0.565385;0.923247,0.352811,-0.00901898,0.151849
1.08853,0.281169,0.55982;0.929362,0.341468,-0.00570364,0.14019
1.09007,0.271916,0.554285;0.935186,0.330018,-0.00238652,0.128486
1.09141,0.262585,0.548789;0.940718,0.318465,0.000931348,0.116743
1.09255,0.253183,0.54334;0.945955,0.306812,0.00424893,0.104963
1.09346,0.243718,0.537948;0.950896,0.295063,0.00756517,0.0931499
1.09414,0.2342,0.532623;0.95554,0.283222,0.0108791,0.0813079
1.09457,0.224635,0.527373;0.959884,0.271292,0.0141895,0.0694404
1.09475,0.215032,0.522207;0.963928,0.259277,0.0174956,0.0575512
1.09464,0.205399,0.517135;0.96767,0.247181,0.0207961,0.0456439
1.09425,0.195744,0.512166;0.97111,0.235008,0.0240902,0.0337224
1.09356,0.186076,0.50731;0.974245,0.222761,0.0273767,0.0217903
1.09256,0.176402,0.502574;0.977076,0.210444,0.0306546,0.00985143
1.09122,0.16673,0.497969;0.9796,0.198061,0.033923,-0.00209055
1.08954,0.157069,0.493504;0.981818,0.185617,0.0371807,-0.0140319
1.08751,0.147427,0.489188;0.983729,0.173114,0.0404268,-0.0259688
1.08511,0.137811,0.485029;0.985332,0.160558,0.0436602,-0.0378976
1.08233,0.128231,0.481038;0.986626,0.147951,0.04688,-0.0498146
1.07915,0.118693,0.477223;0.987612,0.135297,0.0500851,-0.0617159
1.07583,0.109862,0.473838;0.991103,0.107143,0.0550657,-0.056599
1.07218,0.101105,0.470621;0.994234,0.0748204,0.0604817,-0.0473483
1.06821,0.0924039,0.467559;0.996203,0.0424105,0.0658269,-0.0380422
1.06396,0.0837662,0.464648;0.997007,0.00995092,0.0710952,-0.0286917
1.05943,0.0751977,0.461886;0.996645,-0.0225203,0.0762804,-0.0193075
1.05466,0.0667049,0.459269;0.995117,-0.0549651,0.0813763,-0.00990084
1.04967,0.0582939,0.456794;0.992426,-0.0873457,0.086377,-0.000482571
1.04448,0.049971,0.454456;0.988574,-0.119624,0.0912768,0.00893627
1.03911,0.0417427,0.452254;0.983566,-0.151763,0.0960698,0.0183447
1.03358,0.033615,0.450182;0.977408,-0.183724,0.10075,0.0277316
1.02792,0.0255944,0.448239;0.970106,-0.21547,0.105313,0.0370861
1.02176,0.0171642,0.446302;0.961068,-0.249054,0.110044,0.0470162
1.01551,0.00887052,0.444503;0.950751,-0.282306,0.114629,0.0568837
1.00919,0.000721047,0.442838;0.939169,-0.315183,0.119061,0.0666755
1.00282,-0.00727659,0.441301;0.926337,-0.347641,0.123335,0.0763786
0.99644,-0.0151148,0.43989;0.912273,-0.379636,0.127445,0.0859801
0.990072,-0.0227858,0.438599;0.896995,-0.411126,0.131385,0.0954671
0.983351,-0.0307447,0.437355;0.879455,-0.443983,0.13538,0.105408
0.976709,-0.0384972,0.436237;0.860593,-0.476174,0.139171,0.11519
0.970179,-0.0460341,0.435241;0.840439,-0.50765,0.142753,0.124799
0.963423,-0.0537692,0.434314;0.817725,-0.540145,0.146313,0.134769
0.956511,-0.0616487,0.433471;0.792255,-0.573457,0.149802,0.145046
0.94987,-0.0692226,0.432759;0.765299,-0.605693,0.153011,0.155051
0.943221,-0.076851,0.432146;0.735374,-0.638398,0.156078,0.165268
0.936677,-0.0844648,0.431642;0.702308,-0.671308,0.158949,0.175626
0.930096,-0.0923181,0.431244;0.66425,-0.705584,0.161675,0.186507
0.923729,-0.100253,0.43098;0.620814,-0.740638,0.164134,0.197752
0.917698,-0.108361,0.430874;0.569779,-0.777037,0.166255,0.209583
0.912275,-0.116807,0.430977;0.506667,-0.815861,0.167885,0.222426
0.908281,-0.126089,0.431437;0.418123,-0.860412,0.168579,0.237581
0.910275,-0.13535,0.432623;0.279896,-0.910287,0.166506,0.25556
0.919746,-0.138632,0.43384;0.164746,-0.935858,0.162214,0.265925
