0.746309,-0.344311,0.251948;0.40855,-0.586867,0.367022,0.594953
0.745558,-0.339537,0.254309;0.410324,-0.586302,0.368617,0.5933
0.744816,-0.334791,0.25665;0.412095,-0.585732,0.370209,0.591643
0.74408,-0.330071,0.258971;0.413863,-0.585156,0.371798,0.58998
0.743353,-0.325378,0.261271;0.415626,-0.584575,0.373384,0.588312
0.742632,-0.320712,0.263552;0.417386,-0.583989,0.374966,0.586639
0.741919,-0.316073,0.265813;0.419143,-0.583398,0.376545,0.584961
0.741214,-0.311461,0.268053;0.420896,-0.582802,0.378121,0.583278
0.740516,-0.306874,0.270274;0.422645,-0.582201,0.379693,0.581589
0.739825,-0.302315,0.272475;0.42439,-0.581595,0.381262,0.579896
0.739141,-0.297782,0.274657;0.426132,-0.580984,0.382828,0.578198
0.738465,-0.293275,0.276819;0.42787,-0.580367,0.384391,0.576494
0.737796,-0.288795,0.278961;0.429604,-0.579746,0.38595,0.574785
0.736916,-0.282861,0.281786;0.43191,-0.578909,0.388023,0.572499
0.736048,-0.276975,0.284578;0.43421,-0.578064,0.390091,0.570205
0.735193,-0.271134,0.287334;0.436503,-0.577209,0.392152,0.567901
0.734351,-0.26534,0.290057;0.438789,-0.576346,0.394208,0.565588
0.733522,-0.259592,0.292745;0.441068,-0.575473,0.396257,0.563267
0.732705,-0.253889,0.295399;0.443341,-0.574592,0.3983,0.560937
0.731901,-0.248232,0.298019;0.445606,-0.573702,0.400337,0.558598
0.73111,-0.242621,0.300606;0.447865,-0.572802,0.402367,0.556251
0.730331,-0.237055,0.303158;0.450117,-0.571894,0.404392,0.553894
0.729565,-0.231534,0.305678;0.452362,-0.570977,0.40641,0.55153
0.728811,-0.226058,0.308164;0.454599,-0.570051,0.408422,0.549156
0.72807,-0.220628,0.310616;0.45683,-0.569117,0.410427,0.546774
0.727341,-0.215241,0.313036;0.459053,-0.568173,0.412426,0.544384
0.726624,-0.209899,0.315423;0.46127,-0.567221,0.414419,0.541985
0.72592,-0.204602,0.317777;0.463479,-0.566259,0.416405,0.539578
0.725228,-0.199349,0.320098;0.465681,-0.565289,0.418385,0.537162
0.724548,-0.194139,0.322387;0.467876,-0.56431,0.420358,0.534738
0.72388,-0.188974,0.324643;0.470063,-0.563323,0.422325,0.532306
0.723224,-0.183852,0.326867;0.472243,-0.562326,0.424285,0.529866
0.72258,-0.178774,0.32906;0.474416,-0.561321,0.426238,0.527417
0.721949,-0.173739,0.33122;0.476582,-0.560308,0.428185,0.52496
0.721329,-0.168748,0.333348;0.47874,-0.559285,0.430125,0.522495
0.720721,-0.163799,0.335445;0.48089,-0.558254,0.432059,0.520021
0.720126,-0.158894,0.33751;0.483034,-0.557214,0.433986,0.51754
0.719541,-0.154031,0.339544;0.485169,-0.556165,0.435906,0.515051
0.718969,-0.14921,0.341546;0.487297,-0.555108,0.437819,0.512553
0.718409,-0.144432,0.343518;0.489418,-0.554042,0.439726,0.510048
0.71786,-0.139697,0.345458;0.491531,-0.552968,0.441626,0.507534
0.717322,-0.135003,0.347368;0.493636,-0.551885,0.443518,0.505013
0.716797,-0.130351,0.349247;0.495734,-0.550793,0.445404,0.502484
0.716156,-0.124595,0.351552;0.498345,-0.549416,0.447752,0.499312
0.715533,-0.118904,0.353811;0.500944,-0.548026,0.450089,0.496127
0.714928,-0.113278,0.356022;0.503531,-0.546623,0.452415,0.492931
0.714341,-0.107716,0.358186;0.506105,-0.545207,0.45473,0.489722
0.713771,-0.102217,0.360304;0.508668,-0.543777,0.457033,0.486502
0.713219,-0.0967826,0.362375;0.511218,-0.542334,0.459326,0.48327
0.712684,-0.0914113,0.3644;0.513755,-0.540878,0.461608,0.480026
0.712167,-0.086103,0.366379;0.51628,-0.539409,0.463878,0.47677
0.711667,-0.0808573,0.368313;0.518793,-0.537926,0.466137,0.473503
0.711185,-0.075674,0.370202;0.521293,-0.536431,0.468385,0.470225
0.710719,-0.0705528,0.372045;0.52378,-0.534922,0.470621,0.466935
0.710271,-0.0654933,0.373844;0.526255,-0.533401,0.472846,0.463633
0.709839,-0.0604952,0.375599;0.528717,-0.531866,0.47506,0.460321
0.709424,-0.0555582,0.377309;0.531166,-0.530319,0.477262,0.456997
0.709026,-0.050682,0.378975;0.533602,-0.528759,0.479452,0.453662
0.708645,-0.0458662,0.380598;0.536025,-0.527186,0.481631,0.450316
0.708281,-0.0411105,0.382178;0.538435,-0.5256,0.483798,0.446959
0.707865,-0.0354827,0.384016;0.54131,-0.52368,0.486383,0.442916
0.707473,-0.0299405,0.385793;0.544166,-0.521742,0.488951,0.438858
0.707104,-0.0244833,0.387509;0.547003,-0.519785,0.491501,0.434785
0.706758,-0.0191106,0.389164;0.54982,-0.517811,0.494035,0.430696
0.706436,-0.0138218,0.390759;0.552619,-0.515818,0.496551,0.426592
0.706136,-0.00861643,0.392295;0.555398,-0.513807,0.49905,0.422474
0.70586,-0.0034939,0.393771;0.558158,-0.511778,0.501532,0.41834
0.705606,0.00154634,0.395189;0.560898,-0.509732,0.503996,0.414192
0.705374,0.00650483,0.396548;0.563619,-0.507667,0.506442,0.41003
0.705165,0.0113821,0.39785;0.56632,-0.505585,0.508871,0.405853
0.704949,0.0169704,0.399296;0.569446,-0.503133,0.511681,0.400962
0.704763,0.0224498,0.400665;0.572545,-0.500658,0.514468,0.396052
0.704607,0.0278212,0.401958;0.575616,-0.498158,0.51723,0.391123
0.70448,0.0330854,0.403175;0.57866,-0.495635,0.519967,0.386176
0.704383,0.0382434,0.404317;0.581677,-0.493089,0.52268,0.38121
0.704314,0.0432959,0.405385;0.584666,-0.490518,0.525368,0.376226
0.704274,0.0482439,0.406379;0.587627,-0.487925,0.528031,0.371224
0.704263,0.0537719,0.407426;0.590977,-0.484932,0.531043,0.365486
0.704289,0.0591658,0.40838;0.59429,-0.48191,0.534022,0.359725
0.704352,0.064427,0.409241;0.597567,-0.478857,0.536969,0.353942
0.70445,0.0695566,0.41001;0.600806,-0.475775,0.539881,0.348136
0.704584,0.074556,0.410689;0.604008,-0.472663,0.542761,0.342309
0.704777,0.0800265,0.411345;0.607565,-0.469127,0.545959,0.335729
0.705014,0.0853356,0.411891;0.611074,-0.465554,0.549115,0.329122
0.705295,0.0904853,0.412326;0.614535,-0.461944,0.552228,0.322489
0.705619,0.0954775,0.412654;0.617948,-0.458298,0.555297,0.31583
0.706029,0.100842,0.412892;0.621683,-0.454205,0.558656,0.308403
0.706491,0.106017,0.413002;0.625357,-0.450067,0.56196,0.300946
0.707003,0.111004,0.412983;0.628971,-0.445886,0.56521,0.293459
0.707626,0.116277,0.412819;0.632876,-0.441237,0.568722,0.285191
0.708308,0.121331,0.412506;0.636706,-0.436536,0.572166,0.27689
0.70912,0.126596,0.411999;0.640799,-0.431348,0.575848,0.267796
0.71,0.131609,0.411322;0.644802,-0.426101,0.579448,0.258665
0.711031,0.136758,0.410402;0.649037,-0.420349,0.583257,0.248733
0.712139,0.141621,0.409293;0.653166,-0.414528,0.586971,0.23876
0.713418,0.146544,0.407891;0.657492,-0.408183,0.590862,0.227975
0.714783,0.151148,0.406282;0.661693,-0.401761,0.594641,0.217147
0.71634,0.155734,0.404333;0.666055,-0.394794,0.598564,0.205501
0.717992,0.159972,0.402159;0.67027,-0.387742,0.602356,0.193809
0.719855,0.164116,0.399601;0.674605,-0.380126,0.606255,0.181291
0.72182,0.167883,0.396805;0.678773,-0.372415,0.610004,0.168728
0.724016,0.171483,0.393583;0.683016,-0.364121,0.613821,0.155333
0.72632,0.174681,0.390113;0.687067,-0.355725,0.617466,0.141896
0.728729,0.17749,0.386405;0.690925,-0.347229,0.620937,0.128418
0.731239,0.179923,0.382471;0.694589,-0.338635,0.624234,0.114904
0.73369,0.181879,0.378571;0.69786,-0.33046,0.627177,0.102156
0.736224,0.183523,0.374488;0.700957,-0.322203,0.629964,0.0893822
0.738839,0.184865,0.370233;0.70388,-0.313866,0.632595,0.0765863
0.741532,0.185915,0.365813;0.706627,-0.305451,0.635068,0.0637713
0.744123,0.186645,0.361528;0.709044,-0.297492,0.637243,0.0517428
0.746778,0.187136,0.357114;0.711305,-0.289469,0.639278,0.0397029
0.749493,0.187397,0.352578;0.713411,-0.281382,0.641174,0.0276544
0.75208,0.18744,0.348242;0.715235,-0.273779,0.642817,0.0164036
0.754716,0.187299,0.343812;0.716924,-0.266124,0.644338,0.00514974
0.757398,0.186978,0.339295;0.718476,-0.258418,0.645736,-0.00610515
0.760124,0.186485,0.334696;0.719891,-0.250663,0.647011,-0.0173589
0.762694,0.18588,0.330358;0.721083,-0.243419,0.648085,-0.0278058
0.765299,0.185139,0.325959;0.722156,-0.236135,0.649052,-0.0382482
0.767938,0.184266,0.321506;0.72311,-0.228812,0.649913,-0.0486844
0.770609,0.183269,0.317001;0.723946,-0.221452,0.650667,-0.0591125
0.77331,0.182151,0.312451;0.724663,-0.214055,0.651314,-0.0695309
0.775829,0.181018,0.308214;0.725219,-0.207196,0.651816,-0.0791378
0.778372,0.179792,0.303946;0.725673,-0.200309,0.652228,-0.0887337
0.780936,0.178477,0.299651;0.726026,-0.193393,0.652548,-0.0983171
0.783521,0.177079,0.295333;0.726278,-0.18645,0.652777,-0.107887
0.786126,0.175601,0.290994;0.726428,-0.179481,0.652914,-0.117441
0.788786,0.174025,0.286579;0.727065,-0.173409,0.652389,-0.125276
0.791546,0.172324,0.282013;0.731174,-0.17323,0.648381,-0.12238
0.794325,0.170547,0.277436;0.735254,-0.173043,0.644347,-0.119478
0.797121,0.168699,0.27285;0.739302,-0.172849,0.640286,-0.116571
0.799934,0.16678,0.268255;0.74332,-0.172648,0.636199,-0.11366
0.802763,0.164795,0.263655;0.747308,-0.17244,0.632085,-0.110743
0.805608,0.162745,0.259052;0.751264,-0.172224,0.627946,-0.107823
0.808468,0.160634,0.254446;0.755189,-0.172002,0.62378,-0.104897
0.810931,0.158777,0.250499;0.758529,-0.171806,0.620188,-0.102386
0.813404,0.156878,0.246553;0.761846,-0.171604,0.616578,-0.0998725
0.815887,0.154939,0.242609;0.765139,-0.171397,0.61295,-0.0973555
0.818379,0.152962,0.23867;0.768409,-0.171185,0.609302,-0.0948356
0.820881,0.150949,0.234735;0.771656,-0.170968,0.605636,-0.0923127
0.823392,0.1489,0.230807;0.77488,-0.170746,0.601952,-0.0897871
0.82591,0.146819,0.226887;0.778079,-0.170518,0.598249,-0.0872587
0.828437,0.144705,0.222975;0.781256,-0.170285,0.594528,-0.0847277
0.830971,0.142562,0.219074;0.784408,-0.170047,0.590789,-0.0821941
0.833513,0.140391,0.215184;0.787537,-0.169804,0.587032,-0.0796581
0.836061,0.138193,0.211307;0.790641,-0.169556,0.583258,-0.0771195
0.838616,0.13597,0.207443;0.793722,-0.169302,0.579465,-0.0745787
0.841177,0.133724,0.203594;0.796779,-0.169044,0.575655,-0.0720356
0.843744,0.131456,0.199762;0.799811,-0.16878,0.571828,-0.0694903
0.846316,0.129169,0.195947;0.802819,-0.168511,0.567983,-0.0669428
0.848892,0.126864,0.192151;0.805803,-0.168237,0.56412,-0.0643934
0.851474,0.124542,0.188376;0.808762,-0.167958,0.560241,-0.061842
0.854059,0.122206,0.184621;0.811696,-0.167674,0.556345,-0.0592887
0.856649,0.119856,0.180889;0.814606,-0.167385,0.552431,-0.0567336
0.859241,0.117495,0.177181;0.817491,-0.16709,0.548501,-0.0541767
0.861837,0.115124,0.173497;0.820352,-0.166791,0.544555,-0.0516183
0.864436,0.112746,0.16984;0.823187,-0.166486,0.540591,-0.0490582
0.867036,0.110361,0.166211;0.825997,-0.166177,0.536612,-0.0464967
0.869639,0.107971,0.16261;0.828782,-0.165862,0.532616,-0.0439338
0.872243,0.105579,0.159039;0.831542,-0.165542,0.528603,-0.0413695
0.874848,0.103185,0.1555;0.834277,-0.165218,0.524575,-0.038804
0.877888,0.100393,0.151412;0.837436,-0.164832,0.519855,-0.0358094
0.880929,0.0976038,0.147369;0.84056,-0.16444,0.515114,-0.0328133
0.88397,0.0948208,0.143375;0.843649,-0.164042,0.510351,-0.0298158
0.887009,0.0920464,0.139431;0.846703,-0.163636,0.505567,-0.0268171
0.890048,0.0892833,0.13554;0.849722,-0.163224,0.500763,-0.0238174
0.893084,0.086534,0.131702;0.852706,-0.162805,0.495937,-0.0208166
0.896118,0.0838014,0.12792;0.855655,-0.162379,0.491092,-0.0178149
0.899148,0.0810881,0.124196;0.858568,-0.161946,0.486225,-0.0148126
0.902175,0.0783967,0.120533;0.861446,-0.161507,0.481339,-0.0118096
0.905197,0.07573,0.116931;0.864288,-0.161061,0.476433,-0.00880612
0.908214,0.0730906,0.113393;0.867094,-0.160608,0.471507,-0.00580228
0.911225,0.0704811,0.109921;0.869865,-0.160149,0.466561,-0.0027982
0.914231,0.0679043,0.106517;0.872599,-0.159683,0.461597,0.000205989
0.917229,0.0653628,0.103183;0.875298,-0.159211,0.456613,0.00321017
0.92022,0.0628593,0.0999203;0.87796,-0.158732,0.45161,0.00621423
0.923203,0.0603965,0.0967317;0.880586,-0.158246,0.446589,0.00921802
0.926601,0.057635,0.0931805;0.883542,-0.157683,0.440827,0.0126505
0.929988,0.0549342,0.0897311;0.886451,-0.157112,0.435042,0.0160822
0.933361,0.052298,0.0863866;0.889312,-0.156532,0.429233,0.0195131
0.93672,0.0497304,0.0831499;0.892125,-0.155943,0.423401,0.0229429
0.940064,0.0472353,0.080024;0.894889,-0.155346,0.417547,0.0263715
0.943392,0.0448168,0.0770117;0.897605,-0.154741,0.411669,0.0297987
0.947117,0.0421925,0.0737625;0.900603,-0.15405,0.405031,0.0336523
0.950819,0.0396759,0.0706651;0.903539,-0.153348,0.398365,0.0375036
0.954497,0.0372725,0.0677237;0.906414,-0.152636,0.391671,0.0413524
0.95815,0.0349882,0.0649424;0.909226,-0.151914,0.384951,0.0451983
0.962178,0.0325965,0.0620452;0.912278,-0.151099,0.377453,0.0494679
0.966172,0.0303666,0.0593566;0.915253,-0.150272,0.369923,0.0537334
0.97013,0.0283062,0.0568825;0.918151,-0.149431,0.362362,0.0579943
0.97444,0.0262449,0.0544156;0.921249,-0.148492,0.35401,0.0626756
0.978702,0.0244085,0.0522227;0.924252,-0.147538,0.345621,0.0673505
0.983294,0.0226739,0.0501521;0.927421,-0.14648,0.33643,0.0724426
0.987823,0.0212328,0.0484268;0.930478,-0.145404,0.327198,0.0775258
0.992655,0.0200185,0.0469589;0.933661,-0.144219,0.317151,0.083022
0.997767,0.0191334,0.0458588;0.936941,-0.142919,0.306281,0.0889277
1.00278,0.0187073,0.0452726;0.940065,-0.141596,0.295361,0.0948187
1.00804,0.0187845,0.0452327;0.94324,-0.140152,0.283606,0.101113
1.01317,0.0194397,0.0458204;0.946235,-0.138682,0.271798,0.107388
1.01804,0.0206535,0.0470102;0.945684,-0.15905,0.260442,0.112045
1.02252,0.0223021,0.0486721;0.944263,-0.180447,0.249598,0.116222
1.02668,0.0243069,0.0507212;0.942382,-0.200771,0.239108,0.120144
1.03053,0.0265863,0.0530709;0.940116,-0.220026,0.228997,0.123819
1.03408,0.0290676,0.0556438;0.937535,-0.238218,0.219288,0.127254
1.03753,0.0318395,0.0585308;0.934538,-0.256304,0.209481,0.130633
1.0407,0.0347179,0.0615396;0.931316,-0.273334,0.200104,0.13378
1.04359,0.0376485,0.064612;0.927933,-0.289318,0.191175,0.136704
1.04623,0.040584,0.067697;0.924447,-0.304268,0.182709,0.139411
1.04878,0.0436807,0.0709586;0.920671,-0.319122,0.174186,0.142074
1.05124,0.0469286,0.0743863;0.916605,-0.333876,0.165608,0.144693
1.05347,0.0501017,0.0777413;0.912531,-0.347612,0.157518,0.147107
1.05561,0.0533903,0.0812244;0.908205,-0.361253,0.149385,0.14948
1.05753,0.0565564,0.0845832;0.903941,-0.373893,0.141757,0.151657
1.05938,0.0598089,0.088039;0.899458,-0.386444,0.134095,0.153798
1.06115,0.063141,0.0915847;0.89476,-0.398902,0.1264,0.155902
1.06285,0.0665458,0.0952132;0.889845,-0.411263,0.118675,0.157969
1.06446,0.0700166,0.0989176;0.884716,-0.423526,0.110922,0.159997
1.06588,0.0732925,0.102419;0.879763,-0.434821,0.103698,0.161846
1.06723,0.0766139,0.105974;0.874627,-0.446026,0.0964529,0.163661
1.06851,0.0799753,0.109577;0.869309,-0.457138,0.0891876,0.165442
1.06972,0.0833712,0.113223;0.863811,-0.468156,0.0819038,0.167189
1.07084,0.0867962,0.116905;0.858133,-0.479076,0.074603,0.168902
1.07189,0.0902448,0.120618;0.852277,-0.489896,0.0672867,0.170579
1.07286,0.0937115,0.124357;0.846244,-0.500615,0.0599564,0.17222
1.07375,0.0971908,0.128115;0.840036,-0.51123,0.0526137,0.173826
1.07456,0.100677,0.131888;0.833652,-0.521739,0.04526,0.175396
1.07529,0.104165,0.135669;0.827096,-0.532139,0.0378969,0.17693
1.07593,0.10765,0.139453;0.820368,-0.542429,0.030526,0.178426
1.07648,0.111125,0.143233;0.813469,-0.552606,0.0231487,0.179886
1.07695,0.114585,0.147006;0.806401,-0.562668,0.0157666,0.181308
1.07733,0.118026,0.150764;0.799166,-0.572614,0.00838125,0.182693
1.07762,0.12144,0.154503;0.791765,-0.58244,0.000994141,0.184039
1.07782,0.124824,0.158216;0.7842,-0.592146,-0.00639317,0.185348
1.07794,0.128426,0.16218;0.77587,-0.60246,-0.0143472,0.186713
1.07794,0.13198,0.166101;0.767353,-0.612629,-0.0222978,0.188034
1.07783,0.135477,0.169972;0.758652,-0.622651,-0.030243,0.18931
1.07761,0.138911,0.173785;0.749768,-0.632523,-0.0381809,0.19054
1.07728,0.142276,0.177535;0.740703,-0.642242,-0.0461097,0.191724
1.07679,0.145795,0.181472;0.730793,-0.652484,-0.0545924,0.192942
1.07617,0.149218,0.18532;0.72068,-0.662545,-0.06306,0.194106
1.07541,0.152537,0.189068;0.710369,-0.672424,-0.0715101,0.195216
1.07445,0.155951,0.192947;0.699153,-0.682755,-0.0805018,0.196341
1.07332,0.159227,0.196693;0.687717,-0.692872,-0.0894681,0.197405
1.07195,0.162543,0.200515;0.67533,-0.703382,-0.0989639,0.198466
1.07039,0.165679,0.204162;0.662703,-0.713643,-0.108425,0.199457
1.06853,0.168789,0.207819;0.649076,-0.72423,-0.1184,0.200429
1.06634,0.171822,0.211434;0.634413,-0.735093,-0.128878,0.201369
1.06376,0.174717,0.21495;0.618673,-0.746175,-0.139845,0.202261
1.0609,0.177288,0.218147;0.602629,-0.75689,-0.150744,0.203054
1.0576,0.179617,0.221139;0.585465,-0.767741,-0.162108,0.20378
1.0538,0.181626,0.223847;0.567143,-0.778661,-0.173919,0.204421
1.04944,0.183226,0.226182;0.547627,-0.789583,-0.186156,0.204961
1.04469,0.184284,0.227979;0.527756,-0.799991,-0.198272,0.205369
1.03949,0.184773,0.229217;0.512278,-0.807757,-0.205313,0.207234
1.03442,0.184703,0.229824;0.511762,-0.808431,-0.197643,0.213253
1.02904,0.184173,0.229957;0.511197,-0.809026,-0.189954,0.219251
1.02389,0.183315,0.229682;0.510641,-0.809501,-0.182949,0.224686
1.01851,0.182121,0.229042;0.510044,-0.809912,-0.175929,0.230103
1.01347,0.180778,0.228165;0.509473,-0.810226,-0.169599,0.234963
1.00827,0.179196,0.227014;0.508868,-0.810489,-0.163258,0.239807
1.00352,0.177602,0.225767;0.508304,-0.810679,-0.157613,0.244101
0.998656,0.175843,0.224317;0.507714,-0.810828,-0.15196,0.248382
0.99368,0.17393,0.22267;0.507098,-0.810935,-0.146299,0.252651
0.989244,0.172139,0.221073;0.506538,-0.810996,-0.14134,0.256375
0.984735,0.170246,0.219335;0.505958,-0.811025,-0.136375,0.26009
0.980159,0.168258,0.217461;0.505359,-0.811023,-0.131405,0.263794
0.97552,0.166183,0.215454;0.50474,-0.810989,-0.12643,0.267488
0.970824,0.164028,0.21332;0.504102,-0.810924,-0.12145,0.271172
0.966075,0.161801,0.211063;0.503444,-0.810827,-0.116465,0.274846
0.961278,0.159509,0.208687;0.502766,-0.810699,-0.111476,0.278508
0.957132,0.157498,0.206559;0.50217,-0.810564,-0.107196,0.281639
0.952958,0.15545,0.204351;0.501559,-0.810406,-0.102913,0.284762
0.948758,0.153369,0.202064;0.500934,-0.810225,-0.0986269,0.287877
0.944537,0.151259,0.199701;0.500295,-0.810021,-0.0943382,0.290983
0.940296,0.149126,0.197266;0.499642,-0.809794,-0.0900467,0.294081
0.936039,0.146974,0.194761;0.498974,-0.809543,-0.0857527,0.297171
0.931769,0.144808,0.192189;0.498293,-0.80927,-0.0814563,0.300253
0.92749,0.142632,0.189553;0.497596,-0.808973,-0.0771575,0.303326
0.923204,0.140451,0.186855;0.496886,-0.808654,-0.0728565,0.30639
0.918914,0.13827,0.184098;0.496162,-0.808311,-0.0685535,0.309445
0.914623,0.136093,0.181286;0.495423,-0.807946,-0.0642484,0.312492
0.910335,0.133925,0.178421;0.494671,-0.807557,-0.0599416,0.31553
0.906053,0.131771,0.175505;0.493904,-0.807146,-0.0556331,0.318558
0.90178,0.129635,0.172542;0.493123,-0.806711,-0.0513229,0.321578
0.897518,0.127523,0.169534;0.492328,-0.806254,-0.0470113,0.324588
0.893271,0.125438,0.166484;0.49152,-0.805773,-0.0426984,0.32759
0.889043,0.123386,0.163396;0.490697,-0.80527,-0.0383843,0.330582
0.884835,0.12137,0.160271;0.48986,-0.804743,-0.034069,0.333564
0.880652,0.119396,0.157113;0.489009,-0.804194,-0.0297528,0.336537
0.876496,0.117469,0.153924;0.488144,-0.803622,-0.0254357,0.3395
0.87237,0.115593,0.150707;0.487266,-0.803026,-0.021118,0.342454
0.868278,0.113772,0.147466;0.486373,-0.802408,-0.0167996,0.345398
0.864222,0.112012,0.144202;0.485467,-0.801767,-0.0124807,0.348332
0.860206,0.110317,0.140919;0.484546,-0.801104,-0.00816148,0.351257
0.856233,0.108692,0.137619;0.483612,-0.800417,-0.00384203,0.354171
0.852306,0.107141,0.134305;0.482665,-0.799708,0.000477535,0.357075
0.848428,0.105669,0.130981;0.481703,-0.798975,0.00479709,0.359969
0.844601,0.10428,0.127648;0.480728,-0.79822,0.0091165,0.362852
0.84083,0.10298,0.12431;0.479739,-0.797443,0.0134357,0.365726
0.837117,0.101774,0.120969;0.478736,-0.796642,0.0177544,0.368589
0.833466,0.100664,0.117629;0.47772,-0.795819,0.0220727,0.371441
0.829879,0.0996577,0.114292;0.47669,-0.794973,0.0263903,0.374283
0.825779,0.0986188,0.110406;0.475471,-0.793958,0.0314266,0.377585
0.821777,0.097733,0.106533;0.474234,-0.792912,0.0364617,0.380872
0.817876,0.0970076,0.102676;0.472978,-0.791835,0.0414953,0.384145
0.814082,0.0964503,0.098841;0.471704,-0.790727,0.0465274,0.387402
0.810399,0.0960682,0.0950317;0.470412,-0.789589,0.0515576,0.390645
0.806833,0.0958689,0.0912526;0.469102,-0.78842,0.0565858,0.393873
0.803388,0.0958598,0.0875083;0.467773,-0.78722,0.0616119,0.397085
0.799606,0.0960916,0.0832772;0.466232,-0.785812,0.067353,0.400737
0.795997,0.0965926,0.0791041;0.464668,-0.784364,0.0730907,0.404369
0.792567,0.0973738,0.0749953;0.46308,-0.782876,0.0788247,0.40798
0.789324,0.0984462,0.0709578;0.461469,-0.781349,0.0845547,0.411571
0.786275,0.0998208,0.0669979;0.459834,-0.779782,0.0902804,0.415141
0.783428,0.101509,0.0631226;0.458176,-0.778175,0.0960016,0.41869
0.78079,0.103521,0.0593383;0.456495,-0.776529,0.101718,0.422218
0.778081,0.106187,0.0551981;0.454576,-0.774631,0.108142,0.426161
0.775656,0.109293,0.051191;0.452628,-0.772682,0.11456,0.430077
0.773689,0.112546,0.047637;0.450205,-0.771571,0.11954,0.433247
0.771992,0.116147,0.0442461;0.435486,-0.784657,0.106282,0.428217
0.7706,0.119919,0.0411324;0.421229,-0.79669,0.093596,0.423192
0.769419,0.124006,0.0381316;0.406746,-0.808297,0.0808605,0.417941
0.768485,0.128166,0.0353853;0.392787,-0.818925,0.0687217,0.412745
0.767726,0.132581,0.0327408;0.378638,-0.829157,0.0565497,0.407351
0.767164,0.136986,0.0303294;0.365065,-0.838482,0.0449931,0.402059
0.766749,0.141594,0.0280094;0.351334,-0.847444,0.033417,0.396593
0.766485,0.146122,0.025902;0.338227,-0.855572,0.0224707,0.391273
0.766341,0.15081,0.0238762;0.324988,-0.863369,0.0115157,0.385803
0.766313,0.155648,0.0219317;0.311625,-0.870833,0.000556268,0.380183
0.766396,0.160625,0.0200687;0.298141,-0.877961,-0.0104034,0.374416
0.766571,0.165427,0.0183897;0.285345,-0.884361,-0.0207148,0.368857
0.766835,0.170335,0.0167827;0.272451,-0.890457,-0.031019,0.363172
0.767184,0.175339,0.0152479;0.259465,-0.89625,-0.0413127,0.357362
0.767616,0.180431,0.0137851;0.246389,-0.901736,-0.0515923,0.35143
0.76809,0.185277,0.0124792;0.234055,-0.906599,-0.0612134,0.34576
0.76863,0.190185,0.0112366;0.221649,-0.911189,-0.0708162,0.339986
0.76923,0.195149,0.0100573;0.209178,-0.915506,-0.0803976,0.33411
0.769889,0.200161,0.00894142;0.196643,-0.919548,-0.0899549,0.328133
0.770602,0.205214,0.00788879;0.18405,-0.923313,-0.0994852,0.322058
0.771367,0.210301,0.00689946;0.171401,-0.926801,-0.108986,0.315886
0.77218,0.215415,0.00597342;0.1587,-0.93001,-0.118453,0.309619
0.773037,0.220548,0.00511066;0.145952,-0.93294,-0.127885,0.303259
0.773935,0.225694,0.00431116;0.13316,-0.93559,-0.137279,0.296807
0.774872,0.230845,0.00357493;0.120328,-0.937958,-0.146631,0.290267
0.775843,0.235993,0.00290196;0.10746,-0.940045,-0.155939,0.283639
0.776845,0.241133,0.00229222;0.094559,-0.941849,-0.165201,0.276926
0.777876,0.246257,0.00174572;0.0816301,-0.94337,-0.174413,0.27013
0.778931,0.251357,0.00126245;0.0686766,-0.944607,-0.183572,0.263253
0.780007,0.256426,0.000842389;0.0557025,-0.945561,-0.192676,0.256297
0.781101,0.261457,0.000485539;0.0427117,-0.94623,-0.201722,0.249263
0.782209,0.266444,0.000191888;0.029708,-0.946615,-0.210708,0.242155
0.783329,0.271379,-3.85735e-05;0.0166954,-0.946716,-0.21963,0.234974
0.784456,0.276254,-0.000205854;0.00367782,-0.946532,-0.228487,0.227722
0.785664,0.281381,-0.000314658;-0.0102088,-0.946022,-0.237858,0.219912
0.786872,0.286423,-0.000351597;-0.0240919,-0.945189,-0.247147,0.212026
0.788078,0.291373,-0.000316682;-0.0379667,-0.944033,-0.256353,0.204068
0.789351,0.29652,-0.000200867;-0.0526944,-0.942451,-0.266037,0.195536
0.790611,0.301542,-3.96079e-06;-0.0674018,-0.940505,-0.275619,0.186929
0.791853,0.306429,0.000274023;-0.0820831,-0.938196,-0.285094,0.178249
0.793144,0.311443,0.000656717;-0.0975934,-0.935356,-0.295007,0.168984
0.794404,0.316281,0.00113028;-0.113061,-0.932112,-0.304792,0.159646
0.795694,0.321184,0.00172871;-0.129336,-0.92825,-0.314977,0.149714
0.796999,0.326101,0.00246797;-0.146399,-0.923701,-0.325534,0.139181
0.798304,0.330978,0.00336487;-0.164231,-0.918393,-0.336432,0.128042
0.799589,0.335751,0.00443704;-0.182808,-0.912253,-0.347637,0.116292
0.800883,0.34054,0.00576133;-0.202939,-0.904882,-0.359603,0.103388
0.802142,0.345202,0.00737807;-0.224571,-0.896112,-0.372254,0.0893196
0.80335,0.349714,0.00940469;-0.248459,-0.885376,-0.385968,0.0735331
0.804444,0.3539,0.0119973;-0.2753,-0.871949,-0.401045,0.0554697
0.805304,0.357446,0.0154542;-0.306503,-0.854449,-0.41811,0.03402
0.805641,0.359494,0.0199717;-0.341729,-0.832102,-0.436743,0.00918733
0.805208,0.359204,0.0249364;-0.375279,-0.808075,-0.45382,-0.015118
0.804235,0.357152,0.029401;-0.402011,-0.78686,-0.466921,-0.034978
0.802961,0.354118,0.0333982;-0.423758,-0.768139,-0.477223,-0.0514831
0.801559,0.350626,0.0369213;-0.441493,-0.751832,-0.48537,-0.065191
0.800054,0.346799,0.040166;-0.456795,-0.736962,-0.492204,-0.0772093
0.798543,0.342909,0.043077;-0.469773,-0.723736,-0.49785,-0.0875489
0.797019,0.338956,0.045767;-0.481193,-0.711606,-0.502699,-0.0967644
0.795431,0.334818,0.0483725;-0.491772,-0.699939,-0.507085,-0.105404
0.793782,0.330508,0.0509128;-0.503498,-0.688687,-0.510377,-0.108233
0.792147,0.326218,0.0533077;-0.514765,-0.678171,-0.51304,-0.109048
0.790523,0.321947,0.0555924;-0.525166,-0.668205,-0.515412,-0.109784
0.788809,0.317425,0.0579251;-0.535456,-0.658097,-0.517674,-0.110497
0.787141,0.313011,0.0601341;-0.544908,-0.648585,-0.519675,-0.111137
0.785402,0.308397,0.0623846;-0.554259,-0.638953,-0.52158,-0.111758
0.783737,0.303967,0.0644989;-0.562801,-0.629957,-0.523254,-0.112312
0.782018,0.299378,0.0666487;-0.571254,-0.620863,-0.524845,-0.112849
0.780396,0.295038,0.0686506;-0.578925,-0.612441,-0.526232,-0.113325
0.778733,0.290573,0.0706825;-0.586518,-0.603938,-0.527549,-0.113786
0.77703,0.28599,0.0727444;-0.594035,-0.595356,-0.528796,-0.114233
0.77529,0.281292,0.0748364;-0.601473,-0.586694,-0.529974,-0.114664
0.773678,0.276924,0.0767644;-0.608166,-0.578754,-0.530984,-0.115043
0.772037,0.272469,0.0787174;-0.614792,-0.57075,-0.531936,-0.115409
0.770371,0.26793,0.0806953;-0.621352,-0.562683,-0.53283,-0.115763
0.76868,0.263309,0.0826983;-0.627844,-0.554556,-0.533666,-0.116105
0.766965,0.258611,0.0847264;-0.634268,-0.546368,-0.534444,-0.116433
0.76523,0.253838,0.0867796;-0.640622,-0.53812,-0.535163,-0.116749
0.763474,0.248994,0.088858;-0.646907,-0.529814,-0.535824,-0.117052
0.761878,0.244576,0.0907501;-0.652502,-0.522289,-0.536369,-0.117314
0.760268,0.240106,0.0926627;-0.658041,-0.514718,-0.536867,-0.117566
0.758645,0.235586,0.0945958;-0.663521,-0.507101,-0.537318,-0.117807
0.757011,0.231018,0.0965494;-0.668942,-0.49944,-0.53772,-0.118038
0.755367,0.226405,0.0985235;-0.674305,-0.491734,-0.538076,-0.118258
0.753713,0.22175,0.100518;-0.679607,-0.483986,-0.538384,-0.118468
0.75205,0.217054,0.102534;-0.68485,-0.476194,-0.538644,-0.118667
0.750381,0.212321,0.10457;-0.690033,-0.46836,-0.538857,-0.118856
0.748706,0.207552,0.106626;-0.695154,-0.460485,-0.539022,-0.119035
0.747026,0.20275,0.108704;-0.700214,-0.452569,-0.53914,-0.119203
0.745342,0.197918,0.110802;-0.705212,-0.444614,-0.53921,-0.11936
0.743655,0.193058,0.112921;-0.710148,-0.436619,-0.539232,-0.119507
0.741967,0.188172,0.115061;-0.715022,-0.428585,-0.539207,-0.119644
0.740279,0.183263,0.117222;-0.719832,-0.420514,-0.539134,-0.119769
0.738779,0.178882,0.11916;-0.724054,-0.413308,-0.539029,-0.119872
0.73728,0.174487,0.121114;-0.728226,-0.406074,-0.538887,-0.119967
0.735783,0.170078,0.123085;-0.732347,-0.398811,-0.538707,-0.120053
0.73429,0.165659,0.125073;-0.736417,-0.39152,-0.53849,-0.120131
0.7328,0.161229,0.127078;-0.740435,-0.384202,-0.538234,-0.1202
0.731315,0.156792,0.129099;-0.744402,-0.376857,-0.537942,-0.120262
0.729835,0.15235,0.131136;-0.748317,-0.369486,-0.537612,-0.120314
0.728361,0.147902,0.13319;-0.75218,-0.362089,-0.537244,-0.120358
0.726894,0.143452,0.135261;-0.75599,-0.354667,-0.536839,-0.120394
0.725434,0.139001,0.137349;-0.759747,-0.34722,-0.536396,-0.120422
0.723984,0.134551,0.139453;-0.763452,-0.339749,-0.535916,-0.120441
0.722542,0.130104,0.141574;-0.767103,-0.332254,-0.535399,-0.120452
0.72111,0.125661,0.143712;-0.770701,-0.324736,-0.534844,-0.120454
0.71969,0.121223,0.145867;-0.774244,-0.317195,-0.534252,-0.120448
0.718281,0.116794,0.148038;-0.777734,-0.309633,-0.533622,-0.120433
0.716884,0.112374,0.150227;-0.78117,-0.302048,-0.532956,-0.12041
0.715501,0.107964,0.152432;-0.784551,-0.294443,-0.532252,-0.120379
0.714131,0.103568,0.154654;-0.787877,-0.286817,-0.531511,-0.120339
0.712777,0.0991864,0.156893;-0.791149,-0.279171,-0.530733,-0.120291
0.711438,0.0948208,0.159149;-0.794365,-0.271505,-0.529918,-0.120234
0.710115,0.0904733,0.161422;-0.797526,-0.263821,-0.529066,-0.12017
0.708809,0.0861454,0.163712;-0.800631,-0.256118,-0.528177,-0.120096
0.707522,0.0818389,0.166019;-0.80368,-0.248397,-0.527251,-0.120015
0.706253,0.0775556,0.168342;-0.806673,-0.240659,-0.526289,-0.119925
0.705004,0.073297,0.170683;-0.80961,-0.232904,-0.525289,-0.119826
0.703622,0.068538,0.173337;-0.812847,-0.22416,-0.524121,-0.119705
0.702268,0.063815,0.176013;-0.816011,-0.215397,-0.522907,-0.119574
0.700942,0.0591305,0.17871;-0.819104,-0.206614,-0.521647,-0.119432
0.699644,0.0544869,0.181429;-0.822124,-0.197814,-0.52034,-0.11928
0.698377,0.0498866,0.18417;-0.825072,-0.188996,-0.518988,-0.119117
0.697141,0.0453322,0.186932;-0.827947,-0.180161,-0.517589,-0.118943
0.695938,0.040826,0.189716;-0.830749,-0.17131,-0.516145,-0.11876
0.694768,0.0363706,0.192522;-0.833477,-0.162444,-0.514656,-0.118565
0.693633,0.0319682,0.19535;-0.836132,-0.153564,-0.513121,-0.11836
0.692533,0.0276215,0.1982;-0.838713,-0.14467,-0.51154,-0.118145
0.691471,0.0233327,0.201072;-0.84122,-0.135763,-0.509915,-0.117919
0.690446,0.0191044,0.203965;-0.843652,-0.126845,-0.508244,-0.117683
0.689461,0.0149391,0.206881;-0.84601,-0.117915,-0.506529,-0.117436
0.688516,0.0108391,0.209819;-0.848294,-0.108975,-0.504768,-0.117179
0.687612,0.00680683,0.212778;-0.850502,-0.100025,-0.502964,-0.116912
0.686751,0.00284485,0.21576;-0.852636,-0.0910666,-0.501115,-0.116634
0.685846,-0.00147201,0.219099;-0.854918,-0.0811032,-0.499008,-0.116314
0.684996,-0.0056958,0.222466;-0.857107,-0.0711309,-0.496847,-0.11598
0.684203,-0.00982315,0.22586;-0.859202,-0.0611509,-0.494632,-0.115635
0.683468,-0.0138507,0.229281;-0.861204,-0.0511642,-0.492363,-0.115276
0.682794,-0.0177752,0.232729;-0.863112,-0.0411719,-0.49004,-0.114905
0.682181,-0.0215931,0.236206;-0.864926,-0.0311752,-0.487664,-0.114521
0.681631,-0.0253013,0.23971;-0.866645,-0.021175,-0.485235,-0.114125
0.681146,-0.0288962,0.243241;-0.86827,-0.0111726,-0.482753,-0.113717
0.680689,-0.032716,0.247158;-0.869949,-0.000168503,-0.479962,-0.113253
0.680314,-0.0363902,0.251108;-0.871512,0.0108356,-0.477107,-0.112775
0.680023,-0.0399145,0.255091;-0.872961,0.0218383,-0.47419,-0.112281
0.679819,-0.0432845,0.259109;-0.874294,0.032838,-0.47121,-0.111773
0.679702,-0.0464956,0.26316;-0.875512,0.0438335,-0.468168,-0.11125
0.679677,-0.0495434,0.267244;-0.876614,0.0548232,-0.465064,-0.110712
0.679743,-0.0524234,0.271363;-0.877601,0.0658056,-0.461899,-0.11016
0.679924,-0.0553687,0.275894;-0.878546,0.0777765,-0.458376,-0.10954
0.680219,-0.0581032,0.280467;-0.879353,0.0897352,-0.454782,-0.108904
0.680633,-0.0606212,0.285079;-0.880021,0.10168,-0.451116,-0.108251
0.681167,-0.0629169,0.289732;-0.880552,0.113608,-0.447379,-0.10758
0.681823,-0.0649844,0.294426;-0.880944,0.125519,-0.443573,-0.106893
0.682606,-0.066818,0.29916;-0.881198,0.13741,-0.439696,-0.106189
0.683517,-0.068412,0.303935;-0.881313,0.14928,-0.435751,-0.105468
0.684559,-0.0697604,0.308751;-0.881291,0.161126,-0.431737,-0.104731
0.685734,-0.0708575,0.313608;-0.88113,0.172947,-0.427655,-0.103977
0.687046,-0.0716976,0.318506;-0.88083,0.18474,-0.423506,-0.103207
0.688497,-0.0722748,0.323445;-0.880392,0.196505,-0.419291,-0.102421
0.69009,-0.0725834,0.328425;-0.879817,0.208239,-0.41501,-0.101619
0.691827,-0.0726175,0.333447;-0.879103,0.21994,-0.410664,-0.1008
0.693711,-0.0723714,0.33851;-0.87825,0.231606,-0.406253,-0.0999661
0.69557,-0.0718946,0.343187;-0.877348,0.242269,-0.402154,-0.0991877
0.697556,-0.0711731,0.347899;-0.87633,0.252899,-0.398001,-0.0983962
0.699672,-0.0702023,0.352646;-0.875197,0.263497,-0.393797,-0.0975917
0.70192,-0.0689778,0.357428;-0.873948,0.274059,-0.38954,-0.0967744
0.70408,-0.0676407,0.361805;-0.872713,0.28363,-0.385625,-0.0960203
0.706352,-0.0660869,0.366212;-0.871382,0.29317,-0.381669,-0.0952557
0.708738,-0.064313,0.370648;-0.869956,0.302678,-0.377671,-0.0944807
0.711239,-0.0623156,0.375112;-0.868436,0.312153,-0.373632,-0.0936955
0.71359,-0.0603242,0.379155;-0.866987,0.320651,-0.369962,-0.09298
0.716037,-0.0581467,0.383222;-0.865461,0.329121,-0.366259,-0.0922563
0.718581,-0.0557806,0.387312;-0.863859,0.337562,-0.362524,-0.0915244
0.721222,-0.0532235,0.391427;-0.86218,0.345973,-0.358757,-0.0907845
0.723654,-0.0507882,0.395103;-0.860624,0.353424,-0.355382,-0.0901201
0.726164,-0.0481983,0.398799;-0.859008,0.360851,-0.351982,-0.0894494
0.728755,-0.0454521,0.402513;-0.857332,0.368252,-0.348557,-0.0887724
0.731426,-0.0425479,0.406246;-0.855596,0.375627,-0.345108,-0.0880892
0.734179,-0.039484,0.409998;-0.853801,0.382977,-0.341635,-0.0873999
0.737013,-0.0362587,0.413769;-0.851946,0.390299,-0.338139,-0.0867045
0.739562,-0.0333028,0.417084;-0.850274,0.396684,-0.33506,-0.0860911
0.742175,-0.0302208,0.420414;-0.848556,0.403048,-0.331963,-0.0854731
0.744852,-0.0270115,0.423758;-0.846793,0.40939,-0.328848,-0.0848505
0.747595,-0.023674,0.427116;-0.844986,0.41571,-0.325716,-0.0842233
0.750403,-0.0202069,0.430489;-0.843132,0.422008,-0.322566,-0.0835917
0.753278,-0.0166092,0.433876;-0.841234,0.428284,-0.319399,-0.0829556
0.755795,-0.0134205,0.436792;-0.839572,0.433645,-0.316671,-0.0824068
0.758362,-0.0101343,0.439717;-0.837876,0.438989,-0.313931,-0.0818548
0.760978,-0.00674983,0.442654;-0.836147,0.444315,-0.311178,-0.0812996
0.763644,-0.00326634,0.445601;-0.834386,0.449624,-0.308413,-0.0807412
0.766361,0.000316888,0.448559;-0.832592,0.454916,-0.305636,-0.0801796
0.769128,0.00400057,0.451528;-0.830765,0.46019,-0.302847,-0.0796149
