0.775316,-0.242512,0.620127;0.876923,0.442239,-0.139104,-0.126811
0.763182,-0.248764,0.618781;0.877029,0.443702,-0.135497,-0.124856
0.751444,-0.254754,0.617503;0.877119,0.445156,-0.131888,-0.122899
0.7401,-0.260485,0.616293;0.877192,0.446601,-0.128276,-0.12094
0.729144,-0.26596,0.615148;0.877249,0.448038,-0.124662,-0.118978
0.718573,-0.271182,0.61407;0.877289,0.449466,-0.121045,-0.117014
0.70838,-0.276155,0.613055;0.877312,0.450886,-0.117426,-0.115048
0.698563,-0.28088,0.612103;0.877319,0.452298,-0.113805,-0.11308
0.689117,-0.285363,0.611213;0.877309,0.453701,-0.110182,-0.111109
0.680037,-0.289605,0.610383;0.877282,0.455095,-0.106557,-0.109137
0.667094,-0.295525,0.60925;0.877211,0.45717,-0.101115,-0.106174
0.65495,-0.300922,0.608247;0.877102,0.459225,-0.0956686,-0.103206
0.64359,-0.305807,0.60737;0.876956,0.461261,-0.0902184,-0.100235
0.633,-0.31019,0.606617;0.876772,0.463278,-0.0847643,-0.0972586
0.623163,-0.314082,0.605981;0.876551,0.465274,-0.0793066,-0.0942784
0.611195,-0.318526,0.605313;0.876198,0.467905,-0.0720244,-0.0902986
0.600505,-0.322142,0.60484;0.875779,0.470501,-0.0647367,-0.0863119
0.588887,-0.325534,0.60451;0.875161,0.473695,-0.0556203,-0.0813194
0.57741,-0.328016,0.604474;0.874283,0.477453,-0.044672,-0.0753157
0.567269,-0.328829,0.60489;0.873069,0.481735,-0.0318895,-0.0682952
0.55796,-0.325887,0.606429;0.870752,0.488238,-0.0117888,-0.0572315
0.556506,-0.316394,0.609418;0.86737,0.495561,0.0119744,-0.0441144
0.560954,-0.306432,0.612077;0.86462,0.500398,0.0284213,-0.0350119
0.567198,-0.29698,0.614402;0.862252,0.504028,0.0412062,-0.0279228
0.57433,-0.287804,0.616535;0.860063,0.507045,0.0521571,-0.0218411
0.581438,-0.279464,0.618387;0.858126,0.509494,0.0612762,-0.0167702
0.589529,-0.270547,0.620289;0.856087,0.511882,0.0703879,-0.0116973
0.596664,-0.26303,0.621834;0.854383,0.513749,0.0776714,-0.00763788
0.604348,-0.255201,0.623391;0.852614,0.515577,0.084949,-0.00357793
0.612547,-0.247084,0.62495;0.850781,0.517366,0.0922201,0.000482286
0.621224,-0.238704,0.626503;0.848883,0.519115,0.0994842,0.00454247
0.630344,-0.230087,0.628041;0.84692,0.520825,0.106741,0.00860231
0.639872,-0.221258,0.629554;0.844893,0.522496,0.113989,0.0126615
0.647264,-0.214512,0.630667;0.843331,0.523722,0.11942,0.0157053
0.65485,-0.207671,0.631758;0.841733,0.524927,0.124846,0.0187484
0.662615,-0.200747,0.632823;0.840098,0.526109,0.130266,0.0217907
0.670545,-0.193749,0.633857;0.838428,0.527269,0.13568,0.0248321
0.678623,-0.186688,0.634858;0.836722,0.528406,0.141089,0.0278724
0.686836,-0.179575,0.635821;0.834981,0.52952,0.146492,0.0309115
0.695169,-0.172421,0.636742;0.833203,0.530612,0.151889,0.0339493
0.703605,-0.165235,0.637618;0.831391,0.531681,0.157279,0.0369856
0.712131,-0.15803,0.638445;0.829542,0.532728,0.162662,0.0400204
0.720731,-0.150814,0.639219;0.827658,0.533752,0.168039,0.0430535
0.729047,-0.143885,0.63991;0.827101,0.532959,0.172396,0.0462511
0.736826,-0.137444,0.640503;0.834268,0.521501,0.17157,0.050958
0.744636,-0.131016,0.641047;0.841264,0.509937,0.170708,0.0556545
0.752472,-0.124606,0.64154;0.848088,0.498267,0.169812,0.0603396
0.760329,-0.118218,0.641983;0.854737,0.486495,0.168881,0.0650123
0.7682,-0.111857,0.642373;0.86121,0.474623,0.167915,0.0696716
0.776082,-0.105527,0.64271;0.867507,0.462653,0.166915,0.0743165
0.783967,-0.0992338,0.642992;0.873625,0.450589,0.16588,0.0789463
0.791852,-0.0929813,0.643218;0.879564,0.438432,0.164811,0.0835597
0.799731,-0.0867743,0.643387;0.885322,0.426185,0.163709,0.0881561
0.80872,-0.079742,0.64351;0.89168,0.412081,0.162407,0.0933868
0.817686,-0.072782,0.643555;0.897798,0.397866,0.161062,0.0985924
0.826621,-0.0659011,0.643521;0.903675,0.383545,0.159674,0.103772
0.835516,-0.0591062,0.643407;0.90931,0.36912,0.158243,0.108923
0.844364,-0.0524043,0.64321;0.914701,0.354597,0.15677,0.114045
0.853156,-0.0458022,0.642929;0.919846,0.339979,0.155254,0.119136
0.861885,-0.0393067,0.642563;0.924745,0.325269,0.153697,0.124196
0.870543,-0.0329249,0.642109;0.929395,0.310472,0.152099,0.129222
0.879121,-0.0266635,0.641566;0.933796,0.295591,0.150459,0.134214
0.887611,-0.0205296,0.640932;0.937946,0.280632,0.14878,0.139169
0.896007,-0.0145299,0.640206;0.941844,0.265597,0.14706,0.144087
0.904298,-0.0086713,0.639386;0.94549,0.25049,0.145301,0.148967
0.912478,-0.0029608,0.63847;0.948882,0.235317,0.143503,0.153806
0.921538,0.00327796,0.637323;0.952393,0.218171,0.141434,0.159201
0.930434,0.00931082,0.636051;0.955581,0.200951,0.139317,0.164542
0.939157,0.0151279,0.634651;0.958444,0.183664,0.137153,0.169827
0.947694,0.0207195,0.633121;0.960982,0.166313,0.134942,0.175054
0.956034,0.0260758,0.631457;0.963193,0.148906,0.132685,0.180222
0.965056,0.0317392,0.629451;0.965267,0.129506,0.130125,0.185892
0.973805,0.0370865,0.627275;0.966935,0.110052,0.12751,0.191485
0.982265,0.0421043,0.624925;0.968198,0.0905518,0.124842,0.196997
0.99122,0.047227,0.622136;0.969118,0.0690578,0.121847,0.202964
0.999785,0.0519168,0.61913;0.969547,0.0475288,0.118789,0.208829
1.00866,0.056518,0.615597;0.969453,0.0240154,0.115385,0.215106
1.01702,0.0605593,0.611793;0.968774,0.00048755,0.111912,0.221253
1.02547,0.0642786,0.607362;0.967378,-0.0250009,0.108073,0.227761
1.03381,0.0674847,0.60222;0.965108,-0.0524296,0.103852,0.234589
1.04184,0.0699591,0.596274;0.961796,-0.0817691,0.099236,0.241691
1.04931,0.0714527,0.589424;0.957263,-0.112979,0.0942089,0.249015
1.05593,0.0716836,0.581555;0.95132,-0.146006,0.0887569,0.256503
1.06113,0.0704524,0.573062;0.944225,-0.178855,0.0831973,0.263681
1.06482,0.0676929,0.56393;0.935986,-0.211488,0.0775369,0.270539
1.06685,0.0636406,0.554737;0.927195,-0.241968,0.0721235,0.276695
1.06743,0.0585099,0.545578;0.918049,-0.270308,0.066978,0.282196
1.06685,0.0529849,0.53721;0.909421,-0.294664,0.0624673,0.286748
1.06541,0.0470389,0.529212;0.897697,-0.321368,0.0719705,0.292716
1.06326,0.0406389,0.521338;0.882614,-0.350181,0.0925279,0.299673
1.06056,0.0339572,0.513654;0.86713,-0.376902,0.111814,0.305824
1.05744,0.0271467,0.506223;0.851476,-0.401582,0.129826,0.311232
1.05405,0.0203386,0.499096;0.835866,-0.42428,0.146571,0.315961
1.05049,0.0136447,0.492317;0.820496,-0.445059,0.16206,0.320072
1.04656,0.00665008,0.485428;0.804367,-0.465426,0.177398,0.323887
1.0426,-9.06807e-05,0.478941;0.788723,-0.483953,0.191495,0.327162
1.03836,-0.00704612,0.472379;0.772451,-0.502095,0.205439,0.330175
1.03385,-0.0141948,0.465751;0.755562,-0.519836,0.219218,0.332925
1.02945,-0.0209465,0.459581;0.739438,-0.535845,0.231783,0.335228
1.02485,-0.0278278,0.453371;0.722811,-0.55149,0.244191,0.337304
1.02006,-0.0348216,0.447126;0.705694,-0.56676,0.256433,0.33915
1.01507,-0.0419112,0.440854;0.688096,-0.581645,0.2685,0.340765
1.00992,-0.0490798,0.434564;0.670031,-0.596134,0.280385,0.34215
1.00505,-0.0557058,0.428787;0.653072,-0.609061,0.291112,0.343214
1.00005,-0.062371,0.423006;0.635739,-0.62164,0.301673,0.344083
0.994929,-0.0690623,0.417226;0.618044,-0.633864,0.312062,0.344755
0.989699,-0.0757667,0.411453;0.599995,-0.645726,0.322273,0.34523
0.984366,-0.0824712,0.405693;0.581604,-0.657219,0.3323,0.345509
0.97894,-0.089163,0.399952;0.562881,-0.668338,0.342137,0.34559
0.973427,-0.0958288,0.394235;0.543837,-0.679074,0.351778,0.345473
0.967838,-0.102456,0.388547;0.524482,-0.689423,0.361219,0.34516
0.96218,-0.109031,0.382895;0.504828,-0.699378,0.370454,0.344649
0.956462,-0.115541,0.377284;0.484885,-0.708934,0.379477,0.343942
0.950693,-0.121974,0.37172;0.464666,-0.718086,0.388283,0.343038
0.944881,-0.128316,0.366208;0.444181,-0.726827,0.396868,0.341938
0.939035,-0.134554,0.360754;0.423443,-0.735153,0.405226,0.340644
0.933162,-0.140675,0.355365;0.402463,-0.74306,0.413353,0.339154
0.926737,-0.147204,0.349564;0.379314,-0.751201,0.421949,0.337309
0.920303,-0.153562,0.343854;0.355907,-0.758832,0.430259,0.335234
0.91387,-0.159731,0.338242;0.332258,-0.765947,0.438276,0.332931
0.90745,-0.165696,0.332734;0.308384,-0.772542,0.445996,0.330403
0.901054,-0.171438,0.327338;0.2843,-0.778612,0.453412,0.32765
0.894165,-0.177389,0.321628;0.257992,-0.784591,0.461099,0.324416
0.887331,-0.183039,0.316068;0.231478,-0.789944,0.468418,0.320923
0.880567,-0.188365,0.310666;0.204779,-0.794667,0.475363,0.317175
0.873376,-0.193715,0.305038;0.175845,-0.799045,0.482419,0.312855
0.8663,-0.198638,0.299617;0.146748,-0.802683,0.489028,0.308246
0.858865,-0.203409,0.294051;0.115423,-0.805758,0.495608,0.302992
0.851126,-0.207888,0.288408;0.0818752,-0.808095,0.502046,0.297033
0.84315,-0.211913,0.282762;0.0461232,-0.809509,0.508222,0.290309
0.835014,-0.215297,0.277201;0.00820071,-0.809802,0.514005,0.282758
0.826813,-0.217828,0.271823;-0.031841,-0.808769,0.519258,0.274319
0.818263,-0.219303,0.2665;-0.0760318,-0.806024,0.524034,0.264448
0.809588,-0.219222,0.261465;-0.124246,-0.801094,0.528013,0.253007
0.800742,-0.216849,0.256838;-0.17837,-0.793115,0.530925,0.239314
0.792753,-0.211645,0.253305;-0.233971,-0.782152,0.532156,0.224288
0.786328,-0.203819,0.251206;-0.286755,-0.769053,0.531612,0.209089
0.781775,-0.194453,0.250475;-0.332691,-0.755419,0.529718,0.195086
0.778804,-0.184692,0.250713;-0.331867,-0.775522,0.500427,0.194943
0.776769,-0.174382,0.251594;-0.327216,-0.795698,0.470672,0.195608
0.775475,-0.164248,0.252875;-0.322754,-0.812633,0.443903,0.195981
0.774668,-0.153972,0.254479;-0.318291,-0.827688,0.418508,0.196148
0.774245,-0.143772,0.256306;-0.313893,-0.841008,0.394592,0.196147
0.774119,-0.133832,0.25827;-0.309619,-0.85273,0.372247,0.196011
0.774232,-0.123424,0.260492;-0.305142,-0.863893,0.349657,0.195748
0.774534,-0.1135,0.262745;-0.300863,-0.873629,0.328749,0.195394
0.775015,-0.103236,0.265198;-0.296418,-0.882884,0.307659,0.194932
0.775665,-0.0926586,0.267843;-0.29181,-0.891653,0.2864,0.194363
0.776393,-0.0827927,0.270408;-0.287482,-0.899199,0.266937,0.193753
0.777244,-0.0727088,0.27312;-0.283022,-0.906336,0.247352,0.193055
0.77821,-0.0624262,0.275973;-0.278434,-0.913061,0.227655,0.192269
0.779284,-0.0519647,0.278961;-0.273719,-0.919371,0.207854,0.191395
0.780334,-0.0424124,0.281761;-0.269369,-0.924692,0.189953,0.190534
0.78146,-0.0327453,0.284662;-0.26492,-0.929672,0.171981,0.189604
0.782654,-0.0229774,0.287659;-0.260374,-0.93431,0.153946,0.188603
0.783912,-0.0131231,0.290749;-0.255731,-0.938604,0.135854,0.187533
0.785227,-0.00319659,0.293926;-0.250994,-0.942551,0.117712,0.186393
0.786593,0.00678786,0.297188;-0.246165,-0.946152,0.0995266,0.185185
0.788006,0.016816,0.30053;-0.241245,-0.949404,0.0813046,0.183909
0.789458,0.0268736,0.303947;-0.236236,-0.952306,0.0630527,0.182565
0.790945,0.0369464,0.307436;-0.23114,-0.954857,0.0447775,0.181154
0.792461,0.0470202,0.310992;-0.225959,-0.957057,0.0264859,0.179676
0.794,0.0570807,0.314611;-0.220695,-0.958903,0.00818445,0.178132
0.795555,0.0671137,0.318288;-0.215349,-0.960397,-0.01012,0.176522
0.797123,0.0771049,0.322021;-0.209924,-0.961537,-0.0284207,0.174847
0.798695,0.0870401,0.325804;-0.204422,-0.962322,-0.0467109,0.173108
0.800268,0.0969051,0.329633;-0.198844,-0.962753,-0.064984,0.171305
0.801835,0.106686,0.333505;-0.193193,-0.962829,-0.083233,0.169439
0.803391,0.116367,0.337414;-0.187471,-0.96255,-0.101451,0.16751
0.804929,0.125936,0.341357;-0.18168,-0.961917,-0.119632,0.16552
0.806445,0.135378,0.34533;-0.175822,-0.960929,-0.137769,0.163469
0.807931,0.144678,0.349328;-0.169899,-0.959587,-0.155856,0.161357
0.809383,0.153822,0.353348;-0.163913,-0.957892,-0.173884,0.159186
0.810949,0.163782,0.357834;-0.157192,-0.955594,-0.193841,0.156705
0.812458,0.173513,0.362335;-0.150399,-0.952862,-0.213709,0.154153
0.813901,0.182995,0.366846;-0.143538,-0.949696,-0.23348,0.151531
0.81527,0.192209,0.37136;-0.136611,-0.946098,-0.253145,0.148839
0.816559,0.201135,0.375873;-0.129623,-0.94207,-0.272695,0.14608
0.817873,0.210597,0.380827;-0.121867,-0.937144,-0.294056,0.142969
0.819069,0.219661,0.385765;-0.114045,-0.931703,-0.315256,0.139778
0.820226,0.229065,0.391124;-0.10544,-0.925182,-0.338184,0.136211
0.821217,0.23793,0.396443;-0.0967654,-0.918054,-0.360891,0.132553
0.822086,0.246887,0.40215;-0.087297,-0.909655,-0.385222,0.128493
0.822726,0.255129,0.407787;-0.0777615,-0.900556,-0.409258,0.124335
0.82314,0.263158,0.413764;-0.0674258,-0.889984,-0.43479,0.119749
0.823234,0.271188,0.420458;-0.0555406,-0.87693,-0.463494,0.114379
0.822821,0.278668,0.427784;-0.042093,-0.861025,-0.495139,0.108178
0.821662,0.284914,0.435632;-0.0270795,-0.841865,-0.529442,0.101101
0.819213,0.289327,0.444582;-0.00900056,-0.816855,-0.569329,0.0923672
0.815138,0.290018,0.453612;0.01061,-0.787348,-0.610854,0.0826335
0.8097,0.286359,0.461553;0.0294364,-0.756692,-0.649012,0.0730342
0.804192,0.280172,0.46732;0.0444397,-0.730615,-0.678215,0.0652039
0.798651,0.272508,0.471775;0.0571301,-0.707402,-0.70207,0.0584544
0.793465,0.264465,0.475115;0.0675253,-0.687586,-0.721023,0.0528378
0.788105,0.255511,0.477946;0.0692304,-0.675284,-0.732627,0.0495648
0.783115,0.246724,0.480147;0.0483596,-0.683241,-0.726706,0.0523674
0.778274,0.237875,0.48198;0.0293632,-0.690153,-0.720981,0.0548906
0.773164,0.228245,0.48366;0.0103536,-0.696756,-0.714934,0.0573893
0.76835,0.218944,0.485047;-0.00675924,-0.702432,-0.709218,0.0596162
0.763348,0.20907,0.486321;-0.0238696,-0.707853,-0.703244,0.0618214
0.758754,0.199834,0.487364;-0.0390718,-0.712456,-0.69772,0.0637628
0.754033,0.190189,0.488327;-0.0542627,-0.716856,-0.691996,0.065686
0.749194,0.180152,0.489213;-0.0694382,-0.721049,-0.686074,0.0675903
0.74487,0.171064,0.489928;-0.0827005,-0.72455,-0.680731,0.0692407
0.74047,0.161706,0.490589;-0.0959446,-0.727891,-0.675238,0.0708759
0.736,0.152089,0.491201;-0.109168,-0.731072,-0.669597,0.0724956
0.731467,0.142228,0.491764;-0.122367,-0.734093,-0.663809,0.0740993
0.726878,0.132135,0.492281;-0.135539,-0.736953,-0.657876,0.0756868
0.722239,0.121824,0.492756;-0.148682,-0.739651,-0.651798,0.0772577
0.717557,0.111308,0.49319;-0.161792,-0.742187,-0.645577,0.0788116
0.713515,0.102141,0.493533;-0.173001,-0.744231,-0.640132,0.0801298
0.709449,0.0928413,0.493849;-0.184182,-0.746156,-0.634584,0.0814351
0.705365,0.0834171,0.49414;-0.195333,-0.747959,-0.628934,0.0827273
0.701267,0.0738769,0.494409;-0.206453,-0.749643,-0.623182,0.0840061
0.697159,0.0642288,0.494657;-0.21754,-0.751205,-0.61733,0.0852714
0.693044,0.0544813,0.494884;-0.228591,-0.752646,-0.611378,0.0865229
0.688928,0.0446427,0.495094;-0.239606,-0.753966,-0.605328,0.0877605
0.684814,0.0347211,0.495288;-0.250582,-0.755165,-0.59918,0.0889839
0.680706,0.0247251,0.495467;-0.261518,-0.756241,-0.592936,0.090193
0.676609,0.0146627,0.495632;-0.272411,-0.757196,-0.586596,0.0913876
0.672527,0.00454246,0.495787;-0.283261,-0.758029,-0.580161,0.0925674
0.668464,-0.00562743,0.495931;-0.294065,-0.75874,-0.573633,0.0937323
0.664424,-0.0158386,0.496067;-0.304821,-0.759328,-0.567012,0.0948821
0.660411,-0.0260829,0.496197;-0.315528,-0.759794,-0.5603,0.0960165
0.656429,-0.0363518,0.496321;-0.326185,-0.760137,-0.553498,0.0971356
0.652484,-0.0466371,0.496442;-0.336789,-0.760358,-0.546606,0.0982389
0.648578,-0.0569306,0.496562;-0.347339,-0.760456,-0.539627,0.0993264
0.644716,-0.0672238,0.496681;-0.357832,-0.760432,-0.53256,0.100398
0.640902,-0.0775085,0.496802;-0.368268,-0.760285,-0.525407,0.101453
0.63714,-0.0877763,0.496926;-0.378645,-0.760015,-0.51817,0.102492
0.633435,-0.098019,0.497055;-0.38896,-0.759623,-0.510849,0.103515
0.62979,-0.108228,0.49719;-0.399213,-0.759109,-0.503446,0.10452
0.626211,-0.118396,0.497333;-0.409402,-0.758472,-0.495962,0.105509
0.6227,-0.128513,0.497486;-0.419524,-0.757713,-0.488398,0.106481
0.619262,-0.138572,0.49765;-0.429579,-0.756831,-0.480755,0.107436
0.615902,-0.148565,0.497827;-0.439565,-0.755828,-0.473035,0.108373
0.612623,-0.158482,0.498019;-0.44948,-0.754703,-0.465238,0.109293
0.609429,-0.168316,0.498227;-0.459322,-0.753456,-0.457366,0.110196
0.606326,-0.178059,0.498452;-0.46909,-0.752088,-0.449421,0.11108
0.603316,-0.187702,0.498697;-0.478783,-0.750599,-0.441403,0.111947
0.599929,-0.198814,0.499009;-0.489993,-0.748708,-0.431959,0.112935
0.596682,-0.209766,0.499353;-0.501096,-0.746653,-0.42242,0.113899
0.593582,-0.220544,0.49973;-0.512089,-0.744434,-0.412789,0.114837
0.590636,-0.231136,0.500144;-0.52297,-0.742052,-0.403066,0.11575
0.587849,-0.241527,0.500597;-0.533736,-0.739507,-0.393256,0.116638
0.585229,-0.251705,0.501091;-0.544385,-0.7368,-0.383359,0.117501
0.582782,-0.261657,0.501629;-0.554914,-0.733932,-0.373378,0.118337
0.580207,-0.272736,0.502302;-0.566798,-0.730456,-0.361871,0.119262
0.577876,-0.283483,0.503039;-0.57852,-0.726771,-0.350261,0.120152
0.5758,-0.293877,0.503845;-0.590076,-0.722877,-0.33855,0.121007
0.573988,-0.303899,0.504723;-0.601463,-0.718777,-0.326742,0.121828
0.572278,-0.314704,0.505803;-0.614067,-0.713917,-0.313346,0.12271
0.57093,-0.324986,0.506985;-0.626449,-0.708799,-0.299837,0.123547
0.569873,-0.335762,0.508425;-0.639939,-0.702811,-0.284699,0.124425
0.569299,-0.345818,0.510005;-0.653143,-0.696508,-0.269433,0.125247
0.569247,-0.356002,0.511914;-0.667329,-0.689214,-0.252502,0.126087
0.569915,-0.366005,0.514213;-0.682392,-0.680832,-0.233877,0.126925
0.57169,-0.37613,0.517197;-0.69941,-0.670498,-0.211957,0.127799
0.57484,-0.385017,0.520777;-0.716961,-0.658774,-0.188265,0.128611
0.580053,-0.392475,0.525344;-0.735978,-0.644684,-0.161187,0.129374
0.587575,-0.397144,0.53081;-0.755075,-0.628857,-0.132289,0.13
0.59608,-0.398328,0.536248;-0.771132,-0.614022,-0.10644,0.130398
0.60499,-0.396946,0.541478;-0.784457,-0.600463,-0.0837208,0.130624
0.613761,-0.39388,0.546329;-0.79533,-0.588422,-0.0641879,0.130727
0.621895,-0.389948,0.55064;-0.804001,-0.578097,-0.0478784,0.130747
0.629873,-0.385305,0.554736;-0.811496,-0.568583,-0.0331813,0.130716
0.638489,-0.379586,0.559042;-0.818697,-0.558863,-0.0184721,0.130638
0.646694,-0.373578,0.56305;-0.824849,-0.550052,-0.00539149,0.130528
0.654305,-0.36759,0.5667;-0.830038,-0.542214,0.00605543,0.130401
0.662323,-0.360907,0.570486;-0.835045,-0.534256,0.017501,0.130246
0.669527,-0.354614,0.573841;-0.839191,-0.527342,0.0273086,0.13009
0.67704,-0.347793,0.577299;-0.843201,-0.520343,0.0371117,0.129913
0.684866,-0.340434,0.580862;-0.847076,-0.513261,0.0469089,0.129715
0.693009,-0.332529,0.584532;-0.850814,-0.506095,0.0566985,0.129497
0.700041,-0.325519,0.587673;-0.853824,-0.500061,0.0648496,0.129299
0.707299,-0.31812,0.590891;-0.856739,-0.493971,0.0729934,0.129086
0.714785,-0.310326,0.594185;-0.859557,-0.487826,0.081129,0.128859
0.722501,-0.302132,0.597557;-0.86228,-0.481627,0.0892556,0.128617
0.730451,-0.293535,0.601008;-0.864906,-0.475373,0.0973722,0.128361
0.73698,-0.286364,0.603826;-0.866937,-0.470332,0.103858,0.128146
0.743661,-0.278928,0.606696;-0.868906,-0.465257,0.110336,0.127922
0.750495,-0.271225,0.609618;-0.870813,-0.460149,0.116806,0.127688
0.757484,-0.263254,0.612593;-0.872657,-0.455008,0.123268,0.127446
0.764628,-0.255011,0.61562;-0.874439,-0.449834,0.12972,0.127194
0.771929,-0.246494,0.618701;-0.876158,-0.444628,0.136164,0.126933
