0.935086,-0.143,0.548082;0.763951,0.435734,-0.475566,0.0187444
0.936363,-0.15331,0.544892;0.759489,0.442002,-0.47705,0.0153117
0.937586,-0.163457,0.541767;0.754971,0.448238,-0.478499,0.011878
0.938754,-0.173442,0.538706;0.750398,0.45444,-0.479913,0.00844336
0.939868,-0.183267,0.535708;0.74577,0.460609,-0.481292,0.00500813
0.940929,-0.192932,0.532773;0.741087,0.466745,-0.482635,0.00157253
0.942182,-0.20479,0.529192;0.735157,0.474367,-0.484265,-0.0027221
0.943353,-0.216402,0.525708;0.729144,0.481934,-0.48584,-0.00701642
0.944443,-0.22777,0.522319;0.723047,0.489446,-0.487359,-0.0113099
0.945454,-0.238895,0.519026;0.716867,0.496902,-0.488822,-0.0156022
0.946387,-0.249781,0.515827;0.710605,0.504301,-0.490229,-0.0198926
0.947242,-0.260428,0.51272;0.704262,0.511643,-0.491581,-0.0241808
0.948022,-0.270839,0.509707;0.697839,0.518926,-0.492876,-0.0284662
0.948725,-0.281015,0.506784;0.691336,0.52615,-0.494115,-0.0327483
0.949355,-0.290959,0.503952;0.684753,0.533313,-0.495297,-0.0370267
0.949911,-0.300673,0.50121;0.678093,0.540416,-0.496422,-0.0413009
0.950483,-0.312028,0.498036;0.669998,0.548858,-0.497698,-0.0464236
0.950953,-0.323057,0.494989;0.661792,0.557209,-0.498892,-0.0515387
0.951322,-0.333764,0.492066;0.653478,0.565468,-0.500004,-0.0566453
0.951593,-0.344152,0.489266;0.645056,0.573634,-0.501033,-0.0617426
0.951766,-0.354224,0.486589;0.636528,0.581706,-0.50198,-0.0668297
0.951845,-0.363984,0.484031;0.627895,0.589682,-0.502844,-0.0719058
0.951818,-0.37498,0.481197;0.617693,0.598865,-0.503748,-0.0778129
0.951666,-0.385562,0.478522;0.607352,0.607913,-0.504538,-0.0837025
0.951393,-0.395733,0.476003;0.596875,0.616826,-0.505216,-0.0895734
0.951001,-0.405501,0.473639;0.586264,0.625599,-0.50578,-0.0954242
0.950411,-0.416175,0.471123;0.573977,0.635455,-0.506287,-0.102085
0.949673,-0.426337,0.468801;0.561522,0.645124,-0.506644,-0.108715
0.948672,-0.437165,0.466417;0.547313,0.655777,-0.50687,-0.116136
0.947495,-0.447365,0.46427;0.532902,0.666186,-0.506908,-0.123514
0.945988,-0.457976,0.462155;0.516659,0.677463,-0.506729,-0.131659
0.94428,-0.467841,0.460318;0.500178,0.688429,-0.506319,-0.139743
0.942179,-0.47785,0.458612;0.481786,0.700128,-0.5056,-0.148561
0.939632,-0.487786,0.457113;0.461419,0.712449,-0.504497,-0.158087
0.93659,-0.497422,0.455905;0.439011,0.725267,-0.502928,-0.168289
0.932737,-0.507128,0.455025;0.412736,0.739359,-0.500633,-0.179899
0.927958,-0.516362,0.454668;0.382445,0.75441,-0.49741,-0.192832
0.922146,-0.524552,0.45503;0.347994,0.770051,-0.49303,-0.206985
0.914867,-0.531361,0.456393;0.30739,0.786571,-0.486943,-0.222943
0.905985,-0.535817,0.459079;0.260428,0.80323,-0.478717,-0.240477
0.896575,-0.537017,0.462869;0.212722,0.817592,-0.469124,-0.257324
0.88756,-0.535454,0.467236;0.168292,0.828743,-0.459113,-0.272174
0.879117,-0.531961,0.471883;0.127367,0.837174,-0.449002,-0.285159
0.871367,-0.527226,0.476576;0.0901161,0.843347,-0.439073,-0.296412
0.86398,-0.52146,0.481402;0.0546876,0.847911,-0.428997,-0.306622
0.857417,-0.515364,0.48597;0.023126,0.850914,-0.419507,-0.315317
0.850891,-0.508422,0.490769;-0.00846276,0.85292,-0.409526,-0.323642
0.844837,-0.501201,0.495452;-0.0380689,0.853894,-0.399733,-0.331104
0.839266,-0.493887,0.499962;-0.0656666,0.85401,-0.390222,-0.33776
0.83376,-0.486011,0.504616;-0.0861738,0.855369,-0.380703,-0.340563
0.828563,-0.477958,0.5092;-0.0768294,0.864318,-0.372938,-0.328587
0.82349,-0.469485,0.513867;-0.0674565,0.872946,-0.365035,-0.316488
0.819039,-0.46152,0.518131;-0.0589994,0.880434,-0.357807,-0.305498
0.814705,-0.453252,0.522449;-0.0505245,0.887658,-0.350471,-0.294417
0.810496,-0.444697,0.526814;-0.0420344,0.894615,-0.343029,-0.283247
0.80642,-0.435875,0.531221;-0.0335317,0.901302,-0.335485,-0.271992
0.802484,-0.426801,0.535663;-0.0250189,0.907719,-0.327839,-0.260655
0.798696,-0.417493,0.540134;-0.0164986,0.913863,-0.320095,-0.24924
0.795063,-0.40797,0.544628;-0.00797337,0.919733,-0.312255,-0.23775
0.791972,-0.399337,0.548637;-0.000393265,0.924718,-0.305207,-0.227477
0.789015,-0.390559,0.552654;0.00718693,0.929483,-0.298087,-0.217149
0.786198,-0.381649,0.556676;0.0147654,0.934028,-0.290895,-0.20677
0.783527,-0.372619,0.560697;0.0223404,0.938351,-0.283635,-0.196342
0.781007,-0.363481,0.564714;0.0299101,0.942451,-0.276307,-0.185867
0.778644,-0.354247,0.568722;0.0374727,0.946327,-0.268914,-0.175348
0.776442,-0.34493,0.572717;0.0450263,0.949978,-0.261457,-0.164788
0.774408,-0.335541,0.576695;0.0525693,0.953404,-0.253937,-0.154188
0.772547,-0.326094,0.580651;0.0600998,0.956603,-0.246358,-0.143551
0.770864,-0.316599,0.58458;0.067616,0.959575,-0.23872,-0.132881
0.769365,-0.307071,0.588479;0.0751162,0.962319,-0.231025,-0.122179
0.768056,-0.29752,0.592342;0.0825985,0.964834,-0.223275,-0.111448
0.766941,-0.287959,0.596167;0.0900612,0.967121,-0.215472,-0.10069
0.766026,-0.278401,0.599947;0.0975025,0.969177,-0.207618,-0.0899089
0.765317,-0.268857,0.603679;0.104921,0.971003,-0.199715,-0.0791061
0.764819,-0.25934,0.607359;0.112314,0.972599,-0.191764,-0.0682844
0.764537,-0.249862,0.610982;0.11968,0.973964,-0.183768,-0.0574466
0.764478,-0.240436,0.614544;0.127018,0.975097,-0.175728,-0.0465951
0.764683,-0.229907,0.618472;0.135238,0.976095,-0.166634,-0.0343741
0.765184,-0.219477,0.622311;0.143416,0.9768,-0.157489,-0.0221428
0.765988,-0.209162,0.626055;0.151552,0.977211,-0.148297,-0.00990481
0.767103,-0.19898,0.629696;0.159642,0.977329,-0.13906,0.00233616
0.768538,-0.188949,0.63323;0.167684,0.977152,-0.129782,0.0145764
0.770299,-0.179085,0.63665;0.175675,0.976682,-0.120464,0.0268123
0.772394,-0.169406,0.639949;0.183614,0.975918,-0.11111,0.0390402
0.774832,-0.15993,0.643122;0.191497,0.974861,-0.101723,0.0512562
0.77762,-0.150674,0.646161;0.199323,0.973511,-0.0923056,0.0634569
0.781137,-0.140669,0.649376;0.207948,0.971667,-0.081809,0.0769907
0.785107,-0.130982,0.652409;0.216496,0.969463,-0.0712821,0.0904959
0.78954,-0.121635,0.655255;0.224964,0.966899,-0.0607288,0.103968
0.794446,-0.112654,0.657902;0.233348,0.963976,-0.0501529,0.117401
0.799837,-0.104061,0.660344;0.241645,0.960696,-0.0395584,0.13079
0.805626,-0.096008,0.662538;0.254687,0.956104,-0.0296935,0.141841
0.811967,-0.0882784,0.664542;0.290723,0.945766,-0.0223649,0.143201
0.818763,-0.0809505,0.666331;0.326333,0.934047,-0.0150036,0.144351
0.825977,-0.0740016,0.66791;0.361467,0.920963,-0.00762042,0.145291
0.83357,-0.0674088,0.669284;0.396073,0.906534,-0.000226103,0.146019
0.841505,-0.0611495,0.670456;0.4301,0.890781,0.00716854,0.146533
0.849744,-0.0552007,0.671431;0.463499,0.873726,0.0145527,0.146833
0.85825,-0.0495397,0.672214;0.496221,0.855394,0.0219156,0.146919
0.866984,-0.0441437,0.672808;0.528218,0.835813,0.0292465,0.14679
0.87591,-0.0389898,0.673217;0.559443,0.815011,0.0365347,0.146446
0.884989,-0.0340554,0.673447;0.58985,0.793018,0.0437695,0.145889
0.894183,-0.0293176,0.673502;0.619396,0.769866,0.0509403,0.145118
0.903456,-0.0247535,0.673385;0.648037,0.74559,0.0580367,0.144136
0.912769,-0.0203405,0.673102;0.675731,0.720224,0.0650484,0.142943
0.922085,-0.0160556,0.672655;0.702439,0.693806,0.071965,0.141541
0.931366,-0.0118762,0.672051;0.728119,0.666375,0.0787764,0.139932
0.940574,-0.00777933,0.671293;0.752736,0.63797,0.0854728,0.138119
0.950202,-0.0035062,0.670327;0.777602,0.606879,0.0924268,0.135979
0.959663,0.000726945,0.669198;0.801194,0.574794,0.0992293,0.133617
0.968909,0.00494716,0.667912;0.823474,0.541768,0.105869,0.131035
0.977898,0.0091815,0.666473;0.844405,0.507854,0.112336,0.128239
0.987058,0.0136963,0.664795;0.864998,0.471155,0.118962,0.12506
0.995827,0.0182889,0.662958;0.884012,0.433596,0.125371,0.121653
1.00458,0.0232421,0.660861;0.902283,0.393207,0.13187,0.117827
1.01317,0.0286143,0.658485;0.919504,0.349944,0.138407,0.113553
1.02109,0.0342041,0.65594;0.934676,0.305901,0.144635,0.109026
1.02858,0.0403406,0.653099;0.948334,0.259031,0.150813,0.104023
1.03543,0.0471155,0.64995;0.960132,0.209355,0.156878,0.0985203
1.04143,0.054637,0.64648;0.969705,0.156925,0.162759,0.092498
1.04615,0.0626835,0.642833;0.976455,0.104037,0.168166,0.0862064
1.04947,0.071319,0.639021;0.980362,0.0508464,0.173084,0.0796638
1.0513,0.0806078,0.635058;0.981415,-0.00249211,0.177497,0.0728893
1.05155,0.0901819,0.631128;0.979743,-0.0536034,0.181242,0.0661977
1.05039,0.099679,0.627385;0.977496,-0.0900965,0.181579,0.0584231
1.0479,0.109672,0.623596;0.981453,-0.0778239,0.169516,0.044247
1.04456,0.119219,0.620079;0.984614,-0.0666322,0.158475,0.0313398
1.04073,0.128133,0.616859;0.987101,-0.0565354,0.14848,0.0197117
1.0362,0.137303,0.613592;0.98925,-0.0464191,0.138434,0.00807694
1.03101,0.146681,0.610282;0.99106,-0.036287,0.12834,-0.00356063
1.0259,0.155152,0.607306;0.992383,-0.0272701,0.119331,-0.0139042
1.02035,0.163717,0.604301;0.993436,-0.0182458,0.110289,-0.0242441
1.01442,0.172342,0.601271;0.994221,-0.00921648,0.101218,-0.0345773
1.00814,0.180993,0.598218;0.994735,-0.000184717,0.092119,-0.0449012
1.00155,0.189638,0.595145;0.99498,0.0088471,0.0829951,-0.0552129
0.994695,0.198242,0.592055;0.994955,0.0178765,0.0738488,-0.0655096
0.988507,0.205711,0.589339;0.994712,0.0257734,0.0658292,-0.0745048
0.982172,0.213102,0.586613;0.994262,0.0336649,0.0577959,-0.0834845
0.975717,0.220392,0.583881;0.993606,0.0415494,0.0497507,-0.0924468
0.969169,0.227558,0.581142;0.992743,0.0494252,0.0416951,-0.10139
0.962556,0.234579,0.5784;0.991674,0.0572909,0.0336308,-0.110312
0.954952,0.242395,0.575264;0.990201,0.0662655,0.0244061,-0.120481
0.947338,0.249958,0.572129;0.988459,0.0752221,0.0151748,-0.130617
0.939756,0.257235,0.568996;0.986449,0.0841583,0.0059393,-0.140717
0.932244,0.264192,0.56587;0.984171,0.0930718,-0.00329778,-0.150779
0.924844,0.270796,0.562752;0.981626,0.10196,-0.012534,-0.160801
0.917597,0.277013,0.559646;0.978816,0.11082,-0.0217667,-0.170778
0.909676,0.283504,0.556168;0.975336,0.120752,-0.0321464,-0.181948
0.902056,0.289416,0.552713;0.971522,0.130643,-0.0425151,-0.193055
0.894014,0.295248,0.548904;0.966893,0.14158,-0.0540186,-0.205318
0.885774,0.300693,0.544759;0.961328,0.153541,-0.0666458,-0.218707
0.87763,0.305372,0.540296;0.954694,0.166499,-0.0803817,-0.233185
0.869421,0.309025,0.535181;0.94622,0.181488,-0.0963444,-0.249895
0.861621,0.310598,0.529124;0.934873,0.199486,-0.115619,-0.269906
0.855659,0.307479,0.521575;0.918493,0.22241,-0.140348,-0.295309
0.854857,0.299615,0.51536;0.902828,0.241844,-0.161476,-0.316762
0.857178,0.290477,0.510985;0.890401,0.255928,-0.176888,-0.332261
0.860778,0.281439,0.507762;0.880387,0.266568,-0.188588,-0.343941
0.865055,0.272481,0.505158;0.895152,0.233011,-0.182647,-0.33324
0.869729,0.263587,0.502937;0.90707,0.203111,-0.177179,-0.323385
0.874788,0.254517,0.500934;0.917242,0.174991,-0.171889,-0.313847
0.880039,0.245488,0.49914;0.925855,0.14872,-0.166821,-0.304705
0.885318,0.236678,0.497545;0.933088,0.124355,-0.162013,-0.29603
0.890975,0.227453,0.496011;0.939627,0.0998962,-0.157085,-0.287135
0.896463,0.218666,0.494662;0.945006,0.0774102,-0.152464,-0.278793
0.902211,0.209592,0.493369;0.949795,0.0548758,-0.147748,-0.270276
0.90764,0.201121,0.492247;0.953632,0.0343598,-0.143381,-0.262387
0.913242,0.192461,0.491175;0.956977,0.0138261,-0.138939,-0.254363
0.918995,0.183636,0.490157;0.959826,-0.0067148,-0.134426,-0.246207
0.924879,0.174667,0.489195;0.96218,-0.0272522,-0.129843,-0.237923
0.930874,0.165579,0.48829;0.964036,-0.0477756,-0.125193,-0.229517
0.936959,0.156393,0.487444;0.965394,-0.0682742,-0.120478,-0.220992
0.942496,0.148062,0.486736;0.96619,-0.0866931,-0.116182,-0.213222
0.948073,0.139686,0.486078;0.966581,-0.105076,-0.111837,-0.205362
0.953678,0.131284,0.485474;0.966567,-0.123414,-0.107445,-0.197416
0.959293,0.12287,0.484923;0.966148,-0.141701,-0.103008,-0.189388
0.964905,0.114463,0.484428;0.965325,-0.159929,-0.0985274,-0.18128
0.970499,0.106078,0.48399;0.964098,-0.178089,-0.094006,-0.173097
0.976059,0.0977326,0.483611;0.962467,-0.196175,-0.0894453,-0.164841
0.982179,0.0885257,0.483259;0.960182,-0.216174,-0.0843339,-0.155587
0.988218,0.0794103,0.482984;0.957401,-0.236062,-0.0791789,-0.146252
0.994157,0.0704093,0.482787;0.954124,-0.255827,-0.0739831,-0.136842
0.999974,0.0615453,0.482669;0.950355,-0.27546,-0.0687489,-0.127361
1.00565,0.0528412,0.482634;0.946094,-0.29495,-0.0634793,-0.117815
1.01116,0.0443196,0.482682;0.941345,-0.314288,-0.0581768,-0.108207
1.01701,0.035184,0.482835;0.935558,-0.335372,-0.0523094,-0.0975743
1.02261,0.0263272,0.483095;0.929186,-0.356246,-0.0464093,-0.0868805
1.02794,0.0177794,0.483463;0.922233,-0.376897,-0.0404802,-0.0761324
1.0334,0.00884267,0.483993;0.91399,-0.399157,-0.0339834,-0.064353
1.03887,-0.000337409,0.484722;0.904293,-0.422935,-0.0269167,-0.0515383
1.04419,-0.00958457,0.485691;0.892966,-0.448129,-0.0192803,-0.0376878
1.04916,-0.0186875,0.486948;0.879827,-0.474618,-0.011077,-0.0228059
1.05381,-0.0279028,0.488654;0.8637,-0.503969,-0.00176487,-0.0059087
1.0578,-0.0371003,0.491057;0.843076,-0.537533,0.00919291,0.0139798
1.06035,-0.0461139,0.494844;0.813667,-0.579495,0.0234062,0.0397854
1.05816,-0.0524709,0.501594;0.766941,-0.635686,0.0434799,0.0762474
1.05073,-0.0513372,0.508301;0.725057,-0.677962,0.0595366,0.105427
1.04266,-0.0471229,0.513415;0.695248,-0.704406,0.0700917,0.124616
1.03486,-0.042017,0.5176;0.671944,-0.723287,0.0779142,0.138841
1.02683,-0.036177,0.521474;0.651115,-0.73897,0.0846207,0.151039
1.01907,-0.0301702,0.524936;0.633044,-0.751736,0.0902379,0.161258
1.01123,-0.023835,0.52823;0.616273,-0.762935,0.0952956,0.170461
1.00352,-0.0174018,0.531318;0.600906,-0.772676,0.0998055,0.178668
0.996126,-0.0110877,0.534161;0.587036,-0.781064,0.103779,0.1859
0.988218,-0.00420073,0.537098;0.572971,-0.789193,0.107719,0.193071
0.980867,0.00230439,0.539745;0.560508,-0.796091,0.111136,0.199293
0.973106,0.0092648,0.542466;0.547904,-0.802789,0.114526,0.205465
0.964927,0.0166883,0.54526;0.53516,-0.809283,0.117887,0.211585
