0.813279,-0.347825,0.437673;0.692626,0.688342,-0.0231678,0.214283
0.819686,-0.340655,0.443164;0.679495,0.702495,-0.021416,0.210545
0.825488,-0.333135,0.448149;0.666098,0.716375,-0.0196558,0.206725
0.830705,-0.325277,0.452642;0.652441,0.729975,-0.017888,0.202824
0.835356,-0.317096,0.456654;0.63853,0.74329,-0.0161132,0.198844
0.839462,-0.308605,0.460201;0.624371,0.756316,-0.0143321,0.194786
0.843372,-0.298924,0.463579;0.608514,0.770304,-0.0123664,0.190235
0.846673,-0.288902,0.466428;0.592371,0.783928,-0.010395,0.185595
0.84939,-0.278558,0.468765;0.575948,0.797183,-0.00841863,0.180867
0.851376,-0.26889,0.47046;0.560782,0.808906,-0.00661846,0.176494
0.852922,-0.258985,0.471761;0.545397,0.820315,-0.00481572,0.172053
0.854047,-0.248855,0.47268;0.5298,0.831403,-0.0030111,0.167545
0.854772,-0.238515,0.473231;0.513997,0.842168,-0.00120531,0.162972
0.855116,-0.227978,0.473427;0.497993,0.852604,0.000600952,0.158334
0.855098,-0.217258,0.473283;0.481795,0.862707,0.00240698,0.153636
0.85474,-0.206368,0.472811;0.465409,0.872475,0.00421207,0.148877
0.85406,-0.195322,0.472025;0.448842,0.881902,0.00601552,0.14406
0.85319,-0.185259,0.471059;0.433781,0.890093,0.00763664,0.139677
0.85209,-0.17509,0.469861;0.418584,0.898003,0.00925534,0.13525
0.850775,-0.164825,0.468438;0.403254,0.905629,0.0108711,0.13078
0.849259,-0.154475,0.466801;0.387798,0.91297,0.0124835,0.126269
0.847557,-0.14405,0.46496;0.372218,0.920022,0.0140919,0.121718
0.845682,-0.133558,0.462924;0.356522,0.926783,0.0156959,0.117128
0.843651,-0.123011,0.460704;0.340712,0.933252,0.0172949,0.112502
0.841476,-0.112418,0.458308;0.324795,0.939426,0.0188884,0.10784
0.839173,-0.101789,0.455748;0.308776,0.945304,0.020476,0.103144
0.837029,-0.0923184,0.453341;0.294454,0.950278,0.0218818,0.0989422
0.834806,-0.0828344,0.450819;0.280059,0.955015,0.0232821,0.0947158
0.832513,-0.0733437,0.448187;0.265595,0.959514,0.0246766,0.0904659
0.83016,-0.0638534,0.445454;0.251063,0.963773,0.0260649,0.0861933
0.827758,-0.0543703,0.442625;0.23647,0.967792,0.0274468,0.0818993
0.825316,-0.0449014,0.439708;0.221817,0.971569,0.0288218,0.0775848
0.822845,-0.0354538,0.43671;0.207109,0.975105,0.0301896,0.073251
0.820355,-0.0260343,0.433637;0.192349,0.978396,0.0315498,0.0688989
0.817857,-0.0166499,0.430497;0.177541,0.981444,0.0329023,0.0645296
0.815369,-0.00734442,0.427308;0.162031,0.984406,0.0339037,0.0595106
0.812909,0.0018525,0.424088;0.137935,0.98886,0.0308291,0.0466797
0.810465,0.0110034,0.420817;0.113732,0.992549,0.0277306,0.0338127
0.807858,0.0208082,0.417241;0.0875695,0.995661,0.0243699,0.0199269
0.805285,0.030563,0.413613;0.0613282,0.997879,0.0209872,0.00602317
0.802753,0.0402692,0.409938;0.0350317,0.9992,0.0175857,-0.00788596
0.800268,0.0499287,0.406218;0.00870384,0.999624,0.0141684,-0.021788
0.797839,0.0595431,0.402456;-0.0176319,0.99915,0.0107384,-0.0356705
0.795472,0.0691141,0.398657;-0.0439518,0.997779,0.00729871,-0.0495209
0.793175,0.0786433,0.394823;-0.0702322,0.995511,0.00385248,-0.0633269
0.790955,0.0881326,0.390959;-0.0964495,0.992349,0.000402785,-0.0770759
0.788819,0.0975834,0.387067;-0.12258,0.988296,-0.00304727,-0.0907557
0.786775,0.106998,0.383151;-0.148601,0.983354,-0.00649459,-0.104354
0.784829,0.116377,0.379214;-0.174488,0.97753,-0.00993607,-0.117859
0.78299,0.125723,0.37526;-0.200218,0.970827,-0.0133686,-0.131257
0.781264,0.135037,0.371293;-0.225769,0.963253,-0.0167892,-0.144538
0.779659,0.144321,0.367316;-0.251116,0.954813,-0.0201946,-0.157689
0.778182,0.153577,0.363331;-0.276238,0.945515,-0.023582,-0.170698
0.77684,0.162807,0.359344;-0.301112,0.935368,-0.0269481,-0.183554
0.77564,0.172012,0.355357;-0.325716,0.924381,-0.0302901,-0.196245
0.77459,0.181193,0.351373;-0.350027,0.912563,-0.0336048,-0.20876
0.773697,0.190353,0.347396;-0.374023,0.899926,-0.0368893,-0.221087
0.772923,0.200145,0.343148;-0.39936,0.885489,-0.0403716,-0.234075
0.772346,0.209917,0.338915;-0.424286,0.870139,-0.0438123,-0.24682
0.771976,0.21967,0.334703;-0.448773,0.853892,-0.0472078,-0.259312
0.771821,0.229406,0.330517;-0.472798,0.836764,-0.0505546,-0.271535
0.771891,0.239128,0.326359;-0.496336,0.818774,-0.0538493,-0.283479
0.772194,0.248837,0.322234;-0.519361,0.799939,-0.0570885,-0.295131
0.772739,0.258536,0.318147;-0.541852,0.780279,-0.0602687,-0.306478
0.773535,0.268227,0.314102;-0.563783,0.759815,-0.0633869,-0.317509
0.774592,0.277912,0.310103;-0.585133,0.738567,-0.0664396,-0.328213
0.775917,0.287592,0.306155;-0.60588,0.716558,-0.0694239,-0.338578
0.777521,0.297271,0.302261;-0.626001,0.69381,-0.0723366,-0.348594
0.779411,0.306949,0.298426;-0.645478,0.670346,-0.0751747,-0.358251
0.781598,0.31663,0.294653;-0.664288,0.646191,-0.0779352,-0.367538
0.784089,0.326314,0.290949;-0.682414,0.62137,-0.0806154,-0.376446
0.786697,0.335359,0.287556;-0.698697,0.597624,-0.083042,-0.384411
0.789586,0.344411,0.284228;-0.714352,0.573342,-0.085394,-0.39203
0.79333,0.355017,0.280419;-0.709018,0.576778,-0.0890576,-0.39584
0.797408,0.365515,0.276734;-0.703541,0.580322,-0.0927009,-0.399578
0.801801,0.375895,0.273165;-0.698015,0.583826,-0.0963377,-0.403288
0.806472,0.386094,0.269723;-0.69244,0.587289,-0.0999678,-0.40697
0.811381,0.396045,0.266417;-0.686817,0.590711,-0.103591,-0.410623
0.816492,0.405686,0.26326;-0.681146,0.594092,-0.107207,-0.414248
0.821767,0.41495,0.260261;-0.675427,0.597431,-0.110815,-0.417844
0.827166,0.423773,0.257431;-0.669662,0.600729,-0.114416,-0.421411
0.832653,0.43209,0.254781;-0.663849,0.603985,-0.118009,-0.424948
0.839577,0.441678,0.251739;-0.656519,0.607995,-0.122488,-0.429328
0.846503,0.450248,0.249015;-0.649116,0.611939,-0.126954,-0.43366
0.853358,0.457675,0.246632;-0.641643,0.615816,-0.131406,-0.437946
0.861385,0.464899,0.24425;-0.632583,0.62038,-0.136729,-0.443026
0.870314,0.470725,0.242177;-0.621888,0.625582,-0.142913,-0.448864
0.880791,0.473562,0.240716;-0.607941,0.632073,-0.150818,-0.456229
0.89062,0.469745,0.240821;-0.592194,0.639023,-0.159539,-0.464224
0.896724,0.460753,0.242323;-0.579409,0.644382,-0.166466,-0.470474
0.900077,0.450205,0.244333;-0.569714,0.648284,-0.171631,-0.475075
0.901966,0.43875,0.246616;-0.561567,0.651458,-0.175914,-0.478852
0.90283,0.427749,0.248855;-0.555005,0.653946,-0.179327,-0.481837
0.90308,0.415045,0.251473;-0.548404,0.656388,-0.182727,-0.484787
0.90284,0.404362,0.253692;-0.543428,0.658189,-0.185269,-0.486978
0.902216,0.392657,0.256134;-0.538431,0.659965,-0.187804,-0.48915
0.901193,0.379904,0.258804;-0.533413,0.661715,-0.190331,-0.491303
0.899754,0.366075,0.261707;-0.528374,0.663438,-0.192851,-0.493436
0.898556,0.356244,0.263774;-0.525003,0.664573,-0.194527,-0.494847
0.897161,0.345915,0.265947;-0.521623,0.665696,-0.196199,-0.49625
0.895565,0.33508,0.268229;-0.518234,0.666808,-0.197868,-0.497644
0.893763,0.32373,0.27062;-0.514835,0.667908,-0.199533,-0.499029
0.892078,0.313738,0.272725;-0.510419,0.675037,-0.199613,-0.493916
0.890166,0.302942,0.275001;-0.505564,0.683158,-0.199506,-0.487747
0.8881,0.291768,0.277358;-0.500645,0.691193,-0.199374,-0.481515
0.886212,0.281901,0.27944;-0.496378,0.698009,-0.199241,-0.476125
0.884219,0.271776,0.281579;-0.492064,0.704761,-0.199089,-0.470689
0.882124,0.261403,0.283771;-0.487705,0.711446,-0.198918,-0.46521
0.87993,0.250792,0.286015;-0.483299,0.718064,-0.198729,-0.459688
0.877642,0.23995,0.288311;-0.478848,0.724615,-0.198521,-0.454122
0.875263,0.228889,0.290655;-0.474353,0.731099,-0.198294,-0.448513
0.872796,0.217617,0.293047;-0.469812,0.737513,-0.198049,-0.442863
0.870245,0.206143,0.295484;-0.465228,0.743859,-0.197785,-0.437171
0.868057,0.196434,0.297548;-0.461375,0.749093,-0.197551,-0.432396
0.865815,0.186597,0.299642;-0.457491,0.754279,-0.197304,-0.427593
0.863521,0.176637,0.301765;-0.453578,0.759416,-0.197045,-0.422762
0.861177,0.166561,0.303915;-0.449635,0.764503,-0.196772,-0.417904
0.858785,0.156372,0.306092;-0.445663,0.769541,-0.196487,-0.413019
0.856346,0.146076,0.308294;-0.441661,0.774528,-0.196189,-0.408107
0.853864,0.13568,0.31052;-0.437631,0.779465,-0.195878,-0.403168
0.85134,0.125188,0.312771;-0.433573,0.784352,-0.195554,-0.398203
0.848776,0.114605,0.315044;-0.429486,0.789187,-0.195218,-0.393212
0.846174,0.103937,0.317338;-0.425372,0.793971,-0.194869,-0.388195
0.843536,0.0931902,0.319654;-0.421229,0.798703,-0.194507,-0.383153
0.840864,0.082369,0.321988;-0.41706,0.803383,-0.194133,-0.378086
0.83816,0.0714789,0.324342;-0.412863,0.808011,-0.193746,-0.372995
0.835426,0.0605255,0.326713;-0.408639,0.812586,-0.193346,-0.367879
0.832665,0.049514,0.329101;-0.404389,0.817109,-0.192934,-0.362739
0.829877,0.03845,0.331505;-0.400112,0.821578,-0.192509,-0.357576
0.827066,0.0273388,0.333924;-0.395809,0.825994,-0.192072,-0.352389
0.824233,0.0161858,0.336356;-0.391481,0.830355,-0.191622,-0.34718
0.82138,0.00499632,0.338801;-0.387127,0.834663,-0.191159,-0.341948
0.818509,-0.00622414,0.341258;-0.382747,0.838917,-0.190685,-0.336693
0.815622,-0.0174702,0.343725;-0.378343,0.843116,-0.190198,-0.331417
0.812722,-0.0287365,0.346203;-0.373915,0.84726,-0.189698,-0.326119
0.80981,-0.0400177,0.348689;-0.369461,0.851348,-0.189186,-0.3208
0.806888,-0.0513083,0.351184;-0.364984,0.855382,-0.188662,-0.31546
0.803958,-0.062603,0.353685;-0.360483,0.85936,-0.188125,-0.310099
0.801023,-0.0738963,0.356192;-0.355959,0.863281,-0.187577,-0.304719
0.798084,-0.0851829,0.358704;-0.351411,0.867147,-0.187016,-0.299318
0.795144,-0.0964573,0.36122;-0.346841,0.870956,-0.186442,-0.293898
0.792203,-0.107714,0.363739;-0.342248,0.874708,-0.185857,-0.288459
0.789265,-0.118948,0.36626;-0.337633,0.878404,-0.18526,-0.283001
0.786332,-0.130154,0.368781;-0.332995,0.882042,-0.18465,-0.277524
0.783405,-0.141326,0.371303;-0.328337,0.885623,-0.184029,-0.27203
0.780486,-0.152459,0.373824;-0.323656,0.889146,-0.183395,-0.266518
0.777578,-0.163547,0.376343;-0.318955,0.892612,-0.18275,-0.260988
0.774682,-0.174586,0.378859;-0.314233,0.896019,-0.182093,-0.255442
0.7718,-0.185569,0.381371;-0.30949,0.899368,-0.181424,-0.249879
0.768935,-0.196492,0.383879;-0.304727,0.902658,-0.180743,-0.244299
0.766089,-0.207348,0.38638;-0.299945,0.90589,-0.18005,-0.238704
0.763263,-0.218133,0.388875;-0.295142,0.909062,-0.179345,-0.233093
0.760459,-0.228841,0.391361;-0.290321,0.912175,-0.178629,-0.227467
0.75768,-0.239467,0.393839;-0.285481,0.915229,-0.177902,-0.221826
0.754928,-0.250006,0.396307;-0.280622,0.918224,-0.177162,-0.216171
0.752204,-0.260451,0.398764;-0.275745,0.921159,-0.176411,-0.210501
0.749511,-0.270798,0.40121;-0.27085,0.924033,-0.175649,-0.204818
0.74685,-0.281041,0.403643;-0.265937,0.926848,-0.174875,-0.199122
0.744224,-0.291175,0.406062;-0.261007,0.929602,-0.17409,-0.193413
0.741635,-0.301194,0.408466;-0.25606,0.932295,-0.173293,-0.187691
0.739084,-0.311093,0.410854;-0.251096,0.934928,-0.172486,-0.181956
0.736574,-0.320867,0.413226;-0.246116,0.937501,-0.171667,-0.17621
0.734106,-0.33051,0.415581;-0.24112,0.940012,-0.170836,-0.170453
0.731683,-0.340017,0.417916;-0.236109,0.942461,-0.169995,-0.164684
0.728838,-0.351238,0.420693;-0.230074,0.94532,-0.168971,-0.157748
0.726063,-0.362246,0.42344;-0.224018,0.94809,-0.167931,-0.150797
0.723363,-0.373031,0.426155;-0.217941,0.950772,-0.166875,-0.143831
0.72074,-0.383584,0.428836;-0.211844,0.953364,-0.165804,-0.136852
0.718198,-0.393897,0.431483;-0.205727,0.955867,-0.164717,-0.129861
0.715741,-0.403958,0.434093;-0.19959,0.95828,-0.163614,-0.122857
0.713372,-0.41376,0.436664;-0.193435,0.960603,-0.162497,-0.115841
0.711095,-0.423293,0.439195;-0.187262,0.962836,-0.161364,-0.108815
0.708559,-0.434062,0.442096;-0.180037,0.965328,-0.160023,-0.100605
0.706158,-0.444438,0.444936;-0.17279,0.967696,-0.158661,-0.0923822
0.703897,-0.454405,0.447714;-0.165521,0.969941,-0.15728,-0.0841475
0.701783,-0.463948,0.450427;-0.15823,0.972062,-0.155878,-0.075902
0.699552,-0.474318,0.453445;-0.149873,0.974334,-0.154252,-0.0664668
0.697527,-0.484093,0.45637;-0.141492,0.976444,-0.1526,-0.0570205
0.695507,-0.494352,0.459545;-0.132034,0.978622,-0.150711,-0.0463822
0.693769,-0.503799,0.462592;-0.122549,0.980595,-0.148791,-0.035734
0.692185,-0.513305,0.465821;-0.111979,0.982544,-0.14662,-0.023894
0.690788,-0.523279,0.469466;-0.0992575,0.984545,-0.143965,-0.00967811
0.689887,-0.532842,0.473387;-0.0843689,0.986413,-0.140799,0.00691136
0.689996,-0.542047,0.478098;-0.0640954,0.988142,-0.136387,0.0294184
0.694338,-0.546814,0.484611;-0.0416081,0.988397,-0.13239,0.0617562
0.701313,-0.540006,0.487831;-0.0971745,0.982714,-0.150962,0.0451776
0.707193,-0.531404,0.489142;-0.132192,0.977212,-0.162436,0.0345865
0.712541,-0.522465,0.489803;-0.159699,0.971833,-0.171324,0.0261877
0.717627,-0.513293,0.490123;-0.183419,0.966435,-0.178897,0.0188886
0.72266,-0.503726,0.490218;-0.205201,0.96085,-0.185776,0.0121391
0.727531,-0.494085,0.490144;-0.22506,0.955225,-0.191985,0.00594563
0.732153,-0.48464,0.489948;-0.243015,0.949694,-0.197545,0.000312482
0.73694,-0.474587,0.489635;-0.26087,0.943769,-0.203023,-0.0053208
0.741375,-0.46505,0.489256;-0.276846,0.938101,-0.207882,-0.0103889
0.745917,-0.455077,0.488789;-0.292729,0.932117,-0.21267,-0.0154536
0.750034,-0.445868,0.488303;-0.306765,0.926534,-0.216866,-0.0199511
0.754215,-0.436356,0.487753;-0.32072,0.920705,-0.221005,-0.0244434
0.758453,-0.42656,0.48714;-0.334589,0.914631,-0.225084,-0.0289292
0.762737,-0.416499,0.486467;-0.348369,0.908314,-0.229104,-0.0334072
0.76706,-0.406192,0.485737;-0.362056,0.901755,-0.233063,-0.0378764
0.771411,-0.395658,0.484952;-0.375647,0.894956,-0.23696,-0.0423355
0.775234,-0.38627,0.484221;-0.387457,0.888812,-0.240318,-0.0462281
0.779067,-0.376735,0.483452;-0.399189,0.882487,-0.243628,-0.0501112
0.782902,-0.367068,0.482646;-0.410839,0.875982,-0.246887,-0.0539841
0.786734,-0.35728,0.481805;-0.422405,0.869298,-0.250096,-0.057846
0.790556,-0.347384,0.480929;-0.433886,0.862438,-0.253255,-0.0616961
0.794363,-0.337394,0.480021;-0.445278,0.855402,-0.256362,-0.0655337
0.798149,-0.327321,0.479082;-0.456579,0.848191,-0.259416,-0.0693579
0.801906,-0.31718,0.478115;-0.467787,0.840808,-0.262418,-0.073168
0.80563,-0.306982,0.477119;-0.478901,0.833254,-0.265366,-0.0769632
0.809314,-0.296741,0.476098;-0.489916,0.82553,-0.26826,-0.0807427
0.812953,-0.286469,0.475052;-0.500832,0.817637,-0.2711,-0.0845057
0.816539,-0.276179,0.473984;-0.511646,0.809579,-0.273884,-0.0882516
0.820067,-0.265884,0.472894;-0.522355,0.801355,-0.276613,-0.0919795
0.82353,-0.255598,0.471785;-0.532958,0.792968,-0.279285,-0.0956886
0.826924,-0.245332,0.470658;-0.543453,0.78442,-0.281901,-0.0993783
0.830241,-0.235099,0.469514;-0.553837,0.775712,-0.284459,-0.103048
0.833475,-0.224913,0.468356;-0.564108,0.766846,-0.286959,-0.106696
0.836621,-0.214786,0.467184;-0.574264,0.757824,-0.2894,-0.110323
0.839672,-0.204731,0.466001;-0.584304,0.748647,-0.291783,-0.113927
0.842622,-0.194761,0.464808;-0.594224,0.739318,-0.294106,-0.117508
0.845465,-0.184889,0.463607;-0.604023,0.729838,-0.29637,-0.121065
0.848196,-0.175128,0.462398;-0.6137,0.72021,-0.298573,-0.124598
0.850807,-0.165489,0.461185;-0.623251,0.710435,-0.300715,-0.128105
0.853637,-0.154642,0.459793;-0.634011,0.699087,-0.303088,-0.132081
0.856295,-0.143991,0.4584;-0.644603,0.687552,-0.305381,-0.136022
0.858772,-0.133557,0.457006;-0.655023,0.675835,-0.307592,-0.139927
0.861057,-0.123358,0.455615;-0.665268,0.663938,-0.309721,-0.143794
0.863142,-0.113414,0.454228;-0.675337,0.651864,-0.311769,-0.147623
0.865238,-0.102555,0.452677;-0.68645,0.638074,-0.313972,-0.151884
0.867057,-0.0920693,0.451139;-0.697331,0.62407,-0.316071,-0.156094
0.868585,-0.0819848,0.449616;-0.707978,0.609855,-0.318062,-0.160252
0.869926,-0.0712833,0.447947;-0.719528,0.59382,-0.32015,-0.164807
0.870875,-0.0611479,0.446306;-0.730779,0.577538,-0.322104,-0.169295
0.871444,-0.0506975,0.444539;-0.742804,0.559351,-0.324099,-0.17415
0.871472,-0.0401885,0.442665;-0.755496,0.53919,-0.32609,-0.179346
0.870768,-0.0299264,0.440706;-0.768735,0.516986,-0.328026,-0.184854
0.869112,-0.0202726,0.438691;-0.782389,0.492667,-0.329853,-0.19064
0.865783,-0.0106433,0.436393;-0.79811,0.4626,-0.331711,-0.197457
0.859901,-0.00248923,0.433929;-0.815377,0.426519,-0.333386,-0.205173
0.851292,0.00206741,0.431659;-0.832048,0.387871,-0.334549,-0.212907
0.841219,0.00237044,0.42992;-0.845818,0.35229,-0.335072,-0.219569
0.830962,-0.000384423,0.428713;-0.856431,0.321914,-0.335123,-0.224923
0.821379,-0.00476201,0.427919;-0.864383,0.29698,-0.334902,-0.229098
