0.781966,-0.241548,0.632053;0.950094,-0.146597,-0.17902,0.209241
0.777235,-0.232541,0.633273;0.955174,-0.126041,-0.170397,0.206689
0.772901,-0.223466,0.634474;0.959749,-0.105418,-0.161683,0.204028
0.768954,-0.214328,0.635655;0.963815,-0.0847397,-0.152884,0.20126
0.76508,-0.204294,0.636917;0.96767,-0.0621303,-0.143193,0.198118
0.761642,-0.194198,0.63815;0.970915,-0.0394819,-0.133412,0.194851
0.758631,-0.184048,0.63935;0.973548,-0.0168085,-0.123546,0.191461
0.756032,-0.17385,0.640514;0.975569,0.00587537,-0.113603,0.187951
0.753835,-0.163612,0.64164;0.976974,0.0285556,-0.103589,0.184323
0.752026,-0.153339,0.642726;0.977765,0.0512178,-0.0935087,0.180578
0.750593,-0.14304,0.643767;0.97794,0.0738478,-0.0833699,0.17672
0.749524,-0.132722,0.644762;0.977498,0.0964313,-0.0731786,0.172751
0.748807,-0.12239,0.645707;0.976442,0.118954,-0.0629412,0.168672
0.74843,-0.112053,0.6466;0.97477,0.141402,-0.0526642,0.164488
0.74838,-0.101717,0.647438;0.972484,0.163761,-0.042354,0.160199
0.748645,-0.0913892,0.648217;0.969586,0.186016,-0.0320171,0.15581
0.749212,-0.0810765,0.648937;0.966077,0.208155,-0.02166,0.151323
0.75007,-0.0707858,0.649592;0.961959,0.230162,-0.0112894,0.146741
0.751207,-0.0605243,0.650181;0.957236,0.252024,-0.000911554,0.142066
0.752609,-0.0502988,0.650701;0.95191,0.273728,0.00946682,0.137301
0.754265,-0.0401163,0.651149;0.945984,0.295259,0.0198392,0.13245
0.756162,-0.0299838,0.651521;0.939462,0.316605,0.0301991,0.127516
0.758289,-0.0199083,0.651817;0.932349,0.33775,0.04054,0.122501
0.760632,-0.0098967,0.652031;0.924648,0.358684,0.0508554,0.117409
0.76318,4.39771e-05,0.652163;0.916366,0.379391,0.0611387,0.112244
0.765921,0.00990677,0.652208;0.907506,0.399859,0.0713836,0.107007
0.768841,0.0196847,0.652164;0.898074,0.420076,0.0815834,0.101703
0.771929,0.0293708,0.652029;0.888077,0.440028,0.0917319,0.0963355
0.775173,0.0389582,0.651799;0.87752,0.459702,0.101823,0.0909069
0.778561,0.0484397,0.651471;0.866411,0.479087,0.111849,0.0854211
0.782079,0.0578085,0.651044;0.854756,0.498171,0.121805,0.0798815
0.786024,0.0678227,0.650464;0.841523,0.51849,0.132504,0.0738235
0.790093,0.0776876,0.649759;0.827667,0.538426,0.143105,0.067711
0.79427,0.0873942,0.648927;0.8132,0.557964,0.153601,0.0615485
0.798539,0.0969338,0.647963;0.798132,0.57709,0.163983,0.0553405
0.802886,0.106297,0.646864;0.782473,0.595789,0.174243,0.0490915
0.807294,0.115476,0.645625;0.766237,0.614048,0.184375,0.0428063
0.811748,0.124461,0.644245;0.749434,0.631853,0.19437,0.0364894
0.816326,0.133424,0.642684;0.735179,0.645673,0.204113,0.0309212
0.821013,0.142342,0.640932;0.741052,0.636331,0.212098,0.0306552
0.82571,0.151028,0.639014;0.746787,0.626871,0.220042,0.0303836
0.831081,0.160667,0.636615;0.753173,0.615916,0.229072,0.0300662
0.836443,0.169996,0.633988;0.759375,0.604813,0.238046,0.0297416
0.841787,0.17901,0.631129;0.765394,0.593563,0.246963,0.0294098
0.847102,0.187705,0.628032;0.771227,0.582169,0.255819,0.0290708
0.852376,0.196075,0.624692;0.776873,0.570633,0.264614,0.0287247
0.857598,0.204117,0.621103;0.782331,0.55896,0.273344,0.0283718
0.862758,0.211826,0.617259;0.787599,0.547151,0.282008,0.0280119
0.868475,0.220094,0.612625;0.793298,0.533707,0.291673,0.0275989
0.874084,0.227929,0.607655;0.798753,0.5201,0.301249,0.0271775
0.879569,0.235325,0.60234;0.803963,0.506333,0.310733,0.0267477
0.884915,0.242274,0.596673;0.808926,0.492411,0.320121,0.0263098
0.890105,0.248771,0.590647;0.813641,0.478338,0.329411,0.0258637
0.895126,0.254808,0.584253;0.818107,0.464118,0.3386,0.0254097
0.89996,0.26038,0.577484;0.822322,0.449756,0.347684,0.024948
0.905095,0.266019,0.569514;0.826709,0.433636,0.357654,0.0244259
0.909959,0.271065,0.56106;0.830782,0.417352,0.367487,0.0238946
0.914533,0.275513,0.552112;0.834542,0.40091,0.377182,0.0233542
0.918793,0.279351,0.542659;0.837985,0.384316,0.386734,0.022805
0.922343,0.282279,0.533711;0.840812,0.369257,0.395205,0.0223034
0.925606,0.2847,0.524337;0.843382,0.354084,0.403555,0.0217949
0.928568,0.286608,0.514531;0.845692,0.338803,0.411781,0.0212797
0.931213,0.287997,0.504284;0.847744,0.323418,0.419881,0.0207579
0.933525,0.288861,0.493589;0.849535,0.307934,0.427852,0.0202298
0.935288,0.289183,0.483699;0.850908,0.294091,0.434828,0.0197552
0.936766,0.28908,0.473443;0.852075,0.280176,0.441698,0.0192758
0.937909,0.288576,0.463213;0.844716,0.289923,0.449605,0.015959
0.938784,0.287678,0.452581;0.83271,0.310985,0.457993,0.0112034
0.939344,0.286528,0.442609;0.821206,0.330105,0.465408,0.00683732
0.939676,0.285083,0.432465;0.809232,0.349037,0.472557,0.00246733
0.939785,0.28336,0.422194;0.796796,0.36777,0.479435,-0.00190406
0.939675,0.281375,0.41184;0.783904,0.386292,0.48604,-0.00627436
0.939349,0.279146,0.401449;0.770563,0.404592,0.492366,-0.0106411
0.938811,0.276688,0.391063;0.756782,0.422662,0.498411,-0.0150017
0.938066,0.274018,0.380728;0.742568,0.44049,0.50417,-0.0193538
0.937117,0.271153,0.370487;0.727929,0.458066,0.509641,-0.0236947
0.935969,0.26811,0.360386;0.712874,0.475379,0.514821,-0.0280222
0.934625,0.264905,0.350468;0.697411,0.492421,0.519706,-0.0323336
0.933088,0.261555,0.340778;0.681549,0.509182,0.524294,-0.0366265
0.931364,0.258076,0.33136;0.665297,0.525651,0.528582,-0.0408984
0.929274,0.254154,0.321448;0.647134,0.543273,0.532915,-0.045532
0.92697,0.25012,0.31197;0.628531,0.560527,0.536885,-0.0501345
0.924457,0.245996,0.302984;0.609499,0.577398,0.54049,-0.0547029
0.921505,0.241452,0.293871;0.588415,0.595232,0.54398,-0.05961
0.918321,0.236856,0.285475;0.56686,0.61259,0.547035,-0.0644693
0.914639,0.231878,0.27732;0.543141,0.630736,0.549837,-0.0696448
0.910413,0.22655,0.269705;0.517169,0.649529,0.552273,-0.0751183
0.905595,0.220921,0.262985;0.488861,0.668813,0.554224,-0.0808684
0.899807,0.214717,0.257323;0.45631,0.689538,0.555618,-0.08722
0.89294,0.208069,0.253615;0.419323,0.711327,0.556168,-0.0941202
0.885261,0.201472,0.252933;0.379636,0.732758,0.555614,-0.101174
0.877525,0.195659,0.255618;0.341101,0.751748,0.55401,-0.107695
0.87023,0.190902,0.261039;0.305867,0.767625,0.55167,-0.113391
0.863645,0.187191,0.268223;0.295061,0.777787,0.543191,-0.113713
0.857778,0.184316,0.276306;0.321773,0.780881,0.524878,-0.10578
0.852536,0.182046,0.28468;0.344851,0.782871,0.508371,-0.0987413
0.847594,0.180134,0.29345;0.366015,0.784117,0.492652,-0.0921293
0.842979,0.178528,0.30232;0.385312,0.784751,0.477818,-0.0859652
0.838324,0.177067,0.311867;0.404366,0.784891,0.462683,-0.0797468
0.834029,0.17585,0.321158;0.421608,0.784584,0.448552,-0.0740024
0.829717,0.174743,0.330913;0.438626,0.783861,0.434183,-0.0682187
0.825788,0.173829,0.340141;0.453896,0.782843,0.420921,-0.0629294
0.821857,0.172997,0.349674;0.468967,0.781483,0.407474,-0.0576125
0.817928,0.172244,0.359473;0.483833,0.77978,0.393849,-0.0522704
0.814009,0.171566,0.369501;0.498486,0.777735,0.380052,-0.0469054
0.810105,0.170958,0.379719;0.512922,0.77535,0.366088,-0.0415198
0.806221,0.170417,0.390091;0.527132,0.772625,0.351963,-0.036116
0.802748,0.169983,0.399525;0.539724,0.769883,0.339119,-0.031239
0.799301,0.169597,0.409025;0.552125,0.766868,0.326155,-0.026351
0.795884,0.169255,0.418564;0.56433,0.763581,0.313074,-0.0214536
0.792501,0.168955,0.428114;0.576335,0.760023,0.299883,-0.0165485
0.789156,0.168693,0.437647;0.588135,0.756195,0.286586,-0.0116376
0.785854,0.168467,0.447136;0.599726,0.752099,0.273186,-0.00672259
0.78224,0.168254,0.457594;0.612356,0.747235,0.258185,-0.00125872
0.77869,0.168077,0.467926;0.624717,0.742043,0.24307,0.0042057
0.77521,0.167931,0.478094;0.636805,0.736527,0.227849,0.00966828
0.771804,0.167814,0.48806;0.648613,0.730687,0.212528,0.0151266
0.76848,0.16772,0.497787;0.660138,0.724528,0.197114,0.0205783
0.764924,0.167639,0.508165;0.672481,0.717386,0.180059,0.0265647
0.761481,0.167577,0.518158;0.684467,0.709864,0.162908,0.032537
0.758158,0.167527,0.527715;0.69609,0.701966,0.145672,0.0384921
0.75468,0.167481,0.537584;0.70835,0.692925,0.12678,0.0449651
0.751096,0.167433,0.547547;0.721126,0.682639,0.106224,0.0519455
0.747464,0.167373,0.557337;0.734288,0.670995,0.084,0.0594196
0.743624,0.16728,0.567201;0.748557,0.656984,0.0585135,0.0678986
0.739726,0.167123,0.576427;0.763606,0.640341,0.0297642,0.077346
0.735118,0.166772,0.585552;0.782705,0.615724,-0.0102266,0.0902825
0.728569,0.165085,0.587456;0.809723,0.574047,-0.0732392,0.097236
0.727488,0.16374,0.577289;0.807665,0.582615,-0.0620847,0.0662008
0.727645,0.162898,0.567292;0.805831,0.587799,-0.0548278,0.0460759
0.728353,0.162257,0.556275;0.803823,0.592262,-0.0482073,0.0277607
0.729441,0.161848,0.545045;0.801738,0.596075,-0.0422321,0.0112672
0.730757,0.161666,0.534203;0.799666,0.5993,-0.0369092,-0.0033969
0.732173,0.161679,0.524178;0.797683,0.601996,-0.0322439,-0.0162274
0.733832,0.161882,0.51376;0.795542,0.604573,-0.0275721,-0.0290547
0.735728,0.162302,0.503052;0.793244,0.60703,-0.0228949,-0.0418763
0.737857,0.162965,0.492157;0.79079,0.609368,-0.0182131,-0.0546895
0.740214,0.163898,0.481179;0.788179,0.611584,-0.0135278,-0.067492
0.742796,0.165129,0.470221;0.785413,0.613681,-0.0088398,-0.0802812
0.745598,0.166684,0.459386;0.782491,0.615655,-0.00415004,-0.0930544
0.748614,0.168589,0.448778;0.779415,0.617509,0.00054053,-0.105809
0.751841,0.170872,0.438499;0.776184,0.61924,0.005231,-0.118543
0.755274,0.17356,0.428655;0.772801,0.620849,0.00992043,-0.131254
0.758908,0.17668,0.419347;0.769264,0.622335,0.0146079,-0.143939
0.76274,0.180258,0.41068;0.765576,0.623698,0.0192925,-0.156595
0.767354,0.184943,0.401691;0.761176,0.625105,0.0246416,-0.171021
0.772213,0.190302,0.393827;0.756579,0.626351,0.0299843,-0.185403
0.77731,0.196375,0.387244;0.751787,0.627435,0.0353193,-0.199737
0.782639,0.203203,0.382094;0.746801,0.628357,0.0406452,-0.21402
0.788192,0.210825,0.378533;0.741622,0.629117,0.0459606,-0.228247
0.793962,0.219282,0.376715;0.736251,0.629715,0.0512641,-0.242416
0.799944,0.228613,0.376794;0.730691,0.63015,0.0565544,-0.256522
0.805346,0.237527,0.378541;0.725671,0.630397,0.0611715,-0.26881
0.8109,0.247168,0.381961;0.720508,0.63052,0.0657765,-0.281046
0.815777,0.256031,0.386304;0.715969,0.630526,0.0697133,-0.291489
0.819923,0.263852,0.390968;0.712107,0.630461,0.0729863,-0.30016
0.82414,0.27208,0.396621;0.708173,0.630333,0.076252,-0.3088
0.828427,0.280724,0.403301;0.704168,0.630141,0.0795099,-0.317409
0.831906,0.287945,0.409411;0.700913,0.629941,0.0821105,-0.324273
