0.740628,-0.691173,0.513338;0.761415,-0.607091,-0.0266909,-0.225777
0.740102,-0.677454,0.516719;0.760229,-0.608537,-0.0245587,-0.226124
0.739584,-0.663883,0.520065;0.759036,-0.609978,-0.0224263,-0.226471
0.739072,-0.650461,0.523375;0.757837,-0.611414,-0.0202937,-0.226815
0.738566,-0.637186,0.526649;0.756631,-0.612845,-0.018161,-0.227157
0.738067,-0.624058,0.529887;0.75542,-0.614271,-0.0160281,-0.227498
0.737574,-0.611076,0.53309;0.754202,-0.615692,-0.0138951,-0.227836
0.737088,-0.59824,0.536259;0.752978,-0.617108,-0.011762,-0.228173
0.736608,-0.585548,0.539392;0.751748,-0.618519,-0.00962876,-0.228508
0.736135,-0.573,0.54249;0.750512,-0.619925,-0.00749546,-0.228841
0.735668,-0.560596,0.545553;0.74927,-0.621326,-0.0053621,-0.229172
0.735207,-0.548334,0.548581;0.748022,-0.622721,-0.00322869,-0.229502
0.734752,-0.536215,0.551576;0.746767,-0.624112,-0.00109526,-0.229829
0.734304,-0.524236,0.554535;0.745507,-0.625498,0.00103818,-0.230155
0.733862,-0.512399,0.557461;0.74424,-0.626878,0.00317161,-0.230478
0.733427,-0.500702,0.560352;0.742968,-0.628253,0.00530502,-0.2308
0.732997,-0.489144,0.56321;0.741689,-0.629624,0.00743838,-0.23112
0.732574,-0.477725,0.566034;0.740404,-0.630989,0.00957169,-0.231438
0.732157,-0.466444,0.568824;0.739113,-0.632349,0.0117049,-0.231754
0.731746,-0.455301,0.57158;0.737816,-0.633703,0.013838,-0.232069
0.731342,-0.444294,0.574304;0.736513,-0.635053,0.0159711,-0.232381
0.730943,-0.433423,0.576994;0.735204,-0.636397,0.0181039,-0.232691
0.730551,-0.422688,0.57965;0.733889,-0.637737,0.0202367,-0.233
0.730164,-0.412088,0.582274;0.732568,-0.639071,0.0223693,-0.233307
0.729784,-0.401621,0.584866;0.731242,-0.640399,0.0245016,-0.233611
0.729409,-0.391289,0.587424;0.729909,-0.641723,0.0266338,-0.233914
0.729041,-0.381089,0.58995;0.72857,-0.643041,0.0287658,-0.234215
0.728678,-0.371021,0.592444;0.727225,-0.644354,0.0308975,-0.234514
0.728322,-0.361084,0.594905;0.725874,-0.645662,0.033029,-0.234811
0.727971,-0.351278,0.597334;0.724518,-0.646964,0.0351602,-0.235107
0.727456,-0.336814,0.600918;0.722471,-0.648908,0.0383565,-0.235546
0.726955,-0.32264,0.604431;0.720412,-0.65084,0.0415521,-0.235981
0.726466,-0.308754,0.607873;0.718339,-0.65276,0.0447469,-0.236411
0.72599,-0.295154,0.611244;0.716254,-0.654668,0.0479409,-0.236837
0.725528,-0.281838,0.614545;0.714155,-0.656564,0.051134,-0.237259
0.725078,-0.268803,0.617777;0.712043,-0.658448,0.0543262,-0.237677
0.724641,-0.256048,0.62094;0.709917,-0.66032,0.0575173,-0.23809
0.724217,-0.24357,0.624034;0.707779,-0.66218,0.0607075,-0.238498
0.723805,-0.231367,0.62706;0.705628,-0.664027,0.0638965,-0.238903
0.723406,-0.219436,0.630019;0.703464,-0.665862,0.0670843,-0.239303
0.723019,-0.207776,0.63291;0.701287,-0.667685,0.0702709,-0.239698
0.722644,-0.196384,0.635735;0.699097,-0.669496,0.0734562,-0.240089
0.722282,-0.185257,0.638494;0.696894,-0.671295,0.0766401,-0.240476
0.721933,-0.174395,0.641187;0.694678,-0.673081,0.0798227,-0.240859
0.721595,-0.163793,0.643814;0.69245,-0.674855,0.0830037,-0.241236
0.721269,-0.153451,0.646377;0.690209,-0.676616,0.0861833,-0.24161
0.720955,-0.143366,0.648876;0.687955,-0.678365,0.0893613,-0.241979
0.720654,-0.133535,0.651311;0.685688,-0.680101,0.0925376,-0.242344
0.720269,-0.12082,0.65446;0.682647,-0.682397,0.09677,-0.242823
0.719906,-0.108548,0.657497;0.679583,-0.684671,0.100999,-0.243294
0.719564,-0.0967145,0.660424;0.676497,-0.686922,0.105225,-0.243757
0.719241,-0.0853135,0.663241;0.673389,-0.689151,0.109448,-0.244213
0.718939,-0.07434,0.665951;0.670259,-0.691357,0.113667,-0.24466
0.718657,-0.0637886,0.668554;0.667107,-0.693541,0.117882,-0.245099
0.718395,-0.0536541,0.671051;0.663933,-0.695702,0.122093,-0.245531
0.718153,-0.043931,0.673444;0.660737,-0.69784,0.126301,-0.245954
0.717877,-0.0323478,0.676289;0.656713,-0.700481,0.131554,-0.246472
0.717631,-0.0213889,0.678975;0.652654,-0.703086,0.136801,-0.246977
0.717415,-0.0110438,0.681504;0.648563,-0.705655,0.142041,-0.24747
0.717229,-0.00130234,0.683878;0.644438,-0.708188,0.147273,-0.24795
0.717043,0.00960544,0.686525;0.639445,-0.71118,0.153542,-0.248509
0.716898,0.0196771,0.688956;0.634405,-0.71412,0.1598,-0.249051
0.71678,0.0303944,0.691525;0.628466,-0.717484,0.167086,-0.249659
0.716711,0.0413156,0.694113;0.621602,-0.72124,0.175392,-0.250323
0.716716,0.0519607,0.696596;0.613783,-0.725353,0.184709,-0.251032
0.716821,0.0618214,0.698834;0.604976,-0.729782,0.195026,-0.25177
0.71711,0.0716771,0.700955;0.593342,-0.735317,0.208377,-0.252653
0.718074,0.0816496,0.70265;0.57133,-0.744867,0.232834,-0.254054
0.721174,0.0755832,0.698993;0.529249,-0.760094,0.276939,-0.255846
0.72279,0.0660205,0.695494;0.51242,-0.765176,0.293696,-0.256268
0.724168,0.0563926,0.692121;0.499347,-0.768758,0.306394,-0.256489
0.725426,0.0468285,0.688825;0.488151,-0.771581,0.317056,-0.256606
0.726639,0.0371052,0.685499;0.477867,-0.773983,0.326681,-0.256658
0.727799,0.0274569,0.682207;0.486762,-0.763972,0.332519,-0.262376
0.728922,0.0178671,0.678937;0.514142,-0.740917,0.334496,-0.273519
0.730019,0.00828505,0.675668;0.539336,-0.718183,0.335931,-0.28369
0.731081,-0.00117804,0.672436;0.56243,-0.695962,0.336895,-0.292937
0.732171,-0.0110525,0.669058;0.584897,-0.672965,0.337484,-0.301858
0.733215,-0.0206662,0.665762;0.605369,-0.650725,0.337695,-0.309916
0.73428,-0.0306084,0.662346;0.625249,-0.627847,0.337575,-0.317671
0.735291,-0.0401701,0.659052;0.643251,-0.60594,0.337166,-0.324628
0.736317,-0.0499909,0.655659;0.660705,-0.583517,0.336469,-0.331309
0.737356,-0.0600581,0.65217;0.677596,-0.560596,0.335485,-0.337707
0.738332,-0.0696152,0.648847;0.692763,-0.538884,0.334315,-0.343391
0.739318,-0.079363,0.645447;0.707421,-0.516775,0.332899,-0.348822
0.740312,-0.0892911,0.641971;0.721559,-0.494287,0.331239,-0.353996
0.741313,-0.0993891,0.638422;0.735167,-0.471435,0.329335,-0.358911
0.742243,-0.108852,0.635084;0.747248,-0.450033,0.327363,-0.363213
0.743178,-0.118443,0.631688;0.758862,-0.42835,0.325185,-0.367288
0.744116,-0.128153,0.628236;0.769999,-0.406398,0.322804,-0.371132
0.745056,-0.137974,0.62473;0.780655,-0.384191,0.320221,-0.374745
0.745999,-0.147899,0.621171;0.790822,-0.361744,0.317437,-0.378122
0.746942,-0.157918,0.617562;0.800493,-0.33907,0.314454,-0.381263
0.747886,-0.168024,0.613904;0.809663,-0.316184,0.311275,-0.384164
0.748829,-0.178209,0.6102;0.818325,-0.293099,0.3079,-0.386825
0.749692,-0.187607,0.606764;0.825816,-0.271777,0.304637,-0.389052
0.750553,-0.197057,0.603293;0.832872,-0.250312,0.301214,-0.391074
0.751412,-0.206554,0.599787;0.839489,-0.228715,0.297632,-0.39289
0.752267,-0.216092,0.596248;0.845665,-0.206997,0.293894,-0.394499
0.753118,-0.225663,0.592678;0.851396,-0.185171,0.29,-0.3959
0.753965,-0.235262,0.589077;0.856678,-0.163247,0.285955,-0.397094
0.754807,-0.244882,0.585447;0.861509,-0.141237,0.281758,-0.398078
0.755642,-0.254517,0.58179;0.865887,-0.119153,0.277414,-0.398852
0.756471,-0.264161,0.578107;0.86981,-0.0970061,0.272923,-0.399417
0.757293,-0.273807,0.574399;0.873274,-0.0748082,0.268289,-0.399771
0.758107,-0.283449,0.570669;0.876279,-0.052571,0.263513,-0.399915
0.758912,-0.29308,0.566917;0.878823,-0.030306,0.258599,-0.399849
0.759708,-0.302696,0.563145;0.880904,-0.00802511,0.253549,-0.399572
0.760494,-0.312288,0.559355;0.882521,0.01426,0.248365,-0.399084
0.76127,-0.321851,0.555548;0.883674,0.0365376,0.243051,-0.398387
0.762034,-0.331378,0.551725;0.884361,0.058796,0.237608,-0.39748
0.762787,-0.340864,0.547888;0.884584,0.0810235,0.232041,-0.396364
0.763527,-0.350302,0.544038;0.88434,0.103208,0.226351,-0.395039
0.764254,-0.359685,0.540177;0.883631,0.125339,0.220542,-0.393506
0.764967,-0.369007,0.536306;0.882457,0.147403,0.214617,-0.391766
0.765666,-0.378262,0.532427;0.880819,0.16939,0.20858,-0.38982
0.76641,-0.388275,0.528188;0.878503,0.193274,0.201868,-0.387463
0.767136,-0.398193,0.523942;0.875636,0.217036,0.195029,-0.384863
0.767842,-0.408006,0.519692;0.872221,0.240663,0.188069,-0.382022
0.768528,-0.417708,0.51544;0.86826,0.264139,0.180991,-0.378942
0.769192,-0.42729,0.511187;0.863755,0.287449,0.173799,-0.375625
0.769834,-0.436743,0.506936;0.858709,0.31058,0.166499,-0.372072
0.770453,-0.44606,0.502688;0.853125,0.333515,0.159094,-0.368286
0.771047,-0.455232,0.498445;0.847006,0.356242,0.15159,-0.36427
0.771663,-0.464996,0.493856;0.839779,0.380611,0.143353,-0.359661
0.772249,-0.47457,0.489279;0.831935,0.4047,0.135011,-0.354788
0.772803,-0.483944,0.484715;0.823479,0.428491,0.126569,-0.349654
0.773325,-0.493108,0.480166;0.814418,0.451967,0.118035,-0.344263
0.773814,-0.50205,0.475635;0.804758,0.475111,0.109413,-0.338619
0.774301,-0.511421,0.470779;0.793693,0.499644,0.100039,-0.332263
0.774747,-0.520511,0.465949;0.781952,0.523752,0.0905797,-0.325623
0.775149,-0.529307,0.461149;0.769544,0.547412,0.081043,-0.318706
0.775534,-0.538433,0.456018;0.754124,0.57217,0.0745631,-0.313624
0.775876,-0.547392,0.450813;0.736529,0.596783,0.0710907,-0.310357
0.776174,-0.555974,0.445654;0.718243,0.620836,0.0675516,-0.306799
0.776452,-0.5648,0.440153;0.697798,0.646088,0.0636695,-0.302646
0.776693,-0.573195,0.434712;0.676593,0.670637,0.0597182,-0.298163
0.776919,-0.581718,0.428952;0.653058,0.696129,0.0554126,-0.293
0.777134,-0.590274,0.422894;0.627056,0.722361,0.0507438,-0.28709
0.777345,-0.598765,0.416559;0.598452,0.749107,0.0457044,-0.280364
0.777553,-0.606645,0.410336;0.568889,0.774652,0.0405916,-0.273188
0.777785,-0.614329,0.403875;0.536593,0.800344,0.0351073,-0.265113
0.778077,-0.622079,0.39686;0.49958,0.827201,0.0289401,-0.255581
0.778446,-0.629336,0.389691;0.459523,0.853423,0.0223955,-0.244963
0.778954,-0.636261,0.382085;0.414365,0.879743,0.0151654,-0.232647
0.779669,-0.642593,0.374125;0.363904,0.90542,0.00725675,-0.218486
0.780724,-0.648231,0.365615;0.305899,0.930446,-0.00162951,-0.201728
0.782279,-0.65271,0.356726;0.240136,0.953427,-0.011458,-0.182155
0.784627,-0.655587,0.347408;0.164368,0.973258,-0.0224785,-0.158894
0.788125,-0.656132,0.337989;0.0786476,0.987558,-0.0345753,-0.131709
0.792849,-0.653852,0.32946;-0.00995353,0.993569,-0.0466782,-0.102676
0.798569,-0.649094,0.322493;-0.0940549,0.991111,-0.0577939,-0.0742458
0.804632,-0.642967,0.317396;-0.166503,0.982533,-0.0670745,-0.0490658
0.810886,-0.636088,0.313687;-0.229353,0.97009,-0.0748973,-0.026688
0.81729,-0.628759,0.311001;-0.2848,0.955084,-0.0816148,-0.00651623
0.823915,-0.621038,0.309079;-0.335039,0.93805,-0.0875443,0.0121273
0.830623,-0.613169,0.307801;-0.380153,0.9198,-0.0927344,0.0291846
0.837277,-0.60537,0.307055;-0.420284,0.901063,-0.0972367,0.0446245
0.844107,-0.597402,0.306722;-0.457544,0.88141,-0.101314,0.0592011
0.850742,-0.589714,0.306742;-0.468951,0.876381,-0.0959232,0.0532946
0.857501,-0.581906,0.307047;-0.472758,0.875826,-0.0878135,0.0414354
0.864592,-0.573698,0.307624;-0.47646,0.875078,-0.0796844,0.029567
0.871144,-0.566069,0.308358;-0.479663,0.874251,-0.0724437,0.0190117
0.877902,-0.558131,0.309296;-0.482781,0.87327,-0.0651904,0.00845316
0.884842,-0.549886,0.31043;-0.485816,0.872137,-0.0579256,-0.0021069
0.891938,-0.541338,0.311755;-0.488765,0.870852,-0.0506507,-0.0126666
0.898254,-0.53361,0.313066;-0.491276,0.869602,-0.0442779,-0.0219046
0.904651,-0.525654,0.314516;-0.493721,0.868236,-0.0378992,-0.0311396
0.911114,-0.517471,0.316099;-0.496099,0.866754,-0.0315153,-0.0403705
0.917623,-0.509064,0.317813;-0.498412,0.865156,-0.0251273,-0.049596
0.924163,-0.500434,0.319652;-0.500658,0.863442,-0.0187359,-0.0588148
0.930716,-0.491582,0.321615;-0.502836,0.861612,-0.012342,-0.0680258
0.937264,-0.482512,0.323696;-0.504948,0.859667,-0.00594642,-0.0772276
0.943791,-0.473224,0.325891;-0.506992,0.857608,0.000449943,-0.0864192
0.949355,-0.465092,0.327861;-0.50869,0.855751,0.00593252,-0.0942885
0.954879,-0.456803,0.32991;-0.510338,0.85381,0.0114145,-0.102149
0.960353,-0.448359,0.332036;-0.511935,0.851785,0.0168954,-0.109998
0.965765,-0.43976,0.334235;-0.513483,0.849676,0.0223746,-0.117838
0.971106,-0.431007,0.336507;-0.51498,0.847484,0.0278516,-0.125665
0.976363,-0.422103,0.338847;-0.516426,0.845208,0.0333259,-0.13348
0.981526,-0.413047,0.341254;-0.517822,0.842849,0.0387969,-0.141283
0.986584,-0.403842,0.343725;-0.519166,0.840408,0.0442641,-0.149071
0.991527,-0.394488,0.346258;-0.52046,0.837883,0.0497269,-0.156844
0.996343,-0.384988,0.348851;-0.521702,0.835277,0.0551848,-0.164602
1.00102,-0.375341,0.3515;-0.522893,0.832588,0.0606373,-0.172344
1.00555,-0.365549,0.354204;-0.524033,0.829818,0.0660839,-0.180069
1.00992,-0.355614,0.35696;-0.525121,0.826966,0.071524,-0.187777
1.01412,-0.345536,0.359766;-0.526158,0.824032,0.076957,-0.195466
1.01814,-0.335317,0.362619;-0.527143,0.821018,0.0823824,-0.203135
1.02197,-0.324958,0.365516;-0.528076,0.817922,0.0877998,-0.210785
1.02559,-0.31446,0.368456;-0.528957,0.814747,0.0932085,-0.218414
1.029,-0.303825,0.371436;-0.529786,0.811491,0.0986081,-0.226021
1.03219,-0.293053,0.374453;-0.530563,0.808156,0.103998,-0.233607
1.03514,-0.282146,0.377505;-0.531288,0.804741,0.109378,-0.241169
1.03785,-0.271105,0.380589;-0.53196,0.801247,0.114746,-0.248707
1.04029,-0.259931,0.383704;-0.53258,0.797674,0.120104,-0.256222
1.04247,-0.248626,0.386846;-0.533148,0.794023,0.12545,-0.26371
1.04407,-0.239105,0.389483;-0.533582,0.79092,0.129895,-0.269931
1.04548,-0.229495,0.392137;-0.533978,0.787764,0.134332,-0.276134
1.04667,-0.219795,0.394806;-0.534339,0.784554,0.138759,-0.282318
1.04766,-0.210007,0.397488;-0.534663,0.78129,0.143177,-0.288482
1.04842,-0.200131,0.400181;-0.53495,0.777973,0.147585,-0.294627
1.04896,-0.190168,0.402885;-0.535201,0.774603,0.151983,-0.300751
1.04927,-0.180119,0.405598;-0.535415,0.77118,0.156371,-0.306856
1.04934,-0.169984,0.408319;-0.535593,0.767704,0.160748,-0.312939
1.04917,-0.159764,0.411045;-0.535734,0.764176,0.165114,-0.319001
1.04874,-0.14946,0.413777;-0.535839,0.760596,0.169469,-0.32504
1.04806,-0.139072,0.416512;-0.535907,0.756963,0.173812,-0.331058
1.04712,-0.128602,0.419248;-0.535938,0.75328,0.178143,-0.337053
1.0459,-0.118049,0.421986;-0.535933,0.749544,0.182463,-0.343026
1.04441,-0.107415,0.424722;-0.535891,0.745758,0.186769,-0.348974
1.04264,-0.0967003,0.427456;-0.535813,0.74192,0.191063,-0.354899
1.04058,-0.0859054,0.430186;-0.535698,0.738032,0.195344,-0.3608
1.03823,-0.0750311,0.432911;-0.535546,0.734094,0.199612,-0.366676
1.03564,-0.064346,0.435564;-0.538378,0.733165,0.193777,-0.367516
1.03312,-0.0548617,0.437898;-0.541936,0.733369,0.184941,-0.366433
1.0304,-0.0453319,0.440226;-0.545443,0.733505,0.176087,-0.365316
1.02747,-0.0357633,0.442546;-0.548901,0.733573,0.167217,-0.364166
1.02434,-0.0261631,0.444857;-0.552308,0.733574,0.158332,-0.362982
1.02103,-0.0165381,0.447159;-0.555664,0.733508,0.149432,-0.361765
1.01753,-0.00689537,0.44945;-0.558969,0.733374,0.140519,-0.360514
1.01387,0.00275818,0.45173;-0.562223,0.733172,0.131592,-0.359231
1.01003,0.0124156,0.453998;-0.565425,0.732904,0.122654,-0.357914
1.00604,0.0220699,0.456254;-0.568576,0.732567,0.113704,-0.356564
1.00189,0.0317141,0.458495;-0.571673,0.732164,0.104744,-0.355182
0.997601,0.0413413,0.460721;-0.574719,0.731693,0.0957739,-0.353767
0.993175,0.0509445,0.462932;-0.577711,0.731155,0.0867952,-0.35232
0.98862,0.0605168,0.465126;-0.58065,0.730549,0.0778085,-0.35084
0.983943,0.0700511,0.467302;-0.583536,0.729877,0.0688146,-0.349327
0.979153,0.0795406,0.46946;-0.586369,0.729137,0.0598145,-0.347783
0.974255,0.0889782,0.471599;-0.589147,0.72833,0.0508088,-0.346207
0.969258,0.098357,0.473718;-0.591871,0.727457,0.0417984,-0.344599
0.96417,0.10767,0.475816;-0.594541,0.726516,0.0327843,-0.342959
0.958997,0.11691,0.477891;-0.597156,0.725509,0.023767,-0.341288
0.953747,0.126071,0.479944;-0.599716,0.724435,0.0147477,-0.339585
0.948427,0.135145,0.481973;-0.602221,0.723294,0.0057269,-0.337851
0.943046,0.144126,0.483978;-0.60467,0.722087,-0.00329437,-0.336086
0.93761,0.153005,0.485957;-0.607064,0.720813,-0.0123153,-0.33429
0.932126,0.161778,0.487909;-0.609403,0.719473,-0.0213352,-0.332463
0.926603,0.170436,0.489834;-0.611685,0.718067,-0.0303531,-0.330606
0.921048,0.178972,0.491731;-0.613911,0.716595,-0.0393681,-0.328718
0.915468,0.18738,0.493599;-0.61608,0.715057,-0.0483796,-0.3268
0.90987,0.195653,0.495437;-0.618193,0.713453,-0.0573866,-0.324852
0.904263,0.203783,0.497244;-0.620249,0.711784,-0.0663884,-0.322875
0.897531,0.213342,0.49937;-0.622641,0.709694,-0.0771823,-0.320462
0.890808,0.222673,0.501449;-0.62495,0.70751,-0.0879661,-0.318007
0.884108,0.231766,0.503479;-0.627177,0.705233,-0.0987382,-0.31551
0.877443,0.240608,0.505458;-0.62932,0.702862,-0.109497,-0.312971
0.870825,0.249186,0.507386;-0.63138,0.700399,-0.120242,-0.310391
0.864268,0.25749,0.50926;-0.633357,0.697842,-0.13097,-0.307769
0.857785,0.265506,0.511079;-0.63525,0.695193,-0.141682,-0.305107
0.851388,0.273223,0.512842;-0.637059,0.692452,-0.152374,-0.302405
0.844051,0.281832,0.514824;-0.639062,0.689139,-0.164823,-0.299201
0.83687,0.289998,0.516726;-0.64095,0.685701,-0.177242,-0.295944
0.829865,0.297703,0.518543;-0.642723,0.682139,-0.18963,-0.292633
0.823056,0.304926,0.520273;-0.64438,0.678455,-0.201983,-0.289269
0.815542,0.312569,0.522142;-0.646131,0.674094,-0.216056,-0.285361
0.808341,0.319529,0.523891;-0.647731,0.669575,-0.230078,-0.281386
0.800653,0.32651,0.525711;-0.649348,0.664303,-0.245788,-0.276835
0.792674,0.333163,0.527543;-0.650917,0.658213,-0.263158,-0.271682
0.784651,0.339075,0.52932;-0.652367,0.651234,-0.282153,-0.265897
0.775705,0.344356,0.531205;-0.653793,0.641933,-0.306145,-0.258365
0.766102,0.347248,0.533055;-0.654973,0.628571,-0.33835,-0.247845
0.758224,0.342197,0.534196;-0.655155,0.608153,-0.383331,-0.232334
0.757303,0.331668,0.533882;-0.65423,0.592804,-0.414376,-0.221043
0.759117,0.320917,0.533107;-0.653096,0.581847,-0.435302,-0.213147
0.761959,0.310596,0.53219;-0.651948,0.573172,-0.451216,-0.206983
0.765184,0.301014,0.531249;-0.650857,0.56608,-0.463828,-0.201997
0.768724,0.291639,0.530273;-0.649776,0.559765,-0.474774,-0.197595
