1.04929,-0.256439,0.432496;0.918194,-0.176948,-0.0531099,-0.350412
1.04085,-0.251206,0.437789;0.918977,-0.182654,-0.0519854,-0.345566
1.03254,-0.245998,0.442989;0.919707,-0.18835,-0.0508579,-0.3407
1.02437,-0.240813,0.448098;0.920384,-0.194035,-0.0497274,-0.335814
1.01632,-0.235652,0.453117;0.921007,-0.199709,-0.0485941,-0.330909
1.00841,-0.230515,0.458045;0.921577,-0.205371,-0.0474579,-0.325985
1.00062,-0.225402,0.462885;0.922093,-0.211022,-0.046319,-0.321042
0.992959,-0.220313,0.467636;0.922557,-0.21666,-0.0451774,-0.31608
0.985425,-0.215247,0.472299;0.922966,-0.222285,-0.0440331,-0.311101
0.978017,-0.210205,0.476874;0.923322,-0.227898,-0.0428864,-0.306103
0.968932,-0.203936,0.482472;0.923693,-0.234895,-0.0414494,-0.29983
0.96004,-0.197703,0.487936;0.923979,-0.241871,-0.0400087,-0.293531
0.951339,-0.191508,0.493266;0.924182,-0.248826,-0.0385644,-0.287205
0.942828,-0.185348,0.498466;0.924301,-0.255757,-0.0371166,-0.280853
0.934505,-0.179226,0.503535;0.924337,-0.262666,-0.0356654,-0.274475
0.926368,-0.173139,0.508475;0.924289,-0.26955,-0.034211,-0.268073
0.918416,-0.16709,0.513287;0.924157,-0.276411,-0.0327535,-0.261646
0.910646,-0.161076,0.517972;0.923941,-0.283246,-0.031293,-0.255196
0.903056,-0.155098,0.522533;0.923642,-0.290056,-0.0298298,-0.248722
0.895646,-0.149157,0.526969;0.92326,-0.296839,-0.0283638,-0.242227
0.888414,-0.143251,0.531283;0.922793,-0.303596,-0.0268952,-0.235709
0.881357,-0.137382,0.535475;0.922244,-0.310325,-0.0254242,-0.22917
0.873118,-0.130386,0.540347;0.921474,-0.318362,-0.023656,-0.221295
0.865126,-0.123441,0.545049;0.920584,-0.326359,-0.0218847,-0.213392
0.857379,-0.116547,0.549581;0.919574,-0.334312,-0.0201105,-0.205461
0.849873,-0.109704,0.553947;0.918444,-0.342222,-0.0183338,-0.197504
0.842605,-0.102912,0.558149;0.917195,-0.350088,-0.0165546,-0.18952
0.835573,-0.0961713,0.562189;0.915826,-0.357908,-0.0147733,-0.181512
0.828773,-0.0894808,0.566069;0.914338,-0.365681,-0.01299,-0.17348
0.822202,-0.0828407,0.569791;0.91273,-0.373407,-0.0112051,-0.165426
0.814822,-0.0751574,0.573938;0.910704,-0.382358,-0.00912082,-0.156002
0.807745,-0.0675422,0.577875;0.908517,-0.391242,-0.00703494,-0.14655
0.800967,-0.059995,0.581609;0.906169,-0.400057,-0.00494782,-0.137072
0.794482,-0.0525153,0.585141;0.903659,-0.4088,-0.00285981,-0.12757
0.788286,-0.045103,0.588475;0.90099,-0.417471,-0.000771302,-0.118046
0.781552,-0.0367141,0.592048;0.897743,-0.42729,0.00161571,-0.107135
0.775182,-0.0284124,0.595372;0.894289,-0.43701,0.00400235,-0.0961992
0.769169,-0.0201976,0.598453;0.890627,-0.446628,0.00638807,-0.0852413
0.763505,-0.0120693,0.601295;0.886759,-0.456143,0.0087723,-0.0742636
0.757542,-0.003028,0.604215;0.882162,-0.466721,0.0114521,-0.0618933
0.752003,0.00590482,0.606847;0.877306,-0.477163,0.0141286,-0.0495048
0.746876,0.0147297,0.609199;0.872193,-0.487464,0.0168009,-0.0371018
0.742152,0.0234471,0.611279;0.866824,-0.497622,0.0194682,-0.0246879
0.737363,0.0330078,0.613278;0.86056,-0.508738,0.0224253,-0.0108864
0.733045,0.0424373,0.61496;0.853985,-0.51967,0.0253742,0.00291911
0.729184,0.0517364,0.616335;0.847101,-0.530413,0.0283139,0.0167235
0.725447,0.0618155,0.617505;0.839175,-0.542009,0.0315357,0.0319012
0.722227,0.0717386,0.618328;0.83088,-0.553367,0.0347437,0.0470649
0.719507,0.0815068,0.618819;0.822222,-0.564484,0.0379365,0.062208
0.717085,0.0919873,0.618991;0.812366,-0.576328,0.0414005,0.0786964
0.715211,0.102286,0.618801;0.802087,-0.587872,0.044843,0.0951438
0.713859,0.112404,0.618266;0.791389,-0.59911,0.048262,0.111542
0.713007,0.122342,0.617404;0.780279,-0.610035,0.051656,0.127881
0.712618,0.132907,0.616122;0.767784,-0.621511,0.0553022,0.145507
0.712756,0.143265,0.614498;0.75482,-0.632608,0.0589147,0.163044
0.713389,0.153417,0.612555;0.741394,-0.643317,0.0624911,0.180481
0.714487,0.163365,0.610316;0.727514,-0.653633,0.0660293,0.197807
0.71602,0.17311,0.607803;0.713189,-0.663549,0.0695271,0.215013
0.717957,0.182655,0.605037;0.698427,-0.673059,0.0729824,0.232087
0.720266,0.192,0.602042;0.683239,-0.682157,0.076393,0.249019
0.722918,0.201147,0.59884;0.667632,-0.690838,0.0797568,0.265799
0.725882,0.210098,0.595452;0.651617,-0.699096,0.0830719,0.282416
0.729386,0.21952,0.591622;0.633925,-0.707511,0.0865851,0.300118
0.732972,0.228238,0.587846;0.616627,-0.715995,0.0885622,0.315084
0.736816,0.236825,0.583915;0.596703,-0.738487,0.0710769,0.305828
0.74087,0.245219,0.579877;0.576007,-0.760022,0.0534995,0.296176
0.745114,0.253427,0.575746;0.554565,-0.780574,0.0358529,0.286141
0.749529,0.261458,0.571537;0.532405,-0.800116,0.0181599,0.275735
0.754093,0.26932,0.567266;0.509557,-0.818622,0.00044334,0.264973
0.759086,0.277498,0.562678;0.484558,-0.837123,-0.0183806,0.253162
0.764202,0.285503,0.558054;0.458851,-0.854401,-0.0371776,0.240982
0.769417,0.293347,0.553415;0.432474,-0.870431,-0.0559204,0.228449
0.774708,0.301038,0.548778;0.405466,-0.885189,-0.0745814,0.215583
0.780051,0.308586,0.544161;0.377864,-0.898654,-0.0931334,0.202402
0.785422,0.316001,0.539584;0.349711,-0.910805,-0.111549,0.188925
0.790798,0.323293,0.535063;0.321047,-0.921626,-0.129802,0.175172
0.796467,0.33089,0.53036;0.290186,-0.931616,-0.148922,0.160331
0.802087,0.338372,0.525763;0.25885,-0.94008,-0.167797,0.145228
0.807627,0.34575,0.521294;0.22709,-0.947003,-0.186398,0.129887
0.813061,0.353035,0.516975;0.194958,-0.952376,-0.204693,0.114333
0.81865,0.360638,0.512604;0.160695,-0.956355,-0.223641,0.0977123
0.824054,0.368164,0.50845;0.126139,-0.958588,-0.24218,0.0809134
0.829508,0.376018,0.504339;0.0895174,-0.959049,-0.261217,0.0630714
0.834683,0.383818,0.500528;0.0527143,-0.95757,-0.279726,0.0451019
0.839773,0.391968,0.496881;0.0139578,-0.953934,-0.29855,0.0261363
0.84468,0.400481,0.493486;-0.0266763,-0.947844,-0.317557,0.00620593
0.849101,0.408989,0.490567;-0.067245,-0.939434,-0.335787,-0.0137397
0.853147,0.417902,0.488067;-0.10948,-0.928185,-0.353966,-0.0345551
0.856678,0.427248,0.486108;-0.153238,-0.913802,-0.371925,-0.0561763
0.859536,0.437061,0.484828;-0.198343,-0.89599,-0.389481,-0.0785234
0.861481,0.446985,0.484382;-0.242821,-0.875348,-0.405806,-0.100622
0.862437,0.45705,0.484828;-0.286532,-0.851941,-0.420849,-0.122404
0.862329,0.467287,0.486224;-0.329337,-0.825842,-0.434563,-0.143798
0.861154,0.477307,0.488512;-0.369454,-0.798331,-0.446437,-0.16391
0.858933,0.487284,0.491688;-0.384226,-0.786339,-0.452832,-0.170245
0.855905,0.496767,0.495487;-0.363387,-0.799084,-0.452453,-0.157168
0.852404,0.505493,0.499596;-0.344038,-0.810227,-0.4518,-0.145074
0.848288,0.514163,0.504229;-0.324467,-0.820848,-0.450856,-0.132887
0.843633,0.52269,0.509316;-0.304687,-0.830939,-0.449621,-0.120614
0.838999,0.530245,0.514272;-0.286534,-0.839648,-0.448246,-0.109388
0.834041,0.537548,0.519489;-0.268228,-0.847908,-0.446632,-0.098105
0.828817,0.544533,0.524913;-0.24978,-0.855717,-0.44478,-0.0867692
0.823384,0.551136,0.530489;-0.231198,-0.86307,-0.442691,-0.0753871
0.8178,0.557291,0.536163;-0.212492,-0.869962,-0.440366,-0.0639648
0.811552,0.56347,0.542453;-0.191786,-0.877007,-0.437537,-0.0513611
0.805267,0.568944,0.548725;-0.170956,-0.883487,-0.434426,-0.0387243
0.798459,0.574012,0.555461;-0.148107,-0.889905,-0.430712,-0.0249105
0.791799,0.578028,0.561996;-0.125145,-0.89564,-0.426668,-0.0110775
0.784866,0.581062,0.568739;-0.100161,-0.901077,-0.421917,0.00391745
0.777391,0.582681,0.575934;-0.0712221,-0.90634,-0.415962,0.0212141
0.769836,0.581816,0.58311;-0.0383236,-0.910991,-0.408611,0.0407851
0.763199,0.577434,0.589289;-0.00342671,-0.914385,-0.400142,0.0614381
0.758514,0.56969,0.593507;0.029538,-0.91614,-0.391508,0.080847
0.755889,0.55969,0.595706;0.0585883,-0.916516,-0.383388,0.0978699
0.754944,0.549399,0.59631;0.0817796,-0.916026,-0.376561,0.111405
0.755019,0.53918,0.595955;0.101058,-0.915079,-0.37065,0.122619
0.755808,0.528649,0.59492;0.118364,-0.91381,-0.365162,0.132656
0.757118,0.518188,0.593399;0.133703,-0.912351,-0.36015,0.141529
0.758758,0.508158,0.59158;0.147088,-0.910819,-0.355665,0.149254
0.76088,0.497286,0.589287;0.160435,-0.909048,-0.351086,0.15694
0.763098,0.487281,0.58693;0.171842,-0.907342,-0.347088,0.163496
0.765697,0.476627,0.584199;0.183215,-0.905461,-0.343024,0.17002
0.768163,0.467244,0.58163;0.192667,-0.903761,-0.339587,0.175432
0.770909,0.457393,0.578786;0.202092,-0.901941,-0.336104,0.18082
0.773944,0.447065,0.57566;0.211491,-0.9,-0.332577,0.186185
0.777272,0.436254,0.572247;0.220861,-0.897939,-0.329005,0.191524
0.780588,0.425913,0.56886;0.222108,-0.898198,-0.324674,0.196202
0.78364,0.4167,0.565753;0.212368,-0.901619,-0.319406,0.19991
0.786873,0.407193,0.562469;0.202595,-0.904906,-0.31409,0.203589
0.790281,0.397404,0.559015;0.192793,-0.908059,-0.308728,0.207237
0.793857,0.387343,0.555397;0.182962,-0.911078,-0.30332,0.210855
0.797597,0.377021,0.551622;0.173104,-0.913961,-0.297867,0.214441
0.800926,0.367974,0.548265;0.164634,-0.916325,-0.293158,0.21749
0.804367,0.35875,0.544801;0.156146,-0.91859,-0.288417,0.220516
0.807914,0.349355,0.541234;0.147641,-0.920754,-0.283644,0.223517
0.811565,0.339797,0.537568;0.13912,-0.922818,-0.278841,0.226494
0.815315,0.330081,0.533806;0.130584,-0.924782,-0.274007,0.229446
0.819161,0.320215,0.529952;0.122033,-0.926646,-0.269144,0.232373
0.823098,0.310205,0.526011;0.11347,-0.928408,-0.264251,0.235276
0.827123,0.300058,0.521986;0.104893,-0.930069,-0.25933,0.238152
0.831231,0.28978,0.517882;0.096306,-0.93163,-0.25438,0.241002
0.835419,0.279379,0.513701;0.087708,-0.933088,-0.249403,0.243827
0.838967,0.270622,0.510163;0.0805357,-0.934226,-0.245235,0.24616
0.842566,0.261787,0.506576;0.0733573,-0.935294,-0.241048,0.248475
0.846213,0.252879,0.502945;0.0661734,-0.936291,-0.236842,0.250771
0.849906,0.243901,0.49927;0.0589845,-0.937217,-0.232619,0.253048
0.853642,0.234858,0.495555;0.0517911,-0.938072,-0.228379,0.255306
0.85742,0.225752,0.491801;0.0445938,-0.938857,-0.224121,0.257544
0.861237,0.216589,0.488011;0.0373932,-0.93957,-0.219846,0.259764
0.865091,0.207372,0.484187;0.0301897,-0.940213,-0.215554,0.261963
0.86898,0.198104,0.480331;0.0229839,-0.940784,-0.211246,0.264143
0.872901,0.188791,0.476446;0.0157764,-0.941285,-0.206923,0.266303
0.876852,0.179434,0.472534;0.00856773,-0.941714,-0.202583,0.268442
0.880831,0.170039,0.468596;0.00135839,-0.942072,-0.198228,0.270562
0.884836,0.16061,0.464637;-0.00585105,-0.942359,-0.193859,0.272661
0.888864,0.151149,0.460657;-0.0130601,-0.942575,-0.189474,0.274739
0.892913,0.141662,0.456659;-0.0202681,-0.942719,-0.185076,0.276796
0.896982,0.132152,0.452645;-0.0274746,-0.942793,-0.180663,0.278833
0.901066,0.122622,0.448618;-0.034679,-0.942795,-0.176237,0.280849
0.905166,0.113077,0.444579;-0.0418807,-0.942726,-0.171797,0.282843
0.909277,0.103521,0.440532;-0.0490794,-0.942585,-0.167345,0.284816
0.913398,0.0939567,0.436478;-0.0562743,-0.942374,-0.16288,0.286767
0.917527,0.0843891,0.43242;-0.0634649,-0.942091,-0.158402,0.288697
0.921661,0.0748216,0.428359;-0.0706508,-0.941737,-0.153912,0.290605
0.925798,0.0652583,0.424299;-0.0778313,-0.941312,-0.149411,0.292491
0.929936,0.0557029,0.420241;-0.085006,-0.940815,-0.144899,0.294355
0.934073,0.0461593,0.416188;-0.0921742,-0.940248,-0.140376,0.296197
0.938206,0.0366314,0.412142;-0.0993355,-0.939609,-0.135842,0.298016
0.942333,0.0271231,0.408105;-0.106489,-0.9389,-0.131297,0.299813
0.946451,0.0176383,0.40408;-0.113635,-0.93812,-0.126743,0.301587
0.95056,0.00818075,0.400069;-0.120772,-0.937268,-0.122179,0.303338
0.954655,-0.00124555,0.396074;-0.1279,-0.936346,-0.117607,0.305067
0.958736,-0.0106368,0.392097;-0.135018,-0.935354,-0.113025,0.306772
0.9628,-0.019989,0.388141;-0.142127,-0.93429,-0.108434,0.308455
0.966844,-0.0292984,0.384208;-0.149224,-0.933156,-0.103836,0.310113
0.970866,-0.0385611,0.3803;-0.15631,-0.931951,-0.0992293,0.311749
0.974864,-0.0477732,0.37642;-0.163384,-0.930676,-0.0946154,0.313361
0.978836,-0.0569308,0.372569;-0.170446,-0.929331,-0.0899943,0.314949
0.98278,-0.06603,0.36875;-0.177495,-0.927916,-0.0853664,0.316513
0.986693,-0.075067,0.364966;-0.184531,-0.92643,-0.0807321,0.318054
0.990573,-0.084038,0.361219;-0.191553,-0.924874,-0.0760917,0.31957
0.994417,-0.0929389,0.35751;-0.19856,-0.923249,-0.0714455,0.321063
0.998224,-0.101766,0.353843;-0.205552,-0.921553,-0.0667939,0.322531
1.00199,-0.110515,0.350218;-0.212529,-0.919788,-0.0621373,0.323975
1.00572,-0.119183,0.34664;-0.21949,-0.917954,-0.057476,0.325394
1.01013,-0.129471,0.34241;-0.227821,-0.915661,-0.0518767,0.327064
1.01447,-0.139629,0.338252;-0.236127,-0.913269,-0.0462718,0.3287
1.01875,-0.149651,0.334172;-0.244407,-0.910777,-0.0406618,0.330299
1.02294,-0.15953,0.330172;-0.252661,-0.908186,-0.0350474,0.331862
1.02706,-0.169258,0.326258;-0.260887,-0.905496,-0.0294293,0.333389
1.0311,-0.17883,0.322432;-0.269085,-0.902708,-0.0238079,0.33488
1.03504,-0.188239,0.318699;-0.277254,-0.899821,-0.0181839,0.336335
1.0389,-0.197478,0.315062;-0.285392,-0.896837,-0.0125579,0.337753
1.04266,-0.20654,0.311526;-0.2935,-0.893755,-0.00693058,0.339134
1.04632,-0.215418,0.308095;-0.301575,-0.890576,-0.00130249,0.340478
1.05047,-0.225536,0.304229;-0.310955,-0.886744,0.00526374,0.342
1.05446,-0.235384,0.300517;-0.320289,-0.882782,0.0118292,0.343471
1.05831,-0.244952,0.296965;-0.329575,-0.878688,0.0183929,0.34489
1.06199,-0.25423,0.293579;-0.338813,-0.874464,0.0249539,0.346259
1.06552,-0.263206,0.290366;-0.348,-0.870111,0.0315112,0.347577
1.06933,-0.273082,0.286913;-0.358437,-0.864978,0.0389994,0.34902
1.07292,-0.282534,0.283704;-0.368804,-0.859678,0.0464802,0.350395
1.07626,-0.291547,0.280746;-0.3791,-0.854212,0.0539519,0.351703
1.07972,-0.301143,0.277732;-0.390595,-0.847864,0.062345,0.353092
1.08317,-0.311101,0.274788;-0.403256,-0.840569,0.0716528,0.354535
1.08648,-0.321165,0.272061;-0.417041,-0.83225,0.0818662,0.355998
1.08947,-0.331032,0.269728;-0.431906,-0.822828,0.0929738,0.357446
1.09211,-0.341009,0.26789;-0.44901,-0.811383,0.105881,0.358938
1.09401,-0.350784,0.267009;-0.46942,-0.796841,0.121469,0.360464
1.09388,-0.360678,0.268864;-0.500987,-0.772319,0.146004,0.362241
1.08857,-0.362821,0.276326;-0.535865,-0.74207,0.173773,0.363296
1.08237,-0.358885,0.28394;-0.55648,-0.722459,0.190548,0.363421
1.07656,-0.353573,0.290785;-0.572154,-0.716452,0.179322,0.356622
1.07108,-0.347839,0.297116;-0.584744,-0.71298,0.165678,0.349692
1.06551,-0.341537,0.303488;-0.595984,-0.709573,0.153217,0.343269
1.06003,-0.335015,0.309698;-0.605929,-0.706304,0.141957,0.337391
1.05481,-0.328569,0.315577;-0.614632,-0.703237,0.131916,0.332088
1.04928,-0.321534,0.321777;-0.623203,-0.70002,0.121847,0.326715
1.04421,-0.314914,0.327452;-0.630594,-0.697082,0.113015,0.321956
1.03891,-0.307875,0.33335;-0.637881,-0.69403,0.104165,0.317144
1.03341,-0.300433,0.339459;-0.645064,-0.690864,0.0952973,0.31228
1.02772,-0.292602,0.345769;-0.65214,-0.687584,0.0864142,0.307365
1.0227,-0.285591,0.35133;-0.658121,-0.684684,0.0787888,0.303112
1.01755,-0.278315,0.357023;-0.664023,-0.681701,0.0711539,0.298823
1.01228,-0.270784,0.362842;-0.669844,-0.678636,0.0635104,0.294497
1.00689,-0.263006,0.36878;-0.675585,-0.675489,0.0558593,0.290136
1.0014,-0.25499,0.374831;-0.681245,-0.672261,0.0482014,0.28574
0.995805,-0.246747,0.380987;-0.686822,-0.668952,0.0405377,0.28131
0.990118,-0.238285,0.387242;-0.692317,-0.665562,0.0328692,0.276846
0.985311,-0.231074,0.392525;-0.696833,-0.662676,0.0264757,0.2731
0.980448,-0.223723,0.397867;-0.70129,-0.659735,0.02008,0.269332
0.975533,-0.216237,0.403266;-0.705688,-0.656738,0.0136825,0.265541
0.970568,-0.208622,0.408717;-0.710028,-0.653687,0.00728399,0.261727
0.965558,-0.200884,0.414215;-0.714308,-0.650581,0.000884832,0.257892
0.960508,-0.193028,0.419758;-0.718528,-0.64742,-0.0055144,0.254036
0.95542,-0.185059,0.425341;-0.722688,-0.644206,-0.0119132,0.250158
0.950299,-0.176983,0.43096;-0.726788,-0.640937,-0.018311,0.246259
0.945148,-0.168805,0.436611;-0.730827,-0.637615,-0.0247072,0.24234
0.939972,-0.16053,0.442291;-0.734805,-0.63424,-0.0311014,0.2384
0.934775,-0.152165,0.447995;-0.738721,-0.630811,-0.037493,0.23444
0.929559,-0.143713,0.45372;-0.742576,-0.62733,-0.0438814,0.230461
0.92433,-0.135182,0.459461;-0.746369,-0.623796,-0.0502662,0.226463
0.919091,-0.126576,0.465214;-0.750099,-0.62021,-0.0566467,0.222445
0.913846,-0.117901,0.470976;-0.753766,-0.616573,-0.0630226,0.218409
0.908599,-0.109161,0.476743;-0.757371,-0.612883,-0.0693931,0.214355
0.903353,-0.100364,0.482511;-0.760912,-0.609143,-0.0757579,0.210283
0.898113,-0.0915127,0.488275;-0.764389,-0.605351,-0.0821163,0.206193
0.892882,-0.0826142,0.494032;-0.767803,-0.601509,-0.0884679,0.202086
0.887665,-0.0736734,0.499778;-0.771152,-0.597617,-0.0948121,0.197962
0.882465,-0.0646958,0.505509;-0.774437,-0.593674,-0.101148,0.193821
0.877287,-0.0556868,0.511221;-0.777657,-0.589682,-0.107476,0.189665
0.872133,-0.0466518,0.51691;-0.780812,-0.585641,-0.113795,0.185492
0.867009,-0.0375963,0.522572;-0.783902,-0.581551,-0.120104,0.181304
0.861917,-0.0285256,0.528204;-0.786926,-0.577412,-0.126403,0.177101
0.856862,-0.0194451,0.5338;-0.789885,-0.573225,-0.132692,0.172883
0.851847,-0.0103604,0.539358;-0.792777,-0.56899,-0.13897,0.16865
0.846877,-0.00127679,0.544873;-0.795603,-0.564707,-0.145235,0.164404
0.841956,0.00780029,0.550342;-0.798363,-0.560377,-0.151489,0.160143
0.837087,0.0168654,0.55576;-0.801055,-0.556,-0.15773,0.155869
0.832274,0.0259132,0.561123;-0.803681,-0.551577,-0.163958,0.151583
0.827521,0.0349381,0.566429;-0.80624,-0.547107,-0.170173,0.147283
0.822832,0.0439349,0.571671;-0.808731,-0.542592,-0.176373,0.142971
0.81821,0.052898,0.576848;-0.811154,-0.538032,-0.182558,0.138648
0.813661,0.0618221,0.581954;-0.81351,-0.533426,-0.188728,0.134312
0.809187,0.0707017,0.586986;-0.815798,-0.528776,-0.194882,0.129966
0.804793,0.0795314,0.59194;-0.818017,-0.524081,-0.20102,0.125608
0.800482,0.0883059,0.596811;-0.820168,-0.519343,-0.207141,0.12124
0.796258,0.0970196,0.601597;-0.822251,-0.514562,-0.213245,0.116862
0.792126,0.105667,0.606293;-0.824264,-0.509737,-0.219331,0.112475
0.788089,0.114243,0.610895;-0.826209,-0.50487,-0.225398,0.108077
0.78415,0.122742,0.615398;-0.828085,-0.49996,-0.231447,0.103671
0.780315,0.131159,0.619801;-0.829891,-0.495009,-0.237476,0.099256
0.776586,0.139487,0.624097;-0.831628,-0.490016,-0.243486,0.0948328
0.772258,0.149358,0.629107;-0.833621,-0.483971,-0.25067,0.0895144
0.768096,0.159086,0.633953;-0.835513,-0.477867,-0.257825,0.0841853
0.764107,0.16866,0.638627;-0.837305,-0.471706,-0.264948,0.078846
0.760297,0.178072,0.643123;-0.838996,-0.465488,-0.272039,0.0734973
0.756674,0.187312,0.647434;-0.840585,-0.459214,-0.279098,0.0681397
0.753243,0.196372,0.651552;-0.842074,-0.452885,-0.286123,0.0627739
0.750012,0.20524,0.655472;-0.843461,-0.446501,-0.293114,0.0574005
0.746504,0.215334,0.659784;-0.844951,-0.438985,-0.301225,0.0511229
0.743288,0.225141,0.663806;-0.846302,-0.431398,-0.309286,0.0448369
0.740373,0.234646,0.667526;-0.847515,-0.423739,-0.317297,0.0385435
0.737772,0.243834,0.670934;-0.848589,-0.416012,-0.325256,0.0322438
0.735196,0.253929,0.674432;-0.849646,-0.407096,-0.334287,0.0250378
0.733058,0.263568,0.677492;-0.850521,-0.398094,-0.343246,0.0178264
0.731197,0.27384,0.680391;-0.851288,-0.387865,-0.353237,0.00970911
0.729832,0.284507,0.682909;-0.851869,-0.376376,-0.364225,0.0006869
0.729236,0.294346,0.684656;-0.852166,-0.364761,-0.375092,-0.00833554
0.729581,0.304999,0.685693;-0.852145,-0.350662,-0.387966,-0.0191585
0.731317,0.315035,0.68545;-0.85166,-0.335198,-0.401702,-0.0308729
0.735169,0.324552,0.683317;-0.850502,-0.31712,-0.417269,-0.0443673
0.741102,0.331718,0.679096;-0.848703,-0.298803,-0.432522,-0.0578283
0.748609,0.336156,0.673179;-0.846449,-0.281505,-0.446464,-0.0703529
0.756625,0.338138,0.666521;-0.844074,-0.26653,-0.458182,-0.0810518
0.76446,0.338448,0.659812;-0.841785,-0.253952,-0.467779,-0.089938
0.772437,0.337646,0.652844;-0.839484,-0.24256,-0.476282,-0.0979099
0.780283,0.336046,0.645892;-0.837248,-0.232378,-0.483732,-0.104974
0.787745,0.333944,0.639209;-0.835144,-0.223428,-0.490166,-0.111136
0.795773,0.331171,0.631956;-0.832903,-0.214442,-0.49652,-0.117281
0.803115,0.328248,0.625277;-0.830874,-0.206711,-0.501901,-0.122532
0.810889,0.324811,0.618163;-0.828745,-0.198955,-0.507222,-0.127769
