0.736295,-0.552434,0.433045;0.854045,-0.515663,0.0592452,0.0344811
0.744869,-0.545286,0.43792;0.856833,-0.510461,0.0612169,0.0389694
0.753192,-0.537993,0.442585;0.859571,-0.505229,0.063185,0.0434555
0.761268,-0.530561,0.447041;0.862259,-0.499967,0.0651493,0.047939
0.769101,-0.522992,0.451294;0.864896,-0.494676,0.0671098,0.0524196
0.776693,-0.515292,0.455346;0.867482,-0.489355,0.0690663,0.0568972
0.784047,-0.507465,0.459203;0.870016,-0.484006,0.0710188,0.0613714
0.791167,-0.499514,0.462867;0.8725,-0.478628,0.0729671,0.065842
0.798056,-0.491443,0.466343;0.874932,-0.473222,0.0749111,0.0703087
0.804718,-0.483258,0.469634;0.877313,-0.467788,0.0768507,0.0747713
0.811155,-0.474962,0.472745;0.879642,-0.462327,0.0787858,0.0792295
0.817371,-0.466559,0.475679;0.881919,-0.456838,0.0807162,0.083683
0.823368,-0.458054,0.47844;0.884144,-0.451323,0.0826419,0.0881316
0.829151,-0.44945,0.481032;0.886317,-0.445781,0.0845627,0.092575
0.834722,-0.440752,0.483459;0.888438,-0.440212,0.0864786,0.097013
0.840084,-0.431964,0.485725;0.890507,-0.434618,0.0883893,0.101445
0.845242,-0.423091,0.487833;0.892524,-0.428999,0.0902949,0.105872
0.850197,-0.414135,0.489787;0.894487,-0.423353,0.0921951,0.110292
0.854954,-0.405102,0.491592;0.896399,-0.417684,0.0940899,0.114705
0.859515,-0.395996,0.493251;0.898257,-0.411989,0.0959792,0.119112
0.863883,-0.38682,0.494768;0.900062,-0.40627,0.0978628,0.123512
0.868063,-0.377579,0.496146;0.901815,-0.400527,0.0997406,0.127904
0.872056,-0.368278,0.497391;0.903514,-0.394761,0.101613,0.132289
0.875867,-0.358919,0.498505;0.905161,-0.388972,0.103479,0.136666
0.879499,-0.349509,0.499492;0.906753,-0.383159,0.105338,0.141036
0.882954,-0.34005,0.500357;0.908293,-0.377324,0.107192,0.145396
0.886236,-0.330546,0.501103;0.909779,-0.371467,0.10904,0.149749
0.889348,-0.321003,0.501734;0.911212,-0.365588,0.110881,0.154092
0.892293,-0.311423,0.502254;0.912591,-0.359687,0.112715,0.158427
0.895076,-0.301812,0.502667;0.913916,-0.353765,0.114543,0.162752
0.898203,-0.290243,0.503026;0.915435,-0.346632,0.116727,0.167929
0.901106,-0.278642,0.503243;0.916876,-0.339469,0.118902,0.173092
0.903788,-0.267015,0.503324;0.91824,-0.332277,0.121066,0.178241
0.906257,-0.25537,0.503277;0.919526,-0.325057,0.123221,0.183374
0.908518,-0.243714,0.503107;0.920734,-0.31781,0.125364,0.188492
0.910575,-0.232055,0.502822;0.921864,-0.310535,0.127497,0.193594
0.912435,-0.220399,0.502429;0.922916,-0.303235,0.12962,0.198679
0.914104,-0.208754,0.501933;0.92389,-0.295908,0.131731,0.203748
0.915586,-0.197126,0.501342;0.924785,-0.288557,0.133831,0.208799
0.916888,-0.185524,0.500661;0.925602,-0.281181,0.13592,0.213833
0.918015,-0.173955,0.499899;0.92634,-0.273781,0.137998,0.218848
0.918972,-0.162424,0.499062;0.927,-0.266358,0.140063,0.223845
0.919765,-0.150941,0.498156;0.927581,-0.258912,0.142117,0.228823
0.9204,-0.139511,0.497187;0.928084,-0.251445,0.144159,0.233782
0.920882,-0.128143,0.496164;0.928508,-0.243956,0.146188,0.238721
0.921217,-0.116843,0.495091;0.928853,-0.236446,0.148205,0.243639
0.92141,-0.105619,0.493977;0.92912,-0.228916,0.15021,0.248537
0.921467,-0.0944768,0.492827;0.929308,-0.221367,0.152201,0.253414
0.921393,-0.083425,0.491649;0.929417,-0.2138,0.15418,0.258269
0.921194,-0.0724704,0.490449;0.929447,-0.206214,0.156146,0.263103
0.920876,-0.0616201,0.489233;0.929398,-0.19861,0.158099,0.267914
0.920444,-0.0508813,0.488009;0.929271,-0.19099,0.160038,0.272702
0.919903,-0.0402613,0.486782;0.929065,-0.183354,0.161964,0.277468
0.919288,-0.0301878,0.48561;0.932892,-0.165562,0.169242,0.271401
0.91855,-0.0198438,0.484399;0.937123,-0.14507,0.177711,0.263009
0.917715,-0.00963115,0.483199;0.94081,-0.124495,0.186078,0.254464
0.916785,0.000447323,0.482013;0.943952,-0.103848,0.194336,0.245772
0.915762,0.0103889,0.480845;0.946546,-0.0831403,0.202482,0.236937
0.914542,0.0210748,0.479594;0.94875,-0.0604956,0.211234,0.227143
0.913217,0.0315909,0.478371;0.950299,-0.0378092,0.21984,0.217192
0.911789,0.0419335,0.47718;0.951192,-0.0150967,0.228295,0.207091
0.910262,0.0520991,0.476024;0.951429,0.00762628,0.236592,0.196847
0.908639,0.062084,0.474909;0.951009,0.030344,0.244726,0.186468
0.906922,0.0718846,0.473837;0.949933,0.0530407,0.252691,0.175959
0.904959,0.0822899,0.472731;0.948027,0.0775871,0.261123,0.164438
0.902893,0.0924701,0.471685;0.945353,0.102071,0.269343,0.152784
0.900728,0.102421,0.470705;0.941914,0.126471,0.277345,0.141006
0.898467,0.112137,0.469797;0.937712,0.15077,0.285123,0.129114
0.89593,0.122334,0.468904;0.932337,0.1768,0.29324,0.116191
0.89329,0.132247,0.468105;0.926086,0.202664,0.301082,0.103158
0.890553,0.141873,0.467407;0.918965,0.228338,0.308641,0.0900285
0.887517,0.151859,0.466778;0.910378,0.255607,0.316418,0.0758676
0.884379,0.161501,0.46628;0.90081,0.282601,0.323853,0.0616248
0.880928,0.171398,0.465901;0.889533,0.311057,0.3314,0.0463597
0.877374,0.180886,0.465689;0.877164,0.339132,0.338539,0.0310377
0.873494,0.19051,0.465657;0.862844,0.368505,0.34567,0.0147168
0.869278,0.200175,0.465851;0.846379,0.399048,0.352698,-0.00258594
0.864959,0.209289,0.466295;0.8286,0.428972,0.359179,-0.0198846
0.860302,0.218296,0.467047;0.808438,0.459835,0.365414,-0.0381103
0.855301,0.227084,0.468171;0.785705,0.491461,0.371294,-0.0572235
0.849956,0.235526,0.469738;0.760215,0.523654,0.376702,-0.0771735
0.844269,0.243488,0.471828;0.731788,0.556192,0.381514,-0.097898
0.837985,0.251117,0.474657;0.698844,0.590214,0.385753,-0.120246
0.831373,0.257863,0.478248;0.662478,0.62392,0.389037,-0.143171
0.824453,0.263543,0.482717;0.622554,0.65699,0.391216,-0.166557
0.81725,0.267962,0.488192;0.578961,0.689079,0.392137,-0.190271
0.809945,0.270888,0.494665;0.528135,0.719686,0.396296,-0.214652
0.802949,0.272297,0.50175;0.475974,0.746603,0.399463,-0.23762
0.796139,0.272418,0.509515;0.421917,0.770546,0.401038,-0.259641
0.789839,0.271429,0.517537;0.368272,0.790703,0.401045,-0.279871
0.784096,0.269558,0.525664;0.315405,0.807331,0.399655,-0.298348
0.778731,0.266882,0.534112;0.261461,0.821203,0.3969,-0.315807
0.774001,0.263645,0.542445;0.208832,0.831882,0.39298,-0.331553
0.769747,0.25984,0.550922;0.155547,0.839943,0.387824,-0.346256
0.76603,0.255551,0.559468;0.101771,0.845361,0.381447,-0.359869
0.762912,0.250865,0.568009;0.0476755,0.848118,0.373869,-0.37235
0.760455,0.245865,0.57647;-0.00657026,0.848206,0.365115,-0.383659
0.758666,0.240417,0.585118;-0.0630517,0.845459,0.354775,-0.394155
0.757731,0.234817,0.593515;-0.119318,0.839825,0.343223,-0.403305
0.757741,0.228936,0.601891;-0.1774,0.830924,0.329966,-0.411359
0.758894,0.222882,0.610104;-0.237019,0.818434,0.314911,-0.418115
0.761413,0.216788,0.617986;-0.297846,0.802038,0.297973,-0.423361
0.765546,0.210818,0.625345;-0.359498,0.781436,0.279087,-0.426884
0.771338,0.205343,0.631753;-0.419498,0.757244,0.258918,-0.428445
0.778607,0.200668,0.636917;-0.475603,0.730583,0.238315,-0.428084
0.787269,0.196855,0.640832;-0.527778,0.70191,0.21748,-0.426
0.796725,0.194055,0.64342;-0.541378,0.702131,0.21256,-0.410779
0.80674,0.192063,0.644968;-0.532958,0.719559,0.217079,-0.388673
0.816967,0.190698,0.645721;-0.524718,0.735173,0.221103,-0.367838
0.827094,0.189817,0.645877;-0.516756,0.749089,0.224669,-0.348357
0.837787,0.189268,0.645558;-0.508459,0.762519,0.228088,-0.328649
0.848005,0.189031,0.644884;-0.500563,0.774394,0.231093,-0.310396
0.858549,0.189023,0.643875;-0.492394,0.785848,0.233971,-0.291974
0.869348,0.18922,0.642565;-0.483957,0.796872,0.236722,-0.273392
0.879325,0.189558,0.641138;-0.476057,0.806517,0.23911,-0.25637
0.8894,0.190029,0.639512;-0.467943,0.815799,0.241391,-0.239233
0.899519,0.190614,0.637709;-0.459617,0.824713,0.243563,-0.221987
0.909628,0.191295,0.635754;-0.451084,0.833254,0.245625,-0.204641
0.919674,0.192056,0.63367;-0.442348,0.841421,0.247577,-0.187203
0.929604,0.192877,0.631481;-0.433413,0.849207,0.249416,-0.169681
0.939363,0.193741,0.62921;-0.424282,0.856611,0.251144,-0.152082
0.949837,0.194719,0.626646;-0.414017,0.864309,0.252913,-0.132645
0.959969,0.195704,0.624044;-0.403527,0.871536,0.254544,-0.113135
0.969688,0.196672,0.621434;-0.392816,0.878286,0.256036,-0.093563
0.979735,0.19768,0.618617;-0.380887,0.885105,0.257505,-0.0721542
0.98986,0.198681,0.615644;-0.367685,0.891842,0.258908,-0.0489089
0.99975,0.199609,0.612595;-0.353155,0.898338,0.260197,-0.0238344
1.00958,0.200417,0.609384;-0.336168,0.904789,0.261389,0.00484677
1.01934,0.200943,0.605922;-0.31439,0.911384,0.262455,0.0406865
1.02844,0.200157,0.601881;-0.27494,0.918964,0.263181,0.103191
1.02148,0.194806,0.601753;-0.383126,0.874971,0.244538,0.166856
1.0118,0.191673,0.603328;-0.459301,0.836776,0.230175,0.18939
1.00192,0.189445,0.604939;-0.517266,0.801637,0.217443,0.206233
0.992056,0.187959,0.606438;-0.565637,0.767734,0.205458,0.220059
0.982107,0.18715,0.607789;-0.608501,0.733722,0.193659,0.232111
0.972004,0.187042,0.608959;-0.647775,0.698805,0.181734,0.242966
0.96198,0.187689,0.609878;-0.683577,0.66336,0.16979,0.25268
0.951777,0.1892,0.61052;-0.717482,0.626075,0.157375,0.261693
0.941991,0.191573,0.610804;-0.748051,0.588783,0.145091,0.269634
0.932317,0.194965,0.610694;-0.776721,0.549996,0.132439,0.276891
0.922889,0.199489,0.610122;-0.803419,0.509813,0.11945,0.283445
0.914242,0.204966,0.609083;-0.827,0.470247,0.106768,0.28903
0.906436,0.211323,0.60759;-0.847681,0.431553,0.0944596,0.293727
0.899503,0.218473,0.605668;-0.865681,0.393953,0.0825829,0.297619
0.893447,0.22631,0.603355;-0.881222,0.357643,0.0711866,0.300786
0.888253,0.234719,0.600695;-0.894524,0.32279,0.060312,0.303308
0.883889,0.243573,0.597742;-0.905805,0.28954,0.0499933,0.305261
0.880305,0.252742,0.594554;-0.915276,0.258014,0.0402582,0.30672
0.877442,0.262088,0.591191;-0.923142,0.228314,0.0311291,0.307755
0.875231,0.271475,0.587718;-0.929595,0.200524,0.0226231,0.308433
0.873597,0.280766,0.584201;-0.934821,0.174714,0.0147535,0.308816
0.872377,0.290676,0.580374;-0.93934,0.148772,0.00687275,0.308965
0.871641,0.30032,0.576583;-0.94286,0.124892,-0.000355993,0.308897
0.871287,0.310513,0.572513;-0.94578,0.100933,-0.00758451,0.308633
0.871312,0.320269,0.568563;-0.947915,0.0790966,-0.0141518,0.308223
0.871679,0.3305,0.56437;-0.949551,0.0572183,-0.0207117,0.307651
0.872313,0.340125,0.560382;-0.950599,0.0375018,-0.0266064,0.306998
0.873244,0.350151,0.556186;-0.951242,0.0177694,-0.0324898,0.306215
0.874329,0.359407,0.552279;-0.951474,0.000222904,-0.037708,0.30541
0.875662,0.368992,0.5482;-0.951387,-0.0173237,-0.0429135,0.304502
0.87725,0.378912,0.543948;-0.95098,-0.0348645,-0.0481046,0.303491
