0.85508,0.195286,0.442866;0.889643,-0.192716,0.2265,0.346545
0.853689,0.188419,0.454318;0.889239,-0.195895,0.227024,0.345456
0.852321,0.18174,0.465486;0.888825,-0.199071,0.227545,0.344362
0.850977,0.175249,0.476373;0.8884,-0.202246,0.228063,0.343264
0.849657,0.168942,0.486981;0.887965,-0.205417,0.228578,0.342162
0.848359,0.162818,0.497314;0.887519,-0.208587,0.229091,0.341056
0.847085,0.156875,0.507374;0.887063,-0.211754,0.229601,0.339946
0.845833,0.151111,0.517165;0.886597,-0.214918,0.230108,0.338832
0.844605,0.145523,0.526689;0.88612,-0.21808,0.230613,0.337714
0.843399,0.140111,0.53595;0.885632,-0.22124,0.231115,0.336592
0.842216,0.134871,0.54495;0.885135,-0.224397,0.231614,0.335466
0.841056,0.129802,0.553692;0.884627,-0.227551,0.232111,0.334336
0.839357,0.122514,0.566328;0.883845,-0.232277,0.23285,0.332634
0.837708,0.115599,0.5784;0.883041,-0.236997,0.233584,0.330923
0.836109,0.10905,0.589919;0.882213,-0.241711,0.234311,0.329203
0.834559,0.102861,0.600894;0.881361,-0.246419,0.235033,0.327475
0.833058,0.0970237,0.611335;0.880487,-0.25112,0.235748,0.325738
0.831606,0.0915327,0.621253;0.879589,-0.255814,0.236456,0.323993
0.830201,0.0863807,0.630656;0.878668,-0.260502,0.237159,0.322238
0.828845,0.0815609,0.639555;0.877723,-0.265182,0.237855,0.320476
0.827109,0.0756398,0.650654;0.876428,-0.271413,0.238774,0.318113
0.825457,0.0702812,0.660898;0.875092,-0.27763,0.239681,0.315734
0.823887,0.0654691,0.67031;0.873715,-0.283834,0.240578,0.313341
0.822039,0.0601981,0.680942;0.871936,-0.291571,0.241682,0.310329
0.820317,0.0557246,0.690357;0.870093,-0.299286,0.242768,0.307295
0.818412,0.0513648,0.700113;0.867797,-0.308516,0.244049,0.303623
0.816411,0.0476003,0.70947;0.865002,-0.319242,0.24551,0.2993
0.813955,0.0445285,0.719294;0.860795,-0.334485,0.247536,0.293048
0.810281,0.0458733,0.727865;0.851139,-0.366172,0.251555,0.279643
0.808549,0.055224,0.723397;0.84092,-0.39591,0.255079,0.26654
0.808288,0.062981,0.716772;0.834878,-0.41207,0.25689,0.259199
0.808424,0.0704064,0.709592;0.829714,-0.425183,0.258305,0.253125
0.808798,0.0776624,0.702113;0.824959,-0.436755,0.25951,0.247674
0.809404,0.0854016,0.693798;0.820048,-0.448245,0.260667,0.242177
0.810094,0.0922622,0.686215;0.825205,-0.438239,0.269629,0.23299
0.810891,0.0989188,0.67871;0.844552,-0.393918,0.291308,0.216101
0.811824,0.10572,0.670918;0.861287,-0.348379,0.312086,0.198542
0.812842,0.112349,0.663225;0.874825,-0.303724,0.331092,0.181139
0.813979,0.119061,0.655352;0.885877,-0.258207,0.349158,0.16322
0.815174,0.125537,0.647691;0.894093,-0.213979,0.365511,0.145646
0.816471,0.132045,0.639939;0.899985,-0.169196,0.380913,0.127693
0.817868,0.138565,0.632132;0.903537,-0.123973,0.395325,0.109409
0.819361,0.145076,0.624305;0.90474,-0.0784271,0.408709,0.0908397
0.820949,0.151555,0.616496;0.903591,-0.0326775,0.421031,0.0720344
0.822627,0.157982,0.608739;0.900092,0.0131569,0.432258,0.0530418
0.824393,0.164335,0.60107;0.894254,0.0589572,0.442361,0.0339114
0.826329,0.170876,0.593186;0.885665,0.106673,0.451694,0.0138179
0.828356,0.177288,0.585479;0.874559,0.154087,0.459743,-0.00631486
0.830563,0.183817,0.577669;0.860322,0.203092,0.466749,-0.0273029
0.832859,0.190152,0.570143;0.843423,0.25147,0.472311,-0.0482065
0.835343,0.196516,0.562656;0.823045,0.301033,0.47655,-0.0698215
0.838022,0.202846,0.555305;0.798923,0.351505,0.479262,-0.0920515
0.841009,0.209295,0.547955;0.769704,0.404427,0.480237,-0.115615
0.844321,0.215733,0.540811;0.734805,0.459234,0.479037,-0.14032
0.848089,0.222187,0.533934;0.692321,0.516947,0.475043,-0.166706
0.852577,0.228714,0.527442;0.638401,0.57964,0.467006,-0.195874
0.85808,0.235046,0.521971;0.568184,0.648033,0.452811,-0.228434
0.865562,0.240764,0.518931;0.466892,0.726925,0.426775,-0.267309
0.874722,0.243289,0.521976;0.477105,0.745546,0.382078,-0.265609
0.882116,0.241936,0.528893;0.501557,0.750257,0.344929,-0.25803
0.887886,0.238859,0.536449;0.519747,0.75284,0.315732,-0.251809
0.892993,0.234668,0.544415;0.535268,0.754352,0.289648,-0.246062
0.897415,0.229913,0.552113;0.548305,0.755078,0.266816,-0.240892
0.901482,0.224595,0.559734;0.55999,0.755266,0.245569,-0.235965
0.905522,0.218383,0.567724;0.571332,0.754993,0.224173,-0.230894
0.909195,0.211902,0.57527;0.581422,0.754336,0.204439,-0.226121
0.912501,0.205356,0.582234;0.590336,0.753402,0.186407,-0.221681
0.91577,0.198184,0.589223;0.598998,0.752147,0.168296,-0.217146
0.918995,0.190386,0.596169;0.607406,0.750573,0.150113,-0.21252
0.921856,0.182831,0.602325;0.614752,0.748883,0.133694,-0.208279
0.924672,0.174767,0.608338;0.621886,0.746936,0.117228,-0.203966
0.92744,0.166192,0.614158;0.628806,0.744731,0.100723,-0.199582
0.930155,0.157106,0.619732;0.63551,0.74227,0.0841824,-0.19513
0.93252,0.148599,0.62444;0.641285,0.739867,0.0694554,-0.191117
0.934837,0.139687,0.628878;0.646886,0.737264,0.0547095,-0.187051
0.937102,0.130369,0.633011;0.65231,0.734459,0.0399487,-0.182934
0.939313,0.120643,0.636803;0.657557,0.731455,0.025177,-0.178768
0.941466,0.11051,0.640218;0.662626,0.728252,0.0103985,-0.174553
0.943559,0.099969,0.64322;0.667513,0.72485,-0.00438287,-0.17029
0.945588,0.0890187,0.645773;0.67222,0.721252,-0.019163,-0.165981
0.947309,0.0791012,0.647611;0.676187,0.717942,-0.0320915,-0.162174
0.949086,0.0681825,0.649138;0.671238,0.722526,-0.0352229,-0.161725
0.950779,0.0570768,0.650205;0.660673,0.731966,-0.0317783,-0.163483
0.95221,0.0471151,0.650797;0.651311,0.740097,-0.0287587,-0.164993
0.953595,0.0369478,0.651082;0.641842,0.748106,-0.0257343,-0.166475
0.954933,0.0265961,0.651074;0.632267,0.755991,-0.0227056,-0.16793
0.956223,0.0160814,0.650784;0.622587,0.763751,-0.0196732,-0.169357
0.957466,0.00542488,0.650227;0.612805,0.771386,-0.0166376,-0.170756
0.958661,-0.00535215,0.649415;0.602921,0.778892,-0.0135992,-0.172127
0.959807,-0.0162284,0.64836;0.592938,0.786271,-0.0105585,-0.173469
0.960905,-0.0271826,0.647076;0.582857,0.793519,-0.00751616,-0.174783
0.961954,-0.0381935,0.645575;0.57268,0.800636,-0.00447253,-0.176068
0.962953,-0.0492398,0.64387;0.562408,0.807621,-0.00142817,-0.177324
0.963903,-0.0603002,0.641974;0.552043,0.814473,0.00161643,-0.178551
0.964803,-0.0713534,0.6399;0.541587,0.82119,0.00466077,-0.179748
0.965652,-0.0823782,0.63766;0.531041,0.827771,0.00770433,-0.180915
0.966451,-0.0933533,0.635268;0.520408,0.834216,0.0107466,-0.182053
0.967198,-0.104257,0.632735;0.509689,0.840523,0.0137871,-0.18316
0.967895,-0.115069,0.630076;0.498886,0.846691,0.0168254,-0.184237
0.968539,-0.125767,0.627302;0.488,0.85272,0.0198608,-0.185284
0.969132,-0.136331,0.624427;0.477034,0.858607,0.022893,-0.1863
0.969672,-0.146738,0.621463;0.465989,0.864353,0.0259214,-0.187286
0.970159,-0.156968,0.618423;0.454867,0.869956,0.0289456,-0.18824
0.970594,-0.166999,0.615321;0.44367,0.875416,0.0319649,-0.189164
0.970975,-0.17681,0.612168;0.4324,0.88073,0.034979,-0.190056
0.971302,-0.18638,0.608977;0.421058,0.8859,0.0379872,-0.190917
0.97161,-0.196995,0.605301;0.408011,0.891628,0.0414176,-0.191862
0.971847,-0.207234,0.601613;0.394876,0.897165,0.044839,-0.192766
0.972013,-0.217068,0.59793;0.381655,0.902507,0.0482507,-0.193628
0.972106,-0.226463,0.594273;0.368353,0.907655,0.051652,-0.194448
0.972124,-0.236469,0.590212;0.353292,0.913213,0.0554651,-0.195321
0.97205,-0.245836,0.586235;0.338136,0.918521,0.0592631,-0.19614
0.971858,-0.255437,0.581946;0.321187,0.924125,0.0634641,-0.196988
0.971513,-0.264947,0.577431;0.302418,0.929929,0.0680604,-0.197844
0.970974,-0.273972,0.572804;0.281803,0.935829,0.0730428,-0.198686
0.970061,-0.283113,0.567553;0.255843,0.942564,0.0792207,-0.199602
0.968412,-0.291341,0.561605;0.233931,0.946383,0.10003,-0.199072
0.964698,-0.295108,0.553623;0.211475,0.945893,0.14884,-0.195991
0.960654,-0.289317,0.5466;0.190905,0.94314,0.192059,-0.19276
0.95766,-0.281263,0.540777;0.176662,0.940023,0.221201,-0.190308
0.955302,-0.273205,0.535279;0.165643,0.936962,0.243329,-0.188296
0.95311,-0.264511,0.529123;0.155379,0.933618,0.263619,-0.186334
0.951294,-0.256471,0.52303;0.146763,0.930451,0.280422,-0.184623
0.949685,-0.248704,0.516681;0.138961,0.927307,0.295455,-0.183026
0.948114,-0.240507,0.509412;0.131118,0.923885,0.3104,-0.181373
0.946758,-0.232918,0.5021;0.124114,0.920611,0.323607,-0.179858
0.945452,-0.225096,0.493918;0.11708,0.91712,0.336737,-0.178301
0.944355,-0.2181,0.485991;0.110903,0.913887,0.348161,-0.176904
0.94331,-0.210998,0.477301;0.104705,0.910489,0.359522,-0.175475
0.942458,-0.204851,0.469209;0.0993782,0.907444,0.369208,-0.174225
0.941652,-0.198672,0.460494;0.0940377,0.90428,0.378845,-0.172951
0.940896,-0.192481,0.451127;0.0886848,0.900994,0.388431,-0.171655
0.940192,-0.1863,0.44108;0.08332,0.897589,0.397966,-0.170336
0.939649,-0.181172,0.432168;0.0788409,0.894661,0.405871,-0.169219
0.939149,-0.176078,0.422746;0.0743545,0.891649,0.413739,-0.168086
0.938692,-0.17103,0.412799;0.0698612,0.888556,0.421569,-0.166939
0.938281,-0.16604,0.40231;0.0653615,0.88538,0.429359,-0.165775
0.937919,-0.161121,0.391263;0.0608557,0.882122,0.43711,-0.164597
0.937666,-0.157244,0.382012;0.0572471,0.879457,0.443282,-0.163643
0.937447,-0.153427,0.372385;0.053635,0.87674,0.449427,-0.162679
0.937262,-0.149675,0.362372;0.0500198,0.873972,0.455546,-0.161706
0.937114,-0.145995,0.351966;0.0464016,0.871152,0.461638,-0.160723
0.937008,-0.142617,0.34185;0.0430084,0.868462,0.467323,-0.159794
