1.01164,0.139154,0.681406;-0.487726,0.844624,0.189831,-0.112683
1.01107,0.139417,0.691807;-0.498579,0.836839,0.193897,-0.116291
1.01048,0.13967,0.701908;-0.509328,0.82888,0.197922,-0.119875
1.00978,0.139952,0.713317;-0.521735,0.819376,0.202567,-0.124025
1.00905,0.140221,0.724326;-0.533994,0.80964,0.207154,-0.12814
1.00831,0.140476,0.73494;-0.546102,0.799676,0.211682,-0.132218
1.00754,0.140717,0.745163;-0.558056,0.789485,0.216151,-0.136259
1.00664,0.140975,0.756374;-0.571524,0.777564,0.221183,-0.14083
1.00571,0.141215,0.767087;-0.58478,0.765356,0.226133,-0.145349
1.00476,0.141434,0.77731;-0.59782,0.752866,0.230999,-0.149814
1.00366,0.141658,0.788233;-0.612226,0.738481,0.236372,-0.154772
1.00253,0.141857,0.798553;-0.626345,0.723751,0.241634,-0.159656
1.00124,0.142048,0.809325;-0.641689,0.706987,0.247348,-0.164996
0.999908,0.142206,0.819378;-0.656662,0.689815,0.252919,-0.170241
0.998406,0.142342,0.829623;-0.672695,0.670466,0.258878,-0.175896
0.996721,0.142445,0.839847;-0.689648,0.648824,0.265173,-0.181925
0.994841,0.142499,0.849829;-0.707366,0.62477,0.271743,-0.188285
0.992606,0.142489,0.859968;-0.726951,0.596259,0.278994,-0.195395
0.989989,0.142378,0.86973;-0.748004,0.563012,0.286773,-0.203146
0.986641,0.142094,0.879346;-0.772283,0.520651,0.29572,-0.212251
0.981992,0.141449,0.88817;-0.801586,0.462126,0.306474,-0.223547
0.973946,0.1397,0.893472;-0.841793,0.361564,0.321109,-0.239885
0.965656,0.137109,0.888683;-0.871183,0.258906,0.331634,-0.253034
0.959942,0.13487,0.880618;-0.885137,0.188711,0.336502,-0.260166
0.955281,0.132771,0.871645;-0.892991,0.131832,0.339139,-0.264899
0.951347,0.130805,0.862602;-0.897268,0.0840887,0.340475,-0.268171
0.947773,0.128864,0.853341;-0.899345,0.040951,0.341005,-0.270587
0.944374,0.126878,0.843691;-0.899761,0.000138025,0.34092,-0.272403
0.941158,0.12487,0.833867;-0.898781,-0.0382756,0.34032,-0.273697
0.938132,0.122863,0.824054;-0.896655,-0.074238,0.3393,-0.274543
0.9353,0.120879,0.814409;-0.89362,-0.107717,0.33795,-0.27501
0.932464,0.118787,0.804333;-0.889572,-0.141074,0.336218,-0.275166
0.929829,0.116745,0.794622;-0.884912,-0.171906,0.334269,-0.275033
0.927194,0.114607,0.7846;-0.879389,-0.20257,0.331993,-0.27463
0.924764,0.112547,0.775099;-0.873528,-0.230701,0.329605,-0.274021
0.922338,0.110403,0.765381;-0.86694,-0.258639,0.326942,-0.273183
0.919916,0.108173,0.755469;-0.859632,-0.286363,0.324008,-0.272119
0.917502,0.105857,0.745387;-0.851608,-0.313848,0.320804,-0.270828
0.915095,0.103453,0.735158;-0.842876,-0.341073,0.317333,-0.269312
0.912898,0.101172,0.725671;-0.834256,-0.36578,0.31392,-0.267725
0.91071,0.098815,0.716098;-0.825052,-0.390231,0.310287,-0.265951
0.908437,0.0962727,0.706027;-0.817444,-0.407471,0.315337,-0.257519
0.906276,0.0937649,0.696346;-0.811624,-0.418052,0.326458,-0.244793
0.904126,0.0911807,0.686618;-0.805455,-0.428453,0.337438,-0.231962
0.901986,0.0885201,0.676853;-0.798937,-0.43867,0.348272,-0.219031
0.899857,0.085783,0.667061;-0.792076,-0.448696,0.358956,-0.206005
0.897739,0.0829691,0.65725;-0.784872,-0.45853,0.369485,-0.192891
0.895631,0.0800784,0.647429;-0.77733,-0.468165,0.379855,-0.179693
0.893533,0.0771109,0.637608;-0.769452,-0.477599,0.390061,-0.166418
0.891445,0.0740663,0.627795;-0.761243,-0.486826,0.400099,-0.153071
0.889366,0.0709446,0.617999;-0.752705,-0.495843,0.409964,-0.139658
0.887297,0.0677457,0.60823;-0.743842,-0.504647,0.419652,-0.126184
0.885238,0.0644695,0.598497;-0.734659,-0.513233,0.429159,-0.112656
0.883188,0.0611157,0.588809;-0.725158,-0.521597,0.438481,-0.0990799
0.881146,0.0576845,0.579174;-0.715345,-0.529736,0.447614,-0.0854607
0.879114,0.0541756,0.569602;-0.705222,-0.537647,0.456554,-0.0718046
0.87709,0.0505889,0.560102;-0.694796,-0.545325,0.465297,-0.0581175
0.875075,0.0469243,0.550683;-0.68407,-0.552769,0.473838,-0.0444054
0.873068,0.0431817,0.541354;-0.673049,-0.559974,0.482176,-0.0306742
0.87107,0.039361,0.532124;-0.661737,-0.566937,0.490305,-0.0169296
0.869079,0.0354621,0.523003;-0.65014,-0.573656,0.498223,-0.00317783
0.867096,0.0314849,0.513998;-0.638262,-0.580127,0.505926,0.0105754
0.864924,0.0270194,0.50424;-0.624879,-0.586957,0.514147,0.0256984
0.862761,0.0224589,0.494646;-0.61117,-0.593479,0.5221,0.040808
0.860607,0.0178031,0.485229;-0.597141,-0.599692,0.52978,0.0558962
0.858461,0.013052,0.476002;-0.582801,-0.605592,0.537184,0.0709554
0.856323,0.00820546,0.466975;-0.568156,-0.611176,0.544307,0.0859774
0.854194,0.00326327,0.458162;-0.553215,-0.616441,0.551146,0.100955
0.852072,-0.00177469,0.449574;-0.537985,-0.621384,0.557697,0.115879
0.849958,-0.00690857,0.441224;-0.522475,-0.626002,0.563957,0.130743
0.84766,-0.0126187,0.432399;-0.505243,-0.630668,0.57045,0.14688
0.845371,-0.0184434,0.423887;-0.487698,-0.634942,0.576589,0.162926
0.84309,-0.0243827,0.415702;-0.469849,-0.638821,0.58237,0.178871
0.840817,-0.030437,0.407862;-0.451709,-0.642303,0.587789,0.194704
0.838363,-0.0371256,0.399774;-0.43174,-0.645626,0.593247,0.211721
0.835918,-0.0439495,0.392129;-0.411457,-0.648477,0.598273,0.228582
0.83348,-0.050909,0.384945;-0.390874,-0.650856,0.602862,0.245278
0.831051,-0.0580042,0.378243;-0.370006,-0.65276,0.607012,0.261794
0.828443,-0.0657973,0.371586;-0.347231,-0.654278,0.610987,0.279367
0.825843,-0.0737485,0.365537;-0.324163,-0.655243,0.614444,0.296704
0.82325,-0.081858,0.360119;-0.30082,-0.655654,0.617382,0.31379
0.82048,-0.0907227,0.355043;-0.275529,-0.65548,0.61995,0.331801
0.817718,-0.09977,0.350751;-0.24997,-0.654668,0.621917,0.34949
0.814963,-0.109,0.347274;-0.224168,-0.653222,0.62328,0.366841
0.812214,-0.118413,0.344642;-0.198149,-0.651141,0.624038,0.383835
0.809472,-0.12801,0.342886;-0.171938,-0.648428,0.62419,0.400456
0.806734,-0.137791,0.342036;-0.145559,-0.645086,0.623736,0.416689
0.803895,-0.148146,0.342147;-0.127218,-0.645526,0.618759,0.429243
0.801228,-0.158082,0.343182;-0.141046,-0.660896,0.600434,0.427553
0.79858,-0.168167,0.345075;-0.154765,-0.67576,0.581649,0.425536
0.796166,-0.177589,0.347538;-0.167324,-0.689021,0.563913,0.423385
0.793792,-0.1871,0.350645;-0.179774,-0.701832,0.545809,0.420958
0.791466,-0.196682,0.354354;-0.192107,-0.714186,0.527348,0.418255
0.789201,-0.206317,0.358624;-0.204314,-0.726073,0.508544,0.41528
0.787186,-0.215181,0.362996;-0.215387,-0.736553,0.491014,0.412314
0.785238,-0.22406,0.367773;-0.226341,-0.746629,0.473215,0.409123
0.783366,-0.232942,0.372922;-0.237172,-0.756296,0.455157,0.405707
0.781577,-0.241811,0.378411;-0.247872,-0.765548,0.436849,0.402068
0.779879,-0.250655,0.38421;-0.258437,-0.77438,0.418301,0.398209
0.778281,-0.259459,0.390285;-0.26886,-0.782787,0.399524,0.394131
0.77679,-0.268209,0.396604;-0.279135,-0.790765,0.380528,0.389837
0.775415,-0.276892,0.403137;-0.289257,-0.798309,0.361323,0.385329
0.774163,-0.285493,0.40985;-0.299221,-0.805415,0.34192,0.38061
0.773043,-0.294,0.416712;-0.30902,-0.81208,0.322329,0.375682
0.772063,-0.302397,0.423691;-0.31865,-0.818299,0.302561,0.370548
0.77123,-0.310672,0.430755;-0.328105,-0.824069,0.282628,0.365211
0.770553,-0.318809,0.437871;-0.33738,-0.829387,0.262539,0.359674
0.77004,-0.326796,0.445009;-0.34647,-0.83425,0.242307,0.353939
0.769699,-0.334619,0.452135;-0.35537,-0.838656,0.221941,0.34801
0.769538,-0.342263,0.459218;-0.364075,-0.842601,0.201454,0.34189
0.769564,-0.349715,0.466227;-0.37258,-0.846084,0.180856,0.335583
0.769787,-0.35696,0.473128;-0.380881,-0.849104,0.160159,0.329091
0.770263,-0.364613,0.480497;-0.389699,-0.851866,0.137481,0.321804
0.770992,-0.371987,0.487659;-0.398261,-0.854073,0.114713,0.314307
0.77208,-0.379638,0.495137;-0.407244,-0.855834,0.0899638,0.305953
0.77349,-0.386916,0.50227;-0.415915,-0.856939,0.0651455,0.297365
0.775386,-0.394312,0.509507;-0.424896,-0.857395,0.0383628,0.287862
0.777868,-0.401694,0.516674;-0.4341,-0.857039,0.00962994,0.277397
0.781052,-0.408913,0.523562;-0.443429,-0.855695,-0.0210286,0.265922
0.785071,-0.415794,0.529916;-0.452777,-0.853179,-0.0535757,0.253392
0.790372,-0.422462,0.535699;-0.462522,-0.849045,-0.0898669,0.238996
0.797273,-0.428492,0.54028;-0.472412,-0.84286,-0.129805,0.222631
0.805736,-0.433198,0.542805;-0.48176,-0.834573,-0.171365,0.20501
0.815525,-0.436146,0.542751;-0.490051,-0.824455,-0.212549,0.186939
0.825411,-0.437214,0.540346;-0.527956,-0.79634,-0.23002,0.184922
0.83486,-0.436976,0.536497;-0.569805,-0.763793,-0.23839,0.187383
0.843691,-0.435932,0.531907;-0.605078,-0.733503,-0.24515,0.189093
0.852533,-0.434257,0.526571;-0.637428,-0.703147,-0.251085,0.190332
0.860806,-0.432217,0.521033;-0.665453,-0.674619,-0.255996,0.191122
0.868859,-0.429854,0.515221;-0.690929,-0.646669,-0.260253,0.191583
0.87662,-0.427266,0.509281;-0.713993,-0.619507,-0.263915,0.191763
0.884532,-0.424345,0.50293;-0.736141,-0.59155,-0.267238,0.191698
0.892062,-0.421324,0.496642;-0.756047,-0.564651,-0.270043,0.191412
0.899679,-0.418046,0.490065;-0.775101,-0.537114,-0.272542,0.190911
0.906846,-0.414771,0.483698;-0.792096,-0.510866,-0.274598,0.19025
0.914051,-0.411301,0.477141;-0.808313,-0.484117,-0.276384,0.189401
0.921277,-0.40765,0.470421;-0.823736,-0.456891,-0.277899,0.188366
0.928505,-0.403832,0.463568;-0.838349,-0.429217,-0.279141,0.187146
0.935204,-0.40015,0.45711;-0.851182,-0.403141,-0.280048,0.185849
0.941875,-0.396347,0.450585;-0.863293,-0.376724,-0.280718,0.184394
0.948504,-0.392434,0.444017;-0.874673,-0.349988,-0.28115,0.182783
0.955076,-0.388423,0.437428;-0.885312,-0.322955,-0.281344,0.181017
0.961579,-0.384324,0.430841;-0.895202,-0.295649,-0.2813,0.179098
0.967996,-0.38015,0.424279;-0.904332,-0.268092,-0.281018,0.177027
0.974314,-0.37591,0.417766;-0.912697,-0.240308,-0.280497,0.174806
0.98099,-0.371284,0.410833;-0.920841,-0.21016,-0.279671,0.172249
0.987517,-0.36661,0.404012;-0.928079,-0.179805,-0.27857,0.169522
0.993876,-0.3619,0.397332;-0.934406,-0.149274,-0.277195,0.166629
1.00005,-0.35717,0.390822;-0.939815,-0.118596,-0.275548,0.163572
1.00644,-0.352095,0.384067;-0.944586,-0.0855984,-0.273483,0.160119
1.01257,-0.347029,0.377577;-0.948291,-0.0525042,-0.271109,0.156485
1.01881,-0.341655,0.370983;-0.951064,-0.0171393,-0.268241,0.152414
1.0247,-0.336331,0.364773;-0.952617,0.0182476,-0.265028,0.148148
1.03056,-0.330753,0.358643;-0.952928,0.0558194,-0.261242,0.143407
1.03627,-0.324962,0.352734;-0.951752,0.095512,-0.25682,0.138161
1.04198,-0.318703,0.346944;-0.948633,0.13943,-0.251419,0.132069
1.04743,-0.312077,0.341615;-0.943007,0.187414,-0.244896,0.125063
1.05265,-0.304669,0.33687;-0.933409,0.243527,-0.236422,0.116393
1.05711,-0.296303,0.333601;-0.917259,0.311437,-0.224897,0.105184
1.05931,-0.286644,0.334244;-0.888166,0.400113,-0.207603,0.0892829
1.05705,-0.279611,0.340696;-0.853711,0.479291,-0.189787,0.0737458
1.05255,-0.275812,0.349335;-0.858071,0.471733,-0.194285,0.0586163
1.04738,-0.273598,0.358265;-0.865027,0.457839,-0.199936,0.0462376
1.04161,-0.272139,0.36765;-0.870972,0.445167,-0.204949,0.0350797
1.03567,-0.27123,0.376895;-0.876004,0.433773,-0.209345,0.0251513
1.0299,-0.270708,0.385565;-0.88021,0.423707,-0.213145,0.0164582
1.02364,-0.270418,0.394679;-0.884233,0.413552,-0.216901,0.00776165
1.01692,-0.27034,0.404141;-0.888071,0.403311,-0.220611,-0.000936504
1.01084,-0.270425,0.412458;-0.891213,0.394465,-0.223754,-0.00839197
1.00448,-0.270636,0.420902;-0.894218,0.385559,-0.226863,-0.0158462
0.997864,-0.270961,0.429413;-0.897086,0.376594,-0.229938,-0.0232979
0.991027,-0.271385,0.437933;-0.899816,0.367571,-0.232977,-0.0307461
0.983993,-0.271896,0.446402;-0.902407,0.358491,-0.23598,-0.0381895
0.976786,-0.27248,0.454759;-0.904861,0.349357,-0.238947,-0.0456271
0.969433,-0.273123,0.462946;-0.907175,0.340168,-0.241877,-0.0530577
0.961959,-0.273813,0.470903;-0.90935,0.330928,-0.24477,-0.0604801
0.954392,-0.274536,0.478571;-0.911385,0.321636,-0.247625,-0.0678932
0.946756,-0.275278,0.48589;-0.91328,0.312296,-0.250443,-0.075296
0.939077,-0.276027,0.4928;-0.915035,0.302907,-0.253222,-0.0826871
0.931383,-0.276768,0.499242;-0.916649,0.293472,-0.255962,-0.0900655
0.92242,-0.277607,0.506086;-0.918355,0.282407,-0.259109,-0.0986562
0.913511,-0.278396,0.512118;-0.919869,0.271283,-0.262202,-0.107226
0.904698,-0.279116,0.517243;-0.92119,0.260103,-0.26524,-0.115774
0.894797,-0.279825,0.521867;-0.922464,0.247259,-0.268644,-0.125513
0.885135,-0.280382,0.525041;-0.923487,0.234347,-0.271975,-0.135217
0.87463,-0.28079,0.526704;-0.924335,0.219746,-0.275633,-0.146091
0.864595,-0.280922,0.526153;-0.924865,0.205068,-0.279196,-0.156914
0.854103,-0.280689,0.522699;-0.925078,0.188676,-0.283042,-0.168876
0.845349,-0.28009,0.516813;-0.924933,0.173855,-0.2864,-0.17958
0.838188,-0.279209,0.509204;-0.924535,0.16063,-0.289302,-0.189043
0.832452,-0.278143,0.500594;-0.92398,0.149022,-0.291776,-0.19728
0.827962,-0.276994,0.49169;-0.923351,0.139047,-0.293848,-0.204309
0.823893,-0.275613,0.481315;-0.92258,0.129051,-0.295876,-0.211305
0.820842,-0.274275,0.471503;-0.921829,0.120706,-0.29753,-0.217111
0.818117,-0.27276,0.460594;-0.92098,0.112348,-0.299153,-0.222894
0.815733,-0.271058,0.448554;-0.920032,0.103978,-0.300744,-0.228653
0.814081,-0.269559,0.438085;-0.919204,0.0972737,-0.301994,-0.233243
0.812664,-0.267931,0.426851;-0.918312,0.0905629,-0.303223,-0.237816
0.81149,-0.266172,0.414836;-0.917358,0.083846,-0.304431,-0.242374
0.810567,-0.264277,0.402022;-0.916342,0.0771234,-0.305619,-0.246915
0.810044,-0.262764,0.391877;-0.915538,0.0720779,-0.306496,-0.25031
0.809669,-0.261172,0.381265;-0.914699,0.0670297,-0.307361,-0.253695
0.809446,-0.259497,0.370178;-0.913826,0.0619789,-0.308215,-0.25707
0.809379,-0.257739,0.35861;-0.912917,0.0569257,-0.309056,-0.260435
0.809469,-0.255896,0.346552;-0.911973,0.0518704,-0.309886,-0.263791
0.809721,-0.253966,0.333998;-0.910994,0.046813,-0.310704,-0.267136
0.810138,-0.251947,0.32094;-0.90998,0.0417539,-0.31151,-0.270471
0.810723,-0.249838,0.307371;-0.908931,0.0366931,-0.312304,-0.273796
