1.00896,0.436275,0.19821;-0.435486,0.871141,0.223588,0.038395
1.00358,0.425529,0.199837;-0.443057,0.868508,0.218982,0.0379764
0.998267,0.414859,0.20146;-0.45059,0.8658,0.214357,0.0375546
0.993019,0.404264,0.203079;-0.458084,0.863018,0.209713,0.0371296
0.987834,0.393744,0.204695;-0.465539,0.860163,0.205052,0.0367014
0.982712,0.383299,0.206307;-0.472954,0.857234,0.200373,0.03627
0.977654,0.37293,0.207916;-0.480328,0.854231,0.195678,0.0358356
0.972658,0.362635,0.209521;-0.487662,0.851155,0.190965,0.035398
0.967724,0.352415,0.211123;-0.494954,0.848007,0.186236,0.0349575
0.962852,0.342269,0.212721;-0.502203,0.844785,0.181491,0.0345139
0.958041,0.332198,0.214316;-0.509409,0.841492,0.17673,0.0340674
0.953292,0.322202,0.215907;-0.516572,0.838126,0.171955,0.033618
0.948604,0.312279,0.217494;-0.52369,0.834688,0.167164,0.0331657
0.943975,0.302431,0.219078;-0.530764,0.831179,0.162359,0.0327105
0.939407,0.292656,0.220658;-0.537792,0.827599,0.157541,0.0322526
0.934899,0.282956,0.222235;-0.544774,0.823948,0.152709,0.0317919
0.93045,0.273329,0.223809;-0.551709,0.820227,0.147864,0.0313285
0.92606,0.263776,0.225378;-0.558597,0.816435,0.143006,0.0308623
0.921729,0.254296,0.226945;-0.565438,0.812573,0.138136,0.0303936
0.917456,0.244889,0.228507;-0.57223,0.808642,0.133254,0.0299222
0.913242,0.235556,0.230066;-0.578972,0.804641,0.12836,0.0294483
0.909085,0.226296,0.231622;-0.585666,0.800572,0.123456,0.0289718
0.904985,0.217109,0.233174;-0.592309,0.796434,0.118541,0.0284929
0.900942,0.207995,0.234723;-0.598901,0.792227,0.113616,0.0280116
0.896956,0.198954,0.236268;-0.605442,0.787953,0.108681,0.0275278
0.892246,0.1882,0.238118;-0.613223,0.782735,0.102747,0.0269442
0.887617,0.17755,0.239962;-0.620928,0.777421,0.0968005,0.0263572
0.883068,0.167005,0.241802;-0.628557,0.77201,0.0908419,0.025767
0.878598,0.156564,0.243636;-0.636108,0.766505,0.0848721,0.0251736
0.874207,0.146226,0.245466;-0.643581,0.760905,0.0788918,0.0245771
0.869894,0.135992,0.247291;-0.650974,0.755211,0.0729018,0.0239776
0.865658,0.125861,0.24911;-0.658287,0.749423,0.0669028,0.0233752
0.861499,0.115833,0.250925;-0.665519,0.743544,0.0608955,0.0227698
0.857416,0.105909,0.252734;-0.672669,0.737573,0.0548808,0.0221616
0.853409,0.0960863,0.254539;-0.679736,0.731511,0.0488593,0.0215507
0.849476,0.0863666,0.256339;-0.686719,0.725358,0.0428317,0.0209372
0.845619,0.0767492,0.258133;-0.693617,0.719116,0.0367989,0.0203211
0.841834,0.0672337,0.259923;-0.70043,0.712786,0.0307615,0.0197024
0.838123,0.0578201,0.261708;-0.707156,0.706367,0.0247203,0.0190813
0.834485,0.0485081,0.263488;-0.713795,0.699862,0.0186761,0.0184579
0.830919,0.0392975,0.265263;-0.720347,0.69327,0.0126296,0.0178322
0.826848,0.0286797,0.267328;-0.727877,0.685472,0.0055734,0.0170995
0.822873,0.0181992,0.269385;-0.735286,0.677558,-0.00148372,0.0163638
0.818994,0.00785582,0.271437;-0.742571,0.669531,-0.00854059,0.0156255
0.815209,-0.00235086,0.273481;-0.749731,0.661391,-0.015596,0.0148845
0.811517,-0.0124212,0.275519;-0.756766,0.65314,-0.0226489,0.014141
0.807918,-0.0223554,0.277551;-0.763673,0.64478,-0.0296979,0.0133951
0.80441,-0.032154,0.279575;-0.770453,0.636312,-0.0367419,0.012647
0.800993,-0.0418172,0.281594;-0.777103,0.627736,-0.0437798,0.0118967
0.797665,-0.0513454,0.283605;-0.783623,0.619056,-0.0508103,0.0111445
0.794425,-0.0607389,0.28561;-0.790011,0.610271,-0.0578323,0.0103904
0.79083,-0.0713098,0.287893;-0.797149,0.600106,-0.0658455,0.00952644
0.787348,-0.0817057,0.290168;-0.804112,0.58981,-0.0738442,0.00866039
0.783977,-0.0919271,0.292434;-0.8109,0.579384,-0.0818268,0.00779243
0.780716,-0.101975,0.294692;-0.817509,0.568831,-0.0897914,0.00692277
0.777564,-0.111849,0.296941;-0.823939,0.558153,-0.0977363,0.00605159
0.77452,-0.12155,0.299182;-0.830189,0.547354,-0.10566,0.00517909
0.771581,-0.131078,0.301414;-0.836256,0.536434,-0.11356,0.00430545
0.768746,-0.140435,0.303637;-0.84214,0.525396,-0.121436,0.00343086
0.76568,-0.150756,0.306129;-0.848539,0.512841,-0.130264,0.00244606
0.762743,-0.160861,0.30861;-0.854703,0.500144,-0.139055,0.00146059
0.759931,-0.17075,0.31108;-0.860629,0.487309,-0.147809,0.000474705
0.757244,-0.180425,0.31354;-0.866317,0.474338,-0.156521,-0.000511308
0.754679,-0.189885,0.315989;-0.871764,0.461235,-0.16519,-0.00149718
0.75197,-0.200147,0.318697;-0.877533,0.446527,-0.174768,-0.00259209
0.749406,-0.210145,0.321393;-0.883001,0.431665,-0.184286,-0.00368612
0.746985,-0.219883,0.324076;-0.888166,0.416656,-0.193741,-0.00477888
0.744703,-0.229359,0.326746;-0.893028,0.401504,-0.20313,-0.00587001
0.742352,-0.239484,0.329667;-0.898022,0.384678,-0.213377,-0.00706791
0.740163,-0.249296,0.332574;-0.902644,0.367693,-0.223536,-0.00826288
0.738133,-0.258796,0.335464;-0.906891,0.350555,-0.233602,-0.00945443
0.736094,-0.268807,0.3386;-0.911096,0.331694,-0.244472,-0.0107498
0.734235,-0.27845,0.341718;-0.914852,0.312669,-0.255222,-0.0120399
0.732418,-0.288484,0.345074;-0.918412,0.291885,-0.266726,-0.0134308
0.730799,-0.298091,0.34841;-0.921439,0.270932,-0.278075,-0.0148138
0.729271,-0.307962,0.351977;-0.924103,0.248193,-0.290117,-0.0162937
0.727959,-0.317343,0.355521;-0.926147,0.225286,-0.301964,-0.0177626
0.726784,-0.326853,0.35929;-0.927646,0.200577,-0.314433,-0.0193232
0.725782,-0.336384,0.363279;-0.928458,0.174049,-0.327465,-0.0209714
0.724992,-0.345822,0.367483;-0.928428,0.145698,-0.340996,-0.0227024
0.724447,-0.355047,0.371895;-0.927394,0.115521,-0.354956,-0.0245108
0.72418,-0.363934,0.376508;-0.925187,0.0835304,-0.369263,-0.02639
0.724229,-0.372747,0.381556;-0.921416,0.0480533,-0.384545,-0.028429
0.724671,-0.381194,0.387024;-0.91569,0.00911617,-0.400614,-0.0306127
0.725659,-0.38951,0.393354;-0.916716,0.00655203,-0.398619,-0.0263067
0.727333,-0.39681,0.400349;-0.923123,0.0319273,-0.3828,-0.0169835
0.730047,-0.402691,0.408496;-0.929505,0.062016,-0.36351,-0.00589032
0.733895,-0.405679,0.41728;-0.935,0.0951662,-0.34158,0.00637976
0.738797,-0.404866,0.426216;-0.938992,0.129714,-0.317961,0.0192217
0.743949,-0.400634,0.434084;-0.941046,0.160906,-0.295956,0.0308646
0.748795,-0.394429,0.440569;-0.94161,0.187219,-0.276878,0.0407231
0.75339,-0.386969,0.446128;-0.941206,0.210257,-0.259779,0.0493831
0.757592,-0.379002,0.450815;-0.940171,0.230072,-0.24477,0.0568528
0.761632,-0.370413,0.455032;-0.938654,0.248225,-0.230769,0.063714
0.76546,-0.361498,0.4588;-0.936788,0.264741,-0.217818,0.0699713
0.769033,-0.352532,0.462144;-0.934699,0.279644,-0.205952,0.0756306
0.772685,-0.342747,0.465406;-0.932238,0.294435,-0.194005,0.0812596
0.776032,-0.333239,0.468272;-0.929704,0.307647,-0.183186,0.0862981
0.77943,-0.32307,0.47107;-0.926869,0.320759,-0.172308,0.0913086
0.782487,-0.313475,0.473498;-0.924098,0.332328,-0.162591,0.0957377
0.785576,-0.303358,0.47587;-0.92109,0.343812,-0.152833,0.100142
0.78869,-0.29272,0.478184;-0.917847,0.355207,-0.143036,0.104521
0.791433,-0.282985,0.480162;-0.914817,0.365104,-0.134433,0.108331
0.794189,-0.272851,0.482094;-0.911608,0.37493,-0.125805,0.11212
0.796956,-0.262319,0.48398;-0.908221,0.384682,-0.117151,0.115886
0.799731,-0.251389,0.485819;-0.904656,0.394359,-0.108475,0.11963
0.802112,-0.241705,0.487358;-0.90146,0.402592,-0.101021,0.122821
0.804496,-0.231729,0.488861;-0.898133,0.410767,-0.0935525,0.125994
0.806878,-0.221462,0.490329;-0.894678,0.418884,-0.0860707,0.129148
0.809259,-0.210904,0.491761;-0.891094,0.42694,-0.0785765,0.132285
0.811635,-0.200056,0.493156;-0.887382,0.434934,-0.0710711,0.135402
0.814004,-0.188917,0.494514;-0.883543,0.442866,-0.0635554,0.138499
0.816366,-0.177487,0.495835;-0.879576,0.450735,-0.0560305,0.141577
0.818718,-0.165768,0.497117;-0.875483,0.458538,-0.0484977,0.144635
0.820669,-0.15578,0.498157;-0.871976,0.464991,-0.0422149,0.147167
0.822611,-0.145592,0.49917;-0.868382,0.471398,-0.0359279,0.149684
0.824542,-0.135202,0.500155;-0.864702,0.477757,-0.0296373,0.152186
0.826462,-0.124612,0.501114;-0.860935,0.484069,-0.0233438,0.154674
0.828369,-0.113821,0.502044;-0.857082,0.490332,-0.0170479,0.157145
0.830263,-0.102829,0.502947;-0.853143,0.496546,-0.0107504,0.159601
0.832141,-0.0916377,0.503822;-0.84912,0.502711,-0.00445172,0.162042
0.834004,-0.0802459,0.504668;-0.845011,0.508825,0.00184736,0.164466
0.83585,-0.0686539,0.505485;-0.840819,0.514889,0.00814626,0.166873
0.837531,-0.0578215,0.506212;-0.83655,0.521167,0.0139486,0.168446
0.839153,-0.0471105,0.506895;-0.830221,0.531722,0.0196743,0.166188
0.840759,-0.0362494,0.507557;-0.823734,0.542176,0.0253963,0.163898
0.842348,-0.0252472,0.508198;-0.817092,0.552527,0.0311135,0.161577
0.84392,-0.0141127,0.508818;-0.810294,0.562774,0.0368248,0.159225
0.845474,-0.00285473,0.509419;-0.803344,0.572914,0.0425291,0.156844
0.847009,0.00851776,0.510002;-0.796241,0.582945,0.0482254,0.154432
0.848525,0.0199959,0.510568;-0.788987,0.592867,0.0539125,0.151992
0.849808,0.0299118,0.511041;-0.782651,0.601281,0.0587791,0.149877
0.851077,0.0398932,0.511502;-0.776206,0.609612,0.0636376,0.147741
0.852329,0.0499346,0.511952;-0.769653,0.617858,0.0684872,0.145585
0.853566,0.0600303,0.512393;-0.762993,0.626019,0.0733272,0.143408
0.854786,0.0701749,0.512824;-0.756226,0.634092,0.0781571,0.141211
0.85599,0.0803626,0.513247;-0.749355,0.642077,0.082976,0.138995
0.857176,0.090588,0.513661;-0.742379,0.649972,0.0877835,0.13676
0.858344,0.100846,0.514069;-0.7353,0.657777,0.0925787,0.134505
0.859495,0.111129,0.514469;-0.728119,0.665491,0.097361,0.132232
0.860626,0.121434,0.514864;-0.720836,0.673112,0.10213,0.12994
0.861739,0.131754,0.515253;-0.713453,0.68064,0.106884,0.127631
0.862832,0.142084,0.515637;-0.705971,0.688072,0.111624,0.125303
0.863906,0.152418,0.516017;-0.698391,0.69541,0.116348,0.122958
0.864959,0.162751,0.516393;-0.690713,0.70265,0.121056,0.120596
0.865991,0.173076,0.516766;-0.68294,0.709792,0.125748,0.118218
0.867002,0.183389,0.517137;-0.675071,0.716836,0.130421,0.115822
0.867992,0.193684,0.517507;-0.667109,0.72378,0.135077,0.113411
0.86896,0.203955,0.517875;-0.659054,0.730624,0.139713,0.110984
0.869905,0.214196,0.518243;-0.650907,0.737366,0.144331,0.108541
0.870827,0.224403,0.518612;-0.642669,0.744005,0.148928,0.106084
0.871726,0.234569,0.518981;-0.634342,0.750541,0.153505,0.103611
0.872602,0.244689,0.519352;-0.625927,0.756972,0.15806,0.101124
0.873453,0.254757,0.519725;-0.617425,0.763298,0.162593,0.0986235
0.87428,0.264768,0.5201;-0.608837,0.769518,0.167103,0.0961089
0.875213,0.276367,0.520543;-0.59871,0.776639,0.172336,0.0931583
0.876111,0.287872,0.520991;-0.58847,0.783613,0.177537,0.0901901
0.876973,0.299274,0.521446;-0.578119,0.790439,0.182703,0.0872048
0.8778,0.310564,0.521909;-0.567658,0.797115,0.187835,0.084203
0.87859,0.321732,0.522381;-0.55709,0.80364,0.192932,0.0811852
0.879343,0.332771,0.522862;-0.546417,0.810013,0.197992,0.0781521
0.880057,0.343671,0.523354;-0.535639,0.816232,0.203014,0.0751041
0.880733,0.354423,0.523858;-0.524761,0.822297,0.207998,0.072042
0.881369,0.365019,0.524374;-0.513783,0.828207,0.212943,0.0689662
0.881965,0.375449,0.524904;-0.502708,0.833959,0.217847,0.0658774
0.88252,0.385705,0.525449;-0.491537,0.839554,0.22271,0.062776
0.883034,0.395778,0.52601;-0.480274,0.844989,0.227531,0.0596628
0.883569,0.407055,0.526672;-0.46729,0.851005,0.232988,0.0560911
0.884048,0.418067,0.527357;-0.454191,0.856811,0.238387,0.0525055
0.88447,0.428803,0.528067;-0.440979,0.862405,0.243727,0.0489069
0.884834,0.439248,0.528803;-0.427659,0.867785,0.249007,0.0452962
0.885139,0.449389,0.529568;-0.414232,0.872951,0.254226,0.0416743
0.88541,0.460418,0.530463;-0.399005,0.878505,0.260021,0.0375873
0.885603,0.471027,0.531398;-0.383653,0.883784,0.265735,0.0334887
0.885717,0.481198,0.532374;-0.368181,0.888786,0.271366,0.0293795
0.88575,0.491961,0.533511;-0.350855,0.894017,0.277523,0.024803
0.885681,0.502133,0.534704;-0.333394,0.898903,0.283572,0.020217
0.885486,0.51261,0.536086;-0.314037,0.903876,0.2901,0.0151634
0.885127,0.523147,0.537681;-0.292754,0.90882,0.297067,0.00964235
0.884563,0.533462,0.539517;-0.269514,0.913604,0.304427,0.00365527
0.883746,0.543228,0.541628;-0.24429,0.91809,0.312132,-0.0027949
0.882456,0.553113,0.544389;-0.213414,0.922601,0.321168,-0.0106239
0.880395,0.56216,0.548118;-0.174947,0.926751,0.331835,-0.0202778
0.876375,0.568641,0.554324;-0.117637,0.92999,0.346543,-0.0344608
0.870753,0.565762,0.561935;-0.0561553,0.929644,0.360785,-0.049417
0.866423,0.558264,0.567365;-0.0168911,0.927387,0.369062,-0.0588303
0.862718,0.549414,0.571829;0.0130474,0.924607,0.374946,-0.0659359
0.859482,0.540267,0.575627;0.0368851,0.921897,0.379243,-0.0701426
0.856591,0.531175,0.578958;0.0547065,0.92122,0.380871,-0.0574321
0.853803,0.52174,0.582123;0.0710199,0.920209,0.382202,-0.0457563
0.85116,0.512288,0.585086;0.0858254,0.918966,0.383278,-0.0351258
0.848418,0.502037,0.588123;0.100602,0.917415,0.384226,-0.0244835
0.845871,0.492159,0.590916;0.113873,0.915757,0.384968,-0.0148983
0.843252,0.481686,0.593761;0.127112,0.91385,0.385607,-0.0053091
0.840867,0.4719,0.596329;0.138852,0.911947,0.386086,0.00321595
0.83843,0.461682,0.59893;0.150562,0.909849,0.386483,0.0117403
0.835945,0.45105,0.601563;0.162239,0.907555,0.386797,0.0202621
0.833732,0.441421,0.603889;0.172429,0.905389,0.387004,0.0277153
0.831486,0.431501,0.606235;0.18259,0.903074,0.387147,0.0351638
0.829208,0.421301,0.608597;0.192721,0.90061,0.387226,0.0426066
0.826899,0.410832,0.610975;0.202821,0.897999,0.387242,0.0500424
0.824562,0.400108,0.613365;0.212887,0.895241,0.387195,0.05747
0.822199,0.389138,0.615765;0.222918,0.892336,0.387084,0.0648881
0.820153,0.37955,0.61783;0.231488,0.889729,0.386938,0.0712381
0.818089,0.369799,0.6199;0.240029,0.887015,0.386746,0.0775795
0.81601,0.359891,0.621973;0.248541,0.884194,0.386507,0.0839116
0.813915,0.349834,0.624049;0.257024,0.881266,0.386221,0.0902335
0.811806,0.339636,0.626125;0.265475,0.878232,0.385889,0.0965445
0.809684,0.329304,0.628202;0.273895,0.875092,0.38551,0.102844
0.80755,0.318845,0.630277;0.282281,0.871847,0.385085,0.109131
0.805406,0.308267,0.632348;0.290633,0.868497,0.384614,0.115405
0.803252,0.297577,0.634416;0.298951,0.865041,0.384096,0.121665
0.801089,0.286783,0.636478;0.307232,0.861482,0.383531,0.12791
0.798918,0.275893,0.638533;0.315476,0.857819,0.382921,0.13414
0.796741,0.264912,0.64058;0.323682,0.854052,0.382264,0.140354
0.794558,0.25385,0.642617;0.33185,0.850182,0.381561,0.14655
0.792372,0.242712,0.644643;0.339977,0.84621,0.380813,0.152729
0.790182,0.231508,0.646658;0.348063,0.842136,0.380018,0.15889
0.787989,0.220243,0.648658;0.356107,0.83796,0.379177,0.165032
0.785796,0.208926,0.650644;0.364108,0.833683,0.378291,0.171153
0.783603,0.197564,0.652614;0.372066,0.829306,0.377359,0.177254
0.78141,0.186165,0.654566;0.379978,0.824828,0.376382,0.183334
0.77922,0.174735,0.656499;0.387845,0.820252,0.375359,0.189391
0.777033,0.163283,0.658412;0.395665,0.815576,0.374291,0.195426
0.774851,0.151814,0.660304;0.403437,0.810802,0.373178,0.201437
0.772674,0.140338,0.662173;0.411161,0.80593,0.37202,0.207424
0.770503,0.128862,0.664018;0.418835,0.800961,0.370817,0.213386
0.76834,0.117392,0.665837;0.426458,0.795896,0.369569,0.219322
0.766185,0.105937,0.66763;0.43403,0.790734,0.368277,0.225231
0.764041,0.0945028,0.669395;0.44155,0.785477,0.36694,0.231114
0.761907,0.083098,0.67113;0.449017,0.780126,0.36556,0.236968
0.759785,0.0717297,0.672835;0.456429,0.77468,0.364135,0.242794
0.757676,0.0604053,0.674507;0.463786,0.769141,0.362666,0.248591
0.755581,0.0491322,0.676146;0.471088,0.763509,0.361153,0.254358
0.753501,0.0379179,0.677751;0.478333,0.757786,0.359597,0.260094
0.751437,0.0267696,0.679319;0.48552,0.75197,0.357997,0.265799
0.749391,0.0156949,0.68085;0.492648,0.746065,0.356355,0.271472
0.747363,0.0047012,0.682343;0.499717,0.740069,0.354669,0.277112
0.745354,-0.00620417,0.683795;0.506726,0.733984,0.352941,0.282718
0.743367,-0.0170138,0.685207;0.513673,0.72781,0.35117,0.288291
0.7414,-0.0277202,0.686575;0.520559,0.721549,0.349357,0.293828
0.739457,-0.038316,0.6879;0.527382,0.715201,0.347501,0.299331
0.737537,-0.0487937,0.689179;0.534142,0.708766,0.345604,0.304797
0.735642,-0.0591461,0.690412;0.540836,0.702246,0.343665,0.310226
0.733773,-0.0693656,0.691597;0.547466,0.695642,0.341684,0.315618
0.731931,-0.0794449,0.692733;0.55403,0.688953,0.339663,0.320972
0.730117,-0.0893765,0.693818;0.560527,0.682182,0.3376,0.326288
0.728038,-0.100767,0.695019;0.568021,0.674178,0.335143,0.332439
0.726001,-0.111934,0.696147;0.575422,0.666063,0.33263,0.338536
0.724006,-0.122867,0.6972;0.582729,0.657839,0.330062,0.344577
0.722057,-0.133554,0.698176;0.58994,0.649507,0.327441,0.350562
0.720154,-0.143982,0.699073;0.597054,0.641068,0.324766,0.356489
0.7183,-0.15414,0.699889;0.604071,0.632525,0.322037,0.362358
0.716495,-0.164017,0.700622;0.610988,0.623877,0.319256,0.368167
0.714496,-0.174945,0.701355;0.61877,0.613869,0.316013,0.374732
0.712568,-0.185472,0.701973;0.62642,0.603729,0.312702,0.381217
0.710712,-0.19558,0.702474;0.633935,0.59346,0.309325,0.38762
0.708715,-0.20643,0.702893;0.642228,0.581755,0.305446,0.394724
0.706816,-0.216703,0.703154;0.650346,0.569893,0.301484,0.401721
0.704827,-0.22741,0.703255;0.659159,0.556531,0.296986,0.409368
0.70297,-0.23734,0.703149;0.667752,0.542982,0.292388,0.416877
0.701085,-0.247325,0.702788;0.676945,0.52787,0.287218,0.424976
0.69908,-0.257795,0.70202;0.687456,0.509733,0.280958,0.434325
0.69708,-0.267995,0.700656;0.6991,0.488449,0.273537,0.444807
0.695053,-0.277846,0.698165;0.713092,0.460963,0.263843,0.457602
0.693125,-0.285767,0.692625;0.73278,0.417948,0.248435,0.476059
0.692804,-0.283103,0.683278;0.753232,0.366026,0.229482,0.495988
0.693605,-0.275531,0.676622;0.762117,0.34203,0.22394,0.502041
0.69475,-0.266364,0.670577;0.768282,0.325231,0.221855,0.504725
0.695972,-0.257177,0.665314;0.773032,0.311714,0.220134,0.506752
0.697253,-0.247869,0.660419;0.777053,0.299832,0.21859,0.508437
0.698724,-0.237444,0.655269;0.780947,0.287901,0.217011,0.510039
0.70013,-0.227668,0.650664;0.784185,0.277638,0.215629,0.511347
0.701664,-0.21716,0.645893;0.787328,0.267341,0.214221,0.512594
0.703037,-0.207874,0.641799;0.789876,0.258736,0.213028,0.513586
0.704492,-0.19813,0.637603;0.792358,0.250109,0.211818,0.514535
0.706026,-0.187953,0.633311;0.794775,0.241462,0.21059,0.515442
0.707638,-0.177367,0.628929;0.797126,0.232795,0.209345,0.516306
0.709322,-0.166394,0.624462;0.79941,0.224108,0.208082,0.517127
0.711078,-0.155059,0.619917;0.801629,0.215403,0.206802,0.517905
0.712531,-0.145745,0.616228;0.803355,0.208426,0.205766,0.518497
0.714025,-0.136227,0.612495;0.805039,0.201438,0.204718,0.519061
0.71556,-0.126515,0.608722;0.806681,0.194439,0.20366,0.519598
0.717134,-0.116623,0.604911;0.808279,0.18743,0.202591,0.520107
0.718745,-0.106562,0.601066;0.809835,0.180411,0.201511,0.520588
0.720391,-0.0963448,0.597189;0.811348,0.173382,0.200421,0.521042
0.722071,-0.0859826,0.593283;0.812817,0.166345,0.19932,0.521468
0.723784,-0.0754878,0.589351;0.814244,0.159298,0.198208,0.521867
0.725529,-0.0648725,0.585397;0.815627,0.152243,0.197086,0.522238
0.727302,-0.0541487,0.581423;0.816967,0.145179,0.195953,0.522581
0.729104,-0.0433285,0.577433;0.818263,0.138109,0.19481,0.522896
0.730932,-0.0324239,0.573428;0.819516,0.13103,0.193657,0.523183
0.732785,-0.0214471,0.569413;0.820726,0.123945,0.192493,0.523443
0.734661,-0.01041,0.565391;0.821892,0.116853,0.19132,0.523675
0.73656,0.000675229,0.561363;0.823014,0.109755,0.190136,0.523879
0.738478,0.0117966,0.557333;0.824093,0.102651,0.188941,0.524056
0.740416,0.022942,0.553305;0.825128,0.0955422,0.187737,0.524204
0.742371,0.0340995,0.549281;0.826119,0.0884278,0.186523,0.524325
0.744341,0.0452568,0.545264;0.827067,0.0813088,0.185299,0.524418
0.746326,0.0564021,0.541257;0.82797,0.0741855,0.184065,0.524483
0.748324,0.0675232,0.537263;0.828829,0.0670582,0.182822,0.52452
0.750332,0.078608,0.533286;0.829645,0.0599273,0.181568,0.524529
0.752351,0.0896446,0.529327;0.830416,0.0527933,0.180305,0.524511
0.754378,0.100621,0.52539;0.831144,0.0456564,0.179033,0.524465
0.756411,0.111525,0.521479;0.831827,0.0385172,0.177751,0.52439
0.758449,0.122344,0.517595;0.832466,0.0313759,0.176459,0.524288
0.760491,0.133067,0.513743;0.833061,0.0242329,0.175158,0.524159
0.762535,0.143681,0.509925;0.833611,0.0170886,0.173848,0.524001
0.76458,0.154175,0.506143;0.834118,0.00994347,0.172529,0.523815
0.766623,0.164536,0.502402;0.83458,0.00279777,0.1712,0.523602
0.768664,0.174752,0.498703;0.834998,-0.00434807,0.169863,0.523361
0.770701,0.184811,0.495051;0.835371,-0.0114937,0.168516,0.523092
0.772732,0.194702,0.491447;0.8357,-0.0186387,0.16716,0.522796
0.774757,0.204411,0.487895;0.835985,-0.0257827,0.165796,0.522471
0.776772,0.213928,0.484398;0.836225,-0.0329253,0.164423,0.522119
0.778778,0.223239,0.480959;0.836421,-0.0400662,0.163041,0.521739
0.781268,0.234572,0.476746;0.836604,-0.0489893,0.161301,0.521225
0.783737,0.245542,0.472635;0.836717,-0.0579083,0.159548,0.520669
0.786181,0.256125,0.468629;0.836761,-0.0668225,0.157782,0.520068
0.788599,0.266299,0.464737;0.836735,-0.0757312,0.156003,0.519425
0.790986,0.276039,0.460963;0.83664,-0.0846336,0.15421,0.518739
0.79334,0.285323,0.457313;0.836476,-0.093529,0.152405,0.518009
0.796117,0.295826,0.453105;0.836187,-0.104193,0.150222,0.517077
0.798837,0.305597,0.449095;0.835798,-0.114845,0.148022,0.516083
0.801495,0.314595,0.445292;0.835309,-0.125483,0.145803,0.515028
0.80451,0.32406,0.441131;0.834613,-0.137875,0.143193,0.513719
0.807832,0.333438,0.436758;0.833651,-0.152009,0.140182,0.512121
0.811398,0.342037,0.432356;0.832358,-0.167872,0.136758,0.510193
0.815842,0.35006,0.427395;0.830285,-0.188952,0.132137,0.507409
0.822646,0.353719,0.421436;0.825704,-0.225617,0.123898,0.501954
0.827352,0.345215,0.419366;0.820816,-0.256784,0.116692,0.496695
0.829462,0.335417,0.419534;0.817719,-0.273982,0.112634,0.493541
0.83087,0.324806,0.420386;0.815046,-0.287676,0.10936,0.490901
0.831888,0.313418,0.421676;0.812565,-0.299607,0.106477,0.488505
0.832595,0.302042,0.423199;0.810333,-0.309795,0.103992,0.486388
0.833063,0.291393,0.424769;0.808399,-0.318257,0.101911,0.484579
0.833418,0.279656,0.42662;0.806398,-0.326693,0.0998223,0.482731
0.833619,0.269467,0.428307;0.80475,-0.333422,0.0981451,0.481223
0.833743,0.258555,0.430179;0.803058,-0.340133,0.0964627,0.479689
0.833791,0.246907,0.432241;0.801324,-0.346827,0.0947752,0.478131
0.833759,0.234511,0.434495;0.799547,-0.353502,0.0930827,0.476546
0.833648,0.221355,0.436945;0.797728,-0.360158,0.0913852,0.474937
0.83351,0.210983,0.438911;0.796336,-0.365137,0.0901089,0.473713
