0.715476,0.0549756,0.427264;0.908328,0.345201,-0.129549,-0.197467
0.719256,0.0617583,0.438957;0.908814,0.346949,-0.124247,-0.195565
0.72293,0.0682968,0.450395;0.909269,0.348684,-0.11894,-0.193656
0.726499,0.0745935,0.461581;0.909692,0.350407,-0.113629,-0.19174
0.729965,0.0806509,0.472518;0.910083,0.352118,-0.108315,-0.189818
0.733329,0.0864715,0.483208;0.910442,0.353816,-0.102996,-0.187888
0.736593,0.0920578,0.493652;0.910769,0.355502,-0.0976737,-0.185953
0.739756,0.097412,0.503854;0.911064,0.357176,-0.0923481,-0.18401
0.742821,0.102537,0.513814;0.911327,0.358837,-0.0870192,-0.182062
0.745789,0.107435,0.523537;0.911559,0.360485,-0.0816873,-0.180107
0.748661,0.112108,0.533023;0.911758,0.362121,-0.0763526,-0.178145
0.751437,0.116559,0.542274;0.911926,0.363744,-0.0710151,-0.176178
0.75412,0.12079,0.551295;0.912061,0.365355,-0.0656752,-0.174204
0.756711,0.124804,0.560085;0.912165,0.366953,-0.060333,-0.172224
0.760023,0.129823,0.571452;0.912253,0.369063,-0.0532067,-0.169575
0.763175,0.134465,0.58242;0.912285,0.37115,-0.0460772,-0.166915
0.76617,0.138738,0.592995;0.91226,0.373214,-0.0389448,-0.164245
0.769012,0.142646,0.603181;0.912178,0.375255,-0.03181,-0.161565
0.771703,0.146195,0.612983;0.912039,0.377273,-0.0246731,-0.158874
0.774245,0.149392,0.622408;0.911844,0.379267,-0.0175348,-0.156174
0.777218,0.1529,0.633665;0.91152,0.381726,-0.00861038,-0.152785
0.77997,0.155878,0.64435;0.911107,0.384148,0.000314877,-0.149381
0.782506,0.158337,0.654473;0.910605,0.386533,0.0092401,-0.145963
0.784831,0.160287,0.664044;0.910015,0.38888,0.0181644,-0.14253
0.78735,0.161973,0.674816;0.90919,0.391647,0.0288712,-0.138392
0.789583,0.162964,0.684825;0.908238,0.394359,0.0395739,-0.134236
0.79184,0.163266,0.695564;0.906966,0.397453,0.0520534,-0.129362
0.793979,0.162525,0.706632;0.905301,0.400896,0.0663033,-0.123762
0.795668,0.160669,0.716456;0.90341,0.404239,0.0805366,-0.118132
0.797059,0.157307,0.726073;0.901014,0.40788,0.0965251,-0.111763
0.798011,0.152067,0.735047;0.898019,0.411774,0.114254,-0.104644
0.798388,0.144578,0.742932;0.89432,0.415873,0.133704,-0.0967669
0.798119,0.135399,0.748841;0.890201,0.419776,0.153092,-0.0888442
0.797362,0.125691,0.752591;0.886092,0.423153,0.170654,-0.0816053
0.796304,0.115919,0.754715;0.8821,0.426051,0.186404,-0.0750631
0.794919,0.105238,0.755717;0.877829,0.428815,0.202095,-0.0684972
0.793442,0.0950319,0.755712;0.8738,0.431159,0.215989,-0.0626427
0.791756,0.0842059,0.75491;0.869554,0.433395,0.229829,-0.0567726
0.790127,0.0742606,0.753587;0.865661,0.435263,0.241893,-0.0516246
0.788371,0.063907,0.751713;0.861603,0.437048,0.25391,-0.0464667
0.786502,0.0531763,0.749316;0.857381,0.43875,0.265879,-0.0413
0.784536,0.0420996,0.746426;0.852995,0.440368,0.277798,-0.0361254
0.782785,0.0323535,0.743576;0.849106,0.441688,0.287971,-0.0316845
0.780983,0.0223956,0.740401;0.845098,0.442946,0.298104,-0.0272392
0.77914,0.0122457,0.736919;0.840972,0.444142,0.308196,-0.0227901
0.777265,0.00192332,0.733148;0.836728,0.445276,0.318244,-0.0183378
0.775369,-0.00855192,0.729105;0.832367,0.446348,0.328248,-0.0138829
0.773459,-0.0191604,0.724809;0.827889,0.447357,0.338206,-0.00942601
0.771547,-0.0298825,0.720276;0.823295,0.448303,0.348116,-0.00496785
0.769641,-0.0406986,0.715525;0.818586,0.449187,0.357978,-0.000508992
0.768064,-0.0497696,0.711411;0.814574,0.449875,0.366157,0.0032068
0.766504,-0.058881,0.707169;0.810483,0.450519,0.374301,0.00692229
0.764887,-0.0684983,0.702577;0.813828,0.441925,0.377336,0.00182868
0.76332,-0.0780079,0.697927;0.819629,0.430149,0.378338,-0.00631949
0.761782,-0.0875364,0.693162;0.825234,0.418269,0.37925,-0.0144661
0.760276,-0.0970788,0.688289;0.830641,0.40629,0.38007,-0.0226093
0.758806,-0.10663,0.683313;0.835849,0.394212,0.380799,-0.0307471
0.757373,-0.116185,0.678242;0.840856,0.382041,0.381437,-0.0388775
0.75598,-0.125738,0.673079;0.845662,0.369777,0.381984,-0.0469985
0.75463,-0.135285,0.667832;0.850265,0.357425,0.382439,-0.0551084
0.753324,-0.14482,0.662507;0.854664,0.344988,0.382802,-0.0632049
0.752066,-0.154339,0.657109;0.858859,0.332467,0.383074,-0.0712864
0.750858,-0.163835,0.651645;0.862847,0.319867,0.383253,-0.0793507
0.749703,-0.173305,0.646121;0.866629,0.307191,0.383341,-0.0873961
0.748602,-0.182743,0.640542;0.870203,0.29444,0.383337,-0.0954204
0.74756,-0.192144,0.634915;0.873568,0.281619,0.383241,-0.103422
0.746577,-0.201503,0.629245;0.876724,0.268731,0.383053,-0.111399
0.745657,-0.210815,0.623539;0.879669,0.255778,0.382774,-0.119349
0.744802,-0.220074,0.617803;0.882404,0.242764,0.382402,-0.12727
0.744015,-0.229276,0.612042;0.884927,0.229691,0.381939,-0.135161
0.743298,-0.238415,0.606263;0.887238,0.216564,0.381384,-0.143019
0.742653,-0.247487,0.600472;0.889336,0.203384,0.380738,-0.150844
0.742084,-0.256487,0.594674;0.891222,0.190156,0.380001,-0.158632
0.741593,-0.265408,0.588876;0.892893,0.176883,0.379172,-0.166382
0.741182,-0.274247,0.583084;0.89435,0.163566,0.378253,-0.174092
0.740853,-0.282998,0.577304;0.895593,0.150211,0.377243,-0.18176
0.74061,-0.291656,0.571541;0.896622,0.13682,0.376142,-0.189385
0.740455,-0.300216,0.565801;0.897435,0.123395,0.374952,-0.196964
0.74039,-0.308672,0.560092;0.898033,0.109942,0.373671,-0.204496
0.740418,-0.317021,0.554418;0.898416,0.0964616,0.372301,-0.21198
0.740563,-0.326277,0.548085;0.89859,0.081269,0.370653,-0.220337
0.740833,-0.335382,0.541814;0.89849,0.0660517,0.368892,-0.228628
0.741231,-0.34433,0.535612;0.898118,0.0508144,0.36702,-0.23685
0.74176,-0.353113,0.529489;0.897474,0.0355617,0.365036,-0.244999
0.742424,-0.361723,0.523452;0.896557,0.0202982,0.362941,-0.253075
0.743227,-0.370153,0.517512;0.895368,0.00502854,0.360737,-0.261073
0.744172,-0.378397,0.511675;0.893908,-0.0102427,0.358423,-0.268992
0.745393,-0.387328,0.505323;0.891967,-0.0272068,0.355724,-0.277696
0.746799,-0.39601,0.499121;0.889692,-0.0441608,0.352892,-0.286295
0.748395,-0.404432,0.493082;0.887084,-0.0610982,0.349927,-0.294787
0.750185,-0.412585,0.487217;0.884144,-0.0780127,0.346832,-0.303169
0.752386,-0.42123,0.480981;0.880527,-0.0965847,0.343277,-0.312258
0.754835,-0.429524,0.474986;0.876511,-0.115113,0.339567,-0.321205
0.757538,-0.437453,0.469247;0.872097,-0.133589,0.335702,-0.330006
0.760785,-0.445672,0.463296;0.866832,-0.153675,0.331313,-0.339437
0.764352,-0.453424,0.45769;0.861099,-0.173679,0.326745,-0.348685
0.768586,-0.461276,0.452028;0.854365,-0.195243,0.321598,-0.358491
0.773216,-0.468537,0.446819;0.847089,-0.216684,0.316247,-0.36807
0.778657,-0.475673,0.441746;0.838655,-0.23962,0.310261,-0.378125
0.785025,-0.482501,0.436964;0.828934,-0.263999,0.303595,-0.38859
0.792319,-0.488717,0.432715;0.825659,-0.278549,0.298125,-0.389639
0.800492,-0.494086,0.429169;0.838668,-0.269417,0.296244,-0.369176
0.80927,-0.498395,0.426422;0.85111,-0.260103,0.294164,-0.348463
0.818595,-0.501637,0.424425;0.862978,-0.250614,0.291884,-0.327514
0.828406,-0.503811,0.423124;0.874263,-0.240955,0.289408,-0.306345
0.838644,-0.504911,0.422467;0.884959,-0.231134,0.286737,-0.284969
0.849249,-0.504934,0.422403;0.895057,-0.221157,0.283872,-0.263401
0.859312,-0.503995,0.422825;0.903842,-0.211815,0.281057,-0.243333
0.86959,-0.502131,0.423668;0.912107,-0.202351,0.278081,-0.223126
0.880036,-0.49934,0.424889;0.919848,-0.19277,0.274944,-0.202791
0.889718,-0.495964,0.426306;0.92648,-0.183891,0.27193,-0.184047
0.899466,-0.491802,0.427977;0.932663,-0.174922,0.268785,-0.165214
0.908354,-0.487336,0.429688;0.937894,-0.166696,0.265813,-0.148024
0.917238,-0.482218,0.431559;0.94275,-0.158403,0.262735,-0.130775
0.926092,-0.476445,0.433566;0.947229,-0.150046,0.259552,-0.113474
0.934888,-0.470016,0.435684;0.95133,-0.14163,0.256265,-0.0961268
0.942733,-0.463668,0.437667;0.954696,-0.134007,0.253219,-0.0804817
0.950489,-0.456785,0.439704;0.957754,-0.12634,0.250092,-0.0648105
0.958137,-0.449367,0.441778;0.960501,-0.118633,0.246883,-0.0491184
0.965657,-0.441411,0.443873;0.962938,-0.110887,0.243595,-0.0334104
0.972217,-0.433888,0.445737;0.964842,-0.103972,0.240605,-0.0194385
0.978646,-0.425939,0.447591;0.9665,-0.09703,0.237555,-0.00546167
0.984931,-0.417562,0.449424;0.967911,-0.0900633,0.234443,0.00851659
0.991057,-0.408757,0.451222;0.969075,-0.0830736,0.231272,0.0224927
0.99701,-0.399523,0.452973;0.969991,-0.0760627,0.228042,0.036463
1.00278,-0.38986,0.454667;0.970659,-0.0690323,0.224753,0.050424
1.00766,-0.38105,0.456091;0.971039,-0.0628662,0.221828,0.0626294
1.01238,-0.37191,0.457453;0.97123,-0.0566878,0.21886,0.0748226
1.01692,-0.362439,0.458745;0.971231,-0.0504983,0.215849,0.0870012
1.02129,-0.352636,0.459959;0.971042,-0.0442989,0.212796,0.0991627
1.02546,-0.342501,0.461087;0.970663,-0.0380908,0.209701,0.111305
1.02944,-0.332032,0.462119;0.970093,-0.0318753,0.206565,0.123425
1.0332,-0.32123,0.46305;0.969334,-0.0256535,0.203388,0.135521
1.03625,-0.311705,0.463759;0.968533,-0.0203166,0.200634,0.145868
1.03914,-0.301933,0.464382;0.967592,-0.0149767,0.197851,0.156195
1.04185,-0.291916,0.464914;0.966512,-0.00963462,0.195039,0.166498
1.04439,-0.281651,0.465349;0.965293,-0.00429118,0.1922,0.176778
1.04674,-0.271139,0.465682;0.963935,0.00105287,0.189332,0.187032
1.0489,-0.26038,0.465908;0.962439,0.00639676,0.186438,0.19726
1.05086,-0.249372,0.466023;0.960804,0.0117397,0.183517,0.207459
1.05257,-0.23849,0.466022;0.959773,0.0182202,0.181489,0.21346
1.05411,-0.227181,0.465908;0.959976,0.0274192,0.181037,0.211943
1.05546,-0.215646,0.465684;0.960095,0.0366158,0.18057,0.210408
1.05662,-0.203898,0.465355;0.96013,0.0458092,0.180087,0.208854
1.05759,-0.191949,0.464926;0.960082,0.0549986,0.179588,0.207282
1.05826,-0.181845,0.464496;0.959978,0.0626528,0.17916,0.205958
1.05881,-0.171617,0.464003;0.959816,0.0703032,0.178722,0.204622
1.05924,-0.16127,0.46345;0.959595,0.0779494,0.178272,0.203273
1.05955,-0.150813,0.46284;0.959317,0.0855908,0.177812,0.201913
1.05974,-0.14025,0.462175;0.95898,0.0932271,0.177341,0.200539
1.05982,-0.12959,0.461459;0.958585,0.100858,0.17686,0.199154
1.05979,-0.118839,0.460694;0.958133,0.108482,0.176367,0.197757
1.05965,-0.108005,0.459884;0.957622,0.1161,0.175864,0.196348
1.0594,-0.0970925,0.459031;0.957054,0.123711,0.175351,0.194926
1.05904,-0.0861101,0.458139;0.956427,0.131315,0.174826,0.193493
1.05859,-0.0750641,0.457209;0.955743,0.13891,0.174291,0.192049
1.05803,-0.0639615,0.456245;0.955,0.146497,0.173746,0.190592
1.05738,-0.052809,0.45525;0.9542,0.154075,0.17319,0.189125
1.05663,-0.0416135,0.454227;0.953342,0.161644,0.172624,0.187645
1.05579,-0.0303817,0.453179;0.952427,0.169203,0.172047,0.186155
1.05486,-0.0191205,0.452108;0.951453,0.176752,0.17146,0.184653
1.05385,-0.00783683,0.451018;0.950423,0.18429,0.170862,0.18314
1.05275,0.00346261,0.449911;0.949334,0.191817,0.170254,0.181615
1.05156,0.014771,0.44879;0.948188,0.199333,0.169636,0.18008
1.05029,0.0260814,0.447659;0.946985,0.206836,0.169007,0.178534
1.04895,0.037387,0.446519;0.945725,0.214327,0.168368,0.176977
1.04753,0.0486811,0.445374;0.944407,0.221805,0.167719,0.17541
1.04604,0.0599568,0.444228;0.943032,0.229269,0.16706,0.173831
1.04448,0.0712072,0.443082;0.9416,0.23672,0.166391,0.172243
1.04284,0.0824256,0.441939;0.940111,0.244156,0.165712,0.170644
1.04115,0.0936051,0.440803;0.938565,0.251577,0.165022,0.169034
1.03938,0.104739,0.439677;0.936962,0.258983,0.164323,0.167414
1.03756,0.11582,0.438563;0.935303,0.266374,0.163614,0.165785
1.03568,0.126842,0.437464;0.933587,0.273748,0.162894,0.164145
1.03374,0.137797,0.436383;0.931814,0.281106,0.162165,0.162495
1.03175,0.14868,0.435324;0.929985,0.288447,0.161427,0.160835
1.0297,0.159483,0.434288;0.9281,0.29577,0.160678,0.159166
1.02761,0.170199,0.433279;0.926158,0.303076,0.15992,0.157487
1.02547,0.180821,0.4323;0.924161,0.310363,0.159151,0.155798
1.02329,0.191344,0.431353;0.922107,0.317631,0.158374,0.1541
1.02106,0.201759,0.430442;0.919998,0.32488,0.157587,0.152393
1.01879,0.21206,0.429569;0.917833,0.332109,0.15679,0.150676
1.01649,0.22224,0.428738;0.915612,0.339319,0.155983,0.148951
1.01415,0.232292,0.42795;0.913336,0.346507,0.155168,0.147216
1.01178,0.24221,0.42721;0.911005,0.353675,0.154343,0.145472
1.00938,0.251987,0.42652;0.908619,0.360822,0.153508,0.14372
1.00646,0.263523,0.425762;0.905682,0.369368,0.152494,0.141605
1.00351,0.274834,0.425085;0.902667,0.377883,0.151467,0.139479
1.00052,0.285907,0.424494;0.899573,0.386365,0.150427,0.13734
0.997506,0.296733,0.423995;0.896401,0.394813,0.149374,0.135189
0.99447,0.307297,0.423591;0.89315,0.403226,0.148308,0.133026
0.991414,0.317589,0.423289;0.889822,0.411605,0.147229,0.130852
0.988343,0.327598,0.423093;0.886416,0.419947,0.146137,0.128667
0.985261,0.33731,0.423008;0.882933,0.428253,0.145032,0.12647
0.981657,0.348251,0.423057;0.878772,0.437896,0.143727,0.123893
0.97805,0.358755,0.423271;0.874507,0.447487,0.142405,0.121301
0.974447,0.368802,0.423659;0.870138,0.457025,0.141066,0.118695
0.970855,0.378374,0.42423;0.865666,0.466509,0.139711,0.116075
0.96677,0.388708,0.425115;0.860429,0.47728,0.138141,0.113064
0.962718,0.398369,0.42626;0.855059,0.487976,0.13655,0.110035
0.958209,0.408399,0.427874;0.848859,0.49992,0.134735,0.106608
0.953767,0.417502,0.429849;0.842493,0.511765,0.132894,0.103159
0.948927,0.42648,0.432487;0.835225,0.524809,0.130817,0.0993034
0.943742,0.434913,0.435955;0.826998,0.53901,0.128496,0.0950347
0.938228,0.442373,0.44048;0.809544,0.56612,0.115947,0.103458
0.932351,0.448426,0.446256;0.786427,0.59848,0.0989411,0.116465
0.926106,0.452542,0.453358;0.759271,0.632519,0.0800858,0.130437
0.919995,0.454152,0.461085;0.730256,0.665011,0.0610344,0.14409
0.913947,0.453382,0.469246;0.699454,0.695875,0.0418338,0.15739
0.90816,0.450533,0.477282;0.668389,0.723805,0.0233715,0.169752
0.902844,0.446247,0.484641;0.638848,0.747792,0.00654112,0.180661
0.897703,0.440755,0.491559;0.609688,0.769298,-0.00945943,0.190716
0.892716,0.434342,0.497949;0.581122,0.788487,-0.0246037,0.199947
0.88787,0.42726,0.503754;0.553344,0.805526,-0.0388732,0.208391
0.883164,0.41973,0.508942;0.526522,0.82058,-0.0522561,0.216084
0.878603,0.411949,0.513505;0.500811,0.83381,-0.0647467,0.223064
0.873878,0.403504,0.517723;0.474578,0.846172,-0.0771699,0.229812
0.869304,0.395055,0.521302;0.449647,0.856916,-0.0886927,0.235894
0.864554,0.386086,0.524491;0.424309,0.866883,-0.100135,0.241762
0.859974,0.377318,0.527066;0.400436,0.875434,-0.110679,0.247015
0.855216,0.36815,0.529233;0.37625,0.883301,-0.121136,0.252075
0.850657,0.359352,0.530841;0.353662,0.88995,-0.130706,0.25657
0.845928,0.350249,0.532046;0.330839,0.896006,-0.140188,0.260895
0.841017,0.340861,0.532819;0.307796,0.901465,-0.149576,0.265046
0.836349,0.332019,0.533127;0.286492,0.905942,-0.158095,0.268696
0.831512,0.322965,0.533028;0.265028,0.909911,-0.166526,0.272196
0.826501,0.313714,0.532502;0.243416,0.913372,-0.174863,0.275543
0.821307,0.304278,0.531529;0.221667,0.916321,-0.183102,0.278736
0.81642,0.295552,0.530238;0.201788,0.918556,-0.190504,0.281504
0.81137,0.286696,0.528545;0.181815,0.920367,-0.197817,0.284141
0.806152,0.27772,0.526432;0.161758,0.921752,-0.205039,0.286646
0.800759,0.268634,0.523886;0.141627,0.922711,-0.212166,0.28902
0.795752,0.260372,0.521209;0.123452,0.923209,-0.218496,0.291041
0.790595,0.252037,0.518157;0.105231,0.92336,-0.224745,0.292953
0.785285,0.243636,0.514717;0.0869701,0.923166,-0.230909,0.294756
0.779815,0.235177,0.510879;0.068677,0.922626,-0.236987,0.296448
0.774184,0.226668,0.50663;0.0503582,0.92174,-0.242976,0.298029
0.769039,0.219069,0.5025;0.0340587,0.920663,-0.248223,0.299341
0.76376,0.211441,0.498028;0.0177491,0.919313,-0.253397,0.300564
0.758343,0.20379,0.493207;0.00143427,0.917691,-0.258495,0.301698
0.752786,0.196121,0.488028;-0.014881,0.915797,-0.263518,0.302743
0.747086,0.188439,0.482485;-0.0311918,0.913632,-0.268462,0.303698
0.74124,0.18075,0.476568;-0.0474934,0.911196,-0.273326,0.304563
0.736003,0.17402,0.471078;-0.061746,0.908844,-0.277516,0.305246
0.730649,0.167293,0.46529;-0.0759845,0.906285,-0.281644,0.30586
0.725178,0.16057,0.4592;-0.0902058,0.903521,-0.285707,0.306405
0.719587,0.153857,0.452801;-0.104407,0.900552,-0.289706,0.30688
0.713875,0.147157,0.446089;-0.118584,0.897379,-0.293639,0.307285
0.708038,0.140473,0.439058;-0.132734,0.894003,-0.297505,0.307621
0.702076,0.133809,0.431703;-0.146854,0.890424,-0.301304,0.307887
0.696865,0.128115,0.425136;-0.158931,0.887196,-0.304506,0.30806
