0.811562,0.359357,0.335849;0.118065,0.959589,-0.143443,-0.211363
0.801689,0.361153,0.338644;0.121898,0.960239,-0.138807,-0.209319
0.792132,0.362592,0.341515;0.125725,0.96085,-0.134165,-0.207267
0.780626,0.363902,0.34521;0.130503,0.961559,-0.128356,-0.20469
0.769601,0.364678,0.349018;0.135272,0.962207,-0.122538,-0.2021
0.75905,0.364932,0.352936;0.140033,0.962793,-0.116712,-0.199497
0.748966,0.364676,0.356961;0.144784,0.963318,-0.110879,-0.196881
0.739343,0.363922,0.361089;0.149527,0.963781,-0.105039,-0.194252
0.730173,0.362682,0.365317;0.15426,0.964184,-0.0991923,-0.191611
0.719757,0.36057,0.370516;0.159926,0.964585,-0.0921678,-0.188426
0.709971,0.357795,0.375847;0.165578,0.964898,-0.0851348,-0.185224
0.700804,0.354378,0.381305;0.171214,0.965122,-0.078094,-0.182005
0.692243,0.35034,0.386883;0.176835,0.965258,-0.0710461,-0.178769
0.684276,0.345702,0.392575;0.18244,0.965306,-0.0639917,-0.175516
0.67689,0.340483,0.398374;0.188028,0.965264,-0.0569313,-0.172248
0.670075,0.334705,0.404276;0.193598,0.965134,-0.0498658,-0.168963
0.663817,0.328389,0.410273;0.199151,0.964916,-0.0427957,-0.165663
0.658104,0.321554,0.41636;0.204686,0.964609,-0.0357216,-0.162348
0.652924,0.314222,0.422531;0.210202,0.964214,-0.0286443,-0.159018
0.648266,0.306412,0.428779;0.215698,0.96373,-0.0215643,-0.155674
0.644117,0.298146,0.435099;0.221175,0.963157,-0.0144824,-0.152315
0.640464,0.289444,0.441485;0.226632,0.962497,-0.00739913,-0.148942
0.637296,0.280327,0.447929;0.232067,0.961747,-0.000315189,-0.145556
0.634601,0.270815,0.454428;0.237482,0.96091,0.00676878,-0.142156
0.632707,0.262602,0.459879;0.241977,0.960145,0.0126716,-0.139313
0.631126,0.25414,0.46536;0.246457,0.959319,0.0185737,-0.136461
0.62985,0.245443,0.470866;0.250921,0.958431,0.0244746,-0.1336
0.628873,0.236522,0.476395;0.255369,0.957483,0.0303739,-0.130731
0.628188,0.227388,0.481943;0.259801,0.956473,0.0362713,-0.127853
0.627788,0.218054,0.487506;0.264217,0.955403,0.0421663,-0.124967
0.627665,0.208532,0.49308;0.268615,0.954272,0.0480587,-0.122074
0.627812,0.198833,0.498663;0.272997,0.953079,0.053948,-0.119172
0.628223,0.188969,0.504251;0.277361,0.951827,0.0598339,-0.116263
0.628891,0.178953,0.50984;0.281707,0.950513,0.065716,-0.113347
0.629808,0.168796,0.515426;0.286036,0.949139,0.0715938,-0.110423
0.630968,0.15851,0.521007;0.290346,0.947704,0.0774672,-0.107492
0.632363,0.148107,0.526579;0.294638,0.946209,0.0833355,-0.104555
0.633986,0.1376,0.532137;0.298911,0.944654,0.0891986,-0.10161
0.635831,0.126999,0.537679;0.303165,0.943039,0.095056,-0.0986596
0.63789,0.116317,0.543202;0.307399,0.941363,0.100907,-0.0957026
0.640156,0.105565,0.548701;0.311614,0.939628,0.106752,-0.0927395
0.642623,0.0947561,0.554173;0.315809,0.937832,0.11259,-0.0897705
0.645283,0.0839016,0.559615;0.319984,0.935977,0.118421,-0.0867958
0.648129,0.0730136,0.565023;0.324139,0.934062,0.124245,-0.0838155
0.650535,0.0642869,0.569323;0.327448,0.932488,0.128898,-0.0814274
0.653053,0.0555525,0.573597;0.330743,0.930875,0.133545,-0.079036
0.655678,0.0468164,0.577843;0.334025,0.929224,0.138188,-0.0766414
0.658407,0.0380847,0.58206;0.337294,0.927536,0.142824,-0.0742437
0.661236,0.0293635,0.586246;0.340548,0.925809,0.147455,-0.0718429
0.664162,0.0206589,0.590399;0.343789,0.924045,0.15208,-0.0694392
0.667181,0.011977,0.594517;0.347016,0.922243,0.156699,-0.0670327
0.67029,0.0033239,0.598599;0.350228,0.920404,0.161311,-0.0646234
0.673484,-0.00529432,0.602642;0.353426,0.918527,0.165917,-0.0622115
0.676761,-0.0138715,0.606646;0.35661,0.916612,0.170516,-0.0597971
0.680967,-0.0245262,0.611591;0.36057,0.914167,0.176254,-0.0567756
0.68529,-0.0350953,0.616466;0.364506,0.911663,0.181982,-0.0537506
0.689721,-0.045567,0.62127;0.368419,0.909101,0.187698,-0.0507221
0.694254,-0.0559295,0.625997;0.372309,0.906481,0.193402,-0.0476903
0.69832,-0.064943,0.630089;0.379448,0.903331,0.194035,-0.0486008
0.702212,-0.0733405,0.633885;0.391309,0.899099,0.188511,-0.0544301
0.706734,-0.082824,0.638154;0.404756,0.894016,0.182147,-0.0610773
0.711331,-0.092181,0.642347;0.418086,0.888673,0.17573,-0.0677067
0.715999,-0.101406,0.646463;0.431294,0.88307,0.169262,-0.0743164
0.720736,-0.110493,0.650502;0.444376,0.877211,0.162745,-0.0809044
0.72554,-0.119438,0.654461;0.457328,0.871096,0.15618,-0.0874688
0.730405,-0.128234,0.658341;0.470148,0.864727,0.149569,-0.0940078
0.735331,-0.136876,0.662138;0.48283,0.858106,0.142915,-0.100519
0.740313,-0.145358,0.665854;0.495372,0.851235,0.136219,-0.107002
0.745349,-0.153676,0.669486;0.507769,0.844116,0.129484,-0.113453
0.750435,-0.161823,0.673032;0.520019,0.836752,0.122711,-0.119871
0.755569,-0.169794,0.676493;0.532117,0.829143,0.115902,-0.126254
0.761398,-0.178545,0.680283;0.545542,0.820295,0.108202,-0.133391
0.767278,-0.187058,0.68396;0.558765,0.811144,0.100462,-0.140479
0.773206,-0.195326,0.687523;0.571783,0.801694,0.0926848,-0.147515
0.779178,-0.203341,0.690972;0.584589,0.791949,0.0848734,-0.154496
0.785188,-0.211095,0.694303;0.597181,0.781911,0.0770308,-0.161421
0.791233,-0.218581,0.697516;0.609551,0.771585,0.0691598,-0.168286
0.797985,-0.226574,0.700944;0.623033,0.759779,0.0603844,-0.175841
0.804769,-0.234215,0.704222;0.636231,0.747626,0.0515816,-0.183316
0.811578,-0.241493,0.707347;0.649139,0.735133,0.0427553,-0.190707
0.818406,-0.248397,0.710317;0.661752,0.722306,0.0339095,-0.198012
0.825933,-0.255548,0.713401;0.675278,0.707816,0.0241614,-0.205943
0.833469,-0.26222,0.716292;0.688432,0.692936,0.0144,-0.21376
0.841005,-0.268399,0.718986;0.701207,0.677674,0.00463076,-0.22146
0.849217,-0.27456,0.721697;0.714703,0.6606,-0.00602937,-0.22972
0.857411,-0.280099,0.724167;0.727729,0.643093,-0.0166856,-0.23783
0.866255,-0.285375,0.726565;0.741303,0.623651,-0.0282172,-0.24644
0.875051,-0.289875,0.72867;0.754307,0.60373,-0.0397271,-0.25486
0.884456,-0.293826,0.730603;0.767661,0.581757,-0.052088,-0.263708
0.894436,-0.296998,0.732283;0.78121,0.557639,-0.0652799,-0.272927
0.904297,-0.299035,0.733552;0.793958,0.53295,-0.078405,-0.281866
0.914662,-0.299917,0.734443;0.806659,0.506014,-0.0923162,-0.291083
0.924844,-0.299424,0.734847;0.81842,0.478488,-0.10612,-0.29996
0.934819,-0.297511,0.734756;0.829227,0.450405,-0.1198,-0.308489
0.944563,-0.294135,0.734159;0.839068,0.421797,-0.13334,-0.316657
0.953466,-0.289602,0.733132;0.847407,0.39453,-0.145893,-0.32398
0.962124,-0.283708,0.731646;0.854877,0.366859,-0.158297,-0.330971
0.969966,-0.276947,0.729837;0.861059,0.340693,-0.169728,-0.337191
0.977027,-0.269554,0.727787;0.866112,0.316123,-0.180207,-0.342697
0.983345,-0.261755,0.725575;0.870185,0.293227,-0.189757,-0.347545
0.988958,-0.253769,0.723272;0.873418,0.27207,-0.198402,-0.35179
0.994393,-0.244966,0.720705;0.876169,0.250762,-0.206938,-0.35584
0.999172,-0.236244,0.718138;0.878252,0.231272,-0.214599,-0.359353
1.00349,-0.22747,0.715539;0.881813,0.211516,-0.218267,-0.360592
1.00759,-0.218274,0.7128;0.89138,0.187095,-0.210341,-0.355239
1.01125,-0.209296,0.710111;0.899594,0.164422,-0.202879,-0.350051
1.0148,-0.199878,0.707275;0.907211,0.141641,-0.195282,-0.344631
1.01822,-0.190045,0.704297;0.914226,0.118765,-0.187555,-0.338981
1.02126,-0.18069,0.701448;0.920123,0.0977261,-0.180363,-0.333605
1.0242,-0.171032,0.698489;0.925506,0.0766326,-0.17307,-0.328043
1.02704,-0.161089,0.695426;0.930373,0.0554963,-0.165681,-0.322297
1.02954,-0.151822,0.692554;0.934347,0.0362543,-0.158883,-0.316918
1.03196,-0.142353,0.689602;0.93789,0.0169956,-0.152012,-0.311393
1.03429,-0.132698,0.686574;0.941001,-0.00227099,-0.145071,-0.305724
1.03655,-0.122872,0.683474;0.943677,-0.0215365,-0.138062,-0.299914
1.03872,-0.112892,0.680304;0.945919,-0.0407921,-0.13099,-0.293965
1.04081,-0.102773,0.677069;0.947724,-0.0600288,-0.123858,-0.287881
1.04283,-0.0925297,0.673771;0.949092,-0.0792379,-0.116668,-0.281664
1.04476,-0.0821789,0.670414;0.950022,-0.0984104,-0.109425,-0.275318
1.04642,-0.0727839,0.667345;0.950485,-0.115627,-0.102863,-0.269497
1.04803,-0.0633256,0.664234;0.950592,-0.132801,-0.0962624,-0.263576
1.04956,-0.0538153,0.661083;0.950344,-0.149925,-0.0896258,-0.257556
1.05104,-0.0442645,0.657895;0.949742,-0.166993,-0.0829558,-0.25144
1.05244,-0.0346846,0.654671;0.948785,-0.183998,-0.0762547,-0.24523
1.05378,-0.0250869,0.651415;0.947473,-0.200935,-0.0695252,-0.238929
1.05506,-0.0154829,0.648129;0.945807,-0.217797,-0.0627696,-0.232538
1.05627,-0.00588388,0.644815;0.943788,-0.234577,-0.0559907,-0.22606
1.05742,0.00369867,0.641477;0.941416,-0.25127,-0.0491908,-0.219498
1.0585,0.0132534,0.638116;0.938693,-0.267869,-0.0423726,-0.212854
1.05951,0.0227689,0.634735;0.935619,-0.284367,-0.0355385,-0.206131
1.06046,0.0322338,0.631336;0.932195,-0.30076,-0.0286911,-0.19933
1.06134,0.0416366,0.627923;0.928423,-0.31704,-0.021833,-0.192455
1.06225,0.0519977,0.624116;0.923826,-0.33499,-0.0142035,-0.184732
1.06308,0.0622525,0.620296;0.918802,-0.352786,-0.0065674,-0.176923
1.06382,0.0723854,0.616469;0.913355,-0.370418,0.00107172,-0.169033
1.06449,0.0823807,0.612636;0.907486,-0.38788,0.00871034,-0.161065
1.06507,0.092223,0.608801;0.901199,-0.405163,0.016345,-0.153023
1.06558,0.101896,0.604968;0.894496,-0.422259,0.023972,-0.14491
1.066,0.111385,0.60114;0.887381,-0.439161,0.031588,-0.136731
1.06635,0.120674,0.597321;0.879856,-0.45586,0.0391895,-0.128488
1.06663,0.130643,0.593134;0.871111,-0.473985,0.0475301,-0.119353
1.06682,0.140329,0.588966;0.861879,-0.491847,0.0558441,-0.110151
1.06691,0.149713,0.584821;0.852166,-0.509433,0.064127,-0.100888
1.0669,0.15958,0.580332;0.841028,-0.528294,0.0731219,-0.0907182
1.06678,0.169036,0.575883;0.829332,-0.546804,0.0820683,-0.0804885
1.06654,0.178053,0.571479;0.817085,-0.564951,0.0909601,-0.0702054
1.06615,0.187294,0.566766;0.803205,-0.584187,0.100525,-0.0590129
1.06558,0.196596,0.561767;0.787558,-0.604392,0.110737,-0.0469082
1.0648,0.205765,0.556508;0.770003,-0.625434,0.121568,-0.0338922
1.06377,0.214579,0.551023;0.750398,-0.647163,0.132981,-0.01997
1.06245,0.222781,0.545352;0.728598,-0.669412,0.144935,-0.00515221
1.0606,0.230794,0.538908;0.701709,-0.694443,0.15875,0.0122878
1.05808,0.237667,0.531836;0.66919,-0.721643,0.174274,0.0323138
1.05445,0.242388,0.523775;0.627407,-0.752373,0.192596,0.0565821
1.04938,0.242374,0.515142;0.575263,-0.785092,0.21329,0.0849148
1.04421,0.236956,0.508424;0.527046,-0.810596,0.230596,0.109466
1.03963,0.228799,0.503731;0.487342,-0.828592,0.243688,0.12864
1.03576,0.219898,0.500479;0.455436,-0.841269,0.253521,0.14343
1.03234,0.210721,0.498069;0.428325,-0.850873,0.261427,0.155592
1.02913,0.201121,0.496151;0.413856,-0.856877,0.264674,0.156307
1.02589,0.190601,0.494504;0.40133,-0.862202,0.267194,0.155396
1.02291,0.180286,0.493209;0.390131,-0.866797,0.269392,0.154561
1.02022,0.170546,0.492202;0.380284,-0.870709,0.271281,0.15381
1.01745,0.160166,0.491308;0.370392,-0.874519,0.273139,0.153042
1.01462,0.149173,0.490526;0.360456,-0.878228,0.274964,0.152256
1.01213,0.13928,0.489941;0.351907,-0.881325,0.276504,0.151569
1.0096,0.12897,0.489432;0.343328,-0.884347,0.27802,0.150868
1.00702,0.118259,0.488998;0.334719,-0.887294,0.279512,0.150154
1.00439,0.107163,0.488636;0.326081,-0.890164,0.28098,0.149428
1.00171,0.0956982,0.488345;0.317416,-0.892959,0.282424,0.148688
0.999446,0.0858737,0.488154;0.310174,-0.895229,0.283609,0.148063
0.997151,0.0758131,0.48801;0.302914,-0.897447,0.284777,0.147428
0.994825,0.0655258,0.48791;0.295636,-0.89961,0.285928,0.146785
0.992471,0.0550208,0.487854;0.28834,-0.901721,0.287062,0.146133
0.990087,0.0443074,0.48784;0.281027,-0.903778,0.28818,0.145472
0.987675,0.0333949,0.487867;0.273697,-0.905781,0.28928,0.144803
0.985236,0.0222924,0.487934;0.266351,-0.907731,0.290363,0.144125
0.98277,0.0110092,0.48804;0.258989,-0.909626,0.291428,0.143438
0.980278,-0.000445599,0.488184;0.251612,-0.911468,0.292477,0.142743
0.97776,-0.0120627,0.488363;0.24422,-0.913255,0.293508,0.14204
0.975217,-0.0238329,0.488578;0.236814,-0.914988,0.294521,0.141328
0.97265,-0.0357469,0.488826;0.229393,-0.916667,0.295517,0.140607
0.970059,-0.0477957,0.489106;0.221959,-0.918291,0.296496,0.139879
0.967445,-0.0599699,0.489418;0.214511,-0.919861,0.297456,0.139142
0.965338,-0.0697934,0.489689;0.208544,-0.921077,0.298212,0.138546
0.963217,-0.0796865,0.489979;0.202569,-0.922259,0.298957,0.137945
0.961082,-0.0896447,0.490287;0.196586,-0.923405,0.29969,0.137339
0.958934,-0.099663,0.490612;0.190596,-0.924517,0.300412,0.136728
0.956772,-0.109737,0.490953;0.184599,-0.925593,0.301123,0.136111
0.954598,-0.119862,0.491311;0.178594,-0.926634,0.301822,0.13549
0.952412,-0.130032,0.491684;0.172583,-0.92764,0.302509,0.134863
0.950213,-0.140245,0.492072;0.166565,-0.92861,0.303185,0.134231
0.948003,-0.150493,0.492474;0.160541,-0.929545,0.30385,0.133594
0.945782,-0.160774,0.49289;0.15451,-0.930445,0.304503,0.132952
0.943549,-0.171082,0.493318;0.148474,-0.93131,0.305144,0.132305
0.941306,-0.181412,0.493759;0.142432,-0.932139,0.305774,0.131652
0.939052,-0.191761,0.494211;0.136385,-0.932933,0.306392,0.130995
0.936788,-0.202122,0.494674;0.130333,-0.933691,0.306999,0.130333
0.934514,-0.212492,0.495148;0.124275,-0.934414,0.307594,0.129666
0.932231,-0.222865,0.495631;0.118213,-0.935101,0.308177,0.128994
0.929939,-0.233237,0.496124;0.112147,-0.935752,0.308748,0.128317
0.927638,-0.243603,0.496625;0.106076,-0.936368,0.309308,0.127635
0.925328,-0.253959,0.497133;0.100001,-0.936949,0.309856,0.126948
0.923011,-0.2643,0.497649;0.0939223,-0.937494,0.310392,0.126257
0.920685,-0.27462,0.498172;0.0878401,-0.938003,0.310916,0.125561
0.918352,-0.284916,0.4987;0.0817545,-0.938477,0.311429,0.124859
0.916012,-0.295183,0.499234;0.0756658,-0.938915,0.31193,0.124154
0.913666,-0.305415,0.499772;0.0695742,-0.939317,0.312418,0.123443
0.911312,-0.315609,0.500314;0.06348,-0.939683,0.312895,0.122728
0.908953,-0.325759,0.50086;0.0573834,-0.940014,0.313361,0.122008
0.906587,-0.335861,0.501408;0.0512845,-0.940309,0.313814,0.121283
0.904216,-0.345909,0.501959;0.0451838,-0.940568,0.314255,0.120554
0.90184,-0.3559,0.502511;0.0390813,-0.940792,0.314684,0.11982
0.899459,-0.365829,0.503064;0.0329773,-0.94098,0.315102,0.119082
0.897074,-0.37569,0.503617;0.0268721,-0.941132,0.315507,0.118339
0.894684,-0.38548,0.50417;0.0207659,-0.941248,0.3159,0.117592
0.89229,-0.395193,0.504721;0.0146588,-0.941329,0.316282,0.11684
0.889293,-0.40722,0.505409;0.00702429,-0.941379,0.316742,0.115894
0.886291,-0.41911,0.506092;-0.000610673,-0.941373,0.317183,0.114941
0.883285,-0.430854,0.50677;-0.0082456,-0.941312,0.317605,0.113982
0.880275,-0.442444,0.507442;-0.01588,-0.941194,0.318008,0.113015
0.877262,-0.453871,0.508106;-0.0235135,-0.941021,0.318392,0.112042
0.874246,-0.465124,0.508762;-0.0311456,-0.940791,0.318758,0.111062
0.871229,-0.476194,0.509408;-0.0387759,-0.940506,0.319104,0.110076
0.868211,-0.487074,0.510042;-0.0464038,-0.940165,0.319432,0.109083
0.865192,-0.497752,0.510664;-0.054029,-0.939769,0.319741,0.108083
0.862174,-0.50822,0.511272;-0.061651,-0.939316,0.32003,0.107077
0.859156,-0.51847,0.511865;-0.0692693,-0.938807,0.320301,0.106065
0.85614,-0.528491,0.512442;-0.0768835,-0.938243,0.320552,0.105047
0.853126,-0.538274,0.513001;-0.0844931,-0.937623,0.320785,0.104022
0.850114,-0.547811,0.513542;-0.0920978,-0.936948,0.320999,0.102991
0.846505,-0.558916,0.514164;-0.101216,-0.936063,0.32123,0.101746
0.842902,-0.569636,0.514756;-0.110326,-0.935099,0.321433,0.100492
0.839305,-0.579956,0.515315;-0.119426,-0.934055,0.321609,0.0992292
0.835717,-0.589859,0.515838;-0.128516,-0.932931,0.321758,0.0979582
0.832138,-0.59933,0.516325;-0.137595,-0.931727,0.321879,0.0966788
0.827976,-0.609812,0.516842;-0.148172,-0.930222,0.321985,0.0951757
0.823829,-0.619658,0.517303;-0.158732,-0.928608,0.322054,0.0936616
0.8197,-0.628844,0.517703;-0.169273,-0.926886,0.322086,0.0921366
0.815005,-0.6385,0.518082;-0.181297,-0.924787,0.322076,0.0903806
0.809757,-0.648245,0.518403;-0.19479,-0.922256,0.322006,0.0883886
0.803971,-0.657622,0.51862;-0.209738,-0.919237,0.321856,0.0861555
0.797668,-0.666086,0.518676;-0.226123,-0.915663,0.321602,0.0836753
0.790311,-0.673461,0.518481;-0.245404,-0.9111,0.321183,0.0807133
0.78141,-0.678399,0.517819;-0.268997,-0.904983,0.320491,0.0770234
0.77158,-0.678129,0.516465;-0.288854,-0.899338,0.320266,0.0719987
0.763168,-0.672612,0.514726;-0.242286,-0.911428,0.327143,0.0597778
0.75653,-0.664796,0.512986;-0.204138,-0.91954,0.332109,0.0497734
0.75119,-0.656309,0.511364;-0.172466,-0.925085,0.335789,0.0414722
0.746341,-0.646909,0.509726;-0.142883,-0.929309,0.33887,0.0337223
0.741965,-0.637038,0.50812;-0.115454,-0.932414,0.341425,0.0265395
0.738041,-0.627063,0.506581;-0.090226,-0.934588,0.34352,0.0199361
0.734551,-0.617288,0.505136;-0.0672374,-0.936006,0.34522,0.0139209
0.731137,-0.606896,0.503658;-0.0442104,-0.936891,0.346724,0.00789781
0.728132,-0.597059,0.502305;-0.0234643,-0.937232,0.347908,0.00247307
0.725193,-0.586804,0.500939;-0.00270734,-0.93714,0.348932,-0.00295281
0.722322,-0.576169,0.499565;0.0180509,-0.936615,0.349794,-0.00837733
0.719828,-0.56643,0.498342;0.0364959,-0.935786,0.350426,-0.013196
0.717392,-0.55645,0.497123;0.0549277,-0.934616,0.35093,-0.0180098
0.715015,-0.546256,0.495911;0.0733394,-0.933105,0.351305,-0.022817
0.712697,-0.535875,0.494713;0.0917244,-0.931254,0.351553,-0.027616
0.710441,-0.525336,0.493531;0.110076,-0.929064,0.351672,-0.0324048
0.708248,-0.514665,0.49237;0.128387,-0.926535,0.351664,-0.0371819
0.706119,-0.50389,0.491236;0.146652,-0.923668,0.351527,-0.0419454
0.704056,-0.493039,0.490132;0.164863,-0.920464,0.351262,-0.0466936
0.702061,-0.482138,0.489063;0.183014,-0.916925,0.350869,-0.0514248
0.700135,-0.471216,0.488033;0.201099,-0.913052,0.350348,-0.0561372
0.698279,-0.460298,0.487047;0.21911,-0.908846,0.349699,-0.0608292
0.696495,-0.449415,0.486109;0.237041,-0.904309,0.348923,-0.065499
0.694784,-0.438591,0.485225;0.254886,-0.899442,0.34802,-0.0701449
0.693149,-0.427855,0.484397;0.272637,-0.894247,0.34699,-0.0747653
0.691589,-0.417235,0.483632;0.29029,-0.888726,0.345833,-0.0793584
0.690108,-0.406757,0.482933;0.307837,-0.882881,0.34455,-0.0839226
0.688706,-0.396449,0.482305;0.325271,-0.876714,0.343142,-0.0884562
0.687385,-0.386339,0.481751;0.342587,-0.870228,0.341609,-0.0929575
0.685997,-0.375235,0.481225;0.361918,-0.862552,0.339735,-0.0979809
0.684715,-0.364455,0.480806;0.381082,-0.854478,0.337704,-0.102959
0.683542,-0.354038,0.4805;0.40007,-0.84601,0.335518,-0.10789
0.68248,-0.344023,0.480315;0.418873,-0.837151,0.333176,-0.112771
0.681431,-0.333413,0.480258;0.439539,-0.826855,0.330395,-0.118133
0.680525,-0.323401,0.480366;0.459954,-0.816089,0.327425,-0.123428
0.679696,-0.313143,0.480685;0.482108,-0.803709,0.323943,-0.129171
0.678996,-0.302934,0.481288;0.505896,-0.789572,0.31989,-0.135334
0.678455,-0.29244,0.482344;0.533124,-0.772262,0.31483,-0.142385
0.678211,-0.282494,0.484048;0.56351,-0.751424,0.308617,-0.150247
0.678549,-0.272772,0.487319;0.603941,-0.72099,0.299341,-0.160697
0.680762,-0.26804,0.494949;0.664789,-0.668512,0.282896,-0.176399
0.683663,-0.273829,0.502404;0.705437,-0.628151,0.269934,-0.186868
0.686121,-0.281989,0.508125;0.730143,-0.601138,0.261131,-0.193221
0.688281,-0.290549,0.512928;0.747976,-0.5803,0.254279,-0.197801
0.690292,-0.299355,0.517278;0.762369,-0.562572,0.248409,-0.201494
0.692269,-0.308628,0.521471;0.774951,-0.546341,0.243004,-0.20472
0.694161,-0.317976,0.525425;0.785836,-0.531703,0.238106,-0.207508
0.696181,-0.328391,0.529596;0.796434,-0.51687,0.233122,-0.210221
0.698055,-0.338402,0.533428;0.805469,-0.503737,0.22869,-0.212532
0.699741,-0.347664,0.536851;0.813035,-0.492368,0.224841,-0.214465
0.701501,-0.357568,0.540402;0.820433,-0.480898,0.220946,-0.216354
0.703336,-0.368124,0.544085;0.827664,-0.469329,0.217005,-0.218199
0.705247,-0.379345,0.547901;0.834725,-0.457664,0.21302,-0.22
0.706897,-0.389211,0.551183;0.840478,-0.447872,0.209666,-0.221465
0.7086,-0.399554,0.554561;0.846112,-0.438016,0.206282,-0.2229
0.710358,-0.410379,0.558034;0.851625,-0.428097,0.202868,-0.224302
0.712169,-0.421694,0.561604;0.857018,-0.418117,0.199426,-0.225673
0.714034,-0.433505,0.565272;0.862287,-0.408078,0.195955,-0.227011
0.715566,-0.443315,0.568278;0.866415,-0.400005,0.193158,-0.228059
0.717133,-0.453451,0.571347;0.870464,-0.391895,0.190344,-0.229085
0.718735,-0.463915,0.574482;0.874433,-0.38375,0.187512,-0.230091
0.720373,-0.474712,0.577681;0.878323,-0.375569,0.184664,-0.231076
0.722047,-0.485844,0.580946;0.882132,-0.367355,0.181798,-0.23204
0.723756,-0.497315,0.584278;0.885861,-0.359107,0.178916,-0.232983
0.725502,-0.509129,0.587676;0.88951,-0.350826,0.176017,-0.233904
0.727284,-0.521288,0.591141;0.893077,-0.342513,0.173103,-0.234804
0.729103,-0.533797,0.594675;0.896563,-0.334169,0.170172,-0.235683
0.730491,-0.543409,0.597369;0.899124,-0.327891,0.167964,-0.236328
0.731899,-0.553222,0.600103;0.901639,-0.321596,0.165748,-0.236961
0.733329,-0.563236,0.602876;0.904108,-0.315285,0.163523,-0.237581
