0.77992,0.127008,0.423954;-0.47803,0.68986,-0.231832,-0.491767
0.780634,0.116107,0.420991;-0.48587,0.68632,-0.239007,-0.485562
0.781295,0.105459,0.418025;-0.493631,0.682668,-0.246144,-0.479277
0.781905,0.0950609,0.415056;-0.50131,0.678904,-0.25324,-0.472913
0.782463,0.08491,0.412084;-0.508907,0.675028,-0.260295,-0.466473
0.782971,0.0750034,0.409109;-0.516421,0.671042,-0.267307,-0.459955
0.78343,0.0653385,0.406133;-0.52385,0.666946,-0.274275,-0.453362
0.783904,0.0543643,0.402659;-0.532409,0.662029,-0.282347,-0.445577
0.784313,0.0437107,0.399184;-0.540849,0.656964,-0.290357,-0.437692
0.784658,0.0333732,0.395708;-0.549168,0.651753,-0.298302,-0.429709
0.78494,0.0233474,0.392233;-0.557364,0.646395,-0.30618,-0.42163
0.785162,0.0136289,0.38876;-0.565436,0.640894,-0.31399,-0.413457
0.785323,0.00421317,0.385288;-0.573382,0.63525,-0.321729,-0.405192
0.785436,-0.00618251,0.381325;-0.582306,0.628626,-0.330487,-0.395636
0.785473,-0.0161951,0.377366;-0.591061,0.621818,-0.339148,-0.385964
0.785438,-0.0258311,0.373413;-0.599643,0.614829,-0.34771,-0.37618
0.785332,-0.0350973,0.369468;-0.60805,0.607661,-0.356171,-0.366286
0.78513,-0.0450879,0.36504;-0.617296,0.599386,-0.365565,-0.355028
0.784843,-0.0546281,0.360624;-0.626314,0.590889,-0.374824,-0.343639
0.784473,-0.0637275,0.356223;-0.635102,0.582174,-0.383945,-0.332123
0.78397,-0.0733323,0.351351;-0.64459,0.572239,-0.393913,-0.319184
0.783371,-0.0824173,0.346501;-0.653786,0.562043,-0.403702,-0.306099
0.782608,-0.0918259,0.341194;-0.663556,0.550533,-0.414256,-0.291545
0.78174,-0.100638,0.335919;-0.672961,0.538719,-0.424583,-0.276831
0.780678,-0.109593,0.330206;-0.682797,0.525492,-0.435581,-0.260605
0.779503,-0.11788,0.324539;-0.692186,0.511921,-0.446294,-0.244208
0.77811,-0.126132,0.318456;-0.701844,0.49684,-0.457569,-0.226265
0.776479,-0.134206,0.311976;-0.711641,0.480172,-0.469317,-0.206747
0.774591,-0.141961,0.305124;-0.721433,0.461837,-0.481438,-0.18563
0.772432,-0.149259,0.297925;-0.731062,0.44176,-0.493824,-0.162896
0.76999,-0.155969,0.290412;-0.740358,0.419863,-0.506353,-0.138534
0.767256,-0.161973,0.282621;-0.749139,0.396077,-0.518891,-0.112541
0.76423,-0.167161,0.274596;-0.757208,0.370336,-0.531295,-0.0849241
0.760746,-0.171629,0.265982;-0.764678,0.341178,-0.543988,-0.0542397
0.756976,-0.175009,0.257268;-0.770856,0.309898,-0.556113,-0.0219784
0.752767,-0.177337,0.248153;-0.775656,0.274998,-0.567941,0.0132685
0.748329,-0.178444,0.239125;-0.778494,0.237878,-0.578677,0.0499457
0.743539,-0.178356,0.229952;-0.779068,0.197031,-0.588421,0.0893943
0.738651,-0.177123,0.221118;-0.776933,0.153982,-0.596463,0.129989
0.733593,-0.174831,0.212479;-0.771567,0.107252,-0.602715,0.172964
0.728584,-0.171715,0.20439;-0.776117,0.0827359,-0.590443,0.205362
0.723285,-0.16763,0.196381;-0.800406,0.0940999,-0.548438,0.22296
0.717952,-0.162797,0.189077;-0.82529,0.106693,-0.498852,0.242198
0.712454,-0.15728,0.182796;-0.852003,0.121768,-0.434887,0.264833
0.705592,-0.151643,0.180133;-0.891606,0.150241,-0.297855,0.306184
0.704847,-0.157045,0.188386;-0.908554,0.170423,-0.184092,0.33406
0.706143,-0.164106,0.195824;-0.912045,0.179254,-0.128441,0.345752
0.707868,-0.171693,0.202945;-0.912674,0.185488,-0.0864121,0.353769
0.70982,-0.179675,0.209913;-0.911895,0.190419,-0.0512612,0.359945
0.711902,-0.187905,0.216729;-0.910261,0.194492,-0.0207417,0.36492
0.713954,-0.19588,0.223067;-0.908186,0.197791,0.00509957,0.368852
0.716056,-0.203973,0.229291;-0.905748,0.200669,0.028589,0.372203
0.718143,-0.211972,0.235273;-0.903107,0.203161,0.0497157,0.375035
0.72042,-0.220675,0.24162;-0.900044,0.205558,0.0708192,0.377691
0.722645,-0.229173,0.247679;-0.907873,0.179606,0.0732461,0.371676
0.724823,-0.237456,0.253484;-0.915233,0.153337,0.0740423,0.365176
0.727127,-0.246162,0.259501;-0.921873,0.126948,0.0747803,0.358389
0.729364,-0.254539,0.265225;-0.927357,0.102499,0.0754093,0.351874
0.731702,-0.26321,0.271095;-0.93222,0.0779816,0.0759876,0.345123
0.733934,-0.271391,0.27659;-0.936129,0.0554609,0.0764731,0.338731
0.736248,-0.279767,0.282181;-0.93951,0.032909,0.0769154,0.332148
0.738642,-0.288315,0.287855;-0.942361,0.0103385,0.0773144,0.325378
0.741113,-0.297011,0.2936;-0.944682,-0.0122377,0.0776698,0.318425
0.743662,-0.305829,0.299402;-0.94647,-0.0348071,0.0779815,0.311292
0.746284,-0.314746,0.305248;-0.947724,-0.0573569,0.0782492,0.303983
0.748731,-0.322917,0.310592;-0.948401,-0.077829,0.0784543,0.297191
0.751236,-0.331131,0.315952;-0.948637,-0.0982648,0.0786228,0.29026
0.753798,-0.33937,0.321319;-0.94843,-0.118655,0.0787548,0.283193
0.756415,-0.347614,0.326684;-0.947782,-0.13899,0.07885,0.275995
0.759086,-0.355846,0.332036;-0.946693,-0.15926,0.0789086,0.268668
0.76181,-0.364048,0.337367;-0.945162,-0.179456,0.0789303,0.261216
0.764585,-0.3722,0.342667;-0.943192,-0.199568,0.0789154,0.253643
0.76741,-0.380286,0.347925;-0.940782,-0.219587,0.0788636,0.245951
0.770572,-0.389079,0.353651;-0.937625,-0.24149,0.0787643,0.237358
0.773791,-0.397745,0.359302;-0.933939,-0.263257,0.0786206,0.228631
0.777064,-0.406258,0.364867;-0.929727,-0.284875,0.0784326,0.219776
0.780389,-0.414594,0.370332;-0.924992,-0.306333,0.0782004,0.210796
0.783765,-0.422729,0.375684;-0.919735,-0.327618,0.0779241,0.201698
0.78719,-0.430638,0.380912;-0.91396,-0.348719,0.0776039,0.192486
0.790979,-0.438979,0.386456;-0.907072,-0.371513,0.0772047,0.182313
0.794821,-0.44699,0.39182;-0.899576,-0.394058,0.0767537,0.172018
0.798713,-0.45464,0.396986;-0.891477,-0.416339,0.0762513,0.161607
0.802984,-0.462483,0.40234;-0.882028,-0.440161,0.0756493,0.150207
0.807643,-0.470367,0.4078;-0.871076,-0.465427,0.0749344,0.137798
0.812359,-0.477618,0.412919;-0.859329,-0.490269,0.0741511,0.125263
0.817471,-0.484629,0.417992;-0.845873,-0.516388,0.0732368,0.111706
0.823333,-0.491548,0.423189;-0.829552,-0.545334,0.0721078,0.0962011
0.829962,-0.497885,0.428247;-0.809991,-0.576814,0.0707312,0.0787196
0.837372,-0.503028,0.432837;-0.786788,-0.610479,0.0690715,0.0592451
0.846288,-0.506373,0.436813;-0.757062,-0.648915,0.0669111,0.035906
0.85601,-0.506281,0.439127;-0.722487,-0.688301,0.0643592,0.0105843
0.865437,-0.502228,0.439238;-0.686872,-0.724022,0.0616953,-0.0138344
0.873079,-0.495891,0.437694;-0.656523,-0.751215,0.0594015,-0.0335291
0.879558,-0.488249,0.435174;-0.628487,-0.774295,0.060066,-0.0431618
0.884961,-0.480251,0.432207;-0.60068,-0.795957,0.0680099,-0.0318059
0.889752,-0.471974,0.428945;-0.575237,-0.814254,0.0749897,-0.021673
0.894224,-0.463282,0.425386;-0.550792,-0.830569,0.0814561,-0.0121508
0.898375,-0.454406,0.421652;-0.527481,-0.845051,0.0874184,-0.00325239
0.902205,-0.445547,0.41785;-0.505425,-0.857842,0.092887,0.00501315
0.905714,-0.436875,0.414071;-0.48473,-0.869079,0.0978733,0.0126397
0.909195,-0.427757,0.410048;-0.463725,-0.879762,0.102797,0.0202582
0.912357,-0.419034,0.406158;-0.444211,-0.889063,0.107253,0.0272305
0.91549,-0.409985,0.402088;-0.424458,-0.897887,0.111652,0.0341883
0.91859,-0.400632,0.397847;-0.404478,-0.906229,0.115991,0.0411278
0.921377,-0.391884,0.393855;-0.386127,-0.913393,0.119881,0.0474174
0.924132,-0.382921,0.38974;-0.367604,-0.920152,0.123719,0.053686
0.926853,-0.37376,0.385511;-0.348918,-0.926503,0.127501,0.0599308
0.929539,-0.364417,0.381177;-0.330078,-0.932444,0.131227,0.0661491
0.932186,-0.35491,0.376746;-0.311092,-0.937972,0.134895,0.0723381
0.934793,-0.345255,0.372226;-0.291968,-0.943085,0.138504,0.078495
0.937357,-0.33547,0.367627;-0.272715,-0.947781,0.142051,0.0846172
0.939627,-0.326566,0.363427;-0.255284,-0.951648,0.145189,0.0900953
0.941859,-0.317583,0.359175;-0.237761,-0.955173,0.148276,0.095541
0.944052,-0.308532,0.354878;-0.220152,-0.958356,0.151309,0.100952
0.946204,-0.299427,0.350541;-0.202465,-0.961196,0.154288,0.106328
0.948314,-0.29028,0.346172;-0.184706,-0.96369,0.157212,0.111665
0.950379,-0.281102,0.341776;-0.166879,-0.965839,0.160079,0.116962
0.952399,-0.271908,0.33736;-0.148994,-0.967642,0.162889,0.122217
0.954372,-0.262708,0.33293;-0.131054,-0.969098,0.165641,0.127428
0.956295,-0.253515,0.328491;-0.113068,-0.970205,0.168333,0.132594
0.958169,-0.244342,0.324051;-0.095041,-0.970965,0.170964,0.137712
0.95999,-0.235201,0.319615;-0.07698,-0.971377,0.173535,0.14278
0.961759,-0.226105,0.31519;-0.0588914,-0.97144,0.176043,0.147798
0.963472,-0.217065,0.310782;-0.0407817,-0.971155,0.178488,0.152762
0.965128,-0.208094,0.306396;-0.0226573,-0.970522,0.180869,0.157672
0.966726,-0.199206,0.30204;-0.00452483,-0.96954,0.183185,0.162525
0.968432,-0.18944,0.297242;0.015624,-0.968042,0.185681,0.167849
0.970061,-0.179807,0.292496;0.0357659,-0.966115,0.188095,0.173098
0.971613,-0.170325,0.287811;0.0558919,-0.96376,0.190426,0.178271
0.973084,-0.161009,0.283196;0.0759933,-0.960978,0.192673,0.183365
0.974472,-0.151878,0.278658;0.0960609,-0.957771,0.194834,0.188378
0.975776,-0.142947,0.274207;0.116086,-0.95414,0.196909,0.193307
0.97711,-0.133376,0.269421;0.138054,-0.949658,0.199091,0.19863
0.978336,-0.124092,0.264761;0.159948,-0.944667,0.201166,0.203847
0.979452,-0.115117,0.260238;0.181756,-0.93917,0.203133,0.208955
0.980539,-0.105704,0.255475;0.205436,-0.932599,0.205155,0.214399
0.981487,-0.0967163,0.250904;0.228984,-0.925434,0.207046,0.219707
0.982353,-0.0874918,0.246185;0.254329,-0.917005,0.208946,0.225298
0.983093,-0.0781959,0.241396;0.281411,-0.907162,0.210817,0.231131
0.983657,-0.069022,0.236628;0.310156,-0.895742,0.212618,0.237158
0.984002,-0.0596787,0.231714;0.342358,-0.88172,0.214404,0.243703
0.984004,-0.0506602,0.226887;0.377828,-0.864716,0.216075,0.250648
0.983445,-0.0419155,0.222063;0.419953,-0.842284,0.217635,0.258519
0.981277,-0.0334741,0.216991;0.483876,-0.803236,0.219053,0.269616
0.973842,-0.0356573,0.21626;0.570077,-0.738495,0.225066,0.281037
0.968692,-0.0442292,0.219531;0.548843,-0.74949,0.252971,0.270262
0.964344,-0.0531311,0.223185;0.533005,-0.756749,0.272895,0.262232
0.96028,-0.0622466,0.227025;0.519284,-0.762438,0.289593,0.255281
0.956297,-0.0716686,0.231051;0.506564,-0.767248,0.304634,0.248841
0.952491,-0.0809835,0.235064;0.494919,-0.77128,0.318054,0.242948
0.948939,-0.0898637,0.238911;0.484416,-0.774627,0.329885,0.237635
0.945237,-0.0992532,0.242992;0.473772,-0.777749,0.34162,0.232253
0.941393,-0.109099,0.247281;0.462992,-0.780646,0.353257,0.226803
0.937918,-0.118045,0.251183;0.453448,-0.782996,0.363355,0.221981
0.934345,-0.127264,0.255207;0.443804,-0.785171,0.373372,0.21711
0.930679,-0.13672,0.259334;0.434062,-0.787173,0.383307,0.212191
0.926924,-0.146376,0.263546;0.424223,-0.789,0.393157,0.207224
0.923086,-0.156198,0.267826;0.414291,-0.790652,0.402919,0.202212
0.91917,-0.166148,0.272156;0.404266,-0.792128,0.412592,0.197155
0.915181,-0.176192,0.276517;0.394152,-0.793429,0.422173,0.192054
0.911707,-0.184848,0.280267;0.385413,-0.794404,0.430312,0.187647
0.908187,-0.193524,0.284017;0.376611,-0.795249,0.43838,0.183211
0.904622,-0.202197,0.287754;0.367748,-0.795965,0.446376,0.178744
0.901018,-0.210845,0.291468;0.358824,-0.796551,0.4543,0.174248
0.897375,-0.219445,0.295147;0.349843,-0.797008,0.46215,0.169724
0.893083,-0.229388,0.299381;0.339292,-0.797376,0.471213,0.164411
0.88875,-0.239199,0.303535;0.328666,-0.797567,0.480172,0.159061
0.88438,-0.248842,0.307591;0.317968,-0.797581,0.489024,0.153676
0.879979,-0.258283,0.311531;0.307198,-0.797419,0.497767,0.148257
0.875551,-0.267484,0.315337;0.296361,-0.79708,0.5064,0.142805
0.871102,-0.276411,0.318991;0.285458,-0.796563,0.514921,0.137322
0.866637,-0.285027,0.322477;0.274491,-0.795871,0.523327,0.131808
0.86152,-0.294447,0.32623;0.261884,-0.794863,0.532792,0.12547
0.856397,-0.303362,0.329712;0.2492,-0.793624,0.542103,0.119096
0.851273,-0.311717,0.332896;0.236445,-0.792156,0.551257,0.112688
0.84552,-0.320381,0.336089;0.222013,-0.79023,0.561364,0.10544
0.839787,-0.328194,0.338834;0.2075,-0.788014,0.571265,0.0981527
0.833454,-0.335784,0.341311;0.191285,-0.785213,0.58202,0.090014
0.825927,-0.343233,0.343419;0.171714,-0.781383,0.594579,0.0801941
0.81789,-0.349063,0.344538;0.150386,-0.776659,0.607746,0.0694971
0.80821,-0.35271,0.344088;0.12398,-0.77003,0.623312,0.0562594
0.798246,-0.351869,0.341178;0.0957664,-0.762009,0.63906,0.0421232
0.790339,-0.347174,0.336723;0.0724362,-0.754654,0.651401,0.0304395
0.784343,-0.340748,0.331817;0.0540592,-0.748405,0.660694,0.02124
0.779076,-0.332688,0.326222;0.0373269,-0.742369,0.668827,0.0128666
0.774999,-0.324647,0.32093;0.0239285,-0.737298,0.675116,0.00616343
0.771538,-0.316403,0.315683;0.0121991,-0.732685,0.680459,0.000296661
0.76818,-0.306995,0.309841;0.000466972,-0.72791,0.68565,-0.00557017
0.765389,-0.297976,0.304346;-0.0095893,-0.723688,0.689979,-0.0105979
0.76268,-0.288054,0.29839;-0.019644,-0.719349,0.694196,-0.015624
0.76049,-0.279077,0.293067;-0.0280206,-0.715643,0.697623,-0.0198105
0.758361,-0.269444,0.287408;-0.036394,-0.711856,0.700971,-0.0239947
0.756296,-0.259141,0.281409;-0.0447632,-0.707989,0.70424,-0.0281762
0.754691,-0.250408,0.276359;-0.051455,-0.704837,0.706798,-0.0315191
