0.793244,-0.3465,0.579284;0.938312,0.128314,0.254032,-0.196403
0.788549,-0.353145,0.57118;0.93857,0.134509,0.248204,-0.198465
0.783971,-0.359617,0.563215;0.938756,0.140695,0.242357,-0.200511
0.779509,-0.365916,0.555389;0.938871,0.146869,0.236491,-0.202541
0.775162,-0.372044,0.547699;0.938913,0.153033,0.230607,-0.204557
0.770929,-0.378003,0.540145;0.938884,0.159185,0.224705,-0.206556
0.766809,-0.383793,0.532726;0.938782,0.165324,0.218786,-0.20854
0.762801,-0.389416,0.525441;0.938609,0.171451,0.21285,-0.210508
0.757946,-0.396212,0.516521;0.93829,0.179091,0.205407,-0.212945
0.753263,-0.402751,0.507807;0.93786,0.186709,0.19794,-0.215356
0.748749,-0.409035,0.499296;0.937317,0.194305,0.190449,-0.217742
0.744402,-0.415067,0.490987;0.936662,0.201878,0.182935,-0.220101
0.740221,-0.42085,0.482877;0.935894,0.209427,0.1754,-0.222434
0.736203,-0.426386,0.474964;0.935015,0.21695,0.167843,-0.224741
0.732347,-0.431677,0.467247;0.934023,0.224448,0.160266,-0.227021
0.727929,-0.437707,0.458241;0.932686,0.233409,0.151149,-0.22972
0.723738,-0.443392,0.44951;0.931187,0.242331,0.142005,-0.23238
0.719769,-0.448736,0.44105;0.929528,0.25121,0.132837,-0.235
0.716019,-0.453745,0.432858;0.927709,0.260046,0.123646,-0.237579
0.711917,-0.459169,0.423634;0.925384,0.270298,0.112897,-0.240537
0.708104,-0.464147,0.414764;0.922842,0.280487,0.102121,-0.243438
0.704573,-0.468687,0.406243;0.920083,0.290609,0.0913207,-0.246281
0.700877,-0.473347,0.396924;0.916665,0.302094,0.0789516,-0.249461
0.697535,-0.477452,0.388045;0.912966,0.313487,0.0665584,-0.252563
0.694189,-0.481421,0.37857;0.908471,0.326188,0.0525917,-0.255961
0.690971,-0.48504,0.368669;0.903062,0.340152,0.0370496,-0.25962
0.688263,-0.487846,0.35941;0.897221,0.353953,0.0214896,-0.263154
0.685856,-0.490016,0.349949;0.890299,0.368938,0.00436209,-0.266896
0.683754,-0.491377,0.339715;0.881453,0.386371,-0.015882,-0.271119
0.682352,-0.491432,0.329803;0.871129,0.404794,-0.0376685,-0.275421
0.68179,-0.489769,0.319828;0.858329,0.425384,-0.0625229,-0.280021
0.682406,-0.485795,0.310252;0.842671,0.447921,-0.0903908,-0.284785
0.684256,-0.479701,0.302325;0.825704,0.469764,-0.118118,-0.289106
0.687051,-0.472103,0.296269;0.808503,0.489723,-0.144138,-0.292776
0.690541,-0.463403,0.291765;0.791291,0.50789,-0.168445,-0.295859
0.694227,-0.454623,0.288722;0.775433,0.523276,-0.189546,-0.29826
0.698137,-0.445543,0.286605;0.760055,0.537122,-0.20898,-0.300238
0.702132,-0.436407,0.285225;0.745314,0.549518,-0.226769,-0.301848
0.70647,-0.426581,0.284368;0.730058,0.561535,-0.244402,-0.30325
0.710723,-0.416997,0.284018;0.715631,0.57221,-0.260418,-0.304352
0.714801,-0.407828,0.284042;0.702155,0.581627,-0.274847,-0.3052
0.719065,-0.398243,0.284375;0.688343,0.590765,-0.289144,-0.305902
0.723499,-0.388264,0.285001;0.674201,0.59962,-0.303303,-0.306457
0.727621,-0.378961,0.285801;0.661196,0.607344,-0.315922,-0.306831
0.731856,-0.369367,0.286813;0.647935,0.614833,-0.328418,-0.307086
0.736192,-0.359497,0.288026;0.634423,0.622082,-0.340787,-0.307222
0.740618,-0.349365,0.289427;0.620664,0.629091,-0.353023,-0.307239
0.744618,-0.340151,0.290822;0.608232,0.635115,-0.363785,-0.307153
0.748671,-0.330751,0.292347;0.595613,0.640945,-0.374435,-0.306974
0.752771,-0.321175,0.293995;0.582811,0.646578,-0.384971,-0.3067
0.756907,-0.311433,0.295758;0.569831,0.652013,-0.395388,-0.306333
0.761073,-0.301535,0.297627;0.556676,0.657248,-0.405684,-0.305871
0.765261,-0.291491,0.299594;0.54335,0.662282,-0.415856,-0.305315
0.769461,-0.281311,0.301651;0.529857,0.667112,-0.4259,-0.304666
0.773705,-0.270911,0.303809;0.524769,0.673757,-0.421612,-0.304816
0.777838,-0.260664,0.305986;0.519994,0.68022,-0.417023,-0.304958
0.781969,-0.250305,0.308233;0.515175,0.686624,-0.412398,-0.305074
0.786093,-0.239838,0.310545;0.510312,0.692969,-0.407738,-0.305164
0.790206,-0.229266,0.31292;0.505405,0.699255,-0.403043,-0.305228
0.794306,-0.218596,0.315352;0.500455,0.705481,-0.398314,-0.305266
0.798387,-0.20783,0.317838;0.495462,0.711647,-0.39355,-0.305277
0.802447,-0.196974,0.320373;0.490427,0.717752,-0.388753,-0.305262
0.806482,-0.186031,0.322954;0.48535,0.723795,-0.383922,-0.305222
0.809822,-0.17685,0.325137;0.481087,0.728784,-0.379872,-0.305168
0.813141,-0.167614,0.327346;0.476795,0.733729,-0.375799,-0.305096
0.816434,-0.158326,0.329579;0.472475,0.738631,-0.371703,-0.305005
0.819701,-0.14899,0.331834;0.468127,0.743489,-0.367586,-0.304897
0.82294,-0.139606,0.334108;0.463752,0.748302,-0.363446,-0.30477
0.826147,-0.130179,0.336399;0.459348,0.753071,-0.359285,-0.304626
0.829321,-0.12071,0.338704;0.454918,0.757796,-0.355103,-0.304463
0.83246,-0.111202,0.341022;0.45046,0.762475,-0.350899,-0.304282
0.835562,-0.101657,0.34335;0.445975,0.767109,-0.346675,-0.304083
0.838624,-0.0920791,0.345685;0.441464,0.771697,-0.34243,-0.303866
0.841645,-0.0824695,0.348025;0.436927,0.77624,-0.338164,-0.303631
0.844622,-0.072831,0.350368;0.432364,0.780736,-0.333879,-0.303378
0.847552,-0.0631663,0.352711;0.427774,0.785186,-0.329573,-0.303107
0.850435,-0.0534779,0.355052;0.42316,0.789589,-0.325248,-0.302817
0.853267,-0.0437683,0.357389;0.41852,0.793945,-0.320904,-0.30251
0.856047,-0.0340401,0.359719;0.413856,0.798254,-0.316541,-0.302185
0.858772,-0.0242958,0.36204;0.409167,0.802516,-0.312159,-0.301842
0.861441,-0.014538,0.36435;0.404453,0.806729,-0.307758,-0.30148
0.86405,-0.00476922,0.366645;0.399716,0.810895,-0.303339,-0.301101
0.866598,0.00500797,0.368925;0.394955,0.815013,-0.298902,-0.300704
0.869084,0.014791,0.371186;0.39017,0.819082,-0.294447,-0.300289
0.871503,0.0245774,0.373426;0.385362,0.823102,-0.289974,-0.299857
0.873856,0.0343646,0.375643;0.380531,0.827074,-0.285485,-0.299406
0.876138,0.0441501,0.377834;0.375677,0.830996,-0.280978,-0.298938
0.878349,0.0539312,0.379997;0.370801,0.834869,-0.276455,-0.298452
0.880485,0.0637054,0.38213;0.365904,0.838692,-0.271915,-0.297948
0.882546,0.0734703,0.384229;0.360984,0.842465,-0.267359,-0.297426
0.884528,0.0832232,0.386294;0.356043,0.846188,-0.262787,-0.296887
0.886429,0.0929616,0.388322;0.35108,0.849861,-0.258199,-0.29633
0.888248,0.102683,0.390309;0.346097,0.853484,-0.253597,-0.295755
0.889983,0.112385,0.392254;0.341093,0.857055,-0.248979,-0.295163
0.89163,0.122064,0.394155;0.336069,0.860576,-0.244346,-0.294553
0.893489,0.133647,0.396374;0.330014,0.864733,-0.238768,-0.293798
0.895215,0.14519,0.398521;0.323931,0.868816,-0.233169,-0.293018
0.896807,0.156688,0.400592;0.317819,0.872825,-0.22755,-0.292213
0.898258,0.168138,0.402583;0.311681,0.876759,-0.221912,-0.291383
0.899566,0.179534,0.40449;0.305516,0.880618,-0.216254,-0.290528
0.900728,0.190873,0.40631;0.299325,0.884401,-0.210578,-0.289648
0.901739,0.20215,0.408037;0.293108,0.888109,-0.204884,-0.288744
0.902595,0.213361,0.409668;0.286866,0.891741,-0.199173,-0.287814
0.903293,0.2245,0.411198;0.280599,0.895296,-0.193445,-0.28686
0.90383,0.235565,0.412625;0.274308,0.898775,-0.187699,-0.285881
0.904201,0.24655,0.413942;0.267994,0.902176,-0.181938,-0.284878
0.904402,0.257451,0.415148;0.261657,0.905501,-0.176162,-0.283851
0.904431,0.268264,0.416236;0.255298,0.908747,-0.17037,-0.282799
0.904282,0.278984,0.417204;0.248916,0.911917,-0.164563,-0.281723
0.903954,0.289607,0.418047;0.242514,0.915007,-0.158743,-0.280623
0.903441,0.300128,0.418761;0.23609,0.91802,-0.152909,-0.279499
0.90274,0.310543,0.419342;0.229647,0.920954,-0.147062,-0.27835
0.901848,0.320848,0.419786;0.223183,0.923809,-0.141202,-0.277178
0.90076,0.331038,0.420088;0.216701,0.926585,-0.13533,-0.275983
0.899473,0.341109,0.420246;0.2102,0.929282,-0.129447,-0.274763
0.897984,0.351056,0.420254;0.203681,0.931899,-0.123552,-0.27352
0.895984,0.362499,0.420069;0.196053,0.934851,-0.116662,-0.272041
0.893881,0.372914,0.419707;0.200246,0.934864,-0.111647,-0.271045
0.891489,0.383359,0.419148;0.226723,0.929197,-0.109186,-0.270682
0.888853,0.393632,0.418405;0.253033,0.922842,-0.106645,-0.270119
0.885987,0.403727,0.417484;0.279156,0.915805,-0.104024,-0.269355
0.8829,0.41364,0.416393;0.305072,0.908091,-0.101327,-0.268393
0.879603,0.423365,0.415139;0.330763,0.899705,-0.0985545,-0.267232
0.87611,0.432896,0.413729;0.356209,0.890655,-0.0957093,-0.265874
0.872429,0.442227,0.412171;0.381392,0.880946,-0.0927934,-0.264319
0.868573,0.451354,0.410471;0.406293,0.870585,-0.0898089,-0.262569
0.864211,0.461005,0.408479;0.432929,0.858635,-0.0865009,-0.260454
0.859671,0.470401,0.406339;0.45919,0.84594,-0.0831177,-0.258112
0.854967,0.479537,0.40406;0.485052,0.832511,-0.0796625,-0.255547
0.850112,0.488405,0.401651;0.510493,0.818359,-0.0761381,-0.25276
0.845122,0.496999,0.399122;0.535492,0.803498,-0.0725476,-0.249754
0.840011,0.505311,0.396482;0.560025,0.787939,-0.0688942,-0.246531
0.834387,0.513939,0.393525;0.585902,0.770419,-0.064893,-0.242821
0.828657,0.522224,0.390461;0.61119,0.752124,-0.0608265,-0.238866
0.822839,0.530157,0.387301;0.635862,0.733072,-0.0566988,-0.234672
0.816949,0.537728,0.384058;0.659894,0.713282,-0.052514,-0.230241
0.810581,0.54543,0.380504;0.684906,0.691283,-0.0479718,-0.225236
0.804174,0.552698,0.37688;0.709126,0.668485,-0.0433742,-0.219972
0.79775,0.559519,0.373202;0.732527,0.644915,-0.0387265,-0.214453
0.790904,0.566291,0.369235;0.756554,0.618953,-0.0337197,-0.208293
0.784089,0.572531,0.365238;0.779588,0.592177,-0.0286686,-0.20186
0.776915,0.578563,0.360979;0.802937,0.562876,-0.0232607,-0.194734
0.769426,0.584262,0.356479;0.826361,0.530942,-0.0174972,-0.186874
0.761682,0.589488,0.351764;0.849594,0.496277,-0.0113822,-0.178241
0.753758,0.594091,0.346872;0.872348,0.458795,-0.00492271,-0.168796
0.745744,0.597905,0.34185;0.894311,0.418426,0.00187037,-0.158507
0.737398,0.60085,0.33653;0.91604,0.373129,0.00930499,-0.146827
0.728926,0.602546,0.331018;0.936836,0.322748,0.0173568,-0.13368
0.720592,0.602561,0.325456;0.955918,0.267179,0.0259894,-0.119001
0.712478,0.600291,0.31985;0.972922,0.204271,0.0354657,-0.102171
0.705343,0.595122,0.31466;0.986104,0.136137,0.0453922,-0.0837003
0.700124,0.587314,0.310536;0.993932,0.0694462,0.0547814,-0.0653867
0.697089,0.578194,0.307767;0.996756,0.0110699,0.0627406,-0.0491701
0.69568,0.56822,0.30602;0.996136,-0.0408617,0.0696192,-0.034599
0.695517,0.557923,0.305084;0.994976,-0.0630556,0.0741974,-0.0232784
0.696214,0.54787,0.304743;0.99633,-0.0367245,0.0755243,-0.0165727
0.69752,0.537654,0.304794;0.996925,-0.0122494,0.0767063,-0.0103349
0.699259,0.527516,0.305136;0.996908,0.0103503,0.0777538,-0.00457095
0.701276,0.517662,0.305682;0.996416,0.031062,0.0786768,0.00071493
0.703677,0.507305,0.306435;0.995467,0.0517595,0.0795638,0.00600048
0.706173,0.497478,0.30729;0.994209,0.0705551,0.0803386,0.0108032
0.708952,0.487285,0.308294;0.992574,0.0893239,0.0810829,0.0156018
0.711997,0.476749,0.309437;0.990564,0.108059,0.0817966,0.0203946
0.714951,0.466993,0.310578;0.988434,0.124886,0.0824124,0.0247015
0.718096,0.456995,0.311815;0.986001,0.141674,0.0830029,0.0290008
0.721419,0.446774,0.313142;0.983266,0.158419,0.083568,0.0332913
0.724909,0.436345,0.31455;0.980229,0.175116,0.0841075,0.0375715
0.728141,0.426915,0.315865;0.977277,0.189912,0.0845654,0.0413665
0.731487,0.417348,0.317233;0.974089,0.204663,0.0850028,0.0451515
0.734938,0.407655,0.318649;0.970664,0.219363,0.0854196,0.0489256
0.738486,0.397848,0.320108;0.967005,0.234011,0.0858157,0.0526878
0.742123,0.38794,0.321605;0.963111,0.248602,0.086191,0.0564373
0.745841,0.377942,0.323133;0.958984,0.263133,0.0865455,0.060173
0.74963,0.367868,0.324688;0.954624,0.2776,0.0868789,0.0638942
0.753483,0.357728,0.326264;0.950034,0.292,0.0871914,0.0676
0.757391,0.347535,0.327857;0.945213,0.306329,0.0874827,0.0712893
0.761346,0.337302,0.32946;0.940163,0.320583,0.0877528,0.0749614
0.76534,0.32704,0.331068;0.934885,0.334761,0.0880016,0.0786153
0.769363,0.316761,0.332677;0.929381,0.348857,0.0882292,0.0822502
0.773409,0.306477,0.33428;0.923652,0.362868,0.0884353,0.0858651
0.777468,0.296201,0.335873;0.917699,0.376792,0.0886201,0.0894592
0.781532,0.285945,0.33745;0.911524,0.390624,0.0887833,0.0930317
0.785592,0.275721,0.339005;0.905127,0.404362,0.0889251,0.0965816
0.789641,0.26554,0.340534;0.898512,0.418002,0.0890453,0.100108
0.79367,0.255416,0.342031;0.891679,0.43154,0.089144,0.10361
0.79767,0.24536,0.34349;0.88463,0.444974,0.089221,0.107088
0.801634,0.235384,0.344907;0.877366,0.4583,0.0892765,0.110539
0.805552,0.2255,0.346276;0.86989,0.471515,0.0893103,0.113963
0.809417,0.215721,0.347592;0.862204,0.484616,0.0893224,0.11736
0.81322,0.206058,0.348849;0.854308,0.4976,0.089313,0.120729
0.816953,0.196524,0.350042;0.846205,0.510463,0.0892819,0.124068
0.820607,0.187131,0.351166;0.837898,0.523202,0.0892291,0.127377
0.824613,0.176748,0.352341;0.828309,0.537382,0.089144,0.131063
0.828498,0.166575,0.353414;0.818467,0.551397,0.0890315,0.134708
0.832248,0.15663,0.354377;0.808373,0.565244,0.0888917,0.138313
0.835853,0.14693,0.355223;0.798032,0.578916,0.0887246,0.141875
0.8393,0.137493,0.355944;0.787446,0.592412,0.0885304,0.145393
0.842931,0.127336,0.35659;0.775401,0.607194,0.0882827,0.14925
0.846335,0.117548,0.357062;0.763062,0.621745,0.0880016,0.153051
0.8498,0.107236,0.357367;0.749156,0.63748,0.087654,0.157164
0.852951,0.0974305,0.357436;0.734907,0.652923,0.0872662,0.161206
0.856003,0.0873485,0.357225;0.718979,0.669429,0.0867975,0.165531
0.858825,0.0771965,0.356638;0.701281,0.686898,0.0862364,0.170114
0.86126,0.0672174,0.355565;0.681721,0.705219,0.0855705,0.174928
0.86322,0.0571053,0.353743;0.658748,0.725516,0.0847318,0.180271
0.864301,0.0474142,0.350851;0.630694,0.7503,0.0879084,0.177617
0.863995,0.0383727,0.346236;0.590596,0.786991,0.106782,0.142966
0.861763,0.0312131,0.339502;0.540207,0.825475,0.128291,0.101529
0.857716,0.027432,0.331197;0.48321,0.860641,0.150195,0.0569755
0.852662,0.0272432,0.322368;0.424573,0.889098,0.170491,0.0132768
0.847535,0.0298596,0.313984;0.368511,0.910007,0.188071,-0.0267599
0.842824,0.034363,0.306391;0.315948,0.924642,0.203112,-0.0629221
0.838512,0.0404934,0.299282;0.263843,0.934815,0.216767,-0.0975698
0.834959,0.0476378,0.293056;0.214461,0.940742,0.228631,-0.129378
0.83216,0.0557259,0.287566;0.166243,0.943224,0.239257,-0.159522
0.830228,0.0645264,0.282889;0.119427,0.942632,0.248704,-0.187959
0.82923,0.073835,0.279072;0.0742136,0.939331,0.257037,-0.214666
0.8292,0.0834722,0.276136;0.0307673,0.933679,0.264325,-0.239644
0.830138,0.0932808,0.274077;-0.0107803,0.926022,0.270641,-0.262906
0.832018,0.103124,0.27287;-0.0503272,0.916693,0.276062,-0.284484
0.834787,0.112885,0.272475;-0.087798,0.906007,0.280664,-0.304417
0.838372,0.122463,0.272833;-0.123141,0.894265,0.284522,-0.322759
0.842685,0.131771,0.273876;-0.156325,0.881748,0.287711,-0.339566
0.847622,0.140738,0.275524;-0.187336,0.868718,0.290306,-0.354905
0.853071,0.149305,0.277691;-0.216177,0.855418,0.292376,-0.368843
0.85891,0.157422,0.280284;-0.24286,0.842072,0.29399,-0.381449
0.865014,0.16505,0.283207;-0.267409,0.828887,0.295211,-0.392797
0.871803,0.17275,0.286649;-0.291715,0.81495,0.296165,-0.403788
0.878702,0.179913,0.290302;-0.313918,0.801429,0.296808,-0.41361
0.885578,0.186514,0.294068;-0.334057,0.78849,0.297195,-0.422332
0.892999,0.193143,0.298245;-0.35398,0.77504,0.297389,-0.43078
0.900232,0.199185,0.302409;-0.371892,0.762375,0.297399,-0.438217
0.907941,0.205236,0.306932;-0.389605,0.749302,0.297248,-0.445419
0.915297,0.210686,0.311318;-0.405368,0.737191,0.296976,-0.451697
0.923058,0.216134,0.316008;-0.420955,0.724761,0.296576,-0.457779
0.931234,0.221576,0.321011;-0.436359,0.712015,0.296046,-0.463661
0.938856,0.226405,0.325724;-0.449893,0.700426,0.295467,-0.468721
0.946819,0.231222,0.330695;-0.463272,0.688596,0.294787,-0.47362
0.955129,0.236026,0.335926;-0.476492,0.676529,0.294005,-0.478356
0.963793,0.240812,0.341423;-0.489548,0.664231,0.293123,-0.482928
0.971669,0.244983,0.346455;-0.500834,0.653282,0.292268,-0.486793
0.979825,0.249137,0.351697;-0.511989,0.642162,0.291336,-0.490529
0.987844,0.253069,0.35688;-0.522472,0.63143,0.290379,-0.493963
