0.714171,0.134209,0.6945;0.7453,-0.144164,0.21197,-0.615479
0.717423,0.126381,0.690162;0.746234,-0.143537,0.212408,-0.614341
0.720641,0.118655,0.685858;0.747165,-0.14291,0.212846,-0.613202
0.723823,0.111033,0.681589;0.748095,-0.142282,0.213283,-0.612062
0.726972,0.103512,0.677355;0.749023,-0.141654,0.21372,-0.610919
0.730086,0.0960926,0.673156;0.749949,-0.141026,0.214156,-0.609775
0.733165,0.0887745,0.668991;0.750873,-0.140397,0.214591,-0.60863
0.736211,0.0815571,0.664861;0.751794,-0.139767,0.215026,-0.607482
0.739222,0.0744399,0.660765;0.752714,-0.139138,0.21546,-0.606333
0.7422,0.0674224,0.656703;0.753631,-0.138508,0.215894,-0.605182
0.745145,0.0605041,0.652675;0.754547,-0.137877,0.216327,-0.60403
0.748055,0.0536847,0.648681;0.75546,-0.137246,0.216759,-0.602876
0.750933,0.0469635,0.64472;0.756371,-0.136615,0.217191,-0.60172
0.753777,0.0403403,0.640793;0.75728,-0.135983,0.217622,-0.600563
0.756588,0.0338144,0.6369;0.758187,-0.135352,0.218053,-0.599404
0.759366,0.0273855,0.63304;0.759092,-0.134719,0.218483,-0.598243
0.762111,0.021053,0.629213;0.759995,-0.134086,0.218912,-0.597081
0.764824,0.0148165,0.62542;0.760896,-0.133453,0.219341,-0.595917
0.767504,0.00867556,0.621659;0.761795,-0.13282,0.219769,-0.594751
0.770152,0.00262969,0.617931;0.762691,-0.132186,0.220197,-0.593584
0.772767,-0.00332159,0.614235;0.763586,-0.131552,0.220624,-0.592415
0.775351,-0.00917873,0.610572;0.764478,-0.130917,0.22105,-0.591245
0.777902,-0.0149422,0.606942;0.765369,-0.130282,0.221476,-0.590073
0.780422,-0.0206125,0.603344;0.766257,-0.129647,0.221901,-0.588899
0.782911,-0.02619,0.599778;0.767143,-0.129012,0.222326,-0.587723
0.785367,-0.0316752,0.596244;0.768027,-0.128376,0.22275,-0.586547
0.787793,-0.0370687,0.592741;0.768909,-0.127739,0.223173,-0.585368
0.790187,-0.0423707,0.589271;0.769789,-0.127103,0.223596,-0.584188
0.79255,-0.047582,0.585832;0.770666,-0.126466,0.224018,-0.583006
0.794882,-0.0527028,0.582424;0.771542,-0.125828,0.224439,-0.581822
0.797184,-0.0577336,0.579048;0.772415,-0.125191,0.22486,-0.580637
0.799455,-0.062675,0.575703;0.773287,-0.124552,0.225281,-0.579451
0.801695,-0.0675273,0.572389;0.774156,-0.123914,0.2257,-0.578263
0.803905,-0.0722911,0.569106;0.775023,-0.123275,0.226119,-0.577073
0.806085,-0.0769668,0.565853;0.775888,-0.122636,0.226538,-0.575881
0.808235,-0.0815549,0.562632;0.77675,-0.121997,0.226955,-0.574688
0.810355,-0.0860558,0.55944;0.777611,-0.121357,0.227373,-0.573494
0.812445,-0.0904701,0.55628;0.778469,-0.120717,0.227789,-0.572298
0.814506,-0.0947981,0.553149;0.779326,-0.120077,0.228205,-0.5711
0.816537,-0.0990404,0.550049;0.78018,-0.119436,0.22862,-0.569901
0.818539,-0.103197,0.546978;0.781032,-0.118795,0.229035,-0.5687
0.820512,-0.107269,0.543937;0.781882,-0.118153,0.229449,-0.567498
0.822455,-0.111257,0.540926;0.78273,-0.117512,0.229862,-0.566294
0.82437,-0.115161,0.537945;0.783575,-0.11687,0.230275,-0.565088
0.826256,-0.118982,0.534993;0.784419,-0.116227,0.230687,-0.563881
0.828114,-0.122719,0.53207;0.78526,-0.115584,0.231099,-0.562672
0.829943,-0.126374,0.529176;0.786099,-0.114941,0.23151,-0.561462
0.832633,-0.131703,0.52489;0.787354,-0.113976,0.232125,-0.559644
0.835261,-0.136849,0.520669;0.788604,-0.11301,0.232738,-0.557822
0.837826,-0.141813,0.516512;0.789848,-0.112044,0.233351,-0.555997
0.840328,-0.146597,0.51242;0.791088,-0.111077,0.233961,-0.554169
0.842769,-0.151204,0.50839;0.792324,-0.110109,0.234571,-0.552337
0.845148,-0.155633,0.504424;0.793554,-0.10914,0.235179,-0.550501
0.847467,-0.159887,0.50052;0.794779,-0.108171,0.235785,-0.548663
0.849726,-0.163968,0.496679;0.795999,-0.107201,0.23639,-0.546821
0.851925,-0.167877,0.492899;0.797215,-0.10623,0.236993,-0.544975
0.854064,-0.171615,0.48918;0.798425,-0.105259,0.237595,-0.543126
0.856145,-0.175184,0.485522;0.799631,-0.104287,0.238196,-0.541274
0.858167,-0.178586,0.481924;0.800831,-0.103315,0.238795,-0.539418
0.860132,-0.181823,0.478386;0.802027,-0.102342,0.239393,-0.537559
0.862039,-0.184895,0.474908;0.803218,-0.101368,0.239989,-0.535697
0.864494,-0.188738,0.470362;0.804798,-0.100068,0.240781,-0.533209
0.866849,-0.192297,0.465919;0.806369,-0.0987679,0.241571,-0.530714
0.869105,-0.195573,0.461579;0.807931,-0.0974663,0.242358,-0.528215
0.871264,-0.198572,0.457341;0.809484,-0.0961636,0.243143,-0.525709
0.873326,-0.201297,0.453203;0.811028,-0.0948599,0.243925,-0.523197
0.875293,-0.203751,0.449164;0.812564,-0.0935551,0.244704,-0.52068
0.87762,-0.206444,0.444254;0.81447,-0.0919227,0.245674,-0.517525
0.879802,-0.208728,0.439496;0.816363,-0.0902888,0.24664,-0.514362
0.881842,-0.210609,0.434887;0.818242,-0.0886532,0.247602,-0.511189
0.883741,-0.212096,0.430425;0.820106,-0.0870162,0.248559,-0.508008
0.885838,-0.213368,0.425263;0.822325,-0.0850497,0.249703,-0.504179
0.88774,-0.214096,0.420306;0.824524,-0.0830812,0.25084,-0.500338
0.889452,-0.21429,0.415551;0.826702,-0.0811106,0.251971,-0.496484
0.891213,-0.213859,0.410254;0.829217,-0.078809,0.253282,-0.491972
0.892726,-0.21274,0.405221;0.831704,-0.0765048,0.254585,-0.487444
0.893996,-0.210952,0.400446;0.834163,-0.074198,0.25588,-0.482899
0.895031,-0.208516,0.395923;0.836595,-0.0718887,0.257165,-0.478338
0.895837,-0.205451,0.391648;0.838998,-0.0695769,0.258442,-0.473761
0.896419,-0.201778,0.387613;0.841372,-0.0672629,0.259711,-0.469168
0.896784,-0.197515,0.383814;0.843719,-0.0649465,0.26097,-0.464559
0.896928,-0.193408,0.38074;0.845707,-0.0629593,0.262043,-0.460596
0.896922,-0.188896,0.377831;0.847675,-0.0609706,0.263109,-0.456622
0.896768,-0.183991,0.375084;0.849621,-0.0589803,0.264169,-0.452636
0.896471,-0.178706,0.372494;0.851547,-0.0569886,0.265222,-0.44864
0.896117,-0.17402,0.370454;0.853135,-0.0553278,0.266095,-0.4453
0.895668,-0.169087,0.368519;0.854709,-0.053666,0.266963,-0.441954
0.895127,-0.163912,0.366686;0.856268,-0.0520033,0.267826,-0.438599
0.894497,-0.158505,0.364954;0.857813,-0.0503397,0.268685,-0.435237
0.893778,-0.15287,0.363321;0.859342,-0.0486752,0.269539,-0.431868
0.892974,-0.147017,0.361784;0.860857,-0.0470099,0.270389,-0.428491
0.892271,-0.142182,0.360622;0.862059,-0.0456771,0.271065,-0.425784
0.891516,-0.137215,0.35952;0.86325,-0.0443437,0.271739,-0.423073
0.890709,-0.132121,0.358476;0.864433,-0.0430099,0.272409,-0.420356
0.889853,-0.126901,0.35749;0.865606,-0.0416756,0.273076,-0.417636
0.888949,-0.121562,0.356559;0.866769,-0.0403409,0.273741,-0.41491
0.887997,-0.116105,0.355684;0.867922,-0.0390057,0.274402,-0.41218
0.886998,-0.110535,0.354862;0.869067,-0.0376701,0.27506,-0.409446
0.885955,-0.104856,0.354093;0.870201,-0.036334,0.275716,-0.406707
0.884867,-0.0990713,0.353376;0.871326,-0.0349976,0.276368,-0.403963
0.883737,-0.0931846,0.35271;0.872442,-0.0336608,0.277017,-0.401215
0.882565,-0.0871996,0.352094;0.873548,-0.0323236,0.277663,-0.398463
0.881352,-0.0811202,0.351525;0.874644,-0.030986,0.278307,-0.395706
0.8801,-0.0749499,0.351005;0.87573,-0.0296481,0.278947,-0.392945
0.87881,-0.0686926,0.350531;0.876807,-0.0283099,0.279584,-0.39018
0.877483,-0.062352,0.350102;0.877875,-0.0269714,0.280218,-0.38741
0.87612,-0.0559317,0.349717;0.878932,-0.0256325,0.280848,-0.384636
0.874723,-0.0494356,0.349376;0.87998,-0.0242934,0.281476,-0.381858
0.873652,-0.0445159,0.349148;0.88076,-0.0232889,0.281945,-0.379772
0.872564,-0.0395572,0.348943;0.881534,-0.0222843,0.282412,-0.377683
0.871457,-0.0345611,0.34876;0.882303,-0.0212795,0.282877,-0.375592
0.870333,-0.0295291,0.3486;0.883066,-0.0202746,0.283341,-0.373499
0.869192,-0.0244627,0.348462;0.883824,-0.0192695,0.283802,-0.371403
0.868035,-0.0193637,0.348346;0.884576,-0.0182643,0.284262,-0.369305
0.866861,-0.0142334,0.34825;0.885323,-0.0172591,0.284721,-0.367205
0.865673,-0.00907362,0.348175;0.886064,-0.0162537,0.285177,-0.365102
0.864469,-0.00388577,0.348119;0.8868,-0.0152482,0.285632,-0.362997
0.863251,0.00132854,0.348084;0.887531,-0.0142426,0.286085,-0.36089
0.862018,0.00656773,0.348067;0.888256,-0.0132369,0.286536,-0.358781
0.860773,0.0118302,0.34807;0.888975,-0.0122312,0.286986,-0.356669
0.859514,0.0171145,0.34809;0.889689,-0.0112254,0.287433,-0.354556
0.858243,0.0224189,0.348129;0.890397,-0.0102195,0.287879,-0.35244
0.856959,0.0277419,0.348184;0.8911,-0.00921351,0.288323,-0.350322
0.855665,0.033082,0.348257;0.891798,-0.0082075,0.288765,-0.348201
0.854359,0.0384375,0.348346;0.89249,-0.00720143,0.289206,-0.346079
0.853042,0.0438069,0.34845;0.893176,-0.00619532,0.289645,-0.343954
0.851716,0.0491886,0.348571;0.893857,-0.00518917,0.290082,-0.341828
0.85038,0.0545811,0.348706;0.894532,-0.00418298,0.290517,-0.339699
0.849034,0.0599827,0.348856;0.895202,-0.00317677,0.29095,-0.337568
0.84768,0.0653919,0.349021;0.895866,-0.00217055,0.291382,-0.335435
0.846319,0.0708072,0.349199;0.896524,-0.00116431,0.291811,-0.3333
0.844949,0.076227,0.34939;0.897178,-0.000158057,0.292239,-0.331163
0.843572,0.0816496,0.349594;0.897825,0.000848193,0.292665,-0.329023
0.842291,0.0866747,0.349794;0.898984,0.0043104,0.294329,-0.324314
0.840876,0.0921994,0.350026;0.900254,0.0082866,0.29623,-0.318939
0.839454,0.097724,0.35027;0.901479,0.0122624,0.298116,-0.313548
0.838027,0.103248,0.350526;0.902659,0.0162376,0.299987,-0.308141
0.836593,0.108771,0.350795;0.903794,0.0202119,0.301843,-0.302719
0.835154,0.114291,0.351075;0.904884,0.0241853,0.303684,-0.297282
0.83371,0.119809,0.351366;0.905929,0.0281574,0.305509,-0.29183
0.832261,0.125323,0.351669;0.906928,0.0321282,0.30732,-0.286363
0.830806,0.130833,0.351983;0.907882,0.0360973,0.309115,-0.280882
0.829348,0.136338,0.352308;0.908791,0.0400647,0.310895,-0.275387
0.827885,0.141838,0.352644;0.909655,0.04403,0.312659,-0.269878
0.826418,0.147332,0.35299;0.910473,0.0479931,0.314408,-0.264356
0.824947,0.152818,0.353346;0.911245,0.0519539,0.316141,-0.258821
0.823473,0.158297,0.353712;0.911972,0.055912,0.317858,-0.253272
0.821996,0.163768,0.354089;0.912654,0.0598674,0.319559,-0.247711
0.820515,0.169229,0.354474;0.91329,0.0638197,0.321244,-0.242138
0.819032,0.174681,0.354869;0.91388,0.0677689,0.322914,-0.236552
0.817547,0.180123,0.355274;0.914425,0.0717147,0.324567,-0.230955
0.81606,0.185553,0.355687;0.914924,0.0756569,0.326204,-0.225346
0.81457,0.190972,0.356109;0.915378,0.0795954,0.327825,-0.219726
0.81308,0.196378,0.356539;0.915785,0.0835298,0.329429,-0.214095
0.811587,0.201771,0.356978;0.916147,0.0874601,0.331017,-0.208454
0.810094,0.20715,0.357425;0.916464,0.0913861,0.332588,-0.202801
0.8086,0.212515,0.35788;0.916734,0.0953074,0.334143,-0.197139
0.807105,0.217864,0.358343;0.916959,0.099224,0.335681,-0.191467
0.80561,0.223198,0.358813;0.917138,0.103136,0.337202,-0.185785
0.804115,0.228515,0.35929;0.917271,0.107042,0.338707,-0.180094
0.802621,0.233814,0.359775;0.917358,0.110943,0.340194,-0.174395
0.801127,0.239096,0.360266;0.9174,0.114839,0.341665,-0.168686
0.799633,0.244359,0.360764;0.917396,0.118729,0.343118,-0.162969
0.798141,0.249602,0.361268;0.917345,0.122613,0.344555,-0.157244
0.79665,0.254825,0.361778;0.91725,0.126491,0.345974,-0.151511
0.795161,0.260028,0.362295;0.917108,0.130362,0.347376,-0.14577
0.793673,0.265209,0.362817;0.916921,0.134227,0.34876,-0.140022
0.792188,0.270368,0.363344;0.916687,0.138085,0.350127,-0.134267
0.790705,0.275504,0.363877;0.916408,0.141937,0.351477,-0.128506
0.789225,0.280617,0.364416;0.916084,0.145781,0.352809,-0.122738
0.787747,0.285705,0.364959;0.915713,0.149618,0.354123,-0.116964
0.786273,0.290769,0.365507;0.915297,0.153448,0.35542,-0.111184
0.784802,0.295806,0.366059;0.914835,0.15727,0.356699,-0.105398
0.783335,0.300818,0.366615;0.914327,0.161084,0.357961,-0.0996074
0.781872,0.305802,0.367176;0.913774,0.16489,0.359204,-0.0938117
0.780414,0.310759,0.36774;0.913175,0.168688,0.360429,-0.0880112
0.778959,0.315687,0.368309;0.912531,0.172477,0.361637,-0.0822064
0.77751,0.320587,0.36888;0.911841,0.176258,0.362826,-0.0763975
0.776065,0.325456,0.369455;0.911105,0.18003,0.363997,-0.0705848
0.774626,0.330295,0.370033;0.910324,0.183793,0.365151,-0.0647685
0.773193,0.335103,0.370613;0.909498,0.187547,0.366285,-0.058949
0.771765,0.339879,0.371196;0.908626,0.191291,0.367402,-0.0531265
0.770141,0.345298,0.371865;0.907574,0.195559,0.368656,-0.0464691
0.768525,0.350672,0.372537;0.906463,0.199813,0.369885,-0.0398086
0.766918,0.356003,0.373212;0.905292,0.204055,0.371091,-0.0331455
0.765321,0.361287,0.373889;0.904063,0.208284,0.372272,-0.0264803
0.763732,0.366525,0.374567;0.902775,0.212499,0.373429,-0.0198133
0.762154,0.371716,0.375247;0.901428,0.2167,0.374562,-0.0131451
0.760586,0.376857,0.375928;0.900022,0.220887,0.37567,-0.00647597
0.759029,0.381949,0.37661;0.898557,0.225059,0.376754,0.000193568
0.757483,0.38699,0.377292;0.897034,0.229217,0.377813,0.00686309
0.755949,0.39198,0.377975;0.895452,0.23336,0.378847,0.0135322
0.754427,0.396916,0.378657;0.893812,0.237488,0.379857,0.0202004
0.752916,0.401799,0.37934;0.892114,0.2416,0.380842,0.0268672
0.751419,0.406626,0.380021;0.890357,0.245697,0.381802,0.0335324
0.749935,0.411398,0.380701;0.888542,0.249777,0.382737,0.0401953
0.748282,0.416698,0.381465;0.886432,0.254348,0.38376,0.0476879
0.746646,0.421924,0.382226;0.884248,0.258898,0.384751,0.0551767
0.745028,0.427076,0.382985;0.881991,0.263427,0.385709,0.0626608
0.74343,0.432151,0.383741;0.879661,0.267934,0.386637,0.0701398
0.74185,0.437147,0.384493;0.877259,0.272419,0.387532,0.077613
0.740291,0.442065,0.385242;0.874784,0.276881,0.388395,0.0850798
0.738752,0.446901,0.385985;0.872237,0.281321,0.389226,0.0925396
0.737235,0.451655,0.386724;0.869619,0.285737,0.390025,0.0999917
0.735574,0.456839,0.387539;0.866625,0.290616,0.390875,0.108262
0.733941,0.461917,0.388346;0.863542,0.295466,0.391685,0.116522
0.732336,0.466887,0.389146;0.860372,0.300285,0.392456,0.124769
0.73076,0.471748,0.389937;0.857114,0.305074,0.393186,0.133004
0.729214,0.476498,0.390719;0.853769,0.309832,0.393876,0.141225
0.727549,0.48159,0.391567;0.849988,0.315029,0.394589,0.150252
0.725921,0.486543,0.392404;0.846103,0.320188,0.395254,0.15926
0.724333,0.491353,0.393227;0.842114,0.325307,0.395869,0.168249
0.722647,0.496433,0.394108;0.837643,0.330845,0.396485,0.178031
0.721009,0.501337,0.394971;0.83305,0.336335,0.397043,0.187787
0.719422,0.506061,0.395815;0.828334,0.341776,0.397542,0.197515
0.717762,0.510971,0.396707;0.823088,0.347613,0.398017,0.208021
0.716163,0.515661,0.397574;0.817701,0.353391,0.398424,0.218492
0.714514,0.520461,0.398477;0.811742,0.359544,0.398785,0.229726
0.712832,0.525308,0.39941;0.805177,0.366058,0.399084,0.241711
0.711138,0.530134,0.400361;0.797971,0.372913,0.399301,0.254434
0.709454,0.534863,0.40132;0.790086,0.380091,0.399419,0.267879
0.707718,0.539651,0.402325;0.780999,0.38798,0.39941,0.282813
0.705987,0.544316,0.403349;0.770622,0.396533,0.39923,0.299198
0.704189,0.548986,0.40444;0.757816,0.406483,0.398782,0.318527
0.702327,0.553514,0.405622;0.740722,0.41884,0.397838,0.342971
0.700026,0.557391,0.407333;0.697662,0.446068,0.394001,0.398816
0.700602,0.552452,0.407442;0.656454,0.46792,0.388756,0.446079
0.701733,0.547457,0.407009;0.636749,0.477172,0.385801,0.466921
0.702944,0.54258,0.406477;0.623116,0.491179,0.380049,0.475428
0.704221,0.537656,0.405883;0.612589,0.510204,0.371646,0.475716
0.705518,0.532779,0.405258;0.603104,0.526624,0.364128,0.475755
0.706831,0.527923,0.40461;0.594307,0.541292,0.357195,0.47562
0.708193,0.522944,0.403926;0.585786,0.555017,0.350514,0.475343
0.709582,0.517913,0.403219;0.577573,0.567824,0.344107,0.474948
0.710976,0.512892,0.4025;0.5697,0.579737,0.33799,0.474457
0.712359,0.507941,0.40178;0.562194,0.590777,0.332182,0.473894
0.713713,0.503111,0.401069;0.555081,0.600969,0.326697,0.473277
0.715126,0.498084,0.40032;0.547865,0.611049,0.321152,0.472572
0.71649,0.493244,0.399592;0.541073,0.620309,0.315949,0.47184
0.717902,0.488242,0.398832;0.534196,0.629469,0.310697,0.471032
0.719362,0.483081,0.398043;0.527233,0.638529,0.305394,0.470149
0.72075,0.478179,0.397287;0.520731,0.646802,0.300457,0.469268
0.722175,0.473148,0.396507;0.514159,0.654987,0.295478,0.468323
0.723638,0.467991,0.395701;0.507516,0.663082,0.29046,0.467314
0.725009,0.463155,0.394942;0.501367,0.670425,0.285825,0.466333
0.72641,0.458217,0.394163;0.49516,0.67769,0.281157,0.465299
0.727839,0.45318,0.393363;0.488897,0.684878,0.276457,0.464213
0.729295,0.448045,0.392545;0.482577,0.691988,0.271726,0.463073
0.730778,0.442815,0.391708;0.476203,0.699019,0.266963,0.46188
0.732149,0.43798,0.390931;0.470361,0.705342,0.262607,0.46075
0.73354,0.43307,0.390138;0.464475,0.711598,0.258227,0.459576
0.734951,0.428086,0.389331;0.458545,0.717787,0.253822,0.458359
0.736381,0.423031,0.388509;0.452572,0.723908,0.249393,0.457099
0.73783,0.417905,0.387672;0.446555,0.729961,0.24494,0.455796
0.739297,0.412711,0.386822;0.440497,0.735945,0.240464,0.45445
0.740782,0.407449,0.385958;0.434397,0.741859,0.235966,0.45306
0.742132,0.402658,0.385168;0.428873,0.747122,0.231899,0.451774
0.743495,0.397815,0.384368;0.423315,0.752329,0.227813,0.450452
0.744872,0.392922,0.383557;0.417725,0.757477,0.223711,0.449096
0.74626,0.387979,0.382735;0.412103,0.762568,0.219591,0.447706
0.74766,0.382989,0.381903;0.40645,0.767601,0.215454,0.446282
0.749072,0.377951,0.381062;0.400765,0.772574,0.211301,0.444824
0.750494,0.372868,0.38021;0.39505,0.777489,0.207132,0.443331
0.751926,0.36774,0.379348;0.389305,0.782344,0.202947,0.441805
0.753369,0.362569,0.378477;0.38353,0.78714,0.198747,0.440245
0.754821,0.357355,0.377597;0.377725,0.791875,0.194531,0.438651
0.756282,0.352101,0.376707;0.371892,0.79655,0.1903,0.437024
0.757751,0.346807,0.375809;0.36603,0.801164,0.186055,0.435363
0.759229,0.341474,0.374901;0.360141,0.805717,0.181796,0.433669
0.760548,0.336703,0.374088;0.354882,0.809712,0.177998,0.432136
0.761874,0.331903,0.373267;0.349602,0.813659,0.174189,0.430576
0.763204,0.327075,0.37244;0.344302,0.817556,0.17037,0.428991
0.76454,0.32222,0.371607;0.33898,0.821404,0.166541,0.427379
0.765881,0.317339,0.370767;0.333638,0.825202,0.162702,0.425742
0.767225,0.312432,0.369922;0.328275,0.82895,0.158853,0.424079
0.768574,0.307501,0.36907;0.322893,0.832649,0.154994,0.42239
0.769927,0.302547,0.368212;0.317492,0.836297,0.151126,0.420676
0.771283,0.29757,0.367349;0.312071,0.839894,0.147248,0.418936
0.772642,0.29257,0.366479;0.306631,0.843441,0.143362,0.417171
0.774003,0.28755,0.365605;0.301173,0.846937,0.139467,0.415381
0.775368,0.282509,0.364725;0.295697,0.850382,0.135564,0.413566
0.776734,0.277449,0.36384;0.290202,0.853775,0.131653,0.411726
0.778102,0.272371,0.362949;0.284691,0.857117,0.127733,0.409861
0.779471,0.267275,0.362054;0.279162,0.860407,0.123806,0.407971
0.780842,0.262161,0.361154;0.273616,0.863645,0.119872,0.406057
0.782213,0.257032,0.360249;0.268054,0.866831,0.11593,0.404118
0.783585,0.251887,0.35934;0.262475,0.869965,0.111981,0.402155
0.784957,0.246729,0.358426;0.256881,0.873046,0.108025,0.400167
0.786329,0.241556,0.357508;0.251271,0.876074,0.104063,0.398156
0.7877,0.236371,0.356585;0.245646,0.87905,0.100095,0.39612
0.789071,0.231174,0.355659;0.240006,0.881972,0.0961205,0.39406
0.79044,0.225966,0.354728;0.234352,0.884841,0.0921403,0.391977
0.791808,0.220748,0.353794;0.228683,0.887657,0.0881545,0.389869
0.793174,0.21552,0.352856;0.223001,0.890419,0.0841634,0.387739
0.794538,0.210284,0.351915;0.217305,0.893127,0.0801672,0.385585
0.795899,0.20504,0.35097;0.211596,0.895782,0.0761662,0.383407
0.797258,0.19979,0.350022;0.205875,0.898382,0.0721605,0.381207
0.798613,0.194533,0.349071;0.200141,0.900928,0.0681505,0.378983
0.799965,0.189272,0.348117;0.194394,0.90342,0.0641364,0.376737
0.801314,0.184006,0.347159;0.188636,0.905857,0.0601184,0.374467
0.802658,0.178736,0.3462;0.182867,0.908239,0.0560968,0.372176
0.803998,0.173464,0.345237;0.177087,0.910567,0.0520718,0.369861
0.805333,0.168191,0.344272;0.171296,0.912839,0.0480436,0.367525
0.806663,0.162916,0.343305;0.165494,0.915057,0.0440126,0.365166
0.807988,0.157641,0.342335;0.159683,0.917219,0.0399789,0.362785
0.809307,0.152367,0.341363;0.153862,0.919326,0.0359428,0.360382
0.81062,0.147095,0.340389;0.148031,0.921377,0.0319045,0.357958
0.811926,0.141824,0.339414;0.142192,0.923372,0.0278643,0.355511
0.813226,0.136558,0.338437;0.136344,0.925312,0.0238224,0.353044
0.814519,0.131295,0.337458;0.130488,0.927196,0.019779,0.350555
0.815805,0.126037,0.336477;0.124624,0.929024,0.0157345,0.348045
0.817083,0.120785,0.335496;0.118753,0.930796,0.011689,0.345514
0.818353,0.11554,0.334513;0.112874,0.932512,0.00764281,0.342962
0.819614,0.110302,0.333529;0.106989,0.934171,0.00359616,0.340389
0.820867,0.105073,0.332544;0.101097,0.935774,-0.000450713,0.337796
0.822111,0.0998522,0.331559;0.0951986,0.937321,-0.00449755,0.335182
0.823346,0.0946418,0.330572;0.0892947,0.938811,-0.00854412,0.332548
0.824571,0.0894422,0.329585;0.0833856,0.940244,-0.0125902,0.329894
0.825787,0.0842544,0.328598;0.0774713,0.94162,-0.0166355,0.32722
0.826992,0.079079,0.327611;0.0715524,0.94294,-0.0206798,0.324526
0.828186,0.0739169,0.326623;0.0656292,0.944202,-0.0247228,0.321813
0.82937,0.0687691,0.325635;0.059702,0.945408,-0.0287643,0.31908
0.830542,0.0636363,0.324648;0.0537712,0.946556,-0.0328042,0.316328
0.831703,0.0585193,0.32366;0.0478372,0.947648,-0.036842,0.313557
0.832851,0.0534191,0.322673;0.0419002,0.948682,-0.0408776,0.310767
0.833988,0.0483364,0.321687;0.0359608,0.949659,-0.0449107,0.307959
0.835112,0.0432722,0.320701;0.0300191,0.950578,-0.0489412,0.305131
0.836223,0.0382271,0.319716;0.0240757,0.95144,-0.0529686,0.302285
0.837322,0.0332021,0.318732;0.0181308,0.952245,-0.0569929,0.299421
0.838406,0.0281981,0.317749;0.0121848,0.952992,-0.0610137,0.296539
0.839477,0.0232158,0.316767;0.00623804,0.953681,-0.0650309,0.293639
0.840534,0.0182561,0.315786;0.000290934,0.954313,-0.0690441,0.290721
0.841576,0.0133198,0.314807;-0.00565619,0.954888,-0.0730531,0.287786
0.842603,0.00840782,0.313829;-0.011603,0.955404,-0.0770578,0.284833
0.843615,0.00352094,0.312853;-0.0175491,0.955863,-0.0810578,0.281863
0.844612,-0.00133998,0.311878;-0.0234941,0.956265,-0.0850528,0.278877
0.845593,-0.0061741,0.310906;-0.0294377,0.956608,-0.0890428,0.275873
0.846677,-0.0115794,0.309815;-0.0361221,0.956925,-0.0935251,0.272474
0.847741,-0.0169485,0.308726;-0.0428038,0.95717,-0.0980002,0.269054
0.848783,-0.0222803,0.30764;-0.0494821,0.957341,-0.102468,0.265613
0.849803,-0.0275735,0.306558;-0.0561567,0.957439,-0.106928,0.262152
0.850802,-0.0328269,0.305479;-0.062827,0.957464,-0.111379,0.258671
0.851777,-0.0380394,0.304403;-0.0694926,0.957415,-0.115822,0.255171
0.852729,-0.0432097,0.303332;-0.0761528,0.957294,-0.120257,0.251651
0.853658,-0.0483366,0.302264;-0.0828071,0.957099,-0.124682,0.248111
0.854563,-0.053419,0.3012;-0.0894552,0.956831,-0.129097,0.244553
0.855443,-0.0584557,0.30014;-0.0960964,0.95649,-0.133503,0.240976
0.856298,-0.0634454,0.299085;-0.10273,0.956076,-0.137898,0.237381
0.857128,-0.0683869,0.298035;-0.109356,0.955589,-0.142283,0.233767
0.857931,-0.0732792,0.29699;-0.115974,0.955028,-0.146657,0.230135
0.858709,-0.0781209,0.295949;-0.122583,0.954395,-0.15102,0.226486
0.859541,-0.0834398,0.294799;-0.129915,0.953606,-0.155854,0.222412
0.860339,-0.0886932,0.293656;-0.137235,0.952727,-0.160673,0.218316
0.861103,-0.0938795,0.292519;-0.144542,0.951758,-0.165478,0.2142
0.861832,-0.098997,0.29139;-0.151835,0.950699,-0.170266,0.210063
0.862525,-0.104044,0.290269;-0.159114,0.949551,-0.175039,0.205907
0.863182,-0.109019,0.289155;-0.166378,0.948313,-0.179795,0.201731
0.863802,-0.11392,0.288049;-0.173626,0.946985,-0.184534,0.197536
0.86444,-0.119225,0.286842;-0.18158,0.945422,-0.189727,0.1929
0.865032,-0.124436,0.285645;-0.189513,0.94375,-0.194898,0.188242
0.865577,-0.129551,0.284459;-0.197425,0.941971,-0.200047,0.183563
0.866074,-0.134569,0.283283;-0.205314,0.940084,-0.205173,0.178863
0.866569,-0.140025,0.281991;-0.213621,0.937757,-0.209288,0.176571
0.866985,-0.145126,0.280769;-0.220233,0.935103,-0.208477,0.18335
0.867347,-0.150112,0.27956;-0.226824,0.932358,-0.207647,0.190111
0.867655,-0.154985,0.278365;-0.233393,0.929522,-0.206796,0.196853
0.86794,-0.160331,0.277037;-0.240756,0.926224,-0.205815,0.204415
0.868161,-0.165535,0.275727;-0.248089,0.922812,-0.204808,0.211952
0.868319,-0.170596,0.274436;-0.255392,0.919286,-0.203776,0.219463
0.868417,-0.175516,0.273163;-0.262663,0.915646,-0.202719,0.226947
0.868457,-0.180818,0.271772;-0.270704,0.91147,-0.201516,0.235229
0.868426,-0.185946,0.270404;-0.278704,0.907155,-0.200281,0.243476
0.868327,-0.190903,0.269061;-0.286662,0.902702,-0.199016,0.251686
0.868143,-0.196158,0.267613;-0.295365,0.897646,-0.19759,0.260672
0.867882,-0.201206,0.266196;-0.304013,0.892424,-0.196128,0.269611
0.867548,-0.20605,0.26481;-0.312606,0.887037,-0.194629,0.278499
0.867103,-0.211102,0.263336;-0.321914,0.880975,-0.192953,0.288138
0.86658,-0.215914,0.261901;-0.331151,0.87472,-0.191235,0.297713
0.865928,-0.220857,0.260392;-0.341076,0.867727,-0.189326,0.308012
0.865133,-0.225869,0.258822;-0.351667,0.859947,-0.187216,0.319015
0.864248,-0.230559,0.257309;-0.362153,0.851911,-0.185051,0.329923
0.863208,-0.235232,0.255754;-0.373267,0.843019,-0.182669,0.341501
0.861923,-0.240091,0.254075;-0.38571,0.832592,-0.179894,0.354481
0.860453,-0.244733,0.252398;-0.398699,0.821153,-0.17687,0.368054
0.858703,-0.249291,0.250659;-0.4129,0.807969,-0.173408,0.382923
0.856658,-0.253584,0.248902;-0.428231,0.792898,-0.169478,0.399009
0.854214,-0.257558,0.24711;-0.445269,0.775064,-0.16486,0.416931
0.851161,-0.261076,0.245258;-0.465155,0.752693,-0.159112,0.437913
0.847201,-0.263608,0.243401;-0.489426,0.72288,-0.15152,0.463626
0.842442,-0.263863,0.24192;-0.517363,0.684673,-0.141886,0.493384
0.838123,-0.261302,0.241333;-0.542528,0.646063,-0.132243,0.520363
0.834988,-0.257359,0.241474;-0.561409,0.613986,-0.124293,0.540734
0.832671,-0.252842,0.242017;-0.576261,0.586538,-0.11753,0.55685
0.830924,-0.248058,0.242805;-0.588474,0.562273,-0.111579,0.570173
0.82961,-0.243177,0.24375;-0.598759,0.540477,-0.106253,0.581448
0.828619,-0.238203,0.244818;-0.607727,0.520316,-0.101344,0.591328
0.827909,-0.233296,0.245953;-0.615482,0.5019,-0.0968732,0.599912
0.827409,-0.228293,0.247179;-0.622527,0.48428,-0.0926066,0.607747
0.827101,-0.223259,0.248472;-0.628908,0.467502,-0.0885538,0.614878
0.826964,-0.218258,0.249808;-0.634668,0.451607,-0.084723,0.621345
0.826976,-0.213347,0.251165;-0.639848,0.436632,-0.0811214,0.627189
0.82713,-0.208204,0.25263;-0.644836,0.421527,-0.0774955,0.632847
0.827405,-0.203222,0.254088;-0.649297,0.407388,-0.074108,0.637931
0.827813,-0.198043,0.255641;-0.65359,0.393145,-0.0707013,0.642852
0.828312,-0.19309,0.25716;-0.657405,0.379907,-0.0675406,0.647247
0.828932,-0.187973,0.258762;-0.661075,0.366586,-0.0643651,0.6515
0.829612,-0.18314,0.260304;-0.664312,0.354304,-0.0614418,0.655274
0.8304,-0.178171,0.261918;-0.667426,0.341958,-0.0585072,0.658926
0.8313,-0.173068,0.263603;-0.670418,0.329548,-0.0555618,0.662458
0.832218,-0.168313,0.265197;-0.673031,0.318214,-0.0528753,0.665563
0.833233,-0.16345,0.266852;-0.675541,0.306831,-0.0501807,0.668566
0.834349,-0.158478,0.268568;-0.677949,0.295402,-0.0474785,0.671468
0.835566,-0.153399,0.270346;-0.680253,0.283927,-0.0447691,0.674267
0.836751,-0.148737,0.271999;-0.682239,0.273563,-0.0423248,0.676699
0.838023,-0.14399,0.273702;-0.68414,0.263166,-0.0398753,0.679048
0.839383,-0.139157,0.275456;-0.685957,0.252736,-0.0374208,0.681313
0.840832,-0.134241,0.277261;-0.68769,0.242275,-0.0349618,0.683494
0.842374,-0.129241,0.279118;-0.689338,0.231784,-0.0324984,0.68559
0.843822,-0.124727,0.280813;-0.690731,0.222434,-0.0303054,0.687383
0.845345,-0.120148,0.282548;-0.692057,0.213063,-0.0281094,0.689109
0.846958,-0.115464,0.284341;-0.694843,0.214947,-0.0266791,0.68577
0.848542,-0.111012,0.286061;-0.698327,0.223879,-0.0258326,0.679375
0.850191,-0.106504,0.287817;-0.701717,0.232781,-0.0249827,0.67289
0.851904,-0.101944,0.289607;-0.705015,0.241652,-0.0241294,0.666316
0.853679,-0.0973329,0.291431;-0.708218,0.25049,-0.0232729,0.659652
0.855514,-0.0926722,0.293288;-0.711326,0.259296,-0.0224133,0.6529
0.857409,-0.0879637,0.295177;-0.71434,0.268066,-0.0215507,0.646061
0.85936,-0.0832093,0.297097;-0.717258,0.276801,-0.0206852,0.639136
0.861182,-0.0788488,0.298868;-0.719827,0.28471,-0.019896,0.632766
0.863047,-0.0744531,0.300663;-0.722318,0.292587,-0.0191046,0.626327
0.864956,-0.0700236,0.302481;-0.724728,0.300432,-0.0183111,0.619818
0.866907,-0.0655616,0.304321;-0.727059,0.308244,-0.0175156,0.613241
0.868897,-0.0610684,0.306183;-0.729309,0.316022,-0.0167182,0.606596
0.870927,-0.0565454,0.308066;-0.731479,0.323765,-0.0159189,0.599884
0.872994,-0.0519938,0.30997;-0.733568,0.331472,-0.0151178,0.593106
0.875097,-0.047415,0.311893;-0.735577,0.339143,-0.0143151,0.586263
0.877236,-0.0428104,0.313834;-0.737504,0.346776,-0.0135108,0.579355
0.879407,-0.0381812,0.315794;-0.739349,0.354371,-0.012705,0.572383
0.881612,-0.0335287,0.31777;-0.741114,0.361927,-0.0118978,0.565348
0.883847,-0.0288544,0.319764;-0.742796,0.369442,-0.0110893,0.55825
0.885884,-0.0246299,0.321571;-0.74424,0.376172,-0.0103606,0.55181
0.887944,-0.0203896,0.323391;-0.745617,0.382868,-0.009631,0.54532
0.890026,-0.0161347,0.325222;-0.746928,0.38953,-0.00890051,0.538782
0.892129,-0.0118659,0.327064;-0.748172,0.396156,-0.00816922,0.532195
0.894253,-0.00758442,0.328917;-0.74935,0.402748,-0.00743721,0.525561
0.896395,-0.00329106,0.33078;-0.75046,0.409303,-0.00670453,0.518879
0.898556,0.00101316,0.332653;-0.751503,0.415822,-0.00597125,0.512152
0.900734,0.00532729,0.334535;-0.752479,0.422304,-0.00523743,0.505378
0.902928,0.00965035,0.336425;-0.753388,0.428748,-0.00450315,0.49856
0.905137,0.0139814,0.338323;-0.754229,0.435153,-0.00376847,0.491697
0.907361,0.0183194,0.340228;-0.755003,0.44152,-0.00303345,0.48479
0.909598,0.0226635,0.34214;-0.75571,0.447847,-0.00229816,0.477839
0.911848,0.0270126,0.344058;-0.756349,0.454134,-0.00156266,0.470846
0.914109,0.0313658,0.345982;-0.75692,0.460381,-0.000827022,0.463811
0.91638,0.0357222,0.347911;-0.757424,0.466587,-9.13111e-05,0.456734
0.918661,0.0400807,0.349845;-0.75786,0.47275,0.000644408,0.449617
0.92095,0.0444404,0.351783;-0.758228,0.478872,0.00138007,0.442459
0.923247,0.0488004,0.353725;-0.758528,0.484951,0.00211561,0.435262
0.925551,0.0531596,0.35567;-0.758761,0.490986,0.00285096,0.428026
0.92786,0.0575172,0.357617;-0.758926,0.496977,0.00358605,0.420752
0.930174,0.061872,0.359566;-0.759023,0.502925,0.00432082,0.41344
0.932491,0.0662233,0.361516;-0.759052,0.508827,0.00505521,0.406091
0.934811,0.0705699,0.363467;-0.759014,0.514683,0.00578915,0.398705
0.937133,0.074911,0.365419;-0.758907,0.520494,0.00652256,0.391285
0.939456,0.0792456,0.367371;-0.758733,0.526258,0.0072554,0.383829
0.941778,0.0835726,0.369321;-0.758491,0.531975,0.00798759,0.376339
0.9441,0.0878912,0.371271;-0.758181,0.537645,0.00871906,0.368815
0.946419,0.0922003,0.373218;-0.757803,0.543266,0.00944975,0.361258
0.948735,0.0964991,0.375163;-0.757357,0.548839,0.0101796,0.353669
0.951047,0.100787,0.377105;-0.756844,0.554363,0.0109085,0.346048
0.953354,0.105062,0.379044;-0.756264,0.559837,0.0116365,0.338397
0.955655,0.109323,0.380979;-0.755615,0.565261,0.0123634,0.330715
0.957949,0.113571,0.382909;-0.754899,0.570635,0.0130892,0.323004
0.960235,0.117803,0.384834;-0.754116,0.575958,0.0138139,0.315263
0.962512,0.122019,0.386754;-0.753265,0.581229,0.0145373,0.307495
0.964779,0.126218,0.388667;-0.752347,0.586448,0.0152594,0.299699
0.967035,0.130399,0.390574;-0.751362,0.591615,0.0159802,0.291876
0.96928,0.134561,0.392473;-0.750309,0.596729,0.0166995,0.284028
0.971512,0.138702,0.394365;-0.749189,0.60179,0.0174173,0.276153
0.97373,0.142823,0.396248;-0.748003,0.606797,0.0181336,0.268255
0.975933,0.146921,0.398122;-0.746749,0.61175,0.0188483,0.260332
0.978363,0.151449,0.400194;-0.745278,0.617188,0.0196403,0.251501
0.980772,0.155946,0.402253;-0.743725,0.622559,0.0204302,0.242643
0.983159,0.160412,0.404299;-0.74209,0.627861,0.0212179,0.233758
0.985523,0.164846,0.406332;-0.740373,0.633094,0.0220032,0.224847
0.987862,0.169247,0.408349;-0.738574,0.638257,0.0227861,0.215912
0.990175,0.173612,0.410352;-0.736694,0.643349,0.0235665,0.206952
0.992461,0.177941,0.412338;-0.734732,0.64837,0.0243443,0.19797
0.994718,0.182233,0.414308;-0.732689,0.65332,0.0251193,0.188966
0.996945,0.186485,0.41626;-0.730566,0.658198,0.0258917,0.179941
0.99914,0.190698,0.418193;-0.728361,0.663003,0.0266611,0.170897
1.0013,0.194868,0.420108;-0.726077,0.667735,0.0274276,0.161833
1.00343,0.198996,0.422003;-0.723712,0.672393,0.0281911,0.152751
1.00573,0.203485,0.424064;-0.721019,0.677432,0.0290274,0.142742
1.00799,0.207919,0.426098;-0.718229,0.68238,0.0298597,0.132714
1.0102,0.212296,0.428106;-0.715344,0.687237,0.0306881,0.122668
1.01236,0.216614,0.430087;-0.712363,0.692002,0.0315124,0.112606
1.01448,0.220872,0.432038;-0.709286,0.696674,0.0323325,0.102529
1.01654,0.225067,0.43396;-0.706115,0.701254,0.0331482,0.092438
1.01873,0.22957,0.436021;-0.702549,0.706143,0.0340331,0.0814156
1.02085,0.233995,0.438045;-0.698871,0.71092,0.0349125,0.0703804
1.0229,0.238339,0.440029;-0.695081,0.715584,0.0357865,0.0593339
1.02489,0.242599,0.441973;-0.691181,0.720135,0.0366547,0.048278
1.02695,0.247118,0.444031;-0.686833,0.724935,0.0375887,0.0362922
1.02893,0.251534,0.44604;-0.682356,0.7296,0.0385157,0.0242997
1.03082,0.255844,0.447995;-0.677752,0.734129,0.0394355,0.0123026
1.03275,0.260363,0.450042;-0.672652,0.738854,0.0404178,-0.000619903
1.03456,0.264752,0.452023;-0.667407,0.743418,0.0413914,-0.0135422
1.03638,0.269305,0.454072;-0.661628,0.74813,0.0424246,-0.0273843
1.03806,0.273701,0.456043;-0.655684,0.752657,0.0434472,-0.0412195
1.03969,0.278211,0.458055;-0.649164,0.757279,0.0445262,-0.0559657
1.04124,0.282794,0.460088;-0.642036,0.761956,0.0456588,-0.0716161
1.04267,0.287405,0.462118;-0.634265,0.766643,0.0468421,-0.0881622
1.04393,0.291994,0.464121;-0.625817,0.771293,0.048073,-0.105593
1.04497,0.296507,0.466069;-0.616655,0.775855,0.049348,-0.123896
1.04578,0.301082,0.468012;-0.606263,0.780478,0.0507253,-0.143966
1.04623,0.305768,0.469959;-0.59406,0.785226,0.0522575,-0.166678
1.04611,0.310495,0.471854;-0.579393,0.790055,0.0539896,-0.192879
1.04501,0.315141,0.473597;-0.560976,0.794906,0.0560132,-0.224261
1.04223,0.319113,0.474859;-0.537877,0.799308,0.0583414,-0.261516
1.03776,0.321243,0.475165;-0.513732,0.802155,0.060556,-0.298261
1.03268,0.321539,0.47465;-0.492845,0.803335,0.0623117,-0.328442
1.02769,0.320768,0.473712;-0.475654,0.803497,0.0636557,-0.352269
1.02262,0.319332,0.472493;-0.461394,0.802972,0.064103,-0.37181
1.01777,0.317542,0.471158;-0.461599,0.801192,0.0568432,-0.376545
1.01293,0.315448,0.4697;-0.461754,0.799507,0.0501844,-0.380859
1.0082,0.313175,0.468188;-0.46187,0.797928,0.0441281,-0.384759
1.0037,0.310835,0.466678;-0.461952,0.796471,0.0386754,-0.388252
0.999507,0.308524,0.465222;-0.462008,0.795145,0.0338271,-0.391342
0.995142,0.305998,0.463661;-0.462048,0.793793,0.0289776,-0.394418
0.990612,0.303263,0.461998;-0.462071,0.792412,0.0241271,-0.397481
0.986518,0.300698,0.460462;-0.462079,0.791182,0.0198822,-0.400149
0.982309,0.297978,0.458852;-0.462074,0.78993,0.0156368,-0.402807
0.977988,0.295102,0.45717;-0.462057,0.788657,0.011391,-0.405454
0.973562,0.292074,0.455418;-0.462028,0.787364,0.00714489,-0.408091
0.969033,0.288896,0.453598;-0.461986,0.786049,0.00289857,-0.410716
0.965074,0.286054,0.451985;-0.461941,0.784905,-0.000741196,-0.412958
0.961048,0.283105,0.450325;-0.461886,0.783746,-0.00438095,-0.415191
0.956956,0.280049,0.448618;-0.461822,0.782572,-0.00802061,-0.417416
0.952801,0.276889,0.446867;-0.46175,0.781383,-0.0116601,-0.419634
0.948588,0.273626,0.445072;-0.461668,0.780178,-0.0152994,-0.421843
0.944319,0.27026,0.443234;-0.461577,0.778958,-0.0189384,-0.424043
0.939996,0.266794,0.441355;-0.461478,0.777722,-0.022577,-0.426236
0.935624,0.263228,0.439436;-0.461369,0.776471,-0.0262152,-0.42842
0.931944,0.260182,0.437807;-0.461271,0.775418,-0.0292466,-0.430234
0.928233,0.257068,0.436152;-0.461167,0.774353,-0.0322776,-0.432042
0.924493,0.253888,0.43447;-0.461057,0.773278,-0.0353082,-0.433843
0.920725,0.250643,0.432764;-0.460941,0.772193,-0.0383383,-0.43564
0.916932,0.247332,0.431034;-0.460818,0.771097,-0.0413679,-0.43743
0.913115,0.243958,0.42928;-0.460689,0.769991,-0.0443969,-0.439214
0.909275,0.24052,0.427504;-0.460554,0.768874,-0.0474253,-0.440992
0.905415,0.237019,0.425705;-0.460413,0.767746,-0.0504531,-0.442764
0.901536,0.233457,0.423885;-0.460265,0.766609,-0.0534801,-0.44453
0.89764,0.229834,0.422044;-0.460111,0.76546,-0.0565065,-0.446291
0.893729,0.22615,0.420182;-0.459951,0.764302,-0.0595321,-0.448045
0.889804,0.222407,0.418302;-0.459784,0.763133,-0.0625568,-0.449793
0.885867,0.218606,0.416403;-0.459612,0.761953,-0.0655808,-0.451534
0.88192,0.214747,0.414486;-0.459433,0.760764,-0.0686038,-0.45327
0.877965,0.210831,0.412552;-0.459247,0.759564,-0.0716259,-0.455
0.874003,0.206858,0.410601;-0.459056,0.758353,-0.074647,-0.456723
0.870037,0.20283,0.408634;-0.458858,0.757132,-0.0776671,-0.45844
0.866067,0.198747,0.406652;-0.458654,0.755901,-0.0806862,-0.460151
0.862096,0.194611,0.404656;-0.458444,0.75466,-0.0837042,-0.461856
0.858125,0.190421,0.402646;-0.458228,0.753409,-0.086721,-0.463554
0.854156,0.186179,0.400623;-0.458005,0.752147,-0.0897366,-0.465246
0.850191,0.181885,0.398587;-0.457776,0.750875,-0.092751,-0.466932
0.846231,0.17754,0.39654;-0.457541,0.749592,-0.0957642,-0.468611
0.843069,0.174029,0.394895;-0.457348,0.748559,-0.0981738,-0.46995
0.839912,0.170486,0.393242;-0.457152,0.74752,-0.100583,-0.471285
0.836762,0.166911,0.391584;-0.456951,0.746473,-0.10299,-0.472616
0.833618,0.163306,0.389919;-0.456747,0.745421,-0.105397,-0.473943
0.830484,0.15967,0.388249;-0.456538,0.744362,-0.107803,-0.475265
0.827358,0.156005,0.386574;-0.456326,0.743296,-0.110209,-0.476584
0.824242,0.15231,0.384893;-0.456109,0.742224,-0.112613,-0.477898
0.821137,0.148585,0.383209;-0.455889,0.741145,-0.115016,-0.479208
0.818044,0.144832,0.38152;-0.455665,0.74006,-0.117418,-0.480514
0.814964,0.141051,0.379827;-0.455436,0.738969,-0.119819,-0.481815
0.811897,0.137241,0.378131;-0.455204,0.737871,-0.122219,-0.483113
0.808845,0.133404,0.376432;-0.454968,0.736767,-0.124618,-0.484406
0.805808,0.12954,0.37473;-0.454727,0.735656,-0.127016,-0.485695
0.802787,0.125649,0.373026;-0.454483,0.734539,-0.129413,-0.48698
0.799783,0.121732,0.371319;-0.454235,0.733415,-0.131809,-0.488261
0.796797,0.117788,0.369612;-0.453983,0.732286,-0.134203,-0.489537
0.793831,0.113819,0.367902;-0.453727,0.731149,-0.136597,-0.490809
0.790884,0.109825,0.366192;-0.453467,0.730007,-0.138989,-0.492077
0.787958,0.105806,0.364482;-0.453203,0.728858,-0.14138,-0.493341
0.785053,0.101763,0.362771;-0.452935,0.727702,-0.14377,-0.4946
0.782171,0.097696,0.36106;-0.452663,0.726541,-0.146158,-0.495855
0.779312,0.0936052,0.35935;-0.452388,0.725373,-0.148546,-0.497106
0.776477,0.0894913,0.35764;-0.452108,0.724198,-0.150932,-0.498352
0.773668,0.0853546,0.355932;-0.451824,0.723018,-0.153316,-0.499594
0.770884,0.0811956,0.354225;-0.451537,0.721831,-0.1557,-0.500832
0.768128,0.0770146,0.352521;-0.451245,0.720638,-0.158082,-0.502065
0.765399,0.072812,0.350818;-0.45095,0.719438,-0.160462,-0.503294
0.762699,0.0685883,0.349119;-0.45065,0.718233,-0.162841,-0.504518
0.760029,0.0643438,0.347422;-0.450347,0.717021,-0.165219,-0.505738
0.757389,0.060079,0.345729;-0.45004,0.715802,-0.167595,-0.506954
0.75478,0.0557942,0.344039;-0.449729,0.714578,-0.16997,-0.508166
0.752204,0.0514899,0.342353;-0.449414,0.713347,-0.172344,-0.509372
0.749661,0.0471664,0.340672;-0.449095,0.712111,-0.174716,-0.510575
0.747152,0.0428242,0.338996;-0.448772,0.710867,-0.177086,-0.511773
0.744678,0.0384636,0.337325;-0.448445,0.709618,-0.179455,-0.512967
0.74224,0.0340851,0.335659;-0.448115,0.708363,-0.181822,-0.514156
0.739838,0.0296891,0.334;-0.44778,0.707101,-0.184188,-0.51534
0.737474,0.0252759,0.332346;-0.447442,0.705834,-0.186552,-0.51652
0.735148,0.0208459,0.330699;-0.447099,0.70456,-0.188914,-0.517696
0.732862,0.0163997,0.329059;-0.446753,0.70328,-0.191275,-0.518867
0.730617,0.0119375,0.327426;-0.446403,0.701993,-0.193634,-0.520034
0.728412,0.00745972,0.325801;-0.446049,0.700701,-0.195992,-0.521196
0.726249,0.00296685,0.324184;-0.445691,0.699403,-0.198347,-0.522354
0.72413,-0.00154076,0.322576;-0.445329,0.698098,-0.200702,-0.523507
0.722054,-0.00606269,0.320976;-0.444964,0.696788,-0.203054,-0.524655
0.720023,-0.0105986,0.319385;-0.444594,0.695471,-0.205404,-0.525799
0.718037,-0.0151479,0.317804;-0.444221,0.694149,-0.207753,-0.526938
0.716098,-0.0197105,0.316232;-0.443844,0.69282,-0.2101,-0.528073
0.714206,-0.0242857,0.314671;-0.443463,0.691485,-0.212445,-0.529203
0.712363,-0.0288733,0.31312;-0.443078,0.690145,-0.214788,-0.530329
0.710569,-0.0334728,0.31158;-0.442689,0.688798,-0.21713,-0.53145
0.708825,-0.0380838,0.310051;-0.442296,0.687445,-0.219469,-0.532566
0.707132,-0.0427059,0.308534;-0.4419,0.686087,-0.221807,-0.533678
0.705491,-0.0473387,0.307029;-0.441499,0.684722,-0.224142,-0.534785
0.703902,-0.0519819,0.305536;-0.441095,0.683351,-0.226476,-0.535887
0.702367,-0.056635,0.304056;-0.440687,0.681975,-0.228808,-0.536985
0.700887,-0.0612975,0.302589;-0.440275,0.680592,-0.231138,-0.538078
0.699462,-0.0659692,0.301135;-0.439859,0.679204,-0.233465,-0.539166
0.698093,-0.0706496,0.299695;-0.43944,0.677809,-0.235791,-0.54025
0.696782,-0.0753383,0.298269;-0.439016,0.676409,-0.238115,-0.541329
0.695528,-0.080035,0.296858;-0.438589,0.675003,-0.240436,-0.542403
0.694334,-0.0847391,0.295461;-0.438158,0.673591,-0.242756,-0.543472
0.693199,-0.0894503,0.29408;-0.437723,0.672173,-0.245073,-0.544537
0.692126,-0.0941682,0.292714;-0.437285,0.67075,-0.247388,-0.545597
0.691113,-0.0988925,0.291364;-0.436842,0.66932,-0.249701,-0.546652
0.690164,-0.103623,0.29003;-0.436396,0.667885,-0.252012,-0.547703
0.689066,-0.109543,0.288387;-0.435833,0.666082,-0.254898,-0.549009
0.688069,-0.115471,0.286769;-0.435264,0.664271,-0.25778,-0.550308
0.687175,-0.121406,0.28518;-0.434689,0.66245,-0.260658,-0.5516
0.686385,-0.127348,0.283618;-0.434108,0.660621,-0.263533,-0.552884
0.685701,-0.133295,0.282085;-0.433521,0.658782,-0.266405,-0.554161
0.685125,-0.139246,0.280582;-0.432928,0.656935,-0.269273,-0.555429
0.684658,-0.145202,0.279108;-0.43233,0.655078,-0.272137,-0.556691
0.684303,-0.15116,0.277666;-0.431725,0.653213,-0.274997,-0.557945
0.68406,-0.157121,0.276255;-0.431115,0.651339,-0.277854,-0.559191
0.683933,-0.163083,0.274876;-0.430499,0.649456,-0.280707,-0.56043
0.683922,-0.169046,0.27353;-0.429877,0.647564,-0.283556,-0.561661
0.684029,-0.175009,0.272218;-0.429249,0.645663,-0.286401,-0.562884
0.684256,-0.180972,0.270941;-0.428615,0.643754,-0.289243,-0.5641
0.684604,-0.186932,0.269698;-0.427975,0.641836,-0.29208,-0.565308
0.685077,-0.192891,0.268491;-0.42733,0.639909,-0.294914,-0.566508
0.685674,-0.198846,0.267321;-0.426679,0.637973,-0.297743,-0.567701
0.686398,-0.204797,0.266187;-0.426022,0.636029,-0.300569,-0.568886
0.687251,-0.210743,0.265092;-0.425359,0.634076,-0.30339,-0.570063
0.688235,-0.216684,0.264035;-0.42469,0.632114,-0.306207,-0.571233
0.68935,-0.222619,0.263017;-0.424016,0.630144,-0.30902,-0.572394
0.690599,-0.228546,0.262039;-0.423336,0.628166,-0.311829,-0.573548
0.691984,-0.234466,0.261102;-0.42265,0.626178,-0.314633,-0.574694
0.693507,-0.240377,0.260206;-0.421958,0.624183,-0.317434,-0.575833
0.695168,-0.246278,0.259352;-0.421261,0.622178,-0.32023,-0.576963
0.69697,-0.25217,0.258541;-0.420558,0.620165,-0.323021,-0.578086
0.698915,-0.25805,0.257774;-0.419849,0.618144,-0.325809,-0.5792
0.700575,-0.262746,0.257192;-0.419278,0.616521,-0.328035,-0.580086
0.702328,-0.267433,0.256638;-0.418703,0.614893,-0.330259,-0.580968
0.704175,-0.272113,0.256113;-0.418125,0.613259,-0.33248,-0.581844
0.706117,-0.276784,0.255618;-0.417543,0.61162,-0.334698,-0.582715
0.708155,-0.281445,0.255152;-0.416957,0.609976,-0.336913,-0.58358
0.71029,-0.286097,0.254716;-0.416368,0.608326,-0.339125,-0.584441
0.712522,-0.290739,0.254311;-0.415775,0.606671,-0.341334,-0.585297
0.714853,-0.295371,0.253936;-0.415178,0.605011,-0.34354,-0.586148
0.717284,-0.299992,0.253593;-0.414578,0.603345,-0.345744,-0.586993
0.719815,-0.304601,0.253281;-0.413974,0.601675,-0.347944,-0.587834
0.722447,-0.3092,0.253001;-0.413366,0.599999,-0.350141,-0.588669
0.725181,-0.313786,0.252753;-0.412755,0.598317,-0.352335,-0.589499
0.728018,-0.31836,0.252537;-0.412141,0.596631,-0.354526,-0.590324
0.73096,-0.322921,0.252355;-0.411523,0.594939,-0.356714,-0.591144
0.734006,-0.327469,0.252205;-0.410901,0.593242,-0.358899,-0.591959
0.737158,-0.332003,0.25209;-0.410275,0.59154,-0.361081,-0.592768
0.740416,-0.336523,0.252008;-0.409647,0.589833,-0.36326,-0.593573
0.743782,-0.341029,0.251961;-0.409014,0.588121,-0.365435,-0.594372
