0.972557,0.50863,0.421513;0.984834,-0.109503,0.133999,-0.0125054
0.971103,0.497977,0.423883;0.984934,-0.110056,0.132803,-0.0125192
0.969656,0.487387,0.426238;0.985032,-0.110609,0.131607,-0.012533
0.968217,0.476861,0.428578;0.985129,-0.111162,0.130411,-0.0125468
0.966784,0.466398,0.430902;0.985224,-0.111715,0.129215,-0.0125605
0.965359,0.455999,0.433212;0.985317,-0.112268,0.128018,-0.0125743
0.963941,0.445662,0.435507;0.985408,-0.11282,0.126821,-0.012588
0.96253,0.435389,0.437786;0.985498,-0.113372,0.125624,-0.0126016
0.961126,0.425178,0.440051;0.985586,-0.113924,0.124427,-0.0126153
0.959729,0.41503,0.442301;0.985672,-0.114476,0.12323,-0.0126289
0.958339,0.404945,0.444536;0.985757,-0.115028,0.122032,-0.0126425
0.956956,0.394922,0.446756;0.98584,-0.115579,0.120834,-0.0126561
0.955581,0.384961,0.448962;0.985921,-0.11613,0.119636,-0.0126697
0.954212,0.375063,0.451153;0.986001,-0.116681,0.118438,-0.0126832
0.95285,0.365226,0.453329;0.986078,-0.117232,0.117239,-0.0126968
0.951495,0.355451,0.45549;0.986154,-0.117783,0.116041,-0.0127103
0.950148,0.345737,0.457637;0.986229,-0.118333,0.114842,-0.0127238
0.947473,0.326495,0.461887;0.986372,-0.119433,0.112443,-0.0127506
0.944826,0.307497,0.466078;0.986508,-0.120533,0.110044,-0.0127774
0.942207,0.288743,0.470212;0.986638,-0.121631,0.107644,-0.0128042
0.939615,0.270231,0.474289;0.986761,-0.122729,0.105243,-0.0128308
0.937051,0.25196,0.478308;0.986877,-0.123826,0.102842,-0.0128573
0.934513,0.233928,0.48227;0.986986,-0.124922,0.10044,-0.0128838
0.932003,0.216136,0.486176;0.987088,-0.126017,0.0980369,-0.0129101
0.92952,0.198581,0.490026;0.987183,-0.127111,0.0956333,-0.0129364
0.927063,0.181262,0.493819;0.987271,-0.128204,0.0932291,-0.0129626
0.924633,0.164179,0.497557;0.987352,-0.129297,0.0908242,-0.0129886
0.92223,0.147329,0.501239;0.987427,-0.130388,0.0884187,-0.0130146
0.919853,0.130712,0.504867;0.987494,-0.131479,0.0860126,-0.0130405
0.917503,0.114327,0.508439;0.987555,-0.132568,0.0836058,-0.0130663
0.915179,0.0981718,0.511957;0.987609,-0.133657,0.0811985,-0.0130921
0.912881,0.0822457,0.515421;0.987656,-0.134745,0.0787906,-0.0131177
0.910608,0.0665476,0.518831;0.987696,-0.135832,0.0763822,-0.0131432
0.908362,0.0510761,0.522188;0.987729,-0.136918,0.0739732,-0.0131687
0.906141,0.0358302,0.525491;0.987755,-0.138003,0.0715637,-0.013194
0.903946,0.0208086,0.528741;0.987774,-0.139086,0.0691538,-0.0132193
0.901776,0.00601003,0.531938;0.987787,-0.14017,0.0667433,-0.0132445
0.899632,-0.00856659,0.535083;0.987792,-0.141252,0.0643323,-0.0132695
0.897513,-0.0229225,0.538176;0.987791,-0.142333,0.061921,-0.0132945
0.895419,-0.0370589,0.541217;0.987782,-0.143413,0.0595091,-0.0133194
0.89335,-0.050977,0.544206;0.987767,-0.144492,0.0570969,-0.0133442
0.891305,-0.0646779,0.547144;0.987745,-0.14557,0.0546843,-0.0133689
0.889286,-0.078163,0.550032;0.987716,-0.146647,0.0522713,-0.0133935
0.887291,-0.0914333,0.552868;0.98768,-0.147723,0.0498579,-0.013418
0.88532,-0.10449,0.555655;0.987637,-0.148798,0.0474442,-0.0134425
0.883374,-0.117335,0.558391;0.987588,-0.149872,0.0450301,-0.0134668
0.881452,-0.129968,0.561078;0.987531,-0.150945,0.0426157,-0.013491
0.879553,-0.142391,0.563715;0.987468,-0.152016,0.0402011,-0.0135152
0.877679,-0.154606,0.566303;0.987397,-0.153087,0.0377861,-0.0135392
0.875829,-0.166613,0.568842;0.98732,-0.154157,0.0353709,-0.0135632
0.874002,-0.178414,0.571332;0.987236,-0.155225,0.0329554,-0.013587
0.872199,-0.19001,0.573775;0.987145,-0.156293,0.0305397,-0.0136108
0.87042,-0.201402,0.576169;0.987047,-0.157359,0.0281238,-0.0136345
0.868663,-0.212591,0.578516;0.986942,-0.158425,0.0257077,-0.013658
0.86693,-0.223578,0.580815;0.98683,-0.159489,0.0232914,-0.0136815
0.86522,-0.234365,0.583067;0.986711,-0.160552,0.020875,-0.0137049
0.863533,-0.244954,0.585273;0.986586,-0.161614,0.0184584,-0.0137282
0.861869,-0.255344,0.587432;0.986453,-0.162675,0.0160417,-0.0137514
0.860227,-0.265537,0.589545;0.986314,-0.163735,0.0136249,-0.0137745
0.858608,-0.275535,0.591612;0.986168,-0.164793,0.0112079,-0.0137975
0.857012,-0.285338,0.593633;0.986015,-0.165851,0.00879093,-0.0138204
0.854659,-0.299682,0.596581;0.985772,-0.167435,0.00516531,-0.0138545
0.852355,-0.313595,0.599427;0.985514,-0.169016,0.00153962,-0.0138885
0.850101,-0.327081,0.602174;0.985241,-0.170595,-0.00208611,-0.0139222
0.847896,-0.340145,0.604821;0.984952,-0.172171,-0.0057118,-0.0139557
0.84574,-0.352791,0.607371;0.984647,-0.173744,-0.0093374,-0.013989
0.843631,-0.365022,0.609824;0.984327,-0.175315,-0.0129628,-0.0140221
0.841571,-0.376843,0.612181;0.983992,-0.176883,-0.0165881,-0.014055
0.839557,-0.388258,0.614444;0.983641,-0.178448,-0.0202131,-0.0140876
0.83759,-0.39927,0.616612;0.983275,-0.18001,-0.0238378,-0.01412
0.83567,-0.409885,0.618688;0.982893,-0.18157,-0.0274621,-0.0141522
0.833796,-0.420105,0.620671;0.982495,-0.183126,-0.0310859,-0.0141842
0.831967,-0.429935,0.622564;0.982083,-0.18468,-0.0347093,-0.0142159
0.829598,-0.442442,0.624949;0.981509,-0.186747,-0.0395396,-0.0142579
0.827309,-0.454272,0.627176;0.980907,-0.188809,-0.0443688,-0.0142995
0.825098,-0.465436,0.629248;0.980278,-0.190865,-0.0491968,-0.0143407
0.822965,-0.475941,0.631167;0.979621,-0.192917,-0.0540234,-0.0143815
0.820907,-0.485799,0.632936;0.978937,-0.194962,-0.0588485,-0.0144218
0.818441,-0.497225,0.63494;0.978044,-0.197512,-0.0648775,-0.0144718
0.816091,-0.507672,0.636718;0.977108,-0.200053,-0.0709037,-0.014521
0.81342,-0.518943,0.638559;0.975929,-0.203091,-0.078131,-0.0145793
0.810909,-0.528864,0.640089;0.974688,-0.206116,-0.0853534,-0.0146367
0.808177,-0.538775,0.641491;0.973163,-0.209629,-0.0937727,-0.0147025
0.804971,-0.548966,0.642708;0.97108,-0.214118,-0.104586,-0.0147852
0.80121,-0.558263,0.64335;0.968089,-0.220058,-0.11898,-0.0148923
0.794582,-0.562256,0.640825;0.960165,-0.233699,-0.152443,-0.0151275
0.791783,-0.552937,0.636526;0.954376,-0.2423,-0.173848,-0.0152677
0.790588,-0.543117,0.632981;0.950573,-0.247489,-0.186881,-0.0153492
0.789883,-0.532926,0.629605;0.947311,-0.251696,-0.197516,-0.0154134
0.789453,-0.522332,0.626268;0.9443,-0.255406,-0.206945,-0.0154687
0.789222,-0.511941,0.623104;0.941578,-0.258628,-0.215176,-0.0155157
0.789127,-0.502242,0.620222;0.939181,-0.261373,-0.222218,-0.0155549
0.789124,-0.491845,0.61719;0.936725,-0.264101,-0.229245,-0.0155931
0.78921,-0.480783,0.614017;0.93421,-0.266813,-0.236257,-0.0156303
0.789346,-0.471081,0.611271;0.93207,-0.269059,-0.24209,-0.0156606
0.78954,-0.460957,0.608437;0.929889,-0.271294,-0.247912,-0.0156902
0.789789,-0.450432,0.60552;0.927667,-0.273518,-0.253723,-0.0157191
0.790091,-0.439524,0.602524;0.925404,-0.275729,-0.259523,-0.0157473
0.790445,-0.428251,0.599454;0.923102,-0.277928,-0.265312,-0.0157748
0.790847,-0.416633,0.596315;0.920759,-0.280115,-0.271089,-0.0158017
0.791298,-0.404687,0.593111;0.918375,-0.28229,-0.276855,-0.0158278
0.791691,-0.394908,0.590505;0.91644,-0.284021,-0.281458,-0.0158483
0.792112,-0.384941,0.587863;0.914479,-0.285744,-0.286054,-0.0158683
0.79256,-0.374796,0.585187;0.912492,-0.287459,-0.290642,-0.0158878
0.793034,-0.364483,0.58248;0.91048,-0.289166,-0.295222,-0.0159069
0.793533,-0.35401,0.579744;0.908443,-0.290865,-0.299793,-0.0159255
0.794056,-0.343389,0.576981;0.90638,-0.292556,-0.304356,-0.0159438
0.794618,-0.332341,0.574121;0.904804,-0.29474,-0.306951,-0.0154832
0.795191,-0.321371,0.571292;0.9055,-0.298704,-0.301123,-0.0131065
0.795785,-0.310274,0.568443;0.906145,-0.302651,-0.295278,-0.0107291
0.796402,-0.299054,0.565574;0.906739,-0.306581,-0.289416,-0.00835111
0.797039,-0.287717,0.562687;0.907284,-0.310494,-0.283539,-0.00597263
0.797697,-0.276267,0.559783;0.907777,-0.31439,-0.277646,-0.00359382
0.798375,-0.264711,0.556862;0.90822,-0.318268,-0.271737,-0.00121481
0.799073,-0.253053,0.553928;0.908612,-0.322129,-0.265813,0.00116427
0.799789,-0.241298,0.550979;0.908953,-0.325971,-0.259874,0.00354328
0.800525,-0.229451,0.548019;0.909244,-0.329795,-0.25392,0.0059221
0.801278,-0.217517,0.545048;0.909484,-0.333601,-0.247953,0.00830058
0.802049,-0.205502,0.542067;0.909673,-0.337389,-0.241972,0.0106786
0.802837,-0.193411,0.539078;0.909811,-0.341157,-0.235977,0.013056
0.80348,-0.183686,0.536681;0.909885,-0.344158,-0.231171,0.0149575
0.804133,-0.173918,0.534281;0.909927,-0.347147,-0.226358,0.0168583
0.804796,-0.16411,0.531877;0.909936,-0.350123,-0.221536,0.0187586
0.80547,-0.154264,0.529471;0.909913,-0.353087,-0.216706,0.0206582
0.806153,-0.144383,0.527063;0.909857,-0.356038,-0.211869,0.0225571
0.806845,-0.134469,0.524654;0.909768,-0.358977,-0.207024,0.0244552
0.807547,-0.124525,0.522244;0.909648,-0.361903,-0.202171,0.0263524
0.808258,-0.114554,0.519834;0.909494,-0.364815,-0.197312,0.0282486
0.808977,-0.104558,0.517424;0.909308,-0.367715,-0.192445,0.0301439
0.809705,-0.0945403,0.515016;0.90909,-0.370602,-0.187572,0.0320381
0.810441,-0.084503,0.51261;0.908839,-0.373475,-0.182692,0.0339311
0.811185,-0.0744487,0.510206;0.908556,-0.376335,-0.177805,0.0358229
0.811937,-0.0643802,0.507806;0.90824,-0.379182,-0.172912,0.0377134
0.812697,-0.0543,0.505409;0.907892,-0.382015,-0.168013,0.0396026
0.813463,-0.0442108,0.503017;0.907512,-0.384834,-0.163107,0.0414904
0.814237,-0.0341152,0.50063;0.907099,-0.38764,-0.158196,0.0433767
0.815018,-0.0240158,0.498249;0.906653,-0.390432,-0.153279,0.0452614
0.815805,-0.0139152,0.495875;0.906175,-0.393209,-0.148357,0.0471446
0.816598,-0.00381595,0.493507;0.905665,-0.395973,-0.14343,0.049026
0.817398,0.00627921,0.491147;0.905123,-0.398723,-0.138497,0.0509057
0.818203,0.0163677,0.488796;0.904548,-0.401458,-0.13356,0.0527836
0.819014,0.026447,0.486453;0.903941,-0.404179,-0.128617,0.0546596
0.81983,0.0365143,0.484121;0.903301,-0.406886,-0.12367,0.0565336
0.820651,0.0465672,0.481798;0.90263,-0.409578,-0.118719,0.0584056
0.821477,0.0566029,0.479487;0.901926,-0.412256,-0.113763,0.0602755
0.822308,0.066619,0.477187;0.90119,-0.414919,-0.108804,0.0621433
0.823143,0.0766127,0.4749;0.900421,-0.417566,-0.10384,0.0640089
0.823982,0.0865814,0.472625;0.899621,-0.4202,-0.0988728,0.0658721
0.824825,0.0965226,0.470364;0.898788,-0.422818,-0.093902,0.0677331
0.825671,0.106434,0.468117;0.897923,-0.42542,-0.0889279,0.0695916
0.826521,0.116312,0.465885;0.897027,-0.428008,-0.0839505,0.0714476
0.827374,0.126154,0.463668;0.896098,-0.430581,-0.0789702,0.073301
0.82823,0.135959,0.461468;0.895137,-0.433138,-0.0739871,0.0751519
0.829089,0.145723,0.459284;0.894144,-0.435679,-0.0690013,0.077
0.830165,0.157867,0.456579;0.892858,-0.438834,-0.0627656,0.0793063
0.831245,0.169939,0.453903;0.891522,-0.441965,-0.0565265,0.0816082
0.832328,0.181932,0.451256;0.890137,-0.445071,-0.0502841,0.0839056
0.833413,0.193843,0.44864;0.888701,-0.448152,-0.044039,0.0861982
0.8345,0.205665,0.446056;0.887217,-0.451208,-0.0377914,0.0884861
0.835588,0.217395,0.443506;0.885682,-0.454239,-0.0315417,0.090769
0.836677,0.229026,0.440991;0.884099,-0.457244,-0.0252902,0.0930468
0.837766,0.240554,0.438512;0.882465,-0.460225,-0.0190373,0.0953195
0.838856,0.251973,0.43607;0.880783,-0.463179,-0.0127834,0.0975868
0.839944,0.263279,0.433667;0.879052,-0.466107,-0.00652876,0.0998487
0.841032,0.274466,0.431303;0.877271,-0.46901,-0.000273742,0.102105
0.842119,0.28553,0.428981;0.875441,-0.471886,0.00598129,0.104356
0.843203,0.296464,0.426701;0.873563,-0.474736,0.012236,0.1066
0.844285,0.307265,0.424464;0.871636,-0.47756,0.01849,0.108839
0.845364,0.317927,0.422272;0.86966,-0.480356,0.024743,0.111072
0.846439,0.328444,0.420127;0.867636,-0.483126,0.0309946,0.113299
0.847511,0.338812,0.418029;0.865563,-0.485869,0.0372445,0.115519
0.848578,0.349026,0.415979;0.863442,-0.488585,0.0434923,0.117733
0.84964,0.35908,0.41398;0.861273,-0.491274,0.0497376,0.11994
0.850697,0.368969,0.412031;0.859055,-0.493935,0.0559802,0.12214
0.851958,0.380612,0.409763;0.856331,-0.497092,0.0634672,0.124772
0.85321,0.392002,0.407571;0.853538,-0.500209,0.070949,0.127394
0.854452,0.40313,0.40546;0.850677,-0.503286,0.0784252,0.130005
0.855682,0.413986,0.403431;0.847747,-0.506323,0.085895,0.132606
0.856902,0.424564,0.401486;0.844749,-0.509319,0.093358,0.135196
0.858108,0.434852,0.399627;0.841683,-0.512274,0.100813,0.137776
0.859302,0.444843,0.397857;0.83855,-0.515187,0.108261,0.140344
0.860676,0.456112,0.395907;0.834809,-0.518534,0.116938,0.143326
0.86203,0.46695,0.394084;0.830976,-0.521824,0.125603,0.146292
0.863363,0.477344,0.392391;0.827053,-0.525058,0.134254,0.149243
0.864672,0.487278,0.390832;0.82304,-0.528233,0.14289,0.152177
0.866138,0.498052,0.389219;0.818342,-0.531792,0.152741,0.15551
0.86757,0.508188,0.38779;0.813528,-0.535275,0.16257,0.15882
0.869138,0.518802,0.38641;0.807973,-0.539101,0.1736,0.162518
0.870824,0.529579,0.385166;0.80163,-0.543238,0.185819,0.166591
0.872606,0.540154,0.384164;0.794446,-0.547649,0.199211,0.171029
0.874456,0.550097,0.383521;0.786364,-0.552293,0.213759,0.175818
0.876622,0.560083,0.383406;0.775906,-0.557847,0.231847,0.181724
0.879559,0.569738,0.384754;0.762634,-0.561885,0.256875,0.191546
0.883776,0.570388,0.391827;0.809135,-0.476932,0.252257,0.232816
0.885519,0.562265,0.398031;0.83128,-0.426982,0.248442,0.254826
0.886495,0.553198,0.403281;0.845328,-0.390383,0.245187,0.270009
0.887117,0.544169,0.407906;0.855486,-0.3606,0.242269,0.28181
0.887545,0.535077,0.412227;0.863576,-0.334202,0.239489,0.291874
0.887848,0.525715,0.416439;0.870414,-0.309429,0.236721,0.300991
0.888045,0.516344,0.420479;0.876146,-0.286355,0.234007,0.309207
0.888165,0.506327,0.424646;0.881318,-0.263097,0.231144,0.317224
0.888208,0.49662,0.42856;0.885562,-0.241629,0.22839,0.324395
0.888185,0.486453,0.43255;0.889331,-0.220032,0.225513,0.331392
0.88811,0.476844,0.436232;0.892342,-0.200294,0.222792,0.337598
0.887981,0.466916,0.439955;0.894956,-0.180468,0.219972,0.343654
0.887799,0.4567,0.443707;0.897172,-0.160561,0.217054,0.349557
0.887592,0.447284,0.447102;0.898826,-0.142584,0.214345,0.354737
0.887341,0.43768,0.450504;0.900156,-0.124555,0.211559,0.359789
0.887049,0.427909,0.453906;0.901161,-0.106482,0.208697,0.364712
0.886716,0.417994,0.457301;0.901843,-0.0883701,0.20576,0.369504
0.88634,0.407957,0.46068;0.902199,-0.0702265,0.202749,0.374162
0.885923,0.397818,0.464035;0.902231,-0.0520576,0.199665,0.378686
0.885465,0.387599,0.46736;0.901938,-0.03387,0.196509,0.383073
0.884966,0.377323,0.470646;0.90132,-0.0156701,0.193282,0.387322
0.884426,0.367011,0.473886;0.900378,0.00253537,0.189985,0.391432
0.883845,0.356685,0.477071;0.899111,0.0207399,0.186621,0.395401
0.883224,0.346366,0.480194;0.897521,0.0389371,0.183189,0.399228
0.882562,0.336076,0.483247;0.895607,0.0571201,0.179691,0.40291
0.88186,0.325836,0.486222;0.893371,0.0752826,0.176128,0.406448
0.881119,0.315669,0.489112;0.890813,0.0934181,0.172502,0.40984
0.880337,0.305596,0.491908;0.887934,0.11152,0.168813,0.413083
0.879516,0.295638,0.494604;0.884736,0.129581,0.165064,0.416178
0.878656,0.285818,0.497191;0.881219,0.147596,0.161256,0.419124
0.877756,0.276157,0.499661;0.877385,0.165558,0.157389,0.421918
0.87671,0.265636,0.502259;0.872754,0.185446,0.153027,0.424844
0.875617,0.255367,0.504693;0.867736,0.20525,0.148596,0.427582
0.874476,0.245381,0.506952;0.862331,0.224964,0.144099,0.43013
0.873166,0.234759,0.509223;0.855944,0.246533,0.139079,0.432711
0.871799,0.224554,0.511254;0.849096,0.26797,0.133984,0.43506
0.870375,0.214806,0.513033;0.841791,0.289262,0.128817,0.437174
0.868758,0.20474,0.514668;0.833306,0.312313,0.123101,0.439213
0.86693,0.194562,0.516059;0.823512,0.337058,0.11682,0.441104
0.864876,0.18452,0.517089;0.812273,0.363423,0.109958,0.44277
0.862418,0.174311,0.517634;0.798563,0.393165,0.101999,0.444202
0.859514,0.164589,0.517391;0.782053,0.426088,0.0929062,0.445208
0.855769,0.155486,0.515772;0.760347,0.46549,0.0816127,0.445567
0.850389,0.148582,0.51111;0.7461,0.492347,0.0724919,0.442351
0.844287,0.148161,0.502994;0.784305,0.439436,0.0829877,0.429971
0.839386,0.152096,0.49479;0.811201,0.397513,0.0907828,0.419159
0.835222,0.15776,0.486866;0.831797,0.362078,0.0970411,0.409386
0.831652,0.164012,0.479474;0.847971,0.331726,0.102175,0.400579
0.828266,0.170953,0.472009;0.862144,0.302882,0.106869,0.391854
0.825308,0.17771,0.465161;0.873639,0.277606,0.110839,0.383933
0.822338,0.185065,0.458;0.884391,0.252095,0.114716,0.375687
0.81959,0.19231,0.451141;0.89365,0.228355,0.118207,0.367791
0.816843,0.199924,0.444072;0.902262,0.20445,0.121613,0.359629
0.81433,0.20717,0.43743;0.909583,0.182406,0.124658,0.351919
0.811826,0.214617,0.430655;0.916351,0.160252,0.127627,0.343994
0.809335,0.222213,0.423768;0.922561,0.138,0.130519,0.33586
0.806863,0.229907,0.41679;0.92821,0.115664,0.133331,0.327522
0.804414,0.237646,0.409743;0.933295,0.0932576,0.136062,0.318985
0.80199,0.245378,0.402646;0.937812,0.0707947,0.138711,0.310253
0.799598,0.253052,0.395522;0.941758,0.0482886,0.141274,0.301333
0.797242,0.260615,0.38839;0.945132,0.0257533,0.143752,0.29223
0.794925,0.268016,0.381273;0.94793,0.00320224,0.146143,0.282949
0.792652,0.275202,0.374191;0.950153,-0.0193507,0.148445,0.273495
0.790427,0.282122,0.367165;0.951797,-0.041892,0.150656,0.263876
0.78806,0.289306,0.359589;0.95293,-0.0664528,0.152964,0.253199
0.785762,0.296043,0.352133;0.953374,-0.0909656,0.155161,0.242339
0.783356,0.30276,0.344221;0.953076,-0.117446,0.157414,0.230376
0.781044,0.308788,0.336516;0.951968,-0.143827,0.159534,0.218217
0.778667,0.31441,0.328489;0.949871,-0.1721,0.161665,0.204916
0.776105,0.319599,0.319714;0.946329,-0.204203,0.163906,0.189469
0.773437,0.323667,0.310427;0.940888,-0.240002,0.166174,0.1718
0.77076,0.325722,0.300942;0.933046,-0.279318,0.168377,0.151841
0.768089,0.324487,0.29128;0.92171,-0.323833,0.170491,0.128513
0.76589,0.318948,0.283133;0.907923,-0.367486,0.172153,0.104844
0.764394,0.310262,0.277431;0.893972,-0.404656,0.173225,0.0840333
0.763493,0.300502,0.273883;0.881515,-0.433809,0.173833,0.067261
0.762966,0.290611,0.271714;0.870557,-0.457087,0.174161,0.0535688
0.762648,0.279841,0.27031;0.859786,-0.47823,0.174334,0.0408891
0.762511,0.269612,0.269601;0.850334,-0.495585,0.174381,0.0302998
0.762491,0.259398,0.269334;0.841462,-0.510992,0.174348,0.0207562
0.76257,0.2482,0.269431;0.832248,-0.526191,0.174245,0.0112041
0.762723,0.23755,0.269822;0.833112,-0.524919,0.174236,0.00506668
0.76297,0.225409,0.270544;0.836442,-0.519617,0.174247,-0.000852793
0.763303,0.212479,0.271564;0.83971,-0.514277,0.174245,-0.00677221
0.763608,0.202297,0.272514;0.842119,-0.510246,0.174235,-0.0112115
0.763959,0.191725,0.273614;0.844494,-0.506194,0.174218,-0.0156502
0.764355,0.180785,0.274857;0.846833,-0.502122,0.174194,-0.0200884
0.764795,0.169503,0.276237;0.849137,-0.498028,0.174162,-0.0245257
0.765279,0.157899,0.277745;0.851406,-0.493913,0.174123,-0.0289619
0.765805,0.145999,0.279375;0.853639,-0.489778,0.174077,-0.033397
0.766374,0.133824,0.281118;0.855836,-0.485622,0.174024,-0.0378307
0.766983,0.121398,0.282969;0.857998,-0.481446,0.173963,-0.0422627
0.767632,0.108745,0.284919;0.860124,-0.47725,0.173895,-0.0466931
0.768321,0.0958871,0.286961;0.862214,-0.473034,0.17382,-0.0511214
0.769048,0.0828476,0.289088;0.864267,-0.468798,0.173737,-0.0555477
0.769812,0.0696498,0.291293;0.866285,-0.464543,0.173648,-0.0599716
0.770613,0.056317,0.293567;0.868267,-0.460268,0.173551,-0.064393
0.77145,0.0428722,0.295905;0.870212,-0.455974,0.173446,-0.0688117
0.772322,0.0293386,0.298299;0.872121,-0.451661,0.173335,-0.0732276
0.773228,0.0157395,0.300741;0.873994,-0.447329,0.173216,-0.0776404
0.774167,0.00209787,0.303225;0.87583,-0.442979,0.17309,-0.0820499
0.775138,-0.011563,0.305742;0.877629,-0.43861,0.172957,-0.086456
0.776141,-0.02522,0.308285;0.879392,-0.434222,0.172817,-0.0908585
0.777175,-0.0388498,0.310848;0.881118,-0.429817,0.172669,-0.0952573
0.778239,-0.0524295,0.313423;0.882807,-0.425393,0.172514,-0.099652
0.779331,-0.0659357,0.316003;0.88446,-0.420952,0.172352,-0.104043
0.780452,-0.0793454,0.31858;0.886075,-0.416493,0.172183,-0.108429
0.7816,-0.0926353,0.321147;0.887654,-0.412017,0.172006,-0.112811
0.782774,-0.105782,0.323697;0.889195,-0.407524,0.171823,-0.117188
0.783973,-0.118763,0.326222;0.8907,-0.403013,0.171632,-0.12156
0.785198,-0.131555,0.328716;0.892167,-0.398486,0.171434,-0.125927
0.786446,-0.144134,0.33117;0.893597,-0.393942,0.171229,-0.130288
0.787717,-0.156478,0.333579;0.894989,-0.389382,0.171017,-0.134645
0.78901,-0.168563,0.335933;0.896345,-0.384805,0.170797,-0.138995
0.790325,-0.180365,0.338227;0.897662,-0.380212,0.170571,-0.14334
0.79166,-0.191863,0.340452;0.898943,-0.375604,0.170337,-0.147679
0.793014,-0.203033,0.342602;0.900185,-0.37098,0.170096,-0.152012
0.794387,-0.213851,0.344669;0.901391,-0.36634,0.169848,-0.156338
0.795778,-0.224295,0.346645;0.902558,-0.361685,0.169593,-0.160658
0.797186,-0.23434,0.348525;0.903688,-0.357015,0.169331,-0.164971
0.799088,-0.247076,0.350866;0.905136,-0.350765,0.168971,-0.170712
0.801017,-0.259008,0.353005;0.906516,-0.344489,0.168598,-0.176439
0.80297,-0.270082,0.354922;0.907829,-0.338187,0.168212,-0.182153
0.804946,-0.280243,0.356602;0.909075,-0.331861,0.167814,-0.187854
0.807444,-0.291577,0.35834;0.910538,-0.323918,0.167299,-0.194961
0.809971,-0.301291,0.359645;0.911894,-0.315937,0.166765,-0.202044
0.813547,-0.311965,0.360682;0.913616,-0.304703,0.165984,-0.211922
0.818717,-0.320758,0.360393;0.915715,-0.288535,0.164804,-0.225949
0.826019,-0.318819,0.356023;0.91794,-0.265676,0.163023,-0.245409
0.830196,-0.309442,0.351194;0.918837,-0.252504,0.161938,-0.25643
0.832799,-0.300277,0.347236;0.919259,-0.244233,0.161236,-0.26328
0.834873,-0.291027,0.343522;0.91952,-0.237596,0.160661,-0.268738
0.836939,-0.280012,0.339301;0.919712,-0.230941,0.160074,-0.274175
0.838481,-0.27056,0.335793;0.919812,-0.225939,0.159626,-0.27824
0.840016,-0.260062,0.331984;0.919873,-0.220927,0.159171,-0.282294
0.841543,-0.248494,0.327866;0.919896,-0.215906,0.158709,-0.286336
0.843061,-0.235833,0.323431;0.91988,-0.210876,0.158241,-0.290365
0.84457,-0.222056,0.318673;0.919826,-0.205837,0.157766,-0.294383
0.845571,-0.21224,0.315318;0.919768,-0.202473,0.157446,-0.297054
0.846566,-0.201911,0.311813;0.919694,-0.199106,0.157123,-0.29972
0.847556,-0.191062,0.308157;0.919602,-0.195734,0.156797,-0.302381
0.848541,-0.179686,0.304348;0.919494,-0.192359,0.156468,-0.305036
0.84952,-0.167776,0.300383;0.919368,-0.188981,0.156136,-0.307685
0.850493,-0.155325,0.29626;0.919225,-0.185598,0.155802,-0.310328
0.85146,-0.142328,0.291977;0.919066,-0.182213,0.155464,-0.312966
0.85242,-0.128775,0.287532;0.918889,-0.178824,0.155124,-0.315598
0.853374,-0.114662,0.282923;0.918695,-0.175431,0.15478,-0.318224
0.854321,-0.0999802,0.278147;0.918484,-0.172036,0.154434,-0.320844
0.855261,-0.0847236,0.273202;0.918256,-0.168637,0.154085,-0.323458
0.856193,-0.0688853,0.268087;0.918011,-0.165235,0.153733,-0.326067
0.857118,-0.0524583,0.262799;0.917749,-0.16183,0.153378,-0.328669
0.858035,-0.0354357,0.257336;0.91747,-0.158422,0.153021,-0.331265
0.858943,-0.0178108,0.251695;0.917174,-0.155012,0.15266,-0.333855
0.859843,0.000423466,0.245875;0.91686,-0.151598,0.152297,-0.336438
0.860735,0.0192738,0.239874;0.91653,-0.148181,0.151931,-0.339016
0.861177,0.0289322,0.236804;0.916359,-0.146472,0.151747,-0.340302
0.861617,0.0387472,0.233688;0.916183,-0.144762,0.151562,-0.341587
0.862055,0.0487196,0.230526;0.916003,-0.143051,0.151376,-0.34287
0.862491,0.0588504,0.227317;0.915819,-0.14134,0.15119,-0.344152
0.862924,0.0691404,0.224061;0.91563,-0.139628,0.151003,-0.345432
0.863354,0.0795904,0.220758;0.915438,-0.137915,0.150815,-0.34671
0.863783,0.0902013,0.217407;0.915241,-0.136202,0.150627,-0.347987
0.864208,0.100974,0.214008;0.915039,-0.134488,0.150438,-0.349262
0.864632,0.111909,0.210561;0.914834,-0.132773,0.150248,-0.350536
