0.76126,0.215941,0.605478;0.767127,-0.6198,-0.0680253,-0.150785
0.755518,0.205218,0.610608;0.770539,-0.615833,-0.0651255,-0.150927
0.749903,0.194652,0.615639;0.773923,-0.611843,-0.0622233,-0.151063
0.744413,0.18424,0.620572;0.777279,-0.607831,-0.059319,-0.151194
0.739048,0.173983,0.625406;0.780608,-0.603798,-0.0564125,-0.151319
0.733806,0.163879,0.630143;0.783908,-0.599743,-0.0535039,-0.151439
0.728686,0.153927,0.634784;0.787181,-0.595666,-0.0505935,-0.151553
0.723688,0.144127,0.639328;0.790425,-0.591568,-0.0476813,-0.151662
0.718811,0.134477,0.643777;0.793641,-0.587449,-0.0447673,-0.151766
0.714053,0.124977,0.648132;0.796829,-0.583309,-0.0418518,-0.151864
0.709414,0.115626,0.652392;0.799988,-0.579148,-0.0389347,-0.151957
0.704893,0.106422,0.656559;0.803118,-0.574967,-0.0360163,-0.152044
0.700489,0.097366,0.660633;0.80622,-0.570764,-0.0330965,-0.152126
0.696202,0.0884556,0.664615;0.809293,-0.566542,-0.0301756,-0.152202
0.692029,0.0796904,0.668506;0.812336,-0.562299,-0.0272536,-0.152273
0.687971,0.0710694,0.672305;0.815351,-0.558035,-0.0243306,-0.152339
0.684026,0.0625917,0.676014;0.818337,-0.553752,-0.0214068,-0.152399
0.67894,0.0515096,0.680821;0.822272,-0.548011,-0.0175071,-0.152471
0.674053,0.0406785,0.68547;0.826154,-0.542234,-0.0136064,-0.152532
0.669361,0.0300964,0.689963;0.829985,-0.536423,-0.00970473,-0.152585
0.664862,0.0197611,0.694301;0.833762,-0.530578,-0.00580249,-0.152627
0.660555,0.00967042,0.698485;0.837486,-0.524699,-0.00189988,-0.15266
0.656436,-0.000177703,0.702519;0.841157,-0.518786,0.00200285,-0.152683
0.652505,-0.00978544,0.706402;0.844774,-0.512841,0.00590545,-0.152696
0.648758,-0.0191549,0.710136;0.848338,-0.506863,0.00980768,-0.1527
0.645194,-0.0282883,0.713724;0.851847,-0.500852,0.0137093,-0.152693
0.64181,-0.0371877,0.717166;0.855303,-0.49481,0.01761,-0.152678
0.63783,-0.0479862,0.721266;0.859545,-0.487213,0.0224843,-0.152644
0.634125,-0.0584266,0.725144;0.863702,-0.479567,0.0273564,-0.152595
0.630689,-0.0685132,0.728803;0.867773,-0.471874,0.0322257,-0.152531
0.62752,-0.07825,0.732246;0.871758,-0.464134,0.0370919,-0.152452
0.624611,-0.0876413,0.735476;0.875656,-0.456347,0.0419543,-0.152358
0.621461,-0.0984607,0.739075;0.880219,-0.446944,0.0477837,-0.152225
0.618673,-0.108796,0.742377;0.884655,-0.437476,0.0536063,-0.15207
0.616241,-0.118654,0.745386;0.888965,-0.427946,0.0594212,-0.151894
0.613844,-0.129561,0.748534;0.893833,-0.41675,0.0661944,-0.15166
0.61191,-0.139841,0.7513;0.898526,-0.405473,0.0729547,-0.151397
0.610427,-0.149504,0.753691;0.903043,-0.394117,0.0797007,-0.151104
0.609269,-0.159806,0.755976;0.907991,-0.381044,0.0873914,-0.150734
0.608631,-0.170474,0.757989;0.91328,-0.366222,0.0960167,-0.150271
0.608718,-0.181208,0.759556;0.918812,-0.349615,0.105564,-0.1497
0.609743,-0.191695,0.760491;0.924475,-0.331186,0.116017,-0.149003
0.611919,-0.201607,0.760606;0.930145,-0.3109,0.127357,-0.148161
0.615778,-0.211232,0.759599;0.936086,-0.287009,0.140494,-0.147071
0.621389,-0.219326,0.757228;0.941641,-0.261164,0.154448,-0.145777
0.628932,-0.225554,0.753314;0.946638,-0.233339,0.169179,-0.144252
0.637343,-0.229257,0.748431;0.950446,-0.207036,0.182833,-0.142689
0.646259,-0.23095,0.742887;0.953233,-0.182319,0.19543,-0.141115
0.654648,-0.231118,0.737427;0.95503,-0.16102,0.206106,-0.139678
0.663666,-0.230162,0.731358;0.956281,-0.139628,0.216664,-0.138161
0.672433,-0.228347,0.725294;0.956945,-0.119948,0.226233,-0.136701
0.680781,-0.225958,0.719393;0.95715,-0.102007,0.234838,-0.135317
0.689453,-0.222898,0.713148;0.956973,-0.0840247,0.243349,-0.133878
0.697507,-0.219599,0.707252;0.956489,-0.0678123,0.250927,-0.132538
0.705771,-0.215808,0.701113;0.955696,-0.0515781,0.258424,-0.131156
0.713273,-0.212046,0.695467;0.954733,-0.0371335,0.265018,-0.129891
0.720906,-0.207932,0.689655;0.953527,-0.0226795,0.271544,-0.128594
0.72865,-0.203483,0.683689;0.952078,-0.00821969,0.278001,-0.127263
0.736489,-0.198716,0.677582;0.950386,0.0062422,0.284388,-0.1259
0.744405,-0.193649,0.671346;0.948453,0.0207025,0.290702,-0.124505
0.751381,-0.188982,0.665794;0.946562,0.0333511,0.296166,-0.123259
0.758258,-0.184204,0.660268;0.945312,0.0461002,0.298729,-0.122556
0.7653,-0.179135,0.654555;0.946167,0.0601401,0.293116,-0.123429
0.77236,-0.173878,0.648772;0.946803,0.0741661,0.287434,-0.124274
0.779433,-0.16844,0.642922;0.947222,0.0881751,0.281687,-0.12509
0.786512,-0.162828,0.637011;0.947423,0.102164,0.275875,-0.125878
0.793592,-0.157051,0.631041;0.947406,0.116129,0.269999,-0.126637
0.800667,-0.151116,0.625018;0.94717,0.130067,0.264062,-0.127366
0.807731,-0.145031,0.618945;0.946717,0.143976,0.258063,-0.128066
0.814777,-0.138802,0.612826;0.946046,0.157851,0.252005,-0.128737
0.821801,-0.132437,0.606666;0.945157,0.17169,0.245889,-0.129378
0.828795,-0.125945,0.600469;0.944051,0.18549,0.239717,-0.129989
0.834887,-0.120164,0.59502;0.942905,0.197529,0.234271,-0.1305
0.840948,-0.114297,0.589547;0.941592,0.209534,0.228783,-0.130987
0.846974,-0.108347,0.584055;0.940114,0.221502,0.223255,-0.131451
0.852962,-0.10232,0.578546;0.93847,0.233431,0.217688,-0.131892
0.858907,-0.0962207,0.573023;0.936661,0.245319,0.212083,-0.13231
0.864805,-0.0900542,0.567488;0.934687,0.257164,0.20644,-0.132705
0.870653,-0.0838256,0.561944;0.932548,0.268963,0.200761,-0.133076
0.876446,-0.0775399,0.556395;0.930244,0.280715,0.195046,-0.133424
0.88218,-0.071202,0.550842;0.927777,0.292417,0.189297,-0.133748
0.887853,-0.0648171,0.545289;0.925146,0.304068,0.183515,-0.134048
0.893458,-0.0583902,0.539739;0.922353,0.315665,0.1777,-0.134326
0.898993,-0.0519262,0.534193;0.919397,0.327207,0.171854,-0.134579
0.904454,-0.0454303,0.528656;0.916279,0.338691,0.165978,-0.134809
0.909836,-0.0389075,0.523129;0.912999,0.350115,0.160072,-0.135014
0.915136,-0.0323627,0.517616;0.909558,0.361478,0.154139,-0.135197
0.92035,-0.025801,0.512119;0.905958,0.372777,0.148178,-0.135355
0.926197,-0.0182878,0.505861;0.901647,0.38561,0.141334,-0.135507
0.931921,-0.0107665,0.499631;0.897129,0.398354,0.134457,-0.135627
0.937514,-0.00324481,0.493434;0.892405,0.411006,0.127549,-0.135716
0.942972,0.00426986,0.487275;0.887475,0.423564,0.120612,-0.135775
0.948288,0.01177,0.481158;0.882341,0.436024,0.113647,-0.135801
0.953457,0.019248,0.475085;0.877004,0.448383,0.106656,-0.135797
0.958472,0.0266965,0.469063;0.871465,0.46064,0.0996405,-0.135761
0.963327,0.0341079,0.463094;0.865726,0.472791,0.092602,-0.135694
0.968017,0.0414747,0.457184;0.859787,0.484833,0.0855422,-0.135596
0.972535,0.0487895,0.451336;0.85365,0.496763,0.0784627,-0.135467
0.976877,0.0560446,0.445554;0.847317,0.508579,0.0713651,-0.135306
0.981034,0.0632326,0.439842;0.840789,0.520278,0.0642512,-0.135115
0.985486,0.0712295,0.433506;0.833214,0.533296,0.0562304,-0.134862
0.989689,0.0791214,0.42727;0.825396,0.546158,0.0481932,-0.13457
0.993636,0.0868973,0.42114;0.817338,0.558862,0.0401419,-0.134239
0.997318,0.0945468,0.415122;0.809042,0.571403,0.032079,-0.133868
1.00073,0.102059,0.409223;0.80051,0.583777,0.0240068,-0.133459
1.00418,0.110232,0.402813;0.790757,0.597327,0.0150295,-0.132959
1.00728,0.118208,0.396564;0.780719,0.610662,0.00604683,-0.13241
1.01001,0.125972,0.390485;0.770401,0.623778,-0.00293802,-0.131815
1.01257,0.13425,0.384002;0.758731,0.637945,-0.01282,-0.131105
1.01464,0.142234,0.377745;0.746731,0.651836,-0.0226964,-0.130337
1.01635,0.150586,0.371188;0.73327,0.666665,-0.0334593,-0.129436
1.01744,0.15854,0.364926;0.719429,0.681149,-0.0442048,-0.128467
1.01792,0.166679,0.358491;0.704014,0.696442,-0.0558198,-0.127343
1.01759,0.174851,0.351987;0.686936,0.712438,-0.0682901,-0.126046
1.01621,0.182879,0.345533;0.668101,0.729019,-0.0815976,-0.124557
1.01349,0.19069,0.339161;0.670818,0.728757,-0.0848704,-0.108232
1.00917,0.198109,0.33301;0.684466,0.719462,-0.0830517,-0.0835654
1.00354,0.204575,0.327584;0.697508,0.709531,-0.0811596,-0.0588244
0.996705,0.21019,0.322849;0.709934,0.698973,-0.0791956,-0.0340314
0.988792,0.215054,0.318772;0.721732,0.687796,-0.0771617,-0.00920829
0.979918,0.219269,0.315319;0.732892,0.676012,-0.0750595,0.015623
0.970202,0.222937,0.312459;0.743403,0.663629,-0.0728909,0.0404404
0.960529,0.225942,0.310303;0.752575,0.651605,-0.0708194,0.0634536
0.950328,0.228643,0.308602;0.761173,0.639084,-0.068694,0.0864184
0.940524,0.230937,0.307413;0.768595,0.627093,-0.0666855,0.107559
0.930426,0.233106,0.306568;0.775517,0.614695,-0.0646336,0.128629
0.920108,0.235213,0.306047;0.781936,0.601897,-0.0625398,0.149616
0.909644,0.237323,0.305828;0.787846,0.588709,-0.0604053,0.170505
0.899111,0.2395,0.30589;0.793244,0.575138,-0.0582316,0.191284
0.888582,0.241806,0.306213;0.798127,0.561193,-0.0560201,0.211938
0.878133,0.244306,0.306776;0.802491,0.546883,-0.0537721,0.232455
0.867837,0.247065,0.307558;0.806334,0.532218,-0.0514892,0.252821
0.857771,0.250145,0.308538;0.809653,0.517207,-0.0491728,0.273022
0.848009,0.25361,0.309694;0.812445,0.50186,-0.0468245,0.293046
0.838625,0.257526,0.311007;0.81471,0.486187,-0.0444458,0.312879
0.829695,0.261955,0.312456;0.816446,0.470199,-0.0420382,0.33251
0.820619,0.267406,0.314153;0.817727,0.452533,-0.0393991,0.353532
0.812258,0.273616,0.315959;0.818385,0.434522,-0.0367301,0.374284
0.804707,0.280666,0.317845;0.818418,0.41618,-0.034033,0.394751
0.798062,0.288637,0.319786;0.817828,0.39752,-0.0313099,0.414916
0.792417,0.297611,0.321755;0.816613,0.378557,-0.028563,0.434766
0.788177,0.306855,0.323575;0.81494,0.360797,-0.026008,0.452794
0.784945,0.317085,0.325375;0.812737,0.342802,-0.0234361,0.470529
0.782932,0.327385,0.326991;0.810253,0.32611,-0.0210651,0.486517
0.781938,0.337443,0.328404;0.814969,0.315057,-0.0132481,0.486199
0.78169,0.347413,0.329681;0.820898,0.305697,-0.00463478,0.482343
0.782051,0.357921,0.330929;0.826653,0.296271,0.00397951,0.478385
0.782979,0.368905,0.332153;0.832233,0.286783,0.012593,0.474326
0.784434,0.380299,0.333355;0.837637,0.277234,0.0212037,0.470166
0.78607,0.390344,0.334372;0.842127,0.269003,0.0285809,0.466522
0.788038,0.400603,0.335379;0.846487,0.260729,0.0359536,0.462804
0.790312,0.411036,0.33638;0.850715,0.252415,0.0433208,0.459015
0.792867,0.421603,0.337376;0.85481,0.244062,0.0506811,0.455154
0.795677,0.432263,0.33837;0.858772,0.23567,0.0580336,0.451222
0.798716,0.442975,0.339365;0.862601,0.227242,0.0653771,0.44722
0.801959,0.4537,0.340364;0.866296,0.218779,0.0727104,0.443149
0.805381,0.464396,0.341369;0.869855,0.210282,0.0800323,0.439008
0.808955,0.475024,0.342382;0.87328,0.201751,0.0873419,0.434799
0.812656,0.485544,0.343408;0.876568,0.19319,0.0946378,0.430523
0.816459,0.495914,0.344447;0.87972,0.184598,0.101919,0.426179
0.820337,0.506095,0.345503;0.882735,0.175978,0.109184,0.42177
0.824266,0.516045,0.346578;0.885613,0.16733,0.116433,0.417294
0.82822,0.525725,0.347676;0.888352,0.158657,0.123663,0.412754
0.832172,0.535095,0.348798;0.890954,0.149958,0.130874,0.408149
0.836748,0.545579,0.350141;0.893814,0.139781,0.139261,0.402697
0.841248,0.555521,0.351526;0.896484,0.129573,0.147618,0.397159
0.84563,0.564857,0.352957;0.898965,0.119339,0.155944,0.391538
0.850443,0.574703,0.354653;0.901567,0.107611,0.16542,0.385011
0.854988,0.583576,0.35642;0.903919,0.0958537,0.174849,0.378378
0.859707,0.592279,0.3585;0.906267,0.0825952,0.185399,0.370791
0.864785,0.600883,0.36119;0.908705,0.0663515,0.198205,0.361342
0.870219,0.608587,0.365144;0.911263,0.0441467,0.215499,0.348154
0.874467,0.609201,0.372893;0.913597,0.00556925,0.24497,0.324499
0.873064,0.600354,0.378305;0.913707,-0.018186,0.262755,0.309466
0.870367,0.590834,0.381964;0.913262,-0.0330245,0.273725,0.299895
0.867104,0.580856,0.385054;0.912621,-0.0448853,0.282416,0.292146
0.863391,0.57032,0.387882;0.911854,-0.0552534,0.289956,0.285298
0.859539,0.559898,0.390401;0.911043,-0.0641312,0.29637,0.279381
0.855838,0.5502,0.392571;0.910258,-0.0715217,0.30168,0.274416
0.852091,0.540615,0.394588;0.909908,-0.075522,0.305533,0.270211
0.848275,0.531029,0.396507;0.911747,-0.0656396,0.3044,0.267863
0.844148,0.520801,0.398464;0.913487,-0.05575,0.303233,0.265485
0.839728,0.509961,0.400455;0.915129,-0.0458545,0.302034,0.263079
0.835835,0.500484,0.402135;0.916423,-0.0376044,0.30101,0.261053
0.831764,0.49062,0.403831;0.917647,-0.0293514,0.299964,0.259006
0.827525,0.480389,0.405539;0.918803,-0.0210963,0.298895,0.256941
0.823129,0.469808,0.407256;0.91989,-0.0128396,0.297803,0.254856
0.818588,0.458895,0.408977;0.920908,-0.00458193,0.296689,0.252752
0.813913,0.447667,0.410701;0.921857,0.00367608,0.295554,0.250629
0.810083,0.43847,0.412078;0.922566,0.0102823,0.294629,0.248917
0.80618,0.429092,0.413453;0.923231,0.0168881,0.29369,0.247194
0.802209,0.419543,0.414823;0.923853,0.023493,0.292737,0.245458
0.798176,0.409831,0.416186;0.924429,0.0300968,0.29177,0.243711
0.794087,0.399966,0.417541;0.924962,0.0366992,0.290789,0.241952
0.789948,0.389956,0.418886;0.92545,0.0432998,0.289794,0.240181
0.785763,0.379811,0.420219;0.925894,0.0498984,0.288786,0.238399
0.781539,0.36954,0.421538;0.926293,0.0564945,0.287763,0.236605
0.777281,0.359152,0.422843;0.926648,0.0630879,0.286727,0.2348
0.772995,0.348655,0.424129;0.926959,0.0696784,0.285676,0.232984
0.768687,0.33806,0.425397;0.927225,0.0762654,0.284613,0.231157
0.764362,0.327374,0.426645;0.927447,0.0828489,0.283535,0.229318
0.760027,0.316608,0.427869;0.927624,0.0894283,0.282444,0.227469
0.755686,0.305771,0.42907;0.927757,0.0960035,0.281339,0.225609
0.751345,0.294871,0.430244;0.927845,0.102574,0.280221,0.223737
0.74701,0.283917,0.43139;0.927889,0.10914,0.27909,0.221856
0.742687,0.272919,0.432507;0.927888,0.1157,0.277945,0.219963
0.738381,0.261885,0.433592;0.927843,0.122255,0.276787,0.21806
0.734098,0.250826,0.434645;0.927753,0.128804,0.275615,0.216147
0.729843,0.239749,0.435662;0.927619,0.135347,0.27443,0.214223
0.725623,0.228665,0.436642;0.927441,0.141883,0.273233,0.212289
0.721443,0.217581,0.437584;0.927218,0.148413,0.272022,0.210344
0.717309,0.206508,0.438486;0.926951,0.154935,0.270798,0.20839
0.713226,0.195454,0.439345;0.926639,0.16145,0.269561,0.206426
0.709199,0.184428,0.440161;0.926282,0.167957,0.268311,0.204451
0.705236,0.17344,0.440931;0.925882,0.174457,0.267048,0.202467
0.70134,0.162499,0.441654;0.925437,0.180947,0.265773,0.200474
0.697519,0.151613,0.442327;0.924947,0.18743,0.264484,0.19847
0.693777,0.140792,0.44295;0.924414,0.193903,0.263183,0.196457
0.69012,0.130044,0.443519;0.923836,0.200367,0.26187,0.194435
0.686554,0.11938,0.444034;0.923213,0.206821,0.260544,0.192403
0.683085,0.108808,0.444493;0.922547,0.213265,0.259205,0.190363
0.679718,0.0983366,0.444894;0.921836,0.2197,0.257854,0.188313
0.676459,0.0879757,0.445235;0.921081,0.226123,0.256491,0.186254
0.673313,0.0777342,0.445514;0.920282,0.232536,0.255115,0.184186
0.670287,0.0676211,0.44573;0.919439,0.238938,0.253727,0.182109
0.667386,0.0576455,0.44588;0.918552,0.245328,0.252327,0.180024
0.664615,0.0478166,0.445964;0.91762,0.251706,0.250915,0.177929
0.66198,0.0381433,0.445978;0.916645,0.258073,0.24949,0.175827
0.658887,0.0262846,0.445897;0.915364,0.266013,0.247693,0.173187
0.656027,0.0147011,0.445703;0.914015,0.273934,0.245878,0.170534
0.65341,0.00341073,0.445391;0.912597,0.281834,0.244044,0.167868
0.651049,-0.00756887,0.444958;0.91111,0.289713,0.242191,0.165189
0.648953,-0.0182199,0.444402;0.909556,0.29757,0.240321,0.162499
0.647134,-0.0285246,0.443717;0.907933,0.305405,0.238433,0.159796
0.645603,-0.0384652,0.442902;0.906243,0.313217,0.236526,0.157081
0.644162,-0.0498883,0.441745;0.904124,0.322561,0.234215,0.153807
0.643171,-0.0607309,0.440389;0.901909,0.33187,0.231879,0.150517
0.642648,-0.0709622,0.438827;0.899596,0.341143,0.229518,0.147211
0.642657,-0.0820851,0.436737;0.896774,0.351915,0.226732,0.143334
0.643361,-0.0922856,0.434349;0.893822,0.362635,0.223913,0.139435
0.645054,-0.102751,0.431243;0.890286,0.374821,0.22065,0.134955
0.647739,-0.111875,0.427721;0.88658,0.386936,0.217346,0.130449
0.652003,-0.120446,0.423244;0.882208,0.400476,0.213578,0.125349
0.657644,-0.127123,0.418203;0.877622,0.413919,0.209759,0.12022
0.664728,-0.131804,0.412578;0.872822,0.427261,0.205889,0.115061
0.673318,-0.134384,0.406348;0.867811,0.4405,0.201969,0.109874
0.68227,-0.13483,0.400286;0.86318,0.452178,0.198443,0.105241
0.691157,-0.133735,0.394565;0.858992,0.462326,0.195327,0.10117
0.699582,-0.131653,0.389344;0.855302,0.47097,0.192633,0.0976697
0.708772,-0.128485,0.383825;0.851519,0.479563,0.189919,0.0941584
0.717029,-0.124992,0.378993;0.848297,0.486684,0.187641,0.0912245
0.725841,-0.120705,0.373946;0.845011,0.493769,0.185349,0.0882839
0.73522,-0.115606,0.36868;0.841662,0.500817,0.183043,0.0853366
0.743139,-0.110931,0.364308;0.838938,0.506428,0.181189,0.0829741
0.751433,-0.105716,0.359792;0.836173,0.512015,0.179325,0.0806077
0.760108,-0.0999513,0.35513;0.833368,0.517578,0.177454,0.0782374
0.76917,-0.0936288,0.35032;0.830523,0.523116,0.175573,0.0758634
0.778625,-0.086739,0.345361;0.827639,0.528628,0.173684,0.0734857
0.788478,-0.079273,0.340251;0.824714,0.534116,0.171787,0.0711045
0.796132,-0.0732897,0.336319;0.822495,0.538214,0.170359,0.0693163
0.804015,-0.0669733,0.3323;0.820254,0.542299,0.168926,0.0675263
