0.728015,-0.667644,0.343703;0.794314,0.475931,0.20735,-0.315534
0.729965,-0.654125,0.347125;0.796107,0.473715,0.206952,-0.314609
0.731897,-0.640727,0.350518;0.797893,0.471495,0.206552,-0.313682
0.733811,-0.627451,0.353881;0.799671,0.46927,0.20615,-0.312752
0.735707,-0.614295,0.357214;0.801442,0.467041,0.205746,-0.311819
0.737585,-0.60126,0.360518;0.803206,0.464808,0.20534,-0.310883
0.739446,-0.588344,0.363793;0.804963,0.46257,0.204933,-0.309945
0.741289,-0.575548,0.367039;0.806712,0.460329,0.204523,-0.309003
0.743115,-0.56287,0.370256;0.808454,0.458083,0.204112,-0.308059
0.744923,-0.55031,0.373444;0.810189,0.455833,0.203699,-0.307112
0.746714,-0.537868,0.376604;0.811916,0.453579,0.203284,-0.306162
0.748487,-0.525544,0.379734;0.813635,0.45132,0.202867,-0.305209
0.750243,-0.513336,0.382836;0.815348,0.449058,0.202448,-0.304254
0.751982,-0.501245,0.385909;0.817052,0.446791,0.202027,-0.303295
0.753704,-0.48927,0.388955;0.81875,0.44452,0.201605,-0.302334
0.755409,-0.47741,0.391971;0.82044,0.442246,0.201181,-0.30137
0.757096,-0.465665,0.39496;0.822122,0.439967,0.200754,-0.300404
0.758767,-0.454035,0.397921;0.823797,0.437684,0.200327,-0.299434
0.760421,-0.442518,0.400853;0.825464,0.435397,0.199897,-0.298462
0.762058,-0.431115,0.403758;0.827124,0.433106,0.199465,-0.297488
0.763679,-0.419826,0.406635;0.828776,0.430812,0.199032,-0.29651
0.765282,-0.408649,0.409485;0.830421,0.428513,0.198596,-0.29553
0.76687,-0.397584,0.412307;0.832058,0.42621,0.198159,-0.294547
0.76844,-0.38663,0.415101;0.833687,0.423904,0.19772,-0.293561
0.769994,-0.375788,0.417869;0.835309,0.421594,0.19728,-0.292573
0.771532,-0.365057,0.420609;0.836923,0.419279,0.196837,-0.291582
0.773053,-0.354435,0.423321;0.838529,0.416961,0.196393,-0.290588
0.774558,-0.343924,0.426007;0.840128,0.414639,0.195947,-0.289592
0.776047,-0.333522,0.428667;0.841719,0.412314,0.195499,-0.288593
0.77752,-0.323228,0.431299;0.843303,0.409984,0.195049,-0.287592
0.778976,-0.313044,0.433904;0.844879,0.407651,0.194598,-0.286587
0.780417,-0.302966,0.436483;0.846447,0.405314,0.194144,-0.28558
0.781842,-0.292997,0.439036;0.848007,0.402974,0.193689,-0.284571
0.78325,-0.283134,0.441562;0.84956,0.400629,0.193233,-0.283559
0.784643,-0.273378,0.444062;0.851104,0.398281,0.192774,-0.282544
0.78602,-0.263728,0.446536;0.852641,0.39593,0.192314,-0.281527
0.788057,-0.24945,0.450198;0.854932,0.392396,0.19162,-0.279997
0.790058,-0.235408,0.453802;0.857206,0.388853,0.190922,-0.27846
0.792024,-0.221601,0.457348;0.859461,0.385303,0.190221,-0.276918
0.793956,-0.208026,0.460836;0.8617,0.381745,0.189515,-0.27537
0.795853,-0.194682,0.464268;0.86392,0.378179,0.188806,-0.273817
0.797717,-0.181567,0.467642;0.866122,0.374605,0.188092,-0.272258
0.799546,-0.168681,0.47096;0.868307,0.371024,0.187375,-0.270693
0.801341,-0.156021,0.474222;0.870474,0.367435,0.186654,-0.269123
0.803103,-0.143585,0.477428;0.872623,0.363838,0.185929,-0.267547
0.804832,-0.131373,0.480579;0.874754,0.360234,0.1852,-0.265966
0.806527,-0.119382,0.483675;0.876867,0.356622,0.184468,-0.264379
0.80819,-0.10761,0.486717;0.878962,0.353003,0.183732,-0.262787
0.80982,-0.0960577,0.489704;0.881039,0.349377,0.182991,-0.261189
0.811417,-0.0847216,0.492637;0.883098,0.345744,0.182248,-0.259586
0.812982,-0.0736007,0.495516;0.885139,0.342104,0.1815,-0.257978
0.814516,-0.0626933,0.498343;0.887161,0.338456,0.180749,-0.256364
0.816017,-0.0519978,0.501116;0.889165,0.334802,0.179994,-0.254745
0.817487,-0.0415127,0.503837;0.891151,0.33114,0.179235,-0.253121
0.818926,-0.0312363,0.506506;0.893119,0.327472,0.178472,-0.251492
0.820334,-0.0211671,0.509123;0.895068,0.323797,0.177706,-0.249857
0.821711,-0.0113034,0.511689;0.896999,0.320116,0.176937,-0.248217
0.823057,-0.00164376,0.514204;0.898912,0.316428,0.176163,-0.246573
0.824804,0.0109213,0.517478;0.901433,0.3115,0.175126,-0.244372
0.826498,0.0231303,0.520663;0.903921,0.306561,0.174083,-0.242162
0.828139,0.0349871,0.523759;0.906376,0.301611,0.173033,-0.239943
0.829727,0.0464955,0.526768;0.908798,0.29665,0.171978,-0.237716
0.831264,0.0576591,0.52969;0.911187,0.291678,0.170915,-0.23548
0.832748,0.0684819,0.532527;0.913542,0.286695,0.169847,-0.233235
0.834182,0.0789676,0.535278;0.915864,0.281702,0.168772,-0.230982
0.835566,0.0891199,0.537945;0.918153,0.276698,0.167691,-0.22872
0.836899,0.0989426,0.540529;0.920408,0.271685,0.166604,-0.22645
0.838497,0.110763,0.543643;0.923179,0.265404,0.165237,-0.223601
0.840018,0.122082,0.54663;0.925898,0.259108,0.16386,-0.220739
0.841465,0.132907,0.549491;0.928564,0.252797,0.162474,-0.217864
0.842837,0.143245,0.552228;0.931177,0.246472,0.161079,-0.214977
0.844136,0.153103,0.554843;0.933736,0.240132,0.159674,-0.212078
0.8456,0.164311,0.557822;0.936738,0.232507,0.157977,-0.208583
0.846962,0.174851,0.56063;0.939662,0.224862,0.156267,-0.20507
0.848224,0.184736,0.563271;0.942508,0.217199,0.154543,-0.201541
0.849572,0.19546,0.566143;0.945732,0.208237,0.152517,-0.197403
0.850789,0.20533,0.568795;0.948849,0.199251,0.150473,-0.193242
0.852023,0.215591,0.571563;0.952282,0.188954,0.148117,-0.188461
0.853216,0.225872,0.574348;0.955977,0.177337,0.14544,-0.183049
0.854306,0.235778,0.577047;0.959875,0.16439,0.142434,-0.176996
0.855298,0.245637,0.579754;0.964264,0.148806,0.138785,-0.16968
0.856109,0.255507,0.582498;0.969621,0.127951,0.133848,-0.159838
0.85603,0.265093,0.585279;0.979119,0.0834007,0.1231,-0.138621
0.852394,0.256471,0.583111;0.987988,0.021479,0.107715,-0.1087
0.849933,0.247014,0.580532;0.99016,-0.00360162,0.101336,-0.0964406
0.847644,0.237525,0.577895;0.991298,-0.023401,0.0962411,-0.0867051
0.845436,0.228027,0.575218;0.991872,-0.0405511,0.0917853,-0.0782315
0.84323,0.218326,0.572451;0.992062,-0.0563682,0.0876408,-0.0703828
0.841079,0.208737,0.569685;0.99195,-0.0708511,0.0838163,-0.0631678
0.838815,0.198561,0.566718;0.991563,-0.0853144,0.0799687,-0.0559353
0.83665,0.188788,0.563837;0.991364,-0.0908956,0.0786514,-0.0524368
0.834279,0.178055,0.560639;0.991781,-0.0819007,0.0815806,-0.0548445
0.831824,0.166936,0.557291;0.992103,-0.072898,0.0845019,-0.057247
0.829719,0.1574,0.554391;0.992299,-0.0653904,0.0869303,-0.0592449
0.827563,0.147639,0.551398;0.992429,-0.0578784,0.0893528,-0.0612389
0.825357,0.137674,0.548316;0.992494,-0.0503627,0.0917694,-0.0632288
0.823106,0.127522,0.545149;0.992493,-0.0428435,0.09418,-0.0652146
0.820811,0.117206,0.541904;0.992426,-0.0353216,0.0965843,-0.067196
0.818476,0.106743,0.538585;0.992293,-0.0277973,0.0989822,-0.0691729
0.816103,0.096155,0.535197;0.992094,-0.0202711,0.101374,-0.0711453
0.813695,0.0854605,0.531745;0.99183,-0.0127437,0.103758,-0.073113
0.811255,0.0746794,0.528234;0.9915,-0.00521534,0.106136,-0.0750758
0.808784,0.0638317,0.524668;0.991104,0.00231333,0.108507,-0.0770336
0.806287,0.0529369,0.521053;0.990642,0.00984185,0.11087,-0.0789863
0.803766,0.042015,0.517394;0.990115,0.0173697,0.113226,-0.0809338
0.801223,0.0310856,0.513695;0.989522,0.0248964,0.115575,-0.082876
0.798662,0.0201685,0.509962;0.988864,0.0324215,0.117916,-0.0848126
0.796085,0.00928342,0.506199;0.98814,0.0399444,0.120249,-0.0867436
0.793494,-0.00154983,0.502412;0.98735,0.0474647,0.122574,-0.0886688
0.790893,-0.0123115,0.498606;0.986495,0.0549818,0.124891,-0.0905882
0.788284,-0.0229819,0.494784;0.985575,0.0624953,0.1272,-0.0925016
0.78567,-0.0335412,0.490953;0.984589,0.0700046,0.129501,-0.0944088
0.783054,-0.0439697,0.487117;0.983538,0.0775093,0.131792,-0.0963098
0.780438,-0.0542477,0.483282;0.982422,0.0850089,0.134075,-0.0982044
0.777825,-0.0643553,0.479451;0.981241,0.0925028,0.13635,-0.100093
0.775218,-0.0742728,0.475631;0.979994,0.0999906,0.138615,-0.101974
0.772619,-0.0839805,0.471825;0.978683,0.107472,0.140871,-0.103849
0.770032,-0.0934586,0.46804;0.977307,0.114946,0.143117,-0.105716
0.767459,-0.102687,0.464279;0.975866,0.122412,0.145354,-0.107577
0.764903,-0.111647,0.460549;0.97436,0.12987,0.147582,-0.109431
0.761862,-0.122016,0.456118;0.972468,0.138809,0.150242,-0.111646
0.758853,-0.131934,0.451746;0.970483,0.147734,0.152888,-0.11385
0.755882,-0.141369,0.447442;0.968406,0.156646,0.155519,-0.116043
0.752953,-0.150285,0.443213;0.966236,0.165542,0.158135,-0.118225
0.749596,-0.159986,0.438387;0.963588,0.175901,0.161168,-0.120757
0.74631,-0.168881,0.433689;0.960814,0.186237,0.16418,-0.123273
0.742652,-0.17799,0.428494;0.957492,0.19802,0.167597,-0.126129
0.738674,-0.186794,0.422897;0.95356,0.211235,0.171406,-0.129316
0.734443,-0.194647,0.417018;0.948951,0.225866,0.175596,-0.132824
0.729658,-0.201177,0.410491;0.943088,0.243343,0.180562,-0.136988
0.723837,-0.204522,0.402793;0.934712,0.266501,0.187075,-0.142458
0.718311,-0.200491,0.395883;0.932252,0.265565,0.196419,-0.147653
0.714713,-0.191793,0.391703;0.944301,0.206073,0.208347,-0.149739
0.712334,-0.182077,0.389111;0.95109,0.159915,0.216953,-0.150951
0.710619,-0.172212,0.387345;0.955084,0.121509,0.223695,-0.151695
0.709276,-0.162074,0.386035;0.957413,0.0869857,0.229436,-0.152163
0.708244,-0.152166,0.385081;0.958489,0.0564335,0.234268,-0.152421
0.707409,-0.142155,0.384353;0.958666,0.0278687,0.238575,-0.15253
0.7067,-0.131453,0.383773;0.958042,-0.000719275,0.242683,-0.152512
0.706153,-0.120936,0.38336;0.956747,-0.0272652,0.246316,-0.152381
0.705746,-0.110764,0.383083;0.954941,-0.0517522,0.249512,-0.152163
0.705431,-0.100175,0.382899;0.952549,-0.0762075,0.252556,-0.151851
0.705225,-0.0901278,0.382808;0.949843,-0.0985841,0.255209,-0.151484
0.705097,-0.0797759,0.382789;0.946648,-0.12091,0.257732,-0.151038
0.705048,-0.0691413,0.382838;0.942965,-0.143174,0.260121,-0.150515
0.705078,-0.0582458,0.38295;0.938797,-0.165363,0.262377,-0.149914
0.705175,-0.0481326,0.383105;0.934587,-0.185462,0.26431,-0.149301
0.705338,-0.0378379,0.383306;0.92998,-0.205482,0.266131,-0.148624
0.705566,-0.0273781,0.383552;0.924976,-0.225415,0.267838,-0.147884
0.705861,-0.0167695,0.38384;0.919579,-0.245251,0.269431,-0.147081
0.706222,-0.00602836,0.384166;0.91379,-0.264983,0.27091,-0.146216
0.70665,0.004829,0.384529;0.907612,-0.284602,0.272273,-0.145288
0.707145,0.0157863,0.384925;0.901048,-0.3041,0.273521,-0.144298
0.707706,0.0268271,0.385351;0.8941,-0.323469,0.274651,-0.143247
0.708269,0.0368219,0.385759;0.887521,-0.340783,0.275569,-0.142249
0.708887,0.0468593,0.386188;0.880636,-0.35798,0.276392,-0.141201
0.709559,0.0569275,0.386635;0.873448,-0.375053,0.277119,-0.140105
0.710286,0.0670145,0.387099;0.865958,-0.391997,0.277751,-0.138961
0.711068,0.0771085,0.387577;0.858169,-0.408805,0.278287,-0.137769
0.711905,0.0871975,0.388068;0.850085,-0.425473,0.278727,-0.136529
0.712798,0.0972697,0.38857;0.841707,-0.441994,0.279071,-0.135242
0.713746,0.107313,0.38908;0.833039,-0.458362,0.279319,-0.133908
0.714749,0.117316,0.389597;0.824084,-0.474572,0.27947,-0.132529
0.715808,0.127267,0.390119;0.814844,-0.490619,0.279525,-0.131103
0.717051,0.138247,0.390702;0.804248,-0.50825,0.279473,-0.129466
0.718362,0.149131,0.391285;0.79331,-0.525664,0.279302,-0.127775
0.719743,0.159903,0.391866;0.782034,-0.542855,0.279012,-0.126028
0.721193,0.170547,0.392443;0.770425,-0.559815,0.278603,-0.124228
0.722713,0.181047,0.393011;0.758488,-0.576536,0.278076,-0.122375
0.724302,0.191385,0.39357;0.746228,-0.593011,0.27743,-0.12047
0.725962,0.201546,0.394115;0.733651,-0.609235,0.276666,-0.118514
0.727692,0.211513,0.394644;0.720761,-0.625198,0.275785,-0.116507
0.729677,0.222234,0.395205;0.706227,-0.642451,0.274679,-0.114243
0.731747,0.23268,0.395739;0.69133,-0.659372,0.273432,-0.111919
0.733902,0.242828,0.396244;0.676077,-0.675954,0.272044,-0.109538
0.736144,0.252657,0.396715;0.660475,-0.692187,0.270516,-0.1071
0.738688,0.26299,0.397187;0.643067,-0.709489,0.26869,-0.104378
0.741335,0.272889,0.39761;0.625265,-0.726356,0.2667,-0.101592
0.744319,0.283091,0.398008;0.605547,-0.744126,0.264359,-0.0985032
0.747424,0.292716,0.398337;0.585394,-0.761361,0.261827,-0.0953438
0.750807,0.302137,0.398601;0.576666,-0.772128,0.250017,-0.0936302
0.754957,0.31237,0.39881;0.576599,-0.778872,0.228597,-0.0929296
0.759276,0.3217,0.398917;0.57624,-0.785223,0.207062,-0.0921821
0.764206,0.330963,0.398931;0.57551,-0.791751,0.183254,-0.0913061
0.769779,0.339928,0.398839;0.574313,-0.79832,0.157154,-0.0902868
0.776025,0.348368,0.398634;0.572545,-0.804783,0.12875,-0.0891086
0.782962,0.356068,0.398317;0.570095,-0.810974,0.0980394,-0.0877548
0.7906,0.362827,0.397903;0.566844,-0.816718,0.0650284,-0.086208
0.798938,0.368472,0.397414;0.562667,-0.821821,0.0297361,-0.0844502
0.807957,0.372863,0.396892;0.557432,-0.82608,-0.00780292,-0.082463
0.817622,0.375901,0.396396;0.551003,-0.829277,-0.0475366,-0.0802279
0.827875,0.377538,0.396003;0.54324,-0.831179,-0.089392,-0.0777263
0.8381,0.377807,0.395821;0.534487,-0.831567,-0.131085,-0.0750831
0.848214,0.376956,0.395923;0.52476,-0.83044,-0.172538,-0.0723032
0.858132,0.375232,0.396385;0.514077,-0.827799,-0.213678,-0.0693915
0.868271,0.372748,0.397344;0.50182,-0.823391,-0.25656,-0.06619
0.878005,0.369861,0.398874;0.48855,-0.81732,-0.298925,-0.062855
0.887684,0.366713,0.40119;0.473556,-0.80917,-0.342757,-0.0592167
0.897108,0.363646,0.404507;0.456717,-0.798701,-0.387856,-0.055264
0.906039,0.361103,0.409073;0.437922,-0.78567,-0.43399,-0.0509874
0.914198,0.359641,0.415178;0.417063,-0.769837,-0.480893,-0.0463799
0.921065,0.359843,0.422851;0.380527,-0.772265,-0.507378,-0.0370765
0.92628,0.361159,0.431355;0.335202,-0.786513,-0.51808,-0.0250927
0.930278,0.362496,0.440625;0.289033,-0.798784,-0.527479,-0.0130458
0.933109,0.362775,0.450235;0.242137,-0.809044,-0.535552,-0.000965998
0.934871,0.360791,0.46012;0.192795,-0.817545,-0.542509,0.0115805
0.935483,0.355852,0.468779;0.146638,-0.82344,-0.547638,0.0231704
0.935248,0.348257,0.475699;0.105735,-0.827043,-0.551099,0.0333258
0.93454,0.339304,0.480684;0.0721232,-0.828883,-0.553192,0.041591
0.93361,0.32968,0.484265;0.0440455,-0.829653,-0.554427,0.0484407
0.932561,0.319579,0.486878;0.0196807,-0.829758,-0.555122,0.0543445
0.931503,0.30965,0.488693;-0.000945928,-0.82944,-0.555437,0.0593135
0.930409,0.299451,0.489999;-0.0196973,-0.828826,-0.555507,0.0638077
0.929319,0.289265,0.490873;-0.0365674,-0.82801,-0.555393,0.0678322
0.928132,0.278078,0.491444;-0.0534265,-0.826944,-0.555111,0.0718362
0.926996,0.267258,0.491683;-0.0683991,-0.825788,-0.55472,0.0753772
0.925943,0.257089,0.491674;-0.0814868,-0.824614,-0.55427,0.0784609
0.924834,0.246243,0.491453;-0.0945596,-0.823291,-0.553718,0.0815302
0.92367,0.234698,0.491012;-0.107615,-0.821817,-0.553066,0.0845847
0.92263,0.224231,0.490453;-0.11879,-0.820434,-0.552426,0.0871906
0.921552,0.213222,0.489721;-0.129949,-0.818942,-0.551712,0.0897848
0.920436,0.201658,0.48881;-0.141091,-0.817339,-0.550925,0.0923669
0.919477,0.191588,0.487911;-0.150361,-0.81592,-0.550212,0.0945093
0.918493,0.181116,0.486882;-0.159618,-0.814425,-0.549449,0.0966429
0.917483,0.170234,0.48572;-0.168859,-0.812855,-0.548634,0.0987674
0.916449,0.158934,0.484421;-0.178085,-0.811208,-0.547768,0.100883
0.915391,0.147209,0.482982;-0.187294,-0.809487,-0.546851,0.102989
0.914308,0.135051,0.481401;-0.196486,-0.80769,-0.545883,0.105085
0.913425,0.125008,0.480032;-0.203826,-0.806198,-0.545072,0.106755
0.912527,0.114679,0.478568;-0.211154,-0.804658,-0.544228,0.108419
0.911615,0.104061,0.477007;-0.21847,-0.80307,-0.543353,0.110076
0.910687,0.0931483,0.475349;-0.225773,-0.801435,-0.542445,0.111727
0.909746,0.0819383,0.473592;-0.233062,-0.799751,-0.541504,0.113371
0.90879,0.0704267,0.471734;-0.240337,-0.798021,-0.540532,0.115009
0.90782,0.0586097,0.469773;-0.247598,-0.796242,-0.539527,0.116639
0.906836,0.0464832,0.467709;-0.254844,-0.794416,-0.53849,0.118263
0.905839,0.0340434,0.465539;-0.262075,-0.792543,-0.537421,0.119879
0.904828,0.0212864,0.463262;-0.269291,-0.790623,-0.53632,0.121488
0.903804,0.00820821,0.460877;-0.27649,-0.788655,-0.535187,0.12309
0.903028,-0.00181355,0.459015;-0.281879,-0.787149,-0.534316,0.124287
0.902244,-0.0120198,0.457091;-0.287258,-0.785616,-0.533427,0.12548
0.901453,-0.0224123,0.455104;-0.292628,-0.784057,-0.532521,0.126668
0.900655,-0.0329926,0.453053;-0.297988,-0.782472,-0.531597,0.127852
0.89985,-0.0437623,0.450938;-0.303337,-0.78086,-0.530655,0.129032
0.899038,-0.0547232,0.448757;-0.308677,-0.779222,-0.529695,0.130208
0.898219,-0.0658769,0.44651;-0.314007,-0.777559,-0.528717,0.131379
0.897394,-0.077225,0.444197;-0.319325,-0.775869,-0.527722,0.132546
0.896561,-0.0887693,0.441817;-0.324634,-0.774153,-0.526709,0.133708
0.895722,-0.100511,0.439369;-0.329931,-0.772411,-0.525678,0.134866
