1.06417,-0.00938232,0.182673;0.314815,0.943853,0.00871782,-0.0997881
1.05769,-0.00503625,0.19024;0.32454,0.940886,0.0103531,-0.0964382
1.05129,-0.000777435,0.197681;0.334226,0.937809,0.0119873,-0.0930769
1.04497,0.00339465,0.204997;0.343873,0.934622,0.01362,-0.0897047
1.03872,0.00748053,0.212187;0.35348,0.931326,0.0152511,-0.086322
1.03255,0.0114808,0.219255;0.363045,0.92792,0.0168804,-0.0829291
1.02646,0.0153959,0.226199;0.372568,0.924406,0.0185077,-0.0795266
1.01925,0.0199824,0.234371;0.383938,0.920045,0.0204576,-0.0754312
1.01215,0.024448,0.242369;0.395243,0.91553,0.0224041,-0.0713231
1.00516,0.0287937,0.250194;0.406481,0.910859,0.0243468,-0.067203
0.998277,0.0330203,0.257848;0.41765,0.906035,0.0262854,-0.0630715
0.991499,0.0371288,0.265333;0.428749,0.901058,0.0282195,-0.0589294
0.984826,0.0411202,0.272648;0.439776,0.895929,0.0301489,-0.0547773
0.978259,0.0449953,0.279798;0.450728,0.890648,0.0320732,-0.050616
0.971795,0.048755,0.286781;0.461604,0.885217,0.033992,-0.0464461
0.965435,0.0524004,0.293601;0.472402,0.879636,0.0359052,-0.0422684
0.958144,0.0565099,0.301353;0.484899,0.872938,0.0381294,-0.0373854
0.950991,0.0604664,0.308886;0.497285,0.866039,0.040345,-0.0324939
0.943975,0.0642714,0.316202;0.509556,0.858942,0.0425512,-0.0275948
0.937094,0.0679264,0.323305;0.52171,0.851646,0.0447477,-0.0226895
0.930347,0.0714327,0.330196;0.533744,0.844155,0.0469339,-0.0177789
0.922799,0.0752599,0.337816;0.547347,0.835357,0.0494192,-0.0121618
0.915423,0.0788972,0.345165;0.560786,0.826307,0.0518896,-0.00654113
0.908216,0.0823466,0.352249;0.574056,0.81701,0.0543445,-0.000918469
0.901176,0.0856105,0.35907;0.587154,0.807467,0.056783,0.00470446
0.893454,0.0890633,0.366433;0.601679,0.796442,0.059506,0.0110285
0.88594,0.092287,0.373474;0.615975,0.785114,0.0622063,0.0173483
0.878629,0.095285,0.380196;0.630036,0.773489,0.064883,0.0236616
0.870741,0.0983549,0.387299;0.64538,0.760226,0.0678282,0.0306656
0.863099,0.101154,0.394022;0.66042,0.746608,0.0707416,0.0376553
0.855697,0.103687,0.400372;0.675151,0.732639,0.0736217,0.0446274
0.847828,0.10617,0.406935;0.690989,0.716876,0.07675,0.0522723
0.839565,0.108525,0.4136;0.707819,0.699217,0.0801129,0.0605782
0.83163,0.110515,0.419761;0.724171,0.681086,0.0834217,0.0688432
0.823398,0.112271,0.425881;0.741334,0.660925,0.0869426,0.0777444
0.814945,0.113705,0.431842;0.759159,0.638627,0.0906572,0.0872611
0.806351,0.114729,0.437526;0.777482,0.614086,0.0945445,0.0973683
0.797699,0.115254,0.442813;0.796122,0.587196,0.0985809,0.108036
0.788581,0.115165,0.447839;0.815949,0.556103,0.10298,0.119881
0.779188,0.114251,0.452323;0.836523,0.520566,0.107684,0.132828
0.769717,0.112296,0.455983;0.857341,0.480351,0.112625,0.146781
0.760369,0.109079,0.458538;0.877831,0.435239,0.117724,0.161622
0.751341,0.104384,0.459719;0.89735,0.385045,0.122888,0.177205
0.743104,0.0982566,0.459327;0.914609,0.331631,0.127838,0.192792
0.736199,0.0912272,0.457514;0.928274,0.279121,0.132191,0.20718
0.730447,0.0834949,0.454557;0.938639,0.227795,0.135983,0.220396
0.725687,0.0752371,0.450699;0.946002,0.177892,0.139248,0.232475
0.721934,0.0670004,0.446367;0.950507,0.131722,0.14191,0.242998
0.718857,0.058586,0.441593;0.952794,0.0873698,0.144151,0.252527
0.716353,0.0501079,0.436524;0.953141,0.0449606,0.146009,0.261118
0.71433,0.0416657,0.431288;0.951814,0.00459247,0.14752,0.268826
0.712629,0.0328754,0.425689;0.948875,-0.0357834,0.148781,0.276078
0.71129,0.0242533,0.420094;0.94461,-0.0739795,0.149743,0.282518
0.71015,0.014972,0.413992;0.940605,-0.0949836,0.156692,0.285811
0.709302,0.00598181,0.408029;0.937093,-0.108287,0.165297,0.287765
0.708659,-0.0032374,0.401876;0.93333,-0.121562,0.173857,0.289641
0.708249,-0.0116168,0.396266;0.929776,-0.133334,0.181427,0.291244
0.707981,-0.020163,0.390536;0.926025,-0.145079,0.188959,0.292786
0.707847,-0.0288693,0.384701;0.922079,-0.156793,0.196451,0.294266
0.707838,-0.037729,0.378775;0.917939,-0.168473,0.203902,0.295684
0.707943,-0.0467355,0.372773;0.913605,-0.180118,0.211309,0.297039
0.708154,-0.0558821,0.366708;0.909078,-0.191725,0.218672,0.298332
0.708462,-0.065162,0.360594;0.904359,-0.203292,0.225989,0.299561
0.708858,-0.0745687,0.354446;0.899449,-0.214816,0.233258,0.300728
0.709331,-0.0840955,0.348277;0.894349,-0.226294,0.240478,0.301831
0.709803,-0.0925246,0.342874;0.889731,-0.236299,0.246754,0.302743
0.710322,-0.101036,0.337475;0.88497,-0.246265,0.252989,0.303607
0.710881,-0.109626,0.33209;0.880066,-0.256191,0.259184,0.304422
0.711475,-0.118288,0.326728;0.87502,-0.266076,0.265338,0.305188
0.712097,-0.12702,0.321399;0.869832,-0.275918,0.271448,0.305904
0.712741,-0.135816,0.316112;0.864504,-0.285716,0.277514,0.306571
0.713402,-0.144672,0.310877;0.859036,-0.295467,0.283535,0.307188
0.714072,-0.153584,0.305703;0.853429,-0.305171,0.289511,0.307756
0.714746,-0.162547,0.3006;0.847684,-0.314825,0.29544,0.308273
0.715418,-0.171556,0.295577;0.841802,-0.324428,0.301321,0.308742
0.716082,-0.180608,0.290642;0.835784,-0.333979,0.307153,0.30916
0.716731,-0.189697,0.285807;0.829631,-0.343476,0.312936,0.309528
0.717359,-0.198819,0.28108;0.823344,-0.352917,0.318668,0.309846
0.71796,-0.20797,0.27647;0.816924,-0.362301,0.324349,0.310114
0.718528,-0.217146,0.271988;0.810372,-0.371627,0.329977,0.310332
0.719057,-0.226341,0.267642;0.803688,-0.380893,0.335552,0.3105
0.71954,-0.235551,0.263442;0.796875,-0.390097,0.341073,0.310618
0.719972,-0.244772,0.259397;0.789933,-0.399238,0.346538,0.310685
0.720346,-0.254,0.255517;0.782864,-0.408315,0.351948,0.310702
0.720696,-0.264548,0.251297;0.77463,-0.418607,0.358061,0.31066
0.720953,-0.275091,0.247318;0.766232,-0.428811,0.364098,0.310553
0.721108,-0.285624,0.243595;0.757672,-0.438924,0.370058,0.31038
0.721152,-0.296139,0.240142;0.748952,-0.448945,0.37594,0.310141
0.721076,-0.30663,0.236972;0.740075,-0.458871,0.381743,0.309837
0.720871,-0.31709,0.234101;0.731041,-0.4687,0.387465,0.309468
0.720528,-0.327513,0.231541;0.721853,-0.478431,0.393105,0.309033
0.720037,-0.337891,0.229308;0.712512,-0.48806,0.398662,0.308533
0.719389,-0.348219,0.227414;0.703021,-0.497586,0.404135,0.307968
0.718576,-0.358489,0.225875;0.693381,-0.507007,0.409523,0.307338
0.717587,-0.368694,0.224704;0.683596,-0.516321,0.414825,0.306643
0.716433,-0.378678,0.223924;0.681348,-0.519227,0.41737,0.303267
0.715031,-0.389056,0.22351;0.700839,-0.503794,0.412153,0.2918
0.713448,-0.399323,0.223493;0.719785,-0.487969,0.406616,0.280105
0.711701,-0.409453,0.223859;0.738172,-0.471765,0.400764,0.268194
0.709808,-0.419423,0.22459;0.755986,-0.455194,0.3946,0.256074
0.707788,-0.429207,0.225672;0.773213,-0.43827,0.38813,0.243755
0.705474,-0.439569,0.227219;0.791197,-0.419552,0.38078,0.230196
0.703054,-0.449652,0.229137;0.80846,-0.400451,0.373083,0.216427
0.700549,-0.459427,0.231405;0.824985,-0.380986,0.365046,0.202461
0.697983,-0.468861,0.234003;0.840759,-0.361173,0.356677,0.18831
0.695176,-0.478604,0.237145;0.856888,-0.339468,0.3473,0.172879
0.692351,-0.487876,0.240621;0.872111,-0.317404,0.337556,0.157266
0.689338,-0.497244,0.244684;0.887398,-0.293393,0.32672,0.140353
0.686371,-0.50598,0.249069;0.901608,-0.269025,0.315487,0.12327
0.683298,-0.514545,0.254063;0.915559,-0.242674,0.303084,0.104883
0.680182,-0.522732,0.259688;0.928996,-0.214309,0.289448,0.0851894
0.677104,-0.530296,0.265949;0.941645,-0.183913,0.274518,0.064193
0.674169,-0.53696,0.272842;0.95321,-0.15148,0.258239,0.0419092
0.671382,-0.54263,0.280721;0.963833,-0.115293,0.239662,0.0171866
0.668989,-0.546647,0.289567;0.972836,-0.0753483,0.218664,-0.00993529
0.667314,-0.548216,0.299308;0.979473,-0.0316898,0.195135,-0.0393809
0.666761,-0.546524,0.309425;0.982873,0.0138263,0.169967,-0.0698622
0.667481,-0.541739,0.318612;0.982831,0.0558002,0.146183,-0.0977752
0.669089,-0.535243,0.326059;0.980463,0.0906515,0.126014,-0.120808
0.671392,-0.527344,0.332534;0.976524,0.121853,0.107627,-0.141315
0.67417,-0.518623,0.338061;0.971589,0.14941,0.0911245,-0.159338
0.6772,-0.50963,0.342691;0.96617,0.173355,0.0765808,-0.174929
0.680264,-0.500879,0.346486;0.960711,0.193734,0.0640497,-0.188145
0.683468,-0.491991,0.349808;0.955052,0.212283,0.052519,-0.200132
0.687064,-0.482252,0.352968;0.94877,0.230693,0.0409539,-0.211989
0.690966,-0.471907,0.355886;0.945037,0.240113,0.0354777,-0.21907
0.695261,-0.460718,0.358642;0.945599,0.236906,0.0387326,-0.219587
0.698959,-0.451204,0.360734;0.946033,0.234337,0.0413359,-0.219998
0.702877,-0.441213,0.362731;0.946454,0.231764,0.0439387,-0.220406
0.707001,-0.43077,0.364641;0.946863,0.229189,0.0465408,-0.220811
0.711321,-0.419896,0.36647;0.947258,0.22661,0.0491423,-0.221213
0.715823,-0.408614,0.368223;0.94764,0.224028,0.0517432,-0.221611
0.720495,-0.396949,0.369908;0.94801,0.221443,0.0543433,-0.222007
0.725326,-0.384921,0.371531;0.948366,0.218855,0.0569427,-0.2224
0.729045,-0.375677,0.372711;0.948625,0.216912,0.0588917,-0.222692
0.73284,-0.366252,0.373862;0.948876,0.214967,0.0608403,-0.222983
0.736707,-0.356656,0.374987;0.94912,0.213021,0.0627884,-0.223272
0.74064,-0.346898,0.376089;0.949357,0.211073,0.064736,-0.223559
0.744635,-0.336989,0.37717;0.949586,0.209124,0.0666831,-0.223845
0.748685,-0.326937,0.378232;0.949808,0.207172,0.0686297,-0.224129
0.752786,-0.316752,0.37928;0.950023,0.20522,0.0705758,-0.224411
0.756932,-0.306444,0.380314;0.95023,0.203265,0.0725213,-0.224691
0.761119,-0.296023,0.381338;0.95043,0.201309,0.0744663,-0.22497
0.76534,-0.285499,0.382355;0.950623,0.199352,0.0764106,-0.225247
0.769592,-0.27488,0.383367;0.950808,0.197393,0.0783544,-0.225522
0.773868,-0.264177,0.384377;0.950986,0.195432,0.0802976,-0.225796
0.778164,-0.253399,0.385388;0.951157,0.19347,0.0822402,-0.226067
0.782474,-0.242556,0.386401;0.95132,0.191507,0.0841821,-0.226337
0.786793,-0.231658,0.387421;0.951476,0.189542,0.0861234,-0.226605
0.791115,-0.220714,0.388449;0.951625,0.187575,0.088064,-0.226872
0.795437,-0.209733,0.389488;0.951766,0.185607,0.090004,-0.227137
0.799752,-0.198727,0.390542;0.9519,0.183638,0.0919432,-0.2274
0.804055,-0.187703,0.391612;0.952026,0.181667,0.0938818,-0.227661
0.808341,-0.176672,0.392701;0.952145,0.179695,0.0958196,-0.22792
0.812605,-0.165644,0.393812;0.952257,0.177721,0.0977566,-0.228178
0.816842,-0.154628,0.394947;0.952362,0.175746,0.099693,-0.228434
0.821046,-0.143634,0.39611;0.952459,0.17377,0.101628,-0.228688
0.825212,-0.132671,0.397303;0.952548,0.171792,0.103563,-0.22894
0.829336,-0.121749,0.398529;0.952631,0.169813,0.105497,-0.229191
0.833411,-0.110878,0.399789;0.952706,0.167833,0.10743,-0.22944
0.837433,-0.100067,0.401088;0.952773,0.165851,0.109363,-0.229687
0.841396,-0.0893263,0.402427;0.952834,0.163868,0.111294,-0.229932
0.845296,-0.0786653,0.40381;0.952887,0.161884,0.113225,-0.230175
0.849126,-0.0680936,0.405238;0.952932,0.159899,0.115154,-0.230417
0.852883,-0.0576209,0.406715;0.95297,0.157912,0.117083,-0.230657
0.85656,-0.0472568,0.408244;0.953001,0.155924,0.119011,-0.230895
0.860152,-0.037011,0.409826;0.953025,0.153935,0.120938,-0.231132
0.863655,-0.0268932,0.411465;0.953041,0.151945,0.122864,-0.231366
0.867062,-0.0169129,0.413163;0.95305,0.149953,0.124789,-0.231599
0.87037,-0.00707989,0.414923;0.953051,0.147961,0.126714,-0.23183
0.873572,0.00259624,0.416748;0.953045,0.145967,0.128637,-0.232059
0.876664,0.0121058,0.41864;0.953032,0.143972,0.130559,-0.232287
0.880605,0.0245095,0.421273;0.953002,0.141311,0.13312,-0.232587
0.884328,0.0365772,0.424036;0.95296,0.138647,0.13568,-0.232884
0.88782,0.0482858,0.426936;0.952905,0.135982,0.138238,-0.233179
0.89107,0.0596125,0.429979;0.952836,0.133314,0.140793,-0.233469
0.894064,0.0705346,0.433172;0.952754,0.130645,0.143347,-0.233757
0.896791,0.081029,0.436521;0.95266,0.127974,0.145899,-0.234042
0.899239,0.0910729,0.440033;0.952552,0.125302,0.148449,-0.234323
0.901394,0.100643,0.443713;0.952431,0.122627,0.150997,-0.234601
0.903244,0.109718,0.447568;0.952297,0.119951,0.153543,-0.234876
0.905111,0.120328,0.452643;0.952111,0.116604,0.156722,-0.235214
0.906458,0.130082,0.458014;0.951905,0.113254,0.159898,-0.235548
0.907262,0.138936,0.463693;0.951678,0.109902,0.16307,-0.235877
0.907476,0.14831,0.470931;0.951379,0.105876,0.166872,-0.236265
0.906832,0.156244,0.478653;0.951051,0.101847,0.170669,-0.236646
0.905287,0.162664,0.486879;0.950693,0.0978144,0.174461,-0.237019
0.902793,0.167542,0.495686;0.946439,0.110651,0.178566,-0.245201
0.899303,0.170942,0.505221;0.941382,0.125457,0.182749,-0.254289
0.894945,0.172807,0.515185;0.936001,0.140219,0.18687,-0.26329
0.890406,0.17325,0.524345;0.930946,0.1533,0.190478,-0.271214
0.885295,0.172618,0.533737;0.925637,0.16634,0.194035,-0.279064
0.879666,0.170976,0.543313;0.920077,0.179335,0.197538,-0.286838
0.874359,0.168762,0.551802;0.915006,0.190665,0.20056,-0.293577
0.868732,0.165868,0.560359;0.909743,0.201955,0.20354,-0.300254
0.862822,0.162338,0.568951;0.904292,0.213204,0.206477,-0.306869
0.856664,0.158216,0.577543;0.898651,0.224408,0.209371,-0.313419
0.850294,0.153544,0.586104;0.892823,0.235565,0.212222,-0.319904
0.844692,0.149136,0.59339;0.887679,0.245089,0.21463,-0.32541
0.838984,0.144384,0.600606;0.882399,0.254575,0.217005,-0.330866
0.833192,0.139315,0.607731;0.876984,0.264023,0.219347,-0.336271
0.827339,0.133957,0.614745;0.871434,0.27343,0.221655,-0.341624
0.821446,0.128338,0.621625;0.865751,0.282795,0.22393,-0.346925
0.815538,0.122485,0.628352;0.859936,0.292117,0.22617,-0.352173
0.809635,0.116425,0.634903;0.853988,0.301394,0.228375,-0.357367
0.803762,0.110186,0.641257;0.847909,0.310625,0.230545,-0.362506
0.79794,0.103795,0.647394;0.841701,0.319808,0.23268,-0.36759
0.792192,0.0972796,0.653293;0.835363,0.328942,0.23478,-0.372617
0.78654,0.0906676,0.658931;0.828898,0.338026,0.236843,-0.377587
0.781008,0.0839862,0.664289;0.822305,0.347058,0.23887,-0.3825
0.774735,0.0761402,0.670156;0.814455,0.357528,0.241189,-0.388157
0.768691,0.0682807,0.675579;0.806434,0.367923,0.243457,-0.393732
0.762912,0.0604513,0.680523;0.798245,0.378242,0.245674,-0.399226
0.757433,0.0526957,0.684956;0.78989,0.388482,0.247841,-0.404637
0.751586,0.0439783,0.689352;0.780139,0.400085,0.250253,-0.410717
0.746233,0.0354791,0.692986;0.770176,0.411579,0.252597,-0.416685
0.740866,0.0262596,0.6961;0.758717,0.424376,0.255152,-0.423263
0.736267,0.0174913,0.698115;0.746996,0.437026,0.257619,-0.429695
0.732152,0.00839077,0.698978;0.733671,0.450905,0.260256,-0.436668
0.728736,-0.0014645,0.697968;0.717269,0.467306,0.263273,-0.44479
0.72711,-0.0105886,0.69417;0.699004,0.48475,0.26636,-0.453281
0.727865,-0.0178259,0.68735;0.680236,0.501845,0.269256,-0.461446
0.730874,-0.0225905,0.678188;0.662477,0.517305,0.271756,-0.468688
0.73521,-0.0249929,0.668325;0.647367,0.529946,0.273713,-0.474504
0.739952,-0.0257967,0.658905;0.635081,0.539897,0.275195,-0.479011
0.745075,-0.0256293,0.649506;0.624188,0.548484,0.27643,-0.482848
0.750219,-0.0248043,0.640562;0.614747,0.555752,0.277442,-0.486057
0.75608,-0.0233211,0.630778;0.605213,0.562936,0.278412,-0.489191
