0.868166,-0.121569,0.630677;-0.427622,0.7343,0.509279,0.136302
0.858931,-0.118115,0.627233;-0.46485,0.715989,0.50679,0.120158
0.849718,-0.1149,0.623497;-0.503038,0.695177,0.503082,0.102908
0.840588,-0.111976,0.619463;-0.541942,0.671677,0.497996,0.0845509
0.831601,-0.109392,0.615125;-0.581285,0.64531,0.491371,0.0651006
0.822816,-0.107195,0.61048;-0.620757,0.615907,0.483044,0.0445816
0.814287,-0.105431,0.605529;-0.660017,0.583313,0.472856,0.0230329
0.805754,-0.104102,0.600063;-0.700182,0.545919,0.460127,-0.000391806
0.797347,-0.103314,0.594079;-0.740518,0.50338,0.444506,-0.0256143
0.789449,-0.103163,0.587801;-0.778922,0.457034,0.426304,-0.0516196
0.781865,-0.103704,0.581031;-0.815983,0.405157,0.404667,-0.0791511
0.774702,-0.105021,0.573793;-0.850686,0.347584,0.379284,-0.107995
0.768231,-0.107116,0.566345;-0.881104,0.28609,0.350755,-0.137034
0.762299,-0.110076,0.558518;-0.907197,0.219003,0.318119,-0.166827
0.757093,-0.113832,0.550591;-0.927269,0.14843,0.282214,-0.196206
0.752585,-0.118355,0.542633;-0.940608,0.0747897,0.243128,-0.224837
0.748728,-0.123599,0.534724;-0.946524,-0.0014011,0.201006,-0.252362
0.745536,-0.129356,0.527143;-0.944516,-0.0775802,0.157202,-0.277773
0.74283,-0.135687,0.519778;-0.934243,-0.155032,0.110911,-0.301419
0.7405,-0.142595,0.512654;-0.931593,-0.203543,0.07189,-0.292467
0.738461,-0.150098,0.505799;-0.944371,-0.216314,0.0427595,-0.244013
0.7367,-0.158025,0.499392;-0.954132,-0.228787,0.0123055,-0.192712
0.735166,-0.16623,0.493563;-0.960419,-0.240816,-0.0193678,-0.138663
0.733743,-0.174821,0.488291;-0.962777,-0.252633,-0.0532952,-0.0799815
0.7323,-0.183786,0.483731;-0.960083,-0.26428,-0.0904326,-0.0148011
0.730588,-0.193118,0.480201;-0.950064,-0.275843,-0.132709,0.0606458
0.727967,-0.202715,0.478596;-0.926786,-0.287452,-0.184893,0.155734
0.722821,-0.210147,0.481904;-0.877571,-0.297385,-0.251122,0.279946
0.716551,-0.210348,0.48951;-0.827014,-0.393245,-0.276405,0.291559
0.711014,-0.207626,0.497583;-0.775628,-0.518765,-0.272021,0.235135
0.706123,-0.204339,0.505807;-0.718543,-0.617018,-0.263638,0.182975
0.701721,-0.201101,0.514431;-0.654408,-0.70076,-0.251946,0.13118
0.697909,-0.19838,0.523478;-0.582726,-0.773326,-0.237086,0.0786631
0.694885,-0.196665,0.532904;-0.503246,-0.835542,-0.219052,0.0250937
0.692914,-0.196534,0.542695;-0.415172,-0.887515,-0.197621,-0.029933
0.692377,-0.198627,0.552433;-0.321307,-0.927111,-0.173434,-0.0845422
0.693456,-0.203144,0.561323;-0.229087,-0.952525,-0.148519,-0.134749
0.695844,-0.209472,0.568708;-0.146565,-0.965114,-0.12536,-0.177082
0.699066,-0.21686,0.574635;-0.0753193,-0.968763,-0.104749,-0.211786
0.702921,-0.225104,0.579558;-0.0104192,-0.969,-0.111654,-0.220144
0.706985,-0.233372,0.583546;0.046256,-0.966728,-0.132198,-0.214058
0.711301,-0.24176,0.58705;0.0984253,-0.961476,-0.150733,-0.207741
0.71591,-0.250306,0.590269;0.148134,-0.953616,-0.168053,-0.201076
0.720717,-0.258796,0.59324;0.195284,-0.94353,-0.184168,-0.194159
0.72564,-0.267055,0.595995;0.239813,-0.931585,-0.199098,-0.18708
0.730863,-0.275343,0.598687;0.283767,-0.917405,-0.213552,-0.179552
0.736359,-0.283538,0.60133;0.327041,-0.901026,-0.227493,-0.171593
0.742099,-0.291517,0.60394;0.36953,-0.882484,-0.240888,-0.163223
0.748059,-0.299158,0.606533;0.411133,-0.861827,-0.253706,-0.154461
0.754507,-0.306668,0.609248;0.453657,-0.837969,-0.26648,-0.144885
0.76144,-0.313828,0.612103;0.496836,-0.810669,-0.279085,-0.134466
0.768844,-0.320373,0.615124;0.540366,-0.779697,-0.291382,-0.123183
0.776699,-0.325993,0.618339;0.583908,-0.744839,-0.303219,-0.111019
0.785293,-0.330455,0.62192;0.628699,-0.704352,-0.314845,-0.0974598
0.794268,-0.333047,0.625788;0.672515,-0.659418,-0.325582,-0.0829909
0.803563,-0.333244,0.629997;0.714871,-0.609918,-0.335239,-0.067633
0.81247,-0.330733,0.634296;0.752666,-0.559476,-0.343108,-0.0525104
0.820315,-0.32601,0.638359;0.783704,-0.512416,-0.3489,-0.038817
0.827401,-0.319413,0.642308;0.809909,-0.467579,-0.35318,-0.0261014
0.833432,-0.311794,0.645923;0.830804,-0.427492,-0.356077,-0.014982
0.838737,-0.303348,0.649332;0.848066,-0.390615,-0.358022,-0.00494598
0.843339,-0.294513,0.652494;0.862155,-0.357256,-0.359221,0.00398278
0.84736,-0.285497,0.655436;0.869663,-0.344435,-0.353598,0.00441719
0.85113,-0.27588,0.658354;0.873324,-0.345799,-0.343114,-0.00113593
0.854815,-0.265395,0.661348;0.876849,-0.347108,-0.332576,-0.00668886
0.857909,-0.255772,0.663964;0.879762,-0.348187,-0.323502,-0.0114477
0.860944,-0.24561,0.666615;0.882573,-0.349227,-0.314392,-0.0162053
0.863924,-0.234955,0.669293;0.885284,-0.350226,-0.305245,-0.020961
0.866851,-0.223853,0.671989;0.887893,-0.351186,-0.296063,-0.0257143
0.869251,-0.214293,0.674242;0.88999,-0.351954,-0.288386,-0.0296731
0.871617,-0.20448,0.676496;0.892015,-0.352695,-0.280685,-0.0336296
0.873951,-0.194442,0.678745;0.89397,-0.353407,-0.272963,-0.0375834
0.876254,-0.184204,0.680983;0.895853,-0.354092,-0.265218,-0.0415342
0.878526,-0.173793,0.683206;0.897666,-0.354748,-0.257453,-0.0454817
0.88077,-0.163236,0.685408;0.899406,-0.355376,-0.249666,-0.0494256
0.882987,-0.152558,0.687583;0.901075,-0.355976,-0.24186,-0.0533656
0.885178,-0.141787,0.689727;0.902673,-0.356547,-0.234035,-0.0573013
0.887345,-0.130949,0.691834;0.904198,-0.35709,-0.226191,-0.0612324
0.889488,-0.12007,0.693899;0.905652,-0.357604,-0.21833,-0.0651587
0.89161,-0.109177,0.695916;0.907034,-0.35809,-0.21045,-0.0690798
0.893711,-0.0982962,0.69788;0.908343,-0.358548,-0.202554,-0.0729954
0.895793,-0.0874541,0.699786;0.90958,-0.358977,-0.194642,-0.0769051
0.897857,-0.0766772,0.701628;0.910744,-0.359378,-0.186715,-0.0808088
0.899905,-0.0659919,0.703402;0.911836,-0.359749,-0.178772,-0.084706
0.901938,-0.0554247,0.705101;0.912856,-0.360093,-0.170816,-0.0885965
0.903957,-0.0450021,0.70672;0.913803,-0.360407,-0.162845,-0.0924799
0.905964,-0.0347504,0.708255;0.914677,-0.360693,-0.154862,-0.096356
0.90796,-0.0246963,0.709699;0.915478,-0.36095,-0.146867,-0.100224
0.909946,-0.0148661,0.711048;0.916207,-0.361179,-0.138859,-0.104085
0.912319,-0.0034027,0.712532;0.916984,-0.361415,-0.129236,-0.108706
0.914682,0.00765439,0.713862;0.917657,-0.361609,-0.119598,-0.113315
0.917037,0.0182595,0.715028;0.918225,-0.361763,-0.109946,-0.117912
0.919388,0.0283668,0.716022;0.918687,-0.361874,-0.100282,-0.122494
0.922127,0.0394686,0.716949;0.919093,-0.361952,-0.0889923,-0.127823
0.924867,0.049758,0.717614;0.919356,-0.361974,-0.0776889,-0.133131
0.928003,0.0604296,0.718034;0.919481,-0.361929,-0.0647559,-0.139173
0.931543,0.0709185,0.718045;0.919397,-0.361791,-0.0501907,-0.145935
0.935502,0.0805086,0.71745;0.919026,-0.361528,-0.0339922,-0.153405
0.940705,0.0893897,0.715652;0.918106,-0.361014,-0.0129186,-0.163043
0.948057,0.0941871,0.711087;0.916017,-0.359982,0.0162693,-0.176241
0.954782,0.0902379,0.704823;0.913367,-0.358752,0.0422009,-0.187821
0.959533,0.0825672,0.699218;0.911113,-0.357737,0.0600102,-0.195694
