0.84087,-0.15286,0.703613;0.714942,0.62335,-0.310536,0.0621335
0.852376,-0.155472,0.700114;0.712815,0.627836,-0.307456,0.0564599
0.863486,-0.158099,0.696662;0.71064,0.63228,-0.304357,0.0507825
0.874205,-0.160742,0.693256;0.708419,0.636683,-0.301237,0.0451017
0.884537,-0.163398,0.689896;0.70615,0.641043,-0.298098,0.039418
0.894489,-0.166068,0.686582;0.703835,0.64536,-0.294938,0.0337316
0.904064,-0.168751,0.683314;0.701473,0.649635,-0.291759,0.028043
0.913268,-0.171444,0.68009;0.699064,0.653867,-0.288561,0.0223526
0.924259,-0.174827,0.676124;0.695989,0.659095,-0.284536,0.0152374
0.934688,-0.178224,0.672228;0.692841,0.664256,-0.280482,0.00812074
0.944564,-0.181634,0.668401;0.689621,0.669347,-0.276399,0.0010032
0.953896,-0.185057,0.664642;0.68633,0.674369,-0.272287,-0.00611444
0.962696,-0.188489,0.660951;0.682967,0.679321,-0.268147,-0.0132314
0.972565,-0.192619,0.656611;0.678839,0.685171,-0.263142,-0.02177
0.981698,-0.196758,0.652367;0.67461,0.690919,-0.258098,-0.0303053
0.99011,-0.200903,0.648218;0.67028,0.696563,-0.253015,-0.038836
0.999037,-0.205743,0.643496;0.665102,0.703017,-0.247038,-0.0487812
1.00703,-0.210584,0.638901;0.659788,0.709328,-0.24101,-0.0587164
1.01507,-0.21611,0.633803;0.653552,0.716364,-0.234062,-0.0700563
1.02196,-0.221623,0.628866;0.647142,0.72321,-0.227051,-0.0813775
1.0284,-0.227801,0.623501;0.639726,0.730682,-0.219092,-0.094088
1.03399,-0.234625,0.617772;0.631235,0.738697,-0.210163,-0.108173
1.03833,-0.242066,0.611746;0.621592,0.747159,-0.20024,-0.123616
1.04102,-0.250085,0.605496;0.610717,0.755963,-0.189301,-0.14039
1.04167,-0.25863,0.599098;0.598524,0.764992,-0.177323,-0.158468
1.04014,-0.266999,0.593077;0.585913,0.773485,-0.165221,-0.176435
1.0366,-0.275163,0.587424;0.572891,0.781436,-0.153003,-0.194279
1.03169,-0.282491,0.582524;0.560514,0.78829,-0.14163,-0.210629
1.02535,-0.289595,0.577921;0.547803,0.794673,-0.130172,-0.226853
1.0184,-0.295892,0.573956;0.535863,0.800108,-0.1196,-0.241607
1.01046,-0.301964,0.570228;0.523655,0.805141,-0.108969,-0.25624
1.00247,-0.307273,0.56704;0.512329,0.809367,-0.0992564,-0.269431
0.993831,-0.312369,0.564039;0.50079,0.813257,-0.0895027,-0.28251
0.984616,-0.317238,0.56122;0.489044,0.81681,-0.0797119,-0.295473
0.974906,-0.321866,0.558578;0.477095,0.820024,-0.0698881,-0.308313
0.965807,-0.325814,0.556349;0.466172,0.822627,-0.0610217,-0.319759
0.956277,-0.329604,0.554226;0.447895,0.831057,-0.0714746,-0.32191
0.946535,-0.333155,0.552248;0.42723,0.840687,-0.0877558,-0.320966
0.936573,-0.336484,0.550402;0.406228,0.849656,-0.103968,-0.319771
0.926419,-0.339592,0.548683;0.384908,0.857958,-0.120098,-0.318324
0.916105,-0.34248,0.547086;0.363285,0.865586,-0.136135,-0.316627
0.906468,-0.344951,0.545717;0.343072,0.872023,-0.150843,-0.314839
0.896743,-0.347235,0.544446;0.322629,0.877877,-0.165449,-0.312841
0.886955,-0.349332,0.543268;0.30197,0.883142,-0.179946,-0.310634
0.877127,-0.351244,0.542181;0.281109,0.887817,-0.194321,-0.308218
0.867282,-0.352971,0.541181;0.26006,0.891897,-0.208567,-0.305596
0.856627,-0.354633,0.540191;0.23706,0.895643,-0.223842,-0.302525
0.846011,-0.356079,0.539295;0.213875,0.898685,-0.238941,-0.299216
0.835464,-0.357309,0.538487;0.190521,0.901021,-0.253852,-0.295671
0.825017,-0.358324,0.537765;0.167017,0.902649,-0.268564,-0.291895
0.8147,-0.359124,0.537122;0.143383,0.903568,-0.283064,-0.287889
0.804542,-0.359711,0.536555;0.119635,0.903777,-0.297343,-0.283657
0.793817,-0.360104,0.536025;0.0939566,0.903208,-0.312458,-0.27885
0.78335,-0.360251,0.535571;0.0681922,0.901816,-0.327288,-0.27379
0.773179,-0.360152,0.535189;0.0423657,0.899602,-0.34182,-0.268479
0.762653,-0.359775,0.534854;0.0146523,0.89632,-0.357044,-0.262518
0.752556,-0.359117,0.534587;-0.0130765,0.8921,-0.371894,-0.256283
0.742312,-0.358107,0.534371;-0.0426381,0.886571,-0.387306,-0.249336
0.732084,-0.356688,0.534211;-0.0739908,0.87954,-0.403175,-0.24163
0.722065,-0.354797,0.534107;-0.107079,0.870807,-0.419386,-0.233117
0.712006,-0.352229,0.534057;-0.143652,0.859567,-0.436657,-0.223247
0.702374,-0.348841,0.534064;-0.183571,0.845357,-0.454716,-0.211912
0.69343,-0.344277,0.534124;-0.228427,0.826902,-0.473994,-0.198453
0.685787,-0.337849,0.534231;-0.180141,0.831636,-0.46903,-0.236521
0.680847,-0.329178,0.534417;-0.0734333,0.839777,-0.444162,-0.303484
0.679499,-0.319132,0.534736;0.0364886,0.833778,-0.411278,-0.366515
0.68095,-0.309074,0.535193;0.135923,0.815892,-0.375237,-0.418381
0.684016,-0.299373,0.535781;0.223805,0.789881,-0.338229,-0.460001
0.687945,-0.290079,0.536496;0.301659,0.758263,-0.301113,-0.493326
0.692431,-0.2809,0.537358;0.373053,0.721462,-0.263133,-0.520659
0.697146,-0.271941,0.538361;0.437815,0.68078,-0.224993,-0.542434
0.70197,-0.263038,0.53953;0.497563,0.636112,-0.186202,-0.559573
0.706707,-0.254251,0.540867;0.552142,0.588191,-0.147171,-0.572286
0.711319,-0.245377,0.542417;0.602879,0.536176,-0.107116,-0.581016
0.715638,-0.236458,0.544198;0.649419,0.480429,-0.0663154,-0.585701
0.719597,-0.227283,0.546287;0.692569,0.419605,-0.0238703,-0.586268
0.722963,-0.217899,0.548726;0.731602,0.353876,0.019934,-0.582351
0.72547,-0.208362,0.551559;0.765764,0.28351,0.0647575,-0.573615
0.728328,-0.208246,0.550633;0.777374,0.264236,0.0877291,-0.564068
0.732205,-0.216539,0.546096;0.771994,0.291893,0.0899324,-0.557436
0.736098,-0.224729,0.541583;0.766416,0.317355,0.0919105,-0.550858
0.740231,-0.233363,0.536804;0.760281,0.342587,0.0938218,-0.543878
0.744223,-0.241701,0.532171;0.754128,0.365657,0.0955256,-0.537085
0.748351,-0.250369,0.527344;0.747508,0.3885,0.0971703,-0.52996
0.752226,-0.258586,0.52276;0.741033,0.409229,0.0986251,-0.523139
0.756163,-0.267044,0.518038;0.734172,0.429746,0.100029,-0.516047
0.760137,-0.275726,0.51319;0.726929,0.450038,0.10138,-0.508686
0.764123,-0.284614,0.508226;0.719308,0.470096,0.102679,-0.501061
0.767735,-0.292858,0.503625;0.712055,0.488119,0.103813,-0.493902
0.771316,-0.301246,0.498948;0.704496,0.505932,0.104903,-0.486531
0.774849,-0.309763,0.494205;0.696634,0.523528,0.105947,-0.478951
0.778313,-0.318398,0.489404;0.688473,0.540898,0.106946,-0.471165
0.781691,-0.327136,0.484555;0.680015,0.558036,0.107899,-0.463177
0.784962,-0.335965,0.479667;0.671265,0.574934,0.108806,-0.454989
0.788109,-0.344871,0.474749;0.662227,0.591585,0.109666,-0.446605
0.791112,-0.353842,0.469809;0.652904,0.607981,0.110478,-0.43803
0.793952,-0.362865,0.464858;0.6433,0.624116,0.111244,-0.429266
0.79661,-0.371925,0.459904;0.633419,0.639983,0.111961,-0.420318
0.799069,-0.381011,0.454956;0.623266,0.655574,0.11263,-0.411189
0.801307,-0.39011,0.450023;0.612845,0.670884,0.113251,-0.401883
0.803308,-0.399207,0.445115;0.602161,0.685905,0.113823,-0.392404
0.805051,-0.408291,0.44024;0.591217,0.700631,0.114346,-0.382757
0.806518,-0.417347,0.435408;0.58002,0.715056,0.11482,-0.372945
0.80769,-0.426363,0.430628;0.568573,0.729174,0.115245,-0.362973
0.808549,-0.435326,0.425908;0.556882,0.742978,0.11562,-0.352844
0.809074,-0.444223,0.421258;0.544951,0.756462,0.115945,-0.342564
0.809245,-0.453917,0.416235;0.531556,0.770919,0.116245,-0.331086
0.808964,-0.463498,0.411319;0.517886,0.784975,0.116485,-0.319436
0.808208,-0.472947,0.406523;0.503945,0.798623,0.116665,-0.307619
0.806951,-0.482249,0.401859;0.489743,0.811855,0.116783,-0.295643
0.805168,-0.491384,0.397339;0.475285,0.824665,0.116841,-0.283513
0.802832,-0.500337,0.392974;0.460581,0.837046,0.116838,-0.271235
0.799921,-0.509089,0.388778;0.445637,0.848991,0.116774,-0.258816
0.796407,-0.517623,0.384762;0.430461,0.860495,0.11665,-0.246262
0.792266,-0.525921,0.380939;0.415061,0.871551,0.116464,-0.233581
0.787473,-0.533967,0.377319;0.399445,0.882153,0.116219,-0.220777
0.782003,-0.541742,0.373916;0.383621,0.892297,0.115912,-0.207859
0.77583,-0.54923,0.370742;0.367598,0.901976,0.115546,-0.194833
0.768929,-0.556413,0.367809;0.351383,0.911186,0.115119,-0.181706
0.761276,-0.563273,0.365128;0.334986,0.919922,0.114632,-0.168483
0.752844,-0.569794,0.362712;0.318415,0.92818,0.114086,-0.155174
0.744483,-0.575412,0.360756;0.303205,0.935268,0.113538,-0.143004
0.735438,-0.580721,0.359037;0.287866,0.941953,0.112941,-0.130772
0.725693,-0.585709,0.357566;0.272403,0.948234,0.112296,-0.118484
0.716306,-0.589913,0.356461;0.258386,0.953538,0.111673,-0.107382
0.706321,-0.593836,0.35557;0.244278,0.95851,0.111012,-0.0962418
0.695726,-0.597469,0.354899;0.230086,0.963148,0.110313,-0.0850682
