0.724056,0.264547,0.489398;-0.306315,0.815259,-0.122167,-0.476024
0.731838,0.257517,0.489715;-0.308827,0.817098,-0.120142,-0.471744
0.739486,0.250788,0.490061;-0.311328,0.81891,-0.118114,-0.46745
0.749479,0.242279,0.490568;-0.314648,0.821286,-0.115403,-0.461701
0.759239,0.234289,0.491127;-0.31795,0.823615,-0.112686,-0.455925
0.768769,0.226811,0.491735;-0.321234,0.825897,-0.109962,-0.450124
0.778071,0.219835,0.492394;-0.3245,0.828131,-0.107232,-0.444297
0.787148,0.213352,0.4931;-0.327747,0.830319,-0.104496,-0.438444
0.796002,0.207353,0.493855;-0.330975,0.832459,-0.101754,-0.432567
0.804635,0.201828,0.494656;-0.334184,0.834551,-0.0990065,-0.426664
0.815121,0.195578,0.495723;-0.338169,0.8371,-0.0955639,-0.419252
0.825271,0.190037,0.49686;-0.342124,0.839574,-0.0921127,-0.411803
0.83509,0.18519,0.498065;-0.346049,0.841973,-0.0886534,-0.404317
0.844582,0.181018,0.499337;-0.349942,0.844297,-0.0851861,-0.396795
0.855549,0.176878,0.50095;-0.354573,0.846987,-0.0810153,-0.387722
0.866062,0.173655,0.502654;-0.359158,0.849568,-0.0768342,-0.378599
0.876127,0.171318,0.504446;-0.363697,0.852039,-0.0726432,-0.369427
0.887317,0.169672,0.506644;-0.368934,0.854785,-0.067742,-0.358667
0.897924,0.169143,0.508954;-0.374107,0.857381,-0.0628289,-0.347844
0.90796,0.169682,0.511371;-0.379213,0.859827,-0.0579048,-0.336961
0.918748,0.171544,0.514259;-0.384969,0.862438,-0.0522649,-0.32445
0.928827,0.174667,0.517273;-0.390636,0.864853,-0.0466132,-0.311866
0.938218,0.178979,0.520408;-0.396214,0.86707,-0.0409507,-0.29921
0.946939,0.184406,0.523656;-0.401702,0.869089,-0.035279,-0.286486
0.95501,0.190879,0.527011;-0.407098,0.87091,-0.0295991,-0.273697
0.96245,0.198323,0.530465;-0.412401,0.872533,-0.0239126,-0.260845
0.96928,0.206668,0.534013;-0.41761,0.873956,-0.0182205,-0.247934
0.97477,0.214651,0.537188;-0.42209,0.875037,-0.0132365,-0.23659
0.979821,0.22322,0.540424;-0.426496,0.875966,-0.00825022,-0.225205
0.984445,0.232326,0.543717;-0.430827,0.876741,-0.00326248,-0.21378
0.988655,0.241922,0.547062;-0.435083,0.877364,0.00172584,-0.202318
0.992465,0.251959,0.550455;-0.439264,0.877832,0.00671385,-0.190821
0.995887,0.262388,0.55389;-0.443367,0.878148,0.0117007,-0.17929
0.998522,0.271603,0.556866;-0.446822,0.878296,0.0159735,-0.169382
1.00089,0.281041,0.559867;-0.450221,0.878332,0.0202443,-0.159451
1.003,0.290671,0.562891;-0.453561,0.878255,0.0245125,-0.149501
1.00486,0.300463,0.565934;-0.456843,0.878065,0.0287775,-0.139531
1.00648,0.310387,0.568994;-0.460066,0.877762,0.0330389,-0.129543
1.00786,0.320411,0.572068;-0.463231,0.877346,0.037296,-0.119539
1.00902,0.330506,0.575153;-0.466336,0.876818,0.0415483,-0.109519
1.00996,0.340641,0.578246;-0.469381,0.876178,0.0457953,-0.099485
1.01069,0.350786,0.581345;-0.472365,0.875425,0.0500364,-0.0894384
1.01122,0.36091,0.584445;-0.475289,0.874559,0.0542711,-0.0793803
1.01155,0.370984,0.587546;-0.478152,0.873581,0.0584988,-0.069312
1.01171,0.380975,0.590643;-0.480954,0.872491,0.062719,-0.0592348
1.01168,0.390855,0.593733;-0.483694,0.871289,0.0669311,-0.04915
1.01149,0.400675,0.59684;-0.485287,0.870365,0.0720332,-0.0421062
1.01103,0.412469,0.600631;-0.482999,0.870639,0.0815328,-0.0452964
1.01033,0.423972,0.604403;-0.480661,0.870821,0.0910238,-0.0484818
1.0094,0.435155,0.608155;-0.478271,0.870911,0.100505,-0.0516621
1.00825,0.445986,0.611886;-0.475831,0.870909,0.109976,-0.0548369
1.00689,0.456432,0.615594;-0.473341,0.870815,0.119435,-0.058006
1.00532,0.466464,0.619278;-0.4708,0.870629,0.128882,-0.0611688
1.00355,0.47605,0.622936;-0.46821,0.870351,0.138314,-0.0643253
1.00118,0.486919,0.627291;-0.465036,0.869896,0.149614,-0.068104
0.998547,0.497048,0.631606;-0.461792,0.869308,0.160892,-0.0718723
0.995666,0.50638,0.635878;-0.458477,0.868588,0.172145,-0.0756297
0.99201,0.516191,0.640805;-0.454522,0.867581,0.18524,-0.0799987
0.988058,0.524759,0.645667;-0.450472,0.866394,0.198296,-0.0843512
0.983204,0.532921,0.651141;-0.44573,0.864818,0.213167,-0.0893039
0.977354,0.53987,0.657185;-0.440251,0.862764,0.229829,-0.0948468
0.970423,0.544605,0.663752;-0.433986,0.860136,0.248248,-0.100967
0.962347,0.545894,0.670783;-0.426882,0.856826,0.268389,-0.107651
0.954662,0.543232,0.676988;-0.420235,0.853435,0.286579,-0.113679
0.94752,0.537499,0.682411;-0.414101,0.850075,0.302847,-0.119063
0.94103,0.529597,0.687098;-0.408529,0.846844,0.31722,-0.123814
0.935269,0.520411,0.69109;-0.403563,0.843829,0.329727,-0.127945
0.930286,0.510782,0.69443;-0.399239,0.841105,0.340392,-0.131464
0.926113,0.501478,0.697152;-0.39559,0.838738,0.349241,-0.134381
0.921929,0.490977,0.699819;-0.391899,0.836282,0.358052,-0.137285
0.91858,0.481695,0.701911;-0.388916,0.834253,0.365074,-0.139597
0.915232,0.47161,0.703965;-0.385907,0.832168,0.372072,-0.141899
0.911891,0.460708,0.705981;-0.382872,0.830026,0.379044,-0.144192
0.90856,0.448972,0.707959;-0.379811,0.827829,0.38599,-0.146476
0.905243,0.436387,0.709897;-0.376724,0.825575,0.39291,-0.148749
0.902767,0.42638,0.711325;-0.374392,0.823848,0.398083,-0.150448
0.900303,0.41588,0.71273;-0.372046,0.82209,0.403241,-0.15214
0.897976,0.405448,0.714042;-0.371686,0.819786,0.407878,-0.153085
0.895701,0.394751,0.715312;-0.386345,0.812523,0.410398,-0.14872
0.893692,0.38489,0.716422;-0.39928,0.805866,0.412538,-0.144804
0.891694,0.374712,0.717515;-0.412122,0.799023,0.414581,-0.140854
0.88971,0.36423,0.71859;-0.424869,0.791995,0.416529,-0.136871
0.887741,0.353458,0.719645;-0.437517,0.784784,0.41838,-0.132857
0.885786,0.342411,0.720681;-0.450065,0.777391,0.420135,-0.128812
0.884089,0.332528,0.721571;-0.460958,0.770774,0.42159,-0.125248
0.882404,0.322455,0.722445;-0.47177,0.764021,0.42297,-0.121661
0.880734,0.312199,0.723302;-0.482498,0.757132,0.424276,-0.118054
0.879077,0.30177,0.724142;-0.493141,0.750109,0.425506,-0.114425
0.877435,0.291178,0.724964;-0.503696,0.742953,0.426661,-0.110776
0.875809,0.280431,0.725769;-0.514162,0.735665,0.427741,-0.107107
0.874198,0.269539,0.726555;-0.524536,0.728247,0.428744,-0.10342
0.872604,0.258511,0.727322;-0.534818,0.7207,0.429672,-0.099714
0.871027,0.247356,0.72807;-0.545005,0.713025,0.430523,-0.0959904
0.869468,0.236084,0.728798;-0.555095,0.705224,0.431298,-0.0922499
0.867928,0.224704,0.729506;-0.565087,0.697298,0.431996,-0.0884929
0.866406,0.213225,0.730193;-0.574979,0.689248,0.432618,-0.0847203
0.865118,0.203314,0.730765;-0.583377,0.682251,0.43309,-0.0814746
0.863844,0.193344,0.731321;-0.591698,0.675165,0.433506,-0.0782184
0.862585,0.183319,0.73186;-0.599943,0.667991,0.433865,-0.0749519
0.861342,0.173246,0.732384;-0.608109,0.66073,0.434168,-0.0716757
0.860115,0.16313,0.73289;-0.616197,0.653383,0.434414,-0.0683901
0.858905,0.152977,0.73338;-0.624204,0.64595,0.434604,-0.0650956
0.857711,0.142794,0.733852;-0.632129,0.638434,0.434737,-0.0617927
0.856534,0.132586,0.734306;-0.639973,0.630835,0.434813,-0.0584817
0.855375,0.122358,0.734743;-0.647733,0.623153,0.434833,-0.0551631
0.854234,0.112118,0.735161;-0.655408,0.61539,0.434796,-0.0518373
0.85311,0.101869,0.735561;-0.662999,0.607548,0.434702,-0.0485048
0.852006,0.0916191,0.735942;-0.670502,0.599626,0.434552,-0.0451659
0.850921,0.0813732,0.736303;-0.677919,0.591625,0.434346,-0.0418212
0.849855,0.0711373,0.736645;-0.685247,0.583548,0.434082,-0.038471
0.848809,0.0609172,0.736968;-0.692486,0.575395,0.433762,-0.0351158
0.847783,0.0507187,0.737271;-0.699635,0.567167,0.433386,-0.031756
0.846778,0.0405476,0.737553;-0.706693,0.558865,0.432953,-0.0283921
0.845793,0.0304099,0.737814;-0.713659,0.55049,0.432464,-0.0250245
0.844831,0.0203113,0.738055;-0.720532,0.542044,0.431919,-0.0216537
0.843889,0.0102576,0.738274;-0.727311,0.533527,0.431317,-0.01828
0.84297,0.000254692,0.738472;-0.733995,0.52494,0.430659,-0.0149039
0.841927,-0.0113434,0.738676;-0.741672,0.514836,0.429821,-0.0109627
0.840914,-0.0228552,0.738849;-0.749218,0.504641,0.428906,-0.00701963
0.839934,-0.0342713,0.738992;-0.756631,0.494357,0.427915,-0.00307528
0.838986,-0.0455827,0.739104;-0.76391,0.483984,0.426849,0.000869616
0.838071,-0.05678,0.739184;-0.771054,0.473526,0.425707,0.00481436
0.83719,-0.0678539,0.739232;-0.778061,0.462984,0.424489,0.00875825
0.836343,-0.0787952,0.739248;-0.784929,0.45236,0.423196,0.0127006
0.835531,-0.0895946,0.73923;-0.791659,0.441656,0.421828,0.0166407
0.834755,-0.100243,0.73918;-0.798249,0.430873,0.420385,0.0205778
0.834015,-0.110731,0.739095;-0.804697,0.420014,0.418868,0.0245113
0.833312,-0.121049,0.738976;-0.811002,0.409081,0.417277,0.0284404
0.832646,-0.131188,0.738823;-0.817164,0.398075,0.415611,0.0323645
0.831931,-0.142545,0.738604;-0.824028,0.38541,0.413618,0.0368422
0.831267,-0.153643,0.738338;-0.830701,0.372657,0.411528,0.0413113
0.830655,-0.164467,0.738025;-0.837183,0.359817,0.409344,0.0457708
0.830095,-0.175003,0.737664;-0.84347,0.346893,0.407064,0.0502197
0.829588,-0.185239,0.737254;-0.849562,0.33389,0.404691,0.054657
0.829083,-0.196377,0.736733;-0.85618,0.319168,0.401908,0.0596338
0.828647,-0.207097,0.736149;-0.862548,0.304353,0.399008,0.0645931
0.828283,-0.217379,0.7355;-0.868663,0.289449,0.395991,0.0695335
0.827964,-0.228266,0.734702;-0.875158,0.27279,0.392503,0.0749989
0.827736,-0.238561,0.733821;-0.881337,0.256032,0.388873,0.0804371
0.827592,-0.24917,0.732756;-0.887766,0.237491,0.384717,0.0863854
0.827567,-0.259847,0.731476;-0.894335,0.217147,0.379992,0.0928313
0.827698,-0.270306,0.729947;-0.900927,0.19498,0.374649,0.0997597
0.828028,-0.280214,0.728133;-0.907409,0.170975,0.368639,0.107153
0.828697,-0.290252,0.725692;-0.914415,0.141664,0.360991,0.116027
0.830015,-0.299793,0.722132;-0.922061,0.103518,0.350534,0.127331
0.833207,-0.306285,0.715506;-0.930895,0.0424837,0.332641,0.144846
0.837508,-0.301727,0.70813;-0.935446,-0.0152397,0.314419,0.160774
0.840759,-0.293511,0.703093;-0.938171,-0.0440324,0.303162,0.161213
0.843496,-0.28473,0.699063;-0.940075,-0.0639756,0.294658,0.159193
0.846219,-0.274837,0.695189;-0.941427,-0.0822303,0.286738,0.157274
0.84859,-0.26551,0.691901;-0.942251,-0.0971418,0.280173,0.155657
0.851082,-0.255138,0.688515;-0.942823,-0.112027,0.273532,0.153999
0.853394,-0.245089,0.685428;-0.943118,-0.125233,0.267568,0.15249
0.855488,-0.23569,0.682672;-0.943212,-0.136767,0.262302,0.151143
0.857644,-0.225756,0.679867;-0.943152,-0.148279,0.256994,0.149771
0.85986,-0.215315,0.677019;-0.94294,-0.159766,0.251644,0.148375
0.862131,-0.204394,0.674129;-0.942574,-0.171227,0.246253,0.146955
0.864121,-0.194674,0.671622;-0.942138,-0.181029,0.2416,0.145719
0.866147,-0.18464,0.669089;-0.94159,-0.19081,0.236919,0.144465
0.868208,-0.17431,0.666533;-0.940929,-0.200567,0.232209,0.143194
0.870303,-0.163703,0.663956;-0.940156,-0.210301,0.227471,0.141906
0.872428,-0.152835,0.66136;-0.93927,-0.22001,0.222707,0.140601
0.874581,-0.141725,0.658747;-0.938273,-0.229692,0.217915,0.13928
0.876762,-0.13039,0.656119;-0.937163,-0.239347,0.213098,0.137941
0.878599,-0.120786,0.65392;-0.936153,-0.24737,0.209064,0.136813
0.880451,-0.111048,0.651713;-0.935065,-0.255374,0.205013,0.135674
0.882319,-0.101187,0.6495;-0.9339,-0.263356,0.200944,0.134524
0.8842,-0.0912135,0.647282;-0.932657,-0.271316,0.196859,0.133362
0.886094,-0.0811374,0.64506;-0.931336,-0.279254,0.192758,0.132189
0.887999,-0.070969,0.642836;-0.929939,-0.287169,0.188641,0.131006
0.889914,-0.0607187,0.64061;-0.928464,-0.29506,0.184508,0.129811
0.891839,-0.0503968,0.638385;-0.926913,-0.302926,0.180359,0.128606
0.893772,-0.0400134,0.636161;-0.925284,-0.310767,0.176196,0.12739
0.895711,-0.0295791,0.633939;-0.923579,-0.318583,0.172018,0.126163
0.897656,-0.0191039,0.631721;-0.921797,-0.326372,0.167826,0.124926
0.899606,-0.00859822,0.629508;-0.919938,-0.334134,0.16362,0.123679
0.901558,0.00192766,0.627302;-0.918004,-0.341868,0.159401,0.122421
0.903513,0.0124635,0.625103;-0.915993,-0.349574,0.155168,0.121154
0.905469,0.0229989,0.622912;-0.913906,-0.357251,0.150922,0.119876
0.907425,0.0335238,0.620732;-0.911743,-0.364898,0.146664,0.118588
0.909379,0.0440277,0.618563;-0.909505,-0.372515,0.142394,0.11729
0.911331,0.0545003,0.616407;-0.907191,-0.380101,0.138112,0.115983
0.913279,0.0649315,0.614264;-0.904802,-0.387656,0.133818,0.114666
0.915223,0.0753109,0.612136;-0.902339,-0.395178,0.129513,0.11334
0.91716,0.0856282,0.610025;-0.8998,-0.402668,0.125198,0.112004
0.91909,0.0958732,0.607931;-0.897186,-0.410124,0.120872,0.110658
0.921012,0.106036,0.605856;-0.894498,-0.417546,0.116536,0.109304
0.922924,0.116105,0.603801;-0.891736,-0.424934,0.11219,0.107941
0.924826,0.126071,0.601767;-0.8889,-0.432286,0.107836,0.106568
0.926716,0.135924,0.599755;-0.88599,-0.439603,0.103472,0.105187
0.928593,0.145653,0.597768;-0.883007,-0.446883,0.0990994,0.103797
0.930826,0.157149,0.595416;-0.87933,-0.45557,0.0938417,0.102118
0.933037,0.168435,0.593102;-0.875549,-0.464202,0.0885728,0.100426
0.935224,0.179493,0.590828;-0.871663,-0.472779,0.0832933,0.098723
0.937385,0.190304,0.588597;-0.867672,-0.4813,0.0780039,0.0970078
0.939516,0.20085,0.586411;-0.863578,-0.489763,0.0727052,0.0952809
0.941618,0.211115,0.584271;-0.859381,-0.498168,0.0673978,0.0935427
0.943687,0.22108,0.582181;-0.855081,-0.506513,0.0620823,0.0917933
0.945722,0.230728,0.580141;-0.85068,-0.514798,0.0567594,0.090033
0.948049,0.241559,0.577829;-0.845416,-0.524386,0.0505409,0.0879656
0.950324,0.251905,0.575593;-0.840014,-0.533888,0.0443141,0.085884
0.952543,0.261738,0.573436;-0.834476,-0.543304,0.0380801,0.0837884
0.955006,0.272312,0.571073;-0.827981,-0.553956,0.0309481,0.0813768
0.957387,0.282137,0.568823;-0.82131,-0.564491,0.0238094,0.0789479
0.959961,0.292243,0.566433;-0.813597,-0.576199,0.0157725,0.0761953
0.962685,0.302224,0.563963;-0.80477,-0.589027,0.00683769,0.073113
0.965503,0.311593,0.561481;-0.794753,-0.602911,-0.0029931,0.0696944
0.968802,0.320909,0.5587;-0.781542,-0.620231,-0.0155028,0.0653032
0.973277,0.329132,0.555248;-0.759759,-0.64663,-0.0351373,0.0583181
0.978497,0.323617,0.552266;-0.7215,-0.687569,-0.0671305,0.0466911
0.979815,0.313602,0.552094;-0.704634,-0.703764,-0.0803836,0.0417844
0.980481,0.301905,0.552449;-0.698046,-0.710049,-0.0821722,0.0425422
0.98076,0.289855,0.553075;-0.698771,-0.709716,-0.076154,0.0471592
0.980814,0.278752,0.553785;-0.699321,-0.709419,-0.0713362,0.0508509
0.980726,0.266429,0.554673;-0.699846,-0.709096,-0.0665158,0.0545406
0.980568,0.25643,0.555452;-0.700222,-0.708836,-0.0628988,0.0573066
0.980336,0.245816,0.556326;-0.700583,-0.708562,-0.0592806,0.0600714
0.98003,0.23462,0.557292;-0.70093,-0.708273,-0.0556611,0.0628349
0.979655,0.222873,0.558346;-0.701262,-0.707969,-0.0520404,0.0655971
0.979211,0.210604,0.559487;-0.70158,-0.70765,-0.0484186,0.0683579
0.978701,0.197846,0.560712;-0.701883,-0.707316,-0.0447958,0.0711173
0.978128,0.184629,0.562018;-0.702171,-0.706968,-0.0411721,0.0738752
0.977494,0.170985,0.563402;-0.702444,-0.706604,-0.0375475,0.0766316
0.976802,0.156944,0.564862;-0.702703,-0.706226,-0.0339222,0.0793864
0.976053,0.142538,0.566395;-0.702947,-0.705833,-0.0302961,0.0821395
0.97525,0.127798,0.567998;-0.703176,-0.705425,-0.0266694,0.0848908
0.974687,0.117801,0.569105;-0.703321,-0.705145,-0.0242513,0.0867241
0.974101,0.107679,0.570241;-0.703459,-0.704859,-0.0218329,0.0885566
0.973493,0.0974399,0.571406;-0.703591,-0.704566,-0.0194144,0.0903882
0.972865,0.0870941,0.572599;-0.703716,-0.704266,-0.0169956,0.092219
0.972217,0.0766504,0.573819;-0.703834,-0.70396,-0.0145768,0.0940489
0.971549,0.0661182,0.575064;-0.703946,-0.703647,-0.0121577,0.095878
0.970863,0.0555065,0.576336;-0.704052,-0.703328,-0.00973859,0.0977061
0.970159,0.0448245,0.577632;-0.704151,-0.703002,-0.00731936,0.0995334
0.969438,0.0340816,0.578952;-0.704243,-0.702669,-0.00490006,0.10136
0.9687,0.023287,0.580295;-0.704329,-0.70233,-0.00248072,0.103185
0.967946,0.0124497,0.58166;-0.704408,-0.701985,-6.13545e-05,0.10501
0.967177,0.0015791,0.583047;-0.70448,-0.701633,0.00235801,0.106833
0.966394,-0.00931565,0.584455;-0.704546,-0.701274,0.00477736,0.108655
0.965597,-0.0202253,0.585883;-0.704606,-0.700909,0.00719666,0.110477
0.964786,-0.0311407,0.587329;-0.704659,-0.700537,0.00961589,0.112297
0.963964,-0.0420526,0.588795;-0.704705,-0.700159,0.012035,0.114117
0.96313,-0.0529518,0.590278;-0.704745,-0.699775,0.0144541,0.115935
0.962285,-0.0638291,0.591777;-0.704778,-0.699383,0.016873,0.117752
0.96143,-0.0746753,0.593293;-0.704805,-0.698986,0.0192917,0.119568
0.960565,-0.0854811,0.594824;-0.704825,-0.698582,0.0217103,0.121383
0.959692,-0.0962373,0.59637;-0.704839,-0.698171,0.0241286,0.123197
0.95881,-0.106935,0.597929;-0.704846,-0.697754,0.0265468,0.12501
0.957921,-0.117564,0.599501;-0.704846,-0.69733,0.0289646,0.126822
0.957026,-0.128116,0.601085;-0.70484,-0.6969,0.0313823,0.128632
0.956124,-0.138582,0.602681;-0.704827,-0.696463,0.0337996,0.130441
0.955217,-0.148953,0.604287;-0.704808,-0.69602,0.0362166,0.132249
0.954306,-0.159218,0.605903;-0.704782,-0.69557,0.0386333,0.134056
0.95339,-0.169369,0.607528;-0.70475,-0.695114,0.0410496,0.135861
0.952472,-0.179397,0.609162;-0.704711,-0.694652,0.0434655,0.137666
0.951551,-0.189293,0.610802;-0.704666,-0.694183,0.045881,0.139469
0.950166,-0.203868,0.613275;-0.704585,-0.693467,0.0495035,0.142171
0.94878,-0.218093,0.615761;-0.70449,-0.692737,0.053125,0.14487
0.947395,-0.231937,0.618256;-0.70438,-0.691992,0.0567453,0.147566
0.946012,-0.245369,0.620759;-0.704255,-0.691233,0.0603644,0.150259
0.944635,-0.258357,0.623265;-0.704116,-0.690459,0.0639823,0.152948
0.943267,-0.270872,0.625774;-0.703962,-0.689671,0.0675989,0.155635
0.941908,-0.282881,0.628282;-0.703793,-0.688869,0.071214,0.158318
0.940562,-0.294354,0.630786;-0.703609,-0.688052,0.0748276,0.160998
0.939231,-0.305259,0.633284;-0.70341,-0.68722,0.0784397,0.163675
0.937918,-0.315565,0.635773;-0.703197,-0.686374,0.0820501,0.166348
0.936624,-0.325242,0.63825;-0.702969,-0.685514,0.0856588,0.169018
0.934933,-0.337111,0.641531;-0.702643,-0.684345,0.0904676,0.172572
0.933288,-0.347731,0.644781;-0.70229,-0.68315,0.0952731,0.176119
0.931304,-0.359139,0.64879;-0.701812,-0.681621,0.101275,0.180545
0.929409,-0.368336,0.652727;-0.701293,-0.680052,0.107271,0.18496
0.926929,-0.377226,0.658097;-0.700498,-0.67779,0.115654,0.191122
0.923504,-0.380924,0.666125;-0.699088,-0.674078,0.128802,0.200762
0.920978,-0.372264,0.672892;-0.697635,-0.670539,0.140723,0.209477
0.919769,-0.361074,0.676667;-0.696685,-0.66834,0.14786,0.214682
0.919103,-0.350963,0.679052;-0.69602,-0.666844,0.152611,0.218142
0.918554,-0.338646,0.681324;-0.695328,-0.665322,0.157356,0.221595
0.918224,-0.327915,0.68295;-0.694793,-0.664165,0.160911,0.224178
0.917966,-0.315871,0.684507;-0.694242,-0.662993,0.164463,0.226757
0.917782,-0.302482,0.685991;-0.693678,-0.661808,0.168012,0.229332
0.917675,-0.287717,0.687401;-0.693099,-0.660609,0.171556,0.231901
0.917647,-0.277094,0.688297;-0.692704,-0.659802,0.173918,0.233612
0.917655,-0.265836,0.689159;-0.692304,-0.658989,0.176277,0.23532
0.9177,-0.253934,0.689984;-0.691897,-0.65817,0.178635,0.237026
0.917782,-0.241379,0.690772;-0.691483,-0.657344,0.180992,0.238729
0.917902,-0.228163,0.691523;-0.691063,-0.656513,0.183346,0.240431
0.918061,-0.214274,0.692236;-0.690637,-0.655675,0.185699,0.24213
0.918259,-0.199705,0.692909;-0.690204,-0.654831,0.188051,0.243827
0.918497,-0.184447,0.693543;-0.689765,-0.653981,0.1904,0.245522
0.918776,-0.168489,0.694135;-0.689319,-0.653125,0.192748,0.247214
0.919096,-0.151823,0.694687;-0.688867,-0.652263,0.195094,0.248905
0.919459,-0.134439,0.695195;-0.688408,-0.651395,0.197438,0.250592
