0.929531,-0.477942,0.351045;-0.497831,0.702063,-0.421349,0.285896
0.926681,-0.477008,0.361108;-0.522161,0.68642,-0.415754,0.288661
0.923984,-0.476254,0.370945;-0.546033,0.670175,-0.409794,0.291173
0.921246,-0.475636,0.381289;-0.571207,0.652025,-0.402975,0.293593
0.918677,-0.475211,0.391377;-0.5958,0.633214,-0.395747,0.295715
0.916271,-0.474971,0.401214;-0.619789,0.613759,-0.388117,0.297536
0.913871,-0.47491,0.411479;-0.644791,0.592223,-0.379504,0.299153
0.911648,-0.475043,0.421464;-0.669043,0.569997,-0.370449,0.30042
0.909467,-0.475387,0.431811;-0.69405,0.545558,-0.360315,0.301387
0.907475,-0.475928,0.441851;-0.718137,0.520395,-0.349703,0.301953
0.905559,-0.476705,0.452187;-0.742686,0.492904,-0.33792,0.302116
0.903841,-0.477677,0.462189;-0.766122,0.464674,-0.325631,0.301827
0.90223,-0.478903,0.472423;-0.789686,0.434027,-0.312088,0.301028
0.900823,-0.480313,0.482298;-0.811924,0.402652,-0.298021,0.299723
0.899548,-0.481985,0.49234;-0.833919,0.368801,-0.282631,0.297801
0.898428,-0.483924,0.502499;-0.855385,0.332424,-0.26586,0.295176
0.897524,-0.486026,0.512245;-0.875079,0.295359,-0.248538,0.291939
0.896791,-0.488382,0.522047;-0.893806,0.255783,-0.229796,0.287889
0.896246,-0.490985,0.531856;-0.911233,0.213698,-0.2096,0.282942
0.895902,-0.493821,0.541621;-0.927009,0.169128,-0.187924,0.277011
0.895767,-0.496867,0.551297;-0.940762,0.122128,-0.164758,0.270013
0.895847,-0.500091,0.560837;-0.952102,0.0727844,-0.140105,0.261867
0.896156,-0.50358,0.570547;-0.960887,0.0192334,-0.112973,0.252118
0.896689,-0.507147,0.579995;-0.966164,-0.0363749,-0.0843862,0.241003
0.897459,-0.510837,0.589447;-0.967464,-0.0957854,-0.0533807,0.228009
0.89846,-0.514538,0.598807;-0.963881,-0.158658,-0.0200374,0.21298
0.899706,-0.518197,0.608242;-0.954109,-0.226449,0.0165472,0.19525
0.901158,-0.521568,0.617602;-0.93665,-0.298411,0.0561412,0.174603
0.902817,-0.52443,0.627178;-0.908456,-0.377122,0.100423,0.149673
0.904612,-0.526196,0.637138;-0.877807,-0.439211,0.143291,0.126555
0.906241,-0.525732,0.647144;-0.890981,-0.404035,0.160371,0.13111
0.907187,-0.521768,0.656575;-0.903647,-0.364713,0.178759,0.135839
0.906995,-0.51463,0.66401;-0.913581,-0.328149,0.195226,0.139911
0.90591,-0.506154,0.669349;-0.92047,-0.298133,0.208311,0.143032
0.904141,-0.496517,0.673647;-0.925686,-0.271368,0.219662,0.145651
0.902107,-0.487263,0.676858;-0.929272,-0.249782,0.228605,0.147655
0.899714,-0.477518,0.679658;-0.932101,-0.229872,0.236689,0.149418
0.897067,-0.467568,0.68211;-0.934289,-0.211677,0.243941,0.15096
0.894274,-0.457694,0.68426;-0.935947,-0.19523,0.250387,0.152297
0.891448,-0.448163,0.686138;-0.937172,-0.180559,0.25605,0.153446
0.888284,-0.437905,0.687997;-0.938162,-0.165843,0.261649,0.154555
0.885226,-0.428317,0.689617;-0.938837,-0.152932,0.266494,0.155495
0.881887,-0.418145,0.691239;-0.939331,-0.139992,0.271288,0.156404
0.878257,-0.407376,0.692869;-0.939645,-0.127025,0.276031,0.157284
0.874907,-0.397662,0.694279;-0.939772,-0.115891,0.280054,0.158014
0.87133,-0.387492,0.695706;-0.939766,-0.104741,0.284037,0.158722
0.86752,-0.376859,0.697154;-0.939628,-0.0935755,0.287981,0.159407
0.86347,-0.365755,0.698628;-0.939357,-0.0823973,0.291883,0.16007
0.859908,-0.356136,0.699879;-0.939031,-0.0730732,0.295105,0.160606
0.856171,-0.34618,0.701155;-0.938613,-0.0637419,0.298297,0.161125
0.852256,-0.335882,0.702458;-0.938103,-0.0544044,0.30146,0.161629
0.848159,-0.325238,0.703789;-0.937502,-0.0450617,0.304594,0.162117
0.843878,-0.314244,0.705154;-0.936809,-0.0357145,0.307698,0.16259
0.839407,-0.302894,0.706553;-0.936025,-0.0263638,0.310772,0.163046
0.835369,-0.292746,0.707798;-0.938626,-0.0149657,0.306191,0.158127
0.831378,-0.282797,0.709013;-0.942159,-0.00282606,0.299014,0.151388
0.827271,-0.272628,0.710247;-0.945451,0.00931431,0.291761,0.144609
0.823059,-0.262257,0.711496;-0.948499,0.0214523,0.284432,0.137793
0.819296,-0.25303,0.712599;-0.950967,0.0320686,0.27796,0.131801
0.815467,-0.243671,0.713707;-0.953248,0.0426786,0.271433,0.125782
0.811579,-0.234193,0.714818;-0.955341,0.0532803,0.264853,0.119738
0.80764,-0.224607,0.71593;-0.957247,0.0638714,0.25822,0.113671
0.803656,-0.214924,0.717039;-0.958964,0.07445,0.251537,0.107582
0.799634,-0.205156,0.718143;-0.960493,0.085014,0.244805,0.101471
0.795581,-0.195313,0.719238;-0.961833,0.0955612,0.238024,0.095341
0.791504,-0.185407,0.720324;-0.962984,0.10609,0.231197,0.0891918
0.78741,-0.17545,0.721396;-0.963945,0.116597,0.224324,0.0830251
0.783305,-0.165453,0.722451;-0.964717,0.127082,0.217407,0.076842
0.779198,-0.155427,0.723488;-0.9653,0.137542,0.210447,0.0706438
0.775094,-0.145383,0.724503;-0.965692,0.147974,0.203446,0.0644318
0.771001,-0.135333,0.725494;-0.965895,0.158378,0.196405,0.058207
0.766925,-0.125288,0.726458;-0.965908,0.16875,0.189325,0.0519709
0.762874,-0.115259,0.727392;-0.965731,0.17909,0.182208,0.0457245
0.758854,-0.105258,0.728293;-0.965364,0.189394,0.175055,0.0394691
0.754872,-0.0952968,0.729159;-0.964807,0.19966,0.167868,0.0332059
0.750936,-0.0853855,0.729987;-0.964061,0.209888,0.160648,0.0269363
0.747052,-0.0755359,0.730774;-0.963125,0.220074,0.153396,0.0206613
0.743227,-0.0657594,0.731518;-0.962,0.230217,0.146114,0.0143823
0.739467,-0.0560672,0.732215;-0.960686,0.240315,0.138803,0.00810042
0.735781,-0.0464708,0.732864;-0.959182,0.250366,0.131465,0.00181697
0.732175,-0.0369814,0.73346;-0.95749,0.260367,0.124101,-0.00446683
0.728656,-0.0276103,0.734003;-0.95561,0.270317,0.116713,-0.0107498
0.724748,-0.01706,0.734552;-0.953232,0.281623,0.108241,-0.0179276
0.720974,-0.006696,0.735023;-0.950608,0.292857,0.0997418,-0.0251008
0.717343,0.00346481,0.735411;-0.947741,0.304016,0.0912167,-0.0322676
0.713865,0.0134055,0.735711;-0.94463,0.315097,0.0826682,-0.0394261
0.710551,0.0231092,0.735921;-0.941276,0.326097,0.0740985,-0.0465745
0.707031,0.0337215,0.736043;-0.937215,0.338371,0.0644348,-0.054602
0.703746,0.0439883,0.736039;-0.932849,0.350536,0.0547503,-0.0626118
0.700711,0.0538856,0.735902;-0.928179,0.362587,0.045048,-0.0706012
0.69765,0.0644199,0.735589;-0.922638,0.375838,0.0342505,-0.0794513
0.694935,0.0744353,0.735097;-0.916726,0.388939,0.0234394,-0.0882696
0.692374,0.0848134,0.734341;-0.909798,0.403169,0.0115364,-0.0979286
0.690118,0.0953216,0.733246;-0.901736,0.418469,-0.00145483,-0.108411
0.688346,0.105683,0.731728;-0.892415,0.434771,-0.0155275,-0.119697
0.687271,0.115572,0.729686;-0.881701,0.451998,-0.0306706,-0.131759
0.687168,0.125147,0.726808;-0.868608,0.471249,-0.0479468,-0.145418
0.688849,0.134329,0.722348;-0.850988,0.49463,-0.0694708,-0.162279
0.693467,0.140737,0.715954;-0.829039,0.520535,-0.0940833,-0.181346
0.700388,0.142385,0.708856;-0.807461,0.543223,-0.116383,-0.19842
0.708016,0.140564,0.702177;-0.788945,0.560888,-0.134285,-0.211986
0.715733,0.136821,0.69602;-0.773008,0.574949,-0.148913,-0.222974
0.723362,0.13197,0.690299;-0.769692,0.577949,-0.155923,-0.221893
0.730363,0.126835,0.685263;-0.779295,0.570063,-0.155339,-0.2088
0.737982,0.120718,0.679946;-0.788643,0.561992,-0.154704,-0.19564
0.745335,0.114417,0.674934;-0.796836,0.55457,-0.154089,-0.183741
0.75224,0.108215,0.670308;-0.803943,0.54785,-0.153508,-0.173123
0.759472,0.101475,0.665531;-0.810881,0.541016,-0.152896,-0.162469
0.766053,0.0951586,0.661234;-0.816814,0.534943,-0.152333,-0.153119
0.772854,0.0884695,0.656834;-0.822616,0.528785,-0.151747,-0.143744
0.779864,0.0814258,0.652336;-0.828286,0.522543,-0.151136,-0.134347
0.787067,0.0740457,0.647747;-0.833824,0.516216,-0.150501,-0.124928
0.794451,0.0663473,0.643071;-0.839229,0.509808,-0.149842,-0.115489
0.800914,0.059509,0.639;-0.843755,0.50425,-0.149258,-0.107383
0.80749,0.0524616,0.634873;-0.848182,0.498633,-0.148656,-0.0992653
0.814172,0.0452163,0.630695;-0.85251,0.492957,-0.148038,-0.0911357
0.820951,0.0377847,0.626468;-0.856737,0.487223,-0.147401,-0.0829954
0.827819,0.030178,0.622198;-0.860864,0.481432,-0.146748,-0.0748454
0.834766,0.0224078,0.617887;-0.864889,0.475585,-0.146077,-0.0666866
0.841785,0.0144853,0.613538;-0.868813,0.469682,-0.145389,-0.0585199
0.848866,0.00642209,0.609157;-0.872635,0.463723,-0.144684,-0.0503464
0.856002,-0.00177058,0.604745;-0.876355,0.457711,-0.143962,-0.0421669
0.863183,-0.0100813,0.600308;-0.879972,0.451644,-0.143223,-0.0339826
0.870402,-0.0184986,0.595848;-0.883485,0.445524,-0.142467,-0.0257942
0.876439,-0.0255862,0.592117;-0.886334,0.440385,-0.141824,-0.0189682
0.882492,-0.0327334,0.588375;-0.88911,0.435209,-0.14117,-0.0121406
0.888554,-0.0399335,0.584625;-0.891814,0.429998,-0.140504,-0.00531208
0.894622,-0.04718,0.580867;-0.894445,0.424752,-0.139827,0.00151689
0.900689,-0.0544662,0.577105;-0.897003,0.419471,-0.139139,0.00834574
0.906752,-0.0617856,0.573341;-0.899488,0.414156,-0.138439,0.0151739
0.912805,-0.0691315,0.569576;-0.9019,0.408808,-0.137728,0.0220008
0.918843,-0.0764974,0.565813;-0.904238,0.403426,-0.137005,0.028826
0.924861,-0.0838767,0.562053;-0.906502,0.398011,-0.136272,0.0356488
0.930855,-0.0912628,0.5583;-0.908693,0.392563,-0.135527,0.0424686
0.936819,-0.098649,0.554555;-0.910809,0.387084,-0.134771,0.0492851
0.942748,-0.106029,0.55082;-0.912852,0.381573,-0.134005,0.0560975
0.948638,-0.113396,0.547097;-0.914819,0.376031,-0.133227,0.0629053
0.954483,-0.120743,0.543388;-0.916712,0.370458,-0.132438,0.069708
0.960279,-0.128064,0.539697;-0.918531,0.364855,-0.131639,0.076505
0.967162,-0.136805,0.535291;-0.920614,0.358092,-0.130666,0.0846531
0.973959,-0.145488,0.530916;-0.922589,0.351288,-0.129677,0.0927913
0.980659,-0.154101,0.526575;-0.924456,0.344442,-0.128673,0.100919
0.987256,-0.162632,0.522272;-0.926214,0.337555,-0.127654,0.109034
0.993741,-0.171071,0.51801;-0.927864,0.330629,-0.12662,0.117137
1.0001,-0.179405,0.513793;-0.929404,0.323664,-0.125571,0.125226
1.00634,-0.187624,0.509625;-0.930836,0.316661,-0.124508,0.1333
1.01243,-0.195715,0.50551;-0.932158,0.309621,-0.123429,0.141358
1.01838,-0.203669,0.50145;-0.93337,0.302545,-0.122337,0.1494
1.02418,-0.211472,0.49745;-0.934473,0.295433,-0.12123,0.157425
1.02981,-0.219115,0.493513;-0.935467,0.288286,-0.120108,0.165431
1.03526,-0.226584,0.489643;-0.93635,0.281105,-0.118973,0.173417
1.0414,-0.235066,0.485218;-0.937242,0.272686,-0.117631,0.182709
1.04728,-0.243279,0.480894;-0.937984,0.264224,-0.11627,0.191971
1.05288,-0.251205,0.476679;-0.938576,0.255719,-0.11489,0.201203
1.0582,-0.258827,0.472576;-0.939018,0.247173,-0.113492,0.210403
1.06391,-0.267141,0.468034;-0.93934,0.237359,-0.111872,0.220876
1.06921,-0.275007,0.463656;-0.939465,0.227494,-0.110229,0.231302
1.07465,-0.283286,0.458939;-0.939372,0.216341,-0.108352,0.242975
1.07951,-0.290924,0.454452;-0.939031,0.205129,-0.106447,0.254582
1.0842,-0.298614,0.449753;-0.93836,0.192609,-0.104298,0.267401
1.08879,-0.30666,0.444536;-0.937152,0.177502,-0.101674,0.282668
1.09261,-0.314305,0.439065;-0.935186,0.159773,-0.098552,0.300311
1.09502,-0.321695,0.432491;-0.931341,0.134271,-0.0939836,0.32518
1.09038,-0.323775,0.425164;-0.922344,0.0918251,-0.0861804,0.365271
1.08206,-0.318412,0.423099;-0.920214,0.0733912,-0.0913541,0.373462
1.07363,-0.311573,0.422701;-0.925655,0.0715526,-0.111118,0.354536
1.06564,-0.304562,0.422965;-0.929423,0.0700687,-0.126586,0.33947
1.05826,-0.297833,0.423536;-0.932172,0.0688293,-0.139197,0.327021
1.05018,-0.290272,0.42441;-0.934619,0.0675678,-0.151763,0.314466
1.04245,-0.282898,0.425429;-0.936542,0.0664281,-0.162892,0.303221
1.03528,-0.275975,0.426498;-0.938028,0.0654169,-0.172595,0.293318
1.02776,-0.26864,0.427724;-0.93933,0.064393,-0.182265,0.283358
1.01991,-0.260919,0.429102;-0.940449,0.0633564,-0.191899,0.273342
1.01175,-0.25284,0.430622;-0.941384,0.0623075,-0.201496,0.263273
1.00453,-0.245649,0.432034;-0.942039,0.0613987,-0.209691,0.254601
0.99711,-0.238232,0.433541;-0.942559,0.0604811,-0.217855,0.245893
0.989509,-0.230604,0.435139;-0.942944,0.0595548,-0.225988,0.237149
0.981738,-0.222782,0.436823;-0.943193,0.05862,-0.234089,0.228372
0.973811,-0.214784,0.438588;-0.943306,0.0576767,-0.242156,0.219561
0.965742,-0.206626,0.440429;-0.943285,0.0567252,-0.250188,0.210719
0.957544,-0.198325,0.442343;-0.943127,0.0557655,-0.258184,0.201847
0.949231,-0.189898,0.444324;-0.942835,0.0547978,-0.266143,0.192946
0.942225,-0.182791,0.446023;-0.942487,0.0539854,-0.272747,0.185507
0.935156,-0.175617,0.447762;-0.942046,0.0531676,-0.279323,0.178049
0.928033,-0.168387,0.44954;-0.94151,0.0523444,-0.285872,0.170574
0.920863,-0.16111,0.451354;-0.940881,0.0515161,-0.292392,0.163082
0.913653,-0.153796,0.4532;-0.940158,0.0506826,-0.298882,0.155573
0.906413,-0.146454,0.455077;-0.939341,0.0498441,-0.305344,0.148049
0.899149,-0.139095,0.45698;-0.938431,0.0490006,-0.311774,0.140511
0.89187,-0.131727,0.458909;-0.937427,0.0481522,-0.318174,0.132958
0.884583,-0.124362,0.46086;-0.936329,0.047299,-0.324541,0.125392
0.877296,-0.117007,0.46283;-0.935138,0.0464411,-0.330877,0.117813
0.870018,-0.109674,0.464817;-0.933854,0.0455786,-0.337179,0.110223
0.862756,-0.102372,0.466818;-0.932477,0.0447115,-0.343448,0.102622
0.855518,-0.0951106,0.46883;-0.931007,0.04384,-0.349682,0.0950104
0.848311,-0.0878993,0.470851;-0.929444,0.0429641,-0.355882,0.0873894
0.841144,-0.0807482,0.472878;-0.927788,0.0420839,-0.362046,0.0797598
0.834025,-0.0736668,0.474908;-0.926039,0.0411995,-0.368174,0.0721221
0.826961,-0.0666649,0.476939;-0.924199,0.040311,-0.374265,0.0644773
0.81996,-0.0597522,0.478967;-0.922266,0.0394185,-0.380319,0.0568261
0.811654,-0.0515885,0.481395;-0.919825,0.0383423,-0.387534,0.0476371
0.803464,-0.043584,0.483812;-0.917252,0.0372606,-0.394693,0.0384414
0.795404,-0.0357556,0.486212;-0.914547,0.0361735,-0.401795,0.0292401
0.787487,-0.0281201,0.488591;-0.911711,0.0350813,-0.40884,0.0200346
0.779726,-0.0206942,0.490945;-0.908745,0.033984,-0.415826,0.0108263
0.772137,-0.0134949,0.493269;-0.905647,0.0328818,-0.422752,0.00161638
0.764731,-0.00653874,0.495558;-0.90242,0.0317749,-0.429618,-0.00759376
0.757523,0.000157309,0.497808;-0.899063,0.0306634,-0.436422,-0.0168028
0.749382,0.00761825,0.500377;-0.894983,0.0293612,-0.44428,-0.0275436
0.74155,0.0146757,0.502879;-0.890728,0.0280532,-0.452052,-0.0382789
0.734049,0.0213029,0.505306;-0.8863,0.0267397,-0.459735,-0.0490068
0.725909,0.0283158,0.507979;-0.881026,0.0252322,-0.468406,-0.0612554
0.718261,0.0346922,0.510535;-0.875528,0.0237183,-0.476957,-0.0734883
0.710286,0.0410552,0.513254;-0.869075,0.0220079,-0.486432,-0.0872278
0.702261,0.0470522,0.516065;-0.861576,0.0200991,-0.496774,-0.102461
0.693875,0.0526517,0.519117;-0.852124,0.0177981,-0.508924,-0.120686
0.685463,0.057007,0.522384;-0.839621,0.0149075,-0.523698,-0.143368
0.676754,0.0566492,0.526512;-0.815225,0.00967265,-0.5491,-0.183859
0.676807,0.0464363,0.528001;-0.791547,0.00499533,-0.570341,-0.219405
0.680221,0.0366167,0.527841;-0.777959,0.00245631,-0.581303,-0.238454
0.68458,0.026873,0.527216;-0.767149,0.000501996,-0.589469,-0.252999
0.689198,0.0176488,0.526387;-0.758281,-0.00106164,-0.595832,-0.264562
0.694092,0.00850157,0.525411;-0.750362,-0.00242961,-0.601275,-0.274624
0.699804,-0.00167804,0.524195;-0.742297,-0.0037971,-0.606601,-0.284633
0.705368,-0.0112453,0.522955;-0.735268,-0.00496866,-0.611072,-0.293168
0.710486,-0.0198245,0.521779;-0.72933,-0.00594442,-0.61473,-0.300248
0.716049,-0.0289653,0.52047;-0.72332,-0.00691959,-0.618327,-0.307298
