0.687169,0.474547,0.454696;-0.171962,0.743041,0.478793,-0.43483
0.694682,0.469484,0.459166;-0.151281,0.749482,0.484197,-0.425376
0.70278,0.463991,0.463773;-0.128618,0.756006,0.489768,-0.414777
0.710776,0.45853,0.468102;-0.105865,0.762001,0.494997,-0.403888
0.71867,0.4531,0.472159;-0.0830381,0.767463,0.499879,-0.392716
0.726461,0.447701,0.47595;-0.0601532,0.772389,0.504412,-0.38127
0.734151,0.442333,0.479479;-0.0372262,0.776774,0.508591,-0.369557
0.742365,0.436552,0.483013;-0.0123597,0.780911,0.512718,-0.356576
0.750459,0.430806,0.486253;0.0125169,0.784407,0.516423,-0.343303
0.758433,0.425095,0.489206;0.0373833,0.787259,0.519704,-0.329748
0.766287,0.419419,0.491879;0.062219,0.789464,0.522559,-0.315922
0.77461,0.413345,0.49445;0.0889074,0.791115,0.525154,-0.300743
0.782794,0.40731,0.496713;0.115511,0.792012,0.527248,-0.285277
0.790838,0.401315,0.498675;0.142005,0.792155,0.528841,-0.26954
0.798742,0.395358,0.500344;0.168363,0.791544,0.52993,-0.253546
0.807056,0.389017,0.501818;0.196426,0.790053,0.530537,-0.236143
0.81521,0.38272,0.502976;0.224274,0.787699,0.530564,-0.218481
0.823203,0.376466,0.503828;0.251877,0.784483,0.530011,-0.20058
0.831035,0.370254,0.504384;0.279205,0.78041,0.528879,-0.18246
0.839213,0.363674,0.504664;0.308017,0.775126,0.527034,-0.162913
0.847207,0.35714,0.504633;0.336447,0.768877,0.524533,-0.143164
0.855019,0.350653,0.504301;0.364457,0.761673,0.521381,-0.123236
0.862648,0.344211,0.503684;0.392015,0.753521,0.51758,-0.103155
0.870553,0.337416,0.502727;0.42076,0.743833,0.512836,-0.081679
0.878251,0.330671,0.501475;0.448915,0.733101,0.507373,-0.0600883
0.885742,0.323975,0.499944;0.476439,0.72134,0.501197,-0.0384133
0.893026,0.317327,0.498148;0.503294,0.708566,0.494318,-0.0166843
0.900513,0.31034,0.495975;0.530959,0.693957,0.486278,0.00634773
0.907767,0.303405,0.493539;0.557787,0.678256,0.477472,0.0293698
0.91479,0.296522,0.490859;0.583738,0.661487,0.467915,0.0523456
0.921579,0.28969,0.487952;0.60877,0.643678,0.457621,0.075239
0.928494,0.282532,0.484657;0.634152,0.62378,0.445975,0.0992751
0.935149,0.275428,0.481151;0.658423,0.602788,0.433547,0.123137
0.941545,0.268377,0.477454;0.681539,0.58074,0.420358,0.146783
0.947681,0.261379,0.473587;0.703459,0.557673,0.406432,0.170172
0.95386,0.254067,0.469355;0.7252,0.532337,0.391004,0.194468
0.959751,0.246811,0.464983;0.745532,0.505966,0.374816,0.218387
0.965353,0.239609,0.460495;0.764416,0.478612,0.3579,0.241881
0.970668,0.23246,0.455914;0.781814,0.450328,0.340289,0.264906
0.975937,0.225009,0.451032;0.798447,0.419689,0.321086,0.288527
0.980889,0.217613,0.446104;0.813369,0.388151,0.301195,0.311529
0.985735,0.209923,0.440923;0.827133,0.354221,0.279666,0.334911
0.990232,0.202291,0.435754;0.838952,0.319458,0.257479,0.357505
0.994624,0.194246,0.430314;0.843869,0.309922,0.247142,0.361599
0.998494,0.186521,0.425129;0.841991,0.329478,0.251206,0.34553
1.00226,0.178203,0.419619;0.839328,0.350418,0.255422,0.327865
1.00559,0.169928,0.414242;0.836015,0.371085,0.259439,0.309945
1.00846,0.161684,0.409021;0.832053,0.391466,0.263255,0.291785
1.01105,0.152829,0.4036;0.827066,0.413074,0.267136,0.271976
1.0131,0.143985,0.398415;0.821334,0.43431,0.270777,0.251922
1.01462,0.135138,0.393496;0.814864,0.455156,0.274175,0.231641
1.01558,0.126275,0.388872;0.807661,0.475593,0.277326,0.211152
1.01601,0.116746,0.384277;0.799138,0.497014,0.280425,0.18899
1.01579,0.107167,0.380088;0.78979,0.517922,0.283235,0.166632
1.01492,0.09752,0.376342;0.779627,0.538296,0.285752,0.144102
1.01339,0.0877898,0.373074;0.768658,0.558114,0.287975,0.121424
1.0112,0.0779595,0.370319;0.756897,0.577356,0.2899,0.0986201
1.00834,0.0680126,0.368114;0.744354,0.596001,0.291526,0.0757145
1.00506,0.0586089,0.366581;0.731953,0.612849,0.292772,0.0542649
1.00117,0.0490758,0.365587;0.718895,0.629146,0.293754,0.0327666
0.996686,0.0393997,0.365159;0.70519,0.644877,0.294473,0.0112387
0.991971,0.030275,0.365294;0.691896,0.658966,0.294903,-0.00876084
0.986725,0.0210047,0.365967;0.678065,0.672543,0.295105,-0.0287536
0.981406,0.0123089,0.367084;0.664831,0.684614,0.295087,-0.0471891
0.975626,0.00347135,0.368696;0.651158,0.696232,0.294875,-0.0655933
0.969919,-0.00476146,0.370624;0.638246,0.706478,0.29451,-0.0824262
0.963818,-0.013127,0.372998;0.62498,0.716332,0.293981,-0.0992132
0.957928,-0.0208527,0.375554;0.612619,0.724945,0.293358,-0.114427
0.951707,-0.0286984,0.3785;0.599977,0.733226,0.292601,-0.129587
0.945154,-0.036669,0.381847;0.587059,0.74117,0.291709,-0.144689
0.938969,-0.0439534,0.385211;0.575203,0.748029,0.290793,-0.158224
0.932512,-0.0513465,0.388915;0.563132,0.75461,0.289768,-0.1717
0.925984,-0.0586281,0.392843;0.564946,0.751745,0.289277,-0.178983
0.919411,-0.0657898,0.396963;0.585988,0.735674,0.289494,-0.17775
0.912627,-0.0730277,0.401367;0.606619,0.719086,0.289508,-0.176392
0.906243,-0.0797141,0.405637;0.625157,0.703436,0.289342,-0.175039
0.899719,-0.0864358,0.410113;0.643325,0.687371,0.289005,-0.173582
0.893073,-0.0931791,0.414778;0.661113,0.6709,0.288498,-0.172022
0.886325,-0.0999302,0.419619;0.678512,0.654033,0.28782,-0.170361
0.87949,-0.106675,0.424618;0.695509,0.63678,0.286972,-0.1686
0.872589,-0.113401,0.429761;0.712096,0.61915,0.285955,-0.166738
0.865638,-0.120093,0.435031;0.728263,0.601156,0.284769,-0.164779
0.859292,-0.126136,0.43992;0.742587,0.584489,0.283545,-0.162913
0.852933,-0.13213,0.444889;0.756548,0.567536,0.282182,-0.160968
0.846576,-0.138065,0.449927;0.770141,0.550307,0.280682,-0.158944
0.840234,-0.143929,0.455022;0.783357,0.532809,0.279045,-0.156842
0.833291,-0.150287,0.460679;0.797454,0.513262,0.277087,-0.154442
0.8264,-0.156535,0.466375;0.81108,0.493411,0.274965,-0.151951
0.819581,-0.162657,0.472095;0.824227,0.473269,0.272681,-0.14937
0.81285,-0.168642,0.477822;0.836887,0.452848,0.270236,-0.146701
0.806225,-0.174474,0.483541;0.849053,0.43216,0.267632,-0.143945
0.799726,-0.180141,0.489237;0.860718,0.411216,0.264869,-0.141104
0.79337,-0.185628,0.494894;0.871875,0.390029,0.26195,-0.13818
0.78662,-0.191394,0.501002;0.883458,0.366654,0.25859,-0.134898
0.780085,-0.196911,0.507024;0.894421,0.343022,0.255047,-0.13152
0.773788,-0.202163,0.51294;0.904756,0.319148,0.251326,-0.12805
0.767263,-0.207533,0.519206;0.915234,0.293033,0.247095,-0.124189
0.761076,-0.212547,0.525297;0.924957,0.266676,0.242661,-0.120226
0.754823,-0.217524,0.531633;0.934575,0.238046,0.237661,-0.115848
0.748639,-0.222337,0.538126;0.943888,0.207119,0.232053,-0.111033
0.742331,-0.227101,0.545069;0.95319,0.171796,0.225389,-0.10543
0.736241,-0.231495,0.552235;0.961994,0.132033,0.217565,-0.0989922
0.730572,-0.235268,0.559648;0.970072,0.0857049,0.208028,-0.0913207
0.725485,-0.237947,0.568008;0.977392,0.0222261,0.194237,-0.0805156
0.72471,-0.235388,0.57666;0.98005,-0.0836509,0.169387,-0.0617457
0.730925,-0.227491,0.578095;0.974564,-0.159325,0.150199,-0.0477518
0.737827,-0.219932,0.576726;0.968176,-0.205105,0.137997,-0.0390457
0.744763,-0.212711,0.574448;0.962549,-0.23697,0.127723,-0.0321275
0.751986,-0.205401,0.571581;0.960474,-0.25221,0.115128,-0.0250201
0.75946,-0.197977,0.568294;0.958216,-0.265967,0.103634,-0.0185491
0.766872,-0.190713,0.564813;0.955882,-0.278265,0.0932561,-0.0127192
0.773967,-0.183831,0.561328;0.953568,-0.289127,0.084008,-0.00753392
0.781504,-0.176583,0.557496;0.951029,-0.299921,0.07474,-0.00234683
0.788436,-0.169964,0.553873;0.948623,-0.309307,0.0666161,0.00219236
0.795661,-0.16311,0.550013;0.946047,-0.318638,0.0584801,0.00673116
0.803156,-0.156041,0.545928;0.943299,-0.327911,0.0503335,0.0112687
0.8109,-0.148779,0.541633;0.940382,-0.337125,0.0421779,0.0158043
0.817719,-0.142416,0.537793;0.937746,-0.344975,0.0351812,0.0196897
0.824691,-0.13594,0.533816;0.934985,-0.352779,0.0281799,0.0235724
0.831803,-0.129365,0.529711;0.932101,-0.360535,0.0211748,0.0274521
0.839041,-0.122703,0.525486;0.929093,-0.368244,0.0141669,0.0313281
0.84639,-0.115968,0.521148;0.925962,-0.375905,0.00715719,0.0351999
0.853838,-0.109173,0.516708;0.922708,-0.383515,0.000146485,0.0390671
0.861371,-0.102331,0.512172;0.919332,-0.391075,-0.00686424,0.0429291
0.868975,-0.0954569,0.50755;0.915833,-0.398582,-0.013874,0.0467854
0.876636,-0.0885625,0.502849;0.912214,-0.406037,-0.020882,0.0506355
0.884341,-0.0816616,0.498079;0.908473,-0.413438,-0.0278872,0.0544789
0.892075,-0.0747675,0.493246;0.904612,-0.420784,-0.0348887,0.058315
0.899826,-0.0678936,0.488361;0.900631,-0.428075,-0.0418856,0.0621434
0.90758,-0.0610532,0.483431;0.89653,-0.435308,-0.0488769,0.0659636
0.915322,-0.0542596,0.478464;0.892311,-0.442484,-0.0558618,0.0697751
0.92304,-0.0475262,0.473469;0.887973,-0.449601,-0.0628392,0.0735772
0.930719,-0.0408662,0.468455;0.883518,-0.456659,-0.0698083,0.0773697
0.938346,-0.034293,0.463429;0.878945,-0.463656,-0.0767681,0.0811518
0.945907,-0.02782,0.4584;0.874256,-0.470591,-0.0837178,0.0849232
0.953389,-0.0214604,0.453376;0.869451,-0.477464,-0.0906564,0.0886834
0.960777,-0.0152276,0.448366;0.86453,-0.484274,-0.0975829,0.0924318
0.968058,-0.00913499,0.443378;0.859495,-0.49102,-0.104496,0.0961679
0.975219,-0.0031958,0.438421;0.854346,-0.4977,-0.111396,0.0998913
0.982246,0.0025766,0.433502;0.849084,-0.504315,-0.118281,0.103601
0.989125,0.00816889,0.428631;0.843709,-0.510862,-0.12515,0.107298
0.996944,0.0144478,0.423018;0.837297,-0.518415,-0.133144,0.111592
1.00452,0.0204422,0.417494;0.830733,-0.525875,-0.141113,0.115866
1.01184,0.026131,0.412073;0.82402,-0.53324,-0.149056,0.12012
1.01887,0.0314931,0.406767;0.817158,-0.540508,-0.156973,0.124352
1.02652,0.0371937,0.400861;0.809135,-0.548695,-0.165986,0.12916
1.03375,0.0424083,0.395144;0.800922,-0.556753,-0.17496,0.133939
1.04131,0.0476544,0.388961;0.791456,-0.565661,-0.185006,0.139276
1.04825,0.0522003,0.383069;0.781754,-0.5744,-0.194997,0.144572
1.05515,0.0563754,0.376899;0.770701,-0.58391,-0.206029,0.150406
1.06223,0.0600842,0.37007;0.757062,-0.595037,-0.219168,0.157334
1.06908,0.0625699,0.362512;0.73945,-0.608501,-0.235427,0.165875
1.07455,0.0616627,0.353994;0.713767,-0.626501,-0.257859,0.177601
1.0744,0.0541823,0.347811;0.68431,-0.645046,-0.281945,0.190112
1.07012,0.0445935,0.345691;0.663028,-0.657209,-0.298379,0.198598
1.06503,0.0357615,0.345367;0.648032,-0.665211,-0.309516,0.204324
1.05946,0.0270609,0.345836;0.634723,-0.673934,-0.315949,0.207642
1.05342,0.0181801,0.346822;0.620504,-0.688036,-0.314306,0.206862
1.0471,0.00924047,0.348158;0.60736,-0.700615,-0.312702,0.20608
1.04077,0.000523665,0.349695;0.595357,-0.711736,-0.31117,0.205318
1.03467,-0.0077338,0.351313;0.584552,-0.721459,-0.309736,0.204593
1.02813,-0.0164491,0.353152;0.573623,-0.731028,-0.308237,0.203825
1.02208,-0.0244345,0.354934;0.563958,-0.739273,-0.306871,0.203117
1.01573,-0.0327409,0.356866;0.554201,-0.747397,-0.305455,0.202376
1.0091,-0.0413546,0.358941;0.544354,-0.755398,-0.303988,0.201602
1.0022,-0.0502619,0.361148;0.534417,-0.763276,-0.302472,0.200794
0.996085,-0.05812,0.36314;0.525831,-0.769929,-0.301133,0.200076
0.989792,-0.0661749,0.365218;0.517181,-0.776489,-0.299758,0.199334
0.983332,-0.0744181,0.367376;0.508468,-0.782956,-0.298347,0.198568
0.976714,-0.0828409,0.369608;0.499695,-0.789329,-0.296899,0.197777
0.969947,-0.0914346,0.371909;0.490861,-0.795606,-0.295417,0.196963
0.963041,-0.100191,0.374274;0.481969,-0.801788,-0.293898,0.196126
0.956004,-0.1091,0.376697;0.473018,-0.807874,-0.292344,0.195265
0.948847,-0.118155,0.379171;0.464011,-0.813862,-0.290755,0.19438
0.941578,-0.127345,0.381693;0.454947,-0.819753,-0.289131,0.193472
0.935442,-0.135102,0.383825;0.447353,-0.824586,-0.287752,0.192697
0.92924,-0.142943,0.385983;0.439721,-0.829351,-0.286348,0.191907
0.922978,-0.150862,0.388163;0.432052,-0.834046,-0.28492,0.1911
0.916662,-0.158854,0.390362;0.424347,-0.838671,-0.283468,0.190277
0.910295,-0.166916,0.392576;0.416607,-0.843227,-0.281993,0.189439
0.903885,-0.17504,0.394803;0.408832,-0.847712,-0.280494,0.188585
0.897436,-0.183224,0.397038;0.401023,-0.852126,-0.278972,0.187714
0.890953,-0.19146,0.39928;0.39318,-0.856469,-0.277426,0.186829
0.884443,-0.199746,0.401524;0.385304,-0.860741,-0.275857,0.185927
0.87791,-0.208075,0.403767;0.377396,-0.86494,-0.274266,0.18501
0.871359,-0.216442,0.406006;0.369457,-0.869067,-0.272651,0.184078
0.864797,-0.224843,0.408238;0.361487,-0.873122,-0.271013,0.18313
0.858228,-0.233272,0.41046;0.353487,-0.877104,-0.269353,0.182167
0.851659,-0.241725,0.412668;0.345457,-0.881012,-0.267671,0.181189
0.845093,-0.250196,0.41486;0.337398,-0.884847,-0.265966,0.180195
0.838537,-0.258681,0.417031;0.329311,-0.888608,-0.264238,0.179187
0.831997,-0.267174,0.419179;0.321196,-0.892295,-0.262489,0.178163
0.825476,-0.27567,0.4213;0.313055,-0.895907,-0.260718,0.177125
0.818982,-0.284165,0.423391;0.304888,-0.899444,-0.258925,0.176072
0.812518,-0.292653,0.42545;0.296695,-0.902906,-0.25711,0.175004
0.806092,-0.30113,0.427472;0.288477,-0.906293,-0.255274,0.173922
0.799707,-0.30959,0.429454;0.280235,-0.909604,-0.253417,0.172825
0.793369,-0.318028,0.431394;0.27197,-0.912839,-0.251538,0.171713
0.787085,-0.326439,0.433287;0.263682,-0.915998,-0.249638,0.170588
0.780858,-0.334819,0.435132;0.255372,-0.91908,-0.247718,0.169448
0.774695,-0.343163,0.436924;0.247041,-0.922086,-0.245777,0.168293
0.7686,-0.351464,0.43866;0.238689,-0.925014,-0.243815,0.167125
0.76258,-0.359719,0.440337;0.230317,-0.927865,-0.241833,0.165943
0.75664,-0.367922,0.441952;0.221926,-0.930639,-0.23983,0.164747
0.750784,-0.376068,0.443502;0.213516,-0.933335,-0.237808,0.163537
0.745019,-0.384153,0.444982;0.205089,-0.935953,-0.235766,0.162314
0.738228,-0.393765,0.446664;0.194953,-0.938991,-0.233289,0.160827
0.731584,-0.403273,0.448237;0.184794,-0.941916,-0.230784,0.159322
0.725096,-0.412668,0.449694;0.174613,-0.944728,-0.228252,0.157797
0.718774,-0.42194,0.451032;0.164411,-0.947426,-0.225692,0.156254
0.712627,-0.431082,0.452243;0.154189,-0.950011,-0.223105,0.154692
0.706664,-0.440084,0.453323;0.143948,-0.952481,-0.220491,0.153111
0.700896,-0.448938,0.454265;0.13369,-0.954836,-0.217851,0.151511
0.69533,-0.457635,0.455065;0.123416,-0.957077,-0.215184,0.149894
0.689976,-0.466167,0.455717;0.113127,-0.959202,-0.212491,0.148258
0.684011,-0.4759,0.456282;0.101107,-0.961536,-0.209318,0.146327
0.678361,-0.485382,0.456628;0.0890692,-0.963713,-0.20611,0.144372
0.673043,-0.4946,0.456748;0.0770174,-0.965731,-0.202868,0.142394
0.668071,-0.50354,0.456631;0.0649529,-0.967592,-0.199594,0.140392
0.662831,-0.513398,0.456196;0.0511519,-0.969524,-0.195811,0.138076
0.658084,-0.522854,0.455428;0.0373401,-0.971249,-0.191986,0.135731
0.653852,-0.531888,0.454314;0.0235203,-0.972766,-0.188121,0.133357
0.649734,-0.541521,0.452629;0.00796709,-0.974224,-0.183724,0.130651
0.645994,-0.55153,0.4502;-0.00931657,-0.975535,-0.17878,0.127604
0.643174,-0.560772,0.447159;-0.0265971,-0.976519,-0.173777,0.124514
0.641188,-0.570002,0.443077;-0.0455952,-0.977226,-0.168206,0.121067
0.640419,-0.578893,0.437703;-0.0662991,-0.977546,-0.162052,0.117251
0.641315,-0.587059,0.430746;-0.0886921,-0.977362,-0.155296,0.113054
0.643819,-0.593169,0.42323;-0.109318,-0.976702,-0.148983,0.109122
0.648008,-0.597838,0.414617;-0.129892,-0.975572,-0.142597,0.105138
0.653393,-0.600793,0.405719;-0.148696,-0.974123,-0.136683,0.101442
0.659619,-0.602332,0.396768;-0.165739,-0.972465,-0.131259,0.0980457
0.666344,-0.60275,0.387989;-0.181031,-0.970695,-0.12634,0.0949612
0.673239,-0.602327,0.379594;-0.194582,-0.9689,-0.121939,0.0921978
0.68,-0.601327,0.37178;-0.206406,-0.967161,-0.118066,0.0897636
0.687454,-0.599724,0.36352;-0.218196,-0.965262,-0.114174,0.0873148
0.694406,-0.597861,0.356079;-0.228273,-0.963509,-0.110823,0.0852044
