0.76789,-0.067273,0.448377;0.641479,-0.592566,0.32781,0.36043
0.770137,-0.0619712,0.456918;0.620289,-0.617483,0.338065,0.345931
0.772195,-0.0608084,0.466611;0.595988,-0.643903,0.348804,0.329429
0.773775,-0.0640061,0.476121;0.571859,-0.668116,0.358509,0.313162
0.774845,-0.0699035,0.484451;0.55048,-0.688059,0.366392,0.298837
0.775585,-0.0774572,0.491978;0.530958,-0.705138,0.373055,0.285821
0.776077,-0.085761,0.498648;0.513489,-0.71957,0.378614,0.274224
0.776388,-0.0940783,0.50442;0.498238,-0.731552,0.383174,0.264136
0.776585,-0.102633,0.50975;0.484039,-0.742215,0.387187,0.254772
0.776702,-0.112042,0.515115;0.469638,-0.752568,0.391037,0.245301
0.776741,-0.121305,0.520017;0.456374,-0.761705,0.394395,0.236602
0.776717,-0.131217,0.52494;0.442953,-0.770579,0.397616,0.227822
0.776644,-0.14067,0.529386;0.430742,-0.778337,0.400398,0.219851
0.776524,-0.150608,0.533844;0.418411,-0.785877,0.403067,0.211819
0.776378,-0.159831,0.537815;0.407351,-0.792394,0.405344,0.20463
0.776197,-0.169408,0.541793;0.396201,-0.798735,0.407532,0.197395
0.775982,-0.179324,0.545774;0.384963,-0.804899,0.40963,0.190117
0.775734,-0.189565,0.549759;0.37364,-0.810885,0.411636,0.182796
0.775453,-0.200118,0.553744;0.362233,-0.816691,0.413552,0.175435
0.775183,-0.209597,0.557231;0.352187,-0.821623,0.415153,0.168961
0.774889,-0.219295,0.560717;0.342081,-0.826416,0.416683,0.16246
0.774572,-0.229202,0.5642;0.331917,-0.831068,0.418143,0.15593
0.774234,-0.23931,0.567679;0.321696,-0.835579,0.419531,0.149375
0.773875,-0.249609,0.571154;0.311421,-0.839948,0.420849,0.142794
0.773495,-0.260089,0.574622;0.301093,-0.844175,0.422095,0.136188
0.773096,-0.270743,0.578084;0.290714,-0.848259,0.423269,0.12956
0.772678,-0.281559,0.581537;0.280286,-0.852198,0.424372,0.122909
0.772241,-0.29253,0.584982;0.26981,-0.855993,0.425402,0.116238
0.771787,-0.303646,0.588416;0.259288,-0.859643,0.426361,0.109547
0.771384,-0.313282,0.59135;0.250234,-0.862655,0.427125,0.103797
0.77097,-0.323012,0.594276;0.241149,-0.86556,0.427835,0.0980339
0.770543,-0.33283,0.597192;0.232034,-0.868356,0.428493,0.0922587
0.770106,-0.342731,0.600097;0.22289,-0.871045,0.429096,0.086472
0.769658,-0.352707,0.602991;0.213719,-0.873624,0.429647,0.0806745
0.7692,-0.362754,0.605873;0.20452,-0.876095,0.430144,0.074867
0.768732,-0.372866,0.608743;0.195296,-0.878457,0.430587,0.0690501
0.768254,-0.383037,0.6116;0.186048,-0.880709,0.430976,0.0632246
0.767768,-0.393261,0.614442;0.176777,-0.882851,0.431312,0.0573912
0.767273,-0.403533,0.617271;0.167483,-0.884883,0.431594,0.0515507
0.76677,-0.413846,0.620083;0.158169,-0.886805,0.431822,0.0457038
0.76626,-0.424194,0.62288;0.148835,-0.888617,0.431996,0.0398511
0.765742,-0.434572,0.62566;0.139482,-0.890317,0.432116,0.0339935
0.765218,-0.444975,0.628423;0.130112,-0.891907,0.432183,0.0281317
0.764687,-0.455395,0.631168;0.120726,-0.893385,0.432196,0.0222663
0.76415,-0.465828,0.633894;0.111324,-0.894752,0.432154,0.0163982
0.763608,-0.476268,0.636601;0.101909,-0.896007,0.432059,0.010528
0.763061,-0.486708,0.639287;0.0924814,-0.897151,0.43191,0.00465648
0.762509,-0.497143,0.641953;0.0830419,-0.898182,0.431707,-0.00121559
0.761954,-0.507567,0.644597;0.0735921,-0.899102,0.431451,-0.00708752
0.761394,-0.517975,0.647219;0.0641332,-0.89991,0.43114,-0.0129586
0.760832,-0.52836,0.649818;0.0546662,-0.900605,0.430776,-0.018828
0.760266,-0.538716,0.652393;0.0451924,-0.901188,0.430358,-0.0246951
0.759698,-0.549039,0.654944;0.035713,-0.901659,0.429886,-0.0305591
0.759128,-0.559321,0.657471;0.0262292,-0.902017,0.429361,-0.0364192
0.758557,-0.569558,0.659971;0.016742,-0.902263,0.428782,-0.0422749
0.757984,-0.579743,0.662445;0.0072528,-0.902396,0.42815,-0.0481253
0.757411,-0.58987,0.664892;-0.00223733,-0.902417,0.427464,-0.0539696
0.756838,-0.599934,0.667312;-0.0117272,-0.902325,0.426725,-0.0598073
0.756265,-0.609929,0.669703;-0.0212156,-0.902121,0.425933,-0.0656375
0.755692,-0.61985,0.672064;-0.0307013,-0.901804,0.425088,-0.0714595
0.755121,-0.629689,0.674396;-0.0401832,-0.901375,0.42419,-0.0772726
0.754551,-0.639442,0.676698;-0.0496601,-0.900834,0.423239,-0.083076
0.753889,-0.650703,0.679343;-0.0607086,-0.90006,0.422062,-0.0898336
0.75323,-0.66183,0.681945;-0.0717468,-0.899133,0.420814,-0.0965759
0.752576,-0.672812,0.684502;-0.0827728,-0.898054,0.419495,-0.103302
0.751925,-0.68364,0.687014;-0.0937847,-0.896823,0.418104,-0.11001
0.751281,-0.694306,0.689478;-0.104781,-0.895439,0.416643,-0.1167
0.751884,-0.686026,0.687763;-0.106062,-0.897224,0.413113,-0.114357
0.752721,-0.674372,0.685327;-0.106575,-0.89957,0.408835,-0.110765
0.75358,-0.662437,0.682836;-0.107084,-0.901883,0.404542,-0.107168
0.75446,-0.65023,0.680293;-0.107589,-0.904163,0.400234,-0.103568
0.755178,-0.640275,0.678221;-0.10799,-0.905963,0.396777,-0.100685
0.755909,-0.630154,0.676118;-0.108388,-0.907741,0.393311,-0.0978
0.756651,-0.619873,0.673984;-0.108784,-0.909498,0.389835,-0.0949124
0.757406,-0.609435,0.67182;-0.109178,-0.911233,0.38635,-0.0920225
0.758172,-0.598846,0.669628;-0.109569,-0.912947,0.382856,-0.0891305
0.758948,-0.588108,0.667408;-0.109957,-0.914639,0.379353,-0.0862363
0.759735,-0.577227,0.665161;-0.110343,-0.916309,0.375841,-0.0833401
0.760533,-0.566206,0.662889;-0.110726,-0.917958,0.37232,-0.0804419
0.76134,-0.55505,0.660592;-0.111106,-0.919585,0.36879,-0.0775419
0.762156,-0.543763,0.658271;-0.111484,-0.92119,0.365252,-0.07464
0.762981,-0.532348,0.655928;-0.111859,-0.922774,0.361705,-0.0717363
0.763815,-0.520811,0.653562;-0.112232,-0.924335,0.358149,-0.0688309
0.764657,-0.509156,0.651176;-0.112602,-0.925875,0.354585,-0.0659239
0.765506,-0.497386,0.648771;-0.112969,-0.927393,0.351012,-0.0630154
0.766364,-0.485506,0.646346;-0.113333,-0.928889,0.347432,-0.0601053
0.767228,-0.473521,0.643904;-0.113695,-0.930363,0.343842,-0.0571938
0.768098,-0.461433,0.641445;-0.114054,-0.931815,0.340245,-0.054281
0.768975,-0.449248,0.63897;-0.114411,-0.933244,0.33664,-0.0513669
0.769858,-0.43697,0.63648;-0.114765,-0.934652,0.333027,-0.0484516
0.770746,-0.424603,0.633977;-0.115116,-0.936038,0.329406,-0.0455351
0.771639,-0.41215,0.631461;-0.115464,-0.937401,0.325777,-0.0426175
0.772537,-0.399618,0.628932;-0.115809,-0.938743,0.32214,-0.039699
0.773439,-0.387008,0.626393;-0.116152,-0.940062,0.318496,-0.0367795
0.774345,-0.374327,0.623844;-0.116492,-0.941359,0.314844,-0.0338591
0.775254,-0.361577,0.621287;-0.11683,-0.942633,0.311185,-0.030938
0.776166,-0.348764,0.618721;-0.117164,-0.943886,0.307518,-0.0280161
0.777082,-0.33589,0.616148;-0.117496,-0.945116,0.303844,-0.0250935
0.777999,-0.322962,0.61357;-0.117825,-0.946323,0.300163,-0.0221703
0.778918,-0.309982,0.610986;-0.118151,-0.947508,0.296475,-0.0192466
0.779839,-0.296955,0.608399;-0.118475,-0.948671,0.29278,-0.0163225
0.78053,-0.287157,0.606456;-0.118716,-0.949529,0.290004,-0.0141292
0.781222,-0.277336,0.604513;-0.118955,-0.950373,0.287224,-0.0119356
0.781914,-0.267495,0.602568;-0.119192,-0.951205,0.284441,-0.00974189
0.782606,-0.257635,0.600623;-0.119428,-0.952025,0.281653,-0.00754806
0.783299,-0.247757,0.598678;-0.119663,-0.952832,0.278862,-0.00535412
0.783991,-0.237865,0.596733;-0.119896,-0.953626,0.276067,-0.00316011
0.784682,-0.227959,0.59479;-0.120127,-0.954407,0.273269,-0.000966059
0.785373,-0.218042,0.592847;-0.120356,-0.955176,0.270466,0.001228
0.786064,-0.208114,0.590906;-0.120584,-0.955932,0.267661,0.00342205
0.786754,-0.198179,0.588968;-0.120811,-0.956675,0.264851,0.00561605
0.787442,-0.188237,0.587031;-0.121036,-0.957405,0.262038,0.00780998
0.788129,-0.178291,0.585098;-0.121259,-0.958123,0.259222,0.0100038
0.788815,-0.168342,0.583168;-0.12148,-0.958828,0.256402,0.0121975
0.7895,-0.158391,0.581242;-0.1217,-0.95952,0.253579,0.014391
0.790183,-0.148442,0.57932;-0.121919,-0.9602,0.250753,0.0165844
0.790864,-0.138495,0.577403;-0.122135,-0.960867,0.247923,0.0187775
0.791543,-0.128552,0.57549;-0.12235,-0.961521,0.245089,0.0209703
0.79222,-0.118615,0.573584;-0.122564,-0.962162,0.242253,0.0231629
0.792894,-0.108687,0.571682;-0.122776,-0.96279,0.239413,0.0253552
0.793566,-0.0987674,0.569788;-0.122986,-0.963405,0.23657,0.0275471
0.794235,-0.0888596,0.5679;-0.123195,-0.964008,0.233724,0.0297387
0.794902,-0.078965,0.566018;-0.123401,-0.964598,0.230875,0.0319299
0.795565,-0.0690853,0.564145;-0.123607,-0.965175,0.228023,0.0341207
0.796225,-0.0592222,0.562279;-0.12381,-0.965739,0.225168,0.036311
0.796882,-0.0493777,0.560422;-0.124012,-0.96629,0.222309,0.0385008
0.797536,-0.0395534,0.558574;-0.124213,-0.966829,0.219448,0.0406901
0.798401,-0.0264889,0.556123;-0.124477,-0.967527,0.215629,0.0436083
0.79926,-0.0134678,0.553691;-0.124739,-0.968202,0.211804,0.0465255
0.800111,-0.000494303,0.551276;-0.124997,-0.968854,0.207974,0.0494416
0.800955,0.0124275,0.548881;-0.125253,-0.969483,0.20414,0.0523565
0.801791,0.0252933,0.546506;-0.125506,-0.970089,0.2003,0.0552702
0.802618,0.0380989,0.544152;-0.125756,-0.970673,0.196456,0.0581826
0.803436,0.0508401,0.54182;-0.126002,-0.971233,0.192608,0.0610936
0.804245,0.0635127,0.539512;-0.126246,-0.97177,0.188754,0.0640031
0.805044,0.0761125,0.537228;-0.126487,-0.972285,0.184897,0.0669111
0.805834,0.0886354,0.534969;-0.126725,-0.972776,0.181034,0.0698176
0.806613,0.101077,0.532737;-0.12696,-0.973244,0.177168,0.0727224
0.807381,0.113433,0.530531;-0.127191,-0.973689,0.173297,0.0756255
0.808138,0.1257,0.528354;-0.12742,-0.974112,0.169423,0.0785268
0.808883,0.137873,0.526206;-0.127646,-0.974511,0.165544,0.0814262
0.809616,0.149947,0.524089;-0.127869,-0.974887,0.161661,0.0843237
0.810337,0.16192,0.522002;-0.128089,-0.97524,0.157775,0.0872192
0.811046,0.173786,0.519947;-0.128305,-0.97557,0.153885,0.0901127
0.811741,0.185541,0.517926;-0.128519,-0.975877,0.149991,0.093004
0.812422,0.197182,0.515939;-0.12873,-0.976161,0.146093,0.0958931
0.81309,0.208704,0.513987;-0.128937,-0.976422,0.142192,0.09878
0.813743,0.220102,0.512071;-0.129142,-0.976659,0.138288,0.101664
0.814381,0.231373,0.510192;-0.129343,-0.976874,0.134381,0.104547
0.815005,0.242512,0.508351;-0.129542,-0.977065,0.13047,0.107426
0.815613,0.253515,0.506549;-0.129737,-0.977233,0.126556,0.110303
0.816205,0.264379,0.504788;-0.129929,-0.977379,0.12264,0.113178
0.81678,0.275098,0.503067;-0.130118,-0.977501,0.11872,0.11605
0.817339,0.285668,0.501389;-0.130305,-0.977599,0.114797,0.118919
0.817881,0.296086,0.499753;-0.130488,-0.977675,0.110872,0.121785
0.818406,0.306347,0.498161;-0.130668,-0.977728,0.106944,0.124648
0.818913,0.316447,0.496615;-0.130844,-0.977757,0.103014,0.127509
0.819401,0.326381,0.495114;-0.131018,-0.977764,0.0990813,0.130366
0.819985,0.338561,0.493305;-0.131231,-0.977739,0.0941621,0.133933
0.82054,0.350467,0.491571;-0.131439,-0.977678,0.0892394,0.137496
0.821063,0.362092,0.489914;-0.131642,-0.977581,0.0843133,0.141053
0.821556,0.373428,0.488336;-0.13184,-0.977448,0.0793842,0.144605
0.822016,0.384466,0.48684;-0.132034,-0.977279,0.0744521,0.148152
0.822443,0.395197,0.485426;-0.132222,-0.977074,0.0695172,0.151693
0.822837,0.405615,0.484098;-0.132406,-0.976833,0.0645798,0.155229
0.823196,0.415711,0.482856;-0.132585,-0.976555,0.05964,0.158759
0.82358,0.427388,0.481484;-0.132793,-0.976174,0.0537094,0.162987
0.823912,0.438576,0.480243;-0.132994,-0.975742,0.0477759,0.167207
0.824191,0.449259,0.479136;-0.133188,-0.975257,0.0418398,0.171418
0.824416,0.459423,0.478168;-0.133374,-0.974721,0.0359016,0.175619
0.824606,0.470608,0.477217;-0.133583,-0.974029,0.0289712,0.180509
0.824719,0.481044,0.476464;-0.133783,-0.973267,0.0220387,0.185386
0.824749,0.492027,0.475851;-0.133998,-0.97231,0.0141139,0.190943
0.824653,0.503139,0.475489;-0.134226,-0.971123,0.005197,0.197173
0.82438,0.513884,0.475506;-0.13446,-0.969667,-0.00471137,0.204068
0.823815,0.524463,0.476129;-0.134715,-0.967732,-0.0166004,0.212301
0.822637,0.534454,0.478027;-0.13501,-0.96483,-0.0324464,0.223209
0.819055,0.539734,0.485055;-0.135033,-0.96182,-0.0431453,0.23411
0.815531,0.533227,0.492554;-0.134768,-0.961652,-0.0385567,0.235749
0.81295,0.525289,0.498203;-0.1346,-0.961535,-0.0356884,0.23677
0.810108,0.514603,0.50452;-0.134432,-0.961409,-0.0328197,0.237789
0.807663,0.504205,0.510015;-0.134296,-0.961302,-0.0305246,0.238603
0.805738,0.495393,0.514373;-0.134193,-0.961218,-0.0288031,0.239212
0.80374,0.485759,0.518921;-0.134091,-0.961131,-0.0270815,0.239821
0.801674,0.475343,0.523646;-0.133987,-0.96104,-0.0253598,0.240429
0.799546,0.464188,0.528534;-0.133884,-0.960947,-0.0236381,0.241035
0.797362,0.452334,0.533572;-0.133779,-0.96085,-0.0219162,0.241642
0.795126,0.439825,0.538748;-0.133675,-0.96075,-0.0201943,0.242247
0.792843,0.4267,0.54405;-0.13357,-0.960646,-0.0184724,0.242851
0.79052,0.413002,0.549463;-0.133464,-0.96054,-0.0167503,0.243455
0.788951,0.403573,0.553128;-0.133393,-0.960467,-0.0156023,0.243857
0.787368,0.393919,0.556833;-0.133323,-0.960393,-0.0144542,0.244259
0.785772,0.384054,0.560575;-0.133252,-0.960317,-0.0133061,0.24466
0.784164,0.373989,0.564349;-0.13318,-0.96024,-0.012158,0.245061
0.782548,0.363737,0.568153;-0.133109,-0.960161,-0.0110098,0.245462
0.780923,0.353311,0.571981;-0.133037,-0.960081,-0.00986166,0.245862
0.779292,0.342722,0.575831;-0.132966,-0.96,-0.00871348,0.246262
0.777656,0.331983,0.579698;-0.132894,-0.959917,-0.0075653,0.246661
0.776017,0.321106,0.583578;-0.132821,-0.959833,-0.0064171,0.24706
0.774376,0.310104,0.587469;-0.132749,-0.959747,-0.0052689,0.247459
0.772735,0.298989,0.591366;-0.132676,-0.95966,-0.00412068,0.247857
0.771096,0.287773,0.595265;-0.132604,-0.959571,-0.00297246,0.248255
0.769459,0.276469,0.599162;-0.132531,-0.959481,-0.00182424,0.248653
0.767827,0.265088,0.603054;-0.132457,-0.95939,-0.000676011,0.24905
0.766201,0.253644,0.606937;-0.132384,-0.959297,0.000472217,0.249447
0.764583,0.242148,0.610806;-0.13231,-0.959203,0.00162044,0.249844
0.762974,0.230613,0.614659;-0.132237,-0.959107,0.00276867,0.25024
0.761376,0.219051,0.618492;-0.132163,-0.95901,0.00391689,0.250635
0.759791,0.207475,0.6223;-0.132088,-0.958911,0.00506511,0.251031
0.75822,0.195896,0.626079;-0.132014,-0.958811,0.00621331,0.251426
0.756664,0.184328,0.629827;-0.13194,-0.95871,0.00736151,0.251821
0.755125,0.172782,0.633539;-0.131865,-0.958607,0.0085097,0.252215
0.753605,0.16127,0.637211;-0.13179,-0.958502,0.00965787,0.252609
0.752105,0.149806,0.64084;-0.131715,-0.958397,0.010806,0.253002
0.750628,0.138401,0.644421;-0.131639,-0.95829,0.0119542,0.253395
0.749173,0.127068,0.647951;-0.131564,-0.958181,0.0131023,0.253788
0.747744,0.115819,0.651427;-0.131488,-0.958071,0.0142504,0.25418
0.746341,0.104666,0.654844;-0.131412,-0.95796,0.0153985,0.254572
0.744967,0.0936218,0.658198;-0.131336,-0.957847,0.0165466,0.254964
0.743622,0.0826985,0.661486;-0.13126,-0.957732,0.0176946,0.255355
0.742308,0.0719086,0.664704;-0.131183,-0.957617,0.0188426,0.255746
0.741027,0.0612643,0.667848;-0.131106,-0.9575,0.0199906,0.256137
0.739781,0.0507779,0.670914;-0.131029,-0.957381,0.0211385,0.256527
0.738571,0.0404618,0.673899;-0.130952,-0.957261,0.0222865,0.256917
0.737398,0.0303283,0.676798;-0.130875,-0.95714,0.0234344,0.257306
0.736265,0.0203897,0.679609;-0.130797,-0.957017,0.0245822,0.257695
0.735172,0.0106582,0.682326;-0.13072,-0.956893,0.02573,0.258083
0.733613,-0.00352341,0.686219;-0.130603,-0.956703,0.0274517,0.258665
0.732154,-0.0171695,0.689882;-0.130486,-0.956511,0.0291732,0.259247
0.730801,-0.0302385,0.693301;-0.130368,-0.956316,0.0308947,0.259827
0.729559,-0.0426888,0.696464;-0.130249,-0.956117,0.0326161,0.260407
0.728433,-0.0544789,0.699358;-0.130131,-0.955915,0.0343373,0.260985
0.727429,-0.065567,0.70197;-0.130012,-0.95571,0.0360585,0.261563
0.726552,-0.0759118,0.704287;-0.129892,-0.955502,0.0377795,0.26214
0.725589,-0.0884765,0.706895;-0.129732,-0.955219,0.040074,0.262908
0.724875,-0.099547,0.708927;-0.129571,-0.95493,0.0423682,0.263674
0.724349,-0.111134,0.710607;-0.129369,-0.954562,0.0452357,0.26463
0.724289,-0.121482,0.711286;-0.129125,-0.954108,0.0486761,0.265773
0.726493,-0.129074,0.707281;-0.12859,-0.95308,0.0561279,0.268239
0.72962,-0.12239,0.700655;-0.126845,-0.952808,0.0589067,0.26944
0.732266,-0.113577,0.694876;-0.116761,-0.955043,0.0488211,0.268099
0.734942,-0.103374,0.688964;-0.108097,-0.956799,0.0401681,0.266905
0.737438,-0.0931594,0.683411;-0.100865,-0.958149,0.0329525,0.265878
0.739599,-0.0839524,0.678587;-0.0950709,-0.959155,0.0271774,0.265036
0.741895,-0.073891,0.673443;-0.0892706,-0.960096,0.0214005,0.264176
0.74432,-0.063036,0.668;-0.0834642,-0.96097,0.0156221,0.263298
0.746864,-0.0514479,0.662277;-0.0776521,-0.961779,0.00984259,0.262401
0.748847,-0.0423124,0.657813;-0.0732895,-0.962342,0.0055075,0.261717
0.750889,-0.0328243,0.65321;-0.068924,-0.962868,0.00117221,0.261023
0.752987,-0.0230094,0.648478;-0.0645559,-0.963357,-0.00316313,0.260319
0.755138,-0.0128931,0.643623;-0.0601853,-0.963809,-0.00749835,0.259604
0.757339,-0.0025011,0.638655;-0.0558124,-0.964223,-0.0118333,0.25888
0.759585,0.00814096,0.633581;-0.0514373,-0.9646,-0.0161677,0.258146
0.761874,0.0190075,0.628411;-0.0470603,-0.96494,-0.0205016,0.257401
0.764203,0.0300729,0.623151;-0.0426814,-0.965243,-0.0248346,0.256647
0.766567,0.0413115,0.61781;-0.0383009,-0.965508,-0.0291667,0.255883
0.768964,0.0526978,0.612396;-0.0339188,-0.965736,-0.0334977,0.255109
0.771389,0.064206,0.606919;-0.0295355,-0.965927,-0.0378274,0.254325
0.77384,0.0758107,0.601385;-0.0251511,-0.966081,-0.0421556,0.253531
0.776314,0.0874862,0.595803;-0.0207656,-0.966197,-0.0464822,0.252728
0.778806,0.0992068,0.590181;-0.0163794,-0.966276,-0.050807,0.251914
0.781314,0.110947,0.584528;-0.0119926,-0.966318,-0.0551298,0.251091
0.783833,0.122681,0.578851;-0.00760523,-0.966322,-0.0594505,0.250259
0.786361,0.134384,0.573159;-0.00321761,-0.966289,-0.0637689,0.249416
0.788895,0.146029,0.567461;0.00117013,-0.966219,-0.0680849,0.248564
0.79143,0.157591,0.561763;0.00555783,-0.966111,-0.0723982,0.247703
0.793963,0.169045,0.556075;0.00994531,-0.965966,-0.0767087,0.246832
0.796492,0.180365,0.550405;0.0143324,-0.965784,-0.0810163,0.245951
0.799012,0.191525,0.544761;0.018719,-0.965565,-0.0853207,0.245061
0.80152,0.202499,0.539151;0.0231048,-0.965308,-0.0896218,0.244161
0.804014,0.213263,0.533583;0.0274897,-0.965014,-0.0939195,0.243252
0.806488,0.22379,0.528066;0.0318736,-0.964683,-0.0982136,0.242334
0.80894,0.234055,0.522608;0.0362562,-0.964314,-0.102504,0.241406
0.811368,0.244032,0.517216;0.0406375,-0.963908,-0.10679,0.240469
0.813766,0.253696,0.5119;0.0450171,-0.963465,-0.111072,0.239522
0.816132,0.263021,0.506667;0.0493951,-0.962985,-0.11535,0.238567
0.818462,0.271981,0.501526;0.0537711,-0.962468,-0.119624,0.237602
0.820753,0.280551,0.496485;0.058145,-0.961913,-0.123892,0.236628
0.823742,0.291326,0.489932;0.0639734,-0.961116,-0.129577,0.235315
0.826647,0.301301,0.483592;0.0697975,-0.960253,-0.135252,0.233986
0.82946,0.310416,0.477482;0.0756167,-0.959324,-0.140918,0.232641
0.832174,0.318609,0.471623;0.0814307,-0.958329,-0.146575,0.23128
0.835414,0.327462,0.464681;0.0886904,-0.956993,-0.153631,0.229556
0.83847,0.334661,0.458198;0.0959405,-0.955554,-0.160671,0.227808
0.841872,0.340952,0.45108;0.104627,-0.953693,-0.169096,0.225677
0.845913,0.345016,0.442818;0.116184,-0.950981,-0.180288,0.222783
0.850438,0.341712,0.434015;0.132021,-0.946827,-0.195597,0.218703
0.852891,0.332192,0.429681;0.143497,-0.943497,-0.206667,0.215665
0.854224,0.320788,0.42768;0.152078,-0.940829,-0.214932,0.213347
0.854982,0.308327,0.426883;0.159211,-0.938495,-0.221795,0.211391
0.855345,0.296336,0.426844;0.164905,-0.936555,-0.227268,0.209809
0.85547,0.286124,0.427175;0.169168,-0.935058,-0.231362,0.208613
0.855466,0.274839,0.427826;0.173425,-0.933525,-0.235448,0.20741
0.855328,0.262455,0.428803;0.177675,-0.931956,-0.239524,0.206198
0.855054,0.248947,0.430116;0.181918,-0.930351,-0.243591,0.204978
0.85464,0.234289,0.431772;0.186154,-0.92871,-0.247649,0.203751
0.854284,0.223865,0.433071;0.188975,-0.927596,-0.250349,0.202928
0.853864,0.212911,0.434528;0.191791,-0.926466,-0.253045,0.202102
0.853378,0.201419,0.436147;0.194605,-0.92532,-0.255736,0.201272
0.852826,0.189382,0.43793;0.197415,-0.924159,-0.258423,0.200439
0.852205,0.176792,0.439878;0.200222,-0.922981,-0.261105,0.199602
0.851516,0.163641,0.441995;0.203025,-0.921788,-0.263783,0.198762
0.850757,0.149923,0.444283;0.205825,-0.920579,-0.266457,0.197919
0.849928,0.135629,0.446744;0.208622,-0.919354,-0.269126,0.197072
0.849026,0.120751,0.449381;0.211414,-0.918113,-0.27179,0.196222
0.848052,0.105283,0.452196;0.214204,-0.916856,-0.274449,0.195368
0.847004,0.0892163,0.455192;0.216989,-0.915584,-0.277104,0.194511
0.845881,0.0725436,0.458371;0.219771,-0.914296,-0.279754,0.193651
0.844682,0.0552573,0.461735;0.222549,-0.912993,-0.2824,0.192787
0.843407,0.0373498,0.465287;0.225323,-0.911673,-0.28504,0.19192
0.842054,0.0188135,0.46903;0.228093,-0.910338,-0.287676,0.19105
0.840622,-0.000359193,0.472965;0.23086,-0.908988,-0.290306,0.190176
0.839876,-0.0101865,0.475006;0.232241,-0.908307,-0.29162,0.189738
0.83911,-0.0201758,0.477096;0.233622,-0.907622,-0.292932,0.1893
0.838323,-0.030328,0.479235;0.235002,-0.906933,-0.294243,0.18886
0.837517,-0.040644,0.481424;0.236381,-0.90624,-0.295553,0.18842
0.83669,-0.0511248,0.483663;0.237758,-0.905543,-0.296861,0.187978
0.835842,-0.0617713,0.485953;0.239135,-0.904843,-0.298168,0.187536
0.834974,-0.0725846,0.488293;0.240511,-0.904138,-0.299474,0.187094
0.834085,-0.0835654,0.490684;0.241885,-0.90343,-0.300779,0.18665
0.833174,-0.0947148,0.493126;0.243259,-0.902718,-0.302082,0.186206
0.832243,-0.106034,0.495619;0.244631,-0.902002,-0.303384,0.18576
0.831291,-0.117523,0.498165;0.246003,-0.901282,-0.304685,0.185314
0.830317,-0.129184,0.500763;0.247373,-0.900558,-0.305984,0.184867
