0.693783,-0.637348,0.452929;0.575012,-0.651408,0.300017,-0.393724
0.698175,-0.629202,0.462458;0.581218,-0.647936,0.295063,-0.394084
0.702434,-0.621327,0.471727;0.587381,-0.644415,0.290087,-0.394414
0.706562,-0.613721,0.480739;0.593499,-0.640845,0.285089,-0.394715
0.710562,-0.606379,0.489497;0.599573,-0.637227,0.28007,-0.394986
0.714434,-0.599297,0.498004;0.605602,-0.633561,0.27503,-0.395227
0.718181,-0.592472,0.506262;0.611585,-0.629848,0.269969,-0.395439
0.721803,-0.585899,0.514276;0.617522,-0.626087,0.264888,-0.395621
0.725303,-0.579576,0.522046;0.623413,-0.622279,0.259787,-0.395773
0.728682,-0.573497,0.529577;0.629257,-0.618424,0.254666,-0.395895
0.732739,-0.566237,0.538658;0.636495,-0.61354,0.248238,-0.396006
0.736613,-0.559346,0.547375;0.643658,-0.608584,0.241781,-0.39607
0.740308,-0.552817,0.555732;0.650745,-0.603556,0.235296,-0.396088
0.743827,-0.546642,0.563736;0.657757,-0.598458,0.228783,-0.396059
0.747173,-0.540814,0.571392;0.66469,-0.593289,0.222243,-0.395984
0.750965,-0.534267,0.580129;0.672907,-0.586994,0.21436,-0.395832
0.754518,-0.528195,0.588382;0.681011,-0.5806,0.206442,-0.395613
0.757838,-0.522586,0.596162;0.688999,-0.574107,0.198488,-0.395328
0.761425,-0.516608,0.604653;0.698171,-0.56641,0.189166,-0.39491
0.764712,-0.511222,0.612528;0.707181,-0.558582,0.179801,-0.394401
0.768113,-0.505762,0.620793;0.71728,-0.549479,0.169047,-0.393707
0.7715,-0.500472,0.629182;0.728383,-0.53904,0.156889,-0.392786
0.774743,-0.495601,0.637412;0.740393,-0.5272,0.143309,-0.391587
0.777945,-0.491071,0.645833;0.754346,-0.512666,0.126926,-0.389905
0.781121,-0.487093,0.654718;0.772153,-0.492748,0.104949,-0.387252
0.783923,-0.485084,0.664116;0.800085,-0.457805,0.0675904,-0.381719
0.782411,-0.492808,0.66591;0.842915,-0.39189,0.000685885,-0.368668
0.779129,-0.500725,0.660642;0.861633,-0.355832,-0.0342091,-0.36028
0.775639,-0.508139,0.653991;0.874787,-0.326228,-0.0620576,-0.352805
0.772239,-0.514804,0.646926;0.884676,-0.300579,-0.0856391,-0.345929
0.768797,-0.521102,0.6393;0.892884,-0.276066,-0.107728,-0.339028
0.765455,-0.526803,0.631455;0.899604,-0.252782,-0.128318,-0.332188
0.762193,-0.53195,0.623351;0.897907,-0.260188,-0.145909,-0.323692
0.758975,-0.536581,0.614867;0.881076,-0.318185,-0.159231,-0.311624
0.755841,-0.540631,0.606077;0.860747,-0.374919,-0.171921,-0.298318
0.752833,-0.544034,0.597049;0.837001,-0.430165,-0.183928,-0.283828
0.749886,-0.546815,0.587509;0.808867,-0.48565,-0.195608,-0.267612
0.747159,-0.548765,0.577864;0.777279,-0.539061,-0.206453,-0.250254
0.744696,-0.549813,0.56819;0.742373,-0.590171,-0.216417,-0.231827
0.742471,-0.549873,0.558222;0.702881,-0.640448,-0.225762,-0.211699
0.740625,-0.548813,0.548392;0.66017,-0.687791,-0.234072,-0.190602
0.739166,-0.546455,0.538457;0.612806,-0.73345,-0.241541,-0.167861
0.738242,-0.542877,0.529167;0.564165,-0.774172,-0.247636,-0.145093
0.737845,-0.537943,0.520273;0.512939,-0.811348,-0.252597,-0.121662
0.738008,-0.531819,0.512141;0.461248,-0.843719,-0.25629,-0.0985085
0.738714,-0.524584,0.504795;0.409536,-0.871523,-0.258814,-0.0757825
0.739884,-0.516663,0.498488;0.3602,-0.894185,-0.260236,-0.0544696
0.741427,-0.508296,0.493154;0.313724,-0.912347,-0.260761,-0.0346963
0.743342,-0.499286,0.488512;0.268421,-0.927261,-0.26056,-0.0156884
0.745476,-0.490213,0.484714;0.226619,-0.938698,-0.259782,0.00162874
0.747865,-0.480792,0.481506;0.186448,-0.94767,-0.258518,0.0180773
0.750464,-0.471125,0.478846;0.148053,-0.954451,-0.256852,0.0336279
0.753231,-0.461315,0.476694;0.111549,-0.959309,-0.254862,0.0482605
0.756121,-0.451465,0.475002;0.0770311,-0.962501,-0.252623,0.0619634
0.75909,-0.441676,0.473722;0.0445722,-0.964275,-0.250203,0.0747318
0.762093,-0.432044,0.472807;0.014227,-0.964865,-0.247669,0.0865666
0.765326,-0.421926,0.472171;-0.0161332,-0.964424,-0.244869,0.098309
0.768539,-0.412088,0.471839;-0.0443102,-0.963093,-0.242036,0.109119
0.772008,-0.401668,0.471764;-0.0693244,-0.961577,-0.23794,0.118106
0.775363,-0.391761,0.471929;-0.0707405,-0.964262,-0.228034,0.114867
0.778888,-0.381494,0.47231;-0.0721483,-0.966835,-0.218101,0.111614
0.782572,-0.370883,0.472899;-0.0735476,-0.969293,-0.208142,0.108349
0.786404,-0.359943,0.473687;-0.0749383,-0.971637,-0.198159,0.105071
0.789799,-0.350316,0.474515;-0.0761232,-0.973555,-0.189583,0.102251
0.79329,-0.340468,0.475478;-0.0773016,-0.975388,-0.180991,0.0994219
0.796869,-0.330409,0.47657;-0.0784732,-0.977137,-0.172383,0.0965846
0.80053,-0.320149,0.477786;-0.0796381,-0.978802,-0.16376,0.0937389
0.804266,-0.309698,0.479121;-0.0807961,-0.980382,-0.155123,0.0908851
0.808072,-0.299065,0.48057;-0.081947,-0.981877,-0.146473,0.0880234
0.81194,-0.288261,0.482127;-0.0830909,-0.983287,-0.13781,0.0851541
0.815864,-0.277294,0.483787;-0.0842276,-0.984612,-0.129135,0.0822775
0.819837,-0.266174,0.485545;-0.085357,-0.985851,-0.120449,0.0793937
0.823181,-0.256799,0.48708;-0.0862925,-0.986819,-0.113203,0.0769853
0.826551,-0.24733,0.488676;-0.0872229,-0.987728,-0.10595,0.0745722
0.829944,-0.237774,0.490331;-0.088148,-0.988577,-0.09869,0.0721547
0.833355,-0.228135,0.49204;-0.0890677,-0.989366,-0.0914245,0.0697328
0.836781,-0.218419,0.4938;-0.0899822,-0.990097,-0.0841535,0.0673067
0.840218,-0.208633,0.49561;-0.0908912,-0.990767,-0.0768774,0.0648766
0.843661,-0.198782,0.497465;-0.0917948,-0.991378,-0.0695967,0.0624426
0.847109,-0.188871,0.499363;-0.0926928,-0.99193,-0.0623118,0.0600049
0.850556,-0.178906,0.5013;-0.0935853,-0.992422,-0.0550232,0.0575635
0.853998,-0.168892,0.503273;-0.0944721,-0.992854,-0.0477313,0.0551187
0.857433,-0.158836,0.50528;-0.0953533,-0.993226,-0.0404365,0.0526705
0.860856,-0.148743,0.507317;-0.0962287,-0.993539,-0.0331392,0.0502192
0.864264,-0.138618,0.509381;-0.0970984,-0.993792,-0.02584,0.0477649
0.867653,-0.128468,0.511469;-0.0979622,-0.993985,-0.0185392,0.0453077
0.871018,-0.118297,0.513578;-0.0988201,-0.994119,-0.0112373,0.0428477
0.874357,-0.108112,0.515705;-0.0996721,-0.994193,-0.00393477,0.0403852
0.877665,-0.0979179,0.517847;-0.100518,-0.994207,0.00336803,0.0379203
0.880939,-0.0877206,0.520001;-0.101358,-0.994161,0.0106706,0.0354531
0.884174,-0.0775257,0.522163;-0.102192,-0.994055,0.0179726,0.0329837
0.887368,-0.0673388,0.52433;-0.10302,-0.99389,0.0252735,0.0305124
0.890517,-0.0571655,0.526501;-0.103841,-0.993665,0.0325728,0.0280393
0.893615,-0.0470116,0.52867;-0.104656,-0.99338,0.0398702,0.0255644
0.896661,-0.0368825,0.530836;-0.105465,-0.993035,0.0471653,0.023088
0.89965,-0.026784,0.532995;-0.106268,-0.992631,0.0544574,0.0206103
0.902578,-0.0167217,0.535145;-0.107064,-0.992167,0.0617463,0.0181312
0.905441,-0.00670127,0.537281;-0.107854,-0.991644,0.0690315,0.0156511
0.908236,0.00327173,0.539402;-0.108637,-0.99106,0.0763125,0.0131701
0.910959,0.0131916,0.541503;-0.109414,-0.990418,0.083589,0.0106883
0.913606,0.0230528,0.543582;-0.110184,-0.989715,0.0908604,0.00820579
0.916174,0.0328496,0.545637;-0.110948,-0.988954,0.0981264,0.00572282
0.918658,0.0425764,0.547662;-0.111705,-0.988132,0.105386,0.00323951
0.921056,0.0522275,0.549657;-0.112455,-0.987251,0.11264,0.000755999
0.923362,0.0617973,0.551616;-0.113198,-0.986311,0.119887,-0.00172755
0.926004,0.0731659,0.553918;-0.114082,-0.985105,0.128574,-0.00470767
0.928503,0.0843996,0.556161;-0.114955,-0.983813,0.13725,-0.00768738
0.930853,0.0954886,0.558339;-0.115818,-0.982437,0.145913,-0.0106664
0.933047,0.106423,0.560447;-0.116671,-0.980975,0.154564,-0.0136445
0.935079,0.117194,0.562479;-0.117515,-0.979428,0.163202,-0.0166215
0.936942,0.127791,0.564431;-0.118348,-0.977796,0.171826,-0.019597
0.938629,0.138204,0.566297;-0.11917,-0.97608,0.180435,-0.0225708
0.940134,0.148423,0.568072;-0.119983,-0.974279,0.189028,-0.0255426
0.941451,0.15844,0.56975;-0.120785,-0.972394,0.197604,-0.0285123
0.94274,0.169857,0.571578;-0.121707,-0.970089,0.207589,-0.0319737
0.943754,0.180968,0.573259;-0.122616,-0.967669,0.217549,-0.0354314
0.944481,0.191759,0.574785;-0.123509,-0.965135,0.227484,-0.0388849
0.944912,0.202213,0.576146;-0.124388,-0.962487,0.237391,-0.0423338
0.945036,0.212317,0.577335;-0.125253,-0.959726,0.247271,-0.0457777
0.944788,0.223413,0.578471;-0.126223,-0.956431,0.258526,-0.049707
0.944114,0.233982,0.579357;-0.125285,-0.954205,0.266708,-0.0516158
0.942943,0.244512,0.580014;-0.118723,-0.955336,0.266388,-0.0477
0.941317,0.254475,0.580406;-0.112154,-0.95641,0.266052,-0.0437814
0.938679,0.266133,0.580544;-0.103933,-0.957673,0.26561,-0.0388795
0.93541,0.27691,0.580314;-0.0957028,-0.958846,0.265143,-0.033974
0.931553,0.286808,0.579744;-0.0874634,-0.95993,0.264652,-0.0290653
0.927151,0.29583,0.578861;-0.0792158,-0.960923,0.264136,-0.0241538
0.921212,0.305502,0.577424;-0.069309,-0.961998,0.263483,-0.0182572
0.914629,0.31392,0.57562;-0.0593929,-0.962942,0.262796,-0.0123581
0.907476,0.321087,0.573496;-0.0494688,-0.963758,0.262073,-0.00645729
0.898511,0.327874,0.570673;-0.0378824,-0.964545,0.261185,0.000427988
0.888995,0.332971,0.567549;-0.0262891,-0.965156,0.260249,0.00731319
0.879047,0.336386,0.564198;-0.0146909,-0.96559,0.259266,0.014197
0.868787,0.338123,0.560693;-0.00309004,-0.965847,0.258235,0.0210783
0.858335,0.338192,0.557107;0.00851138,-0.965928,0.257157,0.0279557
0.847812,0.336597,0.553513;0.0201112,-0.965831,0.256031,0.034828
0.837336,0.333345,0.549985;0.0317074,-0.965558,0.254859,0.0416939
0.828487,0.329245,0.547068;0.0416425,-0.965184,0.253818,0.0475729
0.819838,0.323937,0.5443;0.0515719,-0.964679,0.252742,0.0534456
0.811463,0.317425,0.541726;0.0614944,-0.964045,0.251632,0.059311
0.803439,0.309714,0.539392;0.0714087,-0.963281,0.250488,0.0651685
0.795842,0.300807,0.537344;0.0813133,-0.962387,0.24931,0.0710172
0.789891,0.292474,0.53589;0.0895589,-0.961544,0.248304,0.0758839
0.784332,0.283317,0.534694;0.097796,-0.96061,0.247274,0.0807434
0.77921,0.273337,0.533782;0.106024,-0.959587,0.24622,0.0855955
0.774567,0.262537,0.533181;0.114242,-0.958475,0.245144,0.0904395
0.770448,0.25092,0.532918;0.12245,-0.957272,0.244045,0.0952751
0.767559,0.241039,0.532969;0.129008,-0.956246,0.24315,0.0991372
0.765056,0.230638,0.533267;0.135558,-0.955163,0.24224,0.102993
0.76296,0.219718,0.533825;0.1421,-0.954023,0.241315,0.106843
0.761295,0.208279,0.534658;0.148633,-0.952825,0.240376,0.110687
0.760248,0.198333,0.535571;0.169545,-0.948857,0.244773,0.104929
0.759502,0.188004,0.536676;0.194574,-0.943444,0.250418,0.0966655
0.759042,0.17733,0.537953;0.219456,-0.937318,0.255873,0.0883289
0.758852,0.167119,0.539278;0.242413,-0.930995,0.260766,0.0805279
0.758874,0.156626,0.540721;0.265211,-0.924066,0.265489,0.0726744
0.759071,0.146697,0.542146;0.286103,-0.917134,0.269695,0.0653828
0.759422,0.136541,0.54365;0.306836,-0.909693,0.273751,0.0580549
0.759917,0.126165,0.54522;0.327399,-0.901747,0.277655,0.0506948
0.760542,0.115574,0.546847;0.347779,-0.8933,0.281404,0.0433065
0.761219,0.105683,0.548377;0.366292,-0.885122,0.284705,0.0365127
0.761985,0.0956209,0.549936;0.384634,-0.87653,0.287872,0.0297018
0.762832,0.0853933,0.551515;0.402797,-0.867529,0.290905,0.0228771
0.763749,0.0750046,0.553106;0.420771,-0.858123,0.293802,0.0160417
0.764726,0.0644597,0.5547;0.438549,-0.848317,0.296562,0.00919881
0.765755,0.0537631,0.556288;0.456123,-0.838114,0.299184,0.00235163
0.766727,0.0439114,0.55772;0.471914,-0.8285,0.301446,-0.00387411
0.767726,0.0339419,0.559134;0.487523,-0.818566,0.303592,-0.0100984
0.768745,0.0238581,0.560524;0.502945,-0.808317,0.305621,-0.0163187
0.769776,0.0136636,0.561882;0.518172,-0.797756,0.307532,-0.0225328
0.770814,0.00336189,0.563203;0.5332,-0.786887,0.309324,-0.0287381
0.771849,-0.00704349,0.56448;0.548022,-0.775715,0.310997,-0.0349324
0.772876,-0.017549,0.565707;0.562632,-0.764243,0.31255,-0.0411132
0.773886,-0.028151,0.566877;0.577026,-0.752477,0.313983,-0.0472782
0.774874,-0.0388461,0.567984;0.591197,-0.74042,0.315294,-0.0534249
0.77583,-0.0496307,0.56902;0.605139,-0.728078,0.316484,-0.059551
0.77675,-0.0605012,0.569981;0.618849,-0.715455,0.317552,-0.0656542
0.777624,-0.071454,0.570859;0.63232,-0.702556,0.318497,-0.071732
0.778446,-0.0824857,0.571648;0.645547,-0.689387,0.31932,-0.0777822
0.779135,-0.0924788,0.572277;0.657239,-0.677306,0.319955,-0.0832017
0.779771,-0.10253,0.572823;0.668725,-0.665015,0.32049,-0.0885953
0.780349,-0.112638,0.573283;0.680002,-0.652515,0.320925,-0.0939612
0.780863,-0.122798,0.573651;0.691067,-0.639811,0.321259,-0.0992977
0.781307,-0.133009,0.573923;0.701916,-0.626908,0.321494,-0.104603
0.781677,-0.143268,0.574094;0.712546,-0.613809,0.321627,-0.109876
0.781968,-0.153573,0.574159;0.722953,-0.600518,0.321661,-0.115115
0.782174,-0.163921,0.574114;0.733134,-0.587039,0.321594,-0.120317
0.78229,-0.174309,0.573954;0.743087,-0.573377,0.321426,-0.125482
0.78231,-0.184735,0.573675;0.752807,-0.559536,0.321158,-0.130608
0.78223,-0.195196,0.573271;0.762292,-0.545521,0.32079,-0.135693
0.782044,-0.205689,0.572737;0.771539,-0.531334,0.320321,-0.140735
0.781747,-0.216212,0.57207;0.780544,-0.516982,0.319753,-0.145734
0.781334,-0.226763,0.571264;0.789306,-0.502468,0.319084,-0.150687
0.780798,-0.237339,0.570315;0.797822,-0.487798,0.318316,-0.155593
0.780137,-0.247937,0.569218;0.806088,-0.472974,0.317448,-0.160451
0.779342,-0.258555,0.567969;0.814102,-0.458004,0.316481,-0.165258
0.778411,-0.269189,0.566562;0.821862,-0.44289,0.315416,-0.170013
0.777337,-0.279839,0.564993;0.829365,-0.427637,0.314252,-0.174716
0.776115,-0.2905,0.563257;0.836609,-0.412251,0.312989,-0.179364
0.77474,-0.30117,0.561349;0.843592,-0.396737,0.311629,-0.183956
0.773206,-0.311847,0.559266;0.850311,-0.381098,0.310171,-0.18849
0.771509,-0.322529,0.557001;0.856765,-0.36534,0.308617,-0.192966
0.769643,-0.333211,0.554551;0.862951,-0.349468,0.306966,-0.197381
0.767602,-0.343893,0.551911;0.868867,-0.333487,0.30522,-0.201735
0.765638,-0.353385,0.5494;0.873898,-0.319194,0.303587,-0.205552
0.763529,-0.362873,0.546732;0.878714,-0.304823,0.301879,-0.209318
0.76127,-0.372354,0.543903;0.883312,-0.290376,0.300097,-0.213033
0.758859,-0.381827,0.540911;0.887693,-0.275857,0.298241,-0.216695
0.756291,-0.391289,0.537751;0.891854,-0.26127,0.296311,-0.220303
0.753562,-0.40074,0.53442;0.895796,-0.246619,0.294308,-0.223857
0.75067,-0.410177,0.530915;0.899516,-0.231907,0.292232,-0.227356
0.74761,-0.419598,0.527234;0.903014,-0.217137,0.290085,-0.230799
0.744379,-0.429002,0.523371;0.906289,-0.202314,0.287865,-0.234185
0.740973,-0.438387,0.519325;0.909341,-0.187442,0.285575,-0.237513
0.737389,-0.447751,0.515092;0.912168,-0.172522,0.283214,-0.240782
0.733621,-0.457092,0.510668;0.91477,-0.157561,0.280783,-0.243992
0.729668,-0.466409,0.506051;0.917146,-0.14256,0.278283,-0.247142
0.725525,-0.475699,0.501236;0.919295,-0.127524,0.275714,-0.250231
0.721189,-0.484961,0.496221;0.921218,-0.112457,0.273077,-0.253258
0.717233,-0.49304,0.491666;0.922714,-0.09925,0.270715,-0.255855
0.713124,-0.501096,0.486953;0.924036,-0.0860245,0.268301,-0.258404
0.708859,-0.509126,0.48208;0.925183,-0.0727826,0.265836,-0.260904
0.704435,-0.517129,0.477044;0.926155,-0.0595271,0.263322,-0.263355
0.699851,-0.525104,0.471843;0.926952,-0.0462603,0.260757,-0.265756
0.695104,-0.533051,0.466475;0.927574,-0.0329847,0.258143,-0.268107
