0.92546,-0.447299,0.569797;0.958585,0.0999485,0.0501678,-0.261932
0.923027,-0.440267,0.560386;0.958768,0.104875,0.0477858,-0.259771
0.920616,-0.433437,0.551137;0.958919,0.109799,0.0454022,-0.257601
0.918226,-0.426806,0.542051;0.959035,0.114718,0.0430171,-0.255422
0.915857,-0.420372,0.533124;0.959119,0.119634,0.0406304,-0.253234
0.91351,-0.414133,0.524358;0.959169,0.124545,0.0382424,-0.251038
0.911183,-0.408088,0.515749;0.959187,0.129452,0.035853,-0.248832
0.908877,-0.402235,0.507297;0.959171,0.134355,0.0334624,-0.246619
0.906593,-0.396571,0.499;0.959121,0.139253,0.0310706,-0.244396
0.904329,-0.391096,0.490858;0.959039,0.144146,0.0286777,-0.242165
0.901343,-0.384083,0.48024;0.958877,0.150663,0.0254857,-0.239178
0.898393,-0.377397,0.46989;0.958656,0.15717,0.0222921,-0.236176
0.89548,-0.371033,0.459808;0.958376,0.163667,0.0190972,-0.233159
0.892603,-0.364985,0.449988;0.958037,0.170154,0.0159011,-0.230128
0.889763,-0.35925,0.440429;0.95764,0.176631,0.0127039,-0.227083
0.886958,-0.353823,0.431127;0.957183,0.183097,0.00950605,-0.224023
0.884189,-0.348699,0.42208;0.956667,0.189552,0.00630757,-0.22095
0.881456,-0.343874,0.413284;0.956092,0.195995,0.0031087,-0.217863
0.878757,-0.339344,0.404737;0.955458,0.202426,-9.03543e-05,-0.214763
0.875434,-0.334087,0.394398;0.954583,0.210447,-0.00408915,-0.21087
0.872166,-0.329275,0.384438;0.953617,0.218448,-0.00808755,-0.206956
0.868952,-0.324899,0.37485;0.952558,0.226428,-0.0120852,-0.203022
0.865791,-0.320949,0.365629;0.951408,0.234386,-0.0160816,-0.199068
0.862684,-0.317416,0.356769;0.950166,0.242321,-0.0200765,-0.195095
0.859026,-0.313716,0.346605;0.948555,0.251813,-0.0248678,-0.190304
0.855444,-0.310589,0.336943;0.946813,0.26127,-0.0296557,-0.185485
0.851937,-0.30802,0.327773;0.944939,0.27069,-0.0344394,-0.180641
0.847939,-0.305708,0.317683;0.942587,0.281633,-0.0400144,-0.174958
0.844043,-0.304111,0.308233;0.940058,0.292523,-0.0455818,-0.169242
0.839711,-0.30313,0.298196;0.936951,0.304901,-0.051934,-0.162671
0.835508,-0.303015,0.288952;0.933612,0.317204,-0.0582734,-0.156059
0.830931,-0.303876,0.27947;0.929581,0.330951,-0.0653879,-0.148575
0.826031,-0.306001,0.270035;0.924762,0.346105,-0.0732689,-0.140205
0.821324,-0.309288,0.261714;0.919588,0.361125,-0.0811218,-0.131781
0.816366,-0.314162,0.253793;0.913487,0.377486,-0.0897237,-0.122457
0.811633,-0.320263,0.247104;0.90696,0.393672,-0.0982838,-0.113075
0.807123,-0.327497,0.241585;0.900011,0.409674,-0.106798,-0.103641
0.80283,-0.33577,0.237175;0.892643,0.425485,-0.115263,-0.0941582
0.798752,-0.344989,0.233814;0.884858,0.441098,-0.123674,-0.0846317
0.795226,-0.35411,0.231617;0.877424,0.455114,-0.13127,-0.0759369
0.791872,-0.363864,0.23019;0.869652,0.468954,-0.138816,-0.0672129
0.788685,-0.37418,0.229488;0.861545,0.482614,-0.146308,-0.058463
0.785958,-0.383887,0.229437;0.853965,0.494749,-0.153003,-0.0505687
0.783362,-0.393941,0.229903;0.846119,0.50673,-0.159651,-0.0426587
0.780895,-0.40429,0.230851;0.838008,0.518553,-0.166248,-0.0347354
0.778556,-0.414883,0.232249;0.829637,0.530214,-0.172794,-0.0268012
0.776342,-0.425668,0.234062;0.821007,0.54171,-0.179286,-0.0188587
0.774476,-0.435375,0.235997;0.81312,0.551786,-0.185009,-0.0117937
0.772707,-0.445158,0.23821;0.805033,0.561727,-0.190687,-0.00472576
0.771031,-0.454979,0.240678;0.796748,0.571529,-0.196319,0.00234334
0.769448,-0.464803,0.243379;0.788267,0.581191,-0.201901,0.00941186
0.767956,-0.474594,0.246288;0.779591,0.590709,-0.207434,0.0164781
0.766544,-0.484379,0.249402;0.762579,0.609375,-0.21697,0.00774604
0.765188,-0.494336,0.252779;0.743983,0.628527,-0.226799,-0.00212184
0.763924,-0.504186,0.25632;0.724713,0.64711,-0.236422,-0.0119878
0.762751,-0.513912,0.260008;0.704786,0.665107,-0.245831,-0.0218429
0.761666,-0.523498,0.263827;0.68422,0.6825,-0.255016,-0.0316782
0.760669,-0.532927,0.26776;0.663034,0.699274,-0.263971,-0.0414847
0.759758,-0.542184,0.271791;0.641246,0.715415,-0.272686,-0.0512537
0.758871,-0.55194,0.276222;0.617134,0.732071,-0.281795,-0.0617219
0.758079,-0.561457,0.280726;0.592372,0.747958,-0.290608,-0.0721251
0.75738,-0.570713,0.285283;0.566987,0.763058,-0.299115,-0.0824526
0.756773,-0.579689,0.289871;0.541006,0.777356,-0.307308,-0.0926934
0.756222,-0.588971,0.294798;0.512539,0.791768,-0.315727,-0.103557
0.75577,-0.597882,0.299712;0.483454,0.805224,-0.323765,-0.114296
0.755396,-0.606951,0.30491;0.451787,0.818505,-0.331908,-0.125598
0.75513,-0.615538,0.310034;0.419499,0.830663,-0.339595,-0.136728
0.754962,-0.624102,0.31536;0.384564,0.84233,-0.347251,-0.148348
0.754909,-0.632499,0.320829;0.346925,0.85326,-0.354771,-0.1604
0.754995,-0.640969,0.326644;0.304399,0.863664,-0.362402,-0.173463
0.75526,-0.649172,0.332655;0.25687,0.872968,-0.369899,-0.187401
0.755767,-0.65698,0.338896;0.202058,0.880789,-0.37725,-0.202648
0.756718,-0.664444,0.345786;0.130934,0.886488,-0.384812,-0.221166
0.758928,-0.669924,0.353751;0.0140005,0.885365,-0.39258,-0.248625
0.763038,-0.662674,0.356499;-0.143421,0.863626,-0.394046,-0.279836
0.765288,-0.653145,0.354072;-0.214378,0.846087,-0.391266,-0.291701
0.76703,-0.643692,0.350701;-0.264674,0.830604,-0.38794,-0.299244
0.768555,-0.634063,0.346775;-0.305275,0.821466,-0.383333,-0.291646
0.769875,-0.624844,0.342752;-0.338126,0.816329,-0.378255,-0.276046
0.771084,-0.61579,0.338664;-0.366938,0.81082,-0.373304,-0.26186
0.772246,-0.606608,0.334438;-0.393588,0.804856,-0.368294,-0.248302
0.773358,-0.597462,0.330189;-0.418123,0.798597,-0.363302,-0.235433
0.774493,-0.58779,0.32568;-0.44231,0.791672,-0.358006,-0.222369
0.775569,-0.578361,0.321288;-0.464441,0.784653,-0.352823,-0.210072
0.776581,-0.569296,0.317082;-0.484573,0.777675,-0.347813,-0.198587
0.77761,-0.559902,0.312753;-0.50441,0.770221,-0.342591,-0.186981
0.778656,-0.550197,0.308322;-0.523939,0.762296,-0.33716,-0.17526
0.779629,-0.541042,0.304187;-0.541559,0.754622,-0.332,-0.164422
0.780617,-0.531655,0.300001;-0.558901,0.746561,-0.32667,-0.1535
0.781618,-0.522048,0.295777;-0.575957,0.738117,-0.321172,-0.142498
0.782633,-0.512236,0.291534;-0.592716,0.729294,-0.315509,-0.131424
0.783661,-0.502232,0.287287;-0.609171,0.720096,-0.309684,-0.120282
0.784607,-0.492982,0.283436;-0.623859,0.711414,-0.30425,-0.110099
0.785564,-0.483596,0.279607;-0.638283,0.702429,-0.298688,-0.0998697
0.786532,-0.474083,0.275812;-0.652435,0.693147,-0.292998,-0.0895978
0.78751,-0.464454,0.272064;-0.666311,0.68357,-0.287185,-0.0792879
0.788499,-0.454719,0.268374;-0.679904,0.673704,-0.281249,-0.0689443
0.789498,-0.444888,0.264755;-0.693208,0.663551,-0.275195,-0.0585715
0.790507,-0.434972,0.261219;-0.706218,0.653117,-0.269023,-0.0481739
0.791526,-0.424981,0.257778;-0.718929,0.642406,-0.262737,-0.0377558
0.792555,-0.414925,0.254444;-0.731334,0.631422,-0.25634,-0.0273217
0.793594,-0.404815,0.251229;-0.74343,0.62017,-0.249834,-0.016876
0.794642,-0.39466,0.248145;-0.755209,0.608655,-0.243222,-0.00642307
0.7957,-0.384472,0.245205;-0.766668,0.596882,-0.236507,0.00403253
0.796768,-0.37426,0.24242;-0.777802,0.584855,-0.229691,0.0144864
0.797844,-0.364035,0.239803;-0.788606,0.572581,-0.222778,0.0249342
0.79893,-0.353807,0.237366;-0.799075,0.560063,-0.21577,0.0353713
0.800025,-0.343586,0.23512;-0.809206,0.547308,-0.208671,0.0457935
0.801128,-0.333383,0.233079;-0.818992,0.53432,-0.201483,0.0561962
0.802241,-0.323208,0.231254;-0.828432,0.521106,-0.19421,0.0665751
0.803361,-0.313071,0.229658;-0.837519,0.50767,-0.186855,0.0769257
0.804491,-0.302982,0.228301;-0.846252,0.49402,-0.17942,0.0872437
0.805628,-0.292953,0.227198;-0.854625,0.480159,-0.171909,0.0975246
0.806774,-0.282992,0.226359;-0.862635,0.466095,-0.164325,0.107764
0.808044,-0.272128,0.225756;-0.871024,0.450396,-0.155902,0.118975
0.809323,-0.261374,0.225505;-0.878966,0.434466,-0.147399,0.130124
0.810612,-0.250743,0.225621;-0.886456,0.418313,-0.13882,0.141207
0.81191,-0.240249,0.22612;-0.893491,0.401945,-0.130171,0.152217
0.813217,-0.229906,0.227019;-0.900067,0.385371,-0.121454,0.163149
0.814532,-0.219728,0.228333;-0.906181,0.368598,-0.112675,0.173997
0.815857,-0.209728,0.23008;-0.91183,0.351637,-0.103838,0.184756
0.81719,-0.199921,0.232274;-0.917011,0.334495,-0.094948,0.19542
0.818531,-0.190319,0.234933;-0.921721,0.317181,-0.086009,0.205984
0.820004,-0.180095,0.238381;-0.926319,0.298108,-0.0762073,0.217387
0.821486,-0.17015,0.242422;-0.930351,0.278853,-0.066359,0.228657
0.822978,-0.160502,0.247077;-0.933815,0.259427,-0.0564701,0.239788
0.824478,-0.151169,0.252366;-0.936708,0.239843,-0.0465467,0.250772
0.825988,-0.142168,0.25831;-0.939029,0.220112,-0.0365949,0.261603
0.827379,-0.134224,0.264352;-0.940652,0.201907,-0.0274526,0.271391
0.828803,-0.126452,0.271106;-0.941984,0.182948,-0.0182092,0.280828
0.830176,-0.119302,0.278165;-0.944514,0.161495,-0.0101369,0.285848
0.831554,-0.112454,0.285764;-0.946519,0.139951,-0.00205902,0.290709
0.832935,-0.105903,0.293874;-0.947996,0.118329,0.00602002,0.295408
0.834319,-0.0996447,0.302467;-0.948945,0.096642,0.0140957,0.299943
0.835704,-0.0936751,0.311512;-0.949365,0.0749008,0.0221636,0.30431
0.836962,-0.0884949,0.320104;-0.949288,0.0550995,0.0294874,0.308133
0.838218,-0.0835462,0.329024;-0.948775,0.0352728,0.0367976,0.311815
0.839471,-0.0788258,0.338249;-0.947824,0.0154299,0.0440909,0.315353
0.840721,-0.0743304,0.347759;-0.946437,-0.00442008,0.0513639,0.318745
0.841965,-0.0700567,0.357532;-0.944615,-0.0242681,0.0586132,0.321991
0.843204,-0.0660014,0.367544;-0.942357,-0.0441048,0.0658356,0.325089
0.844435,-0.0621613,0.377775;-0.939666,-0.0639213,0.0730277,0.328037
0.845659,-0.058533,0.388202;-0.936542,-0.0837084,0.0801861,0.330834
0.846752,-0.0554461,0.397735;-0.933362,-0.101484,0.0865972,0.333222
0.847836,-0.0525256,0.407394;-0.929834,-0.119222,0.0929761,0.335485
0.848912,-0.0497694,0.417162;-0.925959,-0.136915,0.0993202,0.337622
0.849977,-0.047175,0.427023;-0.921739,-0.154558,0.105627,0.339634
0.851032,-0.0447399,0.436961;-0.917175,-0.172142,0.111895,0.34152
0.852076,-0.0424619,0.446961;-0.91227,-0.189663,0.118121,0.343278
0.853107,-0.0403385,0.457005;-0.907024,-0.207113,0.124303,0.344908
0.854125,-0.0383673,0.467078;-0.901439,-0.224485,0.130439,0.346409
0.855129,-0.036546,0.477164;-0.895519,-0.241774,0.136526,0.347781
0.856119,-0.0348721,0.487247;-0.889265,-0.258973,0.142562,0.349024
0.857093,-0.0333433,0.49731;-0.882679,-0.276075,0.148545,0.350136
0.858051,-0.0319571,0.507339;-0.875764,-0.293074,0.154472,0.351118
0.858992,-0.0307112,0.517317;-0.868522,-0.309964,0.160342,0.351969
0.859915,-0.0296032,0.527227;-0.860957,-0.326738,0.166152,0.352688
0.860919,-0.0285309,0.53814;-0.852174,-0.345233,0.172535,0.353334
0.861899,-0.0276226,0.548928;-0.843,-0.363569,0.178839,0.353816
0.862854,-0.0268751,0.55957;-0.833437,-0.381738,0.18506,0.354136
0.863783,-0.026285,0.570043;-0.82349,-0.399731,0.191196,0.354293
0.864684,-0.025849,0.580325;-0.813165,-0.417539,0.197244,0.354286
0.865557,-0.025564,0.590395;-0.802465,-0.435156,0.203201,0.354117
0.866483,-0.0254208,0.6012;-0.790268,-0.454303,0.209646,0.353742
0.867372,-0.0254518,0.611691;-0.777632,-0.473196,0.215974,0.35317
0.868223,-0.0256527,0.621841;-0.764562,-0.491826,0.222181,0.352402
0.869105,-0.0260605,0.632488;-0.749819,-0.511837,0.228812,0.35134
0.869938,-0.0266597,0.642654;-0.734578,-0.531509,0.235291,0.350045
0.870782,-0.027518,0.653082;-0.717518,-0.552422,0.242134,0.34838
0.871621,-0.0286778,0.663576;-0.698523,-0.574462,0.249292,0.346284
0.872436,-0.0301814,0.673906;-0.677471,-0.597501,0.256712,0.343692
0.873206,-0.0320705,0.683801;-0.654243,-0.621394,0.264334,0.340534
0.87398,-0.0346781,0.693924;-0.625661,-0.648812,0.272979,0.336264
0.874704,-0.0383334,0.703607;-0.589675,-0.680557,0.282836,0.330348
0.875289,-0.0440574,0.711757;-0.538917,-0.720708,0.295027,0.321104
0.875301,-0.053344,0.712613;-0.464615,-0.771088,0.309768,0.305941
0.874745,-0.0603734,0.705546;-0.412232,-0.801387,0.318228,0.294236
0.874081,-0.0655317,0.696755;-0.375164,-0.820481,0.323346,0.285498
0.873394,-0.0697346,0.687507;-0.380523,-0.817936,0.318683,0.290901
0.872664,-0.0735884,0.677617;-0.399428,-0.808311,0.310913,0.300706
0.871962,-0.0769559,0.668092;-0.415235,-0.799783,0.30419,0.30886
0.871259,-0.0801122,0.65857;-0.42945,-0.79173,0.297964,0.316156
0.870497,-0.0833674,0.648277;-0.44351,-0.783391,0.291631,0.323339
0.869761,-0.0863887,0.638395;-0.456028,-0.775647,0.285842,0.329704
0.868981,-0.0895032,0.627963;-0.468414,-0.767676,0.27997,0.335973
0.868251,-0.0923548,0.618258;-0.479309,-0.760404,0.274682,0.341464
0.867487,-0.0952892,0.608171;-0.490094,-0.752958,0.26933,0.346877
0.866692,-0.0983106,0.597729;-0.500767,-0.745338,0.263917,0.35221
0.865866,-0.101423,0.586955;-0.511325,-0.737547,0.258444,0.357461
0.865119,-0.104226,0.577276;-0.520466,-0.730591,0.253605,0.36199
0.864349,-0.107104,0.567379;-0.529516,-0.723506,0.248722,0.366454
0.863558,-0.110061,0.557281;-0.538473,-0.716294,0.243796,0.370854
0.862747,-0.1131,0.546998;-0.547335,-0.708957,0.238826,0.375189
0.861916,-0.116224,0.536548;-0.556101,-0.701494,0.233815,0.379457
0.861065,-0.119436,0.525947;-0.56477,-0.693908,0.228762,0.38366
0.860197,-0.122738,0.515211;-0.573338,-0.6862,0.223669,0.387794
0.85931,-0.126134,0.504358;-0.581806,-0.678372,0.218537,0.39186
0.858407,-0.129626,0.493404;-0.590172,-0.670424,0.213366,0.395858
0.857488,-0.133217,0.482366;-0.598434,-0.662358,0.208158,0.399786
0.856687,-0.136377,0.472851;-0.605432,-0.655352,0.203665,0.403097
0.855876,-0.139613,0.463297;-0.612352,-0.648261,0.199145,0.406355
0.855054,-0.142928,0.453714;-0.619192,-0.641086,0.1946,0.409561
0.854223,-0.146324,0.444113;-0.625953,-0.633829,0.190029,0.412715
0.853382,-0.149801,0.434505;-0.632632,-0.626489,0.185434,0.415815
0.852532,-0.153363,0.424899;-0.63923,-0.619069,0.180815,0.418861
0.851673,-0.157011,0.415308;-0.645746,-0.611568,0.176173,0.421853
0.850807,-0.160747,0.40574;-0.652178,-0.603989,0.171508,0.424791
0.849932,-0.164572,0.396207;-0.658525,-0.596331,0.16682,0.427673
0.849051,-0.168489,0.38672;-0.664788,-0.588597,0.162112,0.430501
0.848163,-0.172498,0.377288;-0.670965,-0.580786,0.157382,0.433272
0.847269,-0.176603,0.367922;-0.677054,-0.572901,0.152632,0.435988
0.846369,-0.180805,0.358633;-0.683057,-0.564941,0.147862,0.438648
0.845464,-0.185105,0.349431;-0.688971,-0.556908,0.143073,0.441251
0.844554,-0.189506,0.340327;-0.694796,-0.548804,0.138265,0.443796
0.84364,-0.194009,0.331332;-0.700532,-0.540628,0.13344,0.446285
0.842721,-0.198617,0.322455;-0.706177,-0.532383,0.128597,0.448716
0.841646,-0.204126,0.312263;-0.712647,-0.522676,0.122927,0.451478
0.840567,-0.209782,0.302264;-0.718992,-0.512878,0.117235,0.454162
0.839484,-0.215588,0.292474;-0.725211,-0.502989,0.111522,0.456765
0.838399,-0.221547,0.28291;-0.731302,-0.493012,0.105789,0.459288
0.837313,-0.227662,0.27359;-0.737264,-0.482949,0.100038,0.46173
0.836226,-0.233936,0.264529;-0.743097,-0.4728,0.0942695,0.464091
0.835138,-0.240371,0.255744;-0.748799,-0.462568,0.0884843,0.466371
0.834051,-0.24697,0.247252;-0.754369,-0.452255,0.0826835,0.468568
0.832965,-0.253737,0.239071;-0.759807,-0.441862,0.0768681,0.470683
0.831882,-0.260674,0.231215;-0.765111,-0.431392,0.0710393,0.472715
0.830801,-0.267784,0.223703;-0.770281,-0.420845,0.0651979,0.474664
0.829723,-0.27507,0.21655;-0.775315,-0.410225,0.0593451,0.47653
0.82865,-0.282534,0.209775;-0.780212,-0.399533,0.0534818,0.478312
0.827582,-0.290181,0.203392;-0.784973,-0.38877,0.0476091,0.480009
0.826368,-0.299146,0.196601;-0.790244,-0.376386,0.0408873,0.481846
0.825164,-0.308356,0.19037;-0.795334,-0.363916,0.0341561,0.483572
0.823968,-0.317817,0.184725;-0.800241,-0.351362,0.0274171,0.485187
0.822784,-0.327531,0.17969;-0.804965,-0.338727,0.0206717,0.486691
0.821611,-0.337504,0.17529;-0.809503,-0.326015,0.0139216,0.488083
0.820452,-0.347739,0.171551;-0.813856,-0.313227,0.00716833,0.489363
0.819307,-0.358241,0.168497;-0.818022,-0.300368,0.000413389,0.49053
0.818177,-0.369015,0.166152;-0.821999,-0.28744,-0.00634165,0.491584
0.817063,-0.380064,0.164543;-0.825788,-0.274445,-0.0130952,0.492526
0.815967,-0.391393,0.163694;-0.829387,-0.261388,-0.0198458,0.493355
0.815023,-0.401539,0.163595;-0.832381,-0.249914,-0.0257489,0.493987
0.814093,-0.411906,0.164112;-0.835227,-0.238395,-0.0316474,0.494532
0.81318,-0.422496,0.165265;-0.837927,-0.226835,-0.0375404,0.49499
0.812283,-0.433312,0.167068;-0.840479,-0.215234,-0.0434267,0.495361
0.811403,-0.444357,0.169539;-0.842884,-0.203596,-0.0493055,0.495645
0.810664,-0.454009,0.172202;-0.844827,-0.193592,-0.0543375,0.495819
0.809937,-0.463833,0.175378;-0.846661,-0.183563,-0.0593625,0.495929
0.809225,-0.473832,0.179077;-0.848386,-0.17351,-0.0643799,0.495975
0.808528,-0.484006,0.183312;-0.850001,-0.163435,-0.0693889,0.495957
0.807845,-0.494358,0.188091;-0.851506,-0.153338,-0.074389,0.495875
0.807178,-0.50489,0.193426;-0.852901,-0.143222,-0.0793795,0.495728
0.806634,-0.513805,0.198304;-0.853979,-0.134778,-0.0835304,0.495558
0.806102,-0.522846,0.20358;-0.854981,-0.126321,-0.0876738,0.495342
0.805581,-0.532016,0.209263;-0.855906,-0.117853,-0.0918093,0.495082
0.805073,-0.541315,0.215356;-0.856754,-0.109375,-0.0959367,0.494778
0.804576,-0.550745,0.221867;-0.857526,-0.100887,-0.100055,0.49443
0.804092,-0.560305,0.228802;-0.85822,-0.0923896,-0.104165,0.494037
0.80362,-0.569998,0.236166;-0.858837,-0.0838841,-0.108265,0.493599
0.803253,-0.577848,0.242371;-0.859276,-0.0770742,-0.111539,0.493218
