0.91394,-0.135621,0.363499;-0.0717313,0.809331,0.0441618,-0.581281
0.914568,-0.146807,0.364027;-0.0570693,0.812574,0.0465079,-0.578189
0.915149,-0.157735,0.364654;-0.0423936,0.815622,0.0488427,-0.574959
0.915683,-0.168407,0.365378;-0.0277076,0.818473,0.0511658,-0.57159
0.916172,-0.178825,0.366197;-0.0130151,0.821128,0.0534766,-0.568084
0.916615,-0.188992,0.367111;0.00168064,0.823585,0.0557746,-0.564442
0.917068,-0.200306,0.368268;0.018475,0.82615,0.0583843,-0.560112
0.917463,-0.211298,0.369544;0.0352636,0.828456,0.0609757,-0.555607
0.917801,-0.221972,0.370937;0.0520411,0.830502,0.063548,-0.550927
0.918085,-0.23233,0.372444;0.0688023,0.832286,0.0661003,-0.546074
0.918314,-0.242377,0.374064;0.0855418,0.833809,0.0686318,-0.541049
0.918508,-0.253311,0.376018;0.104341,0.83521,0.071454,-0.535194
0.918636,-0.26386,0.378108;0.1231,0.836278,0.0742477,-0.529125
0.918699,-0.274027,0.380331;0.141809,0.837013,0.0770119,-0.522846
0.918698,-0.283819,0.382685;0.160461,0.837416,0.0797455,-0.516359
0.918625,-0.294264,0.385449;0.181112,0.837473,0.0827456,-0.508911
0.918476,-0.304257,0.388366;0.201673,0.837119,0.085705,-0.501213
0.918255,-0.313805,0.391431;0.222135,0.836354,0.0886224,-0.493268
0.917929,-0.323802,0.394969;0.244517,0.835038,0.0917812,-0.48425
0.91752,-0.333277,0.398676;0.266754,0.833227,0.0948855,-0.474944
0.916981,-0.34303,0.402905;0.290831,0.830686,0.0982077,-0.464471
0.916349,-0.352183,0.407322;0.314703,0.827558,0.10146,-0.453669
0.915563,-0.361437,0.412309;0.340312,0.823509,0.104903,-0.441606
0.914675,-0.370015,0.417498;0.365639,0.818777,0.108259,-0.429176
0.913609,-0.378516,0.4233;0.392575,0.812921,0.111772,-0.415392
0.912348,-0.386794,0.429751;0.421015,0.80578,0.115417,-0.400181
0.910969,-0.394236,0.436429;0.448989,0.797748,0.118935,-0.384527
0.909376,-0.401278,0.443789;0.478281,0.78821,0.122542,-0.367362
0.907552,-0.407776,0.451855;0.508745,0.776991,0.126206,-0.348619
0.905604,-0.413291,0.460156;0.538487,0.76467,0.12969,-0.329382
0.903414,-0.418097,0.469177;0.569145,0.750442,0.133179,-0.308504
0.901104,-0.421876,0.478413;0.598897,0.73502,0.136456,-0.287135
0.898687,-0.424667,0.487839;0.627698,0.71843,0.139516,-0.26531
0.896171,-0.426509,0.497429;0.6555,0.700697,0.142355,-0.243063
0.893569,-0.42744,0.50716;0.682259,0.681849,0.144967,-0.220429
0.890891,-0.427499,0.517007;0.707933,0.661917,0.147348,-0.197445
0.888148,-0.426724,0.526945;0.732482,0.640932,0.149495,-0.174147
0.88535,-0.425154,0.536949;0.755866,0.618928,0.151404,-0.150572
0.882668,-0.422976,0.546435;0.776847,0.597242,0.152986,-0.128086
0.879957,-0.420156,0.555938;0.796726,0.574709,0.154351,-0.105418
0.877225,-0.416725,0.565437;0.815475,0.551361,0.155497,-0.0826007
0.874643,-0.412968,0.574354;0.832065,0.52867,0.156374,-0.0610179
0.87206,-0.408727,0.583231;0.847609,0.505316,0.157055,-0.0393586
0.869481,-0.404029,0.59205;0.862088,0.481326,0.157538,-0.0176497
0.866916,-0.3989,0.600796;0.875483,0.456732,0.157824,0.00408131
0.864371,-0.393367,0.609449;0.887779,0.431563,0.157911,0.0258072
0.862011,-0.387839,0.617462;0.898293,0.407475,0.157812,0.0461463
0.859682,-0.382001,0.625366;0.907815,0.382936,0.157539,0.0664344
0.85739,-0.375878,0.633144;0.916334,0.357975,0.157092,0.0866492
0.855142,-0.369491,0.640784;0.923841,0.332618,0.156472,0.106768
0.852952,-0.362885,0.648245;0.923031,0.336106,0.152423,0.108694
0.850831,-0.356108,0.655489;0.917414,0.356221,0.14642,0.100102
0.848765,-0.349121,0.662566;0.911296,0.376141,0.140336,0.0914562
0.846758,-0.341933,0.669469;0.90468,0.395856,0.134176,0.0827601
0.84481,-0.334558,0.676191;0.89757,0.415355,0.127943,0.0740189
0.842926,-0.327004,0.682726;0.889971,0.434627,0.121639,0.0652372
0.841107,-0.319283,0.689065;0.881885,0.453661,0.11527,0.0564199
0.839356,-0.311406,0.695203;0.873318,0.472448,0.108837,0.0475718
0.837675,-0.303384,0.701132;0.864274,0.490977,0.102345,0.0386978
0.836068,-0.295227,0.706844;0.854758,0.509238,0.0957971,0.0298026
0.834536,-0.286946,0.712333;0.844775,0.527221,0.0891969,0.0208911
0.833082,-0.278552,0.717591;0.834331,0.544916,0.082548,0.0119682
0.831588,-0.269279,0.723057;0.822419,0.56388,0.0752433,0.00222691
0.830194,-0.259899,0.728231;0.809972,0.582478,0.0678898,-0.00751586
0.828902,-0.250426,0.733104;0.796998,0.600697,0.0604921,-0.0172538
0.827716,-0.240873,0.737666;0.783507,0.618526,0.0530552,-0.0269804
0.826639,-0.231255,0.74191;0.769506,0.635953,0.0455837,-0.0366896
0.825674,-0.221585,0.745824;0.755006,0.652966,0.0380827,-0.0463749
0.824825,-0.211879,0.749401;0.740015,0.669556,0.0305569,-0.0560301
0.824096,-0.202149,0.752631;0.724543,0.68571,0.0230112,-0.0656488
0.823488,-0.192411,0.755505;0.7086,0.701419,0.0154506,-0.0752249
0.823006,-0.182677,0.758013;0.692197,0.716672,0.00787999,-0.0847522
0.82263,-0.172155,0.760308;0.67392,0.73267,-0.000327173,-0.095011
0.822409,-0.161673,0.762151;0.655129,0.748109,-0.00853408,-0.105197
0.822347,-0.151249,0.763531;0.635838,0.762978,-0.0167345,-0.115303
0.82245,-0.140901,0.764437;0.616062,0.777265,-0.0249221,-0.125322
0.82272,-0.130647,0.764856;0.595816,0.790959,-0.0330908,-0.135244
0.823163,-0.120505,0.764777;0.575116,0.804051,-0.0412342,-0.145064
0.823782,-0.110492,0.764188;0.553978,0.816529,-0.0493461,-0.154773
0.82465,-0.0998753,0.76297;0.530741,0.82927,-0.0580398,-0.165096
0.825733,-0.0894519,0.761133;0.507035,0.841277,-0.0666822,-0.175274
0.827037,-0.0792443,0.758663;0.482881,0.852541,-0.0752655,-0.185296
0.828565,-0.0692749,0.755543;0.4583,0.863051,-0.0837823,-0.195155
0.830323,-0.0595661,0.75176;0.433313,0.872797,-0.0922251,-0.204841
0.832317,-0.05014,0.7473;0.407943,0.881772,-0.100586,-0.214346
0.834552,-0.0410192,0.742147;0.382212,0.889966,-0.108858,-0.223661
0.836848,-0.0328426,0.736729;0.358016,0.896871,-0.116454,-0.232134
0.839359,-0.0249662,0.730691;0.333547,0.903091,-0.12396,-0.24043
0.842092,-0.017408,0.724019;0.308823,0.908623,-0.131372,-0.248542
0.844942,-0.0104283,0.716968;0.294484,0.912845,-0.127196,-0.252614
0.848204,-0.00332513,0.708812;0.284285,0.916816,-0.116711,-0.254971
0.851231,0.00260439,0.70118;0.275305,0.920113,-0.107514,-0.256984
0.854406,0.00827366,0.693125;0.266277,0.923244,-0.098297,-0.258951
0.857717,0.0136888,0.684682;0.2572,0.926209,-0.0890628,-0.260871
0.861151,0.018856,0.675888;0.248077,0.929007,-0.0798125,-0.262744
0.864697,0.0237813,0.666779;0.238909,0.931638,-0.0705479,-0.26457
0.86834,0.028471,0.657391;0.229698,0.9341,-0.0612706,-0.266348
0.87207,0.0329311,0.647761;0.220446,0.936395,-0.0519822,-0.268078
0.875874,0.0371677,0.637924;0.211154,0.938521,-0.0426844,-0.26976
0.879738,0.0411871,0.627916;0.201824,0.940478,-0.033379,-0.271393
0.883652,0.0449953,0.617775;0.192457,0.942266,-0.0240675,-0.272977
0.887602,0.0485985,0.607535;0.183056,0.943883,-0.0147517,-0.274513
0.891575,0.0520029,0.597234;0.173622,0.945331,-0.0054333,-0.275999
0.895561,0.0552145,0.586908;0.164157,0.946608,0.00388612,-0.277435
0.899545,0.0582395,0.576592;0.154662,0.947715,0.0132048,-0.278821
0.903516,0.061084,0.566323;0.145139,0.948652,0.0225212,-0.280157
0.907461,0.0637542,0.556136;0.13559,0.949417,0.0318335,-0.281442
0.911368,0.0662562,0.54607;0.126017,0.950011,0.04114,-0.282677
0.915224,0.0685962,0.536158;0.116421,0.950434,0.0504392,-0.28386
0.919018,0.0707803,0.526438;0.106804,0.950686,0.0597292,-0.284993
0.922735,0.0728146,0.516946;0.0971679,0.950767,0.0690085,-0.286074
0.926365,0.0747053,0.507718;0.0875142,0.950676,0.0782754,-0.287104
0.93039,0.076698,0.497542;0.0764622,0.950363,0.0888487,-0.288218
0.934265,0.0785203,0.487811;0.0653922,0.949826,0.0994012,-0.289263
0.937973,0.0801814,0.478581;0.0543068,0.949066,0.10993,-0.290241
0.941919,0.0818687,0.468862;0.0418206,0.947944,0.121744,-0.291259
0.945995,0.0835336,0.45898;0.0279326,0.946366,0.134828,-0.292289
0.95006,0.0851305,0.449344;0.0126442,0.944228,0.149164,-0.293297
0.954236,0.0867325,0.439813;-0.00543071,0.941161,0.166019,-0.294321
0.958544,0.0884238,0.43075;-0.0290603,0.936267,0.187904,-0.295384
0.962477,0.091211,0.428274;-0.0883526,0.919559,0.24206,-0.296668
0.96049,0.0920589,0.438207;-0.0132137,0.934881,0.225349,-0.273935
0.957979,0.0925241,0.448088;0.0356037,0.941487,0.213698,-0.258202
0.95522,0.0928731,0.458117;0.0762143,0.944971,0.203528,-0.244535
0.952434,0.0931489,0.467778;0.110619,0.946483,0.19457,-0.232541
0.949468,0.0933959,0.477718;0.142859,0.946687,0.185889,-0.220953
0.946406,0.0936201,0.487697;0.172922,0.945804,0.177539,-0.209839
0.94332,0.0938261,0.497518;0.200811,0.944043,0.16957,-0.199257
0.940029,0.0940321,0.507765;0.228508,0.94138,0.161438,-0.188485
0.936803,0.0942257,0.517606;0.254031,0.9381,0.153749,-0.178321
0.933426,0.094424,0.527708;0.279344,0.934047,0.145933,-0.168009
0.930187,0.0946131,0.537224;0.302507,0.929622,0.138612,-0.158368
0.926839,0.09481,0.54688;0.325456,0.924543,0.131193,-0.148615
0.923392,0.0950164,0.556637;0.348178,0.918815,0.123682,-0.138758
0.919858,0.0952341,0.566457;0.370654,0.912442,0.116084,-0.128803
0.916244,0.0954649,0.576299;0.39287,0.905427,0.108404,-0.118758
0.912562,0.0957107,0.586123;0.41481,0.897776,0.100648,-0.10863
0.90882,0.0959732,0.595891;0.436459,0.889494,0.0928217,-0.0984248
0.905029,0.0962543,0.605563;0.457801,0.880588,0.0849299,-0.0881507
0.901198,0.0965557,0.615098;0.478821,0.871062,0.0769785,-0.0778148
0.897338,0.0968792,0.624458;0.499505,0.860925,0.068973,-0.0674241
0.893133,0.0972568,0.634354;0.521516,0.84926,0.0602459,-0.0561143
0.888917,0.0976649,0.643947;0.543097,0.836895,0.0514691,-0.0447583
0.884703,0.0981056,0.653187;0.56423,0.82384,0.0426499,-0.0333653
0.88018,0.0986194,0.662686;0.586468,0.809021,0.0331131,-0.0210655
0.875689,0.0991767,0.671653;0.608144,0.793429,0.0235446,-0.00874553
0.870929,0.0998252,0.680601;0.630724,0.775881,0.013268,0.00446342
0.865933,0.10058,0.689308;0.654045,0.756225,0.00229044,0.0185472
0.86044,0.101511,0.697954;0.679303,0.732984,-0.010062,0.0343629
0.854535,0.102655,0.705979;0.706106,0.705804,-0.0237675,0.0518711
0.847514,0.104259,0.713395;0.737667,0.669897,-0.040831,0.07361
0.838998,0.1067,0.718169;0.775868,0.619392,-0.0631557,0.101951
0.830296,0.110105,0.715411;0.815687,0.555485,-0.0890978,0.134735
0.824975,0.113023,0.706889;0.816949,0.552174,-0.0657318,0.152895
0.821725,0.115353,0.697674;0.811451,0.5594,-0.0396905,0.164448
0.819239,0.117545,0.687996;0.806161,0.565196,-0.0173403,0.174233
0.817167,0.119734,0.677882;0.800846,0.570183,0.00315779,0.183103
0.815425,0.121886,0.667805;0.795631,0.574444,0.0217912,0.191078
0.813953,0.123966,0.658126;0.790627,0.578054,0.038553,0.198182
0.812554,0.126191,0.647966;0.785331,0.581451,0.0553005,0.205212
0.811208,0.128571,0.637418;0.779744,0.584633,0.0720277,0.212167
0.809899,0.131114,0.626577;0.77387,0.587599,0.0887282,0.219043
0.808751,0.13352,0.61677;0.768408,0.590054,0.103546,0.225087
0.807605,0.136068,0.606869;0.762722,0.592336,0.118333,0.231066
0.806449,0.138766,0.596941;0.756813,0.594445,0.133086,0.236977
0.805271,0.14162,0.587052;0.750683,0.59638,0.1478,0.242819
0.804057,0.144637,0.577267;0.744334,0.598142,0.162471,0.24859
0.802795,0.147822,0.567652;0.737767,0.599728,0.177094,0.254289
0.801473,0.151183,0.558271;0.730986,0.60114,0.191666,0.259913
0.799898,0.155181,0.548082;0.723101,0.602519,0.207992,0.266149
0.798213,0.159418,0.538366;0.71495,0.603674,0.224241,0.272288
0.7964,0.163905,0.529218;0.706534,0.604607,0.240407,0.278325
0.794215,0.169192,0.519833;0.696877,0.605381,0.258265,0.284913
0.791826,0.17481,0.511392;0.686902,0.605879,0.276005,0.29137
0.788933,0.181386,0.50335;0.675568,0.606108,0.295374,0.29832
0.785732,0.188395,0.496777;0.663861,0.606002,0.31458,0.305105
0.781849,0.196554,0.491481;0.650672,0.605505,0.335333,0.312315
0.777518,0.205269,0.488356;0.637056,0.604611,0.355866,0.31932
0.772696,0.214563,0.487625;0.623021,0.603319,0.376165,0.326115
0.767809,0.223608,0.489246;0.609796,0.601787,0.394555,0.332155
0.762951,0.232283,0.492769;0.597481,0.600105,0.411086,0.337488
0.75822,0.240468,0.497718;0.586165,0.598358,0.425803,0.342156
0.753713,0.248053,0.503611;0.575924,0.596619,0.438753,0.346199
0.749527,0.254933,0.509974;0.566825,0.594955,0.449979,0.349653
0.745107,0.262046,0.517509;0.557599,0.593158,0.461104,0.35303
0.741124,0.26833,0.524934;0.549592,0.591512,0.470559,0.355861
0.736957,0.27479,0.53328;0.541494,0.589769,0.479936,0.358634
0.733341,0.280311,0.540958;0.534679,0.588242,0.48769,0.3609
0.72959,0.285957,0.549312;0.527802,0.586648,0.495388,0.363125
0.725701,0.291731,0.558356;0.520865,0.584988,0.50303,0.365308
0.721671,0.297634,0.568108;0.513869,0.58326,0.510615,0.367449
0.718345,0.30245,0.576429;0.508229,0.58183,0.516641,0.369133
0.714924,0.307351,0.58522;0.502553,0.580358,0.522629,0.370789
0.711409,0.312337,0.594491;0.49684,0.578843,0.528579,0.372418
0.707797,0.317409,0.60425;0.491091,0.577287,0.53449,0.37402
0.704086,0.322568,0.614503;0.485305,0.575688,0.540362,0.375594
0.700276,0.327814,0.625261;0.479485,0.574047,0.546195,0.377142
