0.709588,-0.0628531,0.568975;0.767348,0.292692,0.27869,0.497835
0.707358,-0.0720867,0.56148;0.769232,0.286081,0.274784,0.500932
0.705204,-0.0810963,0.554081;0.771061,0.27945,0.270858,0.503993
0.703128,-0.0898838,0.546776;0.772833,0.272799,0.266913,0.507018
0.701128,-0.0984508,0.539565;0.774551,0.266128,0.262948,0.510006
0.699203,-0.106799,0.532448;0.776212,0.259437,0.258965,0.512957
0.697353,-0.114931,0.525425;0.777817,0.252728,0.254963,0.515871
0.695577,-0.122847,0.518494;0.779366,0.246001,0.250942,0.518748
0.693874,-0.13055,0.511655;0.780859,0.239256,0.246903,0.521588
0.692244,-0.138041,0.504909;0.782296,0.232494,0.242847,0.52439
0.690307,-0.14711,0.496603;0.784013,0.224018,0.237752,0.527839
0.688482,-0.155854,0.48844;0.785641,0.215516,0.23263,0.531229
0.686766,-0.164277,0.480417;0.787181,0.206991,0.227481,0.534559
0.685158,-0.172383,0.472534;0.788632,0.198442,0.222308,0.537829
0.683657,-0.180174,0.46479;0.789994,0.18987,0.217109,0.541038
0.682262,-0.187655,0.457184;0.791267,0.181277,0.211885,0.544187
0.680971,-0.194828,0.449715;0.792451,0.172664,0.206638,0.547274
0.679783,-0.201697,0.442382;0.793546,0.164031,0.201368,0.550299
0.678492,-0.209544,0.43376;0.794742,0.153648,0.195013,0.553848
0.677344,-0.216963,0.425331;0.795809,0.143239,0.188627,0.557306
0.676338,-0.223962,0.417093;0.796747,0.132808,0.18221,0.560675
0.675471,-0.230546,0.409045;0.797555,0.122354,0.175764,0.563952
0.674741,-0.236721,0.401185;0.798234,0.111881,0.169289,0.567138
0.67406,-0.243415,0.392249;0.798863,0.0996399,0.161701,0.570739
0.673557,-0.249571,0.383565;0.799315,0.0873765,0.154077,0.574213
0.673231,-0.255196,0.375129;0.799591,0.0750938,0.146418,0.577561
0.673068,-0.260988,0.365789;0.79969,0.0610362,0.137627,0.581231
0.673124,-0.266115,0.356765;0.799558,0.0469611,0.128795,0.584733
0.673443,-0.271104,0.346988;0.799135,0.0311106,0.118816,0.588471
0.674023,-0.275288,0.337601;0.798419,0.0152487,0.108793,0.591995
0.674967,-0.279017,0.327623;0.797283,-0.00238186,0.0976094,0.595657
0.676355,-0.282032,0.317187;0.795618,-0.021774,0.0852574,0.599374
0.678095,-0.283945,0.307307;0.793519,-0.0411542,0.0728589,0.602765
0.680379,-0.284817,0.297151;0.790736,-0.0622703,0.0592882,0.60609
0.683286,-0.284385,0.286867;0.787142,-0.0851,0.0445434,0.609247
0.68662,-0.282579,0.277313;0.782948,-0.107865,0.0297647,0.611941
0.690356,-0.27946,0.268472;0.778159,-0.130548,0.0149634,0.614168
0.694472,-0.275089,0.260328;0.772776,-0.153131,0.000150673,0.615928
0.698944,-0.269524,0.252865;0.766806,-0.175598,-0.0146622,0.617219
0.703747,-0.262828,0.246065;0.760251,-0.197931,-0.0294639,0.61804
0.708454,-0.255694,0.240362;0.753687,-0.218413,-0.0431073,0.61838
0.713405,-0.247693,0.235197;0.746634,-0.238753,-0.0567227,0.618319
0.718141,-0.23964,0.230924;0.739742,-0.257262,-0.0691715,0.61791
0.723052,-0.230934,0.227082;0.732448,-0.275631,-0.0815825,0.617165
0.727656,-0.222486,0.223954;0.72547,-0.2922,-0.0928268,0.616195
0.732381,-0.213557,0.221167;0.718165,-0.308637,-0.104029,0.614948
0.737217,-0.204175,0.218712;0.710536,-0.324936,-0.115185,0.613423
0.741655,-0.195366,0.21678;0.703396,-0.339479,-0.125181,0.611815
0.746166,-0.186232,0.215106;0.696,-0.353898,-0.135131,0.609983
0.750743,-0.176793,0.213684;0.68835,-0.368189,-0.145032,0.607929
0.755376,-0.167069,0.212508;0.680448,-0.382345,-0.15488,0.605653
0.760059,-0.157081,0.211574;0.672298,-0.396361,-0.164671,0.603155
0.764257,-0.147996,0.210941;0.664848,-0.408699,-0.173324,0.600751
0.768482,-0.138731,0.21049;0.657206,-0.420919,-0.181927,0.598173
0.772728,-0.129301,0.210217;0.649374,-0.433017,-0.190478,0.595422
0.776991,-0.11972,0.210119;0.641355,-0.444991,-0.198973,0.5925
0.781264,-0.110001,0.210191;0.633151,-0.456836,-0.207412,0.589407
0.785542,-0.100159,0.21043;0.624764,-0.46855,-0.21579,0.586145
0.78982,-0.0902078,0.210831;0.616198,-0.480128,-0.224106,0.582713
0.794092,-0.0801613,0.211391;0.607453,-0.491568,-0.232358,0.579113
0.798352,-0.0700336,0.212105;0.598534,-0.502866,-0.240543,0.575346
0.802595,-0.0598389,0.212971;0.589441,-0.514019,-0.248658,0.571413
0.807022,-0.049087,0.214037;0.585774,-0.522801,-0.250275,0.566489
0.81094,-0.0394716,0.21512;0.587132,-0.528416,-0.246393,0.561553
0.814832,-0.0298251,0.216327;0.588448,-0.533993,-0.242493,0.556576
0.818697,-0.0201534,0.217655;0.589721,-0.539531,-0.238575,0.551558
0.822533,-0.0104623,0.219104;0.590951,-0.54503,-0.23464,0.5465
0.826337,-0.000757596,0.22067;0.592138,-0.550489,-0.230688,0.541403
0.830107,0.00895494,0.222353;0.593282,-0.555908,-0.226719,0.536266
0.833842,0.0186695,0.22415;0.594383,-0.561286,-0.222734,0.53109
0.837539,0.0283802,0.226059;0.595441,-0.566624,-0.218732,0.525875
0.841197,0.0380813,0.228079;0.596455,-0.57192,-0.214714,0.520622
0.844813,0.047767,0.230207;0.597425,-0.577175,-0.210681,0.515331
0.848385,0.0574314,0.232443;0.598352,-0.582388,-0.206632,0.510002
0.851911,0.0670687,0.234783;0.599236,-0.587558,-0.202569,0.504636
0.855389,0.0766732,0.237226;0.600076,-0.592685,-0.19849,0.499234
0.858818,0.086239,0.23977;0.600872,-0.59777,-0.194397,0.493795
0.862194,0.0957604,0.242414;0.601625,-0.60281,-0.19029,0.488321
0.865517,0.105231,0.245155;0.602333,-0.607807,-0.186169,0.48281
0.868784,0.114646,0.247991;0.602998,-0.61276,-0.182035,0.477265
0.871992,0.123999,0.250922;0.603619,-0.617668,-0.177887,0.471685
0.875141,0.133285,0.253943;0.604196,-0.622531,-0.173727,0.46607
0.878227,0.142496,0.257055;0.604729,-0.627349,-0.169553,0.460422
0.881249,0.151629,0.260255;0.605218,-0.632121,-0.165368,0.45474
0.884205,0.160676,0.263541;0.605663,-0.636847,-0.16117,0.449025
0.887662,0.171412,0.267595;0.606139,-0.642457,-0.156117,0.442123
0.891017,0.182007,0.271767;0.606551,-0.647999,-0.151048,0.435176
0.894267,0.192451,0.276054;0.606899,-0.653474,-0.145963,0.428182
0.897408,0.202734,0.280452;0.607184,-0.65888,-0.140863,0.421144
0.900436,0.212846,0.284959;0.607405,-0.664217,-0.135748,0.414062
0.903349,0.222776,0.289571;0.607563,-0.669484,-0.130619,0.406936
0.906142,0.232516,0.294284;0.607656,-0.674682,-0.125476,0.399768
0.908813,0.242054,0.299097;0.607686,-0.679808,-0.12032,0.392558
0.911356,0.25138,0.304004;0.607653,-0.684863,-0.115151,0.385306
0.91377,0.260486,0.309004;0.607555,-0.689846,-0.10997,0.378014
0.916051,0.26936,0.314092;0.607394,-0.694757,-0.104778,0.370683
0.918194,0.277992,0.319266;0.60717,-0.699596,-0.0995748,0.363312
0.920197,0.286373,0.324522;0.606881,-0.70436,-0.0943611,0.355904
0.922351,0.29582,0.330755;0.606464,-0.709826,-0.088266,0.347214
0.924303,0.304895,0.337089;0.605961,-0.71519,-0.0821583,0.338474
0.926049,0.313582,0.343521;0.605371,-0.720452,-0.0760388,0.329686
0.927581,0.321865,0.350045;0.604694,-0.725612,-0.0699085,0.32085
0.928895,0.329729,0.356656;0.603932,-0.730668,-0.0637682,0.311969
0.929985,0.337156,0.363349;0.603083,-0.735619,-0.0576188,0.303044
0.930948,0.345091,0.371092;0.602007,-0.741149,-0.0505809,0.29279
0.931604,0.352413,0.378927;0.60082,-0.746542,-0.0435336,0.282482
0.931942,0.359097,0.386848;0.59952,-0.751795,-0.0364782,0.272121
0.931956,0.365119,0.394845;0.598108,-0.756907,-0.0294159,0.26171
0.931573,0.371075,0.403924;0.596387,-0.762491,-0.0214644,0.249939
0.930755,0.376129,0.41308;0.594525,-0.767894,-0.0135079,0.238109
0.929492,0.380249,0.422303;0.592523,-0.773116,-0.00554812,0.226222
0.927551,0.383689,0.432614;0.590135,-0.778705,0.0032975,0.212953
0.925029,0.385887,0.442977;0.587574,-0.784066,0.0121422,0.199622
0.921909,0.386795,0.453379;0.584843,-0.7892,0.0209833,0.186232
0.918516,0.38646,0.462921;0.573306,-0.799707,0.0211014,0.177043
0.914749,0.38508,0.472168;0.553898,-0.814753,0.0141218,0.170807
0.910535,0.382712,0.481408;0.534108,-0.829236,0.0071325,0.164454
0.9059,0.379406,0.490626;0.513949,-0.843147,0.000138237,0.157986
0.901272,0.375563,0.499105;0.495025,-0.855471,-0.0063182,0.15192
0.896329,0.371004,0.507544;0.47581,-0.867292,-0.0127709,0.145764
0.89154,0.366227,0.515236;0.45795,-0.877679,-0.0186794,0.140045
0.88652,0.36091,0.522877;0.439863,-0.887632,-0.0245786,0.134258
0.881286,0.355085,0.530459;0.421559,-0.897147,-0.0304657,0.128404
0.876356,0.349372,0.537295;0.404738,-0.905411,-0.0358046,0.123026
0.871274,0.343286,0.54407;0.387751,-0.913306,-0.0411289,0.117599
0.866052,0.33685,0.550777;0.370606,-0.920827,-0.0464364,0.112124
0.860704,0.330086,0.557411;0.35331,-0.927972,-0.0517249,0.106602
0.85524,0.323018,0.563965;0.335869,-0.934738,-0.0569922,0.101038
0.850234,0.316414,0.569792;0.320054,-0.940501,-0.061713,0.0959939
0.845154,0.309599,0.575544;0.304134,-0.945952,-0.0664133,0.0909184
0.840008,0.302589,0.581218;0.288113,-0.95109,-0.0710916,0.0858129
0.834805,0.295399,0.58681;0.271997,-0.955914,-0.0757464,0.0806789
0.829555,0.288048,0.592315;0.25579,-0.960421,-0.0803762,0.0755182
0.824265,0.280552,0.597729;0.239499,-0.96461,-0.0849793,0.0703325
0.818945,0.272927,0.603046;0.223129,-0.968479,-0.0895543,0.0651235
0.813604,0.26519,0.608264;0.206684,-0.972029,-0.0940997,0.059893
0.80825,0.257357,0.613376;0.190172,-0.975256,-0.0986139,0.0546427
0.802893,0.249445,0.61838;0.173596,-0.97816,-0.103095,0.0493742
0.797541,0.241471,0.62327;0.156963,-0.980741,-0.107543,0.0440894
0.792202,0.233451,0.628042;0.140278,-0.982997,-0.111955,0.0387901
0.786887,0.225402,0.632692;0.123547,-0.984928,-0.116329,0.0334778
0.781604,0.217341,0.637214;0.106774,-0.986532,-0.120666,0.0281545
0.776361,0.209283,0.641606;0.0899666,-0.987811,-0.124962,0.0228219
0.771168,0.201246,0.645862;0.0731291,-0.988762,-0.129217,0.0174817
0.766033,0.193247,0.649977;0.0562674,-0.989385,-0.133429,0.0121358
0.760966,0.185302,0.653948;0.0393871,-0.989682,-0.137597,0.0067858
0.755975,0.177427,0.65777;0.0224938,-0.98965,-0.14172,0.00143357
0.750529,0.16878,0.661837;0.00371489,-0.989231,-0.146245,-0.00451383
0.7452,0.160263,0.665708;-0.0150655,-0.988408,-0.150711,-0.0104594
0.74,0.1519,0.669377;-0.0338398,-0.98718,-0.155115,-0.0164007
0.734942,0.143712,0.672839;-0.0526002,-0.98555,-0.159456,-0.0223352
0.729555,0.134936,0.6764;-0.0732115,-0.983291,-0.164155,-0.0288526
0.724371,0.126431,0.679694;-0.0937867,-0.980546,-0.168773,-0.0353558
0.719404,0.118227,0.682713;-0.114315,-0.977316,-0.173308,-0.0418414
0.714254,0.109656,0.685683;-0.136646,-0.973241,-0.178157,-0.048893
0.709014,0.100862,0.68851;-0.160745,-0.96818,-0.183292,-0.0564995
0.703795,0.0920176,0.691082;-0.186575,-0.961982,-0.18868,-0.0646474
0.698728,0.0833323,0.693278;-0.214082,-0.954487,-0.194286,-0.0733197
0.693693,0.0745728,0.69504;-0.245018,-0.944932,-0.200422,-0.0830664
0.688623,0.0655487,0.696108;-0.279499,-0.93194,-0.208113,-0.100281
0.683794,0.0565025,0.695717;-0.319979,-0.912719,-0.218337,-0.129946
0.680084,0.0481169,0.691858;-0.377262,-0.87981,-0.232069,-0.172488
0.679914,0.0436233,0.68311;-0.441287,-0.834156,-0.246271,-0.220907
0.682322,0.0425396,0.673387;-0.490046,-0.792101,-0.256145,-0.258497
0.685668,0.0423163,0.663673;-0.529254,-0.752893,-0.263389,-0.289254
0.689354,0.0419535,0.654135;-0.562445,-0.71529,-0.268951,-0.315723
0.693098,0.0409654,0.644838;-0.591369,-0.678641,-0.273298,-0.339171
0.696806,0.0390057,0.635641;-0.617516,-0.641839,-0.276752,-0.360728
0.700298,0.0358417,0.626725;-0.641027,-0.605202,-0.279401,-0.38046
0.703439,0.0313349,0.618232;-0.662054,-0.56902,-0.281328,-0.398442
0.706134,0.0254294,0.610267;-0.680755,-0.53355,-0.282617,-0.414759
0.708324,0.0181407,0.602905;-0.697295,-0.499022,-0.283349,-0.4295
0.709896,0.0101,0.596579;-0.711012,-0.467624,-0.2836,-0.441996
0.710986,0.00108627,0.590888;-0.723013,-0.437622,-0.283492,-0.453178
0.711586,-0.00797965,0.586182;-0.732731,-0.411206,-0.283131,-0.462441
0.711824,-0.0174558,0.582053;-0.74113,-0.3865,-0.282576,-0.470631
0.711751,-0.0271326,0.578471;-0.748343,-0.363599,-0.281883,-0.477829
0.711423,-0.0367945,0.575398;-0.754491,-0.342581,-0.281098,-0.484113
0.71083,-0.0473182,0.572516;-0.760248,-0.321385,-0.280167,-0.490145
0.710055,-0.0575572,0.570097;-0.765091,-0.302165,-0.279205,-0.495355
0.709129,-0.0676601,0.568023;-0.771334,-0.289336,-0.278576,-0.493684
0.708082,-0.0776798,0.56622;-0.779203,-0.282586,-0.278311,-0.485316
0.706875,-0.0882021,0.564544;-0.786933,-0.275785,-0.277997,-0.476861
0.705526,-0.0991811,0.562991;-0.794523,-0.268936,-0.277633,-0.468323
0.704049,-0.110571,0.561557;-0.801973,-0.262039,-0.27722,-0.4597
0.702461,-0.122326,0.560236;-0.80928,-0.255095,-0.276758,-0.450997
0.701065,-0.132368,0.55922;-0.815259,-0.249274,-0.276335,-0.443682
0.699612,-0.142605,0.558276;-0.821138,-0.243422,-0.275878,-0.436313
0.698111,-0.153011,0.557403;-0.826915,-0.237541,-0.275388,-0.428891
0.696572,-0.163558,0.556598;-0.832591,-0.231629,-0.274863,-0.421415
0.695004,-0.174222,0.555858;-0.838164,-0.22569,-0.274304,-0.413887
0.693416,-0.184974,0.55518;-0.843634,-0.219722,-0.273711,-0.406308
0.691818,-0.195789,0.554562;-0.848999,-0.213728,-0.273085,-0.39868
0.690218,-0.20664,0.554001;-0.85426,-0.207707,-0.272425,-0.391002
0.688627,-0.217501,0.553495;-0.859416,-0.20166,-0.271732,-0.383275
0.687053,-0.228344,0.55304;-0.864465,-0.195589,-0.271005,-0.375502
0.685505,-0.239144,0.552634;-0.869408,-0.189493,-0.270244,-0.367682
0.683994,-0.249874,0.552274;-0.874244,-0.183374,-0.26945,-0.359817
0.682527,-0.260507,0.551958;-0.878972,-0.177233,-0.268623,-0.351907
0.681115,-0.271017,0.551683;-0.883591,-0.171069,-0.267763,-0.343954
0.679766,-0.281378,0.551447;-0.888102,-0.164885,-0.26687,-0.335959
0.67849,-0.291562,0.551246;-0.892503,-0.15868,-0.265944,-0.327922
0.677297,-0.301544,0.551077;-0.896794,-0.152456,-0.264985,-0.319845
0.675986,-0.313217,0.550915;-0.901797,-0.144962,-0.263791,-0.310101
0.674823,-0.324514,0.550792;-0.90664,-0.137442,-0.262551,-0.300301
0.673823,-0.335389,0.550703;-0.911322,-0.129898,-0.261263,-0.290448
0.673003,-0.345797,0.550643;-0.915842,-0.12233,-0.25993,-0.280543
0.672295,-0.357287,0.550605;-0.92091,-0.113475,-0.258315,-0.268925
0.671879,-0.368005,0.550593;-0.925756,-0.104591,-0.256639,-0.257242
0.671793,-0.379217,0.550602;-0.931019,-0.0944083,-0.254647,-0.243814
0.672159,-0.389217,0.550626;-0.935989,-0.0841954,-0.252574,-0.230309
0.67331,-0.399847,0.550659;-0.941785,-0.0713923,-0.249872,-0.213326
0.675806,-0.409582,0.550674;-0.948128,-0.0559827,-0.246466,-0.192808
0.682098,-0.41724,0.55057;-0.956377,-0.0327971,-0.24103,-0.161779
0.691832,-0.415464,0.550204;-0.963098,-0.00955907,-0.235208,-0.130491
0.699659,-0.409204,0.549797;-0.966448,0.00465183,-0.231465,-0.111265
0.707209,-0.40092,0.549336;-0.968761,0.0162772,-0.2283,-0.0954845
0.71383,-0.392403,0.548887;-0.970291,0.025315,-0.225775,-0.0831842
0.720048,-0.383598,0.548433;-0.971417,0.0330568,-0.223567,-0.072625
0.725626,-0.375163,0.548003;-0.972223,0.0395039,-0.221697,-0.0638157
0.731573,-0.365704,0.547522;-0.972909,0.0459462,-0.219799,-0.0549986
0.737898,-0.355193,0.546989;-0.973476,0.0523827,-0.217875,-0.0461747
0.743237,-0.34601,0.546522;-0.973842,0.0575274,-0.216315,-0.0391114
0.748829,-0.336123,0.546018;-0.974132,0.0626675,-0.214739,-0.032045
0.754679,-0.325518,0.545475;-0.974345,0.0678026,-0.213146,-0.0249761
0.760791,-0.314183,0.544893;-0.974481,0.0729324,-0.211536,-0.0179052
0.76555,-0.305194,0.544429;-0.974532,0.076776,-0.210318,-0.0126011
0.770461,-0.295781,0.543942;-0.97454,0.0806162,-0.20909,-0.00729639
0.775527,-0.285938,0.54343;-0.974505,0.0844529,-0.207853,-0.00199139
0.780749,-0.275658,0.542894;-0.974427,0.0882857,-0.206607,0.0033137
0.786129,-0.264937,0.542331;-0.974306,0.0921147,-0.205352,0.00861865
0.791669,-0.253769,0.541743;-0.974141,0.0959395,-0.204087,0.0139232
0.797372,-0.242148,0.541129;-0.973933,0.0997601,-0.202813,0.0192272
0.803239,-0.230068,0.540487;-0.973681,0.103576,-0.201531,0.0245302
0.809272,-0.217523,0.539817;-0.973387,0.107388,-0.200239,0.0298322
0.814383,-0.206805,0.539242;-0.973111,0.110533,-0.199166,0.0342115
