0.794963,0.428734,0.626986;0.0132738,0.997937,0.0401618,-0.0482901
0.801426,0.427078,0.619228;0.00731279,0.997921,0.0382788,-0.0513255
0.809147,0.424774,0.609838;-0.000138882,0.997834,0.0359225,-0.0551163
0.816479,0.422212,0.600784;-0.00759055,0.99767,0.0335635,-0.058903
0.82343,0.419399,0.592061;-0.0150416,0.997432,0.0312019,-0.0626852
0.830006,0.416338,0.583664;-0.0224916,0.997118,0.028838,-0.0664627
0.836217,0.413034,0.575586;-0.0299399,0.99673,0.026472,-0.0702352
0.842069,0.409492,0.567823;-0.0373859,0.996266,0.0241039,-0.0740023
0.847571,0.405717,0.560369;-0.044829,0.995726,0.021734,-0.0777639
0.85372,0.400884,0.551825;-0.0537563,0.99498,0.018888,-0.0822701
0.859389,0.39573,0.543708;-0.0626778,0.994126,0.0160399,-0.0867673
0.86459,0.390262,0.53601;-0.0715924,0.993163,0.0131901,-0.091255
0.869336,0.384489,0.52872;-0.0804993,0.992093,0.0103388,-0.0957329
0.873641,0.378418,0.52183;-0.0893974,0.990915,0.00748645,-0.1002
0.878123,0.370969,0.514285;-0.0997662,0.989404,0.00415768,-0.105399
0.882044,0.363138,0.507254;-0.11012,0.987747,0.000828289,-0.110581
0.885425,0.354939,0.500725;-0.120458,0.985944,-0.00250122,-0.115747
0.888285,0.346383,0.494682;-0.130778,0.983995,-0.00583037,-0.120897
0.890647,0.337484,0.48911;-0.141079,0.981901,-0.00915865,-0.126028
0.892532,0.328254,0.483994;-0.151358,0.979662,-0.0124856,-0.131141
0.893959,0.318705,0.479319;-0.161616,0.977277,-0.0158107,-0.136234
0.894952,0.308851,0.47507;-0.171849,0.974748,-0.0191334,-0.141307
0.895529,0.298704,0.471233;-0.182057,0.972075,-0.0224533,-0.146359
0.895713,0.288277,0.467791;-0.192238,0.969258,-0.0257699,-0.15139
0.895524,0.277583,0.464731;-0.202391,0.966298,-0.0290827,-0.156398
0.894984,0.266633,0.462037;-0.212514,0.963195,-0.0323911,-0.161383
0.894113,0.255442,0.459694;-0.222605,0.959949,-0.0356948,-0.166344
0.892932,0.244021,0.457687;-0.232663,0.956562,-0.0389932,-0.171281
0.89169,0.234059,0.456224;-0.241258,0.953545,-0.0418159,-0.175492
0.890248,0.223945,0.454987;-0.249825,0.950426,-0.044634,-0.179684
0.888621,0.213688,0.453967;-0.258366,0.947202,-0.0474472,-0.183857
0.886822,0.203296,0.453156;-0.266879,0.943876,-0.0502553,-0.188009
0.884863,0.192777,0.452542;-0.275363,0.940448,-0.0530579,-0.192141
0.882759,0.182139,0.452117;-0.283816,0.936917,-0.0558548,-0.196253
0.880522,0.171389,0.451872;-0.292239,0.933284,-0.0586456,-0.200343
0.878165,0.160535,0.451798;-0.300631,0.92955,-0.06143,-0.204411
0.875702,0.149587,0.451883;-0.308989,0.925715,-0.0642077,-0.208457
0.873146,0.138551,0.45212;-0.317314,0.92178,-0.0669785,-0.21248
0.87051,0.127436,0.452499;-0.325605,0.917744,-0.069742,-0.216481
0.867808,0.11625,0.45301;-0.33386,0.913608,-0.0724979,-0.220458
0.865052,0.105,0.453644;-0.342078,0.909374,-0.0752459,-0.22441
0.862365,0.0941342,0.454361;-0.35014,0.905618,-0.0765766,-0.226701
0.859634,0.0831567,0.455181;-0.35957,0.904545,-0.0687901,-0.218576
0.856882,0.0721396,0.456094;-0.368922,0.903276,-0.0609886,-0.210404
0.854459,0.0624716,0.456967;-0.377039,0.902005,-0.0541514,-0.203216
0.852026,0.0527809,0.457906;-0.385094,0.900584,-0.0473053,-0.195994
0.849586,0.0430714,0.458909;-0.393085,0.899014,-0.0404513,-0.18874
0.847143,0.0333464,0.459971;-0.40101,0.897294,-0.0335905,-0.181454
0.844699,0.0236097,0.461091;-0.408869,0.895426,-0.0267242,-0.174138
0.842258,0.0138648,0.462265;-0.41666,0.893409,-0.0198535,-0.166794
0.839822,0.00411532,0.463492;-0.424383,0.891244,-0.0129795,-0.159421
0.837395,-0.00563521,0.464767;-0.432034,0.888931,-0.00610332,-0.152022
0.83498,-0.0153832,0.466088;-0.439614,0.886471,0.000773875,-0.144598
0.832581,-0.025125,0.467453;-0.447121,0.883863,0.00765094,-0.13715
0.8302,-0.034857,0.468858;-0.454554,0.881109,0.0145267,-0.12968
0.82784,-0.0445757,0.470301;-0.461912,0.878208,0.0214001,-0.122187
0.825505,-0.0542776,0.471779;-0.469193,0.875162,0.0282699,-0.114675
0.823197,-0.0639589,0.473288;-0.476395,0.871971,0.0351351,-0.107143
0.820921,-0.0736161,0.474827;-0.483519,0.868635,0.0419944,-0.0995939
0.818678,-0.0832456,0.476392;-0.490563,0.865155,0.0488467,-0.0920281
0.816161,-0.0942123,0.478209;-0.498513,0.861002,0.056668,-0.0833627
0.813697,-0.105133,0.480053;-0.506355,0.856662,0.064477,-0.0746793
0.811291,-0.116002,0.481919;-0.514088,0.852137,0.072272,-0.0659797
0.808948,-0.126814,0.483803;-0.521709,0.847427,0.0800513,-0.0572658
0.806673,-0.137564,0.4857;-0.529217,0.842533,0.0878133,-0.0485395
0.804469,-0.148246,0.487608;-0.53661,0.837457,0.0955563,-0.0398027
0.802342,-0.158855,0.48952;-0.543887,0.832199,0.103279,-0.0310573
0.800297,-0.169386,0.491434;-0.551046,0.826761,0.110978,-0.0223051
0.798337,-0.179833,0.493345;-0.558086,0.821144,0.118654,-0.0135481
0.796469,-0.190192,0.495248;-0.565005,0.815349,0.126304,-0.00478813
0.794696,-0.200455,0.49714;-0.571801,0.809377,0.133927,0.00397285
0.793024,-0.21062,0.499016;-0.578473,0.80323,0.141521,0.012733
0.791456,-0.220679,0.500871;-0.58502,0.796909,0.149084,0.0214903
0.789998,-0.230627,0.502703;-0.591441,0.790415,0.156615,0.030243
0.788655,-0.24046,0.504507;-0.597733,0.783749,0.164111,0.0389892
0.787286,-0.251377,0.506496;-0.604656,0.776048,0.172503,0.0488184
0.786074,-0.262133,0.508438;-0.611414,0.768133,0.180847,0.0586343
0.785027,-0.27272,0.510327;-0.618004,0.760009,0.189141,0.068434
0.78415,-0.283131,0.512156;-0.624425,0.751675,0.197384,0.078215
0.783451,-0.293359,0.51392;-0.630674,0.743136,0.205572,0.0879745
0.782936,-0.303395,0.515612;-0.636751,0.734392,0.213704,0.0977099
0.782588,-0.314312,0.517402;-0.643297,0.724441,0.222671,0.108495
0.782484,-0.324973,0.519088;-0.649626,0.714245,0.231562,0.119244
0.782635,-0.335367,0.520661;-0.655735,0.703807,0.240375,0.129953
0.783048,-0.345484,0.522114;-0.661622,0.69313,0.249106,0.140617
0.78376,-0.355639,0.523482;-0.655301,0.701311,0.244589,0.137549
0.784842,-0.366181,0.524792;-0.645696,0.713998,0.236785,0.13121
0.786244,-0.37637,0.525942;-0.635862,0.726432,0.228897,0.124825
0.787958,-0.386209,0.526929;-0.625803,0.738609,0.220928,0.118396
0.790218,-0.396731,0.527835;-0.614367,0.751832,0.211982,0.111203
0.792841,-0.406823,0.528538;-0.602661,0.764726,0.202943,0.103961
0.795815,-0.416488,0.529037;-0.590692,0.777285,0.193815,0.0966739
0.799478,-0.426628,0.529348;-0.577228,0.790708,0.183677,0.0886093
0.803535,-0.436257,0.529409;-0.563459,0.803712,0.173441,0.0804979
0.807972,-0.445376,0.529218;-0.549391,0.81629,0.163114,0.0723438
0.813226,-0.454746,0.52872;-0.533713,0.829519,0.15175,0.0634049
0.818892,-0.463517,0.527918;-0.517698,0.842226,0.14029,0.0544262
0.824949,-0.471692,0.526809;-0.501358,0.854402,0.128742,0.0454131
0.831378,-0.479274,0.525391;-0.484702,0.86604,0.117112,0.0363714
0.838737,-0.486824,0.523504;-0.466314,0.878032,0.104431,0.0265506
0.846482,-0.493687,0.521248;-0.447581,0.889375,0.0916721,0.0167102
0.854587,-0.499868,0.518622;-0.428517,0.900061,0.0788456,0.00685737
0.863026,-0.505371,0.515621;-0.409136,0.910081,0.0659609,-0.0030005
0.871773,-0.510201,0.512244;-0.389453,0.919429,0.0530274,-0.0128561
0.880801,-0.514361,0.508486;-0.369482,0.928097,0.0400547,-0.0227023
0.890086,-0.517858,0.504346;-0.349238,0.936078,0.0270524,-0.0325316
0.898861,-0.520499,0.500183;-0.330322,0.942832,0.0150323,-0.0415837
0.907812,-0.522582,0.495688;-0.311197,0.948992,0.00300276,-0.0506096
0.916917,-0.524109,0.49086;-0.291877,0.954554,-0.00902869,-0.0596036
0.925618,-0.525042,0.486006;-0.283144,0.956571,-0.0204708,-0.066205
0.934794,-0.52548,0.480633;-0.299161,0.951197,-0.0327014,-0.0682455
0.94402,-0.525323,0.474974;-0.315046,0.945406,-0.0449177,-0.070256
0.953246,-0.524522,0.469058;-0.330794,0.939199,-0.0571143,-0.0722357
0.961588,-0.523194,0.463484;-0.344983,0.933199,-0.0681804,-0.0740079
0.969847,-0.521254,0.457747;-0.359048,0.92686,-0.0792218,-0.0757532
0.977984,-0.518667,0.451869;-0.372982,0.920185,-0.0902345,-0.077471
0.98596,-0.515394,0.445875;-0.386781,0.913176,-0.101214,-0.0791608
0.993736,-0.511399,0.439786;-0.40044,0.905835,-0.112158,-0.0808217
1.00127,-0.506643,0.433626;-0.413953,0.898165,-0.12306,-0.0824534
1.00853,-0.501089,0.427417;-0.427316,0.89017,-0.133918,-0.0840551
1.01479,-0.495378,0.421808;-0.43921,0.882697,-0.143648,-0.0854706
1.02077,-0.488963,0.416194;-0.450975,0.874965,-0.153337,-0.086861
1.02644,-0.481817,0.410594;-0.462608,0.866976,-0.16298,-0.0882258
1.03176,-0.473913,0.405024;-0.474104,0.858732,-0.172575,-0.0895647
1.03618,-0.466228,0.400111;-0.484206,0.851192,-0.181062,-0.0907327
1.04028,-0.457904,0.395247;-0.494196,0.843455,-0.189507,-0.0918796
1.04406,-0.448921,0.390443;-0.504071,0.835521,-0.197907,-0.0930052
1.04748,-0.43926,0.385711;-0.513829,0.827393,-0.206262,-0.0941092
1.05017,-0.430235,0.38164;-0.522269,0.820124,-0.213533,-0.0950573
1.05255,-0.420663,0.37764;-0.530616,0.812708,-0.220766,-0.0959885
1.05463,-0.410532,0.373721;-0.538869,0.805148,-0.22796,-0.0969026
1.05638,-0.399829,0.369889;-0.547026,0.797445,-0.235113,-0.0977994
1.05761,-0.39019,0.366681;-0.553941,0.79073,-0.241211,-0.0985544
1.05859,-0.380112,0.363548;-0.560783,0.783911,-0.247278,-0.0992964
1.0593,-0.369589,0.360496;-0.567552,0.77699,-0.253312,-0.100025
1.05973,-0.358611,0.357529;-0.574246,0.769967,-0.259314,-0.100741
1.05988,-0.347172,0.354652;-0.580866,0.762843,-0.265281,-0.101444
1.05978,-0.33728,0.352327;-0.586324,0.756831,-0.270227,-0.10202
1.05948,-0.327056,0.350071;-0.59173,0.75075,-0.275149,-0.102586
1.05896,-0.316497,0.347887;-0.597081,0.744601,-0.280046,-0.103143
1.05823,-0.305597,0.345778;-0.602378,0.738384,-0.284917,-0.103691
1.05728,-0.294352,0.343747;-0.607621,0.7321,-0.289763,-0.104229
1.05614,-0.283115,0.341854;-0.613518,0.725824,-0.293048,-0.104394
1.05496,-0.27299,0.340258;-0.623908,0.719485,-0.287393,-0.102397
1.05362,-0.26263,0.338721;-0.634184,0.713014,-0.281684,-0.100381
1.05212,-0.25205,0.337242;-0.644342,0.706411,-0.275924,-0.098347
1.05046,-0.241269,0.335822;-0.654382,0.699679,-0.270113,-0.0962946
1.04866,-0.230304,0.334459;-0.664302,0.692817,-0.264252,-0.0942244
1.04671,-0.219172,0.333153;-0.674099,0.685829,-0.258342,-0.0921369
1.04462,-0.20789,0.331903;-0.683772,0.678713,-0.252385,-0.0900324
1.04271,-0.198114,0.330876;-0.691963,0.672515,-0.247242,-0.0882153
1.04071,-0.188251,0.329889;-0.700061,0.666226,-0.242065,-0.0863863
1.03861,-0.178313,0.328943;-0.708063,0.659847,-0.236856,-0.0845456
1.03642,-0.168311,0.328036;-0.71597,0.653378,-0.231615,-0.0826935
1.03413,-0.158255,0.327168;-0.723781,0.646821,-0.226342,-0.0808302
1.03176,-0.148156,0.326339;-0.731493,0.640176,-0.221039,-0.078956
1.0293,-0.138025,0.325549;-0.739106,0.633445,-0.215706,-0.0770711
1.02675,-0.127873,0.324796;-0.74662,0.626629,-0.210343,-0.0751757
1.02412,-0.117711,0.324082;-0.754032,0.619727,-0.204952,-0.0732702
1.02142,-0.10755,0.323404;-0.761342,0.612742,-0.199534,-0.0713548
1.01864,-0.097401,0.322764;-0.76855,0.605674,-0.194088,-0.0694297
1.01578,-0.0872744,0.32216;-0.775653,0.598523,-0.188616,-0.0674952
1.01285,-0.0771812,0.321592;-0.782652,0.591292,-0.183119,-0.0655517
1.00985,-0.0671324,0.321061;-0.789544,0.583981,-0.177597,-0.0635992
1.00679,-0.0571389,0.320564;-0.79633,0.576591,-0.172051,-0.0616381
1.00366,-0.0472117,0.320102;-0.803008,0.569123,-0.166482,-0.0596687
1.00047,-0.0373615,0.319675;-0.809578,0.561578,-0.16089,-0.0576913
0.997226,-0.0275992,0.319282;-0.816038,0.553957,-0.155276,-0.055706
0.993921,-0.0179359,0.318923;-0.822387,0.546261,-0.149641,-0.0537132
0.990563,-0.0083823,0.318598;-0.828626,0.538491,-0.143986,-0.0517131
0.987153,0.00105061,0.318305;-0.834752,0.530649,-0.138312,-0.049706
0.983113,0.0118886,0.318005;-0.841757,0.521408,-0.131668,-0.047356
0.979011,0.0225303,0.317748;-0.848606,0.512072,-0.125,-0.0449972
0.97485,0.0329583,0.317535;-0.8553,0.502641,-0.118309,-0.0426301
0.970635,0.0431553,0.317364;-0.861836,0.493118,-0.111597,-0.0402552
0.966369,0.0531041,0.317235;-0.868213,0.483504,-0.104863,-0.0378729
0.962056,0.0627873,0.317148;-0.87443,0.473801,-0.0981108,-0.0354836
0.957701,0.0721876,0.317101;-0.880487,0.46401,-0.0913402,-0.0330878
0.953307,0.0812878,0.317094;-0.886381,0.454135,-0.0845527,-0.0306858
0.948243,0.0912982,0.317135;-0.892917,0.442746,-0.0767766,-0.0279339
0.94314,0.100868,0.317226;-0.899239,0.43125,-0.0689821,-0.0251752
0.938004,0.109972,0.317367;-0.905344,0.419651,-0.0611709,-0.0224105
0.93284,0.118583,0.317556;-0.911232,0.407952,-0.0533451,-0.0196404
0.927006,0.127651,0.317827;-0.917594,0.394672,-0.0445257,-0.0165184
0.921152,0.136026,0.318157;-0.923676,0.381272,-0.0356928,-0.0133914
0.914637,0.144475,0.318591;-0.930105,0.366248,-0.0258659,-0.00991221
0.90747,0.15267,0.319148;-0.936773,0.349562,-0.0150452,-0.00608084
0.900317,0.159646,0.319788;-0.943014,0.332718,-0.00421763,-0.00224671
0.891904,0.166231,0.320647;-0.949838,0.312616,0.00858066,0.00228571
0.882919,0.171188,0.321691;-0.956512,0.290747,0.0223571,0.00716508
0.872787,0.173971,0.32303;-0.963276,0.265492,0.0380809,0.0127348
0.862847,0.173482,0.324517;-0.969115,0.239982,0.053768,0.0182923
0.853146,0.169513,0.326145;-0.974021,0.214241,0.0694034,0.0238322
0.84489,0.163024,0.327679;-0.977545,0.191548,0.0830302,0.028661
0.838013,0.155111,0.329072;-0.979993,0.171983,0.0946619,0.0327833
0.832438,0.146792,0.330285;-0.981628,0.155608,0.104316,0.0362051
