0.702223,-0.0436754,0.703115;0.775085,0.268565,0.475038,0.31852
0.704416,-0.0298906,0.693295;0.7762,0.269359,0.474068,0.316572
0.706595,-0.016309,0.683626;0.777311,0.270152,0.473095,0.314622
0.708758,-0.00292926,0.674108;0.778416,0.270943,0.472118,0.31267
0.710905,0.0102499,0.664741;0.779516,0.271732,0.471139,0.310716
0.713037,0.0232297,0.655522;0.780611,0.27252,0.470156,0.30876
0.715154,0.0360113,0.646451;0.781701,0.273305,0.46917,0.306802
0.717256,0.0485961,0.637528;0.782785,0.274089,0.468181,0.304842
0.719342,0.0609852,0.62875;0.783865,0.274871,0.467189,0.30288
0.721414,0.0731799,0.620117;0.784939,0.275651,0.466194,0.300915
0.72347,0.0851815,0.611628;0.786008,0.27643,0.465196,0.298949
0.725511,0.0969912,0.603282;0.787072,0.277206,0.464195,0.296981
0.727537,0.10861,0.595078;0.788131,0.277981,0.46319,0.295011
0.729548,0.12004,0.587014;0.789184,0.278754,0.462183,0.293039
0.731544,0.131281,0.579091;0.790232,0.279525,0.461173,0.291065
0.733524,0.142336,0.571306;0.791275,0.280294,0.460159,0.289089
0.73549,0.153205,0.563659;0.792313,0.281062,0.459143,0.287111
0.737442,0.163889,0.55615;0.793345,0.281827,0.458123,0.285131
0.739378,0.17439,0.548776;0.794373,0.282591,0.4571,0.283149
0.741299,0.184709,0.541536;0.795395,0.283352,0.456075,0.281166
0.743206,0.194848,0.534431;0.796412,0.284112,0.455046,0.279181
0.745098,0.204807,0.527459;0.797423,0.28487,0.454015,0.277193
0.746975,0.214588,0.520618;0.798429,0.285626,0.45298,0.275204
0.748837,0.224191,0.513908;0.79943,0.286381,0.451942,0.273213
0.750685,0.23362,0.507328;0.800426,0.287133,0.450902,0.271221
0.752518,0.242873,0.500877;0.801416,0.287883,0.449858,0.269226
0.754337,0.251953,0.494553;0.802401,0.288632,0.448812,0.26723
0.756141,0.260862,0.488356;0.803381,0.289379,0.447762,0.265232
0.757931,0.269599,0.482285;0.804356,0.290123,0.446709,0.263232
0.759706,0.278168,0.476339;0.805325,0.290866,0.445654,0.261231
0.761466,0.286567,0.470517;0.806289,0.291607,0.444596,0.259227
0.763213,0.2948,0.464817;0.807247,0.292346,0.443534,0.257223
0.765805,0.306839,0.456495;0.808675,0.293451,0.441937,0.254212
0.768365,0.318509,0.448444;0.81009,0.294551,0.440333,0.251198
0.770894,0.329814,0.44066;0.811494,0.295647,0.438722,0.248179
0.77339,0.340759,0.43314;0.812886,0.296739,0.437105,0.245158
0.775854,0.351347,0.42588;0.814265,0.297826,0.435481,0.242132
0.778287,0.361584,0.418877;0.815633,0.298909,0.433851,0.239103
0.780688,0.371473,0.412127;0.816988,0.299987,0.432215,0.23607
0.783058,0.381018,0.405628;0.818331,0.301061,0.430572,0.233034
0.785396,0.390224,0.399375;0.819662,0.30213,0.428922,0.229995
0.787703,0.399094,0.393365;0.82098,0.303195,0.427266,0.226952
0.789979,0.407634,0.387596;0.822287,0.304256,0.425604,0.223905
0.792224,0.415846,0.382062;0.823581,0.305312,0.423936,0.220856
0.795169,0.426296,0.375047;0.825288,0.306712,0.421701,0.216784
0.79806,0.436181,0.368438;0.826973,0.308105,0.419456,0.212707
0.800896,0.445513,0.362227;0.828636,0.30949,0.417199,0.208624
0.803679,0.454301,0.356406;0.830277,0.310866,0.414931,0.204536
0.806407,0.462555,0.350968;0.831896,0.312234,0.412653,0.200442
0.809743,0.472138,0.344694;0.833889,0.313933,0.409789,0.195318
0.812995,0.480921,0.33899;0.835847,0.315618,0.406908,0.190185
0.816165,0.488925,0.333839;0.837771,0.317291,0.404011,0.185045
0.819861,0.497528,0.328365;0.840034,0.31928,0.400512,0.178866
0.824026,0.506226,0.32292;0.842611,0.321578,0.396399,0.171644
0.828592,0.514466,0.317886;0.845473,0.324171,0.39166,0.163373
0.834014,0.522334,0.313282;0.848924,0.327365,0.385679,0.153011
0.841079,0.529085,0.309763;0.85352,0.331745,0.377197,0.138462
0.85055,0.530742,0.310189;0.859895,0.338114,0.364246,0.116555
0.857621,0.525038,0.315224;0.86486,0.343376,0.352934,0.0977094
0.862141,0.517371,0.3211;0.868158,0.347063,0.344646,0.0840657
0.865291,0.509693,0.326701;0.870531,0.349833,0.338206,0.0735543
0.867886,0.501602,0.33243;0.872543,0.352277,0.332361,0.0640837
0.870006,0.493564,0.337993;0.874233,0.354409,0.327128,0.0556581
0.871951,0.484815,0.343931;0.875831,0.356504,0.321861,0.0472266
0.873608,0.476092,0.349746;0.874783,0.365315,0.316298,0.0354198
0.875054,0.467296,0.355517;0.869257,0.384861,0.309779,0.0176318
0.876272,0.458809,0.361008;0.863561,0.40264,0.30355,0.0011996
0.877378,0.449999,0.366641;0.857296,0.420155,0.29712,-0.0152333
0.878374,0.440896,0.372398;0.850469,0.437394,0.290496,-0.0316563
0.879192,0.432319,0.377769;0.843719,0.452943,0.284255,-0.0466926
0.879921,0.423542,0.383215;0.836503,0.468243,0.277858,-0.0617032
0.880561,0.414588,0.388725;0.828824,0.483284,0.271307,-0.0766796
0.881114,0.405479,0.394283;0.820688,0.498057,0.264606,-0.0916137
0.88158,0.396238,0.399878;0.812099,0.512556,0.257759,-0.106497
0.881962,0.386886,0.405495;0.803061,0.526772,0.25077,-0.121322
0.882261,0.377448,0.411121;0.79358,0.540696,0.243642,-0.13608
0.882461,0.36881,0.416232;0.784579,0.553096,0.237045,-0.149431
0.882593,0.360136,0.42133;0.775221,0.565243,0.23034,-0.162713
0.882659,0.351441,0.426404;0.765509,0.577133,0.22353,-0.175922
0.88266,0.342744,0.431445;0.755447,0.588758,0.216618,-0.18905
0.882597,0.33406,0.436442;0.745041,0.600115,0.209606,-0.202092
0.882453,0.324544,0.441876;0.733201,0.612291,0.201784,-0.216331
0.882234,0.315087,0.447232;0.720956,0.624129,0.19385,-0.230451
0.881941,0.305712,0.452496;0.708313,0.635622,0.185809,-0.244444
0.881574,0.296441,0.457656;0.695278,0.646764,0.177665,-0.258301
0.881136,0.287297,0.462697;0.68186,0.657549,0.169423,-0.272016
0.880626,0.278302,0.467606;0.668065,0.66797,0.161087,-0.28558
0.880047,0.269479,0.472369;0.6539,0.678023,0.152663,-0.298987
0.879338,0.260076,0.477385;0.638037,0.688562,0.143377,-0.313424
0.878548,0.250933,0.482195;0.621754,0.698648,0.133996,-0.327655
0.87768,0.242079,0.486781;0.605062,0.708275,0.124527,-0.341671
0.876654,0.232847,0.491477;0.586531,0.718179,0.114177,-0.3566
0.87545,0.223366,0.496194;0.566069,0.728224,0.102933,-0.372371
0.874146,0.214407,0.500529;0.5451,0.737618,0.0915963,-0.387808
0.872642,0.20544,0.504721;0.522093,0.746951,0.0793594,-0.403962
0.870807,0.196139,0.508861;0.495371,0.7566,0.065393,-0.421768
0.868596,0.186925,0.512665;0.464734,0.766202,0.0496823,-0.441009
0.865704,0.177598,0.516008;0.426627,0.776135,0.030557,-0.463325
0.86145,0.168538,0.518127;0.373652,0.786554,0.00467113,-0.491624
0.854116,0.16355,0.515351;0.288481,0.79587,-0.0354096,-0.531146
0.848263,0.167496,0.508269;0.351954,0.78321,-0.00756166,-0.512497
0.844055,0.173396,0.501143;0.405765,0.769388,0.0169238,-0.493061
0.840485,0.17979,0.494051;0.448743,0.755693,0.0369898,-0.475593
0.837308,0.18626,0.487066;0.485119,0.742098,0.054358,-0.459342
0.834234,0.193021,0.479791;0.518745,0.727757,0.070754,-0.44302
0.831279,0.199838,0.47238;0.549707,0.712914,0.0861653,-0.426792
0.828454,0.206527,0.464962;0.578102,0.697796,0.100588,-0.410806
0.82577,0.212944,0.45765;0.604035,0.682611,0.114025,-0.395199
0.823066,0.219388,0.450052;0.629168,0.66652,0.127311,-0.379066
0.820346,0.225767,0.442204;0.653465,0.649544,0.140427,-0.362431
0.817613,0.231992,0.434142;0.676894,0.631707,0.153358,-0.345314
0.814872,0.23797,0.425902;0.699426,0.613031,0.166084,-0.327739
0.812127,0.243612,0.417518;0.721029,0.593541,0.178591,-0.30973
0.809382,0.248828,0.409027;0.741675,0.573263,0.19086,-0.291309
0.80664,0.253525,0.400464;0.761336,0.552225,0.202876,-0.272501
0.803736,0.257848,0.391326;0.781119,0.529069,0.215347,-0.252122
0.800846,0.261375,0.38219;0.799731,0.50512,0.227496,-0.231365
0.797806,0.264122,0.372566;0.818131,0.478939,0.239988,-0.209011
0.794794,0.265727,0.363042;0.835157,0.451953,0.252076,-0.186305
0.791649,0.266039,0.353153;0.851606,0.422645,0.264376,-0.161999
0.788547,0.264782,0.343491;0.866462,0.392546,0.276182,-0.137389
0.785494,0.261804,0.334117;0.879695,0.361712,0.28747,-0.112523
0.782655,0.257259,0.325555;0.890714,0.331876,0.297668,-0.0887702
0.780025,0.251307,0.317799;0.899747,0.303184,0.306841,-0.0661995
0.7776,0.244134,0.310833;0.907018,0.275765,0.315055,-0.0448653
0.775375,0.235943,0.304627;0.912741,0.249726,0.322376,-0.0248099
0.773343,0.22695,0.299146;0.917121,0.225159,0.328869,-0.00606484
0.771497,0.217379,0.294346;0.920355,0.202142,0.3346,0.0113472
0.769831,0.20746,0.290179;0.922624,0.180738,0.339629,0.0274113
0.768337,0.197418,0.286597;0.924098,0.160998,0.344017,0.0421191
0.767006,0.187476,0.283546;0.924936,0.142965,0.347819,0.0554671
0.765833,0.177847,0.280975;0.92528,0.126672,0.351086,0.0674559
0.764684,0.167556,0.278578;0.925235,0.110326,0.354206,0.0794164
0.763558,0.156587,0.276359;0.924801,0.0939327,0.357177,0.0913435
0.762579,0.146254,0.274542;0.92409,0.0793279,0.359692,0.101913
0.761649,0.135719,0.272926;0.924295,0.0669562,0.362486,0.098991
0.760823,0.125712,0.27158;0.924622,0.0561763,0.36508,0.0929235
0.760011,0.1153,0.270347;0.924802,0.0453874,0.367615,0.0868411
0.759216,0.104498,0.269225;0.924833,0.0345913,0.370091,0.0807449
0.758437,0.0933215,0.26821;0.924717,0.0237896,0.372508,0.0746357
0.757674,0.0817865,0.267302;0.924453,0.0129841,0.374866,0.0685147
0.757033,0.0716258,0.266605;0.924109,0.00372058,0.376839,0.0632593
0.756404,0.0612228,0.265983;0.923656,-0.00554341,0.378768,0.0579965
0.755787,0.0505875,0.265434;0.923095,-0.0148067,0.380652,0.0527268
0.755182,0.0397297,0.264956;0.922426,-0.0240683,0.382492,0.047451
0.754589,0.0286591,0.264548;0.921648,-0.0333271,0.384287,0.0421696
0.754008,0.0173857,0.264209;0.920762,-0.042582,0.386037,0.0368833
0.75344,0.00591919,0.263936;0.919768,-0.0518318,0.387741,0.0315926
0.752884,-0.00573053,0.263729;0.918665,-0.0610756,0.3894,0.0262982
0.75234,-0.0175537,0.263586;0.917455,-0.0703122,0.391013,0.0210007
0.751809,-0.0295403,0.263505;0.916137,-0.0795405,0.39258,0.0157008
0.751375,-0.0396471,0.263484;0.914957,-0.0872237,0.393851,0.0112827
0.750951,-0.049855,0.263505;0.913702,-0.0948998,0.395089,0.00686373
0.750535,-0.0601582,0.263566;0.912372,-0.102568,0.396296,0.00244419
0.750127,-0.0705512,0.263667;0.910969,-0.110228,0.39747,-0.00197554
0.749729,-0.0810281,0.263807;0.90949,-0.117879,0.398611,-0.00639512
0.749339,-0.0915835,0.263984;0.907938,-0.12552,0.399721,-0.0108142
0.748959,-0.102211,0.264199;0.906311,-0.133152,0.400797,-0.0152323
0.748587,-0.112906,0.26445;0.904611,-0.140772,0.401841,-0.0196493
0.748224,-0.123663,0.264736;0.902837,-0.148381,0.402852,-0.0240646
0.74787,-0.134474,0.265057;0.900989,-0.155977,0.40383,-0.028478
0.747525,-0.145336,0.265412;0.899068,-0.163561,0.404776,-0.032889
0.747189,-0.156242,0.265799;0.897073,-0.171132,0.405688,-0.0372974
0.746862,-0.167186,0.266218;0.895005,-0.178689,0.406567,-0.0417027
0.746544,-0.178163,0.266668;0.892865,-0.186231,0.407413,-0.0461046
0.746235,-0.189168,0.267148;0.890651,-0.193758,0.408226,-0.0505028
0.745935,-0.200194,0.267658;0.888365,-0.201269,0.409005,-0.0548968
0.745644,-0.211235,0.268196;0.886006,-0.208763,0.409752,-0.0592863
0.745363,-0.222287,0.268761;0.883575,-0.216241,0.410464,-0.0636711
0.745091,-0.233343,0.269354;0.881072,-0.223701,0.411144,-0.0680506
0.744828,-0.244398,0.269971;0.878497,-0.231143,0.411789,-0.0724246
0.744574,-0.255446,0.270614;0.875851,-0.238566,0.412401,-0.0767927
0.74433,-0.266481,0.271281;0.873133,-0.245969,0.41298,-0.0811545
0.744095,-0.277498,0.271971;0.870344,-0.253353,0.413525,-0.0855097
0.74387,-0.288491,0.272684;0.867483,-0.260715,0.414036,-0.0898579
0.743653,-0.299454,0.273418;0.864552,-0.268057,0.414513,-0.0941988
0.743447,-0.310381,0.274172;0.861551,-0.275377,0.414957,-0.098532
0.743249,-0.321268,0.274947;0.858479,-0.282674,0.415366,-0.102857
0.743062,-0.332108,0.27574;0.855338,-0.289948,0.415742,-0.107174
0.742884,-0.342895,0.276551;0.852126,-0.297198,0.416084,-0.111482
0.742715,-0.353624,0.277379;0.848845,-0.304424,0.416392,-0.115781
0.742556,-0.36429,0.278224;0.845495,-0.311626,0.416666,-0.12007
0.742407,-0.374886,0.279084;0.842076,-0.318802,0.416906,-0.12435
0.742267,-0.385406,0.279958;0.838588,-0.325952,0.417112,-0.12862
0.742137,-0.395846,0.280846;0.835032,-0.333075,0.417284,-0.132879
0.742017,-0.406199,0.281747;0.831408,-0.340171,0.417422,-0.137127
0.741906,-0.41646,0.282659;0.827715,-0.34724,0.417526,-0.141364
0.741806,-0.426623,0.283583;0.823956,-0.35428,0.417596,-0.14559
0.741715,-0.436682,0.284517;0.820129,-0.361291,0.417632,-0.149803
0.741619,-0.448608,0.28565;0.815448,-0.369666,0.41763,-0.154844
0.741537,-0.460367,0.286795;0.810672,-0.377997,0.417578,-0.159866
0.74147,-0.471949,0.28795;0.805801,-0.386284,0.417478,-0.164869
0.741416,-0.483344,0.289114;0.800835,-0.394525,0.417329,-0.169853
0.741378,-0.494542,0.290286;0.795775,-0.40272,0.417131,-0.174817
0.741354,-0.505533,0.291463;0.790621,-0.410868,0.416884,-0.17976
0.741344,-0.516309,0.292645;0.785374,-0.418968,0.416588,-0.184682
0.741349,-0.526857,0.29383;0.780036,-0.427018,0.416243,-0.189583
0.741368,-0.53717,0.295016;0.774605,-0.435018,0.415849,-0.194461
0.741403,-0.547237,0.296202;0.769084,-0.442967,0.415406,-0.199317
0.741461,-0.558658,0.297584;0.762529,-0.452175,0.414828,-0.204952
0.74154,-0.569715,0.298961;0.755851,-0.461311,0.414184,-0.210554
0.741639,-0.580393,0.300331;0.749053,-0.470373,0.413473,-0.216123
0.741759,-0.590676,0.301692;0.742135,-0.47936,0.412696,-0.221657
0.74192,-0.601925,0.303232;0.734083,-0.489537,0.411728,-0.227939
0.742108,-0.612614,0.304754;0.725878,-0.499611,0.410673,-0.234172
0.742324,-0.62272,0.306253;0.717522,-0.509582,0.409533,-0.240357
0.742598,-0.633364,0.307909;0.707942,-0.520671,0.408148,-0.247255
0.742943,-0.644251,0.309704;0.697078,-0.532831,0.406483,-0.254843
0.743332,-0.654105,0.311445;0.685987,-0.544817,0.404685,-0.262347
0.743854,-0.664501,0.313454;0.672383,-0.558965,0.402353,-0.27124
0.744543,-0.674561,0.315671;0.656113,-0.57514,0.399394,-0.281452
0.745615,-0.684438,0.318429;0.633362,-0.5965,0.39497,-0.295024
0.748712,-0.688994,0.323461;0.57786,-0.643229,0.382948,-0.325092
0.750861,-0.679034,0.325301;0.544677,-0.667988,0.375036,-0.341274
0.752189,-0.669141,0.325957;0.525604,-0.681261,0.370269,-0.350034
0.753297,-0.659089,0.326267;0.510383,-0.691385,0.366358,-0.35676
0.754269,-0.649072,0.326381;0.499309,-0.702154,0.364017,-0.353782
0.755166,-0.638948,0.326372;0.491338,-0.714262,0.362975,-0.341564
0.756,-0.628897,0.326281;0.484012,-0.724939,0.361925,-0.330463
0.756858,-0.617991,0.326117;0.476544,-0.735405,0.36077,-0.319266
0.75764,-0.607608,0.325916;0.46979,-0.744527,0.359654,-0.309234
0.758441,-0.5966,0.325665;0.462927,-0.753478,0.358456,-0.299131
0.759157,-0.586474,0.325409;0.456834,-0.761167,0.357339,-0.290234
0.759886,-0.575905,0.325121;0.45066,-0.768722,0.35616,-0.281286
0.760628,-0.564907,0.324804;0.444407,-0.776141,0.354917,-0.272288
0.761383,-0.553498,0.324461;0.438076,-0.783423,0.353612,-0.263242
0.762041,-0.543403,0.324148;0.432587,-0.789555,0.352444,-0.255451
0.762708,-0.533027,0.323819;0.427042,-0.795584,0.351229,-0.247627
0.763384,-0.52238,0.323476;0.421442,-0.80151,0.34997,-0.239771
0.76407,-0.511473,0.32312;0.415787,-0.807332,0.348664,-0.231884
0.764764,-0.500315,0.322754;0.410078,-0.813049,0.347314,-0.223967
0.765467,-0.488917,0.322379;0.404316,-0.81866,0.345918,-0.216021
0.766178,-0.477288,0.321997;0.398501,-0.824165,0.344478,-0.208046
0.766898,-0.465439,0.321609;0.392635,-0.829564,0.342993,-0.200045
0.767504,-0.455403,0.321282;0.387707,-0.83398,0.341721,-0.193357
0.768116,-0.445228,0.320954;0.382745,-0.838321,0.340419,-0.186652
0.768733,-0.434918,0.320624;0.377748,-0.842587,0.339086,-0.17993
0.769356,-0.424479,0.320295;0.372717,-0.846777,0.337722,-0.173192
0.769985,-0.413917,0.319967;0.367652,-0.85089,0.336328,-0.166438
0.770618,-0.403239,0.319641;0.362554,-0.854927,0.334903,-0.15967
0.771257,-0.392449,0.319319;0.357424,-0.858886,0.333449,-0.152886
0.771902,-0.381555,0.319;0.352261,-0.862769,0.331964,-0.14609
0.772551,-0.37056,0.318686;0.347066,-0.866573,0.33045,-0.139279
0.773205,-0.359472,0.318378;0.341841,-0.8703,0.328905,-0.132457
0.773864,-0.348297,0.318077;0.336584,-0.873948,0.327331,-0.125622
0.774528,-0.337039,0.317784;0.331297,-0.877517,0.325728,-0.118776
0.775197,-0.325705,0.3175;0.325981,-0.881007,0.324095,-0.11192
0.77587,-0.314301,0.317225;0.320635,-0.884418,0.322433,-0.105053
0.776548,-0.302832,0.316962;0.31526,-0.887749,0.320742,-0.0981769
0.777231,-0.291305,0.31671;0.309856,-0.891,0.319022,-0.0912919
0.777918,-0.279725,0.316471;0.304425,-0.89417,0.317273,-0.0843986
0.778609,-0.268098,0.316246;0.298966,-0.89726,0.315495,-0.0774978
0.779304,-0.256429,0.316035;0.29348,-0.900269,0.31369,-0.07059
0.780004,-0.244726,0.31584;0.287968,-0.903198,0.311856,-0.0636758
0.780708,-0.232992,0.315662;0.28243,-0.906044,0.309993,-0.0567559
0.781416,-0.221235,0.315502;0.276866,-0.908809,0.308103,-0.0498308
0.782127,-0.20946,0.315359;0.271278,-0.911492,0.306185,-0.0429013
0.782843,-0.197673,0.315237;0.265665,-0.914093,0.30424,-0.0359679
0.783562,-0.18588,0.315135;0.260028,-0.916612,0.302267,-0.0290313
0.784285,-0.174086,0.315054;0.254368,-0.919048,0.300267,-0.022092
0.785011,-0.162298,0.314996;0.248684,-0.921401,0.298239,-0.0151508
0.785741,-0.150521,0.314962;0.242979,-0.923671,0.296185,-0.00820816
0.786474,-0.138761,0.314952;0.237251,-0.925858,0.294105,-0.00126481
0.787211,-0.127024,0.314967;0.231502,-0.927961,0.291997,0.00567866
0.787951,-0.115316,0.315008;0.225732,-0.929981,0.289864,0.0126216
0.788694,-0.103642,0.315077;0.219942,-0.931917,0.287704,0.0195634
0.78944,-0.0920086,0.315174;0.214132,-0.933769,0.285518,0.0265035
0.790189,-0.0804213,0.315301;0.208303,-0.935537,0.283307,0.0334411
0.790941,-0.0688861,0.315457;0.202455,-0.93722,0.28107,0.0403758
0.791696,-0.0574087,0.315645;0.196588,-0.938819,0.278808,0.0473068
0.792453,-0.0459949,0.315865;0.190704,-0.940334,0.27652,0.0542336
0.793214,-0.0346507,0.316118;0.184803,-0.941763,0.274208,0.0611554
0.793976,-0.0233818,0.316405;0.178885,-0.943108,0.271871,0.0680718
0.794742,-0.012194,0.316728;0.172951,-0.944368,0.269509,0.074982
0.795509,-0.00109324,0.317086;0.167002,-0.945542,0.267123,0.0818854
0.796279,0.00991476,0.317481;0.161037,-0.946632,0.264714,0.0887815
0.797051,0.0208241,0.317915;0.155058,-0.947636,0.26228,0.0956696
0.797826,0.0316291,0.318387;0.149065,-0.948555,0.259822,0.102549
0.798602,0.0423237,0.318899;0.143058,-0.949388,0.257342,0.109419
0.799381,0.0529022,0.319453;0.137039,-0.950135,0.254837,0.11628
0.800161,0.0633589,0.320048;0.131007,-0.950797,0.252311,0.123129
0.800943,0.0736877,0.320686;0.124963,-0.951374,0.249761,0.129968
0.801727,0.083883,0.321367;0.118908,-0.951864,0.247189,0.136795
0.802512,0.0939389,0.322094;0.112843,-0.952269,0.244594,0.14361
0.803457,0.105814,0.323026;0.10555,-0.952642,0.241452,0.151771
0.804404,0.117469,0.324026;0.0982447,-0.95289,0.238278,0.159911
0.805352,0.128896,0.325095;0.0909261,-0.953016,0.235073,0.168031
0.806303,0.140083,0.326235;0.0835958,-0.953017,0.231838,0.17613
0.807255,0.15102,0.327448;0.0762546,-0.952895,0.228572,0.184205
0.808209,0.161699,0.328735;0.0689035,-0.952649,0.225277,0.192257
0.809164,0.172107,0.330098;0.0615434,-0.952279,0.221953,0.200283
0.81012,0.182236,0.331539;0.0541754,-0.951786,0.2186,0.208284
0.811077,0.192076,0.333059;0.0468003,-0.95117,0.215219,0.216257
0.812195,0.203175,0.334934;0.0381885,-0.950294,0.211238,0.225524
0.813315,0.213851,0.336923;0.0295699,-0.949251,0.207221,0.234751
0.814435,0.224087,0.339027;0.020946,-0.94804,0.203166,0.243937
0.815555,0.233867,0.341249;0.0123185,-0.946661,0.199076,0.253079
0.816836,0.244465,0.343937;0.00245592,-0.944881,0.194359,0.263473
0.818118,0.254423,0.346787;-0.00740724,-0.942883,0.189597,0.273806
0.819559,0.264831,0.350192;-0.0185011,-0.940375,0.184187,0.285355
0.820999,0.274364,0.353812;-0.0295897,-0.937593,0.178723,0.296821
0.822598,0.283889,0.358094;-0.0418999,-0.93418,0.172592,0.309458
0.824354,0.293016,0.36313;-0.0554236,-0.930037,0.165775,0.323231
0.826266,0.301288,0.369022;-0.070149,-0.925055,0.158256,0.338095
0.828489,0.308612,0.376442;-0.087282,-0.918635,0.149381,0.355213
0.830861,0.313539,0.385065;-0.10557,-0.911037,0.139754,0.373275
0.833377,0.315293,0.395061;-0.124983,-0.902119,0.129362,0.392208
0.83572,0.313488,0.405207;-0.143077,-0.893001,0.11951,0.409629
0.837736,0.3091,0.414628;-0.158666,-0.884513,0.110893,0.424458
0.839431,0.303258,0.423068;-0.171782,-0.876909,0.103548,0.436805
0.840962,0.296198,0.431123;-0.18364,-0.869665,0.0968324,0.447864
0.842331,0.288381,0.43869;-0.194256,-0.862877,0.0907582,0.457679
0.843541,0.28024,0.445674;-0.203645,-0.856632,0.0853365,0.466292
0.844594,0.272176,0.451986;-0.211821,-0.851005,0.0805764,0.47374
0.845641,0.263217,0.45849;-0.219961,-0.845228,0.075802,0.481104
0.846533,0.254815,0.464219;-0.226906,-0.840157,0.071699,0.487348
0.847421,0.245733,0.470092;-0.233823,-0.834978,0.0675867,0.493529
0.848305,0.235963,0.476111;-0.240709,-0.82969,0.0634657,0.499647
0.849037,0.227287,0.48124;-0.246423,-0.825201,0.0600251,0.504695
0.849767,0.21812,0.486472;-0.252115,-0.820637,0.0565792,0.509697
0.850492,0.208456,0.491808;-0.257785,-0.816,0.0531281,0.514654
0.851214,0.198289,0.49725;-0.263431,-0.811289,0.0496723,0.519564
0.851933,0.187613,0.502798;-0.269054,-0.806505,0.0462119,0.524428
0.852505,0.178702,0.507313;-0.273534,-0.802625,0.0434407,0.528285
0.853074,0.169459,0.511898;-0.277999,-0.798699,0.0406669,0.532111
