0.826699,-0.579499,0.592774;0.767489,-0.487007,-0.0927843,-0.406418
0.826412,-0.567312,0.587953;0.769934,-0.48504,-0.0902255,-0.404719
0.82612,-0.555202,0.583186;0.772363,-0.483064,-0.0876649,-0.403012
0.825824,-0.543171,0.578474;0.774778,-0.481079,-0.0851026,-0.401298
0.825524,-0.531217,0.573815;0.777177,-0.479085,-0.0825386,-0.399576
0.825219,-0.51934,0.56921;0.779562,-0.477081,-0.0799731,-0.397846
0.824911,-0.507541,0.564658;0.781932,-0.475068,-0.077406,-0.396108
0.824598,-0.495818,0.56016;0.784286,-0.473046,-0.0748375,-0.394363
0.824282,-0.484173,0.555715;0.786626,-0.471014,-0.0722675,-0.39261
0.823961,-0.472603,0.551322;0.78895,-0.468974,-0.0696961,-0.39085
0.823636,-0.46111,0.546981;0.791259,-0.466925,-0.0671233,-0.389082
0.823308,-0.449693,0.542693;0.793553,-0.464866,-0.0645493,-0.387307
0.822976,-0.438352,0.538457;0.795831,-0.462799,-0.061974,-0.385524
0.82264,-0.427086,0.534273;0.798095,-0.460723,-0.0593975,-0.383734
0.8223,-0.415896,0.53014;0.800342,-0.458638,-0.0568199,-0.381936
0.821957,-0.404781,0.526058;0.802575,-0.456544,-0.0542412,-0.380131
0.82161,-0.393741,0.522027;0.804792,-0.454441,-0.0516615,-0.378319
0.821259,-0.382775,0.518046;0.806993,-0.452329,-0.0490807,-0.376499
0.820905,-0.371884,0.514116;0.809179,-0.450209,-0.046499,-0.374672
0.820547,-0.361068,0.510237;0.811349,-0.44808,-0.0439164,-0.372838
0.820186,-0.350325,0.506407;0.813504,-0.445942,-0.041333,-0.370997
0.819821,-0.339656,0.502627;0.815643,-0.443796,-0.0387487,-0.369148
0.819454,-0.329061,0.498896;0.817766,-0.441642,-0.0361637,-0.367293
0.819082,-0.318539,0.495214;0.819873,-0.439478,-0.033578,-0.36543
0.818708,-0.308091,0.491581;0.821965,-0.437307,-0.0309917,-0.36356
0.81833,-0.297715,0.487997;0.824041,-0.435126,-0.0284048,-0.361684
0.817949,-0.287412,0.484462;0.826101,-0.432938,-0.0258173,-0.3598
0.817565,-0.277182,0.480974;0.828145,-0.430741,-0.0232293,-0.357909
0.817178,-0.267024,0.477535;0.830173,-0.428536,-0.0206409,-0.356012
0.816787,-0.256938,0.474143;0.832185,-0.426322,-0.0180521,-0.354108
0.816394,-0.246923,0.470798;0.834181,-0.424101,-0.0154629,-0.352196
0.815998,-0.236981,0.467501;0.83616,-0.421871,-0.0128735,-0.350278
0.815599,-0.22711,0.46425;0.838124,-0.419633,-0.0102838,-0.348354
0.815197,-0.21731,0.461047;0.840072,-0.417387,-0.00769384,-0.346422
0.814792,-0.207581,0.457889;0.842003,-0.415133,-0.00510378,-0.344484
0.814384,-0.197922,0.454778;0.843918,-0.412871,-0.00251362,-0.342539
0.813974,-0.188335,0.451712;0.845817,-0.410601,7.65867e-05,-0.340588
0.813423,-0.17566,0.447696;0.848324,-0.407562,0.00353019,-0.337976
0.812867,-0.163111,0.44376;0.850801,-0.404509,0.00698366,-0.335352
0.812307,-0.150685,0.439904;0.85325,-0.401442,0.0104369,-0.332717
0.811742,-0.138382,0.436128;0.855669,-0.398361,0.0138898,-0.330071
0.811173,-0.126203,0.43243;0.858058,-0.395267,0.0173422,-0.327413
0.810599,-0.114146,0.428811;0.860419,-0.392159,0.020794,-0.324744
0.810022,-0.10221,0.425269;0.86275,-0.389038,0.0242451,-0.322064
0.80944,-0.0903963,0.421804;0.865051,-0.385903,0.0276954,-0.319372
0.808855,-0.0787032,0.418415;0.867323,-0.382755,0.0311447,-0.31667
0.808265,-0.0671303,0.415102;0.869565,-0.379594,0.0345929,-0.313957
0.807672,-0.0556772,0.411864;0.871777,-0.37642,0.03804,-0.311233
0.807076,-0.0443433,0.408701;0.873959,-0.373233,0.0414858,-0.308499
0.806476,-0.0331282,0.405612;0.876111,-0.370034,0.0449301,-0.305754
0.805873,-0.0220313,0.402596;0.878233,-0.366821,0.0483729,-0.302998
0.805266,-0.011052,0.399653;0.880326,-0.363597,0.051814,-0.300233
0.804657,-0.000189926,0.396782;0.882388,-0.360359,0.0552534,-0.297456
0.804044,0.0105555,0.393982;0.884419,-0.35711,0.0586909,-0.29467
0.803428,0.0211849,0.391254;0.886421,-0.353848,0.0621263,-0.291874
0.80281,0.0316987,0.388596;0.888392,-0.350574,0.0655597,-0.289067
0.802189,0.0420974,0.386008;0.890333,-0.347287,0.0689908,-0.286251
0.801565,0.0523815,0.383489;0.892243,-0.343989,0.0724195,-0.283425
0.800939,0.0625517,0.381039;0.894122,-0.34068,0.0758457,-0.280589
0.80031,0.0726083,0.378656;0.895971,-0.337358,0.0792694,-0.277743
0.79968,0.082552,0.376341;0.897789,-0.334025,0.0826903,-0.274888
0.799047,0.0923832,0.374093;0.899577,-0.330681,0.0861084,-0.272024
0.798253,0.104515,0.371376;0.901768,-0.326484,0.0903768,-0.26843
0.797456,0.116473,0.368761;0.903911,-0.32227,0.0946404,-0.264822
0.796656,0.128258,0.366248;0.906005,-0.318039,0.098899,-0.2612
0.795853,0.139871,0.363834;0.908051,-0.313791,0.103152,-0.257564
0.795049,0.151313,0.361519;0.910048,-0.309526,0.1074,-0.253914
0.794242,0.162586,0.359302;0.911996,-0.305244,0.111642,-0.25025
0.793433,0.173689,0.357181;0.913896,-0.300946,0.115878,-0.246573
0.792623,0.184625,0.355156;0.915746,-0.296632,0.120108,-0.242883
0.791811,0.195395,0.353224;0.917548,-0.292302,0.124331,-0.23918
0.790997,0.205998,0.351386;0.9193,-0.287956,0.128548,-0.235464
0.790183,0.216437,0.349639;0.921004,-0.283595,0.132758,-0.231736
0.789368,0.226712,0.347983;0.922658,-0.279219,0.13696,-0.227995
0.788552,0.236825,0.346417;0.924262,-0.274828,0.141156,-0.224241
0.787736,0.246776,0.344939;0.925817,-0.270422,0.145344,-0.220476
0.786756,0.258505,0.34328;0.927618,-0.265116,0.150359,-0.215942
0.785776,0.270005,0.341745;0.929347,-0.259789,0.155362,-0.211392
0.784797,0.281277,0.340331;0.931004,-0.254443,0.160354,-0.206825
0.783818,0.292323,0.339037;0.93259,-0.249076,0.165333,-0.202242
0.782841,0.303145,0.33786;0.934104,-0.243691,0.170299,-0.197644
0.781865,0.313744,0.336798;0.935545,-0.238287,0.175252,-0.193031
0.780891,0.324122,0.33585;0.936915,-0.232864,0.180192,-0.188402
0.779919,0.334282,0.335013;0.938212,-0.227424,0.185118,-0.183759
0.77895,0.344225,0.334286;0.939437,-0.221965,0.19003,-0.179102
0.777823,0.355552,0.333573;0.940775,-0.215576,0.195741,-0.173651
0.776701,0.366589,0.333003;0.942014,-0.209164,0.201432,-0.168182
0.775584,0.377339,0.332573;0.943154,-0.20273,0.207102,-0.162696
0.774473,0.387804,0.332279;0.944195,-0.196275,0.212751,-0.157192
0.773368,0.397986,0.332119;0.945137,-0.189799,0.218377,-0.151672
0.772114,0.409282,0.332095;0.946092,-0.182374,0.224778,-0.145344
0.77087,0.420217,0.332236;0.946917,-0.174923,0.231149,-0.138996
0.769637,0.430796,0.332537;0.947613,-0.167449,0.237488,-0.132628
0.768416,0.441023,0.332995;0.948179,-0.159952,0.243794,-0.126243
0.767057,0.452113,0.333689;0.94866,-0.151491,0.250849,-0.119039
0.765715,0.462768,0.334568;0.948976,-0.143004,0.25786,-0.111814
0.764392,0.472995,0.335624;0.949128,-0.134493,0.264827,-0.10457
0.762944,0.483863,0.336998;0.949103,-0.125008,0.272514,-0.0964993
0.761523,0.494217,0.338572;0.948876,-0.115497,0.280142,-0.0884083
0.76013,0.504066,0.340339;0.948445,-0.10596,0.28771,-0.0802983
0.758631,0.514326,0.342493;0.947736,-0.0954444,0.295964,-0.0713575
0.757169,0.523996,0.344856;0.946782,-0.0849037,0.304141,-0.0623982
0.755621,0.533883,0.347657;0.945461,-0.0733798,0.312972,-0.0526061
0.754001,0.543833,0.350936;0.943701,-0.0608701,0.322429,-0.0419798
0.752327,0.553681,0.354729;0.941424,-0.0473736,0.332484,-0.0305191
0.750621,0.563261,0.359066;0.938545,-0.0328912,0.343101,-0.0182258
0.748905,0.5724,0.363968;0.934977,-0.017426,0.354244,-0.00510335
0.747209,0.580928,0.369448;0.930623,-0.000983886,0.365871,0.00884214
0.745419,0.589327,0.376081;0.928202,0.000149057,0.371674,0.0173214
0.743738,0.596543,0.383384;0.927687,-0.0110443,0.372605,0.0209861
0.742095,0.602747,0.392038;0.92694,-0.0238348,0.373605,0.0251708
0.740617,0.607201,0.402094;0.925897,-0.0382187,0.374648,0.029873
0.739548,0.60907,0.412401;0.924641,-0.0525938,0.375604,0.0345683
0.738907,0.608449,0.422872;0.92317,-0.0669568,0.376474,0.0392556
0.738712,0.605431,0.433419;0.921486,-0.0813042,0.377257,0.0439338
0.738929,0.600811,0.442784;0.919811,-0.0940418,0.377879,0.0480837
0.739525,0.594438,0.452077;0.917967,-0.106762,0.378433,0.0522249
0.740368,0.587474,0.460099;0.916216,-0.117877,0.37886,0.0558406
0.741521,0.579262,0.467976;0.914337,-0.128975,0.379235,0.0594485
0.742762,0.571262,0.47458;0.912625,-0.138473,0.379514,0.0625344
0.744241,0.562406,0.48102;0.910819,-0.147957,0.379754,0.0656138
0.745966,0.55272,0.48727;0.908919,-0.157426,0.379954,0.0686865
0.747593,0.544035,0.492315;0.907265,-0.165304,0.380092,0.0712418
0.749398,0.534809,0.497194;0.905546,-0.173171,0.380202,0.0737919
0.751382,0.525059,0.501892;0.903762,-0.181025,0.380286,0.0763368
0.753549,0.5148,0.506395;0.901914,-0.188866,0.380342,0.0788762
0.755902,0.504049,0.510687;0.900001,-0.196694,0.380371,0.08141
0.758445,0.492821,0.514752;0.898024,-0.204508,0.380373,0.083938
0.760617,0.483507,0.517831;0.896397,-0.210749,0.380355,0.0859561
0.762914,0.473907,0.520748;0.894728,-0.216979,0.380319,0.0879702
0.765338,0.464028,0.523495;0.893019,-0.223201,0.380267,0.0899804
0.767889,0.45388,0.526064;0.891269,-0.229411,0.380197,0.0919864
0.77057,0.443469,0.528447;0.889478,-0.235612,0.380109,0.0939882
0.773383,0.432806,0.530637;0.887646,-0.241801,0.380004,0.0959858
0.776328,0.421897,0.532625;0.885774,-0.24798,0.379882,0.0979789
0.779407,0.410751,0.534405;0.883862,-0.254147,0.379742,0.0999676
0.782623,0.399376,0.535967;0.881909,-0.260303,0.379586,0.101952
0.785976,0.387781,0.537305;0.879916,-0.266446,0.379411,0.103931
0.789469,0.375973,0.538411;0.877882,-0.272578,0.37922,0.105906
0.793102,0.363961,0.539276;0.875809,-0.278697,0.379011,0.107876
0.796878,0.351753,0.539894;0.873696,-0.284804,0.378785,0.109841
0.800798,0.339358,0.540256;0.871542,-0.290897,0.378541,0.111801
0.804537,0.327781,0.540356;0.869524,-0.296498,0.378302,0.113602
0.808009,0.317238,0.540252;0.867291,-0.300867,0.379446,0.115349
0.811575,0.306586,0.539968;0.865034,-0.305228,0.38058,0.117094
0.815229,0.295834,0.53951;0.862752,-0.30958,0.381703,0.118835
0.818967,0.284993,0.538884;0.860446,-0.313923,0.382815,0.120573
0.82278,0.274071,0.538097;0.858116,-0.318257,0.383916,0.122307
0.826664,0.263077,0.537154;0.855761,-0.322582,0.385006,0.124038
0.830611,0.252021,0.536063;0.853381,-0.326898,0.386085,0.125765
0.834616,0.240913,0.534828;0.850977,-0.331204,0.387153,0.127489
0.838672,0.229761,0.533455;0.84855,-0.335501,0.388211,0.129209
0.842773,0.218575,0.531952;0.846098,-0.339789,0.389257,0.130926
0.846914,0.207364,0.530325;0.843622,-0.344067,0.390292,0.132638
0.851087,0.196137,0.528578;0.841122,-0.348335,0.391316,0.134347
0.855286,0.184905,0.526719;0.838598,-0.352593,0.392329,0.136053
0.859506,0.173676,0.524754;0.83605,-0.356841,0.393331,0.137754
0.863739,0.162459,0.522688;0.833478,-0.361079,0.394321,0.139451
0.867981,0.151264,0.520528;0.830883,-0.365307,0.3953,0.141145
0.872224,0.1401,0.51828;0.828264,-0.369525,0.396269,0.142834
0.876462,0.128977,0.51595;0.825622,-0.373732,0.397225,0.144519
0.880689,0.117904,0.513544;0.822956,-0.377928,0.398171,0.1462
0.8849,0.10689,0.511069;0.820266,-0.382113,0.399105,0.147878
0.889087,0.0959445,0.50853;0.817554,-0.386288,0.400028,0.14955
0.893244,0.0850769,0.505934;0.814818,-0.390452,0.400939,0.151219
0.897366,0.0742965,0.503286;0.812059,-0.394604,0.40184,0.152883
0.901445,0.0636126,0.500593;0.809276,-0.398746,0.402728,0.154543
0.905477,0.0530346,0.497861;0.806471,-0.402876,0.403605,0.156199
0.909454,0.0425719,0.495097;0.803643,-0.406994,0.404471,0.15785
0.91337,0.0322336,0.492305;0.800792,-0.411101,0.405325,0.159496
0.917219,0.0220292,0.489493;0.797918,-0.415196,0.406168,0.161139
0.920996,0.0119681,0.486666;0.795022,-0.41928,0.406999,0.162776
0.924692,0.00205943,0.48383;0.792103,-0.423351,0.407819,0.164409
0.928304,-0.00768733,0.480993;0.789161,-0.427411,0.408627,0.166037
0.931823,-0.0172629,0.478159;0.786197,-0.431458,0.409423,0.167661
0.935245,-0.0266579,0.475335;0.783211,-0.435493,0.410208,0.169279
0.938562,-0.0358631,0.472527;0.780202,-0.439516,0.410981,0.170893
0.942552,-0.0470883,0.469049;0.77641,-0.444527,0.411931,0.172904
0.946358,-0.057984,0.465618;0.772584,-0.449518,0.412863,0.174907
0.949967,-0.068532,0.462246;0.768723,-0.454489,0.413776,0.176902
0.953367,-0.0787141,0.458944;0.764828,-0.45944,0.414671,0.178889
0.956545,-0.088512,0.455724;0.760899,-0.46437,0.415547,0.180868
0.95949,-0.0979075,0.452599;0.756936,-0.46928,0.416405,0.182839
0.962699,-0.108625,0.44899;0.752137,-0.475145,0.41741,0.185194
0.965533,-0.118706,0.445556;0.747289,-0.480978,0.418389,0.187537
0.967972,-0.128118,0.442316;0.742393,-0.486782,0.41934,0.189868
0.970289,-0.138211,0.438809;0.736622,-0.493512,0.420417,0.192572
0.9722,-0.148515,0.435203;0.729947,-0.501152,0.421602,0.195642
0.97335,-0.158449,0.431716;0.722339,-0.509679,0.422878,0.199069
0.973219,-0.168054,0.42837;0.712899,-0.52,0.424355,0.203218
0.969459,-0.176945,0.425477;0.69905,-0.533363,0.427574,0.209841
0.959006,-0.178177,0.425789;0.68619,-0.538741,0.436716,0.219499
0.949021,-0.17392,0.428051;0.677475,-0.542216,0.442721,0.225893
0.940241,-0.168478,0.430666;0.670865,-0.544763,0.447177,0.230664
0.93222,-0.162671,0.433371;0.665309,-0.546847,0.450859,0.234624
0.923665,-0.155861,0.436494;0.65971,-0.548896,0.454512,0.238568
0.914677,-0.14819,0.439982;0.654069,-0.550909,0.458135,0.242497
0.907244,-0.14153,0.442997;0.649526,-0.552494,0.461013,0.245629
0.899649,-0.134485,0.446182;0.644956,-0.554057,0.463871,0.248751
0.891945,-0.127129,0.449509;0.640359,-0.555596,0.46671,0.251863
0.884183,-0.119534,0.452949;0.635736,-0.557113,0.46953,0.254964
0.876415,-0.111774,0.456475;0.631086,-0.558607,0.472331,0.258055
0.868692,-0.103922,0.460059;0.626411,-0.560077,0.475112,0.261135
0.861067,-0.0960527,0.463672;0.62171,-0.561525,0.477874,0.264204
0.853589,-0.0882388,0.467286;0.616983,-0.562949,0.480616,0.267262
0.846312,-0.0805537,0.470874;0.61223,-0.56435,0.483338,0.27031
0.839286,-0.073071,0.474406;0.607453,-0.565728,0.48604,0.273346
0.832563,-0.0658641,0.477856;0.60265,-0.567083,0.488722,0.276371
0.824665,-0.0573552,0.482009;0.596612,-0.568743,0.492046,0.280136
0.817421,-0.0495356,0.485933;0.590535,-0.570366,0.495339,0.283883
0.810932,-0.0425486,0.489575;0.584421,-0.571953,0.498599,0.287612
0.804286,-0.0354652,0.493493;0.577033,-0.573809,0.50247,0.292062
0.797642,-0.0286357,0.497797;0.5671,-0.5762,0.507558,0.297953
0.794478,-0.0279377,0.502565;0.542516,-0.581626,0.519599,0.312096
0.799972,-0.0362829,0.50158;0.579577,-0.56508,0.492464,0.319771
0.805936,-0.044748,0.499998;0.604041,-0.553004,0.47327,0.324557
0.811795,-0.0528626,0.498349;0.623118,-0.542891,0.457526,0.328121
0.81789,-0.0611813,0.496629;0.640209,-0.533273,0.442801,0.331178
0.82394,-0.0693532,0.494957;0.655407,-0.524248,0.429181,0.333782
0.830396,-0.0779973,0.493241;0.670274,-0.514957,0.415343,0.336218
0.836487,-0.0860939,0.491704;0.683365,-0.506373,0.40271,0.338264
0.842787,-0.0944116,0.490219;0.696177,-0.497582,0.389912,0.340173
0.849236,-0.102874,0.488825;0.708704,-0.488588,0.376955,0.341943
0.855779,-0.111404,0.487564;0.720942,-0.479394,0.363844,0.343572
0.862359,-0.119926,0.486477;0.732884,-0.470004,0.350584,0.345061
0.868917,-0.128363,0.485605;0.744527,-0.460422,0.337181,0.34641
0.875398,-0.136638,0.484989;0.755866,-0.450651,0.32364,0.347616
0.881743,-0.144676,0.48467;0.766896,-0.440697,0.309966,0.348681
0.888566,-0.153235,0.484715;0.778783,-0.429425,0.294625,0.349696
0.895073,-0.161301,0.485234;0.790277,-0.417936,0.279135,0.350535
0.901773,-0.16948,0.486419;0.80246,-0.405055,0.261934,0.351253
0.908416,-0.177413,0.488533;0.815191,-0.390721,0.242987,0.351792
0.914676,-0.184638,0.491898;0.828314,-0.374873,0.222262,0.352088
0.920469,-0.190911,0.49733;0.842577,-0.35619,0.198114,0.352056
0.924863,-0.194922,0.505721;0.857585,-0.334528,0.170476,0.351536
0.926559,-0.195244,0.516026;0.870567,-0.313694,0.144236,0.350578
0.92597,-0.192739,0.526281;0.880288,-0.296467,0.122777,0.349466
0.924199,-0.188966,0.535402;0.887255,-0.283042,0.106198,0.348408
0.921554,-0.184103,0.544579;0.893142,-0.270837,0.0912309,0.347306
0.91832,-0.178548,0.55354;0.898069,-0.259896,0.0778952,0.346206
0.914774,-0.172693,0.562026;0.902142,-0.250253,0.0662057,0.345153
0.911182,-0.166907,0.569794;0.905455,-0.241938,0.056173,0.344182
0.907063,-0.160389,0.57803;0.908605,-0.233579,0.0461301,0.343148
0.903214,-0.154381,0.585261;0.911103,-0.226581,0.0377545,0.342239
0.898977,-0.147835,0.592834;0.913486,-0.219555,0.0293741,0.341287
0.894342,-0.140739,0.600754;0.915754,-0.2125,0.02099,0.340291
0.889299,-0.133079,0.60903;0.917906,-0.205419,0.0126033,0.339253
0.884965,-0.126537,0.615912;0.919544,-0.199736,0.00589274,0.338392
0.880358,-0.119618,0.623028;0.921109,-0.194036,-0.000818302,0.337503
