1.00411,0.136993,0.548246;0.621801,-0.737279,-0.0140768,0.26379
0.996406,0.126767,0.5523;0.620682,-0.739326,-0.00978868,0.260873
0.988888,0.116714,0.556285;0.619543,-0.74135,-0.00550027,0.257948
0.981553,0.106833,0.560203;0.618383,-0.743349,-0.00121167,0.255015
0.974401,0.097123,0.564053;0.617204,-0.745325,0.00307696,0.252073
0.967428,0.0875824,0.567837;0.616005,-0.747276,0.00736549,0.249123
0.960635,0.0782101,0.571554;0.614786,-0.749203,0.0116538,0.246165
0.954018,0.0690048,0.575204;0.613547,-0.751106,0.0159417,0.243199
0.947577,0.0599652,0.57879;0.612288,-0.752985,0.0202291,0.240225
0.941309,0.0510902,0.58231;0.611009,-0.754839,0.0245159,0.237243
0.935214,0.0423784,0.585765;0.609711,-0.756669,0.0288018,0.234254
0.929289,0.0338286,0.589156;0.608393,-0.758475,0.0330868,0.231257
0.923532,0.0254396,0.592484;0.607055,-0.760256,0.0373708,0.228253
0.917943,0.0172101,0.595748;0.605697,-0.762012,0.0416535,0.225241
0.912519,0.00913884,0.598949;0.60432,-0.763744,0.0459349,0.222222
0.907259,0.0012246,0.602087;0.602924,-0.765451,0.0502149,0.219196
0.900498,-0.00908565,0.606175;0.601031,-0.767688,0.0559189,0.21515
0.894021,-0.019122,0.610154;0.599104,-0.769881,0.0616196,0.211092
0.887824,-0.0288873,0.614025;0.597143,-0.77203,0.0673169,0.207022
0.881904,-0.0383846,0.617788;0.595147,-0.774135,0.0730103,0.202939
0.876257,-0.0476169,0.621446;0.593117,-0.776195,0.0786994,0.198845
0.870878,-0.056587,0.624998;0.591053,-0.778211,0.0843841,0.19474
0.865765,-0.0652981,0.628446;0.588955,-0.780182,0.0900639,0.190623
0.860912,-0.073753,0.631791;0.586823,-0.782108,0.0957385,0.186496
0.855207,-0.0839659,0.635829;0.584111,-0.784452,0.102824,0.181321
0.849895,-0.093789,0.63971;0.581346,-0.786726,0.1099,0.17613
0.844971,-0.103228,0.643436;0.578529,-0.788929,0.116967,0.170924
0.840424,-0.112289,0.647009;0.57566,-0.791061,0.124023,0.165702
0.836249,-0.120977,0.65043;0.572739,-0.793122,0.131067,0.160465
0.831718,-0.13092,0.65434;0.569166,-0.795501,0.139505,0.154162
0.827697,-0.140344,0.658038;0.56552,-0.797778,0.147925,0.147838
0.824172,-0.149261,0.661528;0.5618,-0.799951,0.156326,0.141496
0.820671,-0.159035,0.665343;0.557369,-0.802355,0.166102,0.134074
0.817808,-0.168146,0.668886;0.55284,-0.804619,0.175848,0.126628
0.815288,-0.17777,0.672608;0.547544,-0.807032,0.186948,0.118091
0.813378,-0.187617,0.676391;0.541436,-0.809525,0.199385,0.108454
0.812349,-0.197382,0.680104;0.534465,-0.812018,0.213135,0.0977102
0.812479,-0.206747,0.683611;0.526574,-0.814424,0.228172,0.0858514
0.814226,-0.216037,0.687007;0.516955,-0.816811,0.245814,0.0717886
0.818558,-0.22497,0.690122;0.504685,-0.819067,0.267321,0.0544217
0.826017,-0.231945,0.692301;0.490327,-0.820705,0.291222,0.0348248
0.835265,-0.235775,0.693154;0.476242,-0.821375,0.313484,0.0162791
0.845652,-0.237143,0.69296;0.462533,-0.821226,0.334139,-0.00119153
0.855878,-0.236711,0.692051;0.450189,-0.820476,0.351961,-0.016478
0.86617,-0.235067,0.690631;0.438443,-0.819263,0.368289,-0.0306623
0.876232,-0.232576,0.68886;0.427363,-0.817701,0.383162,-0.0437393
0.885836,-0.229543,0.686872;0.417013,-0.815897,0.396622,-0.0557068
0.895721,-0.225855,0.68456;0.406481,-0.813739,0.40991,-0.06765
0.904883,-0.221987,0.682194;0.396753,-0.81147,0.421834,-0.0784822
0.914733,-0.21739,0.679421;0.396728,-0.812226,0.419875,-0.0812469
0.923845,-0.212759,0.676651;0.400135,-0.813993,0.413237,-0.08089
0.932988,-0.207761,0.673672;0.403518,-0.815712,0.406575,-0.0805284
0.942133,-0.202421,0.670489;0.406877,-0.817382,0.399889,-0.080162
0.95125,-0.196763,0.66711;0.410212,-0.819005,0.39318,-0.0797909
0.960312,-0.190812,0.66354;0.413523,-0.820579,0.386447,-0.0794151
0.96929,-0.184592,0.659783;0.41681,-0.822105,0.379692,-0.0790347
0.978155,-0.178126,0.655847;0.420072,-0.823583,0.372914,-0.0786496
0.986878,-0.17144,0.651738;0.423309,-0.825012,0.366114,-0.0782598
0.99543,-0.164558,0.647459;0.426522,-0.826393,0.359293,-0.0778654
1.00378,-0.157503,0.643019;0.429709,-0.827725,0.35245,-0.0774665
1.01191,-0.150301,0.638421;0.432871,-0.829008,0.345587,-0.077063
1.01978,-0.142975,0.633673;0.436007,-0.830242,0.338704,-0.0766549
1.02736,-0.135549,0.62878;0.439118,-0.831427,0.3318,-0.0762423
1.03463,-0.128049,0.623747;0.442203,-0.832563,0.324877,-0.0758253
1.04155,-0.120497,0.618581;0.445262,-0.833651,0.317935,-0.0754037
1.0481,-0.112919,0.613287;0.448294,-0.834689,0.310974,-0.0749778
1.05426,-0.105339,0.607871;0.451301,-0.835678,0.303995,-0.0745474
1.05998,-0.0977811,0.602338;0.45428,-0.836618,0.296998,-0.0741126
1.06525,-0.0902693,0.596696;0.457233,-0.837508,0.289983,-0.0736734
1.07002,-0.082828,0.590948;0.460159,-0.838349,0.282951,-0.0732299
1.07429,-0.0754816,0.585102;0.463058,-0.839141,0.275903,-0.0727821
1.078,-0.0682542,0.579162;0.465929,-0.839884,0.268838,-0.0723301
1.08171,-0.0597728,0.57192;0.469339,-0.840709,0.26034,-0.0717819
1.08453,-0.0515398,0.564562;0.472709,-0.841463,0.251819,-0.0712277
1.08644,-0.043597,0.557098;0.476038,-0.842146,0.243277,-0.0706674
1.08737,-0.0359866,0.549538;0.479328,-0.842757,0.234715,-0.0701012
1.08727,-0.0287504,0.541892;0.482576,-0.843297,0.226132,-0.069529
1.0861,-0.0219303,0.53417;0.485784,-0.843765,0.21753,-0.0689509
1.08381,-0.0155684,0.526382;0.488951,-0.844162,0.20891,-0.0683669
1.08034,-0.00970643,0.518539;0.492076,-0.844487,0.200273,-0.0677772
1.0757,-0.00442731,0.510714;0.491957,-0.846383,0.193451,-0.0647453
1.06991,0.000244746,0.502954;0.477345,-0.855395,0.194599,-0.0507147
1.0637,0.00404314,0.495905;0.463857,-0.863223,0.19556,-0.0379378
1.05663,0.00743832,0.48889;0.450181,-0.870699,0.196441,-0.0251454
1.04879,0.0104538,0.481937;0.43632,-0.87782,0.197242,-0.0123427
1.04113,0.0128626,0.475755;0.423694,-0.883923,0.197894,-0.000815897
1.03294,0.0150001,0.469666;0.410928,-0.889735,0.198481,0.0107112
1.02427,0.0168835,0.463691;0.398027,-0.895253,0.199002,0.0222348
1.01519,0.0185298,0.457848;0.384994,-0.900476,0.199458,0.033751
1.00572,0.0199564,0.45216;0.371834,-0.905402,0.199848,0.0452561
0.997037,0.0210538,0.44725;0.360033,-0.909529,0.200139,0.0554704
0.988131,0.0220032,0.442491;0.348138,-0.91342,0.200378,0.0656703
0.979037,0.0228165,0.437899;0.336153,-0.917072,0.200565,0.075853
0.969792,0.0235059,0.433486;0.324079,-0.920485,0.200699,0.086016
0.960431,0.0240834,0.429269;0.311922,-0.923659,0.200782,0.0961565
0.950988,0.024561,0.42526;0.299683,-0.926591,0.200811,0.106272
0.941499,0.0249509,0.421475;0.287366,-0.929282,0.200789,0.11636
0.931999,0.025265,0.417927;0.274974,-0.931731,0.200714,0.126417
0.922522,0.0255155,0.414631;0.26251,-0.933936,0.200587,0.136442
0.911932,0.0257362,0.411241;0.248407,-0.936127,0.200381,0.147677
0.901467,0.0259086,0.408208;0.234221,-0.938008,0.20011,0.158863
0.891175,0.0260501,0.405553;0.219959,-0.93958,0.199772,0.169996
0.881108,0.0261778,0.403295;0.205624,-0.940842,0.199368,0.181074
0.870245,0.0263242,0.401277;0.189616,-0.94188,0.198843,0.193312
0.859788,0.0264983,0.399803;0.173532,-0.942534,0.198236,0.205472
0.849806,0.0267236,0.3989;0.157377,-0.942804,0.197549,0.217548
0.839456,0.0270587,0.3986;0.139532,-0.942658,0.196699,0.230728
0.829021,0.0275641,0.399144;0.119987,-0.941969,0.195663,0.244978
0.818859,0.0283224,0.400813;0.0987344,-0.940598,0.19441,0.260252
0.809412,0.029442,0.403934;0.0757712,-0.938398,0.192911,0.2765
0.800751,0.0311871,0.409278;0.0494546,-0.934967,0.19101,0.294799
0.794345,0.033689,0.417155;0.0214373,-0.930253,0.188771,0.313904
0.791277,0.0365751,0.426224;0.0127487,-0.934498,0.163757,0.315806
0.790582,0.0397357,0.436178;0.00867739,-0.939851,0.134955,0.313675
0.791447,0.0427464,0.445755;0.00518151,-0.943781,0.110172,0.311629
0.793293,0.0456964,0.45527;0.00197396,-0.946848,0.0873907,0.309576
0.796033,0.0487809,0.465391;-0.00123466,-0.949401,0.0645625,0.307355
0.799205,0.0516625,0.475038;-0.00415105,-0.951275,0.0437788,0.305191
0.80294,0.0545822,0.485036;-0.00706558,-0.952722,0.0229754,0.302891
0.806713,0.0572137,0.494276;-0.00968598,-0.953659,0.00424336,0.300704
0.810813,0.0598226,0.503689;-0.0123029,-0.954249,-0.0144903,0.298408
0.81518,0.0623833,0.513226;-0.0149153,-0.954493,-0.0332186,0.296003
0.819751,0.0648707,0.522832;-0.0175223,-0.954389,-0.0519349,0.293491
0.824466,0.0672594,0.532457;-0.0201229,-0.953939,-0.0706323,0.290872
0.829264,0.069524,0.542048;-0.0227162,-0.953142,-0.0893041,0.288147
0.834084,0.0716392,0.551554;-0.0253013,-0.951999,-0.107943,0.285318
0.838866,0.0735796,0.560921;-0.0278771,-0.950509,-0.126543,0.282385
0.843548,0.07532,0.570099;-0.0304429,-0.948675,-0.145097,0.27935
0.848069,0.0768349,0.579035;-0.0329975,-0.946495,-0.163599,0.276213
0.852829,0.0782229,0.588616;-0.0358219,-0.94367,-0.184086,0.272609
0.857232,0.0792665,0.597764;-0.0386303,-0.940422,-0.20449,0.268884
0.861563,0.0799753,0.607239;-0.0416994,-0.936361,-0.226829,0.264646
0.865547,0.0801709,0.616766;-0.0450216,-0.931352,-0.251057,0.25986
0.869033,0.0795594,0.626653;-0.0488607,-0.924747,-0.279118,0.254063
0.871266,0.0774697,0.636611;-0.0534643,-0.915635,-0.312859,0.246725
0.870419,0.072608,0.645318;-0.0590547,-0.902741,-0.353974,0.23722
0.864859,0.0649246,0.649434;-0.0645284,-0.888061,-0.394389,0.227246
0.857575,0.0575305,0.649197;-0.0683606,-0.876498,-0.422784,0.219845
0.85008,0.050841,0.647106;-0.0760254,-0.868594,-0.436528,0.221827
0.842401,0.0444523,0.644037;-0.098842,-0.865673,-0.422615,0.249475
0.834689,0.0382974,0.640393;-0.118853,-0.862025,-0.409816,0.273564
0.82738,0.0326144,0.636575;-0.136086,-0.858057,-0.398339,0.294186
0.819558,0.026645,0.632185;-0.1532,-0.853342,-0.386516,0.314551
0.811941,0.0209111,0.627658;-0.16888,-0.848331,-0.375304,0.333108
0.804669,0.015491,0.623135;-0.183144,-0.843185,-0.364781,0.349902
0.797162,0.00993605,0.618279;-0.197293,-0.837515,-0.354032,0.366478
0.789461,0.00426777,0.613114;-0.21132,-0.831322,-0.343062,0.382826
0.782324,-0.000965507,0.608169;-0.223958,-0.825244,-0.332903,0.397481
0.77509,-0.00625856,0.603007;-0.23648,-0.81874,-0.322574,0.411931
0.767789,-0.0115953,0.597643;-0.248881,-0.811816,-0.312078,0.42617
0.76045,-0.0169595,0.592096;-0.261153,-0.804473,-0.301422,0.440189
0.753104,-0.0223351,0.586384;-0.273291,-0.796717,-0.29061,0.453982
0.745782,-0.0277059,0.580524;-0.285289,-0.788551,-0.279649,0.467541
0.738513,-0.0330558,0.574534;-0.29714,-0.779978,-0.268545,0.480859
0.731328,-0.0383687,0.568432;-0.308838,-0.771005,-0.257302,0.49393
0.724256,-0.0436283,0.562235;-0.320376,-0.761634,-0.245926,0.506747
0.717329,-0.0488187,0.555961;-0.33175,-0.751872,-0.234424,0.519303
0.710576,-0.0539237,0.549627;-0.342954,-0.741723,-0.222801,0.531592
0.704028,-0.058927,0.543252;-0.35398,-0.731192,-0.211064,0.543607
0.697714,-0.0638126,0.536853;-0.364825,-0.720285,-0.199218,0.555342
0.691665,-0.0685643,0.530448;-0.375482,-0.709007,-0.18727,0.566792
0.685354,-0.0736174,0.523416;-0.386981,-0.69618,-0.174015,0.579049
0.67944,-0.0784674,0.516421;-0.398239,-0.682919,-0.160653,0.590946
0.673488,-0.0835017,0.50886;-0.410238,-0.667969,-0.145961,0.603505
0.66811,-0.0882409,0.501403;-0.421933,-0.652523,-0.131162,0.615616
0.66299,-0.0930098,0.493475;-0.434249,-0.635245,-0.11502,0.628222
0.658373,-0.0976811,0.485158;-0.447089,-0.616021,-0.0975245,0.641185
0.654551,-0.102102,0.476553;-0.460347,-0.594734,-0.0786709,0.654357
0.651867,-0.106093,0.46779;-0.4739,-0.57127,-0.0584605,0.667572
0.650716,-0.109769,0.458039;-0.489182,-0.542431,-0.0343628,0.682121
0.652253,-0.112365,0.448228;-0.505015,-0.509387,-0.00765605,0.696726
0.657322,-0.113273,0.439211;-0.520371,-0.473531,0.02034,0.71033
0.664791,-0.112435,0.432604;-0.532593,-0.441612,0.0444802,0.720656
0.673464,-0.110479,0.427983;-0.542118,-0.414094,0.0647466,0.728315
0.682943,-0.107773,0.424707;-0.549867,-0.389567,0.0824106,0.734229
0.692539,-0.10468,0.422508;-0.556067,-0.36823,0.0974857,0.73871
0.702574,-0.101192,0.421014;-0.56139,-0.348431,0.111241,0.742336
0.712761,-0.0974615,0.420109;-0.565925,-0.330244,0.123687,0.745231
0.722822,-0.0936338,0.419678;-0.569757,-0.31373,0.134833,0.747509
0.732493,-0.0898478,0.419612;-0.572965,-0.29894,0.144694,0.749273
0.742865,-0.085692,0.419853;-0.575984,-0.284052,0.154507,0.750789
0.752527,-0.081746,0.420322;-0.578469,-0.270949,0.163052,0.751914
0.76275,-0.0775051,0.42104;-0.580809,-0.257776,0.171556,0.752848
0.771964,-0.0736311,0.421858;-0.582698,-0.246434,0.178811,0.753498
0.781604,-0.0695329,0.422866;-0.58448,-0.235046,0.186032,0.754009
0.791675,-0.065207,0.424068;-0.586152,-0.223615,0.193219,0.754379
