0.724884,0.375012,0.47966;0.350374,0.842209,0.314993,-0.262108
0.715335,0.371101,0.486616;0.360947,0.838976,0.314732,-0.258416
0.706026,0.367261,0.49344;0.371471,0.835629,0.31443,-0.254689
0.696955,0.363491,0.500132;0.381945,0.832169,0.314084,-0.250928
0.68812,0.35979,0.506693;0.392366,0.828595,0.313695,-0.247132
0.679519,0.356158,0.513124;0.402735,0.824908,0.313264,-0.243303
0.671149,0.352595,0.519427;0.413048,0.82111,0.312791,-0.239441
0.663009,0.3491,0.525601;0.423305,0.8172,0.312275,-0.235546
0.655097,0.345672,0.531649;0.433505,0.813178,0.311716,-0.231619
0.647411,0.342312,0.537571;0.443646,0.809046,0.311115,-0.227661
0.639949,0.339018,0.543367;0.453727,0.804805,0.310472,-0.223671
0.631286,0.335152,0.55016;0.465742,0.79957,0.309644,-0.218844
0.62294,0.33138,0.556776;0.477666,0.794179,0.308756,-0.213974
0.614907,0.327701,0.563216;0.489496,0.788632,0.307807,-0.209062
0.607182,0.324115,0.569483;0.501231,0.782932,0.306799,-0.204109
0.599764,0.32062,0.575579;0.512867,0.777077,0.30573,-0.199116
0.59149,0.316658,0.582476;0.526316,0.770055,0.304407,-0.193242
0.583623,0.312817,0.589143;0.539625,0.762828,0.303003,-0.187316
0.576156,0.309097,0.595585;0.55279,0.755398,0.301518,-0.18134
0.569084,0.305496,0.601804;0.565807,0.747766,0.299953,-0.175316
0.561478,0.301525,0.608641;0.5805,0.7388,0.298067,-0.168375
0.554373,0.297706,0.615193;0.59499,0.729577,0.296077,-0.161375
0.546969,0.293588,0.62223;0.611044,0.718898,0.293715,-0.153432
0.540175,0.289657,0.628919;0.626829,0.707903,0.291224,-0.145423
0.533331,0.285504,0.635948;0.644044,0.69532,0.288305,-0.136448
0.526638,0.281193,0.6432;0.662575,0.681042,0.284914,-0.12649
0.520312,0.276791,0.65055;0.682294,0.664956,0.281001,-0.115533
0.514577,0.272368,0.657867;0.703052,0.646942,0.276513,-0.10356
0.509359,0.267701,0.665497;0.7262,0.625419,0.27102,-0.0896279
0.505004,0.2627,0.673539;0.752802,0.598584,0.263991,-0.0727661
0.502377,0.257441,0.681783;0.783511,0.564359,0.254769,-0.0519863
0.503175,0.251875,0.690117;0.820828,0.51699,0.241594,-0.0243946
0.509521,0.247315,0.696321;0.85872,0.460225,0.225261,0.00713136
0.519035,0.244824,0.699051;0.886892,0.409911,0.210353,0.033855
0.529426,0.243657,0.69968;0.907212,0.367265,0.197434,0.0557036
0.539613,0.243253,0.699177;0.922032,0.331234,0.186332,0.0736345
0.549861,0.243298,0.697988;0.933759,0.298442,0.176087,0.0895563
0.559728,0.243638,0.696393;0.942888,0.269117,0.166818,0.103489
0.569585,0.244199,0.694466;0.950368,0.241449,0.157982,0.116379
0.580023,0.244982,0.692138;0.956836,0.213524,0.148978,0.129145
0.590196,0.245898,0.689636;0.961928,0.18739,0.140475,0.140876
0.599968,0.246899,0.687052;0.965845,0.163112,0.132511,0.15159
0.610076,0.24804,0.684217;0.969005,0.138706,0.124443,0.162186
0.619614,0.249204,0.68141;0.971235,0.116239,0.116962,0.171787
0.629392,0.250474,0.678414;0.972827,0.0936946,0.109404,0.181275
0.639387,0.251847,0.675241;0.973778,0.0710889,0.101774,0.190643
0.649578,0.253316,0.671899;0.974089,0.0484364,0.0940769,0.199887
0.658995,0.25473,0.668725;0.973815,0.0278152,0.0870257,0.208176
0.668541,0.256215,0.665429;0.973012,0.00717883,0.0799272,0.216352
0.678201,0.257767,0.662019;0.97168,-0.0134614,0.0727853,0.22441
0.687957,0.259383,0.658502;0.969819,-0.0340943,0.0656038,0.232346
0.697794,0.261057,0.654887;0.967431,-0.0547087,0.0583866,0.240156
0.707696,0.262786,0.651181;0.964517,-0.0752934,0.0511377,0.247836
0.717647,0.264565,0.647393;0.961079,-0.0958371,0.0438609,0.25538
0.728204,0.266498,0.643306;0.959008,-0.113011,0.0367217,0.257261
0.737939,0.268319,0.639478;0.958601,-0.125054,0.0306238,0.253986
0.747685,0.270179,0.635589;0.958008,-0.137073,0.02452,0.250661
0.757437,0.272078,0.631642;0.95723,-0.149066,0.0184114,0.247287
0.767187,0.274012,0.627641;0.956268,-0.161029,0.0122993,0.243866
0.776928,0.27598,0.62359;0.95512,-0.172962,0.0061848,0.240398
0.786652,0.277981,0.619493;0.953789,-0.184862,6.91098e-05,0.236883
0.796353,0.280012,0.615353;0.952273,-0.196725,-0.00604659,0.233323
0.806022,0.282073,0.611174;0.950573,-0.208551,-0.0121611,0.229717
0.815654,0.28416,0.60696;0.948689,-0.220336,-0.0182733,0.226067
0.82524,0.286273,0.602715;0.946623,-0.232079,-0.024382,0.222374
0.834773,0.288409,0.598442;0.944373,-0.243777,-0.0304859,0.218638
0.844246,0.290567,0.594146;0.941942,-0.255428,-0.036584,0.214859
0.853653,0.292744,0.589829;0.939328,-0.26703,-0.042675,0.211039
0.862985,0.29494,0.585495;0.936533,-0.27858,-0.0487577,0.207178
0.872235,0.297152,0.581149;0.933557,-0.290076,-0.054831,0.203277
0.881396,0.299379,0.576794;0.9304,-0.301516,-0.0608938,0.199337
0.890461,0.301619,0.572433;0.927064,-0.312898,-0.0669448,0.195358
0.899423,0.30387,0.568072;0.923549,-0.32422,-0.0729828,0.191342
0.908275,0.30613,0.563712;0.919856,-0.335479,-0.0790068,0.187288
0.917008,0.308398,0.559358;0.915985,-0.346673,-0.0850155,0.183199
0.926836,0.310996,0.554395;0.911344,-0.359384,-0.0918624,0.178482
0.936489,0.313599,0.54945;0.906474,-0.372004,-0.0986862,0.17372
0.945958,0.316205,0.544528;0.901375,-0.384531,-0.105485,0.168914
0.95523,0.31881,0.539636;0.896048,-0.396961,-0.112257,0.164065
0.964297,0.321411,0.534779;0.890496,-0.409291,-0.119001,0.159175
0.973145,0.324007,0.529963;0.884719,-0.421517,-0.125715,0.154245
0.981766,0.326595,0.525192;0.878719,-0.433637,-0.132397,0.149277
0.991178,0.329492,0.519888;0.871704,-0.447141,-0.139875,0.143642
1.00027,0.332372,0.514657;0.86441,-0.460502,-0.147308,0.137961
1.00903,0.33523,0.509507;0.856841,-0.473717,-0.154693,0.132236
1.01744,0.338063,0.504446;0.848998,-0.48678,-0.16203,0.126469
1.02636,0.341176,0.498938;0.839966,-0.501112,-0.170121,0.120014
1.03481,0.344248,0.493561;0.830602,-0.515247,-0.178144,0.113511
1.04354,0.347573,0.48781;0.819925,-0.53056,-0.186889,0.106307
1.05164,0.350835,0.482245;0.808857,-0.545621,-0.195545,0.0990521
1.05973,0.354314,0.476403;0.796342,-0.561753,-0.204881,0.0910838
1.06759,0.357979,0.470366;0.782275,-0.57887,-0.214864,0.0823934
1.07493,0.361791,0.46423;0.766544,-0.596872,-0.225455,0.0729732
1.08182,0.36596,0.457719;0.74784,-0.61688,-0.237344,0.0621387
1.08783,0.370622,0.450741;0.724652,-0.63983,-0.251151,0.0491922
1.09181,0.376011,0.443208;0.693892,-0.667515,-0.268079,0.0327411
1.0904,0.38221,0.435632;0.650441,-0.70206,-0.289696,0.010697
1.08236,0.386594,0.431564;0.641914,-0.704616,-0.302414,0.00308635
1.07248,0.389128,0.430132;0.671695,-0.675091,-0.304876,0.0113526
1.06223,0.390756,0.429832;0.694905,-0.650281,-0.306459,0.0180298
1.05167,0.391874,0.430145;0.714691,-0.62774,-0.307551,0.0239037
1.04148,0.392598,0.430814;0.7313,-0.607729,-0.308264,0.0289766
1.03128,0.393062,0.431731;0.746175,-0.588878,-0.30873,0.0336412
1.02133,0.393314,0.432802;0.759418,-0.571288,-0.308995,0.0378995
1.01084,0.393399,0.434074;0.77228,-0.55341,-0.309105,0.0421387
1.00088,0.393329,0.435388;0.783635,-0.536916,-0.30907,0.0459742
0.990558,0.393118,0.436838;0.794664,-0.520199,-0.308906,0.0497906
0.979911,0.392765,0.438409;0.805363,-0.503265,-0.308614,0.0535863
0.968975,0.392269,0.440087;0.815728,-0.486123,-0.308193,0.0573597
0.958915,0.391699,0.441676;0.824766,-0.470521,-0.307705,0.0607355
0.948676,0.391011,0.44333;0.833526,-0.454761,-0.307114,0.0640908
0.938287,0.390206,0.445037;0.842006,-0.438848,-0.306419,0.0674245
0.927772,0.389281,0.446788;0.850202,-0.422788,-0.305621,0.0707355
0.91716,0.388236,0.448572;0.858112,-0.406585,-0.30472,0.0740227
0.906477,0.38707,0.450377;0.865733,-0.390245,-0.303716,0.0772849
0.895749,0.385782,0.452194;0.873062,-0.373773,-0.30261,0.0805211
0.885004,0.384372,0.454013;0.880097,-0.357176,-0.301402,0.0837303
0.874268,0.382839,0.455822;0.886836,-0.340458,-0.300093,0.0869112
0.863567,0.381182,0.457611;0.893277,-0.323626,-0.298682,0.0900629
0.85293,0.3794,0.45937;0.899417,-0.306685,-0.297172,0.0931842
0.842382,0.377492,0.461088;0.905253,-0.28964,-0.295561,0.0962741
0.83195,0.375458,0.462754;0.910785,-0.272498,-0.29385,0.0993317
0.821661,0.373297,0.464359;0.916011,-0.255265,-0.292041,0.102356
0.811541,0.371007,0.465891;0.920928,-0.237945,-0.290133,0.105345
0.801619,0.368589,0.46734;0.925534,-0.220545,-0.288127,0.1083
0.791919,0.366041,0.468696;0.929829,-0.203071,-0.286025,0.111217
0.781436,0.363056,0.470079;0.934234,-0.183576,-0.283576,0.114415
0.771299,0.35991,0.47132;0.938251,-0.164004,-0.281009,0.117566
0.761543,0.3566,0.472404;0.941878,-0.144364,-0.278325,0.120667
0.752207,0.353126,0.473316;0.945113,-0.124664,-0.275525,0.123718
0.742464,0.349113,0.474103;0.948218,-0.102934,-0.272314,0.127015
0.733321,0.344899,0.474647;0.950846,-0.0811527,-0.268965,0.130248
0.724088,0.340069,0.474938;0.953167,-0.057345,-0.265158,0.133701
0.715031,0.334562,0.47487;0.955038,-0.031515,-0.260854,0.13735
0.706467,0.328309,0.474317;0.956302,-0.00367391,-0.256015,0.141172
0.698771,0.321234,0.473126;0.956792,0.0261586,-0.250598,0.14514
0.692386,0.313256,0.471122;0.956328,0.0579522,-0.244562,0.149223
0.687889,0.304601,0.468234;0.950043,0.0168147,-0.263689,0.166146
0.685377,0.2956,0.464598;0.941476,-0.0246893,-0.282242,0.182628
0.684624,0.286206,0.460257;0.930638,-0.0661337,-0.300115,0.198669
0.685389,0.276906,0.455522;0.918199,-0.105547,-0.316501,0.213534
0.687203,0.268238,0.450792;0.905205,-0.141009,-0.330729,0.226581
0.689802,0.259825,0.445962;0.891392,-0.174372,-0.343658,0.238565
0.693162,0.251237,0.440834;0.87614,-0.207453,-0.356033,0.250163
0.696949,0.242983,0.435749;0.860436,-0.238389,-0.367193,0.260747
0.700986,0.235102,0.430781;0.844523,-0.267193,-0.377214,0.270366
0.705415,0.227128,0.425662;0.827533,-0.295656,-0.386753,0.279639
0.709863,0.219578,0.420752;0.810646,-0.321999,-0.395248,0.288009
0.714544,0.211969,0.415755;0.792849,-0.34798,-0.4033,0.296057
0.719401,0.204312,0.410695;0.774163,-0.373571,-0.4109,0.303772
0.724382,0.196619,0.405593;0.754609,-0.398743,-0.418039,0.311146
0.729432,0.188902,0.400473;0.734209,-0.423468,-0.42471,0.318172
0.734497,0.18117,0.395357;0.712986,-0.447718,-0.430904,0.324841
0.739522,0.173437,0.390267;0.690963,-0.471466,-0.436614,0.331146
0.744453,0.165712,0.385224;0.668166,-0.494685,-0.441836,0.337079
0.749236,0.158009,0.380253;0.644619,-0.51735,-0.446562,0.342634
0.753817,0.150338,0.375374;0.620349,-0.539434,-0.450787,0.347806
0.758419,0.142204,0.370298;0.593696,-0.562324,-0.454736,0.352891
0.762663,0.134133,0.365381;0.566284,-0.584496,-0.458105,0.357527
0.766484,0.12614,0.360648;0.538151,-0.605923,-0.46089,0.361707
0.770006,0.117747,0.355854;0.507507,-0.62784,-0.463205,0.365642
0.773045,0.108992,0.351075;0.474266,-0.650061,-0.464928,0.369234
0.775381,0.0999174,0.346405;0.438348,-0.672377,-0.465933,0.372379
0.776754,0.0905762,0.341954;0.399688,-0.69456,-0.466085,0.374966
0.776857,0.0810298,0.337849;0.35824,-0.716362,-0.465245,0.376877
0.775337,0.0713501,0.33424;0.313975,-0.737512,-0.463268,0.377992
0.771981,0.0620348,0.331408;0.268953,-0.756884,-0.460174,0.378194
0.766907,0.0535159,0.329494;0.225371,-0.773672,-0.456186,0.377537
0.760239,0.0457706,0.328446;0.183402,-0.788081,-0.451454,0.376139
0.752598,0.0391295,0.328192;0.145315,-0.799707,-0.446427,0.37424
0.744092,0.0332848,0.328565;0.105395,-0.799884,-0.457946,0.373313
0.735438,0.0283241,0.329357;0.0689121,-0.797134,-0.470459,0.372151
0.726502,0.0238769,0.330452;0.0346149,-0.793472,-0.481551,0.370556
0.716867,0.0196255,0.33185;0.000272297,-0.788767,-0.49201,0.368473
0.707328,0.0158329,0.333397;-0.0317821,-0.783439,-0.501188,0.366092
0.697339,0.0122086,0.335147;-0.0638,-0.777214,-0.509791,0.363292
0.68773,0.00899296,0.336926;-0.0934663,-0.770636,-0.517258,0.360318
0.677861,0.00592069,0.338831;-0.12304,-0.763296,-0.524213,0.356989
0.667795,0.00299097,0.340838;-0.152493,-0.755202,-0.53065,0.353307
0.657594,0.000202949,0.342922;-0.181794,-0.746362,-0.536563,0.349276
0.647319,-0.00244421,0.345059;-0.210917,-0.736785,-0.541946,0.3449
0.637033,-0.00495134,0.347226;-0.23983,-0.72648,-0.546794,0.340183
0.626796,-0.00731928,0.349399;-0.268507,-0.715457,-0.551101,0.33513
0.616671,-0.00954887,0.351554;-0.296919,-0.703727,-0.554864,0.329746
0.60672,-0.0116409,0.353666;-0.325037,-0.691302,-0.558079,0.324037
0.597003,-0.0135963,0.355714;-0.352834,-0.678195,-0.560742,0.318007
0.586873,-0.0155503,0.357817;-0.382379,-0.663329,-0.562991,0.311162
0.577165,-0.0173477,0.359787;-0.411485,-0.647704,-0.564595,0.30396
0.567318,-0.019101,0.361715;-0.442147,-0.63014,-0.565595,0.295858
0.557553,-0.020776,0.363523;-0.47421,-0.610492,-0.565842,0.286787
0.547618,-0.0224213,0.365197;-0.509432,-0.587297,-0.565108,0.27607
0.537645,-0.0240239,0.366585;-0.549299,-0.558834,-0.562899,0.262908
0.527783,-0.0255882,0.367323;-0.598462,-0.520133,-0.557927,0.244994
0.520432,-0.0271018,0.363719;-0.698297,-0.426451,-0.538416,0.201566
0.527998,-0.026714,0.357087;-0.75267,-0.364081,-0.52071,0.172612
0.536556,-0.0260932,0.35186;-0.77958,-0.329122,-0.509394,0.156371
0.545856,-0.0253915,0.346773;-0.799798,-0.300597,-0.499483,0.143114
0.555106,-0.0246883,0.342013;-0.815346,-0.277087,-0.490879,0.132183
0.564168,-0.0240008,0.337528;-0.827873,-0.256979,-0.483219,0.122832
0.573422,-0.0233026,0.333073;-0.838753,-0.238541,-0.475959,0.114255
0.582602,-0.0226151,0.328747;-0.848126,-0.221827,-0.469187,0.106479
0.59261,-0.0218717,0.324114;-0.857098,-0.205009,-0.462193,0.0986522
0.602217,-0.0211643,0.319731;-0.864732,-0.189977,-0.455792,0.0916558
0.612509,-0.0204132,0.315092;-0.872043,-0.174874,-0.449221,0.0846251
0.622087,-0.0197203,0.31082;-0.878172,-0.161605,-0.443333,0.0784471
0.63221,-0.0189943,0.306344;-0.884049,-0.14829,-0.437318,0.0722467
0.642888,-0.0182352,0.301661;-0.889674,-0.134933,-0.431178,0.0660256
0.652488,-0.0175583,0.29748;-0.894292,-0.123452,-0.425816,0.0606781
0.662509,-0.0168574,0.293142;-0.898722,-0.111946,-0.420365,0.0553178
0.672957,-0.0161324,0.288644;-0.902963,-0.100416,-0.414826,0.0499459
0.683838,-0.0153835,0.283984;-0.907013,-0.0888655,-0.409199,0.0445635
0.69324,-0.0147413,0.279975;-0.910243,-0.0792253,-0.404444,0.0400709
0.70295,-0.0140824,0.275851;-0.91334,-0.0695735,-0.39963,0.0355725
0.712971,-0.0134072,0.271611;-0.916303,-0.0599116,-0.394758,0.0310689
0.723308,-0.0127155,0.267252;-0.919133,-0.0502409,-0.389828,0.0265607
0.733964,-0.0120074,0.262774;-0.921828,-0.0405629,-0.384841,0.0220487
0.744942,-0.0112831,0.258175;-0.924388,-0.030879,-0.379797,0.0175334
0.756246,-0.0105424,0.253453;-0.926813,-0.0211905,-0.374699,0.0130156
0.765526,-0.00993819,0.249587;-0.928656,-0.0134374,-0.37058,0.0093999
0.775018,-0.00932362,0.245642;-0.930412,-0.00568312,-0.366427,0.00578335
0.784725,-0.00869871,0.241615;-0.93208,0.00207173,-0.362239,0.00216626
