0.767528,-0.511275,0.303592;0.993513,0.0126157,0.0408266,-0.105384
0.771361,-0.500454,0.306771;0.993585,0.013307,0.0398644,-0.104993
0.775145,-0.489815,0.309915;0.993654,0.0139982,0.0389021,-0.104603
0.778882,-0.479358,0.313025;0.993723,0.0146893,0.0379398,-0.104212
0.782572,-0.46908,0.3161;0.993789,0.0153805,0.0369774,-0.103821
0.786214,-0.458981,0.319142;0.993855,0.0160716,0.0360149,-0.10343
0.78981,-0.44906,0.322149;0.993918,0.0167627,0.0350524,-0.103039
0.793359,-0.439314,0.325123;0.99398,0.0174538,0.0340898,-0.102648
0.796861,-0.429744,0.328063;0.994041,0.0181449,0.0331272,-0.102256
0.800317,-0.420347,0.33097;0.9941,0.0188359,0.0321645,-0.101864
0.803728,-0.411123,0.333844;0.994157,0.0195269,0.0312018,-0.101473
0.807093,-0.40207,0.336684;0.994213,0.0202178,0.030239,-0.101081
0.813686,-0.384473,0.342267;0.99432,0.0215997,0.0283133,-0.100296
0.8201,-0.367546,0.347721;0.994421,0.0229814,0.0263875,-0.0995112
0.826336,-0.351279,0.353046;0.994516,0.0243629,0.0244614,-0.0987255
0.832397,-0.335663,0.358244;0.994604,0.0257443,0.0225353,-0.0979392
0.838284,-0.320688,0.363316;0.994686,0.0271256,0.0206089,-0.0971523
0.843999,-0.306344,0.368265;0.994762,0.0285066,0.0186825,-0.0963648
0.849545,-0.292622,0.373091;0.994832,0.0298875,0.0167559,-0.0955767
0.854922,-0.279511,0.377796;0.994896,0.0312682,0.0148292,-0.094788
0.860135,-0.267001,0.382381;0.994953,0.0326487,0.0129025,-0.0939987
0.865183,-0.255083,0.386849;0.995004,0.0340291,0.0109756,-0.0932088
0.87007,-0.243747,0.391199;0.995049,0.0354091,0.00904869,-0.0924184
0.874796,-0.232984,0.395434;0.995088,0.036789,0.00712171,-0.0916273
0.879365,-0.222782,0.399556;0.995121,0.0381687,0.00519469,-0.0908357
0.883779,-0.213134,0.403565;0.995147,0.0395481,0.00326764,-0.0900435
0.888038,-0.204028,0.407463;0.995167,0.0409272,0.00134057,-0.0892508
0.892146,-0.195455,0.411252;0.995181,0.0423061,-0.000586513,-0.0884575
0.898027,-0.183573,0.416733;0.99519,0.044374,-0.00347712,-0.0872665
0.903578,-0.172836,0.421976;0.995185,0.0464412,-0.00636768,-0.0860743
0.908805,-0.163209,0.426986;0.995167,0.0485078,-0.00925816,-0.0848809
0.913715,-0.15466,0.431768;0.995134,0.0505737,-0.0121485,-0.0836863
0.91978,-0.14488,0.437797;0.995068,0.0533271,-0.016002,-0.0820916
0.925309,-0.136879,0.443441;0.994978,0.0560792,-0.0198551,-0.0804949
0.931492,-0.12926,0.449972;0.99483,0.0595174,-0.0246708,-0.0784963
0.937882,-0.123407,0.45707;0.994602,0.06364,-0.0304484,-0.0760938
0.944745,-0.120752,0.465345;0.99421,0.0691313,-0.038149,-0.0728839
0.950348,-0.124081,0.473137;0.993651,0.0753008,-0.0468077,-0.069264
0.953586,-0.131958,0.478817;0.993048,0.0807768,-0.0544993,-0.066039
0.955178,-0.142133,0.482902;0.992439,0.0855616,-0.0612251,-0.0632117
0.955689,-0.152958,0.485795;0.991857,0.0896578,-0.0669863,-0.0607845
0.955553,-0.16326,0.487807;0.991329,0.0930674,-0.0717844,-0.0587592
0.954941,-0.174563,0.489481;0.990762,0.0964733,-0.0765798,-0.0567315
0.953882,-0.186713,0.490839;0.990157,0.0998755,-0.0813722,-0.0547017
0.952735,-0.19694,0.491714;0.989645,0.102595,-0.0852038,-0.0530763
0.951338,-0.207534,0.492413;0.989109,0.105311,-0.0890333,-0.0514496
0.949707,-0.218414,0.492948;0.988547,0.108025,-0.0928605,-0.0498215
0.947858,-0.229504,0.49333;0.987961,0.110736,-0.0966855,-0.0481923
0.945808,-0.240724,0.493572;0.98735,0.113444,-0.100508,-0.0465618
0.943819,-0.250789,0.493678;0.985503,0.132468,-0.0963631,-0.0441556
0.94169,-0.260857,0.493687;0.981578,0.165892,-0.0855162,-0.0408758
0.939427,-0.270897,0.493602;0.976416,0.199107,-0.0745615,-0.0375444
0.937038,-0.280882,0.493428;0.970022,0.23207,-0.0635127,-0.0341657
0.934528,-0.290784,0.493168;0.962405,0.264741,-0.0523839,-0.0307439
0.931904,-0.300574,0.492826;0.953574,0.297078,-0.041189,-0.0272834
0.929172,-0.310225,0.492406;0.943541,0.329041,-0.0299422,-0.0237884
0.926147,-0.320335,0.491876;0.931528,0.362676,-0.0179043,-0.0200275
0.923014,-0.33022,0.491266;0.918179,0.395791,-0.00584069,-0.0162378
0.919781,-0.339847,0.49058;0.903512,0.428337,0.00623127,-0.0124249
0.916246,-0.349754,0.489773;0.886509,0.462244,0.0190475,-0.00835421
0.912617,-0.359291,0.488892;0.86807,0.495402,0.031833,-0.00427002
0.908681,-0.36894,0.487884;0.847014,0.529635,0.0453138,6.18214e-05
0.904662,-0.37808,0.486805;0.824421,0.562906,0.0587124,0.00439355
0.900339,-0.387122,0.485596;0.79895,0.596916,0.0727392,0.00895711
0.895716,-0.395906,0.484254;0.770392,0.631409,0.0873448,0.0137411
0.89056,-0.404621,0.482706;0.736987,0.667715,0.103184,0.0189675
0.884876,-0.412896,0.480946;0.698269,0.705252,0.120142,0.0246099
0.878438,-0.420531,0.478895;0.652024,0.744755,0.138753,0.0308618
0.871036,-0.426905,0.476476;0.595655,0.786349,0.159418,0.0378828
0.862264,-0.430837,0.473541;0.524205,0.830435,0.182951,0.0459927
0.852733,-0.430039,0.470296;0.44036,0.871836,0.207382,0.0545648
0.844629,-0.424435,0.46751;0.363294,0.901432,0.227231,0.0616706
0.838556,-0.416646,0.46542;0.301501,0.919937,0.241535,0.0668904
0.833751,-0.407863,0.463773;0.24974,0.932117,0.252494,0.0709592
0.829726,-0.398391,0.462402;0.204123,0.940463,0.261417,0.0743267
0.826429,-0.388946,0.461289;0.164984,0.945901,0.268541,0.0770584
0.823439,-0.378849,0.460292;0.127903,0.949619,0.274848,0.0795155
0.820919,-0.369026,0.459461;0.0953042,0.951755,0.280045,0.081572
0.818664,-0.359058,0.458729;0.0649396,0.952803,0.284594,0.0834014
0.81666,-0.349117,0.458088;0.0368555,0.952969,0.288555,0.08502
0.81477,-0.338673,0.457495;0.0137698,0.952079,0.293914,0.0834933
0.813151,-0.328793,0.456996;0.00262806,0.950246,0.302157,0.0756726
0.81159,-0.318384,0.456526;-0.0085144,0.94817,0.310322,0.0678324
0.810085,-0.307467,0.456083;-0.0196547,0.94585,0.318408,0.0599748
0.808792,-0.297356,0.455712;-0.029553,0.943585,0.325527,0.0529773
0.807541,-0.286877,0.455363;-0.0394453,0.941128,0.33258,0.0459691
0.80633,-0.276047,0.455034;-0.0493296,0.93848,0.339566,0.0389515
0.805158,-0.26488,0.454727;-0.059204,0.935642,0.346482,0.0319261
0.804164,-0.254845,0.454475;-0.0678342,0.933003,0.352477,0.0257734
0.803197,-0.244575,0.454238;-0.076454,0.930219,0.358417,0.0196168
0.802258,-0.23408,0.454018;-0.0850618,0.927291,0.364301,0.0134571
0.801344,-0.223371,0.453812;-0.0936565,0.924219,0.370129,0.00729533
0.800456,-0.212459,0.453622;-0.102237,0.921003,0.375899,0.00113242
0.799593,-0.201353,0.453448;-0.110801,0.917644,0.381611,-0.00503065
0.798753,-0.190064,0.453288;-0.119348,0.914143,0.387263,-0.011193
0.797936,-0.178602,0.453143;-0.127876,0.9105,0.392856,-0.0173535
0.797141,-0.166979,0.453013;-0.136385,0.906716,0.398387,-0.0235114
0.796476,-0.156895,0.452913;-0.143661,0.90336,0.403079,-0.0287867
0.795827,-0.146706,0.452824;-0.150921,0.899902,0.407725,-0.0340587
0.795191,-0.136419,0.452745;-0.158164,0.89634,0.412325,-0.0393268
0.79457,-0.126041,0.452677;-0.165389,0.892677,0.416878,-0.0445905
0.793961,-0.115577,0.45262;-0.172595,0.888911,0.421383,-0.0498491
0.793366,-0.105035,0.452572;-0.179781,0.885044,0.42584,-0.0551019
0.792783,-0.094421,0.452535;-0.186946,0.881076,0.430248,-0.0603485
0.792211,-0.0837418,0.452508;-0.194091,0.877008,0.434607,-0.0655882
0.791651,-0.0730038,0.452491;-0.201213,0.87284,0.438917,-0.0708205
0.791101,-0.0622137,0.452484;-0.208312,0.868572,0.443177,-0.0760446
0.790561,-0.051378,0.452487;-0.215388,0.864205,0.447386,-0.0812601
0.790031,-0.0405034,0.4525;-0.222439,0.85974,0.451544,-0.0864663
0.78951,-0.0295963,0.452522;-0.229464,0.855176,0.455651,-0.0916627
0.788997,-0.0186634,0.452554;-0.236464,0.850515,0.459705,-0.0968486
0.788493,-0.00771128,0.452596;-0.243436,0.845757,0.463708,-0.102023
0.787995,0.00325353,0.452647;-0.250381,0.840903,0.467657,-0.107187
0.787504,0.0142244,0.452707;-0.257297,0.835952,0.471553,-0.112338
0.78702,0.0251949,0.452777;-0.264184,0.830907,0.475395,-0.117476
0.786541,0.0361582,0.452856;-0.27104,0.825766,0.479183,-0.122601
0.786068,0.0471079,0.452944;-0.277866,0.820531,0.482917,-0.127711
0.785599,0.0580374,0.453041;-0.28466,0.815203,0.486595,-0.132808
0.785134,0.0689401,0.453147;-0.291421,0.809782,0.490218,-0.137889
0.784673,0.0798094,0.453262;-0.29815,0.804268,0.493785,-0.142954
0.784215,0.0906387,0.453386;-0.304844,0.798663,0.497295,-0.148003
0.78376,0.101421,0.453518;-0.311504,0.792967,0.500749,-0.153035
0.783306,0.112151,0.453659;-0.318128,0.78718,0.504146,-0.15805
0.782854,0.122821,0.453809;-0.324715,0.781303,0.507485,-0.163047
0.782402,0.133425,0.453966;-0.331266,0.775337,0.510766,-0.168025
0.781951,0.143956,0.454133;-0.337779,0.769283,0.51399,-0.172984
0.7815,0.154407,0.454307;-0.344253,0.763141,0.517154,-0.177923
0.781048,0.164773,0.45449;-0.350689,0.756912,0.52026,-0.182842
0.780595,0.175045,0.45468;-0.357084,0.750597,0.523306,-0.18774
0.78014,0.185219,0.454879;-0.363438,0.744196,0.526292,-0.192617
0.779682,0.195287,0.455086;-0.369751,0.73771,0.529219,-0.197471
0.779145,0.20689,0.455337;-0.377063,0.730037,0.532557,-0.203107
0.778602,0.21833,0.455598;-0.384316,0.722251,0.535812,-0.20871
0.778054,0.229597,0.45587;-0.39151,0.714353,0.538984,-0.214282
0.7775,0.240679,0.456152;-0.398642,0.706343,0.542072,-0.21982
0.776938,0.251566,0.456444;-0.405713,0.698224,0.545077,-0.225324
0.776368,0.262248,0.456746;-0.412721,0.689997,0.547996,-0.230793
0.775788,0.272715,0.457058;-0.419665,0.681663,0.550831,-0.236226
0.775199,0.282956,0.45738;-0.426544,0.673222,0.55358,-0.241622
0.774599,0.29296,0.457711;-0.433356,0.664677,0.556243,-0.246981
0.773898,0.304091,0.458101;-0.44106,0.654786,0.559181,-0.253059
0.773182,0.314883,0.458504;-0.448674,0.644761,0.562005,-0.259085
0.772447,0.325322,0.458918;-0.456196,0.634606,0.564716,-0.265059
0.771693,0.335391,0.459344;-0.463627,0.624322,0.567312,-0.270979
0.77082,0.346258,0.459836;-0.471874,0.612601,0.570095,-0.277573
0.76992,0.356616,0.460343;-0.479999,0.600724,0.572731,-0.284096
0.768885,0.3675,0.460923;-0.488883,0.587345,0.575489,-0.291259
0.767811,0.377698,0.461519;-0.497612,0.573781,0.578063,-0.298328
0.766582,0.388086,0.462195;-0.507032,0.558651,0.580684,-0.305996
0.76518,0.398382,0.462953;-0.517087,0.541901,0.58329,-0.314227
0.763584,0.408254,0.4638;-0.527712,0.523476,0.585812,-0.322982
0.761502,0.41848,0.464877;-0.540402,0.500416,0.588485,-0.333519
0.758703,0.428095,0.466275;-0.555647,0.471022,0.591155,-0.34631
0.753401,0.436068,0.468773;-0.535016,0.508536,0.580386,-0.34395
0.745485,0.431992,0.472196;-0.499637,0.567086,0.561773,-0.336433
0.740455,0.422938,0.474196;-0.477417,0.600505,0.549364,-0.331158
0.736647,0.413646,0.475622;-0.460495,0.624444,0.539589,-0.326891
0.733338,0.404164,0.476794;-0.445633,0.64448,0.530792,-0.32298
0.730285,0.394411,0.477819;-0.431729,0.662442,0.522395,-0.319192
0.727506,0.384789,0.478702;-0.418864,0.678426,0.514488,-0.315582
0.724736,0.374559,0.47953;-0.405791,0.694074,0.506326,-0.311816
0.721984,0.36383,0.480297;-0.392517,0.709376,0.497913,-0.307894
0.719531,0.353837,0.48093;-0.380403,0.722848,0.49013,-0.304234
0.717111,0.343605,0.481503;-0.368136,0.736028,0.482149,-0.300451
0.71473,0.333214,0.482011;-0.355721,0.748913,0.473974,-0.296548
0.712396,0.322744,0.48245;-0.343162,0.761496,0.465609,-0.292525
0.710117,0.312272,0.482814;-0.330466,0.773773,0.457057,-0.288385
0.707901,0.301878,0.483099;-0.317637,0.785739,0.44832,-0.284129
0.705757,0.291641,0.483299;-0.30468,0.797389,0.439404,-0.279758
0.703691,0.281639,0.48341;-0.291601,0.808718,0.43031,-0.275275
0.701497,0.270899,0.483422;-0.276931,0.820925,0.420004,-0.270164
0.699421,0.260655,0.483312;-0.262124,0.832723,0.409489,-0.264919
0.697285,0.25009,0.483039;-0.245685,0.845224,0.397688,-0.258997
0.69515,0.239568,0.482552;-0.227585,0.858282,0.384541,-0.25236
0.693087,0.229564,0.481788;-0.207793,0.871735,0.369989,-0.244966
0.690937,0.219583,0.480487;-0.183195,0.887287,0.351655,-0.235585
0.68854,0.210142,0.477598;-0.144308,0.909323,0.32212,-0.220331
0.687501,0.213999,0.470778;-0.0827945,0.938042,0.274087,-0.195189
0.688153,0.223405,0.467085;-0.0573509,0.947786,0.253761,-0.184437
0.689094,0.233853,0.463949;-0.0382186,0.954305,0.238303,-0.176218
0.690132,0.244366,0.46122;-0.0386692,0.957865,0.22673,-0.172028
0.691134,0.254084,0.458901;-0.0422066,0.960331,0.217643,-0.169157
0.692279,0.264892,0.456461;-0.0457395,0.962693,0.208532,-0.166267
0.693557,0.2767,0.453907;-0.0492673,0.964949,0.199399,-0.163359
0.694666,0.286807,0.451786;-0.0520857,0.966678,0.192076,-0.16102
0.695847,0.297452,0.449598;-0.0549005,0.968339,0.18474,-0.15867
0.697094,0.308589,0.447348;-0.0577114,0.969933,0.177391,-0.156308
0.698401,0.320173,0.445037;-0.0605183,0.971458,0.17003,-0.153936
0.699763,0.332158,0.44267;-0.0633209,0.972916,0.162656,-0.151553
0.701173,0.344498,0.440249;-0.0661191,0.974305,0.155272,-0.149159
0.702625,0.357149,0.437777;-0.0689127,0.975626,0.147876,-0.146755
0.704115,0.370064,0.435258;-0.0717014,0.976879,0.14047,-0.14434
0.705254,0.379896,0.43334;-0.0737897,0.977774,0.134909,-0.142523
0.706408,0.389832,0.431398;-0.0758751,0.97863,0.129343,-0.140699
0.707574,0.399853,0.429434;-0.0779575,0.979448,0.123771,-0.138871
0.708751,0.409939,0.427448;-0.0800368,0.980227,0.118195,-0.137037
0.709936,0.420071,0.425444;-0.0821129,0.980968,0.112614,-0.135197
0.711126,0.430231,0.423421;-0.0841859,0.981669,0.107029,-0.133352
0.71232,0.440398,0.42138;-0.0862555,0.982333,0.101439,-0.131502
0.713514,0.450553,0.419325;-0.0883217,0.982957,0.0958459,-0.129647
0.714707,0.460678,0.417255;-0.0903844,0.983543,0.0902486,-0.127786
0.715896,0.470753,0.415171;-0.0924436,0.98409,0.0846477,-0.125921
0.717078,0.480759,0.413077;-0.0944991,0.984598,0.0790435,-0.12405
0.718251,0.490677,0.410971;-0.0965509,0.985068,0.0734362,-0.122175
0.719412,0.500487,0.408857;-0.0985989,0.985498,0.067826,-0.120295
0.720939,0.513366,0.406026;-0.101324,0.986012,0.0603416,-0.117781
0.722436,0.525974,0.403185;-0.104041,0.986457,0.052853,-0.115258
0.723897,0.538266,0.400336;-0.106751,0.986833,0.0453607,-0.112728
0.725316,0.550196,0.397482;-0.109454,0.987139,0.0378652,-0.110189
0.726687,0.561718,0.394628;-0.112149,0.987377,0.030367,-0.107643
0.728005,0.572786,0.391775;-0.114836,0.987545,0.0228667,-0.10509
0.729265,0.583356,0.388927;-0.117516,0.987645,0.0153649,-0.102529
0.730459,0.593382,0.386088;-0.120187,0.987675,0.00786192,-0.0999604
0.731853,0.605079,0.382554;-0.123513,0.987615,-0.00151748,-0.0967403
0.733125,0.615765,0.379045;-0.126827,0.987447,-0.0108967,-0.0935097
0.734265,0.625351,0.375565;-0.130126,0.987172,-0.0202748,-0.0902688
0.735442,0.635277,0.371437;-0.134067,0.986698,-0.0315254,-0.0863667
0.736528,0.644489,0.366701;-0.138637,0.985949,-0.0446447,-0.0817972
0.737485,0.65276,0.360115;-0.145115,0.984513,-0.0633693,-0.0752391
0.737427,0.652957,0.350732;-0.154711,0.98155,-0.0914017,-0.065341
0.736263,0.643911,0.344879;-0.161025,0.979038,-0.110042,-0.058706
0.734855,0.632759,0.341004;-0.165403,0.977025,-0.123061,-0.054046
0.733531,0.622205,0.338359;-0.168508,0.975458,-0.132345,-0.0507103
0.732273,0.612142,0.336321;-0.170979,0.974128,-0.139762,-0.0480377
0.73083,0.600589,0.334356;-0.173438,0.97273,-0.147169,-0.0453618
0.729198,0.587501,0.332467;-0.175885,0.971263,-0.154565,-0.0426827
0.727846,0.576649,0.331103;-0.177712,0.970119,-0.160106,-0.0406714
0.726382,0.564889,0.329784;-0.179532,0.968936,-0.16564,-0.0386585
0.724803,0.552201,0.328513;-0.181345,0.967715,-0.171167,-0.036644
0.723107,0.538566,0.32729;-0.183151,0.966456,-0.176688,-0.0346281
0.721292,0.523965,0.326117;-0.184949,0.965159,-0.182202,-0.0326109
0.720014,0.513685,0.325364;-0.186144,0.964274,-0.185874,-0.0312653
0.718681,0.502961,0.324634;-0.187336,0.963371,-0.189543,-0.0299192
0.717293,0.491788,0.323927;-0.188524,0.962451,-0.193208,-0.0285726
0.715848,0.48016,0.323244;-0.18971,0.961515,-0.19687,-0.0272255
0.714346,0.46807,0.322585;-0.190892,0.960562,-0.200529,-0.0258779
0.712787,0.455515,0.321951;-0.19207,0.959592,-0.204184,-0.0245299
0.711169,0.442487,0.321343;-0.193245,0.958605,-0.207835,-0.0231814
0.709492,0.428981,0.320759;-0.194417,0.957601,-0.211483,-0.0218325
0.707754,0.414992,0.320202;-0.195585,0.956581,-0.215127,-0.0204832
0.705957,0.400514,0.319671;-0.19675,0.955544,-0.218767,-0.0191336
0.704098,0.385541,0.319167;-0.197912,0.95449,-0.222404,-0.0177837
