0.990412,0.00271216,0.536772;0.692023,0.674661,-0.193665,-0.168612
0.983649,-0.00528597,0.538723;0.689909,0.675654,-0.195912,-0.170694
0.977066,-0.0131114,0.540637;0.687784,0.676636,-0.198156,-0.172773
0.970662,-0.0207658,0.542516;0.685649,0.677609,-0.200398,-0.174849
0.961388,-0.0319299,0.545266;0.682428,0.679048,-0.203754,-0.177959
0.952506,-0.0427178,0.547937;0.679184,0.680465,-0.207104,-0.181062
0.944011,-0.0531348,0.550527;0.675918,0.68186,-0.210447,-0.18416
0.935895,-0.063186,0.553039;0.672628,0.683231,-0.213783,-0.187252
0.928153,-0.0728767,0.555471;0.669317,0.68458,-0.217112,-0.190337
0.920779,-0.0822123,0.557826;0.665983,0.685906,-0.220433,-0.193416
0.913767,-0.0911979,0.560102;0.662626,0.687209,-0.223747,-0.196488
0.907109,-0.0998389,0.562302;0.659248,0.688489,-0.227054,-0.199554
0.900801,-0.10814,0.564424;0.655848,0.689746,-0.230353,-0.202613
0.894835,-0.116108,0.56647;0.652425,0.69098,-0.233644,-0.205666
0.887403,-0.12622,0.569081;0.647829,0.692589,-0.238021,-0.209725
0.880555,-0.13576,0.571558;0.643193,0.694158,-0.242383,-0.213772
0.874276,-0.144741,0.573903;0.63852,0.695685,-0.246731,-0.217806
0.868551,-0.153174,0.576116;0.633808,0.697171,-0.251064,-0.221827
0.862152,-0.162964,0.5787;0.627866,0.69897,-0.256459,-0.226835
0.856567,-0.171943,0.581084;0.621866,0.700704,-0.261831,-0.231822
0.8509,-0.181682,0.583682;0.614589,0.702699,-0.268245,-0.237778
0.846314,-0.190328,0.585998;0.607231,0.704601,-0.274623,-0.243702
0.841797,-0.200233,0.588654;0.597293,0.70699,-0.28307,-0.25155
0.838551,-0.210142,0.591294;0.584672,0.70974,-0.293534,-0.261276
0.838076,-0.219751,0.593751;0.56664,0.713148,-0.308,-0.274729
0.844999,-0.22591,0.594832;0.538823,0.717286,-0.329276,-0.29453
0.855268,-0.224934,0.593648;0.517035,0.719652,-0.345126,-0.309295
0.865173,-0.221519,0.591671;0.50037,0.720978,-0.3568,-0.320177
0.87455,-0.217189,0.589336;0.486279,0.721789,-0.366383,-0.329115
0.88366,-0.212309,0.586717;0.473442,0.72229,-0.374891,-0.337055
0.892149,-0.207309,0.583988;0.461912,0.722554,-0.382359,-0.344027
0.900885,-0.201789,0.580892;0.450273,0.722645,-0.389737,-0.350918
0.909114,-0.196286,0.577696;0.429123,0.732053,-0.392016,-0.355352
0.917045,-0.190729,0.574346;0.396416,0.751299,-0.388528,-0.357001
0.924974,-0.184943,0.570719;0.363132,0.769452,-0.384476,-0.35813
0.9324,-0.179324,0.567053;0.331323,0.785514,-0.38015,-0.358718
0.939758,-0.173576,0.563144;0.299086,0.800564,-0.375335,-0.358842
0.947016,-0.167732,0.558993;0.266464,0.814583,-0.370036,-0.358505
0.954142,-0.161829,0.554603;0.233499,0.827551,-0.36426,-0.357705
0.961104,-0.155903,0.549974;0.200232,0.839453,-0.358014,-0.356444
0.96787,-0.149987,0.545108;0.166708,0.850272,-0.351307,-0.354723
0.974407,-0.144119,0.540006;0.132968,0.859996,-0.344147,-0.352546
0.980683,-0.138334,0.53467;0.0990575,0.868612,-0.336544,-0.349914
0.987031,-0.132317,0.528745;0.0628884,0.876538,-0.32799,-0.346624
0.993009,-0.126476,0.522559;0.0266278,0.88319,-0.318959,-0.342829
0.998581,-0.120854,0.516113;-0.00967161,0.888556,-0.309464,-0.338535
1.00399,-0.115186,0.509007;-0.0480898,0.892829,-0.29892,-0.333452
1.00886,-0.109862,0.501615;-0.0864295,0.895646,-0.287888,-0.327825
1.01314,-0.104931,0.493937;-0.124628,0.897001,-0.276387,-0.321663
1.01696,-0.100209,0.485527;-0.164727,0.896844,-0.263758,-0.31459
1.02002,-0.0960421,0.476803;-0.204527,0.895057,-0.25065,-0.306946
1.02235,-0.09232,0.467285;-0.246018,0.891419,-0.23636,-0.298296
1.02372,-0.0893476,0.457426;-0.287015,0.885986,-0.221594,-0.289046
1.02405,-0.087194,0.447228;-0.327433,0.878769,-0.206382,-0.279213
1.02336,-0.0859698,0.43723;-0.36522,0.870273,-0.191545,-0.269352
1.02163,-0.0856067,0.426931;-0.402344,0.860195,-0.17636,-0.259
1.01898,-0.0861109,0.416899;-0.436841,0.849205,-0.161678,-0.248759
1.01554,-0.0873912,0.407181;-0.468767,0.837554,-0.147569,-0.238714
1.01142,-0.0893487,0.39782;-0.498194,0.825474,-0.134093,-0.228942
1.00678,-0.0918656,0.388867;-0.471993,0.840804,-0.10939,-0.241463
1.00185,-0.0947386,0.380488;-0.442809,0.855545,-0.0854833,-0.254276
0.996649,-0.0979092,0.372467;-0.414422,0.868086,-0.0626922,-0.265991
0.990951,-0.101479,0.364394;-0.385364,0.879221,-0.0397995,-0.277276
0.985145,-0.105182,0.356747;-0.357346,0.88843,-0.0181189,-0.287521
0.978954,-0.109178,0.349101;-0.328812,0.896355,0.00358796,-0.297352
0.972797,-0.113176,0.341926;-0.301522,0.902631,0.0240137,-0.306212
0.966344,-0.117379,0.334794;-0.273845,0.907752,0.0444088,-0.314679
0.960043,-0.121481,0.328161;-0.24758,0.911498,0.063478,-0.322252
0.953519,-0.125718,0.321598;-0.221036,0.914218,0.0824759,-0.329463
0.946789,-0.130069,0.315121;-0.194243,0.91591,0.101381,-0.336303
0.939871,-0.134513,0.308745;-0.167232,0.916572,0.120172,-0.342765
0.932783,-0.139027,0.302487;-0.140033,0.916203,0.138828,-0.348841
0.925543,-0.14359,0.296362;-0.112676,0.914803,0.157327,-0.354524
0.918169,-0.148181,0.290386;-0.085193,0.912374,0.17565,-0.359809
0.910678,-0.152779,0.284576;-0.0576137,0.908919,0.193775,-0.364689
0.90309,-0.157361,0.278948;-0.0299697,0.904441,0.211682,-0.369159
0.895421,-0.161907,0.273517;-0.00229185,0.898946,0.229351,-0.373214
0.88769,-0.166394,0.268299;0.0253885,0.89244,0.246762,-0.376849
0.879914,-0.170802,0.263312;0.0530404,0.88493,0.263896,-0.38006
0.872112,-0.175108,0.258569;0.0806325,0.876424,0.280732,-0.382843
0.863781,-0.179566,0.2538;0.109963,0.866265,0.298343,-0.385337
0.855462,-0.183859,0.249347;0.139154,0.854997,0.315571,-0.387338
0.847177,-0.187959,0.245231;0.168166,0.842635,0.332396,-0.388843
0.838435,-0.192077,0.241248;0.198754,0.828319,0.349806,-0.389897
0.829782,-0.195918,0.23769;0.229056,0.812806,0.36671,-0.390388
0.820747,-0.199648,0.234412;0.260778,0.795102,0.384031,-0.390293
0.811383,-0.20317,0.231529;0.293803,0.775017,0.401638,-0.389507
0.801759,-0.206367,0.229167;0.327993,0.752364,0.419389,-0.387919
0.791957,-0.209109,0.227473;0.363185,0.726961,0.437124,-0.385418
0.782073,-0.21124,0.226608;0.399193,0.69863,0.454669,-0.381887
0.771806,-0.212623,0.226784;0.437369,0.665798,0.472553,-0.376981
0.761759,-0.212925,0.228279;0.475796,0.629561,0.489735,-0.370716
0.752101,-0.211902,0.231333;0.514181,0.58979,0.50598,-0.362973
0.743341,-0.209404,0.235997;0.550829,0.548026,0.520516,-0.354003
0.735949,-0.205574,0.241982;0.586284,0.507601,0.529545,-0.343795
0.729962,-0.200769,0.248851;0.624703,0.471611,0.526691,-0.33155
0.725132,-0.195392,0.256211;0.658315,0.437405,0.52272,-0.319472
0.721255,-0.189786,0.263714;0.687468,0.405371,0.517993,-0.307809
0.718,-0.183902,0.271502;0.713868,0.374174,0.512525,-0.296148
0.715279,-0.177886,0.279423;0.737671,0.343984,0.506478,-0.284599
0.713013,-0.171863,0.287351;0.759036,0.31495,0.499999,-0.273261
0.711027,-0.165557,0.295674;0.779285,0.285454,0.492786,-0.261521
0.709396,-0.159406,0.303834;0.797297,0.257308,0.485335,-0.25012
0.707984,-0.153086,0.312281;0.814271,0.228827,0.477253,-0.238394
0.706845,-0.147045,0.320431;0.829221,0.201855,0.46911,-0.227118
0.705872,-0.140923,0.32878;0.843222,0.174652,0.460431,-0.215582
0.705055,-0.134754,0.337301;0.856259,0.147249,0.451225,-0.2038
0.704382,-0.128572,0.34597;0.868315,0.119677,0.441503,-0.191784
0.703872,-0.122817,0.35417;0.878672,0.0938198,0.431972,-0.180371
0.703468,-0.117106,0.362456;0.888152,0.0678687,0.422011,-0.168779
0.70316,-0.111465,0.370805;0.896747,0.0418499,0.41163,-0.157017
0.702938,-0.105921,0.379198;0.904448,0.0157893,0.400837,-0.1451
0.702792,-0.1005,0.387614;0.911247,-0.0102869,0.389646,-0.133038
0.70271,-0.0948587,0.396632;0.917524,-0.0382137,0.377224,-0.119967
0.702694,-0.0894232,0.405626;0.92275,-0.0660967,0.36437,-0.106759
0.702731,-0.0842259,0.414571;0.926921,-0.0939041,0.351099,-0.0934288
0.70281,-0.0792998,0.42344;0.930031,-0.121604,0.337427,-0.0799917
0.702927,-0.0743813,0.43279;0.932174,-0.150997,0.322418,-0.0655583
0.703064,-0.0698488,0.441994;0.933104,-0.180192,0.306989,-0.0510395
0.703216,-0.0655005,0.451579;0.932761,-0.210955,0.290158,-0.0355409
0.703357,-0.0616809,0.460928;0.931047,-0.241407,0.272901,-0.0199901
0.703476,-0.0582662,0.470527;0.92774,-0.273264,0.254191,-0.00349297
0.703545,-0.0554259,0.480277;0.922591,-0.3064,0.233989,0.0139264
0.70353,-0.0533564,0.49006;0.915341,-0.340671,0.21226,0.0322343
0.703377,-0.0522615,0.500181;0.905216,-0.377567,0.187861,0.0522958
0.703004,-0.0525973,0.510365;0.891631,-0.416753,0.160718,0.0740326
0.702303,-0.0549153,0.52027;0.873967,-0.457824,0.130785,0.0973341
0.701185,-0.0596525,0.529176;0.852445,-0.498807,0.0992263,0.121177
0.699669,-0.0666351,0.536285;0.828732,-0.536526,0.0684873,0.143712
0.697834,-0.0753388,0.541452;0.804312,-0.569709,0.0399014,0.164078
0.695847,-0.0848421,0.54479;0.78101,-0.597378,0.01479,0.181505
0.693732,-0.0949468,0.546785;0.761489,-0.618698,-0.00048558,0.193252
0.691659,-0.104842,0.547725;0.754566,-0.627898,0.0129066,0.190283
0.689379,-0.115777,0.547984;0.747401,-0.636896,0.0262947,0.187253
0.687207,-0.126304,0.547676;0.740831,-0.644723,0.0381882,0.184509
0.685211,-0.136089,0.547014;0.734928,-0.651437,0.0485872,0.18207
0.683144,-0.146367,0.546006;0.728883,-0.658025,0.0589768,0.179596
0.681021,-0.157101,0.544672;0.722696,-0.664485,0.0693549,0.177087
0.678856,-0.168249,0.543031;0.716369,-0.670817,0.0797196,0.174543
0.67698,-0.178105,0.541394;0.710835,-0.67614,0.0885914,0.172336
0.675095,-0.188211,0.539558;0.705199,-0.681367,0.0974506,0.170104
0.67321,-0.198544,0.537535;0.699464,-0.686497,0.106296,0.167848
0.671336,-0.209077,0.535338;0.693628,-0.69153,0.115126,0.165569
0.669482,-0.219787,0.532977;0.687694,-0.696463,0.12394,0.163265
0.667658,-0.230647,0.530466;0.681661,-0.701297,0.132736,0.160938
0.665873,-0.241634,0.527817;0.675532,-0.706032,0.141513,0.158589
0.664138,-0.252722,0.525042;0.669306,-0.710665,0.15027,0.156216
0.662462,-0.263887,0.522153;0.662985,-0.715198,0.159005,0.153822
0.660854,-0.275102,0.519162;0.656569,-0.719628,0.167718,0.151405
0.659325,-0.286345,0.516081;0.65006,-0.723956,0.176407,0.148967
0.657884,-0.297589,0.512923;0.643458,-0.72818,0.185071,0.146508
0.656541,-0.308809,0.509699;0.636764,-0.732301,0.193708,0.144028
0.655305,-0.319982,0.506423;0.629979,-0.736318,0.202318,0.141527
0.654187,-0.331081,0.503106;0.623105,-0.740229,0.210899,0.139006
0.653195,-0.342082,0.49976;0.616142,-0.744035,0.21945,0.136465
0.652341,-0.352959,0.496397;0.609091,-0.747735,0.22797,0.133905
0.651633,-0.363689,0.49303;0.601953,-0.751328,0.236457,0.131326
0.651081,-0.374246,0.489671;0.59473,-0.754814,0.24491,0.128728
0.650695,-0.384605,0.486332;0.587421,-0.758193,0.253329,0.126111
0.650484,-0.394742,0.483026;0.580029,-0.761464,0.261711,0.123477
0.650459,-0.40463,0.479763;0.572554,-0.764626,0.270056,0.120825
0.650629,-0.414246,0.476557;0.564998,-0.767679,0.278363,0.118156
0.651087,-0.425087,0.472905;0.556081,-0.771102,0.288004,0.115021
0.651839,-0.435484,0.469366;0.547055,-0.774376,0.297589,0.111863
0.6529,-0.445396,0.465958;0.537924,-0.7775,0.307116,0.108684
0.654286,-0.454784,0.462703;0.528688,-0.780473,0.316583,0.105484
0.656289,-0.464822,0.459192;0.518007,-0.783685,0.327328,0.101801
0.658758,-0.474065,0.455934;0.507195,-0.786698,0.33799,0.0980927
0.662125,-0.483439,0.452606;0.494878,-0.78985,0.349882,0.0938911
0.666633,-0.492485,0.449376;0.481006,-0.793055,0.362964,0.0891874
0.672579,-0.500637,0.446455;0.465528,-0.796217,0.377187,0.0839726
0.680312,-0.507206,0.444111;0.448388,-0.799232,0.392498,0.078238
0.68942,-0.511155,0.44274;0.430993,-0.801792,0.407584,0.0724587
0.699983,-0.512286,0.442439;0.413351,-0.803894,0.422438,0.0666382
0.709952,-0.510931,0.443077;0.39847,-0.805296,0.434633,0.0617586
0.719871,-0.507825,0.444392;0.384942,-0.806285,0.445462,0.0573459
0.729468,-0.503491,0.446184;0.372813,-0.806947,0.454967,0.0534081
0.738486,-0.498438,0.448256;0.362122,-0.807358,0.46319,0.0499514
0.746691,-0.493138,0.450423;0.352903,-0.807586,0.470166,0.0469807
0.755343,-0.486917,0.452963;0.343634,-0.807699,0.477076,0.0440034
0.764452,-0.47975,0.455889;0.334315,-0.807697,0.483917,0.0410198
0.7724,-0.473037,0.45863;0.326513,-0.807607,0.489566,0.0385289
0.780678,-0.465636,0.461655;0.318679,-0.807438,0.495166,0.0360343
0.789291,-0.457532,0.464969;0.310813,-0.807188,0.500717,0.0335361
