0.841945,0.290138,0.623547;0.149253,0.815341,0.100784,0.550259
0.833033,0.286339,0.619776;0.157868,0.829057,0.104408,0.526157
0.824127,0.282027,0.615688;0.166994,0.843034,0.10821,0.499697
0.815921,0.277497,0.611578;0.175954,0.856174,0.111904,0.47274
0.807885,0.272412,0.607153;0.18536,0.869309,0.115739,0.443338
0.800609,0.2671,0.602711;0.194554,0.881452,0.119442,0.41343
0.79366,0.2612,0.597961;0.204117,0.893297,0.123242,0.38101
0.787166,0.254682,0.592906;0.213987,0.904612,0.127104,0.346023
0.781555,0.247926,0.587852;0.223544,0.914602,0.130779,0.310529
0.776541,0.240534,0.582507;0.233306,0.923719,0.134463,0.272453
0.772443,0.232918,0.57718;0.242685,0.93132,0.137925,0.23393
0.769067,0.224661,0.571585;0.252152,0.937685,0.141334,0.19285
0.766621,0.216206,0.566029;0.261158,0.942334,0.144484,0.151419
0.765062,0.207578,0.560523;0.269686,0.945259,0.14737,0.10971
0.764341,0.198804,0.555077;0.277721,0.946455,0.149987,0.0678001
0.764415,0.18991,0.549702;0.285248,0.94592,0.152329,0.0257665
0.765238,0.180922,0.544407;0.292253,0.943655,0.154392,-0.0163142
0.766763,0.171866,0.539204;0.298724,0.939663,0.156173,-0.0583651
0.768814,0.163247,0.534368;0.30435,0.934296,0.157597,-0.0981055
0.771417,0.154613,0.529633;0.309477,0.927395,0.158762,-0.137685
0.774531,0.145986,0.525006;0.314095,0.918971,0.159667,-0.177038
0.77812,0.137387,0.520498;0.318198,0.909039,0.160309,-0.216101
0.782142,0.12884,0.516117;0.321778,0.897614,0.160688,-0.254809
0.78656,0.120365,0.511871;0.32483,0.884715,0.160803,-0.293098
0.791336,0.111986,0.50777;0.327348,0.870364,0.160655,-0.330907
0.796429,0.103725,0.503822;0.32933,0.854584,0.160242,-0.368172
0.801801,0.0956033,0.500037;0.33077,0.837401,0.159567,-0.404832
0.807415,0.0876435,0.496423;0.331668,0.818843,0.158629,-0.440828
0.813229,0.0798679,0.492989;0.332021,0.798941,0.157431,-0.4761
0.819207,0.0722985,0.489744;0.331829,0.777727,0.155975,-0.510591
0.825309,0.0649575,0.486697;0.331092,0.755236,0.154262,-0.544243
0.831841,0.057481,0.483705;0.329724,0.730151,0.15218,-0.578794
0.838757,0.0499543,0.480821;0.318827,0.717338,0.147815,-0.601603
0.845777,0.0426973,0.478183;0.288004,0.735966,0.139048,-0.596718
0.852786,0.0358213,0.475839;0.256779,0.753566,0.130086,-0.591
0.860199,0.0289452,0.473685;0.22321,0.771111,0.120366,-0.584018
0.867979,0.0221609,0.471795;0.187284,0.788361,0.109867,-0.575622
0.875659,0.0159021,0.470323;0.151026,0.804216,0.0991735,-0.566208
0.883622,0.0098826,0.469238;0.112466,0.819409,0.0876962,-0.555185
0.892208,0.00395195,0.468622;0.0695917,0.83432,0.0748106,-0.541728
0.900909,-0.00142188,0.468658;0.0244979,0.847787,0.0611188,-0.526233
0.909992,-0.00627262,0.469525;-0.0247651,0.859922,0.0459993,-0.507745
0.919268,-0.0102956,0.47148;-0.0780406,0.870016,0.0294582,-0.485916
0.928496,-0.0131439,0.47482;-0.135087,0.877294,0.0115248,-0.460406
0.937377,-0.014424,0.479881;-0.195559,0.880926,-0.00774223,-0.430889
0.945077,-0.0138024,0.486546;-0.255071,0.88023,-0.0269712,-0.399256
0.95107,-0.0114442,0.494277;-0.309491,0.875679,-0.0448006,-0.367959
0.955499,-0.00766602,0.502812;-0.358843,0.868097,-0.0611864,-0.337485
0.958428,-0.00301093,0.511489;-0.401402,0.858718,-0.0754953,-0.309484
0.960234,0.0023439,0.520365;-0.43925,0.847988,-0.0883705,-0.283136
0.961084,0.00779186,0.528715;-0.470854,0.837165,-0.0992382,-0.260007
0.961264,0.013679,0.537246;-0.499938,0.825582,-0.109341,-0.23774
0.960859,0.0198898,0.545858;-0.526591,0.813491,-0.118693,-0.21644
0.959993,0.0260935,0.554168;-0.561196,0.79159,-0.100919,-0.219681
0.95874,0.0324517,0.562454;-0.594061,0.76814,-0.0811482,-0.224651
0.957175,0.0388696,0.570626;-0.624158,0.744406,-0.0622114,-0.228947
0.955369,0.0452544,0.578597;-0.651608,0.720653,-0.0441647,-0.232627
0.953384,0.0515273,0.586292;-0.676543,0.697123,-0.027053,-0.235749
0.951138,0.0580086,0.594116;-0.700478,0.672562,-0.0099012,-0.238523
0.948793,0.064275,0.601568;-0.72206,0.648537,0.00625544,-0.240811
0.946233,0.0706796,0.609076;-0.742697,0.623663,0.0224039,-0.242784
0.943465,0.0772001,0.616614;-0.762361,0.597973,0.038523,-0.244439
0.940497,0.0838141,0.624153;-0.781027,0.571499,0.0545917,-0.245775
0.937337,0.090499,0.631666;-0.798671,0.544278,0.0705889,-0.246788
0.933993,0.0972323,0.639125;-0.815268,0.516344,0.0864937,-0.247478
0.930473,0.103992,0.646502;-0.830799,0.487733,0.102285,-0.247844
0.926784,0.110755,0.65377;-0.845242,0.458485,0.117943,-0.247886
0.922935,0.117499,0.6609;-0.858578,0.428636,0.133446,-0.247604
0.918933,0.124202,0.667866;-0.87079,0.398226,0.148775,-0.246997
0.914786,0.130841,0.67464;-0.881862,0.367294,0.163908,-0.246066
0.910502,0.137393,0.681193;-0.891779,0.335882,0.178827,-0.244814
0.906089,0.143837,0.687498;-0.900529,0.304029,0.193512,-0.243241
0.901268,0.15054,0.693894;-0.908534,0.269751,0.208837,-0.241221
0.896319,0.157068,0.699946;-0.915196,0.235074,0.223853,-0.238844
0.89095,0.163759,0.705942;-0.920775,0.19798,0.239392,-0.235943
0.88546,0.170191,0.711474;-0.924828,0.160558,0.254533,-0.232651
0.879546,0.176666,0.716769;-0.927445,0.120769,0.270058,-0.228757
0.873203,0.18309,0.721686;-0.928349,0.078647,0.285861,-0.224203
0.866429,0.189357,0.726066;-0.927254,0.034247,0.301824,-0.218928
0.859227,0.195342,0.729729;-0.923865,-0.0123484,0.317816,-0.212872
0.85127,0.201126,0.73256;-0.917559,-0.0631409,0.334364,-0.205665
0.842562,0.20643,0.73415;-0.90768,-0.117952,0.351178,-0.197175
0.833457,0.210778,0.734051;-0.8941,-0.174436,0.367354,-0.187638
0.82399,0.213924,0.731923;-0.876498,-0.232323,0.382681,-0.177009
0.814874,0.215533,0.727783;-0.856196,-0.287264,0.396009,-0.166087
0.806478,0.215679,0.722003;-0.834551,-0.337184,0.407034,-0.155421
0.799025,0.214646,0.715158;-0.825495,-0.375764,0.395339,-0.145142
0.792267,0.21273,0.707526;-0.826858,-0.405655,0.365355,-0.135149
0.786257,0.210251,0.699639;-0.826746,-0.431901,0.337776,-0.125935
0.780654,0.207284,0.691379;-0.825475,-0.456082,0.311253,-0.117055
0.775455,0.203961,0.682949;-0.823247,-0.47827,0.2859,-0.108552
0.770654,0.200401,0.67452;-0.820251,-0.498546,0.261816,-0.10046
0.766243,0.196708,0.666237;-0.816667,-0.516991,0.239086,-0.0928106
0.761906,0.192672,0.657593;-0.812324,-0.534956,0.216133,-0.0850752
0.757948,0.188632,0.649275;-0.807617,-0.551194,0.19464,-0.0778215
0.754064,0.184323,0.640709;-0.802263,-0.56699,0.172992,-0.0705055
0.750256,0.179757,0.631926;-0.796266,-0.582333,0.151204,-0.063133
0.74653,0.174948,0.622957;-0.789633,-0.597209,0.129296,-0.0557101
0.743167,0.170303,0.614539;-0.782949,-0.610517,0.108981,-0.0488184
0.739881,0.165472,0.606013;-0.77573,-0.623409,0.088591,-0.0418934
0.736676,0.160463,0.597403;-0.767983,-0.635876,0.068141,-0.0349398
0.733554,0.155287,0.588733;-0.759712,-0.647909,0.0476445,-0.0279624
0.73052,0.149954,0.580028;-0.750923,-0.6595,0.0271154,-0.020966
0.727576,0.144473,0.571312;-0.741621,-0.670641,0.00656795,-0.0139552
0.724728,0.138855,0.562609;-0.731814,-0.681325,-0.013984,-0.00693496
0.721977,0.133109,0.553944;-0.721508,-0.691545,-0.0345265,9.0044e-05
0.719328,0.127245,0.545341;-0.71071,-0.701292,-0.0550454,0.00711498
0.716784,0.121274,0.536824;-0.699427,-0.710562,-0.0755267,0.0141351
0.714349,0.115205,0.528417;-0.687667,-0.719346,-0.0959566,0.0211455
0.712027,0.109048,0.520145;-0.675438,-0.727641,-0.116321,0.0281415
0.70982,0.102813,0.512032;-0.662748,-0.735439,-0.136606,0.0351184
0.707732,0.0965095,0.504103;-0.649607,-0.742735,-0.156798,0.0420713
0.705767,0.090148,0.496381;-0.636022,-0.749525,-0.176883,0.0489955
0.703929,0.0837381,0.48889;-0.622004,-0.755804,-0.196847,0.0558862
0.702084,0.0767509,0.481066;-0.606339,-0.762024,-0.218323,0.0633081
0.700396,0.0697313,0.473573;-0.590189,-0.767634,-0.239625,0.0706793
0.698869,0.0626917,0.466443;-0.573566,-0.77263,-0.260734,0.0779939
0.697411,0.0551028,0.459204;-0.555152,-0.777318,-0.283234,0.0858012
0.696151,0.0475212,0.452461;-0.536222,-0.781285,-0.30547,0.0935288
0.695027,0.0394239,0.445828;-0.515388,-0.78473,-0.32898,0.101712
0.694144,0.0313723,0.439855;-0.494006,-0.787339,-0.352139,0.109787
0.693475,0.0228561,0.434264;-0.470618,-0.789198,-0.376428,0.11827
0.693083,0.013915,0.42927;-0.445143,-0.790124,-0.401735,0.127127
0.693036,0.00459925,0.42512;-0.417507,-0.789925,-0.42793,0.136315
0.69341,-0.00502897,0.422097;-0.387642,-0.788401,-0.454867,0.145786
0.694289,-0.0148939,0.420526;-0.355489,-0.785341,-0.48238,0.155486
0.695765,-0.0249047,0.420775;-0.321006,-0.780527,-0.510285,0.165354
0.697828,-0.0345074,0.423099;-0.285852,-0.774082,-0.537125,0.174876
0.700353,-0.0432247,0.427359;-0.251816,-0.766442,-0.561644,0.183606
0.703356,-0.0512816,0.433521;-0.226664,-0.781651,-0.551863,0.181912
0.706432,-0.0580237,0.44051;-0.206512,-0.800422,-0.53398,0.1776
0.709676,-0.0640872,0.448288;-0.187414,-0.817223,-0.516683,0.17338
0.713011,-0.0695481,0.45653;-0.169426,-0.832193,-0.50009,0.169291
0.716367,-0.0744685,0.464963;-0.152595,-0.845469,-0.484305,0.165366
0.71968,-0.0788984,0.473356;-0.13696,-0.85718,-0.469423,0.161637
0.723196,-0.0832363,0.482284;-0.121241,-0.868362,-0.454252,0.157808
0.726593,-0.0871444,0.490894;-0.106766,-0.878142,-0.440098,0.154213
0.730153,-0.0909989,0.499873;-0.0922349,-0.887467,-0.425716,0.150538
0.733873,-0.0948113,0.509182;-0.0776565,-0.896331,-0.411114,0.146784
0.737389,-0.0982502,0.5179;-0.0643682,-0.903987,-0.397653,0.143306
0.741032,-0.101672,0.52683;-0.0510524,-0.911255,-0.384023,0.139767
0.744798,-0.105086,0.535943;-0.0377147,-0.918133,-0.370228,0.136167
0.748685,-0.1085,0.545212;-0.0243608,-0.924617,-0.356274,0.132509
0.75269,-0.111924,0.554606;-0.0109965,-0.930705,-0.342167,0.128795
0.756811,-0.115364,0.564098;0.00237257,-0.936395,-0.327914,0.125025
0.761044,-0.118831,0.573659;0.0157406,-0.941683,-0.313521,0.121202
0.765388,-0.122333,0.583259;0.0291018,-0.946568,-0.298993,0.117326
0.76939,-0.125521,0.591909;0.0411165,-0.950618,-0.285808,0.113796
0.773476,-0.128751,0.600548;0.0531169,-0.954337,-0.272524,0.110225
0.777646,-0.132028,0.609153;0.0650988,-0.957726,-0.259146,0.106617
0.781897,-0.135358,0.617704;0.0770581,-0.960782,-0.245677,0.102971
0.786228,-0.138749,0.62618;0.0889907,-0.963504,-0.232123,0.0992901
0.790636,-0.142207,0.63456;0.100892,-0.965893,-0.218489,0.0955743
0.795119,-0.145737,0.642822;0.112759,-0.967946,-0.204779,0.0918254
0.800187,-0.149752,0.65184;0.125898,-0.969833,-0.189462,0.0876227
0.805343,-0.153872,0.660659;0.138984,-0.971305,-0.174064,0.0833824
0.810585,-0.158108,0.66925;0.152009,-0.97236,-0.158592,0.0791064
0.815909,-0.162466,0.677583;0.16497,-0.972999,-0.143052,0.0747964
0.821314,-0.166956,0.685632;0.17786,-0.973221,-0.12745,0.0704545
0.826796,-0.171586,0.693365;0.190673,-0.973026,-0.111794,0.0660823
0.832354,-0.176366,0.700756;0.203405,-0.972414,-0.0960897,0.0616819
0.837983,-0.181302,0.707774;0.21605,-0.971385,-0.0803444,0.057255
0.843682,-0.186405,0.714392;0.228602,-0.96994,-0.0645646,0.0528035
0.850029,-0.19222,0.721174;0.242296,-0.967871,-0.0471752,0.0478809
0.856452,-0.198257,0.727397;0.255865,-0.9653,-0.0297614,0.0429335
0.86295,-0.204529,0.733025;0.269301,-0.962229,-0.0123321,0.0379638
0.869518,-0.211046,0.738017;0.282597,-0.958658,0.0051036,0.0329744
0.876153,-0.21782,0.742336;0.295747,-0.954591,0.0225366,0.0279679
0.882852,-0.224862,0.745944;0.308743,-0.950029,0.039958,0.0229469
0.88961,-0.232185,0.748802;0.321579,-0.944974,0.0573586,0.017914
0.896425,-0.239798,0.750872;0.334249,-0.939429,0.0747295,0.0128719
0.903292,-0.247714,0.752115;0.346745,-0.933398,0.0920617,0.00782303
0.910209,-0.255944,0.752494;0.359062,-0.926882,0.109346,0.00277014
0.916536,-0.263708,0.752055;0.370097,-0.920542,0.12501,-0.00182472
0.922899,-0.27175,0.750841;0.380974,-0.913807,0.140621,-0.00641879
0.929294,-0.280077,0.748823;0.391688,-0.906681,0.156171,-0.0110101
0.935719,-0.2887,0.745973;0.402234,-0.899166,0.171655,-0.0155967
0.941525,-0.296719,0.742672;0.411578,-0.892073,0.185527,-0.019719
0.947351,-0.30499,0.738651;0.420779,-0.884671,0.199335,-0.0238345
0.952545,-0.312559,0.734457;0.428835,-0.877833,0.211551,-0.0274857
0.957752,-0.320336,0.729664;0.436774,-0.870755,0.223709,-0.0311295
0.96297,-0.328326,0.724257;0.444593,-0.863437,0.235805,-0.0347647
0.968199,-0.336533,0.718221;0.45229,-0.855883,0.247837,-0.0383903
0.972781,-0.343896,0.712411;0.458924,-0.849081,0.258309,-0.0415542
0.97737,-0.351432,0.7061;0.465461,-0.8421,0.268727,-0.0447093
