0.748549,-0.137851,0.249312;0.260116,0.864236,-0.150021,-0.403646
0.751057,-0.129751,0.255044;0.267119,0.863737,-0.15036,-0.399998
0.753545,-0.121706,0.260712;0.274105,0.863183,-0.150689,-0.396325
0.756011,-0.113714,0.266316;0.281074,0.862576,-0.151009,-0.392628
0.759064,-0.103801,0.27323;0.289761,0.86174,-0.151396,-0.387971
0.762084,-0.0939716,0.280044;0.298419,0.860821,-0.151768,-0.383276
0.765071,-0.084226,0.286759;0.307048,0.859817,-0.152125,-0.378544
0.768026,-0.0745638,0.293376;0.315646,0.858728,-0.152467,-0.373774
0.770949,-0.0649846,0.299894;0.324214,0.857556,-0.152794,-0.368968
0.773839,-0.0554881,0.306316;0.33275,0.856299,-0.153106,-0.364126
0.776697,-0.046074,0.31264;0.341254,0.854959,-0.153403,-0.359248
0.779524,-0.0367419,0.318868;0.349724,0.853534,-0.153685,-0.354335
0.782318,-0.0274916,0.325001;0.35816,0.852026,-0.153952,-0.349387
0.785081,-0.0183227,0.331039;0.36656,0.850435,-0.154204,-0.344405
0.787812,-0.00923479,0.336982;0.374925,0.84876,-0.154441,-0.339389
0.790512,-0.000227636,0.342831;0.383253,0.847002,-0.154662,-0.33434
0.793181,0.00869911,0.348587;0.391544,0.845162,-0.154869,-0.329259
0.795819,0.0175458,0.354251;0.399796,0.843238,-0.15506,-0.324145
0.798426,0.0263127,0.359822;0.408009,0.841232,-0.155236,-0.318999
0.801002,0.0350002,0.365302;0.416182,0.839143,-0.155397,-0.313822
0.803548,0.0436087,0.370691;0.424314,0.836972,-0.155543,-0.308614
0.806063,0.0521384,0.37599;0.432404,0.834719,-0.155673,-0.303376
0.808548,0.0605897,0.381199;0.440452,0.832384,-0.155788,-0.298108
0.811002,0.0689628,0.386318;0.448458,0.829968,-0.155888,-0.292811
0.813427,0.0772582,0.39135;0.456419,0.82747,-0.155973,-0.287485
0.816297,0.0871106,0.397271;0.465913,0.824366,-0.156054,-0.281057
0.819125,0.0968519,0.403067;0.475341,0.821145,-0.156114,-0.27459
0.82191,0.106483,0.408738;0.484703,0.817809,-0.156151,-0.268083
0.824652,0.116004,0.414286;0.493996,0.814357,-0.156166,-0.261539
0.827353,0.125416,0.419711;0.503219,0.81079,-0.15616,-0.254958
0.830012,0.13472,0.425014;0.512371,0.807109,-0.156131,-0.248341
0.832629,0.143915,0.430197;0.521451,0.803314,-0.15608,-0.241689
0.835206,0.153003,0.43526;0.530458,0.799406,-0.156007,-0.235002
0.837741,0.161983,0.440205;0.53939,0.795385,-0.155913,-0.228283
0.840236,0.170858,0.445032;0.548245,0.791252,-0.155796,-0.221531
0.84269,0.179627,0.449742;0.557023,0.787006,-0.155657,-0.214748
0.845104,0.18829,0.454338;0.565723,0.78265,-0.155496,-0.207935
0.84787,0.198265,0.459554;0.575771,0.777429,-0.155281,-0.19995
0.850582,0.208099,0.464616;0.585709,0.772058,-0.155036,-0.191925
0.85324,0.217791,0.469526;0.595534,0.766539,-0.154761,-0.183864
0.855846,0.227345,0.474285;0.605245,0.760872,-0.154457,-0.175768
0.858398,0.236759,0.478894;0.61484,0.75506,-0.154122,-0.167638
0.860898,0.246035,0.483355;0.624317,0.749102,-0.153758,-0.159476
0.863347,0.255175,0.487671;0.633674,0.743001,-0.153365,-0.151283
0.865743,0.264178,0.491842;0.642909,0.736757,-0.152942,-0.143061
0.868089,0.273046,0.49587;0.65202,0.730371,-0.15249,-0.134812
0.870708,0.283016,0.5003;0.66228,0.722902,-0.151937,-0.125352
0.873261,0.292813,0.504548;0.672374,0.715251,-0.151346,-0.115861
0.875749,0.302437,0.508617;0.682299,0.70742,-0.150718,-0.106341
0.878173,0.311889,0.512508;0.692053,0.699413,-0.150051,-0.0967946
0.880533,0.321171,0.516225;0.701633,0.691229,-0.149347,-0.0872236
0.88283,0.330285,0.519769;0.711038,0.682873,-0.148605,-0.0776308
0.885339,0.340338,0.523552;0.721404,0.673267,-0.147726,-0.0668157
0.887769,0.350181,0.527124;0.731542,0.663448,-0.146801,-0.0559794
0.890123,0.359816,0.530487;0.741447,0.653417,-0.145828,-0.0451253
0.892399,0.369245,0.533646;0.751117,0.64318,-0.144809,-0.0342569
0.89484,0.379483,0.536919;0.761581,0.631565,-0.143624,-0.0221682
0.897188,0.389471,0.539948;0.771747,0.619703,-0.142382,-0.0100709
0.899446,0.399213,0.542737;0.781611,0.607598,-0.141084,0.00203032
0.901613,0.408711,0.545292;0.791168,0.595255,-0.13973,0.0141308
0.903894,0.418879,0.547837;0.801323,0.581409,-0.138179,0.0274347
0.90607,0.42876,0.550109;0.811097,0.567286,-0.136561,0.0407256
0.908141,0.438355,0.552116;0.820487,0.552895,-0.134879,0.0539972
0.910284,0.448501,0.554009;0.830287,0.536896,-0.132971,0.0684459
0.912306,0.458317,0.555602;0.839618,0.520595,-0.130989,0.082856
0.914364,0.468584,0.556997;0.849191,0.502604,-0.128757,0.0984138
0.916286,0.478473,0.55806;0.858202,0.48428,-0.12644,0.113907
0.918206,0.488709,0.558843;0.867271,0.464187,-0.123851,0.130506
0.920095,0.499207,0.559281;0.876248,0.442265,-0.120972,0.14818
0.921815,0.509229,0.559321;0.884452,0.419952,-0.117986,0.165723
0.923466,0.519403,0.558941;0.892343,0.395745,-0.114687,0.184275
0.925019,0.529642,0.558081;0.899746,0.369589,-0.111055,0.203782
0.926444,0.539856,0.556684;0.906474,0.34144,-0.107073,0.224186
0.927709,0.549955,0.554695;0.912326,0.311257,-0.102722,0.245413
0.928786,0.559847,0.552066;0.917093,0.279011,-0.0979851,0.267382
0.929646,0.569442,0.548756;0.92055,0.244682,-0.0928462,0.289998
0.93026,0.578649,0.54473;0.922465,0.208267,-0.0872907,0.313152
0.93061,0.587741,0.539745;0.922558,0.168092,-0.0810417,0.337732
0.930637,0.596193,0.533963;0.920442,0.125842,-0.0743379,0.362526
0.930319,0.603924,0.527389;0.915849,0.0815759,-0.0671732,0.387368
0.929638,0.610858,0.520045;0.908512,0.0353803,-0.0595447,0.412078
0.928578,0.616928,0.511969;0.898162,-0.0126313,-0.0514544,0.43646
0.927092,0.622171,0.503025;0.888758,-0.0622457,-0.0459881,0.451797
0.925296,0.626189,0.493956;0.891808,-0.106984,-0.0510293,0.436611
0.923071,0.629253,0.484199;0.892835,-0.153591,-0.0561862,0.419641
0.920509,0.631187,0.474237;0.891641,-0.199816,-0.0612033,0.401628
0.917762,0.632022,0.464592;0.888431,-0.243478,-0.0658506,0.3835
0.914734,0.631909,0.454866;0.883208,-0.286587,-0.0703485,0.364503
0.91144,0.630888,0.44511;0.875982,-0.329047,-0.074687,0.34468
0.908065,0.629108,0.435838;0.867255,-0.368793,-0.0786617,0.325074
0.90447,0.626573,0.42663;0.856744,-0.407781,-0.0824746,0.304799
0.900668,0.623318,0.41753;0.844471,-0.445931,-0.0861179,0.283898
0.896873,0.61959,0.409026;0.831204,-0.481324,-0.0894151,0.2635
0.89291,0.615271,0.400697;0.816394,-0.515825,-0.0925465,0.242613
0.888789,0.610393,0.392582;0.800069,-0.549368,-0.0955061,0.221277
0.884519,0.604982,0.384718;0.782259,-0.581892,-0.0982884,0.199529
0.880345,0.599393,0.377535;0.764047,-0.611709,-0.100756,0.178584
0.876055,0.593377,0.370644;0.744562,-0.640508,-0.103056,0.157341
0.871657,0.58696,0.364077;0.723838,-0.668239,-0.105184,0.135837
0.867159,0.580167,0.357867;0.701908,-0.694858,-0.107138,0.114106
0.862569,0.573022,0.352047;0.678808,-0.720319,-0.108912,0.0921851
0.857895,0.565551,0.346647;0.654579,-0.74458,-0.110505,0.0701107
0.853146,0.557777,0.341702;0.629259,-0.767602,-0.111915,0.0479195
0.84833,0.549727,0.337242;0.602891,-0.789345,-0.113138,0.0256485
0.843455,0.541424,0.333301;0.575519,-0.809773,-0.114172,0.0033348
0.83853,0.532893,0.32991;0.547188,-0.828852,-0.115016,-0.0189845
0.833562,0.52416,0.327103;0.517946,-0.846551,-0.115669,-0.0412721
0.82856,0.515249,0.32491;0.487841,-0.862841,-0.116129,-0.063491
0.823532,0.506185,0.323365;0.456924,-0.877693,-0.116396,-0.0856042
0.818486,0.496993,0.3225;0.425246,-0.891083,-0.116468,-0.107575
0.813431,0.487697,0.322347;0.392859,-0.902989,-0.116347,-0.129366
0.808655,0.478845,0.322885;0.36167,-0.912853,-0.116055,-0.14975
0.803772,0.469731,0.324153;0.343358,-0.917108,-0.11325,-0.167908
0.798917,0.460604,0.32615;0.381243,-0.901977,-0.100944,-0.175787
0.794332,0.451897,0.3287;0.416572,-0.886034,-0.0890777,-0.182966
0.789785,0.443148,0.331855;0.451194,-0.86859,-0.0770603,-0.189835
0.785288,0.434352,0.335587;0.485053,-0.849673,-0.0649123,-0.196383
0.781086,0.42597,0.339628;0.516371,-0.830423,-0.0533018,-0.202279
0.776951,0.417538,0.344137;0.546905,-0.80991,-0.0416103,-0.207867
0.773116,0.409524,0.348802;0.574979,-0.789405,-0.0305099,-0.212855
0.769358,0.401457,0.35384;0.602273,-0.76783,-0.0193681,-0.217554
0.765686,0.393333,0.359232;0.62875,-0.745212,-0.00820003,-0.221958
0.762109,0.385148,0.364956;0.654374,-0.721583,0.00297917,-0.22606
0.758837,0.377387,0.370629;0.67768,-0.69845,0.0134973,-0.229642
0.755664,0.369566,0.37656;0.700172,-0.674477,0.0239993,-0.232947
0.752597,0.361682,0.382733;0.721822,-0.649693,0.0344724,-0.235972
0.749644,0.353732,0.38913;0.742605,-0.624129,0.0449041,-0.238714
0.746985,0.346216,0.395315;0.761279,-0.59948,0.054635,-0.241024
0.744438,0.338637,0.401668;0.779149,-0.574199,0.0643083,-0.243079
0.742009,0.330993,0.408175;0.796195,-0.54831,0.0739135,-0.244878
0.739704,0.32328,0.41482;0.812401,-0.521843,0.0834408,-0.246418
0.737529,0.315497,0.42159;0.827749,-0.494825,0.0928798,-0.247697
0.73549,0.307641,0.42847;0.842222,-0.467283,0.102221,-0.248715
0.733715,0.30024,0.434979;0.854928,-0.441132,0.110842,-0.249428
0.732069,0.292771,0.44156;0.866847,-0.414575,0.119361,-0.249912
0.730556,0.285232,0.448202;0.877969,-0.387637,0.12777,-0.250166
0.729182,0.277621,0.454893;0.888283,-0.360342,0.136062,-0.250189
0.727951,0.269935,0.461621;0.897779,-0.332715,0.144228,-0.249982
0.726868,0.262174,0.468376;0.90645,-0.304782,0.152262,-0.249545
0.725938,0.254334,0.475144;0.914286,-0.276569,0.160155,-0.248879
0.725166,0.246414,0.481915;0.921281,-0.248101,0.167902,-0.247984
0.724556,0.238412,0.488678;0.927428,-0.219405,0.175493,-0.24686
0.724114,0.230325,0.49542;0.932722,-0.190507,0.182924,-0.245509
0.723844,0.222152,0.502129;0.937158,-0.161434,0.190186,-0.243933
0.723752,0.21389,0.508796;0.940732,-0.132212,0.197273,-0.242131
0.723842,0.205538,0.515406;0.943439,-0.102869,0.204178,-0.240107
0.724119,0.197093,0.521951;0.945279,-0.0734305,0.210896,-0.237863
0.724587,0.188554,0.528416;0.946249,-0.0439248,0.217419,-0.235399
0.725253,0.179918,0.534792;0.946348,-0.0143788,0.223743,-0.232719
0.726051,0.17181,0.540621;0.94566,0.0130693,0.22943,-0.230038
0.727027,0.163616,0.546353;0.944222,0.040507,0.234936,-0.227175
0.728185,0.155333,0.55198;0.942035,0.0679126,0.240255,-0.224131
0.729529,0.146961,0.557491;0.939101,0.0952643,0.245383,-0.22091
0.731061,0.138496,0.562877;0.935421,0.12254,0.250317,-0.217513
0.732787,0.129938,0.568129;0.931,0.149719,0.255052,-0.213944
0.734711,0.121286,0.573237;0.925839,0.176779,0.259585,-0.210206
0.736806,0.112647,0.578133;0.927473,0.161507,0.262101,-0.212159
0.739166,0.103639,0.583026;0.930459,0.134398,0.264028,-0.215573
0.741716,0.0945395,0.58776;0.932739,0.107186,0.265754,-0.218824
0.744447,0.0853527,0.592333;0.934311,0.0798938,0.267278,-0.221908
0.747346,0.0760836,0.596747;0.935173,0.0525404,0.268599,-0.224824
0.750403,0.0667372,0.601002;0.935325,0.0251472,0.269717,-0.227569
0.753608,0.0573183,0.605097;0.934767,-0.00226507,0.270629,-0.230142
0.75695,0.0478317,0.609034;0.933499,-0.0296757,0.271336,-0.23254
0.760147,0.0390191,0.612527;0.9317,-0.0549582,0.271806,-0.234596
0.763442,0.0301568,0.615885;0.929298,-0.0802052,0.272101,-0.236501
0.766828,0.0212487,0.619108;0.926295,-0.1054,0.272219,-0.238253
0.770296,0.0122987,0.622196;0.922693,-0.130527,0.272161,-0.239851
0.773838,0.00331048,0.62515;0.918494,-0.15557,0.271927,-0.241293
0.777444,-0.00571201,0.627969;0.913701,-0.180512,0.271517,-0.24258
0.781107,-0.014765,0.630654;0.908316,-0.205337,0.270931,-0.24371
0.784819,-0.0238446,0.633205;0.902345,-0.230029,0.27017,-0.244682
0.78857,-0.032947,0.635623;0.895789,-0.254572,0.269235,-0.245495
0.792352,-0.0420684,0.637906;0.888654,-0.278951,0.268125,-0.24615
0.796156,-0.051205,0.640056;0.880944,-0.30315,0.266841,-0.246646
0.799975,-0.0603528,0.642073;0.872664,-0.327152,0.265386,-0.246982
0.8038,-0.0695082,0.643956;0.863819,-0.350942,0.263758,-0.247158
0.807622,-0.0786672,0.645707;0.854416,-0.374506,0.26196,-0.247174
0.811434,-0.087826,0.647324;0.84446,-0.397827,0.259992,-0.247031
0.815225,-0.0969807,0.648809;0.833958,-0.420891,0.257856,-0.246728
0.819301,-0.106889,0.650268;0.821972,-0.445569,0.255354,-0.246219
0.823332,-0.116784,0.651572;0.809362,-0.469909,0.252658,-0.245523
0.82731,-0.12666,0.652721;0.796138,-0.493892,0.249771,-0.244641
0.831222,-0.136512,0.653714;0.782309,-0.517501,0.246694,-0.243574
0.835058,-0.146335,0.654554;0.767886,-0.540716,0.243429,-0.242321
0.838808,-0.156124,0.655238;0.75288,-0.563521,0.23998,-0.240885
0.84246,-0.165875,0.655768;0.737303,-0.585898,0.236348,-0.239265
0.846004,-0.175583,0.656145;0.721166,-0.60783,0.232537,-0.237464
0.849429,-0.185243,0.656367;0.704481,-0.629301,0.228549,-0.235482
0.852724,-0.194849,0.656436;0.687262,-0.650294,0.224388,-0.233322
0.855879,-0.204398,0.656351;0.66952,-0.670793,0.220057,-0.230985
0.859107,-0.214611,0.656089;0.649846,-0.692299,0.215205,-0.228272
0.862146,-0.224744,0.655649;0.6296,-0.713196,0.210165,-0.225358
0.864982,-0.234793,0.655032;0.6088,-0.733465,0.204939,-0.222245
0.867603,-0.244751,0.654239;0.587463,-0.753087,0.199532,-0.218937
0.869995,-0.254611,0.653268;0.565609,-0.772047,0.19395,-0.215436
0.872144,-0.264368,0.652122;0.543258,-0.790327,0.188197,-0.211745
0.874163,-0.274701,0.650698;0.518779,-0.80914,0.18185,-0.207584
0.87587,-0.2849,0.649072;0.493776,-0.827136,0.175319,-0.203213
0.877251,-0.29496,0.647245;0.468274,-0.844295,0.16861,-0.198636
0.878288,-0.304871,0.645216;0.442298,-0.860601,0.161731,-0.193859
0.878966,-0.314626,0.642987;0.415876,-0.876037,0.154689,-0.188886
0.879272,-0.324852,0.640388;0.387229,-0.891526,0.147005,-0.183371
0.879131,-0.334884,0.637562;0.358138,-0.905989,0.139152,-0.177645
0.878521,-0.344712,0.634508;0.328634,-0.919411,0.131139,-0.171715
0.877418,-0.354397,0.631202;0.307044,-0.926836,0.13185,-0.171215
0.875854,-0.363811,0.627682;0.286329,-0.933215,0.133438,-0.171232
0.873851,-0.373013,0.623923;0.265479,-0.939153,0.134962,-0.171168
0.871436,-0.382004,0.619918;0.244503,-0.944647,0.136423,-0.171023
0.868638,-0.390786,0.615662;0.223412,-0.949695,0.137819,-0.170798
0.865483,-0.39936,0.611148;0.202216,-0.954295,0.13915,-0.170491
0.862,-0.407727,0.606371;0.180924,-0.958444,0.140416,-0.170105
0.858215,-0.415887,0.601323;0.159546,-0.96214,0.141615,-0.169638
0.854157,-0.423843,0.595999;0.138093,-0.965382,0.142747,-0.16909
0.849854,-0.431596,0.590392;0.116575,-0.968168,0.143812,-0.168463
0.845332,-0.439146,0.584497;0.0950023,-0.970496,0.144808,-0.167757
0.840619,-0.446496,0.578307;0.0733843,-0.972366,0.145737,-0.166971
0.835743,-0.453645,0.571816;0.0517317,-0.973777,0.146597,-0.166106
0.830732,-0.460596,0.565018;0.0300546,-0.974728,0.147387,-0.165163
0.826082,-0.466743,0.558566;0.0103356,-0.975193,0.148045,-0.164238
0.821364,-0.472728,0.551851;-0.00938746,-0.975278,0.148645,-0.163249
0.816598,-0.478551,0.544867;-0.0291068,-0.974981,0.149188,-0.162196
0.811805,-0.484214,0.537611;-0.0488149,-0.974304,0.149672,-0.161079
0.807006,-0.489717,0.530077;-0.0685038,-0.973247,0.150098,-0.1599
0.802222,-0.495062,0.52226;-0.0881661,-0.97181,0.150465,-0.158659
0.797473,-0.500248,0.514157;-0.107794,-0.969994,0.150773,-0.157355
0.79278,-0.505278,0.505763;-0.12738,-0.967798,0.151022,-0.15599
0.788163,-0.510152,0.497073;-0.146916,-0.965226,0.151213,-0.154564
0.783645,-0.51487,0.488081;-0.166394,-0.962276,0.151344,-0.153078
0.779678,-0.518984,0.479728;-0.18387,-0.9593,0.151412,-0.151689
0.775823,-0.522974,0.471125;-0.201287,-0.956021,0.151432,-0.150253
0.772093,-0.526841,0.462267;-0.218641,-0.952439,0.151404,-0.148769
0.768505,-0.530584,0.453151;-0.235925,-0.948557,0.151329,-0.147238
0.765073,-0.534205,0.443775;-0.253135,-0.944374,0.151205,-0.14566
0.761812,-0.537704,0.434135;-0.270265,-0.939893,0.151034,-0.144036
0.758737,-0.541083,0.424226;-0.28731,-0.935115,0.150814,-0.142367
0.755865,-0.54434,0.414047;-0.304263,-0.930041,0.150548,-0.140652
0.753209,-0.547478,0.403594;-0.321121,-0.924673,0.150233,-0.138894
0.751042,-0.550168,0.394069;-0.33602,-0.919656,0.149914,-0.137293
0.749069,-0.552763,0.384321;-0.350836,-0.914409,0.149557,-0.135659
0.747301,-0.555266,0.37435;-0.365563,-0.908934,0.149163,-0.13399
0.745747,-0.557675,0.364152;-0.3802,-0.903231,0.148731,-0.132289
0.744419,-0.559993,0.353725;-0.394741,-0.897303,0.148262,-0.130554
0.743328,-0.562218,0.343067;-0.409184,-0.891151,0.147757,-0.128786
0.742483,-0.564352,0.332175;-0.423525,-0.884776,0.147214,-0.126986
0.741896,-0.566395,0.321047;-0.437759,-0.878181,0.146635,-0.125155
0.741602,-0.568109,0.311114;-0.450125,-0.872229,0.146098,-0.123527
0.74152,-0.569753,0.300998;-0.462405,-0.866111,0.145533,-0.121875
0.741658,-0.571329,0.290695;-0.474596,-0.859827,0.14494,-0.1202
0.742022,-0.572837,0.280205;-0.486697,-0.853379,0.14432,-0.118501
0.74262,-0.574276,0.269526;-0.498704,-0.846767,0.143671,-0.116781
0.743459,-0.575648,0.258656;-0.510616,-0.839994,0.142996,-0.115038
