1.03682,0.26317,0.318822;0.496529,0.838222,-0.0356322,0.222648
1.03288,0.257178,0.32737;0.494177,0.839499,-0.0330541,0.223468
1.02899,0.251246,0.335828;0.491818,0.840764,-0.0304754,0.224284
1.02513,0.245373,0.344195;0.489451,0.842016,-0.0278964,0.225096
1.02131,0.239559,0.352473;0.487077,0.843256,-0.0253169,0.225906
1.01753,0.233805,0.360661;0.484697,0.844484,-0.022737,0.226712
1.01378,0.228109,0.36876;0.482309,0.8457,-0.0201569,0.227515
1.01007,0.222473,0.37677;0.479914,0.846904,-0.0175764,0.228314
1.00639,0.216895,0.384692;0.477512,0.848095,-0.0149957,0.22911
1.00275,0.211374,0.392525;0.475104,0.849274,-0.0124148,0.229903
0.999152,0.205912,0.400272;0.472688,0.850441,-0.00983364,0.230693
0.995586,0.200508,0.407931;0.470266,0.851595,-0.00725238,0.231479
0.990303,0.192509,0.419256;0.46662,0.853304,-0.00338031,0.232652
0.9851,0.184639,0.430388;0.462958,0.854985,0.000491876,0.233818
0.979977,0.176896,0.441327;0.459282,0.856637,0.00436404,0.234976
0.974932,0.16928,0.452074;0.45559,0.858262,0.00823607,0.236126
0.969966,0.161791,0.462631;0.451884,0.859859,0.0121078,0.237268
0.965079,0.154426,0.472999;0.448163,0.861428,0.0159792,0.238403
0.960269,0.147186,0.48318;0.444427,0.862969,0.01985,0.23953
0.955536,0.14007,0.493173;0.440677,0.864482,0.0237202,0.240649
0.95088,0.133077,0.502982;0.436913,0.865966,0.0275896,0.241761
0.9463,0.126205,0.512606;0.433134,0.867423,0.0314582,0.242864
0.941795,0.119455,0.522048;0.429341,0.868851,0.0353257,0.24396
0.937366,0.112825,0.531309;0.425534,0.870251,0.039192,0.245047
0.933012,0.106315,0.54039;0.421713,0.871622,0.0430571,0.246127
0.928732,0.099923,0.549291;0.417879,0.872965,0.0469207,0.247199
0.924526,0.0936493,0.558015;0.414031,0.87428,0.0507829,0.248262
0.920393,0.0874928,0.566563;0.410169,0.875566,0.0546434,0.249318
0.916333,0.0814526,0.574936;0.406294,0.876824,0.0585021,0.250365
0.912345,0.0755278,0.583135;0.402406,0.878053,0.0623589,0.251404
0.908429,0.0697178,0.591162;0.398505,0.879253,0.0662136,0.252435
0.904585,0.0640217,0.599017;0.394591,0.880425,0.0700662,0.253458
0.900812,0.0584386,0.606703;0.390664,0.881568,0.0739166,0.254473
0.897109,0.0529677,0.61422;0.386724,0.882682,0.0777645,0.255479
0.89228,0.0458465,0.623982;0.381451,0.884123,0.0828911,0.256808
0.887575,0.0389214,0.63345;0.376156,0.885513,0.0880128,0.258122
0.882992,0.0321905,0.642627;0.37084,0.886852,0.0931295,0.259421
0.878531,0.025652,0.651515;0.365502,0.888139,0.0982408,0.260704
0.874189,0.0193039,0.660117;0.360142,0.889375,0.103346,0.261973
0.869966,0.0131442,0.668437;0.354762,0.890559,0.108446,0.263227
0.865861,0.00717106,0.676478;0.349362,0.891691,0.113539,0.264465
0.861872,0.00138253,0.684242;0.343941,0.892772,0.118626,0.265688
0.857998,-0.00422333,0.691733;0.3385,0.893802,0.123706,0.266896
0.853317,-0.0109767,0.700717;0.331671,0.895015,0.130046,0.268383
0.848813,-0.0174514,0.709285;0.324813,0.896148,0.136374,0.269847
0.844482,-0.0236512,0.717442;0.317925,0.8972,0.142689,0.271286
0.840324,-0.0295799,0.725194;0.311008,0.89817,0.148992,0.272701
0.836335,-0.0352413,0.732547;0.304063,0.899059,0.155281,0.27409
0.83177,-0.0416873,0.740853;0.295693,0.900019,0.16281,0.275725
0.827442,-0.0477602,0.748603;0.287284,0.900861,0.170317,0.277325
0.823348,-0.0534666,0.755808;0.278838,0.901586,0.177802,0.278888
0.818861,-0.0596694,0.763538;0.268939,0.902283,0.186505,0.280665
0.814109,-0.0661715,0.771502;0.257566,0.902884,0.196411,0.282635
0.809749,-0.0720625,0.778559;0.246134,0.903275,0.206272,0.28454
0.805301,-0.0779785,0.785445;0.233205,0.903466,0.217308,0.286605
0.800504,-0.0842173,0.792395;0.217311,0.903339,0.230709,0.289013
0.79538,-0.0906393,0.799004;0.196945,0.902604,0.247618,0.291896
0.789657,-0.0972538,0.804482;0.166138,0.900303,0.272649,0.295831
0.784638,-0.100502,0.800483;0.10079,0.890827,0.323636,0.302537
0.785453,-0.0969473,0.790613;0.0648179,0.883022,0.350514,0.305305
0.787231,-0.0927593,0.781441;0.0407571,0.876795,0.36803,0.306796
0.789345,-0.0883856,0.772619;0.0211788,0.871136,0.382012,0.307799
0.791792,-0.0836375,0.763482;0.00309474,0.86544,0.39471,0.308557
0.794427,-0.0787313,0.754341;-0.0134839,0.859822,0.40617,0.309111
0.797127,-0.0738463,0.745449;-0.0285505,0.854388,0.416434,0.309497
0.79979,-0.0691296,0.737013;-0.0421018,0.849233,0.425542,0.309748
0.802661,-0.0641323,0.728203;-0.0556407,0.843829,0.434526,0.309909
0.805726,-0.0588765,0.719053;-0.0691633,0.838177,0.443383,0.309979
0.808604,-0.0540053,0.710662;-0.0811665,0.832947,0.451146,0.309965
0.811616,-0.0489626,0.702053;-0.0931509,0.827524,0.458805,0.309879
0.814754,-0.0437637,0.693252;-0.105114,0.821909,0.466357,0.309721
0.818008,-0.0384242,0.684281;-0.117052,0.816104,0.473801,0.309491
0.821099,-0.0333976,0.675894;-0.110137,0.819492,0.4695,0.309633
0.824556,-0.0278239,0.666657;-0.0981837,0.825187,0.461993,0.309821
0.827661,-0.0228554,0.658477;-0.0877061,0.830013,0.455337,0.309927
0.830839,-0.0178063,0.650214;-0.077213,0.834692,0.448599,0.309977
0.834085,-0.0126808,0.641877;-0.0667062,0.839223,0.441782,0.309973
0.837398,-0.00748346,0.633474;-0.0561876,0.843605,0.434887,0.309914
0.840774,-0.00221856,0.625015;-0.045659,0.847838,0.427914,0.309799
0.84421,0.00310947,0.616507;-0.0351223,0.85192,0.420866,0.30963
0.847704,0.00849623,0.607958;-0.0245794,0.855851,0.413743,0.309406
0.851251,0.0139373,0.599378;-0.0140321,0.85963,0.406546,0.309127
0.854851,0.0194284,0.590774;-0.00348236,0.863257,0.399277,0.308793
0.858498,0.024965,0.582155;0.00706803,0.86673,0.391938,0.308404
0.86219,0.0305428,0.573529;0.0176172,0.87005,0.384529,0.307961
0.865925,0.0361573,0.564906;0.0281632,0.873216,0.377052,0.307463
0.869699,0.0418042,0.556293;0.0387042,0.876226,0.369508,0.30691
0.87351,0.0474791,0.547698;0.0492383,0.879081,0.361898,0.306303
0.877354,0.0531775,0.539131;0.0597637,0.88178,0.354224,0.305642
0.881228,0.0588952,0.530599;0.0702786,0.884323,0.346487,0.304926
0.88513,0.0646276,0.522112;0.0807809,0.886709,0.338689,0.304156
0.889056,0.0703704,0.513677;0.0912689,0.888938,0.330831,0.303333
0.893003,0.0761193,0.505302;0.101741,0.891008,0.322914,0.302455
0.896969,0.0818697,0.496998;0.112195,0.892921,0.31494,0.301524
0.90095,0.0876174,0.488771;0.122628,0.894676,0.30691,0.30054
0.904944,0.0933579,0.48063;0.133041,0.896271,0.298825,0.299502
0.908947,0.0990868,0.472584;0.143429,0.897708,0.290688,0.298411
0.912956,0.1048,0.464641;0.153792,0.898985,0.282499,0.297267
0.916969,0.110492,0.456809;0.164128,0.900103,0.27426,0.29607
0.920982,0.11616,0.449098;0.174435,0.901062,0.265972,0.294821
0.924993,0.121799,0.441514;0.18471,0.90186,0.257637,0.293519
0.928999,0.127404,0.434068;0.194953,0.902499,0.249256,0.292166
0.932996,0.132971,0.426767;0.205162,0.902977,0.240831,0.29076
0.937549,0.139281,0.418612;0.216784,0.903328,0.23115,0.289091
0.942084,0.14553,0.41067;0.228356,0.903469,0.221416,0.287355
0.946594,0.15171,0.402954;0.239874,0.903401,0.21163,0.285552
0.951076,0.157815,0.395476;0.251338,0.903123,0.201796,0.283683
0.955525,0.163839,0.38825;0.262743,0.902637,0.191914,0.281748
0.959937,0.169775,0.381287;0.274087,0.901941,0.181988,0.279748
0.96485,0.176339,0.373785;0.286773,0.900908,0.170772,0.27742
0.969704,0.182773,0.36665;0.299375,0.899612,0.159505,0.275011
0.974493,0.18907,0.359901;0.31189,0.898051,0.148191,0.272522
0.979209,0.195218,0.353555;0.324313,0.896227,0.136834,0.269953
0.984358,0.201866,0.347;0.338004,0.893893,0.124168,0.267005
0.989401,0.208306,0.340989;0.351573,0.891234,0.111457,0.26396
0.994817,0.215136,0.335035;0.366352,0.887938,0.0974282,0.260501
1.00055,0.222264,0.329365;0.382291,0.883897,0.0820759,0.256597
1.00655,0.22958,0.324241;0.399333,0.879001,0.0653963,0.252218
1.01273,0.236956,0.319967;0.417413,0.873126,0.0473891,0.247328
1.01901,0.244241,0.316896;0.436455,0.866145,0.0280588,0.241895
1.02567,0.251671,0.315404;0.457606,0.85738,0.00612424,0.235499
1.03281,0.259207,0.31651;0.481874,0.84592,-0.0196876,0.22766
1.03942,0.265608,0.321196;0.489602,0.843946,-0.0371099,0.216028
1.0449,0.270241,0.329042;0.473198,0.856884,-0.0405391,0.200475
1.04891,0.273045,0.338127;0.458877,0.867503,-0.0434563,0.187033
1.05206,0.274676,0.348168;0.445545,0.876852,-0.046111,0.174628
1.05447,0.275385,0.358571;0.43326,0.885026,-0.0485074,0.163286
1.05629,0.275396,0.368864;0.422073,0.892116,-0.0506496,0.153029
1.05778,0.274817,0.37994;0.410765,0.898952,-0.0527773,0.142728
1.05883,0.27381,0.390368;0.400616,0.904814,-0.054656,0.133538
1.05962,0.272341,0.401276;0.390376,0.910471,-0.0565223,0.124317
1.0601,0.27068,0.411164;0.381344,0.915253,-0.058145,0.116226
1.06039,0.268669,0.421326;0.372246,0.919877,-0.0597576,0.108115
1.06049,0.266309,0.431718;0.363084,0.924342,-0.0613599,0.099985
1.0604,0.263603,0.442296;0.353859,0.928648,-0.0629516,0.091838
1.06012,0.260553,0.453017;0.344573,0.932793,-0.0645324,0.0836751
1.05966,0.257158,0.463838;0.335228,0.936778,-0.0661022,0.0754978
1.05901,0.253422,0.474713;0.325825,0.940601,-0.0676605,0.0673074
1.05818,0.249346,0.485599;0.316365,0.944262,-0.0692071,0.0591055
1.05732,0.245582,0.494907;0.308214,0.94727,-0.0705233,0.052067
1.05633,0.241571,0.504163;0.300023,0.950158,-0.0718305,0.045022
1.05521,0.237313,0.51334;0.291795,0.952925,-0.0731287,0.0379713
1.05396,0.232808,0.52241;0.283529,0.955572,-0.0744176,0.0309158
1.05259,0.22806,0.531347;0.275227,0.958097,-0.075697,0.0238563
1.05108,0.223067,0.540121;0.266891,0.960502,-0.0769668,0.0167938
1.04945,0.217831,0.548707;0.258521,0.962784,-0.0782269,0.0097292
1.0477,0.212354,0.557076;0.250118,0.964944,-0.0794771,0.00266335
1.04582,0.206636,0.5652;0.241683,0.966982,-0.0807172,-0.00440283
1.04382,0.200678,0.573053;0.233218,0.968898,-0.0819471,-0.0114685
1.04133,0.193425,0.581834;0.223304,0.970977,-0.0833688,-0.0197098
1.03867,0.185848,0.590163;0.213352,0.972889,-0.0847761,-0.0279477
1.03586,0.17795,0.597998;0.203363,0.974633,-0.0861688,-0.0361808
1.03288,0.169731,0.605293;0.193339,0.976209,-0.0875466,-0.0444077
1.02975,0.161194,0.612006;0.183282,0.977616,-0.0889093,-0.0526269
1.02645,0.152339,0.618092;0.173193,0.978855,-0.0902567,-0.060837
1.02301,0.143169,0.623509;0.163074,0.979925,-0.0915885,-0.0690366
1.0194,0.133685,0.628211;0.152927,0.980825,-0.0929045,-0.0772244
1.01565,0.123888,0.632155;0.142753,0.981557,-0.0942044,-0.0853987
1.01175,0.11378,0.635298;0.132555,0.982119,-0.0954882,-0.0935584
1.0077,0.103363,0.637595;0.122334,0.982512,-0.0967554,-0.101702
1.0035,0.0926389,0.639003;0.112092,0.982735,-0.0980059,-0.109828
0.999786,0.0832027,0.639469;0.103298,0.982791,-0.0990644,-0.116778
0.995968,0.0735427,0.639223;0.0944907,0.982723,-0.10011,-0.123713
0.992013,0.0635788,0.638225;0.08575,0.983204,-0.104986,-0.12221
0.988183,0.05397,0.63659;0.0777045,0.984402,-0.115521,-0.107563
0.984265,0.0441806,0.634311;0.0696285,0.985214,-0.126011,-0.0928739
0.980263,0.0342254,0.631417;0.0615253,0.985641,-0.136452,-0.0781482
0.97659,0.0251361,0.628312;0.0542117,0.985695,-0.145803,-0.0648687
0.972855,0.0159353,0.624755;0.0468809,0.985436,-0.155107,-0.0515687
0.969059,0.00663373,0.620769;0.0395353,0.984865,-0.164363,-0.0382522
0.965205,-0.00275776,0.616374;0.0321771,0.983981,-0.173566,-0.0249237
0.961733,-0.0111725,0.612144;0.0256278,0.982933,-0.181701,-0.0130693
0.958219,-0.0196422,0.607623;0.0190721,0.981639,-0.18979,-0.00121164
0.954665,-0.0281593,0.602829;0.0125116,0.980098,-0.197832,0.0106463
0.951074,-0.0367162,0.597776;0.00594798,0.978312,-0.205823,0.0225016
0.947446,-0.0453052,0.592479;-0.00061713,0.976281,-0.213764,0.0343513
0.943784,-0.0539188,0.586954;-0.00718209,0.974005,-0.221651,0.0461923
0.940089,-0.0625495,0.581217;-0.0137452,0.971485,-0.229482,0.0580218
0.936364,-0.0711896,0.575282;-0.0203049,0.968721,-0.237255,0.0698367
0.932611,-0.0798316,0.569165;-0.0268596,0.965714,-0.24497,0.0816341
0.92883,-0.0884679,0.562882;-0.0334075,0.962466,-0.252622,0.093411
0.925025,-0.0970908,0.556447;-0.039947,0.958976,-0.260212,0.105165
0.921676,-0.104619,0.550705;-0.0456609,0.955725,-0.266799,0.115427
0.918311,-0.112126,0.544869;-0.051366,0.95229,-0.273335,0.125668
0.914931,-0.119607,0.538949;-0.0570613,0.948673,-0.279819,0.135885
0.911537,-0.127057,0.532956;-0.0627456,0.944874,-0.286249,0.146075
0.908131,-0.13447,0.526901;-0.0684179,0.940893,-0.292624,0.156237
0.904713,-0.141842,0.520793;-0.0740771,0.936732,-0.298942,0.16637
0.901285,-0.149168,0.514643;-0.079722,0.932391,-0.305204,0.17647
0.897848,-0.156442,0.508461;-0.0853517,0.927871,-0.311407,0.186537
0.894404,-0.163659,0.502257;-0.090965,0.923173,-0.31755,0.196568
0.890953,-0.170815,0.496042;-0.0965608,0.918298,-0.323632,0.206561
0.887497,-0.177903,0.489826;-0.102138,0.913246,-0.329652,0.216514
0.883543,-0.185917,0.482733;-0.108488,0.907259,-0.336454,0.227839
0.879585,-0.193828,0.475668;-0.114811,0.901044,-0.343172,0.239106
0.875627,-0.201631,0.468646;-0.121105,0.894603,-0.349805,0.250313
0.871669,-0.209317,0.461682;-0.127368,0.887937,-0.356349,0.261458
0.867713,-0.216879,0.454792;-0.1336,0.881049,-0.362804,0.272537
0.863762,-0.224309,0.447991;-0.139798,0.873941,-0.369168,0.283548
0.859817,-0.231599,0.441294;-0.145961,0.866613,-0.37544,0.294487
0.855881,-0.238743,0.434716;-0.152088,0.859068,-0.381617,0.305353
0.851954,-0.245732,0.428274;-0.158176,0.851307,-0.387699,0.316142
0.848039,-0.252559,0.421982;-0.164225,0.843333,-0.393684,0.326852
0.843651,-0.260036,0.415102;-0.170981,0.83411,-0.400298,0.338803
0.839283,-0.267287,0.408454;-0.177682,0.824622,-0.406786,0.350646
0.834938,-0.274302,0.40206;-0.184327,0.814873,-0.413144,0.362378
0.830618,-0.28107,0.395941;-0.190913,0.804865,-0.419372,0.373995
0.825852,-0.288286,0.389492;-0.198161,0.793445,-0.426135,0.386763
0.821123,-0.29517,0.38344;-0.20533,0.781715,-0.432732,0.39938
0.81597,-0.302339,0.377277;-0.213124,0.768458,-0.439792,0.413078
0.810873,-0.309067,0.371671;-0.220816,0.754837,-0.446643,0.42658
0.805382,-0.31588,0.366238;-0.229089,0.73957,-0.453876,0.441078
0.799521,-0.322613,0.361213;-0.237904,0.722561,-0.461423,0.456504
0.792884,-0.329502,0.356613;-0.24788,0.702341,-0.469751,0.473927
0.785538,-0.336111,0.353072;-0.258922,0.678677,-0.478689,0.493167
0.77757,-0.341903,0.351394;-0.270915,0.651322,-0.488036,0.514009
0.768697,-0.346377,0.352718;-0.284322,0.6185,-0.497996,0.537232
0.760239,-0.348306,0.357852;-0.29719,0.584505,-0.507013,0.559437
0.753438,-0.347834,0.365408;-0.303104,0.559444,-0.513858,0.575413
0.748029,-0.345918,0.374037;-0.263727,0.581695,-0.518394,0.568635
0.743593,-0.343207,0.382981;-0.22953,0.599791,-0.521411,0.561869
0.73981,-0.340003,0.39201;-0.198831,0.615096,-0.523414,0.555123
0.736403,-0.336347,0.401306;-0.169829,0.62876,-0.524708,0.548179
0.733349,-0.332384,0.410632;-0.142595,0.640902,-0.525406,0.541166
0.730623,-0.328245,0.419796;-0.117185,0.651637,-0.525613,0.534198
0.728205,-0.324045,0.428637;-0.0936457,0.66108,-0.525426,0.527382
0.725881,-0.319493,0.437803;-0.0700415,0.670066,-0.524877,0.520203
0.723653,-0.314601,0.447251;-0.046389,0.67859,-0.523965,0.512664
0.721697,-0.309827,0.456125;-0.0246791,0.685992,-0.522812,0.505444
0.719825,-0.304786,0.465168;-0.00295487,0.692997,-0.521356,0.49793
0.718038,-0.299486,0.474349;0.0187711,0.6996,-0.519598,0.490127
0.716338,-0.293936,0.483636;0.0404862,0.705798,-0.517539,0.482041
0.714868,-0.288682,0.492142;0.0602071,0.711078,-0.515406,0.474447
0.713471,-0.283236,0.500685;0.0798992,0.716016,-0.513027,0.466626
0.712149,-0.277604,0.50924;0.0995531,0.720612,-0.510402,0.458581
0.710903,-0.271793,0.517783;0.119159,0.724863,-0.507533,0.450317
0.709733,-0.265811,0.526289;0.138708,0.728767,-0.50442,0.441837
0.70864,-0.259663,0.534734;0.158191,0.732321,-0.501066,0.433145
0.707626,-0.253356,0.543094;0.177598,0.735525,-0.497471,0.424246
0.706692,-0.246898,0.551345;0.19692,0.738376,-0.493639,0.415143
0.705838,-0.240294,0.559463;0.216147,0.740874,-0.48957,0.405842
0.705065,-0.233552,0.567422;0.235271,0.743016,-0.485266,0.396347
0.704375,-0.226678,0.5752;0.254282,0.744803,-0.48073,0.386661
0.703768,-0.219678,0.582772;0.273172,0.746233,-0.475964,0.37679
0.703246,-0.212561,0.590113;0.29193,0.747306,-0.47097,0.366739
0.702809,-0.205332,0.597199;0.310549,0.748021,-0.46575,0.356512
0.702459,-0.197998,0.604007;0.329019,0.748377,-0.460307,0.346115
0.702174,-0.189817,0.611144;0.349154,0.748355,-0.454066,0.334486
0.701997,-0.181526,0.617882;0.369086,0.747899,-0.447561,0.322664
0.701928,-0.173135,0.624189;0.388804,0.74701,-0.440796,0.310654
0.701969,-0.164651,0.630031;0.408297,0.745688,-0.433776,0.298464
0.702121,-0.156084,0.635378;0.427553,0.743934,-0.426505,0.286102
0.702415,-0.146654,0.640608;0.448277,0.741528,-0.418291,0.272426
0.702844,-0.137147,0.645167;0.468692,0.738611,-0.409789,0.258563
0.703411,-0.127576,0.649014;0.488784,0.735184,-0.401003,0.244522
0.704117,-0.11795,0.652106;0.508538,0.731251,-0.391942,0.230311
0.70504,-0.107476,0.654557;0.529542,0.72642,-0.38182,0.214738
0.70613,-0.0969669,0.656019;0.550118,0.721002,-0.371389,0.198991
0.70739,-0.0864383,0.656441;0.570248,0.715,-0.360657,0.183082
0.708821,-0.0759047,0.655769;0.589917,0.708419,-0.349634,0.167026
0.710427,-0.0653809,0.653949;0.609108,0.701264,-0.338327,0.150834
0.712065,-0.055688,0.651204;0.626385,0.694156,-0.327647,0.135779
0.713854,-0.0460277,0.647395;0.643231,0.686569,-0.316741,0.120631
0.715629,-0.0372108,0.642932;0.658283,0.679198,-0.306552,0.106671
0.717535,-0.0284398,0.637506;0.672954,0.671434,-0.296185,0.09265
0.719572,-0.0197238,0.631086;0.687234,0.66328,-0.285646,0.078575
0.721538,-0.0118553,0.624359;0.699872,0.655534,-0.275922,0.0657398
0.723616,-0.00404625,0.61676;0.712173,0.647474,-0.266065,0.0528731
0.725582,0.0029255,0.609154;0.722953,0.639955,-0.257085,0.0412712
0.727639,0.00983874,0.600803;0.733453,0.632187,-0.248005,0.0296534
0.729544,0.0159308,0.592741;0.742547,0.625077,-0.239854,0.0193166
0.731523,0.0219693,0.584065;0.751414,0.617774,-0.231628,0.00897386
0.733575,0.0279509,0.574762;0.76005,0.610283,-0.223332,-0.00137161
0.735432,0.0331353,0.566098;0.767416,0.603574,-0.216016,-0.0104237
0.737346,0.0382712,0.556935;0.774601,0.596724,-0.20865,-0.0194733
0.739317,0.0433563,0.547267;0.781605,0.589733,-0.201235,-0.0285183
0.741346,0.0483882,0.537084;0.788425,0.582604,-0.193772,-0.0375566
0.743132,0.0526572,0.527941;0.794124,0.576385,-0.18734,-0.0452968
0.744961,0.0568841,0.518408;0.799685,0.570066,-0.180875,-0.0530292
0.746832,0.0610673,0.50848;0.805109,0.563649,-0.174379,-0.0607525
0.748748,0.0652054,0.498153;0.810394,0.557135,-0.167852,-0.0684653
0.750706,0.069297,0.48742;0.815539,0.550525,-0.161297,-0.0761662
0.752709,0.0733406,0.476277;0.820544,0.543819,-0.154714,-0.0838541
0.754411,0.0766726,0.466675;0.824607,0.53816,-0.149208,-0.0902496
0.756145,0.0799694,0.45678;0.82857,0.532436,-0.143684,-0.0966343
0.757909,0.0832302,0.446592;0.832435,0.526648,-0.138142,-0.103008
0.759704,0.0864542,0.436105;0.8362,0.520798,-0.132584,-0.109368
0.76153,0.0896405,0.425318;0.839864,0.514885,-0.127011,-0.115716
0.763387,0.0927882,0.414227;0.843428,0.50891,-0.121422,-0.12205
0.765276,0.0958966,0.40283;0.846891,0.502874,-0.115818,-0.128369
