1.0079,0.476143,0.397153;0.296571,0.895325,0.326232,-0.0633392
1.01071,0.457297,0.392411;0.294743,0.895536,0.327595,-0.0618345
1.01339,0.438909,0.387829;0.292912,0.895741,0.328956,-0.0603293
1.01594,0.420976,0.383404;0.291079,0.895938,0.330314,-0.0588237
1.01837,0.403492,0.379136;0.289243,0.89613,0.33167,-0.0573177
1.02067,0.386453,0.375021;0.287406,0.896314,0.333023,-0.0558112
1.02285,0.369855,0.371059;0.285566,0.896492,0.334373,-0.0543043
1.0249,0.353693,0.367248;0.283725,0.896663,0.335722,-0.052797
1.02683,0.337963,0.363586;0.281881,0.896827,0.337067,-0.0512893
1.02864,0.322661,0.360071;0.280035,0.896984,0.33841,-0.0497812
1.03034,0.30778,0.356701;0.278187,0.897135,0.339751,-0.0482728
1.03191,0.293319,0.353476;0.276336,0.897279,0.341089,-0.046764
1.03338,0.27927,0.350392;0.274484,0.897416,0.342424,-0.0452548
1.03472,0.265631,0.347448;0.27263,0.897547,0.343757,-0.0437453
1.03596,0.252397,0.344643;0.270773,0.897671,0.345087,-0.0422354
1.03708,0.239563,0.341974;0.268915,0.897788,0.346415,-0.0407253
1.03809,0.227125,0.33944;0.267055,0.897898,0.34774,-0.0392148
1.039,0.215078,0.337039;0.265192,0.898002,0.349063,-0.037704
1.0398,0.203418,0.33477;0.263328,0.898098,0.350383,-0.036193
1.04049,0.19214,0.33263;0.261461,0.898188,0.3517,-0.0346817
1.04108,0.18124,0.330619;0.259593,0.898272,0.353014,-0.0331701
1.04156,0.170713,0.328733;0.257723,0.898348,0.354326,-0.0316583
1.04194,0.160555,0.326972;0.25585,0.898418,0.355636,-0.0301462
1.04233,0.146,0.324559;0.253038,0.89851,0.357594,-0.0278777
1.0425,0.132249,0.322416;0.250222,0.898587,0.359547,-0.0256087
1.04245,0.119288,0.320537;0.247402,0.898649,0.361494,-0.0233393
1.04219,0.1071,0.318916;0.244577,0.898695,0.363435,-0.0210695
1.04173,0.095672,0.317547;0.241748,0.898727,0.365369,-0.0187993
1.04106,0.0849875,0.316424;0.238915,0.898743,0.367298,-0.0165288
1.0402,0.0750318,0.315541;0.236078,0.898744,0.36922,-0.0142581
1.03876,0.0628647,0.314727;0.23229,0.898721,0.371773,-0.01123
1.03698,0.0519302,0.314316;0.228494,0.898672,0.374315,-0.00820164
1.03432,0.0399405,0.314346;0.22374,0.898573,0.377476,-0.00441581
1.03118,0.0297503,0.314956;0.218975,0.898431,0.38062,-0.000629781
1.02682,0.0197984,0.316413;0.213244,0.898205,0.38437,0.00391348
1.02096,0.0111731,0.319053;0.206539,0.897865,0.388711,0.0092136
1.01332,0.00501642,0.323218;0.198853,0.897375,0.393628,0.0152698
1.00476,0.00253159,0.3285;0.191143,0.896777,0.398498,0.0213242
0.995371,0.00343103,0.334786;0.183411,0.896071,0.40332,0.027376
0.986547,0.00676809,0.341022;0.176627,0.895365,0.4075,0.0326687
0.97858,0.0113694,0.346852;0.170799,0.894695,0.411053,0.0372029
0.970281,0.0174497,0.353081;0.164959,0.893964,0.414578,0.0417345
0.963139,0.0235589,0.358542;0.160084,0.893309,0.417494,0.0455088
0.955815,0.0305407,0.364219;0.155202,0.892612,0.420391,0.0492809
0.948331,0.0383249,0.370085;0.150312,0.891872,0.423267,0.0530507
0.942244,0.0450828,0.374895;0.146396,0.891251,0.425555,0.0560648
0.936079,0.0522733,0.379794;0.142475,0.890603,0.427829,0.0590772
0.92985,0.0598605,0.384768;0.138549,0.889928,0.43009,0.0620878
0.923566,0.0678085,0.389803;0.134619,0.889226,0.432339,0.0650965
0.91724,0.0760812,0.394885;0.130686,0.888498,0.434575,0.0681033
0.910882,0.0846428,0.4;0.126748,0.887743,0.436797,0.071108
0.905454,0.0921315,0.404369;0.14832,0.888004,0.429637,0.0697256
0.900037,0.0997653,0.40873;0.17208,0.887811,0.421386,0.0679334
0.894612,0.107563,0.413096;0.19573,0.887053,0.412866,0.0660979
0.889186,0.115516,0.417463;0.219256,0.88573,0.404085,0.0642205
0.883761,0.123617,0.421826;0.242642,0.883845,0.395046,0.0623021
0.878342,0.131856,0.426181;0.265874,0.881398,0.385756,0.0603442
0.872932,0.140226,0.430523;0.288937,0.87839,0.376221,0.0583479
0.867985,0.148006,0.43449;0.309917,0.875142,0.36727,0.0564853
0.863052,0.155882,0.438439;0.330731,0.871427,0.358123,0.0545926
0.858137,0.163848,0.442368;0.351369,0.867246,0.348785,0.0526707
0.853242,0.171898,0.446273;0.371819,0.862601,0.33926,0.0507206
0.84837,0.180024,0.450152;0.39207,0.857496,0.329554,0.0487435
0.843525,0.188221,0.454001;0.412112,0.851932,0.319672,0.0467403
0.838709,0.196481,0.457816;0.431934,0.845914,0.309619,0.0447121
0.833926,0.2048,0.461595;0.451525,0.839443,0.299401,0.0426601
0.829179,0.21317,0.465334;0.470874,0.832524,0.289022,0.0405852
0.82447,0.221584,0.46903;0.489972,0.82516,0.27849,0.0384887
0.819803,0.230037,0.47268;0.508808,0.817355,0.267808,0.0363716
0.815181,0.238521,0.47628;0.527373,0.809114,0.256983,0.034235
0.810607,0.247032,0.479828;0.545655,0.80044,0.246022,0.0320802
0.806083,0.255561,0.483319;0.563647,0.791339,0.234928,0.0299082
0.801614,0.264103,0.486751;0.581336,0.781814,0.223709,0.0277203
0.797201,0.272651,0.490121;0.598716,0.771872,0.212371,0.0255175
0.792848,0.281198,0.493425;0.615775,0.761518,0.200919,0.0233011
0.788558,0.28974,0.49666;0.632506,0.750757,0.18936,0.0210723
0.784334,0.298268,0.499823;0.648898,0.739594,0.177699,0.0188322
0.779805,0.307548,0.503187;0.666385,0.726967,0.164871,0.016377
0.775362,0.316797,0.506457;0.683448,0.713877,0.151937,0.0139114
0.771009,0.326007,0.509629;0.700077,0.700333,0.138908,0.011437
0.76675,0.335167,0.512699;0.71626,0.686344,0.125789,0.00895527
0.76259,0.344272,0.515661;0.731989,0.671918,0.112591,0.00646786
0.758531,0.353311,0.518513;0.747251,0.657066,0.0993212,0.00397634
0.754578,0.362277,0.52125;0.762039,0.641795,0.0859882,0.0014823
0.750734,0.371161,0.523867;0.776342,0.626116,0.0726005,-0.00101269
0.746699,0.380684,0.526564;0.791279,0.608682,0.0580454,-0.00371482
0.742803,0.39009,0.529109;0.805626,0.590794,0.0434469,-0.00641418
0.73905,0.399369,0.531499;0.819372,0.572465,0.028816,-0.00910874
0.735446,0.408511,0.533728;0.832507,0.553708,0.0141637,-0.0117965
0.731736,0.41819,0.535942;0.845956,0.533047,-0.00162734,-0.0146811
0.72821,0.427685,0.537957;0.858674,0.511925,-0.0174169,-0.0175531
0.724876,0.43698,0.539765;0.870649,0.49036,-0.0331914,-0.0204098
0.721522,0.446705,0.541466;0.882642,0.466784,-0.0500605,-0.0234509
0.718401,0.45617,0.542914;0.893759,0.442744,-0.0668798,-0.0264687
0.715339,0.465962,0.54417;0.904637,0.416617,-0.0847467,-0.0296586
0.712397,0.476001,0.545169;0.915075,0.388342,-0.103625,-0.0330111
0.709786,0.48564,0.545809;0.924345,0.359572,-0.122371,-0.0363215
0.707397,0.495383,0.546082;0.932875,0.32861,-0.142049,-0.039776
0.705209,0.505618,0.545881;0.940787,0.293658,-0.163674,-0.0435474
0.703461,0.515653,0.545079;0.947306,0.256401,-0.186068,-0.0474245
0.702239,0.525488,0.543534;0.956624,0.216651,-0.187902,-0.0512394
0.701631,0.535424,0.540976;0.968661,0.171941,-0.17054,-0.0552118
0.70181,0.544878,0.537266;0.979073,0.122687,-0.151121,-0.0593901
0.702952,0.553699,0.532056;0.987357,0.0668535,-0.12875,-0.0638822
0.705145,0.560922,0.52538;0.992177,0.00661435,-0.104192,-0.0684428
0.708418,0.565928,0.517182;0.992639,-0.057804,-0.0774503,-0.0729939
0.712459,0.567977,0.50808;0.988251,-0.12194,-0.0503303,-0.0771883
0.716761,0.567083,0.498917;0.979774,-0.181405,-0.0247348,-0.0807711
0.720911,0.563866,0.490305;0.96861,-0.234066,-0.00169392,-0.08369
0.724884,0.558788,0.482126;0.95535,-0.281966,0.0195815,-0.0861293
0.728399,0.552627,0.474861;0.94145,-0.323206,0.0381526,-0.088057
0.731557,0.545631,0.468254;0.927054,-0.359897,0.0548825,-0.089631
0.734486,0.537723,0.462007;0.911845,-0.394048,0.0706393,-0.0909705
0.737008,0.529623,0.456497;0.897064,-0.423861,0.0845485,-0.0920354
0.739276,0.521096,0.451391;0.882145,-0.45131,0.0974888,-0.0929249
0.741289,0.512306,0.446698;0.86731,-0.476464,0.109466,-0.0936591
0.743054,0.503413,0.44242;0.85276,-0.499397,0.12049,-0.0942574
0.744701,0.493805,0.438232;0.837478,-0.5219,0.131411,-0.0947747
0.746106,0.48429,0.43446;0.822732,-0.542275,0.141392,-0.0951798
0.747388,0.474148,0.430789;0.807383,-0.562252,0.151269,-0.0955153
0.748445,0.464291,0.427521;0.792793,-0.580204,0.160225,-0.0957614
0.749381,0.453892,0.424357;0.777716,-0.597798,0.169084,-0.0959485
0.750119,0.443962,0.421578;0.763594,-0.613474,0.177046,-0.0960674
0.750742,0.433574,0.418897;0.749083,-0.628838,0.184919,-0.0961374
0.751199,0.423828,0.416574;0.735698,-0.642392,0.191924,-0.0961586
0.751554,0.413702,0.414342;0.722009,-0.655682,0.19885,-0.0961402
0.751801,0.403193,0.412205;0.708023,-0.668701,0.205695,-0.0960822
0.751936,0.392298,0.410167;0.693745,-0.681445,0.212454,-0.0959846
0.751957,0.382285,0.408443;0.680814,-0.692538,0.218389,-0.0958647
0.751883,0.37196,0.406806;0.667661,-0.703405,0.224253,-0.0957136
0.751709,0.361322,0.405257;0.654291,-0.714043,0.230044,-0.0955313
0.751432,0.350367,0.403801;0.640708,-0.724448,0.23576,-0.0953179
0.75105,0.339093,0.402442;0.626916,-0.734618,0.241399,-0.0950735
0.750625,0.328964,0.401333;0.61468,-0.743321,0.246269,-0.0948342
0.750115,0.318587,0.400303;0.602292,-0.751838,0.251078,-0.0945713
0.749516,0.307961,0.399353;0.589753,-0.760168,0.255824,-0.0942849
0.748826,0.297082,0.398487;0.577067,-0.768309,0.260506,-0.0939749
0.748075,0.286369,0.397732;0.580179,-0.763908,0.265998,-0.0952974
0.747275,0.275859,0.397079;0.583729,-0.759158,0.271299,-0.0966258
0.746401,0.26515,0.396495;0.587242,-0.754358,0.276583,-0.0979479
0.745456,0.254249,0.395978;0.590716,-0.749509,0.281848,-0.0992636
0.744443,0.243167,0.395527;0.594152,-0.744611,0.287095,-0.100573
0.743365,0.231911,0.39514;0.597549,-0.739664,0.292324,-0.101876
0.742225,0.22049,0.394815;0.600907,-0.73467,0.297533,-0.103172
0.741026,0.208913,0.394549;0.604227,-0.729628,0.302723,-0.104461
0.73977,0.197189,0.394342;0.607507,-0.724538,0.307894,-0.105744
0.73846,0.185326,0.394191;0.610747,-0.719401,0.313044,-0.107019
0.7371,0.173333,0.394094;0.613948,-0.714218,0.318174,-0.108288
0.735693,0.16122,0.39405;0.617109,-0.708988,0.323283,-0.10955
0.73424,0.148994,0.394056;0.620229,-0.703712,0.328372,-0.110804
0.732746,0.136664,0.394112;0.62331,-0.69839,0.333439,-0.112052
0.731522,0.126732,0.39419;0.625745,-0.694099,0.337476,-0.113045
0.730275,0.116743,0.394297;0.628154,-0.68978,0.3415,-0.114032
0.729006,0.106703,0.394433;0.630537,-0.685432,0.34551,-0.115016
0.727716,0.0966148,0.394595;0.632893,-0.681056,0.349505,-0.115994
0.726407,0.0864842,0.394785;0.635224,-0.676651,0.353486,-0.116968
0.725081,0.0763151,0.394999;0.637528,-0.672218,0.357452,-0.117936
0.723739,0.0661122,0.395238;0.639805,-0.667758,0.361403,-0.1189
0.722382,0.0558798,0.3955;0.642056,-0.663269,0.365339,-0.119859
0.721013,0.0456225,0.395785;0.64428,-0.658753,0.36926,-0.120813
0.719631,0.0353447,0.396091;0.646477,-0.654209,0.373166,-0.121762
0.71824,0.0250509,0.396418;0.648647,-0.649638,0.377056,-0.122706
0.71684,0.0147455,0.396765;0.65079,-0.64504,0.38093,-0.123644
0.715432,0.00443301,0.39713;0.652906,-0.640415,0.384789,-0.124578
0.71402,-0.00588206,0.397513;0.654995,-0.635764,0.388631,-0.125506
0.712603,-0.0161953,0.397913;0.657057,-0.631086,0.392457,-0.126429
0.711183,-0.0265021,0.398329;0.659091,-0.626381,0.396267,-0.127347
0.709762,-0.0367982,0.398759;0.661098,-0.621651,0.400061,-0.12826
0.708342,-0.047079,0.399204;0.663078,-0.616895,0.403837,-0.129167
0.706923,-0.05734,0.399661;0.66503,-0.612113,0.407597,-0.130069
0.705507,-0.0675768,0.400131;0.666954,-0.607306,0.41134,-0.130965
0.704097,-0.0777849,0.400612;0.66885,-0.602473,0.415066,-0.131856
0.702692,-0.0879599,0.401103;0.670719,-0.597615,0.418775,-0.132742
0.701296,-0.0980972,0.401603;0.672559,-0.592733,0.422466,-0.133622
0.699908,-0.108192,0.402112;0.674372,-0.587826,0.426139,-0.134496
0.698531,-0.118241,0.402627;0.676156,-0.582894,0.429795,-0.135365
0.697167,-0.128239,0.40315;0.677913,-0.577938,0.433433,-0.136228
0.695816,-0.138181,0.403677;0.679641,-0.572958,0.437053,-0.137085
0.694149,-0.150523,0.404343;0.681761,-0.566699,0.441552,-0.138149
0.692508,-0.162764,0.405014;0.683837,-0.560404,0.446023,-0.139204
0.690898,-0.174893,0.405688;0.685869,-0.554072,0.450464,-0.14025
0.689319,-0.186902,0.406364;0.687856,-0.547704,0.454877,-0.141287
0.687776,-0.198782,0.407039;0.689798,-0.541301,0.459259,-0.142314
0.686271,-0.210525,0.407712;0.691695,-0.534862,0.463612,-0.143332
0.684807,-0.222122,0.408381;0.693548,-0.528388,0.467935,-0.144341
0.683387,-0.233564,0.409044;0.695355,-0.52188,0.472227,-0.145341
0.682014,-0.244843,0.409699;0.697117,-0.515339,0.476488,-0.146331
0.680691,-0.255949,0.410345;0.698834,-0.508763,0.480719,-0.147311
0.67942,-0.266874,0.410979;0.700505,-0.502155,0.484918,-0.148282
0.678206,-0.277609,0.411599;0.702131,-0.495514,0.489086,-0.149244
0.677049,-0.288146,0.412205;0.703711,-0.48884,0.493222,-0.150195
0.675955,-0.298476,0.412793;0.705245,-0.482135,0.497325,-0.151137
0.674924,-0.308589,0.413363;0.706733,-0.475399,0.501397,-0.152069
0.673777,-0.320428,0.414019;0.708459,-0.467274,0.50624,-0.153174
0.672731,-0.331928,0.414641;0.710118,-0.459106,0.511035,-0.154265
0.671792,-0.343075,0.415228;0.71171,-0.450894,0.515782,-0.155342
0.670965,-0.353852,0.415775;0.713236,-0.442641,0.520481,-0.156404
0.670255,-0.364246,0.416279;0.714695,-0.434346,0.525132,-0.157451
0.669666,-0.37424,0.416737;0.716087,-0.42601,0.529733,-0.158484
0.669141,-0.385376,0.41721;0.717627,-0.416235,0.535038,-0.15967
0.668796,-0.395924,0.41761;0.719075,-0.406406,0.540275,-0.160836
0.668634,-0.407229,0.417974;0.720617,-0.395111,0.546176,-0.162143
0.668729,-0.417699,0.418229;0.72204,-0.383749,0.551986,-0.163423
0.669161,-0.428435,0.418377;0.723496,-0.370891,0.558412,-0.16483
0.670061,-0.439011,0.418357;0.724936,-0.356513,0.565414,-0.166353
0.671592,-0.448917,0.418093;0.726302,-0.340589,0.572947,-0.167978
0.674404,-0.458767,0.41736;0.727709,-0.320169,0.582272,-0.169971
0.679878,-0.46687,0.415587;0.729026,-0.292197,0.594453,-0.172535
0.689264,-0.46794,0.412106;0.729703,-0.257971,0.60845,-0.175423
0.697716,-0.462617,0.408735;0.729582,-0.23395,0.617694,-0.17729
0.704682,-0.455696,0.405851;0.736518,-0.224637,0.614629,-0.171206
0.710892,-0.448211,0.403229;0.748463,-0.224061,0.603437,-0.159577
0.717016,-0.439917,0.400613;0.759147,-0.223454,0.592963,-0.148861
0.722916,-0.431236,0.398075;0.768636,-0.222836,0.583267,-0.139075
0.728476,-0.422532,0.395674;0.776993,-0.222227,0.574401,-0.130234
0.733602,-0.414113,0.393455;0.784273,-0.221642,0.56641,-0.122351
0.73889,-0.405073,0.391165;0.791412,-0.221019,0.558318,-0.114446
0.744327,-0.395435,0.38881;0.79841,-0.220355,0.550126,-0.10652
0.749198,-0.386528,0.386704;0.804415,-0.219742,0.542877,-0.0995692
0.754165,-0.377195,0.384559;0.81031,-0.219099,0.535553,-0.0926047
0.759221,-0.367451,0.382381;0.816094,-0.218426,0.528156,-0.0856276
0.764358,-0.357309,0.380175;0.821766,-0.217723,0.520686,-0.0786387
0.768819,-0.348311,0.378266;0.826537,-0.217096,0.514227,-0.0726395
0.773329,-0.339041,0.376342;0.831225,-0.216448,0.507715,-0.0666331
0.777881,-0.329509,0.374408;0.83583,-0.215777,0.501152,-0.0606199
0.782472,-0.319723,0.372467;0.84035,-0.215085,0.494539,-0.0546006
0.787097,-0.309693,0.370522;0.844785,-0.214372,0.487876,-0.0485759
0.791749,-0.299429,0.368575;0.849135,-0.213636,0.481164,-0.0425462
0.796424,-0.288939,0.36663;0.8534,-0.212879,0.474403,-0.0365122
0.801117,-0.278233,0.364691;0.857578,-0.212101,0.467594,-0.0304745
0.805038,-0.269152,0.363081;0.860994,-0.211436,0.461884,-0.0254407
0.808965,-0.259933,0.361479;0.86435,-0.210756,0.456142,-0.0204052
0.812894,-0.250581,0.359886;0.867645,-0.210062,0.450367,-0.0153682
0.816824,-0.241101,0.358305;0.870879,-0.209352,0.444561,-0.0103302
0.820751,-0.231499,0.356737;0.874052,-0.208628,0.438724,-0.00529139
0.824672,-0.22178,0.355184;0.877164,-0.20789,0.432857,-0.000252244
0.828585,-0.211948,0.353647;0.880215,-0.207137,0.426959,0.00478692
0.832486,-0.202011,0.35213;0.883204,-0.206369,0.421031,0.00982575
0.836372,-0.191972,0.350633;0.886131,-0.205587,0.415073,0.0148639
0.84024,-0.181838,0.349158;0.888996,-0.20479,0.409087,0.019901
0.844088,-0.171614,0.347708;0.891798,-0.203979,0.403071,0.0249367
0.847913,-0.161304,0.346283;0.894538,-0.203154,0.397028,0.0299707
0.851711,-0.150915,0.344886;0.897216,-0.202315,0.390957,0.0350025
0.85548,-0.140452,0.34352;0.899831,-0.201461,0.384858,0.0400319
0.859217,-0.129919,0.342184;0.902382,-0.200594,0.378732,0.0450585
0.862918,-0.119323,0.340882;0.904871,-0.199712,0.37258,0.050082
0.866581,-0.108669,0.339615;0.907296,-0.198816,0.366402,0.0551019
0.870204,-0.0979614,0.338386;0.909657,-0.197907,0.360198,0.060118
0.873782,-0.0872066,0.337195;0.911955,-0.196983,0.353969,0.0651299
0.877313,-0.0764096,0.336045;0.914189,-0.196046,0.347715,0.0701372
0.880794,-0.0655756,0.334937;0.916359,-0.195095,0.341437,0.0751395
0.884223,-0.0547102,0.333874;0.918464,-0.19413,0.335134,0.0801367
0.887596,-0.0438185,0.332857;0.920506,-0.193152,0.328809,0.0851282
0.89091,-0.032906,0.331888;0.922482,-0.19216,0.32246,0.0901137
0.894162,-0.0219781,0.330969;0.924394,-0.191155,0.316089,0.095093
0.89735,-0.0110399,0.330102;0.926242,-0.190136,0.309695,0.100066
0.90047,-9.69878e-05,0.329288;0.928024,-0.189104,0.30328,0.105031
0.90352,0.0108454,0.328529;0.929742,-0.188059,0.296844,0.109989
0.906496,0.0217819,0.327828;0.931394,-0.187,0.290386,0.11494
0.909396,0.0327072,0.327186;0.932982,-0.185929,0.283909,0.119882
0.912217,0.0436158,0.326605;0.934503,-0.184844,0.277411,0.124816
0.914955,0.0545026,0.326087;0.93596,-0.183747,0.270895,0.129742
0.917609,0.0653621,0.325633;0.93735,-0.182636,0.264359,0.134658
0.920174,0.0761889,0.325245;0.938675,-0.181513,0.257804,0.139565
0.922648,0.0869778,0.324926;0.939935,-0.180377,0.251232,0.144462
0.925028,0.0977233,0.324677;0.941128,-0.179229,0.244642,0.149349
0.927312,0.10842,0.3245;0.942256,-0.178068,0.238035,0.154225
0.929495,0.119063,0.324396;0.943317,-0.176894,0.231411,0.159091
0.931576,0.129647,0.324369;0.944313,-0.175708,0.224771,0.163945
0.933551,0.140165,0.324418;0.945242,-0.17451,0.218115,0.168788
0.935417,0.150614,0.324547;0.946105,-0.1733,0.211444,0.173619
0.937171,0.160988,0.324757;0.946902,-0.172077,0.204758,0.178438
0.938811,0.17128,0.32505;0.947633,-0.170842,0.198058,0.183245
0.940334,0.181487,0.325427;0.948297,-0.169596,0.191344,0.188038
0.941736,0.191602,0.325891;0.948894,-0.168337,0.184616,0.192819
0.943015,0.20162,0.326444;0.949425,-0.167067,0.177876,0.197586
0.944167,0.211537,0.327087;0.94989,-0.165785,0.171123,0.202339
0.945379,0.223294,0.32798;0.95036,-0.164231,0.163004,0.208024
0.9464,0.234887,0.329009;0.950734,-0.162661,0.154868,0.213688
0.947224,0.246307,0.330177;0.951012,-0.161074,0.146717,0.219331
0.947847,0.257544,0.331487;0.951194,-0.159471,0.13855,0.224951
0.948264,0.26859,0.332943;0.95128,-0.157852,0.13037,0.230549
0.948469,0.279435,0.334547;0.95127,-0.156217,0.122177,0.236123
0.948458,0.290069,0.336302;0.951164,-0.154566,0.113971,0.241674
0.948225,0.300484,0.338213;0.950963,-0.1529,0.105754,0.2472
0.947765,0.310671,0.340281;0.950665,-0.151218,0.0975266,0.252701
0.947073,0.320619,0.342511;0.950271,-0.149521,0.089289,0.258177
0.946145,0.330321,0.344904;0.949782,-0.147809,0.0810424,0.263627
0.944755,0.341314,0.347909;0.94909,-0.145793,0.0714111,0.269951
0.943028,0.351944,0.351147;0.948267,-0.143757,0.06177,0.276238
0.940955,0.362196,0.354623;0.947315,-0.141701,0.0521204,0.282488
0.938529,0.372055,0.358342;0.946232,-0.139625,0.0424636,0.288698
0.935742,0.381506,0.36231;0.945019,-0.137531,0.0328011,0.294869
0.932584,0.390534,0.36653;0.943677,-0.135417,0.023134,0.301
0.929049,0.399126,0.371009;0.942205,-0.133285,0.0134637,0.307089
0.925128,0.407266,0.375751;0.940604,-0.131134,0.00379161,0.313136
0.920813,0.41494,0.380761;0.938873,-0.128966,-0.00588102,0.31914
0.916096,0.422133,0.386044;0.937014,-0.12678,-0.0155528,0.3251
0.910969,0.42883,0.391606;0.935026,-0.124576,-0.0252225,0.331016
0.905424,0.435016,0.397452;0.932909,-0.122356,-0.0348887,0.336886
0.899453,0.440678,0.403585;0.930665,-0.120118,-0.0445502,0.34271
0.893047,0.4458,0.410013;0.928293,-0.117864,-0.0542055,0.348486
0.886199,0.450368,0.416739;0.925793,-0.115594,-0.0638534,0.354215
0.878901,0.454366,0.423768;0.923166,-0.113308,-0.0734925,0.359896
