0.800693,0.603314,0.642722;0.638356,0.748866,0.161288,-0.0754143
0.800681,0.590044,0.645266;0.639561,0.748567,0.158124,-0.0748771
0.800666,0.576905,0.647777;0.640758,0.748259,0.154958,-0.0743391
0.800649,0.563897,0.650255;0.641947,0.747942,0.15179,-0.0738002
0.80063,0.551019,0.652701;0.643129,0.747616,0.14862,-0.0732605
0.800609,0.538271,0.655114;0.644303,0.747282,0.145449,-0.0727198
0.800585,0.525652,0.657495;0.645469,0.746939,0.142276,-0.0721783
0.800558,0.513162,0.659844;0.646628,0.746586,0.139101,-0.071636
0.80053,0.500799,0.662161;0.647779,0.746225,0.135925,-0.0710928
0.800499,0.488564,0.664446;0.648923,0.745855,0.132747,-0.0705487
0.800466,0.476457,0.666699;0.650059,0.745477,0.129567,-0.0700038
0.80043,0.464475,0.66892;0.651187,0.745089,0.126386,-0.0694581
0.800392,0.45262,0.671111;0.652307,0.744693,0.123203,-0.0689116
0.800352,0.440889,0.673269;0.65342,0.744288,0.120019,-0.0683642
0.80031,0.429284,0.675397;0.654525,0.743874,0.116834,-0.0678161
0.800265,0.417803,0.677494;0.655622,0.743451,0.113647,-0.0672671
0.800219,0.406446,0.67956;0.656712,0.743019,0.110459,-0.0667174
0.80017,0.395212,0.681595;0.657793,0.742579,0.107269,-0.0661668
0.800118,0.384101,0.6836;0.658867,0.74213,0.104078,-0.0656155
0.800065,0.373112,0.685574;0.659933,0.741672,0.100886,-0.0650634
0.80001,0.362245,0.687518;0.660992,0.741205,0.0976931,-0.0645105
0.799952,0.351499,0.689431;0.662042,0.740729,0.0944987,-0.0639569
0.799892,0.340873,0.691315;0.663085,0.740245,0.0913032,-0.0634025
0.79983,0.330368,0.693169;0.664119,0.739752,0.0881066,-0.0628473
0.799766,0.319982,0.694993;0.665146,0.73925,0.084909,-0.0622914
0.799699,0.309715,0.696788;0.666165,0.738739,0.0817104,-0.0617348
0.799631,0.299567,0.698553;0.667176,0.73822,0.0785107,-0.0611774
0.79956,0.289537,0.700289;0.66818,0.737692,0.0753102,-0.0606193
0.799488,0.279624,0.701996;0.669175,0.737155,0.0721088,-0.0600605
0.799375,0.264973,0.704502;0.670653,0.736334,0.067305,-0.059221
0.799257,0.250584,0.706943;0.672113,0.735492,0.0624995,-0.0583799
0.799135,0.236454,0.70932;0.673556,0.734632,0.0576923,-0.0575372
0.799009,0.222581,0.711633;0.67498,0.733751,0.0528836,-0.056693
0.798877,0.208965,0.713883;0.676387,0.732851,0.0480735,-0.0558473
0.798742,0.195602,0.71607;0.677775,0.731932,0.043262,-0.0550001
0.798602,0.182492,0.718195;0.679145,0.730993,0.0384495,-0.0541514
0.798457,0.169632,0.720258;0.680498,0.730035,0.0336359,-0.0533013
0.798308,0.157021,0.72226;0.681832,0.729057,0.0288214,-0.0524498
0.798155,0.144657,0.724201;0.683148,0.728059,0.0240061,-0.0515969
0.797997,0.132537,0.726082;0.684446,0.727043,0.0191902,-0.0507426
0.797835,0.120661,0.727902;0.685725,0.726007,0.0143738,-0.0498869
0.797669,0.109027,0.729664;0.686986,0.724951,0.00955704,-0.0490299
0.797499,0.0976316,0.731366;0.688229,0.723877,0.00473999,-0.0481716
0.797325,0.0864745,0.73301;0.689454,0.722783,-7.71805e-05,-0.0473121
0.797146,0.0755534,0.734596;0.69066,0.721669,-0.00489435,-0.0464512
0.796964,0.0648666,0.736125;0.691848,0.720537,-0.00971139,-0.0455892
0.796777,0.0544123,0.737597;0.693018,0.719385,-0.0145282,-0.0447259
0.796587,0.0441886,0.739012;0.694168,0.718215,-0.0193446,-0.0438614
0.796392,0.0341939,0.740371;0.695301,0.717025,-0.0241604,-0.0429958
0.796127,0.0212204,0.742097;0.696782,0.715408,-0.0305806,-0.0418398
0.795855,0.00864645,0.743726;0.69823,0.713758,-0.0369993,-0.0406819
0.795575,-0.00353233,0.745259;0.699645,0.712074,-0.0434162,-0.039522
0.79529,-0.0153202,0.746696;0.701027,0.710356,-0.0498311,-0.0383602
0.794997,-0.0267213,0.748039;0.702376,0.708605,-0.0562437,-0.0371967
0.794699,-0.03774,0.74929;0.703692,0.70682,-0.0626535,-0.0360313
0.794393,-0.0483806,0.750448;0.704974,0.705002,-0.0690604,-0.0348643
0.794082,-0.0586472,0.751516;0.706222,0.70315,-0.0754641,-0.0336956
0.793684,-0.0709611,0.752726;0.707736,0.700788,-0.0834635,-0.0322325
0.793276,-0.0827057,0.753798;0.709198,0.698375,-0.0914568,-0.030767
0.792859,-0.0938894,0.754735;0.710607,0.69591,-0.0994434,-0.0292993
0.792433,-0.10452,0.755539;0.711963,0.693393,-0.107423,-0.0278294
0.791997,-0.114607,0.756212;0.713267,0.690825,-0.115394,-0.0263574
0.791463,-0.126004,0.756851;0.714762,0.687676,-0.124948,-0.0245884
0.790917,-0.136644,0.757308;0.716181,0.684454,-0.134489,-0.0228169
0.790264,-0.148118,0.757619;0.717739,0.680603,-0.145602,-0.020747
0.789596,-0.158604,0.757694;0.719194,0.676652,-0.156693,-0.0186741
0.788812,-0.169406,0.7575;0.720729,0.672018,-0.169341,-0.0163018
0.787908,-0.180093,0.756937;0.722292,0.666652,-0.183532,-0.0136292
0.786875,-0.190204,0.755897;0.723826,0.660502,-0.199248,-0.0106559
0.7856,-0.199978,0.754098;0.725383,0.652864,-0.218029,-0.00708391
0.783729,-0.209632,0.75058;0.727061,0.641569,-0.244474,-0.00201873
0.780739,-0.21557,0.743185;0.728423,0.623236,-0.284507,0.00572988
0.777736,-0.212174,0.734036;0.728358,0.604431,-0.322465,0.0131698
0.775634,-0.205304,0.72682;0.727545,0.591003,-0.34794,0.0182159
0.773873,-0.197143,0.720345;0.726407,0.579565,-0.368696,0.02236
0.772344,-0.188497,0.714453;0.725097,0.569492,-0.386318,0.0259019
0.77093,-0.179337,0.708803;0.723625,0.560046,-0.402327,0.0291389
0.769636,-0.170061,0.70348;0.722061,0.551285,-0.416755,0.0320726
0.768464,-0.160998,0.698553;0.720471,0.543259,-0.429635,0.0347049
0.767288,-0.151307,0.693511;0.718708,0.535104,-0.442413,0.0373289
0.76624,-0.142206,0.688943;0.716996,0.527747,-0.453681,0.0396538
0.765189,-0.132681,0.684304;0.715149,0.52029,-0.464864,0.0419712
0.764136,-0.122768,0.679602;0.713166,0.512735,-0.475959,0.0442806
0.763083,-0.112498,0.674847;0.711048,0.505082,-0.486963,0.0465816
0.762162,-0.103248,0.670651;0.709084,0.498308,-0.496516,0.0485878
0.76124,-0.093775,0.666427;0.707017,0.491461,-0.505998,0.050587
0.76032,-0.0841015,0.662181;0.704848,0.484543,-0.515405,0.0525788
0.759368,-0.0738915,0.657767;0.700622,0.499631,-0.50654,0.0539835
0.758477,-0.0641591,0.653618;0.696295,0.514996,-0.496892,0.0552406
0.757588,-0.0542825,0.649461;0.691724,0.53018,-0.487069,0.0564784
0.756699,-0.0442727,0.6453;0.686912,0.54518,-0.477077,0.0576965
0.755812,-0.0341407,0.641138;0.68186,0.559988,-0.466917,0.0588944
0.754926,-0.0238974,0.636979;0.676569,0.574601,-0.456595,0.0600717
0.754042,-0.0135538,0.632824;0.671042,0.589014,-0.446113,0.0612281
0.753256,-0.00428414,0.629139;0.665932,0.601652,-0.436664,0.062238
0.752471,0.00504847,0.625462;0.660638,0.614124,-0.427096,0.0632307
0.751687,0.0144363,0.621797;0.655162,0.626426,-0.417409,0.0642059
0.750904,0.0238717,0.618145;0.649505,0.638556,-0.407607,0.0651635
0.750122,0.0333469,0.614509;0.643669,0.650509,-0.397692,0.066103
0.749341,0.0428543,0.610891;0.637655,0.662283,-0.387667,0.0670243
0.74856,0.0523862,0.607293;0.631464,0.673873,-0.377536,0.0679271
0.74778,0.0619349,0.603717;0.6251,0.685278,-0.3673,0.0688111
0.747,0.0714926,0.600167;0.618563,0.696493,-0.356963,0.0696761
0.746221,0.0810518,0.596643;0.611855,0.707516,-0.346527,0.0705219
0.745443,0.0906046,0.593149;0.604978,0.718344,-0.335996,0.0713482
0.744665,0.100143,0.589686;0.597934,0.728973,-0.325371,0.0721548
0.743888,0.109661,0.586256;0.590725,0.739402,-0.314657,0.0729415
0.743112,0.119148,0.582863;0.583352,0.749625,-0.303856,0.073708
0.742336,0.128599,0.579508;0.575819,0.759642,-0.292972,0.0744542
0.74156,0.138005,0.576193;0.568127,0.76945,-0.282006,0.0751799
0.740688,0.148524,0.572515;0.559286,0.780228,-0.269576,0.0759714
0.739817,0.158965,0.568894;0.550249,0.790735,-0.257053,0.0767363
0.738946,0.169318,0.565334;0.54102,0.800965,-0.244439,0.0774745
0.738076,0.179572,0.561837;0.531602,0.810915,-0.23174,0.0781855
0.737205,0.189716,0.558407;0.521998,0.820581,-0.218961,0.0788693
0.736336,0.199738,0.555047;0.512212,0.829961,-0.206104,0.0795255
0.735467,0.209629,0.55176;0.502247,0.839051,-0.193176,0.0801539
0.734597,0.219376,0.54855;0.492106,0.847848,-0.18018,0.0807542
0.733729,0.22897,0.545419;0.481793,0.856348,-0.167121,0.0813264
0.732764,0.239435,0.542038;0.470137,0.865442,-0.152543,0.0819288
0.731799,0.249682,0.538763;0.458278,0.874162,-0.137899,0.0824958
0.730834,0.259695,0.535599;0.446222,0.882505,-0.123195,0.0830273
0.72987,0.26946,0.53255;0.433973,0.890468,-0.108439,0.0835229
0.728809,0.279896,0.529335;0.420283,0.898782,-0.0921527,0.0840265
0.727748,0.289992,0.52627;0.406374,0.906628,-0.0758185,0.0844862
0.726687,0.29973,0.523363;0.392252,0.914,-0.0594448,0.0849018
0.72553,0.30992,0.520376;0.376614,0.921498,-0.0415474,0.0853046
0.724372,0.319633,0.517589;0.360741,0.928424,-0.0236242,0.0856544
0.723118,0.329586,0.514807;0.343293,0.935276,-0.00419118,0.0859733
0.721766,0.339608,0.512094;0.324224,0.941892,0.0167397,0.0862467
0.720317,0.349496,0.509528;0.303488,0.948097,0.0391494,0.0864586
0.718674,0.359578,0.507065;0.279633,0.954016,0.0645001,0.0865973
0.716835,0.369344,0.504896;0.25256,0.959223,0.0927365,0.0866246
0.71451,0.379261,0.503084;0.217806,0.963665,0.128192,0.0864662
0.711013,0.388644,0.502429;0.164687,0.965837,0.18075,0.0858261
0.705058,0.387704,0.507497;0.072739,0.957203,0.267348,0.0836497
0.70229,0.379335,0.512692;0.0722967,0.947513,0.302812,0.0727863
0.700394,0.370603,0.517315;0.112459,0.937896,0.323344,0.056143
0.698847,0.3617,0.521721;0.145437,0.92825,0.339722,0.0422906
0.697486,0.352531,0.526075;0.174743,0.918328,0.353904,0.0298368
0.696234,0.342933,0.5305;0.202115,0.907888,0.366827,0.0180796
0.695166,0.333814,0.534611;0.225875,0.897886,0.377785,0.00777424
0.694129,0.324068,0.538926;0.249433,0.887083,0.388407,-0.00253802
0.693196,0.314492,0.543101;0.27111,0.876345,0.39796,-0.0121119
0.692365,0.305233,0.547086;0.290935,0.865835,0.406508,-0.0209412
0.691566,0.295599,0.551186;0.31057,0.854758,0.414789,-0.0297567
0.6908,0.285616,0.55539;0.330001,0.843122,0.422799,-0.0385529
0.690131,0.27618,0.559325;0.347624,0.83197,0.429898,-0.0465939
0.689495,0.266494,0.56333;0.365056,0.820361,0.436761,-0.0546094
0.688894,0.256578,0.567396;0.382286,0.808301,0.443384,-0.0625948
0.68833,0.246451,0.571514;0.399307,0.795796,0.449763,-0.0705458
0.687852,0.23708,0.575297;0.41459,0.784048,0.455347,-0.0777404
0.687409,0.227567,0.57911;0.429684,0.771943,0.460724,-0.0848997
0.687001,0.217928,0.582946;0.444583,0.759488,0.465892,-0.0920204
0.68663,0.208179,0.5868;0.45928,0.746688,0.470849,-0.0990993
0.686299,0.198333,0.590666;0.473768,0.733548,0.475591,-0.106133
0.686008,0.188408,0.594536;0.488041,0.720075,0.480117,-0.113119
0.68576,0.178417,0.598404;0.502092,0.706274,0.484425,-0.120053
0.685555,0.168377,0.602265;0.515915,0.692152,0.488513,-0.126932
0.685396,0.158303,0.606111;0.529504,0.677716,0.492378,-0.133754
0.685284,0.148209,0.609937;0.542851,0.662972,0.49602,-0.140516
0.685221,0.138112,0.613735;0.555952,0.647926,0.499436,-0.147213
0.685208,0.128026,0.617501;0.568801,0.632586,0.502626,-0.153843
0.685247,0.117966,0.621227;0.58139,0.616959,0.505587,-0.160404
0.68534,0.107949,0.624906;0.593716,0.601051,0.508318,-0.166891
0.685487,0.0979896,0.628534;0.605771,0.58487,0.510818,-0.173303
0.685691,0.0881026,0.632102;0.617552,0.568422,0.513086,-0.179636
0.685954,0.0783035,0.635606;0.629051,0.551717,0.51512,-0.185887
0.686276,0.0686077,0.639038;0.640265,0.534761,0.516921,-0.192053
0.68666,0.0590305,0.642393;0.651188,0.517562,0.518486,-0.198133
0.687107,0.0495872,0.645663;0.661814,0.500127,0.519816,-0.204122
0.687673,0.0393723,0.649156;0.673156,0.480687,0.521006,-0.210603
0.68832,0.0293583,0.652531;0.684127,0.460982,0.52191,-0.216969
0.68905,0.0195656,0.655779;0.694723,0.441024,0.522526,-0.223214
0.689864,0.0100143,0.658893;0.704936,0.420824,0.522855,-0.229338
0.690851,-0.000105771,0.662126;0.715635,0.398523,0.522886,-0.235873
0.691944,-0.00988774,0.665178;0.725866,0.375961,0.522575,-0.242255
0.693252,-0.0200726,0.668267;0.736413,0.351243,0.521852,-0.248989
0.69469,-0.0297961,0.671116;0.746394,0.326254,0.520728,-0.255532
0.69639,-0.0397129,0.6739;0.756502,0.299063,0.51907,-0.262359
0.69839,-0.0496532,0.676536;0.766584,0.269636,0.516781,-0.269413
0.700733,-0.0594184,0.67893;0.776474,0.237943,0.513756,-0.276634
0.703635,-0.0692942,0.681076;0.786519,0.20196,0.50964,-0.284373
0.707201,-0.078784,0.682735;0.796321,0.161631,0.504186,-0.29248
0.711973,-0.087944,0.683651;0.806172,0.112856,0.496432,-0.301505
0.718486,-0.0954838,0.683075;0.815258,0.0535377,0.485331,-0.311355
0.727211,-0.0989309,0.679855;0.82194,-0.0162524,0.469958,-0.321386
0.735818,-0.0967512,0.674631;0.828198,-0.0476088,0.454133,-0.324939
0.742855,-0.0919038,0.669239;0.837317,-0.0292586,0.441064,-0.321724
0.74918,-0.0858063,0.663764;0.844641,-0.0137174,0.429799,-0.318852
0.755201,-0.0787903,0.65812;0.850983,0.000416299,0.419397,-0.316122
0.760822,-0.071359,0.652539;0.856433,0.0131366,0.409908,-0.313568
0.765966,-0.063924,0.647212;0.86107,0.0244405,0.401374,-0.311223
0.771238,-0.0557599,0.641565;0.865511,0.0357389,0.392749,-0.308807
0.775949,-0.0480571,0.636383;0.869236,0.0456183,0.385128,-0.306635
0.780742,-0.0398668,0.630994;0.872808,0.0554899,0.37744,-0.30441
0.785611,-0.0312223,0.625414;0.876229,0.0653517,0.369687,-0.302132
0.789839,-0.0234761,0.620493;0.87904,0.0737957,0.362989,-0.300137
0.794113,-0.0154413,0.615456;0.881738,0.0822303,0.356246,-0.298104
0.798429,-0.00713866,0.610313;0.884323,0.0906543,0.349456,-0.296032
0.802781,0.00141102,0.605075;0.886795,0.0990667,0.342622,-0.293923
0.807166,0.0101869,0.599753;0.889153,0.107466,0.335744,-0.291776
0.811579,0.0191682,0.594359;0.891398,0.115852,0.328824,-0.289592
0.816016,0.028334,0.588902;0.893528,0.124224,0.321861,-0.28737
0.820471,0.0376635,0.583393;0.895544,0.132579,0.314856,-0.285112
0.824941,0.047136,0.577844;0.897445,0.140917,0.307812,-0.282818
0.82942,0.0567306,0.572264;0.899232,0.149237,0.300728,-0.280487
0.833158,0.0648043,0.5676;0.900633,0.156156,0.294795,-0.278517
0.836896,0.0729363,0.562929;0.901953,0.163061,0.288836,-0.276522
0.840634,0.0811145,0.558257;0.903194,0.169952,0.282852,-0.274503
0.844367,0.0893268,0.55359;0.904354,0.176828,0.276842,-0.27246
0.848093,0.0975613,0.548935;0.905434,0.183687,0.270808,-0.270392
0.851811,0.105806,0.544298;0.906433,0.190531,0.264749,-0.2683
0.855516,0.114049,0.539686;0.907352,0.197357,0.258667,-0.266184
0.859207,0.122277,0.535104;0.90819,0.204166,0.252562,-0.264045
0.862882,0.13048,0.530558;0.908947,0.210957,0.246435,-0.261882
0.866536,0.138644,0.526056;0.909624,0.217729,0.240285,-0.259696
0.870892,0.148374,0.520719;0.910329,0.22583,0.232878,-0.257042
0.875211,0.158011,0.515464;0.910917,0.233902,0.225441,-0.254356
0.879489,0.167534,0.510301;0.911389,0.241944,0.217975,-0.251636
0.883722,0.176922,0.505242;0.911744,0.249955,0.210481,-0.248885
0.887905,0.186155,0.500296;0.911982,0.257934,0.20296,-0.246101
0.892033,0.195211,0.495476;0.912104,0.26588,0.195413,-0.243287
0.896102,0.204071,0.490792;0.912109,0.273792,0.187841,-0.240441
0.900108,0.212712,0.486254;0.911997,0.281668,0.180245,-0.237564
0.904046,0.221114,0.481874;0.911768,0.289509,0.172626,-0.234657
0.908548,0.230587,0.476977;0.911354,0.29861,0.163709,-0.231227
0.912945,0.239674,0.472326;0.91078,0.307659,0.154764,-0.227757
0.917228,0.248341,0.467939;0.910049,0.316654,0.145792,-0.224247
0.921392,0.256556,0.463832;0.909158,0.325593,0.136794,-0.220698
0.925994,0.265347,0.459503;0.907946,0.335741,0.126482,-0.216596
0.930419,0.273455,0.455589;0.906528,0.345812,0.116141,-0.212444
0.935172,0.281697,0.451713;0.904686,0.357048,0.104476,-0.207715
0.940158,0.289682,0.448104;0.902333,0.369411,0.0914798,-0.20239
0.945699,0.297501,0.44481;0.899087,0.384073,0.0758417,-0.195906
0.952281,0.304664,0.442321;0.894042,0.403315,0.0549319,-0.187105
0.961075,0.307265,0.443583;0.883686,0.434945,0.0195431,-0.171872
0.965511,0.300562,0.449434;0.874536,0.457652,-0.00670858,-0.160298
0.967357,0.291853,0.455695;0.867921,0.472065,-0.0237694,-0.152652
0.968168,0.282999,0.461688;0.867094,0.473605,-0.0339445,-0.150644
0.96847,0.27429,0.467411;0.872939,0.461069,-0.0384098,-0.154654
0.968483,0.265822,0.472884;0.87779,0.450241,-0.0422303,-0.158063
0.968278,0.25649,0.47885;0.882495,0.439337,-0.0460437,-0.161446
0.967863,0.246353,0.485278;0.887053,0.42836,-0.0498494,-0.164802
0.967364,0.237334,0.490967;0.890738,0.419158,-0.0530145,-0.167577
0.966731,0.22783,0.496939;0.894319,0.409907,-0.0561735,-0.170333
0.965968,0.217875,0.503178;0.897797,0.400609,-0.0593259,-0.17307
0.965081,0.207504,0.509665;0.901171,0.391264,-0.0624715,-0.175786
0.964285,0.19893,0.515023;0.903795,0.383756,-0.0649827,-0.177944
0.963416,0.190128,0.520521;0.906351,0.376219,-0.0674892,-0.18009
0.962475,0.181116,0.526149;0.90884,0.368654,-0.0699906,-0.182221
0.961465,0.171912,0.5319;0.911262,0.361062,-0.0724868,-0.18434
0.96039,0.162532,0.537763;0.913617,0.353442,-0.0749776,-0.186444
0.959251,0.152994,0.543731;0.915903,0.345797,-0.0774629,-0.188535
0.95805,0.143315,0.549794;0.918122,0.338126,-0.0799424,-0.190612
0.956792,0.133513,0.555944;0.920272,0.33043,-0.082416,-0.192674
0.955477,0.123605,0.562172;0.922354,0.322709,-0.0848835,-0.194722
0.954109,0.113608,0.568469;0.924367,0.314965,-0.0873447,-0.196756
0.952691,0.10354,0.574827;0.926312,0.307197,-0.0897994,-0.198776
0.951224,0.0934186,0.581236;0.928188,0.299406,-0.0922474,-0.20078
0.949711,0.0832603,0.587687;0.929996,0.291593,-0.0946886,-0.20277
0.948156,0.0730829,0.594173;0.931734,0.283758,-0.0971227,-0.204744
0.94656,0.0629038,0.600684;0.933403,0.275903,-0.0995497,-0.206703
0.944926,0.0527402,0.607211;0.935003,0.268027,-0.101969,-0.208647
0.943257,0.0426096,0.613745;0.936533,0.26013,-0.104381,-0.210576
0.941554,0.0325293,0.620278;0.937994,0.252215,-0.106785,-0.212489
0.939822,0.0225167,0.626801;0.939385,0.244281,-0.109182,-0.214386
0.938062,0.0125891,0.633305;0.940707,0.236329,-0.11157,-0.216267
0.936277,0.00276399,0.639781;0.941959,0.228359,-0.11395,-0.218132
0.934469,-0.00694135,0.64622;0.94314,0.220372,-0.116321,-0.219981
0.932641,-0.0165095,0.652614;0.944252,0.212369,-0.118684,-0.221814
0.930796,-0.0259232,0.658954;0.945294,0.20435,-0.121038,-0.22363
0.928935,-0.035165,0.665231;0.946265,0.196316,-0.123383,-0.225429
0.927063,-0.0442175,0.671436;0.947167,0.188268,-0.125719,-0.227212
0.925181,-0.0530635,0.677561;0.947998,0.180205,-0.128046,-0.228978
0.923291,-0.0616854,0.683596;0.948758,0.172129,-0.130363,-0.230727
0.921397,-0.070066,0.689533;0.949448,0.164041,-0.13267,-0.232459
0.919501,-0.0781879,0.695363;0.950068,0.15594,-0.134968,-0.234173
0.917132,-0.08795,0.702486;0.950744,0.145797,-0.137825,-0.236292
0.914768,-0.0972469,0.709411;0.951309,0.135638,-0.140667,-0.238383
0.912415,-0.106044,0.71612;0.951764,0.125463,-0.143493,-0.240447
0.910078,-0.114309,0.722597;0.952108,0.115274,-0.146301,-0.242483
0.907762,-0.122006,0.728825;0.952342,0.105071,-0.149093,-0.24449
0.905017,-0.130447,0.735943;0.952477,0.0928114,-0.152421,-0.246862
0.902318,-0.137964,0.742647;0.952453,0.0805364,-0.155723,-0.249193
0.899238,-0.145487,0.749906;0.952224,0.0661988,-0.159542,-0.251859
0.895827,-0.152329,0.7574;0.951697,0.0497947,-0.163863,-0.254836
0.891755,-0.158041,0.765465;0.950642,0.0292694,-0.169195,-0.258451
0.886485,-0.160253,0.774074;0.948423,0.00051329,-0.176527,-0.26331
0.881206,-0.153647,0.779643;0.944831,-0.0323499,-0.18471,-0.26857
0.878379,-0.1441,0.780572;0.942016,-0.0528724,-0.189714,-0.271696
0.876412,-0.133241,0.779789;0.93945,-0.0692731,-0.193654,-0.274106
0.875121,-0.123126,0.778266;0.937342,-0.0815605,-0.196571,-0.27586
0.873999,-0.111257,0.775908;0.935077,-0.0938342,-0.199455,-0.277568
0.873199,-0.0999831,0.773283;0.933071,-0.10405,-0.201833,-0.278956
0.87265,-0.0900351,0.770739;0.931387,-0.112215,-0.203719,-0.280043
0.872186,-0.0792423,0.767791;0.929635,-0.120371,-0.205589,-0.281109
0.871809,-0.0675873,0.764429;0.927814,-0.128518,-0.207445,-0.282154
0.871521,-0.0550528,0.760646;0.925924,-0.136655,-0.209284,-0.283179
0.871366,-0.0450642,0.757526;0.924461,-0.142752,-0.210654,-0.283933
0.871263,-0.0345639,0.75416;0.92296,-0.148842,-0.212015,-0.284676
0.871214,-0.0235444,0.750545;0.92142,-0.154927,-0.213367,-0.285407
0.871221,-0.0119984,0.746675;0.919842,-0.161005,-0.21471,-0.286126
0.871283,8.14114e-05,0.742549;0.918225,-0.167076,-0.216045,-0.286833
0.871403,0.0127023,0.738162;0.91657,-0.17314,-0.21737,-0.287528
0.871581,0.0258717,0.733511;0.914877,-0.179197,-0.218686,-0.288211
0.871818,0.0395969,0.728591;0.913145,-0.185246,-0.219993,-0.288882
0.87201,0.0490594,0.72516;0.91197,-0.189275,-0.220859,-0.289322
0.872228,0.0587743,0.721607;0.910777,-0.1933,-0.221721,-0.289758
0.872475,0.0687439,0.717931;0.909568,-0.197322,-0.222579,-0.290187
0.872749,0.0789702,0.714131;0.908342,-0.20134,-0.223433,-0.290612
0.873051,0.0894555,0.710205;0.907099,-0.205354,-0.224283,-0.291031
0.873382,0.100202,0.706153;0.905839,-0.209365,-0.225128,-0.291445
0.873742,0.111212,0.701974;0.904562,-0.213371,-0.22597,-0.291853
0.87413,0.122487,0.697666;0.903268,-0.217374,-0.226807,-0.292256
0.874548,0.13403,0.693228;0.901958,-0.221372,-0.22764,-0.292653
0.874996,0.145842,0.68866;0.900631,-0.225367,-0.228469,-0.293045
0.875474,0.157927,0.683959;0.899287,-0.229357,-0.229293,-0.293432
0.875982,0.170286,0.679126;0.897927,-0.233343,-0.230113,-0.293813
0.876521,0.182921,0.674158;0.89655,-0.237324,-0.230929,-0.294189
