0.780401,-0.386075,0.584405;0.944254,-0.0202578,-0.188165,-0.269383
0.777091,-0.372877,0.584012;0.945546,-0.0158133,-0.184099,-0.267958
0.773832,-0.359845,0.583614;0.946799,-0.0113682,-0.180025,-0.266522
0.770624,-0.346978,0.583211;0.948014,-0.00692265,-0.175945,-0.265075
0.767467,-0.334276,0.582804;0.949192,-0.0024768,-0.171857,-0.263617
0.764361,-0.321739,0.582392;0.950331,0.00196915,-0.167763,-0.26215
0.761306,-0.309365,0.581975;0.951433,0.00641502,-0.163662,-0.260671
0.758301,-0.297153,0.581553;0.952496,0.0108606,-0.159554,-0.259183
0.755346,-0.285102,0.581127;0.953522,0.0153058,-0.15544,-0.257683
0.752441,-0.273213,0.580696;0.954509,0.0197504,-0.15132,-0.256174
0.749585,-0.261484,0.580261;0.955458,0.0241942,-0.147193,-0.254654
0.746778,-0.249913,0.579822;0.956369,0.028637,-0.143061,-0.253124
0.74402,-0.238502,0.579378;0.957242,0.0330786,-0.138923,-0.251584
0.741311,-0.227248,0.57893;0.958076,0.037519,-0.13478,-0.250034
0.73865,-0.21615,0.578477;0.958872,0.0419578,-0.130631,-0.248474
0.736037,-0.205209,0.578021;0.95963,0.046395,-0.126477,-0.246904
0.733472,-0.194423,0.57756;0.960349,0.0508303,-0.122318,-0.245325
0.730955,-0.183792,0.577095;0.96103,0.0552636,-0.118153,-0.243735
0.728485,-0.173314,0.576626;0.961673,0.0596946,-0.113985,-0.242136
0.726062,-0.162989,0.576153;0.962277,0.0641233,-0.109811,-0.240526
0.723685,-0.152816,0.575676;0.962842,0.0685494,-0.105634,-0.238908
0.721356,-0.142794,0.575195;0.96337,0.0729728,-0.101452,-0.23728
0.719072,-0.132923,0.574711;0.963858,0.0773933,-0.0972657,-0.235642
0.716098,-0.119993,0.574058;0.96445,0.0832824,-0.0916783,-0.233443
0.713206,-0.107328,0.573399;0.964973,0.0891656,-0.0860844,-0.231229
0.710394,-0.0949253,0.572734;0.965427,0.0950424,-0.0804844,-0.228997
0.707661,-0.0827828,0.572062;0.965813,0.100912,-0.0748787,-0.22675
0.705008,-0.0708986,0.571384;0.96613,0.106775,-0.0692676,-0.224486
0.702433,-0.059271,0.570699;0.966378,0.112631,-0.0636517,-0.222206
0.699936,-0.047898,0.570009;0.966558,0.118478,-0.0580312,-0.219911
0.697516,-0.0367777,0.569312;0.966669,0.124317,-0.0524066,-0.2176
0.695173,-0.0259083,0.56861;0.966711,0.130147,-0.0467782,-0.215273
0.692905,-0.0152878,0.567902;0.966685,0.135968,-0.0411465,-0.212931
0.690713,-0.00491431,0.567189;0.96659,0.141779,-0.0355119,-0.210574
0.688596,0.00521402,0.56647;0.966426,0.14758,-0.0298748,-0.208202
0.686552,0.0150991,0.565745;0.966194,0.153371,-0.0242356,-0.205816
0.6841,0.0271163,0.564832;0.965806,0.160593,-0.0171842,-0.202812
0.681762,0.0387601,0.563911;0.965312,0.167798,-0.0101308,-0.199785
0.679536,0.0500342,0.562983;0.96471,0.174985,-0.00307636,-0.196736
0.677421,0.0609424,0.562046;0.964001,0.182152,0.00397844,-0.193666
0.675416,0.0714882,0.561103;0.963185,0.189298,0.0110328,-0.190574
0.673518,0.0816755,0.560153;0.962262,0.196424,0.0180859,-0.18746
0.671728,0.091508,0.559195;0.961233,0.203528,0.0251371,-0.184326
0.66972,0.102844,0.558038;0.959856,0.212023,0.0335947,-0.180538
0.667861,0.11368,0.556871;0.958326,0.220484,0.0420469,-0.176722
0.666151,0.124024,0.555696;0.956642,0.228909,0.0504924,-0.172877
0.664587,0.133881,0.554513;0.954806,0.237298,0.0589298,-0.169004
0.662943,0.144775,0.553122;0.952471,0.247037,0.0687615,-0.164452
0.661492,0.155025,0.551721;0.949928,0.256722,0.0785782,-0.159864
0.660064,0.165965,0.550109;0.946769,0.267723,0.0897762,-0.154578
0.658878,0.176094,0.548485;0.94334,0.278647,0.100949,-0.149248
0.657826,0.186537,0.546645;0.939163,0.290842,0.113483,-0.143201
0.657,0.196985,0.544588;0.934125,0.304269,0.127362,-0.136422
0.656494,0.207106,0.542309;0.928103,0.318882,0.142564,-0.128895
0.656426,0.217268,0.5396;0.920345,0.33593,0.16043,-0.11991
0.657096,0.227191,0.536246;0.909848,0.356566,0.182252,-0.10873
0.659176,0.236077,0.531824;0.894502,0.383031,0.210575,-0.0938695
0.664551,0.241157,0.525289;0.868656,0.420712,0.251616,-0.0716055
0.671833,0.237927,0.519209;0.841119,0.454339,0.28904,-0.0504994
0.678325,0.231192,0.514853;0.819211,0.477638,0.315474,-0.0350933
0.684258,0.223249,0.511369;0.800298,0.495816,0.336423,-0.02257
0.689561,0.215146,0.508536;0.78395,0.510308,0.353352,-0.0122342
0.694798,0.206434,0.505938;0.768159,0.523369,0.368796,-0.00262697
0.699879,0.197437,0.503571;0.75307,0.535075,0.382807,0.00624318
0.70473,0.188427,0.501432;0.738815,0.545506,0.395435,0.0143708
0.709288,0.179639,0.499514;0.725511,0.554734,0.406731,0.0217529
0.713978,0.170311,0.497624;0.711885,0.563716,0.417847,0.0291254
0.71879,0.160475,0.495763;0.697942,0.572448,0.428777,0.0364849
0.723216,0.151211,0.494115;0.685129,0.580088,0.438451,0.0430947
0.727725,0.14158,0.492493;0.672069,0.587521,0.447967,0.0496891
0.73231,0.131604,0.490899;0.658767,0.594741,0.457322,0.0562655
0.736443,0.122464,0.489507;0.646744,0.60098,0.4655,0.0620943
0.740624,0.113083,0.488139;0.634537,0.607048,0.473545,0.0679054
0.74485,0.103478,0.486796;0.622149,0.612943,0.481456,0.0736972
0.749114,0.0936616,0.485479;0.609585,0.618664,0.489229,0.0794681
0.753412,0.0836506,0.484189;0.596847,0.62421,0.496864,0.0852164
0.757739,0.0734598,0.482927;0.58394,0.629577,0.504357,0.0909404
0.762089,0.0631044,0.481694;0.570867,0.634766,0.511707,0.0966386
0.76591,0.0539203,0.480639;0.559294,0.639158,0.518019,0.101602
0.769741,0.0446319,0.479608;0.5476,0.643411,0.524218,0.106543
0.773785,0.0347475,0.478547;0.540992,0.652859,0.518831,0.109164
0.77772,0.0250466,0.477543;0.535597,0.66291,0.511196,0.111193
0.781658,0.0152605,0.476563;0.5301,0.672834,0.503463,0.113199
0.785598,0.00539552,0.47561;0.5245,0.682628,0.495633,0.115184
0.789536,-0.0045421,0.474682;0.518799,0.692291,0.487707,0.117147
0.79347,-0.0145461,0.47378;0.512998,0.70182,0.479688,0.119087
0.7974,-0.0246103,0.472905;0.507098,0.711214,0.471576,0.121005
0.801322,-0.0347284,0.472055;0.501101,0.720471,0.463373,0.122899
0.805234,-0.0448942,0.471232;0.495007,0.72959,0.455081,0.124769
0.809136,-0.0551014,0.470435;0.488819,0.738568,0.446702,0.126616
0.813023,-0.0653438,0.469665;0.482535,0.747404,0.438237,0.128438
0.816895,-0.0756151,0.468922;0.476159,0.756096,0.429687,0.130235
0.820749,-0.0859091,0.468206;0.469692,0.764642,0.421054,0.132007
0.824583,-0.0962196,0.467516;0.463134,0.773041,0.412341,0.133754
0.828395,-0.10654,0.466854;0.456486,0.781291,0.403548,0.135475
0.832184,-0.116865,0.466219;0.449751,0.789391,0.394677,0.13717
0.835946,-0.127187,0.465611;0.442929,0.797339,0.38573,0.138838
0.83968,-0.137501,0.465031;0.436022,0.805134,0.376709,0.14048
0.843384,-0.1478,0.464479;0.429031,0.812773,0.367616,0.142095
0.847056,-0.158078,0.463954;0.421958,0.820256,0.358451,0.143682
0.850693,-0.168329,0.463457;0.414803,0.827581,0.349218,0.145242
0.854294,-0.178546,0.462989;0.407568,0.834746,0.339918,0.146774
0.857857,-0.188723,0.462548;0.400255,0.841751,0.330552,0.148277
0.861379,-0.198855,0.462136;0.392865,0.848594,0.321122,0.149752
0.864858,-0.208934,0.461752;0.385399,0.855274,0.311631,0.151198
0.868293,-0.218955,0.461397;0.377859,0.861788,0.302079,0.152615
0.871681,-0.228911,0.461071;0.370246,0.868137,0.29247,0.154003
0.87502,-0.238796,0.460773;0.362562,0.874319,0.282804,0.155361
0.878309,-0.248604,0.460505;0.354808,0.880332,0.273083,0.156689
0.881544,-0.258328,0.460265;0.346986,0.886176,0.26331,0.157987
0.884724,-0.267963,0.460055;0.339097,0.89185,0.253487,0.159254
0.887847,-0.277501,0.459874;0.331143,0.897351,0.243614,0.160491
0.891344,-0.288277,0.459703;0.321974,0.903427,0.232274,0.161867
0.894761,-0.29891,0.459571;0.312725,0.909276,0.220876,0.163202
0.898093,-0.309391,0.459478;0.303396,0.914896,0.209422,0.164496
0.90134,-0.31971,0.459424;0.293992,0.920286,0.197915,0.165748
0.904497,-0.329859,0.45941;0.284513,0.925444,0.186359,0.166959
0.90756,-0.339827,0.459435;0.274963,0.93037,0.174755,0.168128
0.910529,-0.349606,0.459499;0.265344,0.935062,0.163108,0.169254
0.913398,-0.359187,0.459604;0.255658,0.939519,0.15142,0.170338
0.916504,-0.369716,0.459769;0.244685,0.94425,0.138225,0.171507
0.919476,-0.379968,0.459986;0.233634,0.948681,0.124986,0.172621
0.92231,-0.38993,0.460253;0.222508,0.95281,0.111708,0.173679
0.925002,-0.399589,0.460573;0.211312,0.956636,0.0983937,0.174683
0.927821,-0.40995,0.460988;0.198793,0.960529,0.0835638,0.175733
0.930452,-0.419902,0.461468;0.186196,0.964045,0.068701,0.176713
0.933124,-0.430355,0.462071;0.172254,0.967476,0.052321,0.177712
0.935553,-0.440267,0.462753;0.158231,0.970446,0.0359162,0.178626
0.937918,-0.450435,0.463587;0.142848,0.97316,0.0180008,0.179527
0.940133,-0.460654,0.464598;0.126091,0.975479,-0.00141875,0.180387
0.942099,-0.47069,0.465812;0.107952,0.977252,-0.0223307,0.18118
0.943792,-0.480865,0.467362;0.0871215,0.978356,-0.046208,0.181916
0.945004,-0.491055,0.469427;0.0622726,0.97839,-0.0745,0.182551
0.945233,-0.500807,0.472388;0.0307628,0.976449,-0.110081,0.182984
0.942559,-0.508466,0.477739;-0.017926,0.969131,-0.164419,0.18284
0.935705,-0.506165,0.484243;-0.067828,0.956191,-0.219303,0.181669
0.929334,-0.499277,0.488727;-0.103851,0.946406,-0.250129,0.175974
0.923449,-0.491344,0.492357;-0.135569,0.938064,-0.271191,0.16767
0.917835,-0.482982,0.495565;-0.162114,0.929882,-0.288595,0.160469
0.912469,-0.474498,0.498479;-0.185192,0.921864,-0.303558,0.154021
0.907137,-0.465715,0.501266;-0.206479,0.913707,-0.317218,0.147914
0.90194,-0.456887,0.503905;-0.225993,0.905574,-0.329618,0.142178
0.896961,-0.448229,0.506376;-0.243755,0.897615,-0.340801,0.136842
0.891793,-0.439067,0.508892;-0.261388,0.889178,-0.351803,0.131433
0.886944,-0.430331,0.511217;-0.277297,0.881096,-0.361642,0.126455
0.881963,-0.421237,0.513575;-0.293084,0.872628,-0.371322,0.121421
0.876862,-0.411812,0.515964;-0.308742,0.863775,-0.380839,0.116333
0.872177,-0.403069,0.518137;-0.322718,0.855482,-0.389261,0.111711
0.867414,-0.394099,0.520332;-0.336579,0.846885,-0.397544,0.107049
0.86258,-0.384924,0.522545;-0.35032,0.837986,-0.405686,0.102348
0.857684,-0.375563,0.524777;-0.363937,0.828788,-0.413682,0.0976112
0.852735,-0.366036,0.527023;-0.377423,0.819294,-0.421532,0.0928395
0.847741,-0.356363,0.529284;-0.390775,0.809509,-0.429231,0.0880348
0.84271,-0.346564,0.531556;-0.403988,0.799435,-0.436778,0.0831986
0.838214,-0.337764,0.533585;-0.415612,0.790242,-0.443355,0.0788749
0.833703,-0.328895,0.535621;-0.427119,0.780825,-0.449807,0.074529
0.829181,-0.31997,0.537662;-0.438506,0.771189,-0.456133,0.070162
0.824655,-0.311004,0.539708;-0.449769,0.761336,-0.46233,0.0657753
0.820132,-0.302011,0.541756;-0.460906,0.751268,-0.468397,0.0613701
0.815616,-0.293004,0.543807;-0.471913,0.740989,-0.474332,0.0569476
0.811115,-0.283998,0.545858;-0.482787,0.730501,-0.480134,0.0525091
0.806633,-0.275006,0.547909;-0.493525,0.719807,-0.4858,0.0480558
0.802178,-0.266044,0.549958;-0.504124,0.70891,-0.49133,0.0435889
0.797755,-0.257124,0.552004;-0.514581,0.697814,-0.496721,0.0391098
0.793369,-0.248262,0.554045;-0.524893,0.686522,-0.501973,0.0346196
0.789028,-0.23947,0.556081;-0.535057,0.675036,-0.507083,0.0301198
0.784204,-0.229682,0.558363;-0.546312,0.661887,-0.512661,0.0250473
0.779452,-0.220022,0.560634;-0.557372,0.648503,-0.518056,0.0199659
0.774781,-0.210509,0.562893;-0.568233,0.634887,-0.523267,0.0148774
0.770198,-0.201164,0.565139;-0.578892,0.621045,-0.528291,0.00978363
0.765714,-0.192007,0.567368;-0.589344,0.606982,-0.533127,0.00468635
0.761335,-0.183058,0.56958;-0.599587,0.592703,-0.537772,-0.000412601
0.756605,-0.173383,0.572015;-0.610716,0.576589,-0.54271,-0.00607785
0.752027,-0.164016,0.574423;-0.621577,0.560221,-0.547408,-0.0117404
0.747615,-0.154986,0.576803;-0.632165,0.543608,-0.551866,-0.0173978
0.742967,-0.145473,0.579385;-0.64349,0.525056,-0.556489,-0.0236121
0.738548,-0.136437,0.581926;-0.654472,0.506225,-0.560815,-0.0298137
0.734007,-0.127167,0.584647;-0.666055,0.485376,-0.565194,-0.0365609
0.729441,-0.117868,0.58753;-0.678127,0.462442,-0.569534,-0.0438441
0.724962,-0.108786,0.590555;-0.690563,0.43736,-0.573735,-0.051651
0.720705,-0.100214,0.593695;-0.703226,0.410068,-0.577686,-0.0599658
0.716389,-0.0916348,0.597315;-0.717503,0.376785,-0.581672,-0.0698646
0.712238,-0.0836265,0.601683;-0.734253,0.333481,-0.585558,-0.0823662
0.709044,-0.0786347,0.60898;-0.760959,0.25052,-0.589163,-0.105202
0.7118,-0.0865129,0.614354;-0.779416,0.175488,-0.588363,-0.124677
0.715591,-0.0958463,0.616734;-0.788676,0.136914,-0.584653,-0.132009
0.719662,-0.105592,0.61834;-0.805784,0.117616,-0.568184,-0.118518
0.72367,-0.11506,0.619498;-0.819021,0.101838,-0.554334,-0.107458
0.727893,-0.12495,0.620451;-0.830704,0.0872077,-0.541186,-0.0971788
0.73218,-0.134925,0.621227;-0.840954,0.0737478,-0.528834,-0.0877021
0.736402,-0.144702,0.621853;-0.849887,0.0614774,-0.517363,-0.0790466
0.740453,-0.154044,0.62235;-0.857609,0.050411,-0.506845,-0.071227
0.744729,-0.16387,0.622786;-0.865028,0.0393268,-0.496148,-0.0633821
0.749218,-0.17415,0.62316;-0.87214,0.0282286,-0.485276,-0.0555149
0.753377,-0.183645,0.623442;-0.878204,0.0183551,-0.475467,-0.0485052
0.757685,-0.193457,0.623674;-0.884021,0.00847642,-0.465525,-0.0414819
0.762135,-0.203563,0.623859;-0.889592,-0.00140463,-0.455453,-0.034447
0.766717,-0.213944,0.623996;-0.894914,-0.0112853,-0.445254,-0.0274026
0.770829,-0.223236,0.624076;-0.899365,-0.0199284,-0.436228,-0.0212323
0.77503,-0.232709,0.62412;-0.903624,-0.0285672,-0.427108,-0.0150574
0.779314,-0.242349,0.624127;-0.907689,-0.0371999,-0.417896,-0.00887939
0.783676,-0.252141,0.624097;-0.911561,-0.0458246,-0.408595,-0.00269944
0.78811,-0.262074,0.624031;-0.915237,-0.0544395,-0.399207,0.0034811
0.792611,-0.272132,0.623929;-0.918717,-0.0630428,-0.389733,0.00966088
0.797172,-0.282301,0.623791;-0.922,-0.0716325,-0.380176,0.0158386
0.801787,-0.292569,0.623616;-0.925086,-0.080207,-0.370538,0.0220129
0.806452,-0.302922,0.623406;-0.927974,-0.0887643,-0.36082,0.0281825
0.811159,-0.313344,0.62316;-0.930663,-0.0973025,-0.351025,0.0343461
0.815905,-0.323824,0.622877;-0.933153,-0.10582,-0.341154,0.0405023
0.820682,-0.334347,0.622559;-0.935444,-0.114315,-0.331211,0.0466499
0.825485,-0.344899,0.622206;-0.937534,-0.122785,-0.321197,0.0527875
0.830308,-0.355467,0.621816;-0.939423,-0.131229,-0.311114,0.0589138
0.835145,-0.366037,0.621391;-0.941112,-0.139645,-0.300964,0.0650274
0.839992,-0.376594,0.620931;-0.942599,-0.148031,-0.29075,0.0711272
0.844841,-0.387126,0.620436;-0.943884,-0.156385,-0.280474,0.0772117
0.849688,-0.397619,0.619905;-0.944967,-0.164706,-0.270138,0.0832797
0.854526,-0.408059,0.619339;-0.945847,-0.172992,-0.259744,0.0893298
0.85935,-0.418431,0.618737;-0.946526,-0.18124,-0.249294,0.0953608
0.864153,-0.428723,0.618101;-0.947001,-0.18945,-0.238791,0.101371
0.868931,-0.43892,0.61743;-0.947274,-0.19762,-0.228237,0.10736
0.873678,-0.44901,0.616724;-0.947344,-0.205746,-0.217634,0.113326
0.878387,-0.458977,0.615984;-0.947212,-0.213829,-0.206984,0.119268
0.883053,-0.468809,0.615208;-0.946876,-0.221866,-0.19629,0.125184
0.88767,-0.478491,0.614398;-0.946338,-0.229856,-0.185554,0.131073
0.892233,-0.48801,0.613554;-0.945597,-0.237796,-0.174778,0.136935
0.896736,-0.497352,0.612675;-0.944654,-0.245686,-0.163965,0.142767
0.901172,-0.506503,0.611762;-0.943509,-0.253523,-0.153117,0.148568
0.906154,-0.51671,0.610676;-0.941952,-0.262413,-0.140679,0.155159
0.911034,-0.52663,0.609546;-0.940133,-0.271229,-0.128202,0.161707
0.915803,-0.536242,0.608372;-0.93805,-0.27997,-0.115689,0.16821
0.920452,-0.545525,0.607153;-0.935705,-0.288632,-0.103143,0.174665
0.924973,-0.554459,0.60589;-0.933099,-0.297214,-0.0905691,0.181072
0.929895,-0.564067,0.604416;-0.929855,-0.306769,-0.0763929,0.188219
0.934632,-0.573177,0.602887;-0.926282,-0.316216,-0.0621897,0.195299
0.939664,-0.582681,0.601122;-0.921928,-0.32658,-0.0463827,0.203085
0.944435,-0.591496,0.59929;-0.91717,-0.336802,-0.0305555,0.210782
0.949362,-0.600346,0.597196;-0.911475,-0.347876,-0.0131304,0.219143
0.954328,-0.608932,0.594818;-0.904712,-0.359747,0.00588632,0.228131
0.959545,-0.617446,0.591921;-0.896103,-0.37331,0.028067,0.238435
0.964981,-0.625461,0.588227;-0.884618,-0.389348,0.0549666,0.250672
0.970629,-0.631912,0.582923;-0.867306,-0.410261,0.0912434,0.266722
0.974979,-0.63124,0.574444;-0.838055,-0.439426,0.144459,0.289308
0.974925,-0.623179,0.56828;-0.81586,-0.457906,0.180061,0.303766
0.973334,-0.613646,0.56379;-0.799304,-0.470139,0.204587,0.313411
0.971255,-0.604268,0.560315;-0.786299,-0.478971,0.222833,0.320416
0.968921,-0.594938,0.557349;-0.775084,-0.4861,0.237931,0.326099
0.966336,-0.585329,0.554625;-0.764701,-0.492335,0.251431,0.331092
0.963645,-0.575798,0.55216;-0.755244,-0.497731,0.263356,0.335432
0.960573,-0.565315,0.549655;-0.745575,-0.502987,0.275208,0.339679
0.957566,-0.555345,0.54743;-0.736945,-0.507472,0.285515,0.343316
0.954256,-0.544617,0.545174;-0.728156,-0.511847,0.295761,0.346881
0.951154,-0.534747,0.543205;-0.72107,-0.516291,0.300296,0.351174
0.947704,-0.523937,0.541144;-0.715144,-0.522672,0.294462,0.358713
0.944557,-0.514197,0.539359;-0.709969,-0.528073,0.289422,0.365128
0.94124,-0.504031,0.537556;-0.704707,-0.533408,0.284347,0.371497
0.937757,-0.493454,0.535736;-0.699359,-0.538679,0.279237,0.377822
0.934114,-0.482477,0.533899;-0.693925,-0.543883,0.274093,0.3841
0.930959,-0.473034,0.532356;-0.689331,-0.548169,0.269781,0.389295
0.927699,-0.463329,0.530802;-0.68468,-0.552409,0.265445,0.394458
0.924337,-0.45337,0.529236;-0.67997,-0.556601,0.261087,0.399587
0.920876,-0.443164,0.527659;-0.675202,-0.560746,0.256707,0.404682
0.917318,-0.432719,0.526072;-0.670376,-0.564844,0.252305,0.409743
0.913667,-0.422041,0.524473;-0.665494,-0.568893,0.247882,0.414769
0.909925,-0.411138,0.522864;-0.660555,-0.572894,0.243437,0.419759
0.906095,-0.400017,0.521245;-0.65556,-0.576847,0.238972,0.424714
0.90218,-0.388686,0.519615;-0.650509,-0.58075,0.234486,0.429633
0.898184,-0.377151,0.517975;-0.645402,-0.584604,0.229981,0.434515
0.894929,-0.367782,0.516656;-0.641278,-0.587651,0.226362,0.438394
0.891625,-0.358291,0.51533;-0.637118,-0.590666,0.222731,0.442249
0.888274,-0.348682,0.513998;-0.632924,-0.593649,0.219088,0.446081
0.884876,-0.338959,0.51266;-0.628696,-0.5966,0.215433,0.449887
0.881433,-0.329126,0.511316;-0.624433,-0.599518,0.211767,0.45367
0.877947,-0.319185,0.509966;-0.620136,-0.602404,0.208088,0.457428
0.87442,-0.309142,0.50861;-0.615805,-0.605257,0.204399,0.46116
0.870852,-0.298999,0.507247;-0.611441,-0.608077,0.200698,0.464868
0.867245,-0.28876,0.50588;-0.607044,-0.610864,0.196987,0.46855
0.8636,-0.27843,0.504506;-0.602613,-0.613617,0.193264,0.472207
0.859919,-0.268011,0.503126;-0.59815,-0.616338,0.189532,0.475839
0.856205,-0.257508,0.501741;-0.593654,-0.619024,0.185788,0.479444
0.852456,-0.246924,0.500351;-0.589126,-0.621677,0.182035,0.483023
0.848677,-0.236263,0.498955;-0.584566,-0.624296,0.178272,0.486576
0.844867,-0.225529,0.497553;-0.579974,-0.626881,0.174499,0.490102
0.841029,-0.214725,0.496147;-0.57535,-0.629432,0.170717,0.493602
0.837163,-0.203856,0.494735;-0.570695,-0.631949,0.166925,0.497075
0.833272,-0.192924,0.493318;-0.566009,-0.634431,0.163124,0.500521
0.829357,-0.181934,0.491896;-0.561292,-0.636879,0.159315,0.503939
0.825419,-0.170889,0.490468;-0.556545,-0.639292,0.155497,0.50733
0.82146,-0.159793,0.489036;-0.551767,-0.64167,0.15167,0.510694
0.81748,-0.14865,0.487599;-0.54696,-0.644014,0.147835,0.514029
0.813483,-0.137463,0.486157;-0.542122,-0.646322,0.143992,0.517337
0.809469,-0.126237,0.484711;-0.537255,-0.648595,0.140141,0.520617
0.805439,-0.114974,0.48326;-0.532359,-0.650833,0.136282,0.523868
0.801395,-0.10368,0.481804;-0.527434,-0.653035,0.132416,0.527091
0.797339,-0.0923561,0.480344;-0.52248,-0.655202,0.128543,0.530285
0.793272,-0.0810078,0.478879;-0.517497,-0.657333,0.124663,0.53345
0.789196,-0.0696383,0.47741;-0.512487,-0.659429,0.120776,0.536586
0.785111,-0.0582513,0.475937;-0.507448,-0.661488,0.116883,0.539693
0.78102,-0.0468506,0.474459;-0.502382,-0.663512,0.112983,0.54277
0.776924,-0.0354399,0.472978;-0.497289,-0.665499,0.109077,0.545818
0.772824,-0.024023,0.471492;-0.492168,-0.66745,0.105165,0.548836
0.768722,-0.0126034,0.470002;-0.487021,-0.669365,0.101247,0.551825
0.764619,-0.00118508,0.468509;-0.481847,-0.671243,0.0973239,0.554783
0.760517,0.0102284,0.467012;-0.476647,-0.673085,0.0933954,0.557711
0.756417,0.0216332,0.46551;-0.471421,-0.67489,0.0894618,0.560609
0.752322,0.0330258,0.464006;-0.466169,-0.676659,0.0855233,0.563476
0.748231,0.0444022,0.462497;-0.460892,-0.67839,0.0815802,0.566312
0.744147,0.0557589,0.460985;-0.45559,-0.680085,0.0776327,0.569118
0.740071,0.0670921,0.45947;-0.450263,-0.681742,0.0736809,0.571893
0.736005,0.078398,0.457951;-0.444912,-0.683363,0.0697251,0.574636
0.731949,0.089673,0.456429;-0.439536,-0.684946,0.0657655,0.577349
0.727907,0.100913,0.454904;-0.434137,-0.686492,0.0618023,0.58003
0.723878,0.112115,0.453375;-0.428713,-0.688001,0.0578358,0.582679
0.719865,0.123275,0.451843;-0.423267,-0.689472,0.0538661,0.585297
0.715869,0.134389,0.450309;-0.417797,-0.690906,0.0498935,0.587882
0.711891,0.145453,0.448771;-0.412305,-0.692302,0.0459182,0.590436
0.707933,0.156464,0.447231;-0.40679,-0.69366,0.0419403,0.592958
0.703997,0.167418,0.445688;-0.401253,-0.694981,0.0379602,0.595447
0.700083,0.178312,0.444142;-0.395694,-0.696263,0.0339781,0.597904
0.696194,0.18914,0.442593;-0.390114,-0.697508,0.029994,0.600328
0.692331,0.199901,0.441042;-0.384512,-0.698715,0.0260084,0.60272
0.688495,0.21059,0.439488;-0.37889,-0.699884,0.0220213,0.605078
0.684687,0.221203,0.437932;-0.373247,-0.701015,0.018033,0.607404
0.68091,0.231737,0.436374;-0.367583,-0.702107,0.0140438,0.609697
0.677164,0.242187,0.434813;-0.3619,-0.703162,0.0100537,0.611957
0.673452,0.252551,0.43325;-0.356197,-0.704178,0.00606316,0.614183
0.669774,0.262824,0.431685;-0.350474,-0.705155,0.00207227,0.616376
0.666132,0.273003,0.430118;-0.344733,-0.706095,-0.00191875,0.618535
0.662528,0.283084,0.428549;-0.338972,-0.706996,-0.00590965,0.620661
0.658963,0.293064,0.426978;-0.333193,-0.707858,-0.00990024,0.622753
0.655438,0.302938,0.425406;-0.327396,-0.708682,-0.0138903,0.624811
0.651956,0.312703,0.423831;-0.321582,-0.709467,-0.0178796,0.626835
0.648516,0.322354,0.422255;-0.315749,-0.710214,-0.0218679,0.628825
0.645122,0.33189,0.420677;-0.3099,-0.710922,-0.025855,0.63078
0.641774,0.341305,0.419098;-0.304033,-0.711591,-0.0298407,0.632701
0.637657,0.352899,0.417122;-0.296677,-0.712373,-0.0348206,0.635055
0.633617,0.364291,0.415143;-0.289296,-0.713095,-0.0397975,0.637354
0.629657,0.375476,0.413163;-0.28189,-0.713756,-0.0447709,0.639599
0.625782,0.386445,0.411181;-0.27446,-0.714356,-0.0497406,0.641789
0.621992,0.397191,0.409197;-0.267006,-0.714896,-0.0547061,0.643925
0.618291,0.407706,0.407212;-0.25953,-0.715374,-0.0596669,0.646006
0.614683,0.417984,0.405225;-0.252032,-0.715792,-0.0646226,0.648032
0.611169,0.428018,0.403237;-0.244512,-0.716149,-0.0695728,0.650003
0.607753,0.4378,0.401247;-0.236972,-0.716445,-0.0745171,0.651919
0.604438,0.447322,0.399257;-0.229411,-0.71668,-0.0794551,0.653779
0.600596,0.458396,0.396868;-0.220313,-0.716881,-0.0853717,0.655938
0.596909,0.469074,0.394478;-0.211188,-0.716995,-0.0912779,0.658017
0.59338,0.479343,0.392087;-0.202036,-0.717021,-0.0971728,0.660015
0.590015,0.48919,0.389695;-0.19286,-0.716959,-0.103056,0.661932
0.58682,0.498603,0.387304;-0.183661,-0.716809,-0.108926,0.663768
0.583311,0.50902,0.384514;-0.1729,-0.716524,-0.115758,0.665807
0.580047,0.518809,0.381724;-0.16211,-0.716119,-0.122571,0.667736
0.577036,0.52795,0.378935;-0.151293,-0.715594,-0.129363,0.669553
0.573913,0.537578,0.37575;-0.138899,-0.714849,-0.137099,0.671492
0.570822,0.547329,0.372169;-0.124921,-0.713824,-0.145766,0.6735
0.567929,0.556774,0.368194;-0.109349,-0.712455,-0.15535,0.675513
0.565242,0.566096,0.363432;-0.0906148,-0.710492,-0.166779,0.677625
0.563146,0.574518,0.357495;-0.0671351,-0.707548,-0.180951,0.679798
0.562705,0.579925,0.349216;-0.0341813,-0.702518,-0.200556,0.681966
0.565789,0.576723,0.340207;0.00196804,-0.6958,-0.221682,0.683166
0.569939,0.569169,0.33437;0.0255458,-0.690744,-0.235247,0.683286
0.574109,0.560752,0.330112;0.0428248,-0.686699,-0.245081,0.683042
0.578253,0.551993,0.326643;0.0569494,-0.683179,-0.253052,0.682633
0.582506,0.542756,0.323572;0.0694915,-0.679893,-0.260078,0.682111
0.586675,0.533528,0.320894;0.0804535,-0.676896,-0.266181,0.681533
0.591272,0.52321,0.318227;0.0914021,-0.673785,-0.272238,0.680841
0.595557,0.513484,0.315948;0.100775,-0.67103,-0.277395,0.680158
0.600167,0.50293,0.313677;0.110135,-0.668193,-0.282517,0.679392
0.60426,0.493493,0.311791;0.117925,-0.665766,-0.286759,0.678689
0.608585,0.483466,0.30991;0.125704,-0.663282,-0.290977,0.677929
0.613144,0.47284,0.308035;0.133473,-0.660742,-0.29517,0.677111
0.617941,0.461609,0.306166;0.141231,-0.658146,-0.299338,0.676236
0.621951,0.452183,0.304675;0.147429,-0.656028,-0.302654,0.675494
0.626116,0.442362,0.303188;0.153618,-0.653875,-0.305953,0.674716
0.630438,0.432141,0.301705;0.1598,-0.651687,-0.309236,0.6739
0.634918,0.421516,0.300226;0.165972,-0.649462,-0.312502,0.673048
0.639557,0.410485,0.298751;0.172136,-0.647203,-0.315751,0.67216
0.644358,0.399043,0.297281;0.17829,-0.644908,-0.318983,0.671235
0.649321,0.387186,0.295815;0.184434,-0.642578,-0.322198,0.670273
0.654448,0.374911,0.294353;0.190568,-0.640213,-0.325395,0.669275
0.658402,0.365429,0.29326;0.195162,-0.638417,-0.327781,0.668502
0.66245,0.355707,0.292169;0.19975,-0.636601,-0.330157,0.667709
0.666592,0.345745,0.291081;0.204332,-0.634765,-0.332523,0.666896
0.670829,0.33554,0.289995;0.208908,-0.63291,-0.334878,0.666062
0.675162,0.325092,0.288912;0.213477,-0.631036,-0.337224,0.665208
0.679591,0.314399,0.287832;0.21804,-0.629142,-0.339559,0.664333
0.684116,0.30346,0.286754;0.222596,-0.627229,-0.341884,0.663438
