0.70106,-0.176829,0.671299;0.56588,-0.757551,0.110786,0.305979
0.7058,-0.186222,0.667458;0.574767,-0.749208,0.113581,0.308917
0.71043,-0.195249,0.663651;0.583559,-0.740742,0.116358,0.311804
0.714953,-0.203913,0.659878;0.592254,-0.732154,0.119115,0.314639
0.719368,-0.212218,0.656138;0.600852,-0.723444,0.121852,0.317423
0.724385,-0.221458,0.651817;0.610757,-0.713133,0.125021,0.320604
0.729259,-0.23022,0.647541;0.620525,-0.702661,0.128161,0.323714
0.733991,-0.23851,0.643309;0.630154,-0.692032,0.131272,0.32675
0.739228,-0.247412,0.638528;0.640985,-0.679693,0.134792,0.330131
0.744284,-0.255714,0.633805;0.651628,-0.667156,0.138273,0.333415
0.749163,-0.263424,0.629139;0.662079,-0.654422,0.141712,0.336601
0.754441,-0.271399,0.623958;0.673605,-0.639868,0.145532,0.340067
0.759501,-0.278648,0.618849;0.684881,-0.625076,0.149298,0.343406
0.76487,-0.285866,0.613256;0.697111,-0.608369,0.153417,0.346968
0.770474,-0.292806,0.607204;0.710195,-0.589669,0.157867,0.350702
0.776234,-0.29921,0.600722;0.724019,-0.568897,0.162622,0.354553
0.782067,-0.304806,0.593838;0.738455,-0.54597,0.167651,0.358461
0.787886,-0.309311,0.586584;0.753362,-0.520807,0.172922,0.362359
0.793602,-0.312441,0.578994;0.768582,-0.493328,0.178397,0.366174
0.799452,-0.313935,0.570616;0.784873,-0.461572,0.184379,0.370041
0.804943,-0.313226,0.562001;0.800988,-0.427282,0.190447,0.373601
0.809736,-0.310258,0.553645;0.815914,-0.392358,0.196232,0.376607
0.81386,-0.305128,0.545545;0.829628,-0.356851,0.201726,0.379053
0.817163,-0.298387,0.538124;0.841449,-0.32283,0.206639,0.380847
0.819619,-0.290976,0.531759;0.850955,-0.292454,0.210747,0.38201
0.821538,-0.282874,0.525971;0.859035,-0.263831,0.214386,0.382741
0.823009,-0.274367,0.520727;0.865847,-0.237039,0.217592,0.383111
0.824191,-0.26495,0.515606;0.871989,-0.210064,0.22063,0.383185
0.825034,-0.255483,0.510987;0.877059,-0.185019,0.223282,0.38299
0.825604,-0.246177,0.506843;0.881197,-0.161953,0.225584,0.382589
0.825987,-0.236293,0.502785;0.884847,-0.138797,0.22776,0.381976
0.826179,-0.226825,0.499168;0.88774,-0.11768,0.22963,0.381234
0.826226,-0.216914,0.495621;0.890225,-0.0965082,0.231394,0.380318
0.826132,-0.206578,0.492142;0.892303,-0.0752924,0.233052,0.379228
0.825932,-0.196925,0.489069;0.893823,-0.0561684,0.234453,0.378098
0.825625,-0.186954,0.486049;0.895011,-0.0370235,0.235766,0.376827
0.825216,-0.176675,0.483084;0.895867,-0.0178649,0.236993,0.375417
0.824706,-0.166103,0.480171;0.89639,0.00130032,0.238131,0.373867
0.824101,-0.155248,0.477311;0.896581,0.0204651,0.239181,0.372179
0.823484,-0.145372,0.474813;0.89647,0.0374943,0.240039,0.370562
0.822797,-0.135291,0.472355;0.896097,0.0545125,0.240828,0.368836
0.822041,-0.125015,0.469938;0.895461,0.0715147,0.241545,0.367002
0.821219,-0.11455,0.46756;0.894563,0.0884959,0.242192,0.365061
0.820332,-0.103907,0.465223;0.893401,0.105451,0.242768,0.363012
0.819384,-0.0930934,0.462924;0.891978,0.122375,0.243272,0.360857
0.818377,-0.082118,0.460665;0.890293,0.139264,0.243705,0.358596
0.817313,-0.0709893,0.458444;0.888347,0.156111,0.244067,0.35623
0.816338,-0.0611328,0.456532;0.886431,0.170816,0.244325,0.354074
0.815322,-0.0511714,0.454649;0.884315,0.185482,0.244527,0.351838
0.814268,-0.0411107,0.452795;0.882001,0.200106,0.244675,0.349524
0.813176,-0.0309566,0.450969;0.879488,0.214685,0.244768,0.34713
0.81205,-0.0207147,0.449171;0.876778,0.229216,0.244806,0.344659
0.81089,-0.0103909,0.447402;0.873871,0.243696,0.244789,0.342111
0.809697,9.05524e-06,0.44566;0.870768,0.25812,0.244717,0.339485
0.808474,0.0104795,0.443945;0.867469,0.272487,0.24459,0.336784
0.807222,0.0210146,0.442258;0.863976,0.286793,0.244408,0.334006
0.805943,0.0316087,0.440598;0.860288,0.301034,0.244171,0.331154
0.804638,0.0422559,0.438964;0.856407,0.315208,0.24388,0.328227
0.803308,0.0529505,0.437357;0.852334,0.32931,0.243533,0.325227
0.801956,0.0636869,0.435777;0.848069,0.343339,0.243132,0.322154
0.800583,0.0744591,0.434222;0.843614,0.357291,0.242677,0.319008
0.799191,0.0852615,0.432693;0.83897,0.371163,0.242166,0.31579
0.79778,0.0960884,0.43119;0.834137,0.384951,0.241602,0.312502
0.796354,0.106934,0.429711;0.829116,0.398652,0.240983,0.309143
0.794913,0.117792,0.428258;0.82391,0.412264,0.24031,0.305715
0.793458,0.128658,0.42683;0.818518,0.425784,0.239583,0.302219
0.791992,0.139525,0.425426;0.812943,0.439208,0.238802,0.298654
0.790516,0.150387,0.424046;0.807185,0.452533,0.237968,0.295023
0.789032,0.16124,0.42269;0.801245,0.465757,0.23708,0.291325
0.787541,0.172076,0.421358;0.795126,0.478876,0.236139,0.287561
0.786045,0.182891,0.42005;0.788828,0.491887,0.235144,0.283733
0.784546,0.193679,0.418764;0.782353,0.504788,0.234098,0.279842
0.783044,0.204433,0.417502;0.775702,0.517576,0.232998,0.275887
0.781542,0.215149,0.416263;0.768877,0.530247,0.231846,0.271871
0.780041,0.22582,0.415046;0.761879,0.542799,0.230642,0.267793
0.778624,0.235865,0.413916;0.761453,0.540533,0.23196,0.272411
0.776828,0.248566,0.412507;0.761263,0.53675,0.233777,0.278795
0.775038,0.261185,0.41113;0.761028,0.532935,0.23558,0.285163
0.773257,0.273718,0.409783;0.760749,0.529089,0.23737,0.291515
0.771485,0.286159,0.408466;0.760426,0.525212,0.239146,0.297849
0.769725,0.298504,0.407179;0.760058,0.521305,0.240907,0.304166
0.767978,0.310747,0.40592;0.759645,0.517367,0.242655,0.310466
0.766244,0.322885,0.404689;0.759189,0.513399,0.244389,0.316747
0.764527,0.334911,0.403487;0.758688,0.5094,0.246108,0.323009
0.762827,0.346822,0.402311;0.758142,0.505373,0.247813,0.329253
0.761146,0.358612,0.401162;0.757553,0.501315,0.249504,0.335478
0.759485,0.370276,0.400038;0.756919,0.497228,0.25118,0.341683
0.757846,0.38181,0.39894;0.75624,0.493113,0.252841,0.347868
0.75623,0.393209,0.397867;0.755518,0.488968,0.254487,0.354032
0.754639,0.404467,0.396818;0.754752,0.484795,0.256119,0.360176
0.753075,0.41558,0.395792;0.753941,0.480594,0.257735,0.366299
0.751538,0.426544,0.39479;0.753087,0.476364,0.259337,0.372401
0.750031,0.437352,0.39381;0.752188,0.472107,0.260923,0.37848
0.748555,0.448001,0.392851;0.751245,0.467822,0.262495,0.384538
0.747111,0.458485,0.391914;0.750259,0.46351,0.264051,0.390573
0.745701,0.4688,0.390998;0.749229,0.45917,0.265591,0.396586
0.744326,0.478941,0.390101;0.748155,0.454804,0.267116,0.402575
0.742988,0.488902,0.389224;0.747037,0.450412,0.268625,0.408541
0.74137,0.501094,0.388155;0.745579,0.444884,0.27049,0.415964
0.739815,0.512989,0.387113;0.744052,0.439315,0.27233,0.42335
0.738326,0.524578,0.386099;0.742458,0.433707,0.274145,0.430697
0.736906,0.53585,0.385112;0.740796,0.428059,0.275935,0.438004
0.735557,0.546797,0.384149;0.739066,0.422372,0.2777,0.445272
0.734284,0.557408,0.38321;0.737269,0.416646,0.279439,0.452499
0.733088,0.567675,0.382293;0.735404,0.410882,0.281153,0.459685
0.731972,0.577587,0.381398;0.733472,0.405081,0.282841,0.466828
0.730745,0.589002,0.380351;0.731066,0.39807,0.284833,0.475345
0.729642,0.599875,0.379332;0.728564,0.391008,0.286788,0.483798
0.72867,0.610193,0.378338;0.725965,0.383894,0.288704,0.492188
0.727708,0.621504,0.377208;0.722814,0.375531,0.290893,0.501895
0.726939,0.632009,0.376106;0.719533,0.3671,0.293029,0.511512
0.726306,0.642994,0.374879;0.715625,0.357385,0.295406,0.522391
0.725922,0.654004,0.373533;0.71103,0.346356,0.297998,0.534483
0.725924,0.664498,0.372072;0.705677,0.333981,0.300774,0.547733
0.726553,0.674571,0.370354;0.698914,0.318971,0.303961,0.56337
0.728864,0.684251,0.367819;0.688081,0.296143,0.308441,0.586266
0.736352,0.685122,0.363716;0.668923,0.258641,0.314889,0.621685
0.742651,0.677249,0.361373;0.65747,0.237603,0.318034,0.640416
0.747941,0.66818,0.359705;0.649239,0.223009,0.320024,0.652948
0.752876,0.65846,0.358295;0.642291,0.210995,0.321547,0.662987
0.757104,0.649432,0.357166;0.636755,0.201608,0.322666,0.67066
0.761681,0.639091,0.356005;0.631106,0.192184,0.323727,0.678212
0.765889,0.629161,0.354982;0.626174,0.184079,0.32459,0.684589
0.770365,0.618231,0.353932;0.621159,0.17595,0.325411,0.690877
0.774303,0.608345,0.353034;0.616918,0.169158,0.326062,0.696047
0.77803,0.59879,0.352203;0.613034,0.163003,0.326626,0.700667
0.78192,0.588633,0.351353;0.619618,0.174017,0.32237,0.694168
0.785507,0.579122,0.350583;0.625352,0.183774,0.318526,0.68826
0.78921,0.56917,0.349803;0.630976,0.193499,0.314626,0.68223
0.793025,0.558792,0.349013;0.636488,0.203189,0.310669,0.676078
0.79645,0.549373,0.348315;0.641218,0.211638,0.307162,0.670597
0.799954,0.539647,0.347612;0.64586,0.220059,0.303613,0.665024
0.803532,0.529623,0.346905;0.650415,0.228449,0.300023,0.659361
0.807183,0.519311,0.346196;0.654881,0.236809,0.296392,0.653609
0.810902,0.508721,0.345485;0.659258,0.245136,0.292721,0.647767
0.814687,0.49786,0.344773;0.663545,0.25343,0.289009,0.641837
0.817981,0.488343,0.344164;0.667148,0.260512,0.285797,0.636684
0.821318,0.478641,0.343555;0.670685,0.267567,0.282556,0.631468
0.824697,0.468759,0.342948;0.674154,0.274596,0.279287,0.626189
0.828116,0.458702,0.342344;0.677555,0.281597,0.275989,0.620847
0.831572,0.448478,0.341743;0.680889,0.288571,0.272665,0.615443
0.835064,0.438091,0.341146;0.684155,0.295515,0.269313,0.609978
0.838589,0.427548,0.340554;0.687353,0.30243,0.265934,0.604451
0.842146,0.416854,0.339967;0.690482,0.309314,0.262528,0.598864
0.845732,0.406015,0.339386;0.693541,0.316168,0.259096,0.593218
0.849346,0.395036,0.338812;0.696532,0.32299,0.255638,0.587512
0.852985,0.383925,0.338245;0.699452,0.32978,0.252155,0.581747
0.856647,0.372685,0.337686;0.702303,0.336537,0.248647,0.575924
0.860331,0.361325,0.337136;0.705084,0.34326,0.245113,0.570043
0.863415,0.351768,0.336684;0.707347,0.348836,0.24215,0.565099
0.866512,0.342135,0.33624;0.709561,0.354388,0.23917,0.560116
0.86962,0.332428,0.335803;0.711726,0.359916,0.236173,0.555093
0.872737,0.32265,0.335374;0.713842,0.365418,0.23316,0.550033
0.875863,0.312806,0.334954;0.715907,0.370896,0.230131,0.544934
0.878997,0.302897,0.334541;0.717924,0.376347,0.227086,0.539797
0.882137,0.292929,0.334138;0.71989,0.381772,0.224025,0.534623
0.885282,0.282903,0.333744;0.721806,0.387171,0.220948,0.529411
0.888432,0.272824,0.33336;0.723672,0.392543,0.217856,0.524163
0.891584,0.262694,0.332987;0.725488,0.397888,0.214749,0.518878
0.894737,0.252518,0.332624;0.727254,0.403205,0.211627,0.513558
0.897891,0.242298,0.332272;0.728969,0.408494,0.208491,0.508202
0.901045,0.232038,0.331931;0.730633,0.413754,0.20534,0.50281
0.904196,0.221741,0.331602;0.732247,0.418986,0.202174,0.497384
0.907344,0.21141,0.331285;0.73381,0.424189,0.198995,0.491922
0.910488,0.20105,0.330982;0.735322,0.429362,0.195802,0.486427
0.913627,0.190663,0.330691;0.736783,0.434506,0.192595,0.480898
0.916759,0.180252,0.330413;0.738192,0.439619,0.189375,0.475336
0.919883,0.169822,0.33015;0.739551,0.444702,0.186141,0.469741
0.922998,0.159374,0.3299;0.740858,0.449754,0.182895,0.464113
0.926104,0.148914,0.329666;0.742113,0.454775,0.179636,0.458452
0.929197,0.138443,0.329446;0.743317,0.459764,0.176365,0.45276
0.932279,0.127966,0.329242;0.74447,0.464721,0.173081,0.447037
0.935346,0.117486,0.329054;0.745571,0.469646,0.169785,0.441282
0.938399,0.107006,0.328882;0.74662,0.474538,0.166478,0.435497
0.941435,0.0965295,0.328726;0.747617,0.479398,0.163159,0.429682
0.944455,0.0860599,0.328588;0.748562,0.484224,0.159828,0.423836
0.947456,0.0756005,0.328467;0.749455,0.489016,0.156487,0.417962
0.950437,0.0651546,0.328364;0.750296,0.493775,0.153134,0.412058
0.953398,0.0547258,0.32828;0.751085,0.498499,0.149771,0.406126
0.956337,0.0443172,0.328214;0.751822,0.503189,0.146398,0.400165
0.959253,0.0339324,0.328167;0.752507,0.507843,0.143014,0.394177
0.962144,0.0235746,0.32814;0.753139,0.512463,0.139621,0.388161
0.96501,0.0132472,0.328133;0.75372,0.517046,0.136218,0.382118
0.96785,0.00295351,0.328145;0.754247,0.521594,0.132805,0.376049
0.970661,-0.00730301,0.328179;0.754723,0.526106,0.129383,0.369954
0.973444,-0.017519,0.328234;0.755146,0.530581,0.125952,0.363833
0.976196,-0.0276912,0.32831;0.755516,0.535019,0.122513,0.357687
0.978918,-0.0378162,0.328408;0.755835,0.53942,0.119065,0.351516
0.981606,-0.0478906,0.328529;0.7561,0.543784,0.115608,0.34532
0.984261,-0.0579111,0.328672;0.756313,0.54811,0.112144,0.339101
0.986881,-0.0678742,0.328839;0.756474,0.552398,0.108672,0.332858
0.989465,-0.0777768,0.329028;0.756582,0.556647,0.105192,0.326591
0.992012,-0.0876153,0.329242;0.756638,0.560858,0.101705,0.320303
0.994521,-0.0973864,0.329481;0.756641,0.56503,0.0982107,0.313991
0.996989,-0.107087,0.329744;0.756591,0.569163,0.0947098,0.307659
0.999898,-0.118629,0.330092;0.756462,0.57407,0.0905,0.300031
1.00275,-0.130059,0.330478;0.756258,0.578919,0.0862812,0.292373
1.00553,-0.141371,0.330901;0.755978,0.583711,0.0820538,0.284686
1.00825,-0.152558,0.331363;0.755622,0.588444,0.0778181,0.276971
1.01091,-0.163616,0.331864;0.755191,0.593119,0.0735747,0.269228
1.01349,-0.174537,0.332404;0.754684,0.597734,0.0693239,0.261458
1.016,-0.185318,0.332985;0.754102,0.602289,0.0650661,0.253662
1.01845,-0.19595,0.333607;0.753444,0.606785,0.0608019,0.245841
1.02081,-0.20643,0.33427;0.752711,0.611219,0.0565316,0.237995
1.0231,-0.216751,0.334976;0.751903,0.615592,0.0522556,0.230125
1.02531,-0.226907,0.335726;0.751019,0.619904,0.0479744,0.222232
1.02744,-0.236892,0.336519;0.750061,0.624154,0.0436884,0.214317
1.02949,-0.246701,0.337357;0.749027,0.628341,0.0393981,0.20638
1.03177,-0.257914,0.338392;0.747727,0.633147,0.0343877,0.197095
1.03393,-0.26887,0.339489;0.746325,0.637867,0.0293726,0.187783
1.03596,-0.27956,0.34065;0.744821,0.6425,0.0243536,0.178445
1.03788,-0.289974,0.341877;0.743216,0.647045,0.0193312,0.169083
1.03966,-0.300103,0.343169;0.741509,0.651503,0.0143062,0.159698
1.04131,-0.309938,0.344529;0.739702,0.655871,0.00927929,0.150292
1.04303,-0.320805,0.346166;0.737513,0.660755,0.00353271,0.139516
1.04457,-0.331263,0.347894;0.735194,0.665521,-0.0022145,0.128716
1.04593,-0.341298,0.349715;0.732743,0.670168,-0.00796132,0.117893
1.04722,-0.352063,0.351876;0.72983,0.675255,-0.0144247,0.105692
1.04827,-0.362254,0.354158;0.726754,0.680189,-0.0208849,0.0934668
1.04913,-0.372882,0.35684;0.723143,0.685492,-0.0280573,0.0798591
1.04967,-0.382751,0.359677;0.719332,0.690604,-0.0352219,0.0662293
1.04987,-0.392698,0.362983;0.714909,0.696006,-0.0430916,0.0512154
1.04962,-0.402423,0.366814;0.70981,0.701633,-0.0516602,0.0348171
1.04877,-0.41158,0.371235;0.703966,0.707411,-0.0609193,0.0170367
1.04701,-0.420289,0.376696;0.696812,0.713666,-0.0715671,-0.00348845
1.04398,-0.427644,0.383365;0.688178,0.720215,-0.0835802,-0.026747
1.03948,-0.432424,0.391042;0.69522,0.711377,-0.0851346,-0.0580028
1.0338,-0.434141,0.399195;0.706229,0.697182,-0.083264,-0.0908063
1.02738,-0.433175,0.407347;0.715717,0.682877,-0.08139,-0.121671
1.02092,-0.430367,0.414865;0.723346,0.669546,-0.0796519,-0.14878
1.01426,-0.426196,0.422128;0.72983,0.656514,-0.0779596,-0.173951
1.00811,-0.4215,0.428523;0.734896,0.644901,-0.0764564,-0.19541
1.00156,-0.415829,0.435055;0.739504,0.632885,-0.0749055,-0.216746
0.995246,-0.409822,0.441151;0.743323,0.621525,-0.0734428,-0.236187
0.989253,-0.403729,0.44677;0.746457,0.610914,-0.0720797,-0.253753
0.983038,-0.397068,0.452455;0.749268,0.600039,-0.0706854,-0.271209
0.977266,-0.390615,0.457619;0.75152,0.590029,-0.0694044,-0.28682
0.971336,-0.383752,0.46282;0.75351,0.579813,-0.068099,-0.302329
0.965259,-0.376504,0.468053;0.755235,0.569393,-0.0667698,-0.317733
0.959045,-0.368895,0.473309;0.756695,0.558773,-0.0654171,-0.333026
0.953414,-0.361847,0.477996;0.75777,0.549169,-0.0641955,-0.346521
0.947692,-0.35455,0.482691;0.758635,0.539413,-0.0629561,-0.359921
0.941884,-0.34702,0.48739;0.75929,0.529507,-0.0616992,-0.373221
0.935998,-0.339275,0.492088;0.759735,0.519455,-0.0604253,-0.386417
0.930043,-0.33133,0.496781;0.759969,0.509259,-0.0591346,-0.399506
0.924024,-0.323204,0.501462;0.759993,0.498921,-0.0578275,-0.412485
0.91795,-0.314913,0.506127;0.759807,0.488446,-0.0565044,-0.425349
0.911827,-0.306473,0.510772;0.759409,0.477835,-0.0551657,-0.438096
0.906436,-0.29898,0.514816;0.758889,0.468442,-0.0539818,-0.44915
0.901019,-0.291398,0.518837;0.758208,0.458949,-0.0527864,-0.460108
0.895581,-0.283739,0.522832;0.757366,0.449359,-0.0515798,-0.470969
0.890126,-0.276012,0.526798;0.756364,0.439674,-0.0503622,-0.48173
0.88466,-0.268231,0.530731;0.755201,0.429896,-0.049134,-0.492389
0.879187,-0.260406,0.534628;0.753878,0.420026,-0.0478954,-0.502944
0.873713,-0.252548,0.538486;0.752395,0.410067,-0.0466466,-0.513392
0.868242,-0.244669,0.542303;0.750752,0.400022,-0.0453879,-0.523731
0.86278,-0.23678,0.546073;0.74895,0.389891,-0.0441196,-0.533958
0.857331,-0.228892,0.549795;0.74699,0.379678,-0.042842,-0.544073
0.8519,-0.221017,0.553465;0.744871,0.369384,-0.0415552,-0.554072
0.846493,-0.213166,0.557079;0.742594,0.359012,-0.0402596,-0.563954
0.841114,-0.205351,0.560635;0.740159,0.348564,-0.0389555,-0.573716
0.835768,-0.197582,0.564129;0.737568,0.338042,-0.0376432,-0.583356
0.829705,-0.188775,0.568042;0.734414,0.325929,-0.0361336,-0.594222
0.823699,-0.180061,0.571865;0.731058,0.313726,-0.0346139,-0.604924
0.817758,-0.171456,0.575594;0.727498,0.301435,-0.0330847,-0.615458
0.811888,-0.162978,0.579223;0.723738,0.289062,-0.0315464,-0.625821
0.806098,-0.154643,0.582747;0.719777,0.276608,-0.0299993,-0.636011
0.800395,-0.146469,0.586162;0.715616,0.264078,-0.0284438,-0.646025
0.794786,-0.138472,0.589463;0.711257,0.251474,-0.0268805,-0.655859
0.789278,-0.130668,0.592645;0.706701,0.238801,-0.0253098,-0.665513
0.783212,-0.122143,0.596076;0.701342,0.224465,-0.0235343,-0.676152
0.777294,-0.113908,0.599344;0.695737,0.21005,-0.0217506,-0.686554
0.771536,-0.105989,0.602441;0.689888,0.195561,-0.0199593,-0.696716
0.765336,-0.0975881,0.605673;0.683105,0.179383,-0.0179608,-0.70772
0.75936,-0.0896393,0.608676;0.676027,0.163126,-0.0159545,-0.718417
0.753062,-0.0814568,0.611704;0.667903,0.145163,-0.0137396,-0.729825
0.747071,-0.0739048,0.614432;0.659429,0.127124,-0.0115175,-0.740851
0.740908,-0.0664369,0.617048;0.649791,0.107369,-0.00908656,-0.752437
0.734241,-0.0588149,0.619608;0.638036,0.0842386,-0.00624342,-0.76536
0.727362,-0.051653,0.62185;0.623939,0.057717,-0.00298778,-0.779333
0.719626,-0.0449784,0.623625;0.60439,0.022815,0.00128971,-0.796361
0.710531,-0.0414612,0.623477;0.570311,-0.0337562,0.00820637,-0.820694
0.706074,-0.0488217,0.618886;0.531122,-0.093465,0.0154844,-0.841982
0.70609,-0.0578147,0.614476;0.509223,-0.124788,0.0192932,-0.851321
0.707227,-0.0668748,0.610298;0.492577,-0.147746,0.0220807,-0.857352
0.708905,-0.0759344,0.606256;0.485156,-0.160916,0.0237333,-0.859166
0.710917,-0.0850099,0.602289;0.499083,-0.154789,0.0232101,-0.852302
0.713421,-0.0951411,0.597917;0.51287,-0.148619,0.0226805,-0.845199
0.715998,-0.104822,0.593771;0.524817,-0.143186,0.0222118,-0.838792
0.718916,-0.11522,0.589339;0.536652,-0.137722,0.0217384,-0.832204
0.721678,-0.12467,0.58532;0.546705,-0.133016,0.021329,-0.826417
0.724669,-0.134589,0.581104;0.556673,-0.128289,0.0209162,-0.8205
0.72788,-0.144949,0.5767;0.566553,-0.123541,0.0205001,-0.814454
0.730716,-0.153901,0.572889;0.574718,-0.11957,0.0201509,-0.809318
0.733691,-0.163125,0.568957;0.582821,-0.115586,0.0197995,-0.804094
0.736799,-0.172605,0.564905;0.590861,-0.111589,0.019446,-0.798782
0.740035,-0.182327,0.560739;0.598836,-0.107581,0.0190903,-0.793384
0.743393,-0.192275,0.556462;0.606746,-0.10356,0.0187326,-0.787898
0.746867,-0.202433,0.552078;0.61459,-0.0995282,0.0183728,-0.782327
0.750451,-0.212785,0.547591;0.622366,-0.0954856,0.018011,-0.776671
0.754138,-0.223316,0.543006;0.630075,-0.0914325,0.0176472,-0.77093
0.757924,-0.234011,0.538325;0.637716,-0.0873695,0.0172816,-0.765106
0.761802,-0.244853,0.533554;0.645286,-0.0832969,0.016914,-0.759198
0.764967,-0.253623,0.529674;0.651293,-0.0800323,0.0166186,-0.754411
0.768185,-0.26247,0.52574;0.657253,-0.0767622,0.0163221,-0.749573
0.771451,-0.271385,0.521755;0.663168,-0.0734866,0.0160244,-0.744682
0.774764,-0.280362,0.51772;0.669037,-0.070206,0.0157256,-0.739739
0.77812,-0.289391,0.513638;0.674859,-0.0669204,0.0154258,-0.734744
0.781517,-0.298465,0.50951;0.680634,-0.0636302,0.0151248,-0.729699
0.78495,-0.307575,0.505339;0.686361,-0.0603356,0.0148228,-0.724602
0.788418,-0.316715,0.501126;0.692041,-0.0570367,0.0145197,-0.719455
0.791917,-0.325876,0.496873;0.697672,-0.0537339,0.0142157,-0.714258
0.795445,-0.335049,0.492584;0.703255,-0.0504273,0.0139106,-0.709011
0.798997,-0.344228,0.488259;0.708789,-0.0471172,0.0136046,-0.703714
0.802572,-0.353403,0.4839;0.714273,-0.0438039,0.0132976,-0.698369
0.806166,-0.362568,0.47951;0.719707,-0.0404874,0.0129897,-0.692974
0.809776,-0.371713,0.475091;0.725092,-0.0371682,0.0126809,-0.687532
0.813399,-0.380832,0.470645;0.730425,-0.0338463,0.0123713,-0.682041
0.817032,-0.389916,0.466173;0.735708,-0.0305221,0.0120607,-0.676503
0.820672,-0.398957,0.461678;0.74094,-0.0271958,0.0117493,-0.670918
0.824317,-0.407948,0.457162;0.746119,-0.0238676,0.0114371,-0.665286
0.827962,-0.41688,0.452627;0.751247,-0.0205377,0.0111241,-0.659608
0.831606,-0.425744,0.448075;0.756323,-0.0172063,0.0108103,-0.653883
0.835244,-0.434535,0.443508;0.761345,-0.0138738,0.0104958,-0.648113
0.838875,-0.443242,0.438927;0.766315,-0.0105403,0.0101805,-0.642298
0.842495,-0.451859,0.434336;0.771231,-0.00720609,0.00986453,-0.636438
0.846101,-0.460378,0.429735;0.776093,-0.00387136,0.00954787,-0.630534
0.849689,-0.46879,0.425128;0.780902,-0.00053636,0.00923054,-0.624585
0.853258,-0.477087,0.420516;0.785656,0.00279868,0.00891256,-0.618594
0.856804,-0.485262,0.4159;0.790355,0.00613352,0.00859397,-0.612559
0.861199,-0.495296,0.41013;0.796151,0.0103014,0.00819488,-0.604955
0.865548,-0.505111,0.404363;0.801861,0.0144682,0.0077949,-0.597285
0.869844,-0.51469,0.398602;0.807483,0.0186335,0.00739408,-0.58955
0.874083,-0.52402,0.392851;0.813017,0.0227967,0.00699244,-0.581752
0.878256,-0.533083,0.387115;0.818463,0.0269574,0.00659005,-0.573889
0.88236,-0.541864,0.381397;0.823819,0.0311152,0.00618694,-0.565964
0.886388,-0.550348,0.375702;0.829086,0.0352695,0.00578315,-0.557978
0.890334,-0.55852,0.370033;0.834262,0.0394201,0.00537873,-0.549931
0.894192,-0.566363,0.364395;0.839348,0.0435663,0.00497373,-0.541823
0.897957,-0.573862,0.35879;0.844342,0.0477078,0.00456819,-0.533657
0.902343,-0.582386,0.352116;0.850213,0.0526707,0.00408088,-0.523781
0.906575,-0.590364,0.345504;0.855951,0.0576254,0.00359294,-0.513823
0.910644,-0.597772,0.33896;0.861555,0.062571,0.00310443,-0.503784
0.914539,-0.604581,0.332492;0.867024,0.0675068,0.00261543,-0.493666
0.91885,-0.611733,0.325051;0.873232,0.0732517,0.00204442,-0.481764
0.922895,-0.617991,0.317733;0.879253,0.0789811,0.00147297,-0.469759
0.92717,-0.623994,0.309534;0.885905,0.0855082,0.000819513,-0.455916
0.931052,-0.62871,0.301527;0.89231,0.0920114,0.000165825,-0.441946
0.93492,-0.632399,0.292767;0.899218,0.0992968,-0.000569621,-0.426083
0.938556,-0.634382,0.28337;0.906521,0.10735,-0.00138653,-0.408281
0.941697,-0.633849,0.273479;0.914098,0.116155,-0.00228443,-0.388494
0.943879,-0.63031,0.264095;0.921193,0.124899,-0.00318112,-0.368502
0.944976,-0.624345,0.25604;0.927221,0.132791,-0.00399485,-0.350159
0.945202,-0.616634,0.249205;0.932302,0.139844,-0.00472573,-0.333519
0.944769,-0.607839,0.243478;0.936541,0.146072,-0.005374,-0.318629
0.943881,-0.598594,0.238751;0.940037,0.151488,-0.00594002,-0.305527
0.9425,-0.587857,0.234298;0.943331,0.156872,-0.00650477,-0.29236
0.940912,-0.577435,0.230709;0.945995,0.16146,-0.00698774,-0.281025
0.939296,-0.567869,0.227884;0.948102,0.165264,-0.00738939,-0.271544
0.937407,-0.557486,0.225214;0.950105,0.16905,-0.00779022,-0.262034
0.935241,-0.546271,0.222702;0.952004,0.172818,-0.00819021,-0.252496
0.93279,-0.534207,0.220353;0.9538,0.176567,-0.00858931,-0.24293
0.93062,-0.523935,0.218594;0.955162,0.179552,-0.00890791,-0.235258
0.928262,-0.513102,0.216943;0.956458,0.182525,-0.0092259,-0.22757
0.925712,-0.501701,0.215403;0.957686,0.185485,-0.00954324,-0.219866
0.922968,-0.489723,0.213976;0.958848,0.188432,-0.00985991,-0.212147
0.920026,-0.477161,0.212663;0.959943,0.191366,-0.0101759,-0.204413
0.917688,-0.46735,0.211756;0.960721,0.193558,-0.0104124,-0.198602
0.915235,-0.457203,0.210914;0.96146,0.195742,-0.0106485,-0.192785
0.912668,-0.446716,0.210141;0.962162,0.197918,-0.0108842,-0.186959
0.909983,-0.435885,0.209435;0.962826,0.200087,-0.0111195,-0.181127
0.907181,-0.424708,0.208799;0.963453,0.202248,-0.0113544,-0.175287
0.904259,-0.41318,0.208232;0.964042,0.204401,-0.0115887,-0.16944
0.901217,-0.401299,0.207737;0.964592,0.206546,-0.0118227,-0.163587
0.898053,-0.389062,0.207313;0.965105,0.208683,-0.0120562,-0.157727
0.894766,-0.376463,0.206962;0.965581,0.210811,-0.0122892,-0.151861
0.891354,-0.363502,0.206684;0.966018,0.212932,-0.0125217,-0.145989
0.887817,-0.350173,0.20648;0.966417,0.215044,-0.0127537,-0.140111
0.884153,-0.336474,0.206352;0.966779,0.217147,-0.0129852,-0.134228
0.880361,-0.322402,0.206299;0.967102,0.219242,-0.0132163,-0.12834
0.87644,-0.307952,0.206323;0.967388,0.221329,-0.0134468,-0.122447
0.873753,-0.298108,0.206383;0.967557,0.222715,-0.0136001,-0.118515
0.871007,-0.288093,0.206477;0.96771,0.224097,-0.0137533,-0.114581
0.868203,-0.277908,0.206606;0.967846,0.225475,-0.0139062,-0.110646
0.86534,-0.267551,0.20677;0.967964,0.22685,-0.0140588,-0.106708
0.862417,-0.25702,0.20697;0.968066,0.22822,-0.0142112,-0.102768
0.859434,-0.246316,0.207206;0.968151,0.229587,-0.0143634,-0.0988272
0.856391,-0.235436,0.207478;0.968219,0.230949,-0.0145153,-0.0948842
0.853287,-0.224381,0.207786;0.968271,0.232308,-0.014667,-0.0909395
0.850122,-0.213148,0.208131;0.968305,0.233662,-0.0148184,-0.0869933
0.846895,-0.201737,0.208512;0.968323,0.235012,-0.0149695,-0.0830456
0.843607,-0.190148,0.208931;0.968323,0.236359,-0.0151204,-0.0790964
0.840256,-0.178378,0.209387;0.968307,0.237701,-0.015271,-0.0751458
0.836843,-0.166428,0.20988;0.968274,0.239039,-0.0154214,-0.0711939
0.833366,-0.154295,0.210411;0.968224,0.240373,-0.0155714,-0.0672408
