0.707527,0.0508056,0.699912;0.626446,0.441655,0.35968,0.532106
0.706851,0.0419424,0.704694;0.633207,0.438175,0.35848,0.527773
0.706042,0.0310693,0.710492;0.641588,0.433777,0.356941,0.522298
0.705271,0.0204231,0.716093;0.649891,0.429327,0.355358,0.516761
0.704537,0.0100018,0.721498;0.658115,0.424824,0.353731,0.51116
0.703841,-0.000196431,0.72671;0.666258,0.420269,0.352062,0.505496
0.703181,-0.0101735,0.731731;0.67432,0.415663,0.35035,0.499771
0.702558,-0.0199313,0.736562;0.6823,0.411006,0.348595,0.493986
0.701971,-0.0294717,0.741206;0.690197,0.406299,0.346797,0.488139
0.70142,-0.0387967,0.745664;0.69801,0.401543,0.344957,0.482234
0.700905,-0.0479081,0.749938;0.705738,0.396738,0.343076,0.47627
0.700332,-0.0585626,0.754828;0.714897,0.390908,0.340762,0.469036
0.699809,-0.0689157,0.759459;0.723931,0.385009,0.338389,0.46172
0.699334,-0.0789705,0.763836;0.732838,0.379043,0.335956,0.454322
0.698909,-0.0887304,0.767961;0.741616,0.37301,0.333465,0.446845
0.69853,-0.0981988,0.771838;0.750264,0.366911,0.330914,0.43929
0.698148,-0.108881,0.776052;0.760187,0.359715,0.327866,0.430378
0.697829,-0.119176,0.779939;0.769928,0.352433,0.324739,0.421363
0.697572,-0.129089,0.783503;0.779485,0.345067,0.321534,0.412247
0.697375,-0.138625,0.786751;0.788856,0.337618,0.318253,0.403033
0.697223,-0.149069,0.790081;0.799334,0.329006,0.31441,0.392385
0.697147,-0.159035,0.793012;0.809564,0.320292,0.310468,0.381614
0.697151,-0.169687,0.795843;0.820769,0.310369,0.305918,0.369355
0.697247,-0.179754,0.798191;0.83165,0.300324,0.301248,0.35695
0.697459,-0.19027,0.800246;0.843355,0.289023,0.295919,0.343001
0.697816,-0.20104,0.801854;0.855755,0.27643,0.28989,0.327465
0.6983,-0.210993,0.802796;0.867651,0.263674,0.28369,0.311735
0.699029,-0.221731,0.803081;0.881048,0.248398,0.276148,0.292909
0.699996,-0.232091,0.802422;0.894663,0.231719,0.267771,0.272365
0.701234,-0.241851,0.80065;0.908302,0.213602,0.258512,0.250066
0.702875,-0.2513,0.797377;0.922554,0.192789,0.247676,0.224462
0.70499,-0.259921,0.792218;0.936943,0.169206,0.235153,0.195474
0.707514,-0.266896,0.78519;0.950307,0.144061,0.221524,0.16459
0.710319,-0.271837,0.776648;0.961818,0.118635,0.207463,0.133385
0.71322,-0.274758,0.767245;0.971015,0.0942658,0.19373,0.103498
0.716163,-0.276028,0.757277;0.978153,0.0710251,0.180404,0.0750147
0.718921,-0.276006,0.747627;0.9832,0.0502713,0.168319,0.0495957
0.721617,-0.275061,0.737964;0.986817,0.0307571,0.156799,0.0257085
0.724409,-0.273274,0.72776;0.989351,0.0112092,0.145106,0.00179304
0.727091,-0.270891,0.717794;0.990737,-0.00704708,0.134049,-0.0205303
0.729642,-0.268097,0.708197;0.991176,-0.0239937,0.123667,-0.041242
0.732241,-0.264778,0.698304;0.990798,-0.0409205,0.113183,-0.0619198
0.73468,-0.261278,0.68894;0.989725,-0.0565156,0.103422,-0.080962
0.737149,-0.257385,0.67938;0.987956,-0.072071,0.0935891,-0.0999474
0.739643,-0.253127,0.669652;0.985494,-0.0875758,0.0836901,-0.118863
0.741948,-0.248924,0.66061;0.982629,-0.101735,0.0745643,-0.136128
0.744266,-0.244455,0.65147;0.979184,-0.115834,0.0653944,-0.153314
0.746592,-0.239742,0.642253;0.975161,-0.129864,0.056186,-0.170409
0.748923,-0.234804,0.63298;0.970563,-0.143818,0.0469444,-0.187404
0.751086,-0.230039,0.624343;0.965784,-0.156692,0.0383436,-0.203076
0.753344,-0.224886,0.615301;0.969224,-0.126506,0.0393768,-0.207485
0.755596,-0.219567,0.606253;0.971751,-0.0962003,0.040373,-0.211698
0.757681,-0.214487,0.597854;0.973276,-0.0679778,0.0412638,-0.215431
0.759757,-0.209277,0.589467;0.974009,-0.0396999,0.0421212,-0.21899
0.761822,-0.203944,0.581098;0.97395,-0.0113898,0.0429442,-0.22237
0.763876,-0.198496,0.572755;0.973098,0.0169296,0.0437323,-0.225569
0.765916,-0.192939,0.564445;0.971455,0.0452352,0.0444848,-0.228585
0.76794,-0.187279,0.556176;0.969021,0.073504,0.0452012,-0.231414
0.769946,-0.181523,0.547956;0.965799,0.101713,0.0458807,-0.234056
0.771933,-0.175679,0.539792;0.961791,0.129839,0.0465229,-0.236507
0.7739,-0.169752,0.531691;0.957001,0.15786,0.0471273,-0.238766
0.775843,-0.163749,0.523661;0.951432,0.185752,0.0476934,-0.24083
0.777762,-0.157678,0.51571;0.945089,0.213493,0.0482206,-0.242698
0.779655,-0.151545,0.507845;0.937977,0.241061,0.0487086,-0.244369
0.781519,-0.145357,0.500073;0.930102,0.268432,0.049157,-0.245841
0.783354,-0.139119,0.492403;0.92147,0.295585,0.0495654,-0.247114
0.785294,-0.132356,0.484264;0.911337,0.324557,0.0499601,-0.248259
0.787195,-0.125552,0.476261;0.900343,0.353223,0.0503076,-0.24917
0.789054,-0.118717,0.468402;0.8885,0.381555,0.0506077,-0.249846
0.790871,-0.111858,0.460697;0.875818,0.409528,0.0508601,-0.250286
0.792641,-0.104984,0.453156;0.86231,0.437114,0.0510644,-0.250489
0.794364,-0.0981034,0.445788;0.847989,0.464287,0.0512206,-0.250457
0.796036,-0.0912248,0.438602;0.832867,0.491023,0.0513284,-0.250188
0.79777,-0.0838664,0.431116;0.815794,0.519153,0.0513902,-0.249638
0.79944,-0.0765301,0.423862;0.797837,0.546722,0.0513963,-0.248818
0.801045,-0.0692263,0.41685;0.779016,0.573698,0.0513468,-0.247728
0.802582,-0.0619651,0.410094;0.759351,0.600052,0.0512417,-0.24637
0.804143,-0.0542787,0.40318;0.737469,0.627447,0.0510683,-0.244628
0.805619,-0.0466651,0.396584;0.714678,0.654068,0.0508321,-0.242583
0.807092,-0.0386697,0.389938;0.689498,0.681469,0.0505124,-0.240084
0.808462,-0.0307858,0.383683;0.66336,0.707922,0.0501225,-0.23725
0.809795,-0.0225764,0.377504;0.634678,0.734857,0.0496336,-0.233891
0.811068,-0.0140845,0.371499;0.60333,0.762045,0.0490336,-0.229949
0.812252,-0.00536117,0.365777;0.569201,0.789231,0.0483101,-0.225367
0.813315,0.00353427,0.360461;0.532187,0.816141,0.0474502,-0.22009
0.814224,0.0125327,0.355685;0.4922,0.842473,0.0464414,-0.214061
0.814967,0.0219373,0.351442;0.447273,0.868958,0.0452176,-0.206916
0.815465,0.0315929,0.348039;0.397208,0.894929,0.0437504,-0.198528
0.815628,0.0416446,0.345779;0.339848,0.920459,0.0419463,-0.188412
0.815304,0.0517709,0.345262;0.274967,0.944303,0.0397588,-0.176366
0.814272,0.0618789,0.347299;0.235696,0.95616,0.0177781,-0.172888
0.81252,0.0706735,0.352174;0.226036,0.957354,-0.0216868,-0.178636
0.810305,0.0775032,0.359105;0.216533,0.956997,-0.059042,-0.183805
0.807799,0.0825758,0.367459;0.207257,0.955331,-0.0942408,-0.188431
0.805142,0.0860977,0.376709;0.198271,0.952585,-0.127254,-0.192553
0.802446,0.0882717,0.386423;0.189631,0.948977,-0.158066,-0.196208
0.799798,0.0892958,0.396253;0.181387,0.94471,-0.186675,-0.199434
0.797066,0.089331,0.406685;0.172977,0.939579,-0.215113,-0.202477
0.79449,0.0884622,0.416794;0.165026,0.934044,-0.241345,-0.205137
0.792111,0.0868767,0.426392;0.157571,0.928281,-0.26539,-0.207449
0.789756,0.0845272,0.436162;0.15001,0.921893,-0.289256,-0.209621
0.787453,0.0814022,0.446019;0.142348,0.914886,-0.312928,-0.211653
0.785228,0.0774903,0.45588;0.134591,0.907264,-0.33639,-0.213542
0.78328,0.0732031,0.464851;0.1274,0.899741,-0.357698,-0.215147
0.781441,0.0682361,0.473692;0.120137,0.891709,-0.378804,-0.216632
0.779731,0.0625803,0.482337;0.112806,0.883174,-0.399696,-0.217993
0.778171,0.0562271,0.490724;0.105412,0.87414,-0.420362,-0.219232
0.776781,0.0491674,0.498786;0.0979582,0.864612,-0.440791,-0.220347
0.775583,0.0413924,0.506461;0.090449,0.854596,-0.460971,-0.221337
0.774676,0.033696,0.513047;0.0835779,0.845071,-0.479091,-0.222129
0.77396,0.0253946,0.519212;0.0766679,0.835152,-0.496987,-0.222817
0.773449,0.0164813,0.524906;0.0697221,0.824843,-0.514651,-0.223401
0.773159,0.00694958,0.530082;0.0627437,0.814149,-0.532074,-0.22388
0.7731,-0.00216325,0.534257;0.056438,0.804199,-0.547543,-0.224223
0.773244,-0.0117873,0.537938;0.050111,0.793944,-0.562805,-0.22448
0.773602,-0.0219273,0.54109;0.043765,0.78339,-0.577855,-0.224653
0.774186,-0.0325883,0.543677;0.0374025,0.772539,-0.592685,-0.224741
0.774902,-0.042506,0.545475;0.0317349,0.762649,-0.60568,-0.224747
0.775818,-0.0528867,0.546778;0.0177343,0.756748,-0.613862,-0.224034
0.776849,-0.0629441,0.547537;-0.00917177,0.757895,-0.61332,-0.222147
0.778041,-0.0733415,0.547875;-0.0360712,0.75849,-0.61233,-0.220098
0.779381,-0.0840575,0.547814;-0.0629442,0.758532,-0.610894,-0.217889
0.780742,-0.0942138,0.547423;-0.0877099,0.75808,-0.609173,-0.215709
0.782211,-0.104607,0.546728;-0.112421,0.757157,-0.607073,-0.213394
0.783781,-0.11522,0.545748;-0.137062,0.755763,-0.604597,-0.210947
0.785301,-0.125127,0.544612;-0.159576,0.754073,-0.601996,-0.208589
0.786891,-0.135192,0.543263;-0.182006,0.75199,-0.599082,-0.206122
0.788545,-0.145402,0.541716;-0.204341,0.749514,-0.595854,-0.203548
0.790256,-0.155744,0.539982;-0.226569,0.746646,-0.592316,-0.200867
0.792018,-0.166206,0.538076;-0.24868,0.743389,-0.588469,-0.198081
0.793823,-0.176773,0.536012;-0.27066,0.739744,-0.584314,-0.195192
0.795496,-0.186461,0.534008;-0.29052,0.736095,-0.580272,-0.192477
0.797195,-0.196217,0.531894;-0.310254,0.732128,-0.57598,-0.189679
0.798915,-0.20603,0.529679;-0.329855,0.727846,-0.571439,-0.186799
0.80065,-0.215892,0.527375;-0.349313,0.723249,-0.566652,-0.183839
0.802396,-0.225791,0.52499;-0.368621,0.718341,-0.56162,-0.180799
0.804147,-0.23572,0.522535;-0.387769,0.713122,-0.556346,-0.177681
0.805899,-0.245667,0.52002;-0.406751,0.707596,-0.550832,-0.174487
0.807647,-0.255624,0.517455;-0.425556,0.701765,-0.545081,-0.171217
0.809384,-0.265581,0.51485;-0.444179,0.69563,-0.539094,-0.167874
0.811108,-0.275527,0.512215;-0.462609,0.689196,-0.532874,-0.164458
0.812812,-0.285453,0.50956;-0.48084,0.682465,-0.526425,-0.160971
0.814491,-0.29535,0.506896;-0.498864,0.675438,-0.519749,-0.157414
0.816141,-0.305208,0.504232;-0.516672,0.668121,-0.512848,-0.15379
0.817756,-0.315017,0.501578;-0.534257,0.660515,-0.505726,-0.150099
0.819332,-0.324768,0.498944;-0.551612,0.652625,-0.498386,-0.146344
0.820863,-0.33445,0.496341;-0.568729,0.644452,-0.490831,-0.142525
0.822344,-0.344055,0.493779;-0.585601,0.636002,-0.483064,-0.138645
0.82391,-0.354518,0.491019;-0.603867,0.62639,-0.47428,-0.134308
0.825404,-0.364862,0.488333;-0.621819,0.616451,-0.465248,-0.129901
0.826818,-0.375075,0.485735;-0.639445,0.60619,-0.455973,-0.125426
0.828146,-0.385143,0.483239;-0.656738,0.595613,-0.446461,-0.120886
0.829381,-0.395053,0.480857;-0.673688,0.584724,-0.436715,-0.116282
0.830517,-0.404793,0.478604;-0.690287,0.573531,-0.426741,-0.111618
0.831635,-0.415208,0.476307;-0.707983,0.560978,-0.415607,-0.106463
0.832617,-0.425389,0.474196;-0.725239,0.548077,-0.404214,-0.101242
0.833457,-0.435318,0.472288;-0.742045,0.534836,-0.392571,-0.0959586
0.834193,-0.44577,0.47047;-0.75973,0.520117,-0.379682,-0.0901674
0.834741,-0.455887,0.468933;-0.776862,0.505018,-0.366516,-0.0843105
0.835105,-0.466381,0.467617;-0.794678,0.488346,-0.352039,-0.0779344
0.835223,-0.476433,0.46668;-0.811822,0.471261,-0.337264,-0.0714924
0.835059,-0.486683,0.466127;-0.829428,0.452515,-0.321118,-0.0645234
0.834537,-0.496988,0.466091;-0.84732,0.432034,-0.303552,-0.0570209
0.833565,-0.507182,0.466722;-0.865304,0.409752,-0.284522,-0.0489806
0.832041,-0.517075,0.468196;-0.883171,0.385602,-0.263985,-0.040401
0.829716,-0.526915,0.470877;-0.901573,0.358139,-0.240736,-0.0308025
0.826516,-0.535859,0.474958;-0.919221,0.328638,-0.215878,-0.0206671
0.822322,-0.543562,0.480666;-0.926471,0.31428,-0.206606,-0.0138956
0.816469,-0.5504,0.488937;-0.926421,0.312102,-0.210354,-0.00936118
0.80966,-0.55521,0.498712;-0.926334,0.309913,-0.214093,-0.00482642
0.804025,-0.557557,0.506816;-0.926245,0.308263,-0.216892,-0.00142522
0.798014,-0.558881,0.515416;-0.926136,0.306606,-0.219686,0.00197602
0.791695,-0.559231,0.524361;-0.926006,0.304942,-0.222475,0.00537721
0.785137,-0.558658,0.533503;-0.925855,0.303271,-0.225259,0.00877828
0.77841,-0.557212,0.542691;-0.925684,0.301594,-0.228039,0.0121792
0.771582,-0.554945,0.551774;-0.925493,0.29991,-0.230813,0.0155798
0.764722,-0.551905,0.560603;-0.925281,0.29822,-0.233582,0.01898
0.7579,-0.548144,0.569028;-0.925048,0.296523,-0.236346,0.0223799
0.751185,-0.543711,0.576899;-0.924795,0.294819,-0.239105,0.0257792
0.744644,-0.538658,0.584066;-0.924522,0.293109,-0.241859,0.029178
0.738348,-0.533034,0.590379;-0.924228,0.291392,-0.244607,0.0325761
0.732366,-0.52689,0.595688;-0.923913,0.289669,-0.247349,0.0359735
0.724995,-0.517977,0.600945;-0.923463,0.287361,-0.250998,0.0405022
0.718468,-0.508347,0.603795;-0.922975,0.285042,-0.254636,0.0450292
0.712948,-0.498122,0.603882;-0.922452,0.282712,-0.258265,0.0495545
0.708598,-0.487419,0.60085;-0.921892,0.280371,-0.261883,0.0540778
0.705581,-0.476359,0.594345;-0.921296,0.278019,-0.265491,0.0585989
0.704293,-0.467901,0.586972;-0.920825,0.276248,-0.268191,0.0619883
0.703915,-0.45936,0.577295;-0.920334,0.27447,-0.270884,0.0653763
0.704518,-0.450785,0.565165;-0.919822,0.272687,-0.273571,0.0687629
0.705499,-0.445075,0.55564;-0.91947,0.271494,-0.275359,0.0710198
0.706966,-0.439388,0.544913;-0.919108,0.270299,-0.277145,0.073276
0.70894,-0.433738,0.532941;-0.918738,0.269102,-0.278927,0.0755314
0.711442,-0.42814,0.519677;-0.918358,0.267901,-0.280707,0.0777861
0.714492,-0.42261,0.505079;-0.917969,0.266698,-0.282485,0.0800401
0.718111,-0.417162,0.4891;-0.917572,0.265493,-0.284259,0.0822932
0.722318,-0.411812,0.471698;-0.917165,0.264285,-0.286031,0.0845456
0.727135,-0.406573,0.452828;-0.91675,0.263074,-0.2878,0.0867971
0.729779,-0.404,0.442828;-0.916538,0.262467,-0.288683,0.0879225
0.732582,-0.401461,0.432444;-0.916325,0.26186,-0.289566,0.0890477
0.735215,-0.399231,0.422872;-0.916133,0.261319,-0.290351,0.0900494
