0.869594,-0.230402,0.603228;0.919067,-0.390019,0.00935619,0.0558006
0.864046,-0.216638,0.599976;0.918074,-0.39186,0.01101,0.0588504
0.8586,-0.203126,0.596778;0.917067,-0.393695,0.0126637,0.0618992
0.853255,-0.189863,0.593635;0.916045,-0.395524,0.0143171,0.064947
0.848011,-0.176848,0.590547;0.915007,-0.397346,0.0159703,0.0679937
0.842865,-0.16408,0.587512;0.913955,-0.399161,0.0176232,0.0710392
0.837819,-0.151556,0.584532;0.912887,-0.40097,0.0192759,0.0740837
0.832871,-0.139275,0.581605;0.911805,-0.402772,0.0209282,0.0771269
0.828021,-0.127235,0.57873;0.910707,-0.404568,0.0225802,0.0801688
0.823267,-0.115435,0.575908;0.909595,-0.406357,0.0242319,0.0832094
0.81861,-0.103872,0.573139;0.908468,-0.408139,0.0258831,0.0862487
0.814048,-0.0925458,0.570421;0.907325,-0.409915,0.0275339,0.0892865
0.809581,-0.0814535,0.567755;0.906168,-0.411684,0.0291842,0.0923229
0.805208,-0.0705937,0.56514;0.904996,-0.413446,0.0308341,0.0953578
0.800929,-0.0599649,0.562575;0.90381,-0.415201,0.0324835,0.0983911
0.796742,-0.0495652,0.560061;0.902608,-0.41695,0.0341323,0.101423
0.792647,-0.0393929,0.557597;0.901391,-0.418692,0.0357806,0.104453
0.788644,-0.0294465,0.555183;0.90016,-0.420427,0.0374282,0.107481
0.784731,-0.019724,0.552818;0.898914,-0.422155,0.0390753,0.110508
0.780908,-0.0102239,0.550501;0.897653,-0.423876,0.0407217,0.113532
0.777175,-0.000944351,0.548234;0.896378,-0.42559,0.0423675,0.116555
0.77353,0.00811626,0.546014;0.895088,-0.427297,0.0440126,0.119576
0.768227,0.0213005,0.542774;0.893125,-0.429844,0.0464788,0.124104
0.76312,0.0340018,0.53964;0.891129,-0.432376,0.0489433,0.128627
0.758206,0.0462259,0.536611;0.8891,-0.434892,0.051406,0.133145
0.753482,0.0579787,0.533686;0.887039,-0.437391,0.0538668,0.137659
0.748948,0.0692659,0.530864;0.884944,-0.439875,0.0563257,0.142167
0.744599,0.0800933,0.528143;0.882817,-0.442342,0.0587824,0.14667
0.740435,0.0904666,0.525521;0.880657,-0.444793,0.061237,0.151168
0.736451,0.100392,0.522999;0.878465,-0.447227,0.0636893,0.15566
0.732647,0.109874,0.520574;0.876241,-0.449645,0.0661392,0.160147
0.72902,0.11892,0.518245;0.873984,-0.452046,0.0685868,0.164627
0.724455,0.130312,0.515288;0.870924,-0.455222,0.0718462,0.170592
0.720195,0.140951,0.512496;0.867808,-0.458368,0.0751008,0.176545
0.716234,0.150851,0.509868;0.864634,-0.461484,0.0783506,0.182487
0.712567,0.160027,0.507399;0.861404,-0.464569,0.0815952,0.188417
0.708388,0.170497,0.504534;0.857286,-0.468383,0.0856434,0.195811
0.704649,0.179883,0.501909;0.853081,-0.472149,0.0896828,0.203186
0.700727,0.189751,0.499066;0.847919,-0.476605,0.094518,0.212008
0.696907,0.1994,0.496162;0.841739,-0.481713,0.100141,0.222261
0.693147,0.208969,0.493057;0.833544,-0.488139,0.107341,0.235377
0.689732,0.217854,0.489556;0.820247,-0.497812,0.11847,0.255622
0.691892,0.213621,0.487008;0.787396,-0.518405,0.143535,0.3011
0.695838,0.204322,0.487774;0.774216,-0.525571,0.152784,0.317839
0.699777,0.194944,0.488886;0.764031,-0.530742,0.159662,0.33027
0.703925,0.185019,0.490233;0.754764,-0.53519,0.165732,0.341228
0.708019,0.175198,0.491667;0.746492,-0.538967,0.171007,0.350742
0.711849,0.165994,0.493075;0.739283,-0.542118,0.175501,0.358842
0.715955,0.156112,0.494635;0.731965,-0.545189,0.179969,0.366888
0.72032,0.1456,0.49634;0.724539,-0.54818,0.184411,0.37488
0.724142,0.136392,0.497863;0.718268,-0.55061,0.188091,0.381498
0.728119,0.126804,0.499473;0.711924,-0.552984,0.191753,0.388077
0.73224,0.116863,0.501165;0.705507,-0.555301,0.195394,0.394616
0.736496,0.106597,0.502931;0.699017,-0.557561,0.199016,0.401115
0.740875,0.0960319,0.504768;0.692456,-0.559764,0.202617,0.407572
0.745367,0.0851943,0.506668;0.685824,-0.56191,0.206198,0.413988
0.749961,0.074111,0.508627;0.679121,-0.563998,0.209757,0.420361
0.754646,0.0628088,0.510637;0.672349,-0.566028,0.213295,0.426691
0.758452,0.0536274,0.51228;0.666881,-0.56761,0.216109,0.431723
0.762304,0.0443367,0.513949;0.66137,-0.569155,0.21891,0.436728
0.766196,0.0349504,0.515642;0.655815,-0.570663,0.221695,0.441703
0.770123,0.0254822,0.517357;0.650217,-0.572133,0.224467,0.44665
0.77408,0.0159457,0.519089;0.644577,-0.573565,0.227223,0.451567
0.778246,0.00590753,0.520917;0.643075,-0.572888,0.229837,0.453242
0.782398,-0.00409347,0.522744;0.657018,-0.564575,0.231474,0.442721
0.786566,-0.014132,0.524582;0.670714,-0.556049,0.233023,0.432033
0.790748,-0.0242005,0.526429;0.684157,-0.547313,0.234485,0.421183
0.79494,-0.0342914,0.528284;0.697341,-0.538371,0.235858,0.410173
0.799139,-0.0443972,0.530143;0.710263,-0.529226,0.237143,0.399009
0.803341,-0.0545104,0.532007;0.722918,-0.519882,0.238338,0.387695
0.807542,-0.0646233,0.533871;0.7353,-0.510342,0.239443,0.376235
0.81174,-0.0747285,0.535735;0.747404,-0.500609,0.240458,0.364633
0.815931,-0.0848183,0.537596;0.759227,-0.490688,0.241383,0.352893
0.820111,-0.0948853,0.539453;0.770764,-0.480582,0.242216,0.34102
0.824278,-0.104922,0.541304;0.782011,-0.470294,0.242958,0.329019
0.828428,-0.11492,0.543146;0.792962,-0.45983,0.243609,0.316894
0.832557,-0.124874,0.544978;0.803615,-0.449192,0.244168,0.304649
0.836662,-0.134774,0.546798;0.813965,-0.438385,0.244634,0.29229
0.84074,-0.144613,0.548603;0.824008,-0.427412,0.245009,0.27982
0.844787,-0.154384,0.550392;0.833741,-0.416279,0.245291,0.267245
0.848801,-0.16408,0.552163;0.843159,-0.404989,0.245481,0.25457
0.852777,-0.173692,0.553914;0.85226,-0.393546,0.245578,0.241798
0.856712,-0.183214,0.555643;0.861039,-0.381954,0.245583,0.228935
0.860602,-0.192637,0.557348;0.869494,-0.370219,0.245495,0.215986
0.864446,-0.201954,0.559026;0.877621,-0.358344,0.245315,0.202956
0.868238,-0.211158,0.560677;0.885418,-0.346334,0.245042,0.189848
0.872388,-0.221242,0.562476;0.893689,-0.332837,0.24463,0.175201
0.876466,-0.231167,0.564236;0.901544,-0.319185,0.244105,0.160473
0.880467,-0.240921,0.565953;0.90898,-0.305384,0.243466,0.14567
0.884388,-0.250495,0.567626;0.915993,-0.291442,0.242714,0.130799
0.888223,-0.259878,0.569251;0.92258,-0.277364,0.241849,0.115867
0.891967,-0.26906,0.570825;0.928737,-0.263156,0.240871,0.100881
0.895977,-0.278916,0.572496;0.935011,-0.247387,0.239666,0.0843427
0.899865,-0.288502,0.574099;0.940759,-0.231478,0.238326,0.067757
0.903626,-0.297804,0.575631;0.945977,-0.21544,0.236852,0.051133
0.907576,-0.307612,0.577216;0.951062,-0.197805,0.235092,0.0329653
0.91136,-0.317049,0.578708;0.955509,-0.180037,0.233175,0.0147755
0.915261,-0.326832,0.580214;0.959605,-0.160653,0.230921,-0.00494087
0.918947,-0.336135,0.581598;0.962946,-0.141143,0.228486,-0.0246534
0.922664,-0.345591,0.582946;0.965697,-0.120009,0.225663,-0.0458601
0.926342,-0.355043,0.584218;0.967668,-0.0972436,0.22241,-0.0685347
0.930109,-0.364863,0.585434;0.968676,-0.0713213,0.218441,-0.0941446
0.93379,-0.374655,0.586492;0.968262,-0.0422374,0.213659,-0.122616
0.937311,-0.384344,0.587299;0.965751,-0.00847602,0.207673,-0.155322
0.940569,-0.393948,0.587632;0.959411,0.0345107,0.199381,-0.196433
0.942542,-0.403196,0.58561;0.93519,0.122977,0.179929,-0.279146
0.937632,-0.396933,0.57978;0.897926,0.206583,0.158475,-0.354879
0.933061,-0.388834,0.575823;0.877025,0.243006,0.148131,-0.387081
0.928331,-0.379942,0.572055;0.860236,0.270411,0.139252,-0.409245
0.923732,-0.371036,0.568561;0.853916,0.28765,0.129903,-0.413776
0.919423,-0.362532,0.56538;0.848359,0.301919,0.122067,-0.417411
0.914707,-0.353097,0.561975;0.84254,0.316094,0.114194,-0.420917
0.910138,-0.343848,0.558732;0.83708,0.328768,0.107078,-0.423961
0.905834,-0.335055,0.555719;0.832051,0.339965,0.10073,-0.426578
0.901316,-0.325748,0.552592;0.826857,0.351094,0.0943616,-0.429111
0.896599,-0.315953,0.549362;0.8215,0.362154,0.087975,-0.431559
0.892317,-0.307002,0.546457;0.816679,0.371773,0.0823723,-0.43363
0.887902,-0.297712,0.543486;0.811734,0.381336,0.0767572,-0.435637
0.883363,-0.288101,0.540455;0.806666,0.390841,0.0711305,-0.437577
0.878708,-0.278184,0.537369;0.801477,0.400286,0.065493,-0.43945
0.874634,-0.269454,0.534685;0.796932,0.408335,0.0606529,-0.441004
0.870487,-0.260522,0.53197;0.792298,0.416337,0.0558061,-0.442508
0.866274,-0.251399,0.529227;0.787576,0.424294,0.0509531,-0.443963
0.862,-0.242095,0.526461;0.782766,0.432203,0.0460944,-0.445368
0.857671,-0.232621,0.523675;0.77787,0.440064,0.0412306,-0.446724
0.853292,-0.222988,0.520872;0.772887,0.447876,0.0363621,-0.44803
0.848871,-0.213205,0.518058;0.767818,0.455638,0.0314897,-0.449287
0.844412,-0.203283,0.515235;0.762663,0.46335,0.0266137,-0.450493
0.839921,-0.193232,0.512408;0.757424,0.47101,0.0217348,-0.451649
0.835403,-0.183063,0.50958;0.7521,0.478617,0.0168534,-0.452755
0.830866,-0.172787,0.506755;0.746692,0.486172,0.0119702,-0.453811
0.826313,-0.162413,0.503937;0.741202,0.493672,0.00708567,-0.454816
0.821752,-0.151953,0.501131;0.735629,0.501117,0.00220033,-0.45577
0.817188,-0.141416,0.498339;0.729974,0.508507,-0.00268526,-0.456674
0.812626,-0.130814,0.495566;0.724238,0.51584,-0.00757054,-0.457527
0.808073,-0.120156,0.492816;0.718422,0.523115,-0.012455,-0.458329
0.803534,-0.109453,0.490092;0.712525,0.530333,-0.017338,-0.45908
0.799015,-0.0987154,0.487399;0.706549,0.537491,-0.0222192,-0.45978
0.794522,-0.0879537,0.484739;0.700495,0.54459,-0.0270978,-0.460429
0.79006,-0.0771782,0.482118;0.694362,0.551628,-0.0319735,-0.461027
0.785635,-0.0663995,0.479538;0.688153,0.558604,-0.0368456,-0.461573
0.781253,-0.0556279,0.477005;0.681866,0.565519,-0.0417135,-0.462068
0.77692,-0.044874,0.474521;0.675504,0.57237,-0.0465769,-0.462512
0.772642,-0.034148,0.47209;0.669067,0.579158,-0.051435,-0.462904
0.768423,-0.0234606,0.469717;0.662555,0.585881,-0.0562875,-0.463244
0.764271,-0.012822,0.467405;0.65597,0.592539,-0.0611337,-0.463533
0.760191,-0.00224283,0.465158;0.649312,0.599132,-0.065973,-0.463771
0.756188,0.00826659,0.46298;0.642581,0.605657,-0.0708051,-0.463957
0.752268,0.0186958,0.460875;0.635779,0.612115,-0.0756292,-0.464091
0.748438,0.0290343,0.458847;0.628906,0.618506,-0.080445,-0.464173
0.744702,0.0392718,0.456899;0.621963,0.624827,-0.0852517,-0.464204
0.741067,0.0493977,0.455035;0.614951,0.631079,-0.090049,-0.464184
0.737538,0.0594017,0.45326;0.60787,0.63726,-0.0948363,-0.464111
0.734122,0.0692733,0.451577;0.600722,0.643371,-0.0996131,-0.463987
0.730823,0.079002,0.44999;0.593507,0.64941,-0.104379,-0.463812
0.727648,0.0885774,0.448502;0.586226,0.655377,-0.109133,-0.463584
0.724108,0.0995412,0.446899;0.577649,0.662246,-0.114664,-0.463254
0.720752,0.110265,0.445442;0.568985,0.669014,-0.120177,-0.462854
0.717592,0.120734,0.444139;0.560234,0.675682,-0.125673,-0.462383
0.714635,0.13093,0.442995;0.551399,0.682247,-0.131149,-0.461842
0.71189,0.140836,0.442018;0.54248,0.688709,-0.136606,-0.461232
0.709026,0.151783,0.441111;0.532186,0.695966,-0.142816,-0.460449
0.706465,0.162305,0.440438;0.521788,0.703085,-0.148999,-0.459574
0.704221,0.172379,0.440007;0.511285,0.710065,-0.155152,-0.458609
0.702093,0.183145,0.439825;0.49935,0.71775,-0.162037,-0.457415
0.700403,0.193277,0.439974;0.487289,0.725256,-0.168882,-0.456106
0.699062,0.203747,0.440545;0.473746,0.733382,-0.176437,-0.454518
0.698271,0.214251,0.441686;0.458679,0.742059,-0.184685,-0.452608
0.698267,0.224427,0.443572;0.442047,0.751208,-0.193604,-0.450333
0.699453,0.234499,0.446656;0.422394,0.761459,-0.203901,-0.447424
0.702227,0.242994,0.45107;0.401055,0.77193,-0.214795,-0.444007
0.707347,0.249571,0.457527;0.397262,0.77832,-0.212429,-0.437349
0.714153,0.252893,0.465103;0.40474,0.781549,-0.202203,-0.429513
0.721625,0.253585,0.472875;0.411308,0.784266,-0.193074,-0.422463
0.729158,0.252577,0.4804;0.416993,0.786526,-0.185057,-0.416231
0.73629,0.250599,0.48734;0.421819,0.788375,-0.178165,-0.410842
0.74399,0.247664,0.494689;0.426602,0.790142,-0.171254,-0.405411
0.752207,0.243841,0.50241;0.431341,0.791828,-0.164325,-0.399938
0.75941,0.240024,0.509099;0.435255,0.793171,-0.158539,-0.395346
0.766906,0.235675,0.515995;0.439139,0.794456,-0.15274,-0.390726
0.774664,0.230834,0.523077;0.442991,0.795685,-0.146931,-0.386077
0.782654,0.22554,0.53032;0.446812,0.796856,-0.141112,-0.381401
0.790846,0.219832,0.537704;0.4506,0.797971,-0.135282,-0.376697
0.797525,0.214993,0.543696;0.453608,0.798821,-0.130611,-0.372915
0.804299,0.209934,0.549752;0.456594,0.799635,-0.125934,-0.369115
0.811153,0.204675,0.555859;0.45956,0.800412,-0.121252,-0.365299
0.81807,0.199235,0.562006;0.462504,0.801152,-0.116564,-0.361466
0.825037,0.193636,0.568182;0.465428,0.801856,-0.11187,-0.357616
0.832036,0.187896,0.574374;0.46833,0.802522,-0.107172,-0.35375
0.839053,0.182037,0.580572;0.47121,0.803152,-0.102468,-0.349868
0.846073,0.176077,0.586763;0.474069,0.803745,-0.09776,-0.345969
0.85308,0.170037,0.592937;0.476906,0.804301,-0.0930473,-0.342055
0.860059,0.163937,0.59908;0.479722,0.804821,-0.0883304,-0.338125
0.866994,0.157797,0.605183;0.482515,0.805303,-0.0836093,-0.334179
0.87387,0.151637,0.611233;0.485286,0.805748,-0.0788845,-0.330218
0.880672,0.145476,0.617218;0.488035,0.806157,-0.074156,-0.326242
0.887384,0.139336,0.623128;0.490761,0.806528,-0.0694241,-0.322251
0.893991,0.133235,0.62895;0.493465,0.806863,-0.064689,-0.318246
0.900477,0.127195,0.634672;0.496146,0.80716,-0.059951,-0.314225
0.906828,0.121234,0.640284;0.498805,0.80742,-0.0552102,-0.31019
0.913027,0.115373,0.645774;0.501441,0.807643,-0.0504669,-0.306141
0.92054,0.108218,0.652445;0.504703,0.80787,-0.0445345,-0.30106
0.927762,0.101289,0.658885;0.507929,0.808039,-0.0385989,-0.295958
0.934664,0.0946263,0.66507;0.511118,0.80815,-0.0326605,-0.290834
0.941216,0.0882678,0.670978;0.514271,0.808204,-0.0267198,-0.285689
0.947387,0.0822529,0.676585;0.517387,0.808199,-0.0207772,-0.280524
0.954248,0.0755437,0.682886;0.521077,0.808116,-0.0136442,-0.274299
0.960465,0.0694532,0.688683;0.524714,0.807951,-0.00650971,-0.268046
0.966837,0.0632195,0.694756;0.528888,0.807652,0.00181463,-0.260716
0.972855,0.0573763,0.700713;0.533567,0.807171,0.0113278,-0.252294
0.978711,0.0518563,0.707023;0.539841,0.806269,0.0244046,-0.240638
0.979319,0.0531088,0.711855;0.554442,0.802868,0.0564571,-0.211683
0.973138,0.0607164,0.708864;0.560059,0.801001,0.0694854,-0.199756
0.966921,0.0681334,0.705222;0.559776,0.801947,0.0753507,-0.194562
0.960706,0.0754647,0.701345;0.539426,0.814302,0.066678,-0.203681
0.954713,0.0824782,0.697484;0.522168,0.824147,0.0594134,-0.211167
0.94803,0.0902429,0.693086;0.504647,0.833578,0.052119,-0.218547
0.941465,0.0978185,0.688697;0.488661,0.841706,0.0455314,-0.225095
0.935221,0.104979,0.684473;0.474283,0.848644,0.0396601,-0.230839
0.928617,0.112506,0.679962;0.459753,0.855307,0.0337761,-0.236508
0.922563,0.119366,0.675795;0.446917,0.860912,0.0286185,-0.241406
0.916268,0.126457,0.671434;0.433971,0.866304,0.0234539,-0.246245
0.909748,0.133758,0.666889;0.420917,0.871483,0.0182835,-0.251022
0.903021,0.141245,0.662174;0.40776,0.876446,0.0131086,-0.255738
0.896102,0.148895,0.657299;0.394502,0.881193,0.00793047,-0.260391
0.889007,0.156686,0.652276;0.381147,0.885723,0.00275037,-0.264979
0.882798,0.163459,0.647862;0.369625,0.889432,-0.00169031,-0.26886
0.876482,0.170305,0.643354;0.358036,0.892979,-0.00613068,-0.272692
0.870069,0.177208,0.63876;0.346382,0.896365,-0.0105699,-0.276475
0.86357,0.184155,0.634088;0.334665,0.899588,-0.0150073,-0.280208
0.856994,0.191132,0.629344;0.322887,0.902648,-0.0194419,-0.28389
0.850353,0.198124,0.624536;0.311051,0.905544,-0.023873,-0.28752
0.843655,0.205118,0.619672;0.299159,0.908276,-0.0282998,-0.291098
0.836912,0.212097,0.614757;0.287212,0.910843,-0.0327214,-0.294624
0.830134,0.219049,0.6098;0.275213,0.913246,-0.0371371,-0.298096
0.82333,0.225959,0.604808;0.263164,0.915482,-0.0415461,-0.301514
0.816511,0.232812,0.599788;0.251068,0.917553,-0.0459475,-0.304877
0.809687,0.239595,0.594748;0.238926,0.919458,-0.0503406,-0.308185
0.802869,0.246293,0.589694;0.22674,0.921195,-0.0547246,-0.311437
0.796066,0.252891,0.584633;0.214514,0.922766,-0.0590987,-0.314633
0.789289,0.259376,0.579574;0.202249,0.924169,-0.063462,-0.317772
0.782548,0.265734,0.574523;0.189947,0.925405,-0.0678139,-0.320853
0.775854,0.271948,0.569488;0.17761,0.926473,-0.0721534,-0.323876
0.769215,0.278007,0.564475;0.165242,0.927374,-0.0764799,-0.32684
0.762644,0.283894,0.559493;0.152843,0.928106,-0.0807925,-0.329745
0.755075,0.290528,0.553727;0.138343,0.928747,-0.0858053,-0.333058
0.747627,0.296887,0.548024;0.123809,0.929159,-0.0907969,-0.336289
0.740316,0.302948,0.542395;0.109245,0.929342,-0.0957661,-0.339438
0.733158,0.30869,0.53685;0.0946533,0.929295,-0.100712,-0.342502
0.72617,0.314088,0.531403;0.0800384,0.92902,-0.105632,-0.345482
0.719368,0.319121,0.526064;0.0654038,0.928515,-0.110527,-0.348377
0.711842,0.324396,0.520109;0.048659,0.927657,-0.116088,-0.35158
0.704604,0.32913,0.514328;0.0318985,0.9265,-0.121611,-0.35467
0.696836,0.333766,0.508053;0.013031,0.924842,-0.127777,-0.358009
0.689497,0.337626,0.502044;-0.00584194,0.922807,-0.133891,-0.361202
0.681889,0.340946,0.495709;-0.0268087,0.920103,-0.140621,-0.364577
0.674238,0.343343,0.489194;-0.0498561,0.916595,-0.147942,-0.368078
0.666249,0.344365,0.482168;-0.0770537,0.911729,-0.156477,-0.371926
0.658579,0.342924,0.475057;-0.108353,0.90515,-0.166159,-0.375972
0.652397,0.338052,0.468772;-0.141602,0.897002,-0.176279,-0.379818
0.648468,0.329471,0.463962;-0.174669,0.887698,-0.186171,-0.383175
0.647069,0.319582,0.461236;-0.201372,0.879296,-0.194033,-0.385538
0.647223,0.309055,0.459815;-0.223833,0.871601,-0.200556,-0.387282
0.64831,0.298903,0.45929;-0.24211,0.86491,-0.205803,-0.388533
0.65003,0.288675,0.459326;-0.258274,0.858666,-0.210396,-0.389513
0.652139,0.278768,0.459761;-0.272349,0.852976,-0.21436,-0.390267
0.654826,0.267943,0.460583;-0.286357,0.847075,-0.21827,-0.390924
0.657604,0.257918,0.461604;-0.298307,0.841851,-0.22158,-0.391411
0.660829,0.247187,0.462927;-0.310204,0.836474,-0.224849,-0.391827
0.663867,0.237695,0.464263;-0.320075,0.831877,-0.227542,-0.392119
0.667229,0.227696,0.465818;-0.329905,0.827176,-0.230206,-0.392362
0.67092,0.217181,0.467594;-0.339694,0.82237,-0.232841,-0.392556
0.674948,0.206141,0.469597;-0.349441,0.817461,-0.235447,-0.3927
0.678415,0.196926,0.471365;-0.357206,0.81346,-0.237511,-0.392779
0.682105,0.187366,0.473283;-0.364943,0.809393,-0.239555,-0.392827
0.686019,0.177456,0.475353;-0.37265,0.805261,-0.241581,-0.392844
0.690161,0.167193,0.477576;-0.380327,0.801064,-0.243586,-0.392829
0.694535,0.156571,0.479955;-0.387974,0.796802,-0.245572,-0.392782
0.699142,0.145588,0.482493;-0.395589,0.792476,-0.247538,-0.392703
0.703985,0.134238,0.485191;-0.403172,0.788086,-0.249485,-0.392593
0.709069,0.122518,0.488052;-0.410723,0.783633,-0.251411,-0.392451
0.713041,0.113482,0.490306;-0.416365,0.780252,-0.252842,-0.392324
0.717152,0.104233,0.492653;-0.421987,0.776835,-0.254262,-0.392179
0.721401,0.09477,0.495094;-0.427591,0.773383,-0.25567,-0.392016
0.725791,0.0850906,0.497631;-0.433175,0.769896,-0.257067,-0.391836
0.730322,0.0751931,0.500264;-0.438739,0.766375,-0.258452,-0.391638
0.734997,0.0650759,0.502994;-0.444284,0.762818,-0.259826,-0.391422
0.739816,0.0547371,0.505822;-0.449808,0.759227,-0.261187,-0.391188
0.744781,0.0441749,0.50875;-0.455313,0.755601,-0.262537,-0.390937
0.749892,0.0333875,0.511777;-0.460796,0.751941,-0.263875,-0.390667
0.755152,0.0223731,0.514905;-0.466259,0.748248,-0.265201,-0.390381
0.760561,0.01113,0.518134;-0.4717,0.74452,-0.266515,-0.390076
0.766121,-0.00034365,0.521466;-0.47712,0.740758,-0.267817,-0.389754
0.771832,-0.0120496,0.524902;-0.482518,0.736963,-0.269106,-0.389414
0.777697,-0.0239897,0.528442;-0.487895,0.733135,-0.270384,-0.389056
0.782061,-0.0328236,0.531083;-0.491792,0.730329,-0.271305,-0.388785
