0.881557,0.370007,0.67918;-0.188064,0.932813,0.0422295,0.304482
0.882265,0.358761,0.677336;-0.191602,0.932639,0.0421172,0.30282
0.882962,0.347594,0.675498;-0.195137,0.932451,0.0420042,0.301153
0.88365,0.336505,0.673667;-0.19867,0.932248,0.0418906,0.299481
0.884329,0.325494,0.671843;-0.202199,0.932031,0.0417764,0.297805
0.884998,0.314561,0.670025;-0.205726,0.9318,0.0416615,0.296125
0.885657,0.303706,0.668214;-0.209249,0.931555,0.0415459,0.29444
0.886307,0.292929,0.66641;-0.212769,0.931295,0.0414298,0.29275
0.886947,0.282229,0.664612;-0.216286,0.931021,0.041313,0.291056
0.887579,0.271606,0.66282;-0.219799,0.930733,0.0411955,0.289358
0.8882,0.26106,0.661036;-0.223309,0.93043,0.0410775,0.287655
0.888813,0.250591,0.659257;-0.226816,0.930113,0.0409588,0.285947
0.889416,0.240198,0.657486;-0.230319,0.929782,0.0408394,0.284236
0.89001,0.229882,0.655721;-0.233818,0.929437,0.0407195,0.28252
0.890594,0.219641,0.653962;-0.237314,0.929078,0.0405989,0.280799
0.89117,0.209477,0.65221;-0.240807,0.928704,0.0404777,0.279075
0.891736,0.199388,0.650464;-0.244296,0.928316,0.0403559,0.277345
0.892293,0.189375,0.648725;-0.247781,0.927914,0.0402335,0.275612
0.892841,0.179437,0.646992;-0.251262,0.927497,0.0401104,0.273875
0.89338,0.169574,0.645265;-0.254739,0.927067,0.0399868,0.272133
0.894172,0.15492,0.642688;-0.259948,0.926394,0.0398001,0.269513
0.894943,0.140433,0.640125;-0.265147,0.92569,0.0396121,0.266883
0.895694,0.126114,0.637576;-0.270338,0.924953,0.0394227,0.264244
0.896426,0.11196,0.635042;-0.275519,0.924185,0.039232,0.261596
0.897137,0.0979723,0.632522;-0.280691,0.923385,0.0390399,0.258939
0.897828,0.0841492,0.630016;-0.285853,0.922552,0.0388464,0.256274
0.8985,0.0704902,0.627524;-0.291005,0.921689,0.0386516,0.253599
0.899152,0.0569946,0.625047;-0.296147,0.920793,0.0384555,0.250915
0.899785,0.0436616,0.622583;-0.301279,0.919866,0.0382581,0.248223
0.900398,0.0304906,0.620134;-0.3064,0.918906,0.0380593,0.245523
0.900993,0.0174808,0.617699;-0.311511,0.917916,0.0378592,0.242813
0.901568,0.00463156,0.615278;-0.316612,0.916893,0.0376579,0.240096
0.902124,-0.00805789,0.61287;-0.321701,0.915839,0.0374552,0.23737
0.902661,-0.0205882,0.610477;-0.326779,0.914753,0.0372512,0.234636
0.903179,-0.0329602,0.608097;-0.331846,0.913636,0.037046,0.231894
0.903679,-0.0451745,0.605732;-0.336902,0.912487,0.0368394,0.229144
0.90416,-0.0572319,0.60338;-0.341945,0.911307,0.0366316,0.226386
0.904622,-0.069133,0.601041;-0.346977,0.910096,0.0364226,0.22362
0.905067,-0.0808785,0.598717;-0.351998,0.908853,0.0362122,0.220847
0.905492,-0.0924693,0.596406;-0.357006,0.907578,0.0360007,0.218066
0.9059,-0.103906,0.594109;-0.362001,0.906273,0.0357878,0.215277
0.90629,-0.115189,0.591825;-0.366984,0.904936,0.0355738,0.212481
0.906662,-0.12632,0.589555;-0.371955,0.903568,0.0353585,0.209678
0.907016,-0.137298,0.587298;-0.376913,0.902168,0.035142,0.206867
0.907352,-0.148126,0.585055;-0.381857,0.900738,0.0349243,0.204049
0.907671,-0.158802,0.582825;-0.386789,0.899277,0.0347054,0.201224
0.907972,-0.169329,0.580608;-0.391707,0.897784,0.0344853,0.198393
0.908256,-0.179707,0.578405;-0.396612,0.896261,0.034264,0.195554
0.908522,-0.189937,0.576215;-0.401503,0.894707,0.0340416,0.192709
0.908772,-0.200018,0.574038;-0.40638,0.893121,0.0338179,0.189857
0.909004,-0.209953,0.571874;-0.411243,0.891506,0.0335931,0.186998
0.909219,-0.219742,0.569724;-0.416092,0.889859,0.0333671,0.184133
0.90948,-0.232567,0.566877;-0.422535,0.887616,0.033064,0.180304
0.909712,-0.245135,0.564053;-0.428952,0.885318,0.0327589,0.176463
0.909914,-0.257447,0.561252;-0.435343,0.882966,0.0324518,0.172611
0.910086,-0.269506,0.558474;-0.441707,0.88056,0.0321427,0.168749
0.91023,-0.281313,0.555719;-0.448044,0.8781,0.0318316,0.164876
0.910345,-0.292869,0.552987;-0.454354,0.875586,0.0315186,0.160994
0.910432,-0.304177,0.550277;-0.460635,0.873018,0.0312036,0.157101
0.910491,-0.315238,0.54759;-0.466889,0.870397,0.0308867,0.153199
0.910522,-0.326054,0.544926;-0.473113,0.867723,0.030568,0.149287
0.910525,-0.336626,0.542283;-0.479309,0.864995,0.0302473,0.145367
0.910501,-0.346957,0.539663;-0.485476,0.862214,0.0299248,0.141437
0.91045,-0.357047,0.537066;-0.491612,0.859381,0.0296005,0.137499
0.910372,-0.366899,0.53449;-0.497719,0.856494,0.0292743,0.133552
0.910237,-0.37888,0.531301;-0.505309,0.852813,0.0288641,0.128607
0.910062,-0.390495,0.528146;-0.512851,0.84905,0.0284511,0.12365
0.909845,-0.401747,0.525025;-0.520344,0.845205,0.0280354,0.118681
0.909589,-0.412639,0.521937;-0.527786,0.841279,0.0276171,0.1137
0.909294,-0.423174,0.518883;-0.535179,0.837273,0.027196,0.108709
0.908959,-0.433355,0.515863;-0.54252,0.833187,0.0267724,0.103707
0.908586,-0.443186,0.512875;-0.549809,0.829021,0.0263462,0.0986956
0.908088,-0.454526,0.509333;-0.558486,0.823917,0.0258314,0.0926691
0.907537,-0.465372,0.505839;-0.567086,0.818699,0.0253131,0.0866299
0.906932,-0.475729,0.502391;-0.575608,0.813368,0.0247913,0.0805787
0.906276,-0.485605,0.498989;-0.584051,0.807925,0.0242661,0.0745164
0.905568,-0.495003,0.495633;-0.592413,0.802371,0.0237375,0.0684439
0.904679,-0.505374,0.491776;-0.602066,0.795751,0.0231167,0.0613473
0.903723,-0.515112,0.48798;-0.611605,0.788981,0.0224915,0.0542393
0.90255,-0.525479,0.483716;-0.622366,0.781064,0.0217719,0.0461034
0.901294,-0.535045,0.479531;-0.632975,0.772954,0.0210469,0.0379562
0.899782,-0.544868,0.474917;-0.644725,0.763605,0.0202252,0.0287796
0.898171,-0.553715,0.4704;-0.656274,0.754019,0.0193971,0.019594
0.896266,-0.562423,0.465494;-0.668867,0.743093,0.0184701,0.00938087
0.894037,-0.570668,0.460233;-0.682424,0.730746,0.0174421,-0.00185762
0.891229,-0.578658,0.454196;-0.698037,0.715718,0.0162169,-0.0151379
0.887766,-0.585589,0.447468;-0.71549,0.697803,0.0147902,-0.0304487
0.883313,-0.590787,0.439725;-0.735618,0.675512,0.0130614,-0.0487857
0.878013,-0.592752,0.431533;-0.75691,0.649761,0.0111216,-0.0690883
0.872083,-0.590721,0.423383;-0.778019,0.621653,0.00906651,-0.0902914
0.866426,-0.58547,0.416397;-0.795985,0.595315,0.00719386,-0.109345
0.861469,-0.578671,0.410791;-0.810261,0.572496,0.00560908,-0.125273
0.857,-0.571029,0.406088;-0.822102,0.552068,0.00421782,-0.139111
0.852751,-0.562585,0.401886;-0.832544,0.532727,0.00292308,-0.151866
0.848751,-0.55369,0.398145;-0.841705,0.514568,0.00172624,-0.163554
0.845026,-0.544649,0.39483;-0.849694,0.497672,0.000628282,-0.174188
0.841249,-0.534794,0.391621;-0.85729,0.480546,-0.000469968,-0.184742
0.837777,-0.525158,0.388796;-0.86385,0.464783,-0.0014682,-0.194262
0.834623,-0.515959,0.386325;-0.869472,0.450444,-0.00236614,-0.202766
0.831445,-0.506279,0.383922;-0.874823,0.435965,-0.00326334,-0.211207
0.828245,-0.496138,0.381585;-0.879903,0.421351,-0.00415954,-0.219583
0.825386,-0.486752,0.379563;-0.88419,0.40825,-0.00495508,-0.226972
0.822514,-0.477031,0.377591;-0.888259,0.39505,-0.0057494,-0.234304
0.819632,-0.466987,0.37567;-0.892111,0.381753,-0.00654232,-0.241579
0.816742,-0.456635,0.373797;-0.895744,0.368362,-0.00733363,-0.248795
0.813846,-0.445989,0.371973;-0.899157,0.35488,-0.00812314,-0.25595
0.811308,-0.436441,0.370416;-0.901963,0.343013,-0.00881234,-0.262159
0.808768,-0.426688,0.368894;-0.9046,0.331081,-0.00949988,-0.268319
0.806229,-0.416737,0.367408;-0.907066,0.319087,-0.0101856,-0.274428
0.80369,-0.406597,0.365957;-0.909363,0.307033,-0.0108695,-0.280486
0.801154,-0.396278,0.36454;-0.911488,0.294921,-0.0115513,-0.286491
0.798621,-0.385789,0.363156;-0.913443,0.282754,-0.0122309,-0.292443
0.796094,-0.375139,0.361805;-0.915226,0.270534,-0.0129083,-0.298339
0.793573,-0.364337,0.360487;-0.916837,0.258263,-0.0135832,-0.30418
0.79106,-0.353392,0.359201;-0.918276,0.245944,-0.0142556,-0.309963
0.788557,-0.342312,0.357947;-0.919543,0.233578,-0.0149252,-0.315688
0.786065,-0.331108,0.356723;-0.920637,0.221169,-0.0155921,-0.321354
0.783584,-0.319788,0.355529;-0.921558,0.208718,-0.0162561,-0.32696
0.781469,-0.31,0.35453;-0.92221,0.198014,-0.0168228,-0.331716
0.779365,-0.300139,0.353552;-0.922735,0.187283,-0.0173871,-0.336426
0.777272,-0.29021,0.352596;-0.923133,0.176527,-0.0179491,-0.34109
0.7752,-0.28026,0.351664;-0.924463,0.1647,-0.0216557,-0.343181
0.773075,-0.26993,0.350723;-0.92606,0.152065,-0.0266359,-0.344354
0.770965,-0.259543,0.349804;-0.927483,0.1394,-0.031611,-0.345461
0.768869,-0.2491,0.348907;-0.928731,0.12671,-0.0365803,-0.346504
0.766789,-0.238606,0.348031;-0.929804,0.113996,-0.0415426,-0.347482
0.764724,-0.228062,0.347175;-0.930702,0.10126,-0.0464971,-0.348394
0.762676,-0.217473,0.34634;-0.931425,0.0885054,-0.0514429,-0.34924
0.760644,-0.20684,0.345526;-0.931972,0.0757339,-0.0563789,-0.350021
0.75863,-0.196168,0.344732;-0.932343,0.0629482,-0.0613044,-0.350736
0.756633,-0.185459,0.343959;-0.932539,0.0501506,-0.0662183,-0.351384
0.754654,-0.174717,0.343205;-0.932559,0.0373436,-0.0711197,-0.351967
0.752694,-0.163943,0.342471;-0.932404,0.0245295,-0.0760077,-0.352483
0.750752,-0.153142,0.341756;-0.932073,0.0117108,-0.0808814,-0.352933
0.748831,-0.142317,0.341061;-0.931566,-0.00111009,-0.0857398,-0.353316
0.746929,-0.131469,0.340385;-0.930884,-0.0139308,-0.0905822,-0.353633
0.745047,-0.120604,0.339727;-0.930026,-0.0267488,-0.0954074,-0.353883
0.743187,-0.109723,0.339089;-0.928994,-0.0395619,-0.100215,-0.354066
0.741347,-0.0988289,0.338468;-0.927786,-0.0523674,-0.105003,-0.354183
0.73953,-0.0879258,0.337866;-0.926403,-0.0651631,-0.109772,-0.354233
0.737735,-0.0770164,0.337282;-0.924846,-0.0779465,-0.11452,-0.354216
0.735962,-0.0661037,0.336716;-0.923115,-0.0907153,-0.119246,-0.354133
0.734213,-0.0551907,0.336168;-0.92121,-0.103467,-0.12395,-0.353982
0.732488,-0.0442805,0.335637;-0.919131,-0.116199,-0.12863,-0.353766
0.730786,-0.0333761,0.335123;-0.916879,-0.128909,-0.133287,-0.353482
0.729109,-0.0224806,0.334626;-0.914455,-0.141595,-0.137918,-0.353132
0.727458,-0.0115969,0.334145;-0.911858,-0.154255,-0.142523,-0.352715
0.725831,-0.000728173,0.333682;-0.909089,-0.166885,-0.147102,-0.352232
0.724231,0.0101226,0.333235;-0.906149,-0.179484,-0.151652,-0.351683
0.722658,0.0209523,0.332804;-0.903039,-0.192049,-0.156174,-0.351067
0.721111,0.0317579,0.332388;-0.899758,-0.204578,-0.160667,-0.350385
0.719592,0.0425365,0.331989;-0.896308,-0.217068,-0.165129,-0.349638
0.7181,0.0532849,0.331605;-0.892689,-0.229517,-0.169561,-0.348824
0.716637,0.0640001,0.331237;-0.888901,-0.241923,-0.17396,-0.347945
0.715203,0.0746791,0.330883;-0.884947,-0.254284,-0.178327,-0.347
0.713798,0.0853188,0.330545;-0.880825,-0.266597,-0.18266,-0.345989
0.712422,0.0959162,0.330221;-0.876538,-0.278859,-0.186958,-0.344914
0.711077,0.106468,0.329912;-0.872085,-0.291069,-0.191222,-0.343773
0.709763,0.116972,0.329617;-0.867469,-0.303224,-0.195449,-0.342568
0.70848,0.127424,0.329336;-0.862689,-0.315322,-0.199639,-0.341298
0.707228,0.137822,0.329069;-0.857746,-0.327361,-0.203792,-0.339964
0.706008,0.148162,0.328815;-0.852642,-0.339338,-0.207907,-0.338566
0.704821,0.158441,0.328575;-0.847377,-0.351251,-0.211982,-0.337104
0.703667,0.168657,0.328348;-0.841952,-0.363097,-0.216018,-0.335579
0.702547,0.178807,0.328135;-0.836369,-0.374876,-0.220012,-0.33399
0.70146,0.188886,0.327934;-0.830628,-0.386584,-0.223966,-0.332339
0.700408,0.198893,0.327746;-0.824731,-0.398219,-0.227877,-0.330625
0.699248,0.210237,0.327546;-0.817801,-0.411424,-0.232294,-0.328589
0.698135,0.221477,0.327362;-0.81067,-0.424527,-0.236654,-0.326473
0.697068,0.232609,0.327193;-0.80334,-0.437527,-0.240956,-0.324277
0.696049,0.243628,0.32704;-0.795812,-0.450419,-0.245198,-0.322001
0.695078,0.25453,0.326901;-0.788088,-0.4632,-0.249381,-0.319645
0.694157,0.26531,0.326778;-0.78017,-0.475867,-0.253501,-0.317211
0.693285,0.275965,0.326669;-0.77206,-0.488416,-0.25756,-0.314699
0.692463,0.286488,0.326573;-0.76376,-0.500846,-0.261555,-0.312109
0.691693,0.296876,0.326492;-0.755273,-0.513153,-0.265486,-0.309443
0.690975,0.307124,0.326424;-0.746599,-0.525333,-0.269351,-0.3067
0.690309,0.317228,0.326369;-0.737742,-0.537384,-0.27315,-0.303883
0.689623,0.328417,0.326322;-0.727561,-0.550783,-0.277344,-0.300623
0.689006,0.339411,0.326291;-0.717153,-0.564011,-0.281451,-0.29727
0.688458,0.350203,0.326275;-0.706522,-0.577063,-0.285471,-0.293824
0.68798,0.360787,0.326275;-0.69567,-0.589935,-0.289402,-0.290287
0.687574,0.371157,0.326288;-0.684603,-0.602623,-0.293242,-0.286659
0.68724,0.381306,0.326316;-0.673322,-0.615124,-0.296991,-0.282942
0.686955,0.392316,0.326362;-0.660541,-0.628789,-0.301049,-0.278709
0.686762,0.403037,0.326425;-0.647507,-0.642213,-0.30499,-0.274369
0.686662,0.413459,0.326503;-0.634224,-0.655389,-0.308815,-0.269923
0.686656,0.423574,0.326596;-0.620697,-0.668314,-0.312521,-0.265373
0.686761,0.434335,0.326714;-0.605542,-0.682233,-0.316458,-0.260251
0.686984,0.444702,0.32685;-0.590105,-0.695836,-0.320248,-0.255008
0.687364,0.455548,0.327015;-0.572953,-0.710306,-0.324213,-0.249152
0.687888,0.465895,0.327198;-0.555483,-0.724382,-0.327998,-0.243159
0.688622,0.476524,0.327414;-0.53621,-0.739179,-0.331894,-0.236515
0.689532,0.48653,0.327649;-0.516589,-0.753496,-0.335574,-0.229717
0.690712,0.496587,0.32792;-0.495084,-0.768366,-0.339293,-0.222229
0.69221,0.506509,0.328231;-0.471629,-0.783656,-0.342995,-0.214021
0.694207,0.516649,0.328604;-0.444554,-0.800164,-0.346831,-0.204494
0.696822,0.52654,0.329046;-0.413712,-0.817561,-0.350662,-0.193579
0.700367,0.536016,0.329584;-0.377285,-0.836286,-0.354489,-0.180606
0.705497,0.544612,0.330274;-0.331627,-0.857138,-0.358285,-0.164227
0.713466,0.55051,0.3312;-0.271077,-0.880584,-0.36171,-0.142318
0.723274,0.550028,0.332162;-0.207469,-0.900375,-0.363455,-0.119085
0.731856,0.544973,0.332883;-0.174283,-0.911662,-0.357599,-0.103055
0.739785,0.537606,0.333475;-0.167383,-0.919173,-0.344384,-0.0922148
0.746981,0.529258,0.333972;-0.161493,-0.925244,-0.333096,-0.0830139
0.753176,0.521059,0.334377;-0.15664,-0.930016,-0.323789,-0.0754681
0.758902,0.512783,0.334736;-0.152301,-0.934109,-0.315465,-0.0687488
0.764818,0.503617,0.335097;-0.14794,-0.938062,-0.307093,-0.0620191
0.770143,0.494895,0.335415;-0.144105,-0.941406,-0.29973,-0.0561229
0.775598,0.485546,0.335734;-0.140254,-0.944642,-0.292333,-0.0502203
0.781172,0.475593,0.336057;-0.136386,-0.947769,-0.284902,-0.044312
0.786041,0.466602,0.336336;-0.133059,-0.950363,-0.278507,-0.0392436
0.790986,0.457202,0.336619;-0.12972,-0.952876,-0.272088,-0.0341719
0.796004,0.44741,0.336905;-0.126371,-0.955309,-0.265646,-0.0290973
0.801089,0.43724,0.337194;-0.12301,-0.957662,-0.259181,-0.0240203
0.806235,0.42671,0.337488;-0.11964,-0.959934,-0.252695,-0.0189412
0.810567,0.41767,0.337737;-0.116823,-0.961765,-0.247274,-0.0147074
0.814936,0.4084,0.337989;-0.114,-0.96354,-0.241838,-0.0104727
0.819337,0.398908,0.338245;-0.111169,-0.965258,-0.236388,-0.00623747
0.823768,0.389204,0.338505;-0.108333,-0.96692,-0.230924,-0.00200183
0.828227,0.379297,0.338769;-0.10549,-0.968525,-0.225446,0.00223392
0.83271,0.369196,0.339037;-0.102641,-0.970074,-0.219955,0.00646954
0.837213,0.35891,0.339311;-0.0997855,-0.971565,-0.214452,0.0107048
0.841735,0.348449,0.339589;-0.0969245,-0.973,-0.208936,0.0149394
0.846272,0.337822,0.339872;-0.0940578,-0.974377,-0.203407,0.0191731
0.85082,0.327037,0.340161;-0.0911856,-0.975698,-0.197867,0.0234058
0.855378,0.316104,0.340456;-0.088308,-0.976961,-0.192315,0.027637
0.859941,0.305032,0.340756;-0.0854253,-0.978167,-0.186752,0.0318666
0.864508,0.29383,0.341063;-0.0825376,-0.979316,-0.181177,0.0360944
0.869074,0.282508,0.341376;-0.079645,-0.980407,-0.175593,0.04032
0.873637,0.271074,0.341696;-0.0767478,-0.981441,-0.169997,0.0445433
0.878193,0.259539,0.342022;-0.073846,-0.982417,-0.164392,0.048764
0.882741,0.24791,0.342356;-0.0709399,-0.983336,-0.158778,0.0529818
0.88637,0.238546,0.342628;-0.0686121,-0.98403,-0.154279,0.0563538
0.88999,0.229133,0.342905;-0.0662816,-0.984686,-0.149775,0.0597237
0.893599,0.219675,0.343187;-0.0639487,-0.985306,-0.145265,0.0630914
0.897195,0.210178,0.343474;-0.0616134,-0.985889,-0.14075,0.0664567
0.900778,0.200646,0.343767;-0.0592758,-0.986435,-0.136229,0.0698195
0.904344,0.191084,0.344065;-0.0569359,-0.986943,-0.131704,0.0731797
0.907894,0.181497,0.344368;-0.054594,-0.987415,-0.127173,0.0765371
0.911425,0.171888,0.344676;-0.0522499,-0.98785,-0.122638,0.0798917
0.914935,0.162263,0.344991;-0.0499039,-0.988248,-0.118098,0.0832433
0.918424,0.152627,0.345311;-0.0475561,-0.988608,-0.113553,0.0865918
0.921889,0.142984,0.345637;-0.0452064,-0.988932,-0.109004,0.089937
0.92533,0.133339,0.34597;-0.0428551,-0.989218,-0.104452,0.0932788
0.928744,0.123696,0.346308;-0.0405021,-0.989467,-0.0998949,0.0966172
0.93213,0.114061,0.346653;-0.0381477,-0.98968,-0.0953345,0.0999519
0.935486,0.104438,0.347004;-0.0357918,-0.989855,-0.0907704,0.103283
0.938811,0.0948315,0.347362;-0.0334345,-0.989993,-0.086203,0.10661
0.942104,0.0852463,0.347726;-0.031076,-0.990094,-0.0816323,0.109933
0.945362,0.0756872,0.348098;-0.0287164,-0.990157,-0.0770586,0.113252
0.948585,0.0661589,0.348476;-0.0263556,-0.990184,-0.072482,0.116567
0.95177,0.056666,0.348861;-0.0239939,-0.990173,-0.0679027,0.119877
0.955697,0.0448569,0.349353;-0.0210405,-0.990108,-0.0621749,0.124009
0.95956,0.0331197,0.349856;-0.0180858,-0.989984,-0.0564436,0.128133
0.963356,0.0214635,0.350371;-0.0151301,-0.989803,-0.0507089,0.13225
0.967082,0.00989761,0.350898;-0.0121735,-0.989563,-0.0449712,0.136359
0.970736,-0.00156895,0.351437;-0.00921621,-0.989266,-0.0392309,0.14046
0.974313,-0.012927,0.351989;-0.00625836,-0.98891,-0.0334884,0.144553
0.977812,-0.0241672,0.352553;-0.00330015,-0.988497,-0.0277438,0.148637
0.981229,-0.0352807,0.35313;-0.000341741,-0.988026,-0.0219976,0.152713
0.984561,-0.046258,0.35372;0.00261669,-0.987496,-0.0162502,0.15678
0.987804,-0.0570902,0.354324;0.00557496,-0.986909,-0.0105017,0.160837
0.990957,-0.067768,0.354941;0.00853291,-0.986264,-0.00475272,0.164885
0.994016,-0.0782822,0.355572;0.0114904,-0.985562,0.000996593,0.168924
0.996977,-0.0886238,0.356218;0.0144471,-0.984801,0.00674584,0.172952
0.999839,-0.0987834,0.356877;0.0174031,-0.983983,0.0124947,0.176971
1.0026,-0.108752,0.357551;0.020358,-0.983107,0.0182428,0.180979
1.00525,-0.11852,0.35824;0.0233117,-0.982174,0.0239899,0.184976
1.00829,-0.129965,0.359087;0.0268543,-0.980977,0.0308845,0.189759
1.01116,-0.141093,0.359956;0.0303947,-0.979698,0.0377764,0.194525
1.01387,-0.151888,0.360848;0.0339325,-0.978337,0.0446652,0.199275
1.01641,-0.162333,0.361762;0.0374675,-0.976893,0.0515502,0.204009
1.01876,-0.172414,0.3627;0.0409992,-0.975366,0.0584309,0.208725
1.02128,-0.183692,0.363824;0.0451153,-0.973481,0.0664521,0.214205
1.02354,-0.194427,0.364982;0.0492261,-0.971484,0.0744656,0.21966
1.02553,-0.204594,0.366173;0.0533313,-0.969375,0.0824706,0.22509
1.02747,-0.215485,0.367576;0.0580154,-0.966829,0.0916075,0.231264
1.02904,-0.225563,0.369025;0.0626908,-0.964138,0.100731,0.237403
1.03035,-0.235882,0.370712;0.0679393,-0.960938,0.110976,0.244268
1.03121,-0.246021,0.372657;0.0737559,-0.957168,0.122335,0.25184
1.03141,-0.255983,0.375018;0.0881195,-0.957985,0.131243,0.239322
1.03041,-0.266,0.378222;0.110287,-0.960674,0.140547,0.212578
1.02713,-0.274599,0.382673;0.13916,-0.962306,0.15248,0.177062
1.02031,-0.27881,0.388546;0.174469,-0.961341,0.166778,0.13255
1.01209,-0.277335,0.39405;0.205208,-0.957735,0.17895,0.0927897
1.00398,-0.272941,0.398797;0.230188,-0.952815,0.188644,0.0597514
0.99638,-0.267315,0.402925;0.250899,-0.947316,0.19654,0.0318422
0.989236,-0.26114,0.406627;0.268754,-0.941494,0.203239,0.00738641
0.982258,-0.2545,0.410136;0.285095,-0.935248,0.209279,-0.0153296
0.975574,-0.247705,0.413432;0.299962,-0.928769,0.214695,-0.036287
0.968705,-0.240371,0.416779;0.314609,-0.921611,0.219954,-0.0572179
0.962285,-0.233257,0.419889;0.327834,-0.914458,0.224634,-0.0763681
0.955783,-0.225845,0.423036;0.340857,-0.906742,0.229175,-0.0954714
0.949234,-0.21821,0.426218;0.353671,-0.898468,0.233575,-0.114516
0.942675,-0.210427,0.429433;0.366267,-0.889643,0.237832,-0.13349
0.936139,-0.202569,0.432677;0.378638,-0.880271,0.241943,-0.152382
0.929664,-0.194711,0.435948;0.390777,-0.870357,0.245905,-0.171181
0.923283,-0.186929,0.439243;0.402675,-0.859909,0.249716,-0.189874
0.917033,-0.179295,0.44256;0.414326,-0.848931,0.253373,-0.208451
0.910949,-0.171885,0.445897;0.425722,-0.837433,0.256875,-0.226899
0.904542,-0.164143,0.449555;0.437855,-0.824301,0.260514,-0.246865
0.89842,-0.156854,0.45323;0.449668,-0.810567,0.263963,-0.26665
0.892164,-0.149578,0.457225;0.462094,-0.79502,0.267482,-0.287864
0.885928,-0.142602,0.46154;0.475032,-0.777514,0.271014,-0.310433
0.87953,-0.135915,0.46648;0.489238,-0.756559,0.274721,-0.335846
0.873391,-0.130304,0.472038;0.504459,-0.731811,0.278463,-0.363912
0.867416,-0.126581,0.479125;0.522696,-0.698442,0.282577,-0.398896
0.86334,-0.128384,0.488;0.543683,-0.653704,0.286681,-0.441467
0.863247,-0.135802,0.494963;0.558681,-0.616227,0.289066,-0.473899
0.865008,-0.144483,0.499753;0.568231,-0.589174,0.290268,-0.495714
0.867565,-0.153633,0.503527;0.573646,-0.570282,0.29045,-0.511221
0.870643,-0.163242,0.506776;0.557794,-0.592144,0.284278,-0.507363
0.873832,-0.172475,0.509501;0.54404,-0.610281,0.278882,-0.503788
0.877161,-0.181654,0.511958;0.531271,-0.626473,0.27384,-0.500293
0.88087,-0.191498,0.514395;0.518257,-0.642376,0.268672,-0.496567
0.884508,-0.200864,0.51657;0.506339,-0.656434,0.263914,-0.493017
0.888409,-0.21065,0.518726;0.494231,-0.670246,0.259057,-0.489282
0.892551,-0.220798,0.520864;0.481937,-0.683806,0.254103,-0.485363
0.896418,-0.230077,0.522747;0.470858,-0.695645,0.249619,-0.481727
0.900443,-0.239557,0.524614;0.459639,-0.707278,0.245062,-0.477949
0.904611,-0.2492,0.526465;0.448284,-0.718701,0.240432,-0.474028
0.908909,-0.258964,0.528299;0.436796,-0.729911,0.235731,-0.469968
0.913319,-0.26881,0.530115;0.425179,-0.740906,0.230959,-0.465768
0.917829,-0.278697,0.531912;0.413436,-0.75168,0.22612,-0.46143
0.922422,-0.288587,0.533691;0.40157,-0.762232,0.221213,-0.456955
0.927083,-0.298438,0.535451;0.389586,-0.772558,0.216241,-0.452345
0.931798,-0.308211,0.537191;0.377486,-0.782656,0.211205,-0.447601
0.936551,-0.317866,0.53891;0.365274,-0.792521,0.206106,-0.442725
0.941329,-0.327362,0.540609;0.352954,-0.802152,0.200947,-0.437717
0.946114,-0.336661,0.542286;0.34053,-0.811545,0.195727,-0.43258
0.950893,-0.345721,0.543941;0.328004,-0.820698,0.19045,-0.427314
0.955651,-0.354504,0.545574;0.315382,-0.829607,0.185116,-0.421922
0.960959,-0.364002,0.547383;0.30107,-0.839336,0.17905,-0.415707
0.966199,-0.37304,0.549163;0.286645,-0.848751,0.172917,-0.409336
0.971351,-0.381562,0.550911;0.272113,-0.857848,0.16672,-0.402811
0.976944,-0.390357,0.552817;0.255846,-0.867577,0.15976,-0.395384
0.982905,-0.39912,0.554868;0.237817,-0.877816,0.152019,-0.387004
0.989134,-0.407473,0.557049;0.217997,-0.888425,0.143477,-0.377614
0.995502,-0.414949,0.559342;0.196362,-0.89925,0.134116,-0.367158
1.0027,-0.421657,0.562063;0.169525,-0.911605,0.122452,-0.353896
1.01125,-0.425834,0.565615;0.132302,-0.926828,0.106179,-0.33498
1.01919,-0.421853,0.569659;0.0862239,-0.942671,0.0858861,-0.310743
1.02279,-0.412262,0.572285;0.0536148,-0.951915,0.0714283,-0.293054
1.02419,-0.402149,0.573974;0.0312484,-0.957325,0.061466,-0.280667
1.02464,-0.391191,0.575332;0.0123031,-0.961318,0.0529984,-0.270014
1.02449,-0.380511,0.576394;-0.00320312,-0.964184,0.0460481,-0.261185
1.02394,-0.369672,0.5773;-0.0169856,-0.966429,0.0398555,-0.253255
1.02312,-0.359117,0.578063;-0.0290413,-0.968158,0.0344273,-0.246254
1.02198,-0.347534,0.578798;-0.0410904,-0.969668,0.0289912,-0.239198
1.02073,-0.336768,0.579405;-0.0514109,-0.970787,0.0243264,-0.233106
1.01924,-0.32521,0.579991;-0.0617229,-0.971744,0.0196575,-0.226976
1.0178,-0.314961,0.580463;-0.0703084,-0.972418,0.0157643,-0.221838
1.01618,-0.304141,0.58092;-0.0788857,-0.972979,0.0118693,-0.216675
1.01437,-0.29274,0.581362;-0.087454,-0.973428,0.00797283,-0.211487
1.01238,-0.280748,0.581789;-0.0960121,-0.973764,0.00407547,-0.206274
1.01064,-0.270723,0.58212;-0.102851,-0.973952,0.000957229,-0.202086
1.00878,-0.260309,0.58244;-0.109682,-0.974067,-0.00216109,-0.197884
1.00679,-0.2495,0.582751;-0.116504,-0.974111,-0.00527924,-0.193667
1.00467,-0.238291,0.583051;-0.123318,-0.974082,-0.008397,-0.189435
1.00242,-0.226679,0.583342;-0.130124,-0.973982,-0.0115141,-0.18519
1.00004,-0.214657,0.583622;-0.136919,-0.973809,-0.0146304,-0.18093
0.997526,-0.202221,0.583892;-0.143704,-0.973564,-0.0177456,-0.176658
0.994873,-0.189365,0.584152;-0.150479,-0.973247,-0.0208595,-0.172372
0.992792,-0.179445,0.58434;-0.155552,-0.972961,-0.023194,-0.169149
0.990633,-0.169285,0.584522;-0.16062,-0.972636,-0.0255274,-0.16592
0.988394,-0.158881,0.584698;-0.16568,-0.97227,-0.0278598,-0.162683
0.986075,-0.148233,0.584869;-0.170734,-0.971863,-0.030191,-0.15944
0.983675,-0.137337,0.585033;-0.17578,-0.971416,-0.032521,-0.15619
0.981193,-0.126192,0.585192;-0.180819,-0.970928,-0.0348496,-0.152933
0.978628,-0.114796,0.585344;-0.185851,-0.9704,-0.0371768,-0.14967
0.97598,-0.103147,0.585491;-0.190875,-0.969831,-0.0395024,-0.146401
0.973248,-0.0912415,0.585631;-0.195891,-0.969223,-0.0418263,-0.143126
0.97043,-0.0790787,0.585765;-0.200899,-0.968573,-0.0441486,-0.139845
0.967527,-0.0666562,0.585894;-0.205898,-0.967884,-0.046469,-0.136558
0.964537,-0.0539718,0.586016;-0.210889,-0.967154,-0.0487874,-0.133265
0.96146,-0.0410234,0.586132;-0.215871,-0.966383,-0.0511038,-0.129967
0.958295,-0.027809,0.586241;-0.220844,-0.965573,-0.0534181,-0.126663
0.95504,-0.0143263,0.586345;-0.225808,-0.964722,-0.0557302,-0.123354
0.951696,-0.000573396,0.586442;-0.230762,-0.963831,-0.0580399,-0.12004
0.948262,0.0134519,0.586533;-0.235707,-0.9629,-0.0603473,-0.116721
0.944735,0.0277518,0.586618;-0.240642,-0.961929,-0.0626521,-0.113397
0.941117,0.0423283,0.586696;-0.245567,-0.960918,-0.0649543,-0.110068
0.938654,0.0522006,0.586745;-0.248845,-0.960221,-0.0664876,-0.107846
0.936148,0.0621975,0.586791;-0.252118,-0.959507,-0.0680196,-0.105623
0.933601,0.0723195,0.586834;-0.255386,-0.958775,-0.0695505,-0.103397
0.931012,0.0825673,0.586874;-0.25865,-0.958025,-0.07108,-0.101169
0.928381,0.0929414,0.586911;-0.261909,-0.957258,-0.0726082,-0.09894
0.925707,0.103443,0.586946;-0.265163,-0.956473,-0.0741351,-0.0967088
0.922991,0.114071,0.586977;-0.268412,-0.95567,-0.0756605,-0.0944757
0.920231,0.124828,0.587006;-0.271656,-0.954849,-0.0771846,-0.0922409
0.917429,0.135714,0.587032;-0.274895,-0.954011,-0.0787073,-0.0900044
0.914583,0.14673,0.587054;-0.278129,-0.953155,-0.0802285,-0.0877662
0.911693,0.157875,0.587074;-0.281358,-0.952282,-0.0817482,-0.0855264
0.908759,0.169151,0.587091;-0.284582,-0.95139,-0.0832664,-0.0832851
0.905782,0.180559,0.587105;-0.2878,-0.950482,-0.0847831,-0.0810421
0.90276,0.192099,0.587117;-0.291013,-0.949555,-0.0862982,-0.0787977
0.899693,0.203771,0.587125;-0.294221,-0.948611,-0.0878117,-0.0765518
0.896582,0.215577,0.58713;-0.297423,-0.94765,-0.0893236,-0.0743045
