0.721283,0.509051,0.356183;0.314725,-0.582561,-0.331599,0.672021
0.719563,0.498626,0.358295;0.317382,-0.583751,-0.330284,0.670385
0.717857,0.48826,0.360395;0.320034,-0.584933,-0.328965,0.66874
0.716165,0.477952,0.362485;0.322682,-0.586108,-0.327642,0.667087
0.714487,0.467702,0.364564;0.325326,-0.587275,-0.326314,0.665424
0.712824,0.45751,0.366632;0.327966,-0.588435,-0.324982,0.663754
0.711174,0.447376,0.368689;0.330602,-0.589587,-0.323646,0.662074
0.709538,0.437299,0.370736;0.333233,-0.590732,-0.322306,0.660387
0.707916,0.42728,0.372771;0.33586,-0.591869,-0.320962,0.65869
0.706308,0.417319,0.374796;0.338483,-0.592998,-0.319613,0.656986
0.704714,0.407415,0.37681;0.341101,-0.59412,-0.318261,0.655272
0.703134,0.397567,0.378813;0.343715,-0.595234,-0.316904,0.653551
0.701567,0.387777,0.380806;0.346325,-0.59634,-0.315543,0.651821
0.700014,0.378044,0.382788;0.34893,-0.597439,-0.314178,0.650082
0.697711,0.36355,0.385741;0.352829,-0.599073,-0.312124,0.647459
0.695438,0.349183,0.38867;0.356718,-0.600689,-0.31006,0.644816
0.693195,0.334943,0.391575;0.360597,-0.602288,-0.307987,0.642155
0.690983,0.32083,0.394457;0.364465,-0.603869,-0.305905,0.639476
0.688801,0.306842,0.397315;0.368323,-0.605433,-0.303814,0.636778
0.686649,0.292979,0.40015;0.37217,-0.606979,-0.301715,0.634061
0.684527,0.279241,0.402961;0.376006,-0.608508,-0.299607,0.631327
0.682436,0.265628,0.405748;0.379831,-0.610019,-0.29749,0.628573
0.680373,0.252139,0.408512;0.383645,-0.611513,-0.295364,0.625802
0.678341,0.238773,0.411254;0.387448,-0.612989,-0.29323,0.623013
0.676338,0.22553,0.413972;0.39124,-0.614447,-0.291088,0.620205
0.674364,0.212409,0.416667;0.395021,-0.615887,-0.288937,0.617379
0.67242,0.199411,0.419339;0.39879,-0.617309,-0.286777,0.614536
0.670505,0.186534,0.421988;0.402548,-0.618714,-0.28461,0.611675
0.668618,0.173778,0.424614;0.406294,-0.6201,-0.282434,0.608796
0.666761,0.161143,0.427218;0.410028,-0.621469,-0.28025,0.605899
0.664932,0.148629,0.429799;0.41375,-0.622819,-0.278057,0.602985
0.663132,0.136234,0.432357;0.417461,-0.624152,-0.275857,0.600054
0.66136,0.123958,0.434893;0.421159,-0.625466,-0.273649,0.597105
0.659617,0.111801,0.437407;0.424845,-0.626762,-0.271433,0.594138
0.657902,0.099763,0.439898;0.428518,-0.62804,-0.269209,0.591155
0.656215,0.0878426,0.442367;0.43218,-0.6293,-0.266977,0.588154
0.654556,0.0760396,0.444814;0.435828,-0.630542,-0.264737,0.585136
0.652925,0.0643537,0.447239;0.439465,-0.631765,-0.26249,0.582102
0.651321,0.0527843,0.449642;0.443088,-0.632971,-0.260235,0.57905
0.649745,0.041331,0.452023;0.446698,-0.634157,-0.257973,0.575982
0.648197,0.0299933,0.454383;0.450296,-0.635326,-0.255703,0.572897
0.646676,0.0187708,0.45672;0.453881,-0.636476,-0.253425,0.569795
0.645182,0.00766303,0.459036;0.457452,-0.637607,-0.251141,0.566677
0.643715,-0.00333052,0.461331;0.46101,-0.63872,-0.248849,0.563543
0.642275,-0.0142103,0.463604;0.464555,-0.639815,-0.24655,0.560392
0.640861,-0.0249767,0.465855;0.468086,-0.640891,-0.244243,0.557225
0.639475,-0.0356303,0.468086;0.471604,-0.641948,-0.24193,0.554041
0.638115,-0.0461715,0.470295;0.475108,-0.642987,-0.23961,0.550842
0.636781,-0.0566007,0.472483;0.478598,-0.644007,-0.237282,0.547627
0.635474,-0.0669185,0.47465;0.482075,-0.645009,-0.234948,0.544396
0.634193,-0.0771252,0.476796;0.485537,-0.645992,-0.232607,0.541149
0.632938,-0.0872214,0.478921;0.488986,-0.646956,-0.230259,0.537886
0.631709,-0.0972074,0.481025;0.49242,-0.647901,-0.227905,0.534608
0.630506,-0.107084,0.483109;0.49584,-0.648828,-0.225544,0.531314
0.629328,-0.116851,0.485172;0.499246,-0.649736,-0.223176,0.528005
0.627797,-0.129705,0.487891;0.503764,-0.650917,-0.220009,0.52357
0.626312,-0.142367,0.490573;0.508256,-0.652064,-0.216831,0.519107
0.624871,-0.154838,0.49322;0.512722,-0.653178,-0.213642,0.514617
0.623475,-0.167118,0.49583;0.517162,-0.654259,-0.210442,0.510101
0.622123,-0.17921,0.498405;0.521575,-0.655305,-0.207231,0.505559
0.620815,-0.191114,0.500944;0.525961,-0.656318,-0.204009,0.50099
0.61955,-0.202831,0.503448;0.530321,-0.657297,-0.200776,0.496396
0.618329,-0.214363,0.505917;0.534652,-0.658243,-0.197534,0.491776
0.61715,-0.22571,0.50835;0.538957,-0.659154,-0.194281,0.487131
0.616014,-0.236874,0.510749;0.543233,-0.660031,-0.191018,0.482461
0.614921,-0.247855,0.513114;0.547482,-0.660875,-0.187745,0.477766
0.613869,-0.258655,0.515444;0.551702,-0.661684,-0.184463,0.473046
0.61286,-0.269275,0.51774;0.555894,-0.662459,-0.181171,0.468302
0.611892,-0.279716,0.520002;0.560057,-0.6632,-0.17787,0.463534
0.610965,-0.289978,0.522231;0.564192,-0.663907,-0.174559,0.458742
0.610078,-0.300064,0.524426;0.568297,-0.66458,-0.17124,0.453926
0.609233,-0.309974,0.526587;0.572373,-0.665218,-0.167912,0.449087
0.608232,-0.322117,0.529242;0.577427,-0.665968,-0.16374,0.443006
0.607294,-0.333988,0.531846;0.582434,-0.666665,-0.159554,0.436889
0.606417,-0.34559,0.534399;0.587394,-0.667307,-0.155356,0.430737
0.605601,-0.356926,0.536901;0.592307,-0.667896,-0.151145,0.42455
0.604846,-0.367998,0.539353;0.597172,-0.668431,-0.146922,0.418329
0.604151,-0.378807,0.541755;0.601989,-0.668913,-0.142687,0.412074
0.603515,-0.389356,0.544107;0.606758,-0.66934,-0.13844,0.405786
0.602938,-0.399647,0.546411;0.611478,-0.669714,-0.134183,0.399466
0.602418,-0.409682,0.548666;0.616149,-0.670034,-0.129915,0.393113
0.601957,-0.419463,0.550872;0.62077,-0.6703,-0.125636,0.386729
0.601478,-0.430869,0.553457;0.626249,-0.670547,-0.120488,0.379026
0.60108,-0.441916,0.555973;0.631656,-0.670717,-0.115326,0.37128
0.600762,-0.452607,0.558421;0.636989,-0.67081,-0.110151,0.363491
0.600523,-0.462948,0.560802;0.642249,-0.670824,-0.104963,0.35566
0.600362,-0.472941,0.563117;0.647434,-0.670761,-0.0997628,0.347787
0.60027,-0.484165,0.565735;0.653389,-0.670589,-0.0936815,0.338552
0.600282,-0.494926,0.568265;0.65924,-0.670311,-0.0875853,0.329263
0.600396,-0.505231,0.570707;0.664988,-0.669927,-0.0814753,0.319922
0.600609,-0.515086,0.573063;0.670631,-0.669438,-0.0753525,0.31053
0.600972,-0.525804,0.575651;0.67695,-0.66875,-0.0683405,0.299738
0.601461,-0.53595,0.57813;0.683129,-0.667923,-0.0613144,0.288883
0.602159,-0.546692,0.580789;0.689913,-0.666829,-0.053395,0.2766
0.603009,-0.556732,0.583314;0.696517,-0.665561,-0.0454616,0.264246
0.604128,-0.567082,0.585964;0.703641,-0.663949,-0.036633,0.250438
0.605567,-0.577506,0.588695;0.711216,-0.661929,-0.026908,0.235156
0.607376,-0.587755,0.591457;0.719164,-0.65943,-0.0162871,0.21838
0.609609,-0.59757,0.594201;0.727397,-0.656379,-0.00477278,0.200093
0.612526,-0.607279,0.597054;0.736406,-0.652414,0.00851584,0.178858
0.616253,-0.616257,0.599895;0.74597,-0.64735,0.0235683,0.154635
0.621442,-0.624497,0.602851;0.756825,-0.640263,0.0421307,0.124517
0.628995,-0.630704,0.605795;0.769201,-0.629817,0.0659051,0.0855396
0.63878,-0.632147,0.60806;0.781183,-0.616003,0.0930075,0.0405461
0.648167,-0.62883,0.609131;0.789651,-0.602416,0.116381,0.00125107
0.656723,-0.622913,0.609429;0.795403,-0.589727,0.136079,-0.0322284
0.664137,-0.616035,0.609277;0.799134,-0.578485,0.152178,-0.0598464
0.671007,-0.608458,0.608854;0.801685,-0.567857,0.166433,-0.0844992
0.677655,-0.600177,0.608222;0.803404,-0.557371,0.179708,-0.10763
0.683602,-0.592073,0.607495;0.804366,-0.547819,0.191202,-0.127798
0.689655,-0.583217,0.606612;0.80482,-0.53792,0.202576,-0.147885
0.695361,-0.57436,0.605661;0.804786,-0.528425,0.213023,-0.166454
0.700691,-0.565678,0.604677;0.804367,-0.519405,0.222564,-0.183515
0.706074,-0.556539,0.603597;0.803574,-0.510144,0.232001,-0.20049
0.711046,-0.547786,0.602527;0.802521,-0.501447,0.240558,-0.21597
0.716049,-0.538697,0.601384;0.801154,-0.492555,0.249021,-0.231365
0.721077,-0.529293,0.600173;0.799476,-0.483471,0.257387,-0.24667
0.726122,-0.519599,0.598898;0.797486,-0.474198,0.265653,-0.261879
0.730719,-0.510553,0.597687;0.795408,-0.465608,0.273077,-0.275617
0.736125,-0.499668,0.596205;0.794841,-0.462136,0.275234,-0.280898
0.741939,-0.487668,0.594543;0.795113,-0.461263,0.274794,-0.281995
0.747752,-0.475378,0.592815;0.795382,-0.460388,0.274353,-0.283091
0.753559,-0.462816,0.591024;0.79565,-0.459512,0.273911,-0.284187
0.759354,-0.449998,0.589174;0.795916,-0.458636,0.273469,-0.285282
0.765135,-0.436941,0.587267;0.79618,-0.457758,0.273026,-0.286376
0.770896,-0.423661,0.585309;0.796443,-0.45688,0.272583,-0.28747
0.776633,-0.410175,0.583301;0.796703,-0.456,0.272139,-0.288563
0.782342,-0.3965,0.581249;0.796962,-0.455119,0.271694,-0.289655
0.78613,-0.387286,0.579857;0.797134,-0.454531,0.271397,-0.290383
0.789902,-0.378001,0.578448;0.797304,-0.453943,0.2711,-0.291111
0.793657,-0.368648,0.577023;0.797474,-0.453355,0.270803,-0.291839
0.797394,-0.359234,0.575583;0.797644,-0.452766,0.270505,-0.292566
0.801111,-0.349763,0.574128;0.797812,-0.452176,0.270208,-0.293292
0.804807,-0.34024,0.57266;0.79798,-0.451586,0.26991,-0.294019
0.808481,-0.33067,0.57118;0.798147,-0.450996,0.269611,-0.294745
0.812131,-0.321058,0.569689;0.798313,-0.450405,0.269313,-0.295471
0.815756,-0.311409,0.568188;0.798478,-0.449814,0.269014,-0.296197
0.819355,-0.301727,0.566679;0.798642,-0.449222,0.268715,-0.296922
0.822927,-0.292019,0.565161;0.798806,-0.44863,0.268415,-0.297647
0.826469,-0.282287,0.563637;0.798969,-0.448037,0.268115,-0.298372
0.829982,-0.272539,0.562107;0.799131,-0.447444,0.267815,-0.299096
0.833463,-0.262778,0.560572;0.799292,-0.44685,0.267515,-0.299821
0.836912,-0.25301,0.559034;0.799453,-0.446256,0.267215,-0.300544
0.840326,-0.243239,0.557493;0.799612,-0.445662,0.266914,-0.301268
0.843705,-0.23347,0.555951;0.799771,-0.445067,0.266613,-0.301991
0.847048,-0.223709,0.554408;0.799929,-0.444472,0.266312,-0.302714
0.850353,-0.21396,0.552867;0.800087,-0.443876,0.26601,-0.303437
0.853618,-0.204229,0.551327;0.800243,-0.44328,0.265708,-0.304159
0.856844,-0.194519,0.549789;0.800399,-0.442683,0.265406,-0.304881
0.860027,-0.184837,0.548256;0.800554,-0.442086,0.265104,-0.305603
0.863167,-0.175187,0.546728;0.800708,-0.441489,0.264801,-0.306325
0.866263,-0.165573,0.545205;0.800861,-0.440891,0.264498,-0.307046
0.869313,-0.156002,0.54369;0.801014,-0.440293,0.264195,-0.307767
0.872316,-0.146478,0.542183;0.801165,-0.439694,0.263892,-0.308487
0.875271,-0.137005,0.540685;0.801316,-0.439095,0.263588,-0.309207
0.87961,-0.122904,0.538457;0.801541,-0.438195,0.263132,-0.310287
0.883834,-0.108948,0.536256;0.801765,-0.437294,0.262676,-0.311366
0.887936,-0.0951523,0.534086;0.801986,-0.436393,0.262218,-0.312445
0.891915,-0.0815348,0.531949;0.802205,-0.43549,0.261761,-0.313522
0.895764,-0.0681117,0.52985;0.802423,-0.434586,0.261302,-0.314599
0.899479,-0.0548999,0.527792;0.802639,-0.433682,0.260844,-0.315676
0.903057,-0.0419159,0.525778;0.802853,-0.432776,0.260384,-0.316751
0.906493,-0.0291765,0.523812;0.803066,-0.43187,0.259924,-0.317826
0.909782,-0.0166983,0.521899;0.803276,-0.430962,0.259463,-0.3189
0.91292,-0.00449799,0.52004;0.803485,-0.430054,0.259002,-0.319974
0.915902,0.00740769,0.518241;0.803692,-0.429145,0.25854,-0.321047
0.918725,0.0190021,0.516504;0.803897,-0.428234,0.258078,-0.322119
0.921384,0.0302685,0.514834;0.804101,-0.427323,0.257615,-0.32319
0.923874,0.0411903,0.513233;0.804302,-0.426411,0.257151,-0.32426
0.926192,0.0517507,0.511705;0.804502,-0.425497,0.256687,-0.32533
0.928332,0.0619331,0.510254;0.8047,-0.424583,0.256223,-0.326399
0.93029,0.0717208,0.508884;0.804896,-0.423668,0.255757,-0.327468
0.932611,0.0841282,0.507189;0.805155,-0.422447,0.255136,-0.328891
0.934591,0.0957647,0.505651;0.805411,-0.421223,0.254514,-0.330313
0.93622,0.106591,0.50428;0.805663,-0.419998,0.253891,-0.331734
0.937486,0.116567,0.503084;0.805913,-0.418772,0.253266,-0.333154
0.938545,0.127781,0.501848;0.80622,-0.417236,0.252485,-0.334926
0.939019,0.139295,0.500766;0.806581,-0.41539,0.251544,-0.33705
0.938429,0.14988,0.500095;0.806995,-0.413231,0.250445,-0.339525
0.935347,0.159276,0.500325;0.807568,-0.410139,0.248868,-0.343053
0.92657,0.160537,0.503064;0.790947,-0.443852,0.286575,-0.308664
0.918528,0.154634,0.506072;0.777841,-0.465822,0.311522,-0.284476
0.911495,0.14721,0.508815;0.767222,-0.481506,0.329591,-0.266255
0.905073,0.139272,0.511354;0.757891,-0.494054,0.34422,-0.251046
0.899154,0.131231,0.513702;0.749476,-0.504539,0.356571,-0.23787
0.893416,0.122909,0.515972;0.741429,-0.513926,0.367734,-0.225687
0.887962,0.114591,0.51812;0.733839,-0.52227,0.377746,-0.214528
0.882297,0.105592,0.520333;0.725991,-0.530429,0.387626,-0.203293
0.877033,0.0969369,0.52237;0.718709,-0.537613,0.396401,-0.193121
0.871624,0.0877807,0.52444;0.711222,-0.544644,0.405063,-0.182893
0.866705,0.0792406,0.5263;0.704397,-0.550764,0.412665,-0.173758
0.861689,0.0703404,0.528171;0.697413,-0.556759,0.420175,-0.164584
0.856586,0.0610972,0.530047;0.690272,-0.562629,0.42759,-0.155372
0.851403,0.0515278,0.53192;0.682975,-0.568372,0.434908,-0.146126
0.846151,0.0416492,0.533785;0.675525,-0.573987,0.442129,-0.136847
0.841503,0.0327651,0.535405;0.668881,-0.578794,0.448365,-0.128702
0.836814,0.0236686,0.537008;0.662121,-0.583502,0.454524,-0.120535
0.832089,0.014371,0.538589;0.655248,-0.588108,0.460605,-0.112348
0.827334,0.00488371,0.540146;0.648261,-0.592614,0.466606,-0.104141
0.822553,-0.00478193,0.541672;0.641162,-0.597017,0.472527,-0.0959156
0.817755,-0.0146146,0.543164;0.633953,-0.601317,0.478366,-0.087674
0.812942,-0.0246029,0.544617;0.626635,-0.605513,0.484123,-0.0794173
0.808123,-0.0347355,0.546026;0.619209,-0.609605,0.489796,-0.0711469
0.803302,-0.0450011,0.547386;0.611675,-0.613592,0.495385,-0.0628643
0.798484,-0.0553882,0.548695;0.604037,-0.617473,0.500888,-0.0545708
0.793677,-0.0658856,0.549945;0.596294,-0.621247,0.506305,-0.0462679
0.789568,-0.0749626,0.550969;0.589575,-0.624397,0.510879,-0.0391447
0.785474,-0.084105,0.551943;0.582781,-0.627468,0.515388,-0.0320166
0.781399,-0.0933058,0.552867;0.575914,-0.630459,0.519831,-0.0248844
0.777346,-0.102558,0.553737;0.568974,-0.633371,0.524209,-0.017749
0.773319,-0.111854,0.55455;0.561961,-0.636202,0.52852,-0.0106114
0.769321,-0.121187,0.555303;0.554878,-0.638953,0.532764,-0.00347245
0.765356,-0.13055,0.555994;0.547724,-0.641622,0.536941,0.00366693
0.761427,-0.139935,0.55662;0.540501,-0.644211,0.54105,0.0108059
0.757539,-0.149336,0.557177;0.533209,-0.646717,0.54509,0.0179434
0.753694,-0.158745,0.557663;0.52585,-0.649142,0.549061,0.0250787
0.749897,-0.168156,0.558075;0.518424,-0.651484,0.552963,0.0322108
0.74615,-0.17756,0.558411;0.510932,-0.653744,0.556794,0.0393388
0.742458,-0.186951,0.558666;0.503375,-0.655921,0.560555,0.0464618
0.738825,-0.196322,0.558839;0.495755,-0.658015,0.564245,0.053579
0.735253,-0.205666,0.558927;0.488072,-0.660026,0.567863,0.0606894
0.731168,-0.216523,0.558918;0.47903,-0.662266,0.571994,0.068975
0.727179,-0.227321,0.558784;0.469906,-0.664391,0.576025,0.0772487
0.723289,-0.238049,0.558521;0.460701,-0.666402,0.579958,0.0855091
0.719506,-0.248697,0.558124;0.451416,-0.668299,0.58379,0.0937548
0.715834,-0.259252,0.55759;0.442053,-0.670079,0.587522,0.101984
0.71228,-0.269703,0.556912;0.432614,-0.671745,0.591152,0.110196
0.70885,-0.280039,0.556087;0.423101,-0.673294,0.59468,0.118389
0.705548,-0.290249,0.55511;0.413514,-0.674727,0.598106,0.126562
0.702381,-0.30032,0.553977;0.403856,-0.676044,0.601429,0.134712
0.699354,-0.310243,0.552683;0.394129,-0.677245,0.604648,0.14284
0.696474,-0.320005,0.551224;0.384334,-0.678328,0.607762,0.150942
0.693745,-0.329595,0.549594;0.374472,-0.679295,0.610772,0.159019
0.69082,-0.34033,0.547518;0.363122,-0.680256,0.614083,0.168216
0.688109,-0.350808,0.545208;0.351691,-0.681064,0.617255,0.177375
0.685413,-0.361896,0.542422;0.352741,-0.685992,0.611515,0.176175
0.683181,-0.371723,0.539641;0.357556,-0.691598,0.603584,0.17185
0.681159,-0.381289,0.536641;0.362323,-0.697109,0.59557,0.167501
0.679341,-0.3906,0.533432;0.36704,-0.702526,0.587476,0.16313
0.677468,-0.401148,0.52944;0.37248,-0.708724,0.577931,0.158002
0.675854,-0.411366,0.525197;0.377851,-0.714791,0.568279,0.152844
0.674488,-0.421265,0.52072;0.383152,-0.720726,0.558521,0.147658
0.673361,-0.430855,0.516026;0.388382,-0.726526,0.54866,0.142445
0.672463,-0.440145,0.511133;0.39354,-0.732192,0.538698,0.137205
0.671783,-0.449145,0.506057;0.398625,-0.737723,0.528635,0.13194
0.671311,-0.457865,0.500817;0.403637,-0.743116,0.518474,0.126651
0.671039,-0.466315,0.495429;0.408573,-0.748372,0.508218,0.121338
0.670957,-0.475655,0.489114;0.414122,-0.754208,0.49638,0.115238
0.671108,-0.484669,0.482654;0.41957,-0.759862,0.484423,0.109111
0.671475,-0.493372,0.476075;0.424917,-0.765332,0.472348,0.102957
0.672044,-0.50178,0.469404;0.430161,-0.770616,0.460159,0.0967784
0.672799,-0.509907,0.462667;0.4353,-0.775714,0.447858,0.0905763
0.673727,-0.517768,0.455888;0.440335,-0.780624,0.435449,0.0843521
0.674812,-0.525377,0.449095;0.445262,-0.785345,0.422934,0.0781076
0.676039,-0.53275,0.442312;0.450082,-0.789876,0.410317,0.0718441
0.677571,-0.540779,0.434726;0.455374,-0.794744,0.396005,0.064777
0.679244,-0.548548,0.427223;0.460526,-0.799369,0.38157,0.05769
0.681035,-0.556078,0.41984;0.465538,-0.803749,0.367019,0.0505853
0.682923,-0.56339,0.412614;0.470406,-0.807883,0.352356,0.0434652
0.684889,-0.570505,0.405581;0.475131,-0.811768,0.337584,0.0363317
0.687136,-0.578205,0.398038;0.480209,-0.815794,0.32105,0.0283926
0.689423,-0.585716,0.390829;0.485106,-0.819511,0.304395,0.0204428
0.691719,-0.593067,0.384006;0.489819,-0.822918,0.287624,0.0124853
0.694223,-0.601002,0.377005;0.494789,-0.826306,0.269051,0.00372663
0.696664,-0.608817,0.370598;0.499533,-0.829316,0.250354,-0.00503371
0.699212,-0.61725,0.364364;0.504447,-0.832166,0.229828,-0.0145877
0.701591,-0.625635,0.359005;0.509086,-0.834562,0.209176,-0.0241337
0.703918,-0.634722,0.354287;0.513799,-0.836645,0.186675,-0.0344602
0.705923,-0.643875,0.350807;0.518183,-0.838194,0.164055,-0.0447647
0.707649,-0.653876,0.348572;0.522534,-0.839261,0.139577,-0.0558297
0.708848,-0.664105,0.348041;0.526497,-0.839707,0.114997,-0.0668532
0.709441,-0.674641,0.349352;0.53007,-0.839529,0.0903305,-0.0778271
0.709378,-0.684767,0.352339;0.533035,-0.838807,0.0673659,-0.0879657
0.708796,-0.694,0.356456;0.52939,-0.839985,0.077219,-0.0905989
0.70781,-0.703177,0.361739;0.524816,-0.841267,0.0912813,-0.0922257
0.706504,-0.712337,0.368135;0.520125,-0.842361,0.105323,-0.093832
0.705149,-0.72033,0.37465;0.515858,-0.843176,0.117785,-0.0952423
0.703677,-0.72806,0.381849;0.511499,-0.843843,0.130227,-0.0966357
0.702154,-0.735409,0.389642;0.507051,-0.844361,0.142645,-0.0980122
0.700643,-0.742261,0.397935;0.502514,-0.84473,0.155038,-0.0993714
0.699208,-0.748496,0.406638;0.497888,-0.84495,0.167404,-0.100713
0.697915,-0.753999,0.415658;0.493174,-0.845021,0.179741,-0.102037
0.696826,-0.758651,0.424904;0.488373,-0.844944,0.192046,-0.103343
0.696007,-0.762334,0.434284;0.483487,-0.844718,0.204317,-0.104631
0.695488,-0.765174,0.444882;0.477887,-0.844285,0.218079,-0.106057
0.695482,-0.766473,0.455402;0.472182,-0.843664,0.231792,-0.10746
0.696082,-0.766063,0.465714;0.46637,-0.842855,0.245453,-0.10884
0.697378,-0.763776,0.475688;0.460455,-0.841859,0.25906,-0.110194
0.699463,-0.759446,0.485191;0.454438,-0.840674,0.272609,-0.111525
0.702051,-0.753746,0.493139;0.449003,-0.839464,0.284601,-0.112686
0.705399,-0.746181,0.50052;0.44349,-0.838106,0.296544,-0.113828
0.709002,-0.73794,0.506442;0.438602,-0.836796,0.306951,-0.11481
0.712625,-0.729609,0.511071;0.434365,-0.835584,0.315838,-0.11564
0.71677,-0.720056,0.515245;0.430085,-0.834289,0.324694,-0.116459
0.720643,-0.711125,0.518349;0.426485,-0.833147,0.332049,-0.117132
0.724912,-0.701283,0.521089;0.422857,-0.831947,0.339382,-0.117797
0.729595,-0.690499,0.523441;0.419199,-0.83069,0.346691,-0.118454
0.733648,-0.681176,0.525029;0.416252,-0.829643,0.352521,-0.118974
0.737984,-0.671218,0.526344;0.413287,-0.82856,0.358336,-0.119488
0.74261,-0.66061,0.527373;0.410303,-0.82744,0.364135,-0.119998
0.747534,-0.649337,0.528106;0.407301,-0.826284,0.369918,-0.120502
0.752765,-0.637386,0.528531;0.404282,-0.825092,0.375684,-0.121
0.756894,-0.627967,0.528641;0.402006,-0.824173,0.379999,-0.121371
0.761203,-0.618152,0.528567;0.399719,-0.823235,0.384303,-0.121738
0.765695,-0.607935,0.528303;0.397423,-0.822276,0.388598,-0.122103
0.770375,-0.597308,0.527844;0.395117,-0.821296,0.392884,-0.122464
0.775245,-0.586267,0.527187;0.392801,-0.820296,0.39716,-0.122823
0.780309,-0.574804,0.526326;0.390476,-0.819276,0.401426,-0.123178
0.78557,-0.562914,0.525256;0.38814,-0.818236,0.405682,-0.12353
0.791031,-0.55059,0.523972;0.385795,-0.817175,0.409928,-0.12388
0.796697,-0.537826,0.522471;0.383441,-0.816094,0.414164,-0.124226
0.802569,-0.524616,0.520745;0.381077,-0.814993,0.418389,-0.124569
0.808653,-0.510954,0.518792;0.378704,-0.813872,0.422604,-0.124909
0.812827,-0.501592,0.517361;0.377116,-0.813113,0.425409,-0.125134
0.817098,-0.492024,0.515825;0.375525,-0.812345,0.428208,-0.125358
0.821466,-0.482248,0.514182;0.373929,-0.811568,0.431003,-0.12558
0.825932,-0.472263,0.512432;0.372329,-0.810783,0.433793,-0.125801
0.830497,-0.462067,0.510572;0.370725,-0.809988,0.436579,-0.12602
0.835162,-0.451659,0.508601;0.369117,-0.809185,0.439359,-0.126238
0.839928,-0.441035,0.506519;0.367505,-0.808372,0.442135,-0.126455
0.844797,-0.430195,0.504323;0.365889,-0.807551,0.444906,-0.12667
0.849769,-0.419136,0.502012;0.364269,-0.806721,0.447672,-0.126884
0.854845,-0.407857,0.499584;0.362644,-0.805882,0.450433,-0.127096
0.860026,-0.396356,0.497038;0.361016,-0.805034,0.453189,-0.127308
0.865313,-0.384631,0.494374;0.359384,-0.804177,0.45594,-0.127517
0.870708,-0.37268,0.491588;0.357748,-0.803312,0.458686,-0.127725
0.876211,-0.360501,0.488681;0.356108,-0.802437,0.461427,-0.127932
0.881823,-0.348093,0.485649;0.354464,-0.801554,0.464163,-0.128138
0.887545,-0.335454,0.482493;0.352816,-0.800662,0.466894,-0.128342
0.893378,-0.322582,0.47921;0.351164,-0.799761,0.46962,-0.128545
0.899324,-0.309474,0.475799;0.349509,-0.798851,0.47234,-0.128746
0.905383,-0.29613,0.472259;0.347849,-0.797932,0.475056,-0.128946
0.911556,-0.282547,0.468588;0.346186,-0.797005,0.477766,-0.129144
