0.692978,0.508812,0.249468;-0.0396312,0.798259,0.557619,-0.224218
0.69684,0.495633,0.252118;-0.0446272,0.799716,0.555137,-0.224243
0.700655,0.48259,0.254728;-0.0496217,0.801147,0.552638,-0.22426
0.704424,0.469682,0.2573;-0.0546145,0.802551,0.55012,-0.224269
0.708145,0.456909,0.259833;-0.0596055,0.803929,0.547584,-0.224271
0.711819,0.44427,0.262328;-0.0645946,0.80528,0.545029,-0.224266
0.715448,0.431763,0.264784;-0.0695814,0.806604,0.542457,-0.224253
0.71903,0.41939,0.267203;-0.074566,0.807901,0.539866,-0.224233
0.722566,0.407149,0.269583;-0.0795481,0.809171,0.537258,-0.224205
0.726056,0.395039,0.271926;-0.0845276,0.810415,0.534631,-0.22417
0.729501,0.38306,0.274232;-0.0895042,0.811632,0.531987,-0.224127
0.732901,0.371211,0.2765;-0.0944779,0.812821,0.529325,-0.224077
0.736255,0.359493,0.278731;-0.0994484,0.813984,0.526646,-0.224019
0.739565,0.347903,0.280926;-0.104416,0.815119,0.523949,-0.223954
0.74283,0.336442,0.283084;-0.109379,0.816228,0.521235,-0.223882
0.746051,0.325108,0.285205;-0.114339,0.817309,0.518503,-0.223802
0.749227,0.313902,0.28729;-0.119296,0.818363,0.515754,-0.223714
0.75236,0.302823,0.289339;-0.124248,0.81939,0.512988,-0.223619
0.755448,0.29187,0.291353;-0.129196,0.82039,0.510205,-0.223517
0.758494,0.281043,0.29333;-0.13414,0.821362,0.507405,-0.223408
0.761496,0.27034,0.295273;-0.13908,0.822307,0.504588,-0.22329
0.764455,0.259762,0.29718;-0.144015,0.823225,0.501754,-0.223166
0.767371,0.249307,0.299052;-0.148945,0.824115,0.498904,-0.223034
0.770244,0.238976,0.30089;-0.15387,0.824978,0.496037,-0.222895
0.773075,0.228767,0.302693;-0.15879,0.825814,0.493154,-0.222748
0.775864,0.21868,0.304461;-0.163704,0.826622,0.490254,-0.222594
0.778611,0.208715,0.306196;-0.168614,0.827403,0.487338,-0.222432
0.781317,0.19887,0.307896;-0.173517,0.828156,0.484405,-0.222263
0.78398,0.189145,0.309563;-0.178415,0.828882,0.481457,-0.222087
0.786603,0.17954,0.311196;-0.183307,0.82958,0.478492,-0.221903
0.790036,0.166919,0.313322;-0.18982,0.830468,0.474515,-0.221647
0.793396,0.154507,0.315389;-0.196322,0.831306,0.47051,-0.221377
0.796685,0.142304,0.317397;-0.202812,0.832096,0.466476,-0.221095
0.799902,0.130308,0.319348;-0.209291,0.832837,0.462416,-0.220799
0.803048,0.118518,0.321241;-0.215757,0.833528,0.458328,-0.22049
0.806124,0.106932,0.323078;-0.22221,0.83417,0.454213,-0.220168
0.80913,0.0955496,0.324858;-0.22865,0.834763,0.450071,-0.219834
0.812067,0.0843685,0.326583;-0.235077,0.835306,0.445902,-0.219486
0.814935,0.0733875,0.328252;-0.241489,0.8358,0.441707,-0.219125
0.817734,0.0626053,0.329866;-0.247888,0.836245,0.437486,-0.218751
0.820467,0.0520203,0.331426;-0.254271,0.83664,0.433239,-0.218365
0.823132,0.0416313,0.332932;-0.26064,0.836986,0.428967,-0.217965
0.82573,0.0314367,0.334384;-0.266993,0.837282,0.424669,-0.217553
0.828262,0.0214352,0.335784;-0.273331,0.837529,0.420346,-0.217128
0.830729,0.0116253,0.337131;-0.279652,0.837727,0.415998,-0.21669
0.83372,-0.000369785,0.338741;-0.287531,0.837904,0.410529,-0.216124
0.836612,-0.0120704,0.340272;-0.295383,0.838003,0.405022,-0.215538
0.839403,-0.0234793,0.341723;-0.303207,0.838026,0.399477,-0.214933
0.842096,-0.0345994,0.343096;-0.311004,0.837971,0.393896,-0.214308
0.844692,-0.0454333,0.344391;-0.318772,0.837838,0.388278,-0.213663
0.847191,-0.0559838,0.34561;-0.32651,0.837629,0.382624,-0.212998
0.849595,-0.0662537,0.346753;-0.334218,0.837341,0.376935,-0.212313
0.851904,-0.0762458,0.347822;-0.341896,0.836977,0.371212,-0.211609
0.85412,-0.0859628,0.348817;-0.349542,0.836535,0.365454,-0.210886
0.856657,-0.0972641,0.349915;-0.358674,0.835903,0.358499,-0.209991
0.859063,-0.108178,0.350911;-0.367759,0.83516,0.351498,-0.209069
0.86134,-0.118709,0.351805;-0.376795,0.834306,0.344449,-0.20812
0.863489,-0.128863,0.352599;-0.385781,0.833341,0.337355,-0.207142
0.865512,-0.138644,0.353295;-0.394715,0.832265,0.330215,-0.206137
0.867715,-0.14959,0.353985;-0.405072,0.83087,0.321831,-0.20493
0.869753,-0.160042,0.354547;-0.415356,0.829325,0.313388,-0.203686
0.871627,-0.170008,0.354982;-0.425564,0.827629,0.304889,-0.202405
0.873573,-0.180813,0.355329;-0.437137,0.825508,0.295108,-0.200896
0.875314,-0.191005,0.355519;-0.448606,0.823192,0.285257,-0.19934
0.877032,-0.201751,0.355548;-0.461382,0.820354,0.274094,-0.197532
0.878502,-0.211751,0.355389;-0.47402,0.81727,0.262849,-0.195666
0.879851,-0.222008,0.354998;-0.487896,0.813557,0.250263,-0.193524
0.880999,-0.232276,0.354315;-0.502951,0.809125,0.236311,-0.191085
0.881863,-0.242299,0.353281;-0.519118,0.803879,0.220971,-0.188326
0.882377,-0.252489,0.351709;-0.53763,0.797218,0.202927,-0.184982
0.882318,-0.26277,0.349301;-0.559585,0.788354,0.180819,-0.180741
0.881265,-0.272452,0.345621;-0.585878,0.776244,0.153246,-0.175237
0.878439,-0.280311,0.339852;-0.618276,0.75882,0.117435,-0.167742
0.873346,-0.283493,0.331968;-0.653415,0.736298,0.0759337,-0.158581
0.867243,-0.281524,0.32387;-0.683165,0.713708,0.0382133,-0.149821
0.861296,-0.276823,0.316645;-0.706126,0.693603,0.00714104,-0.142301
0.855823,-0.271047,0.310358;-0.724056,0.675971,-0.0185405,-0.135878
0.850548,-0.264563,0.304534;-0.739281,0.65943,-0.0414988,-0.129977
0.845294,-0.257425,0.298915;-0.752889,0.643219,-0.0630666,-0.124297
0.840144,-0.249903,0.293556;-0.765001,0.627468,-0.0832326,-0.118864
0.835168,-0.242226,0.288496;-0.775732,0.612297,-0.101992,-0.113705
0.83042,-0.234585,0.283767;-0.785194,0.597813,-0.119346,-0.10884
0.825568,-0.226499,0.279025;-0.794166,0.582955,-0.136625,-0.103908
0.821013,-0.218683,0.274651;-0.802008,0.568917,-0.1525,-0.0992972
0.816399,-0.210568,0.270294;-0.809424,0.554577,-0.168293,-0.0946337
0.811742,-0.202192,0.265966;-0.816408,0.539941,-0.183998,-0.0899198
0.807185,-0.193837,0.261799;-0.814017,0.543536,-0.185722,-0.0863238
0.802518,-0.185124,0.257601;-0.802448,0.564578,-0.174178,-0.0836104
0.79784,-0.176236,0.253461;-0.790303,0.585216,-0.162509,-0.0808371
0.793547,-0.167949,0.249722;-0.778672,0.603765,-0.15171,-0.0782438
0.789256,-0.159542,0.246044;-0.766572,0.62195,-0.14082,-0.0756035
0.784972,-0.151028,0.242431;-0.75401,0.63976,-0.129845,-0.0729175
0.780702,-0.142419,0.238888;-0.740993,0.657185,-0.118791,-0.0701877
0.77645,-0.133729,0.235421;-0.72753,0.674213,-0.107666,-0.0674155
0.772223,-0.12497,0.232034;-0.713628,0.690836,-0.0964758,-0.0646027
0.768026,-0.116156,0.228733;-0.699296,0.707042,-0.0852276,-0.0617509
0.763865,-0.107299,0.225524;-0.684543,0.722822,-0.0739281,-0.058862
0.759745,-0.0984132,0.222411;-0.669377,0.738166,-0.0625839,-0.0559375
0.755672,-0.0895104,0.219399;-0.653808,0.753065,-0.0512021,-0.0529794
0.751652,-0.0806039,0.216494;-0.637844,0.767511,-0.0397894,-0.0499893
0.74769,-0.0717066,0.213702;-0.621497,0.781493,-0.0283527,-0.0469691
0.743792,-0.0628316,0.211026;-0.604774,0.795005,-0.016899,-0.0439205
0.73962,-0.0531904,0.208248;-0.586116,0.809199,-0.0043926,-0.0405648
0.735537,-0.0436078,0.205621;-0.567038,0.822812,0.00811693,-0.0371799
0.731553,-0.0341008,0.203154;-0.547553,0.835835,0.0206206,-0.0337683
0.727673,-0.0246861,0.200853;-0.527675,0.848258,0.0331096,-0.0303326
0.723905,-0.0153805,0.198725;-0.507419,0.860073,0.0455748,-0.0268751
0.720257,-0.00620084,0.196777;-0.486799,0.871272,0.0580072,-0.0233983
0.716448,0.00358211,0.194876;-0.464067,0.882698,0.0714285,-0.0196129
0.712797,0.0131761,0.193203;-0.440945,0.89338,0.0847897,-0.015811
0.709314,0.0225598,0.191766;-0.417451,0.903311,0.0980795,-0.0119958
0.705761,0.0324056,0.190492;-0.391757,0.913156,0.112299,-0.00787587
0.702425,0.0419559,0.189513;-0.365682,0.922108,0.126409,-0.0037483
0.699104,0.0518303,0.188802;-0.337348,0.930701,0.141389,0.000678058
0.695867,0.0619183,0.188445;-0.306709,0.938718,0.157193,0.00539854
0.692962,0.0715084,0.188518;-0.275679,0.945537,0.172797,0.0101121
0.690113,0.0816524,0.189133;-0.240353,0.951767,0.190086,0.0153992
0.687612,0.0915587,0.190419;-0.202644,0.956677,0.208003,0.0209529
0.685489,0.101471,0.192634;-0.160544,0.960103,0.22737,0.027047
0.68398,0.110976,0.196058;-0.114034,0.961435,0.248006,0.0336528
0.683365,0.119874,0.201241;-0.0611026,0.959891,0.270545,0.0410126
0.68408,0.127076,0.208459;-0.00387425,0.954614,0.293797,0.0487834
0.686314,0.131601,0.217455;0.0533692,0.945612,0.315901,0.0563637
0.689669,0.133205,0.227062;0.10431,0.934452,0.334598,0.0629468
0.693529,0.13266,0.236326;0.146856,0.922829,0.349501,0.0683261
0.697876,0.130598,0.24568;0.185075,0.910566,0.362324,0.073064
0.702188,0.127655,0.254293;0.217004,0.898968,0.372618,0.0769523
0.706789,0.123856,0.262994;0.246686,0.887054,0.381837,0.0805085
0.711623,0.119334,0.271746;0.261348,0.883069,0.380988,0.0820594
0.716241,0.114632,0.279833;0.262679,0.88646,0.372132,0.0818897
0.721209,0.109251,0.288305;0.263987,0.889769,0.363242,0.0817125
0.72573,0.104116,0.295856;0.265088,0.892541,0.355596,0.0815546
0.73048,0.098514,0.303657;0.266171,0.895252,0.347925,0.0813913
0.735448,0.092458,0.311693;0.267236,0.897903,0.340231,0.0812225
0.740622,0.0859623,0.319949;0.268284,0.900494,0.332514,0.0810482
0.745081,0.0802236,0.326987;0.269143,0.902606,0.326066,0.0808987
0.749668,0.0741976,0.334158;0.269989,0.904677,0.319603,0.0807455
0.754374,0.0678923,0.341454;0.270823,0.906704,0.313125,0.0805885
0.759193,0.061316,0.348866;0.271644,0.90869,0.306633,0.0804278
0.764119,0.0544767,0.356385;0.272452,0.910633,0.300126,0.0802632
0.769143,0.0473827,0.364003;0.273248,0.912533,0.293604,0.080095
0.774258,0.0400421,0.37171;0.274031,0.914391,0.28707,0.0799229
0.779459,0.0324629,0.379499;0.274801,0.916206,0.280521,0.0797472
0.784737,0.0246534,0.387359;0.275558,0.917977,0.27396,0.0795677
0.790085,0.0166217,0.395283;0.276302,0.919706,0.267386,0.0793844
0.79441,0.0100418,0.401662;0.276888,0.921059,0.262117,0.0792352
0.798772,0.00332913,0.408072;0.277466,0.922383,0.256841,0.0790836
0.803167,-0.00351223,0.414508;0.278036,0.92368,0.251557,0.0789296
0.807592,-0.0104781,0.420965;0.278597,0.92495,0.246266,0.0787732
0.812044,-0.0175642,0.427439;0.27915,0.926191,0.240967,0.0786145
0.816517,-0.0247666,0.433926;0.279694,0.927405,0.235661,0.0784534
0.82101,-0.0320809,0.440421;0.28023,0.928591,0.230348,0.07829
0.825518,-0.039503,0.446919;0.280758,0.92975,0.225027,0.0781242
0.830037,-0.0470287,0.453417;0.281277,0.93088,0.219701,0.0779561
0.834565,-0.0546539,0.459909;0.281788,0.931983,0.214367,0.0777857
0.839097,-0.0623744,0.466392;0.282291,0.933057,0.209028,0.0776129
0.843629,-0.0701861,0.47286;0.282785,0.934104,0.203682,0.0774378
0.848159,-0.0780847,0.479309;0.28327,0.935123,0.198329,0.0772604
0.852683,-0.0860661,0.485734;0.283747,0.936113,0.192971,0.0770806
0.857196,-0.0941261,0.492132;0.284216,0.937076,0.187608,0.0768986
0.861696,-0.102261,0.498498;0.284676,0.938011,0.182238,0.0767143
0.866179,-0.110465,0.504827;0.285127,0.938917,0.176863,0.0765276
0.87064,-0.118736,0.511115;0.28557,0.939796,0.171483,0.0763387
0.875077,-0.127069,0.517356;0.286004,0.940646,0.166098,0.0761475
0.879486,-0.13546,0.523548;0.28643,0.941468,0.160707,0.075954
0.883863,-0.143904,0.529685;0.286848,0.942262,0.155312,0.0757582
0.888205,-0.152397,0.535762;0.287256,0.943028,0.149912,0.0755601
0.892508,-0.160936,0.541776;0.287656,0.943765,0.144508,0.0753598
0.896768,-0.169516,0.547722;0.288048,0.944474,0.139099,0.0751573
0.900982,-0.178133,0.553595;0.28843,0.945155,0.133687,0.0749525
0.905146,-0.186783,0.55939;0.288805,0.945808,0.12827,0.0747454
0.909257,-0.195461,0.565104;0.28917,0.946432,0.122849,0.0745361
0.91331,-0.204164,0.570732;0.289527,0.947028,0.117425,0.0743246
0.917303,-0.212887,0.57627;0.289875,0.947595,0.111997,0.0741108
0.921231,-0.221626,0.581712;0.290215,0.948134,0.106566,0.0738948
0.925092,-0.230376,0.587054;0.290545,0.948645,0.101131,0.0736767
0.928881,-0.239135,0.592293;0.290868,0.949127,0.095694,0.0734563
0.932595,-0.247897,0.597422;0.291181,0.949581,0.0902537,0.0732337
0.936229,-0.256659,0.602439;0.291486,0.950007,0.0848108,0.0730089
0.939782,-0.265416,0.607338;0.291782,0.950404,0.0793653,0.0727819
0.943248,-0.274163,0.612115;0.292069,0.950772,0.0739174,0.0725527
0.946625,-0.282898,0.616766;0.292347,0.951112,0.0684673,0.0723214
0.949909,-0.291616,0.621285;0.292617,0.951424,0.0630151,0.0720879
0.953095,-0.300312,0.625669;0.292878,0.951707,0.0575611,0.0718523
0.956181,-0.308982,0.629913;0.29313,0.951962,0.0521053,0.0716145
0.959163,-0.317623,0.634013;0.293373,0.952188,0.046648,0.0713745
0.962739,-0.328375,0.638927;0.293665,0.95243,0.0398244,0.0710716
0.966139,-0.339066,0.6436;0.293943,0.952628,0.0329989,0.0707653
0.969356,-0.349688,0.648022;0.294208,0.952782,0.0261719,0.0704557
0.972384,-0.360233,0.652185;0.294458,0.95289,0.0193437,0.0701428
0.975215,-0.370692,0.656081;0.294695,0.952955,0.0125145,0.0698267
0.977843,-0.381057,0.6597;0.294918,0.952974,0.00568479,0.0695072
0.98026,-0.39132,0.663033;0.295128,0.952949,-0.0011452,0.0691846
0.982459,-0.401473,0.666073;0.295323,0.952879,-0.00797514,0.0688586
0.984433,-0.411508,0.668809;0.295505,0.952765,-0.0148047,0.0685295
0.986175,-0.421416,0.671234;0.295672,0.952606,-0.0216336,0.0681972
0.987677,-0.43119,0.673338;0.295826,0.952403,-0.0284614,0.0678616
0.989155,-0.44273,0.675428;0.295993,0.9521,-0.0366531,0.0674548
0.990267,-0.45405,0.677028;0.296139,0.951733,-0.0448423,0.0670434
0.990999,-0.465136,0.678125;0.296266,0.951302,-0.0530284,0.0666275
0.991341,-0.475976,0.678702;0.296372,0.950807,-0.061211,0.0662071
0.991279,-0.486553,0.678744;0.296459,0.950247,-0.0693895,0.0657822
0.990802,-0.496854,0.678236;0.296526,0.949624,-0.0775632,0.065353
0.989897,-0.506866,0.677164;0.296572,0.948936,-0.0857318,0.0649193
0.988533,-0.516697,0.675488;0.283448,0.952339,-0.0936784,0.0627105
0.986518,-0.527176,0.672965;0.262682,0.957608,-0.102249,0.0594191
0.983987,-0.537277,0.669764;0.241774,0.962356,-0.110765,0.0560955
0.980967,-0.547004,0.665915;0.220735,0.966582,-0.11922,0.0527413
0.977481,-0.556359,0.661452;0.199575,0.970283,-0.12761,0.0493585
0.973927,-0.564546,0.656886;0.180245,0.97319,-0.135178,0.0462599
0.970026,-0.572433,0.651862;0.160834,0.97566,-0.142685,0.0431406
0.965796,-0.580023,0.646402;0.141351,0.977692,-0.150128,0.0400018
0.961254,-0.587318,0.64053;0.121804,0.979285,-0.157503,0.0368451
0.95642,-0.594322,0.634269;0.102203,0.980438,-0.164808,0.0336719
0.95131,-0.601037,0.627644;0.0825553,0.981151,-0.172039,0.0304835
0.945943,-0.607467,0.620678;0.0628709,0.981424,-0.179192,0.0272815
0.940338,-0.613613,0.613394;0.0431583,0.981256,-0.186265,0.0240672
0.935103,-0.618906,0.606586;0.0254001,0.980728,-0.192559,0.0211651
0.929703,-0.623974,0.599557;0.0076327,0.979844,-0.198784,0.0182552
0.92415,-0.62882,0.592325;-0.0101375,0.978603,-0.204936,0.0153388
0.918458,-0.633445,0.584906;-0.027904,0.977006,-0.211013,0.0124167
0.91264,-0.637852,0.577317;-0.0456604,0.975054,-0.217014,0.00949015
0.906708,-0.642043,0.569576;-0.0634001,0.972747,-0.222936,0.00656013
0.900677,-0.646019,0.5617;-0.0811168,0.970087,-0.228776,0.00362772
0.894559,-0.649784,0.553707;-0.098804,0.967073,-0.234534,0.000693997
0.888367,-0.653339,0.545612;-0.116455,0.963709,-0.240206,-0.00223998
0.882115,-0.656686,0.537434;-0.134064,0.959993,-0.245791,-0.00517314
0.875816,-0.659828,0.52919;-0.151624,0.955929,-0.251287,-0.00810442
0.869482,-0.662766,0.520897;-0.169129,0.951516,-0.256691,-0.0110328
0.863128,-0.665503,0.512572;-0.186573,0.946758,-0.262001,-0.0139571
0.856766,-0.66804,0.504232;-0.203949,0.941656,-0.267217,-0.0168763
0.850409,-0.670381,0.495894;-0.22125,0.936211,-0.272335,-0.0197894
0.844071,-0.672526,0.487576;-0.238471,0.930425,-0.277355,-0.0226953
0.837764,-0.674478,0.479295;-0.255605,0.924301,-0.282273,-0.025593
0.831503,-0.67624,0.471068;-0.272647,0.917841,-0.287089,-0.0284814
0.825299,-0.677813,0.462913;-0.289589,0.911048,-0.2918,-0.0313593
0.819167,-0.679199,0.454845;-0.306426,0.903922,-0.296405,-0.0342259
0.813119,-0.680401,0.446883;-0.323151,0.896469,-0.300903,-0.0370801
0.806515,-0.681522,0.438182;-0.341597,0.887804,-0.305771,-0.0402355
0.800049,-0.682421,0.429655;-0.359889,0.878741,-0.310503,-0.0433728
0.793739,-0.683101,0.421327;-0.37802,0.869284,-0.315095,-0.0464907
0.787604,-0.683564,0.413222;-0.395981,0.859436,-0.319545,-0.0495877
0.781079,-0.683827,0.404591;-0.415533,0.848158,-0.324275,-0.0529686
0.774811,-0.683835,0.396288;-0.434858,0.83642,-0.328829,-0.0563208
0.768295,-0.683559,0.387643;-0.455671,0.823096,-0.333593,-0.0599427
0.762144,-0.682988,0.379468;-0.476189,0.80924,-0.338141,-0.0635259
0.755931,-0.682046,0.371188;-0.49807,0.793639,-0.342821,-0.0673613
0.749806,-0.680659,0.363;-0.52121,0.776165,-0.347571,-0.0714344
0.743588,-0.678613,0.35465;-0.547093,0.755359,-0.352624,-0.0760122
0.737678,-0.675736,0.346656;-0.575459,0.730916,-0.357824,-0.0810576
0.732163,-0.671419,0.33909;-0.608987,0.699602,-0.363472,-0.0870634
0.728073,-0.66443,0.333226;-0.651151,0.656012,-0.369709,-0.094689
0.728334,-0.654764,0.332912;-0.696131,0.603408,-0.375107,-0.10293
0.732165,-0.646645,0.337397;-0.726719,0.563283,-0.377883,-0.10861
0.737238,-0.639947,0.34361;-0.728277,0.568289,-0.36601,-0.112681
0.742573,-0.634264,0.350242;-0.717818,0.591206,-0.349011,-0.115781
0.748111,-0.629004,0.357179;-0.708116,0.610806,-0.333869,-0.118405
0.753921,-0.623865,0.364495;-0.698653,0.628616,-0.319595,-0.120766
0.759808,-0.618892,0.371939;-0.689537,0.644712,-0.306244,-0.122879
0.76561,-0.61413,0.3793;-0.680862,0.65917,-0.293865,-0.12476
0.771196,-0.609626,0.386405;-0.672715,0.672062,-0.282498,-0.126422
0.777053,-0.604948,0.393874;-0.664323,0.684708,-0.271028,-0.128038
0.783157,-0.600091,0.401676;-0.655689,0.697105,-0.259459,-0.129607
0.788843,-0.595562,0.408959;-0.647713,0.708045,-0.248966,-0.130979
0.794693,-0.590878,0.416468;-0.639547,0.718776,-0.2384,-0.132312
0.80069,-0.586035,0.424181;-0.631192,0.729295,-0.227763,-0.133606
0.806818,-0.581029,0.432077;-0.62265,0.739598,-0.217059,-0.13486
0.81236,-0.576438,0.439233;-0.614903,0.748573,-0.207491,-0.135942
0.817979,-0.571712,0.446501;-0.607012,0.757374,-0.197874,-0.136992
0.823662,-0.566847,0.453867;-0.59898,0.765998,-0.188211,-0.138011
0.829399,-0.56184,0.461316;-0.590808,0.774443,-0.178504,-0.138996
0.835177,-0.556689,0.468833;-0.582498,0.782708,-0.168755,-0.13995
0.840984,-0.551389,0.476404;-0.574052,0.79079,-0.158967,-0.140871
0.846807,-0.545938,0.484012;-0.565473,0.798687,-0.149142,-0.141759
0.852635,-0.540333,0.491644;-0.556761,0.806399,-0.139282,-0.142614
0.858456,-0.534571,0.499284;-0.54792,0.813922,-0.12939,-0.143435
0.864258,-0.528649,0.506918;-0.538951,0.821255,-0.119467,-0.144224
0.870028,-0.522563,0.514529;-0.529856,0.828396,-0.109516,-0.144978
0.875755,-0.51631,0.522105;-0.520637,0.835345,-0.0995405,-0.145699
0.881426,-0.509888,0.529629;-0.511297,0.842098,-0.0895412,-0.146386
0.88703,-0.503293,0.537087;-0.501838,0.848655,-0.0795211,-0.147038
0.891868,-0.497379,0.543546;-0.493465,0.85423,-0.0707382,-0.147581
0.896637,-0.491327,0.549933;-0.485003,0.859652,-0.0619426,-0.148098
0.901329,-0.485137,0.556238;-0.476456,0.864921,-0.053136,-0.148588
0.906587,-0.477891,0.563329;-0.466583,0.870753,-0.0430598,-0.149115
0.911721,-0.470457,0.570286;-0.456601,0.876382,-0.0329735,-0.149608
0.91672,-0.462833,0.577092;-0.446512,0.881807,-0.0228795,-0.150066
0.921571,-0.455015,0.583733;-0.43632,0.887026,-0.0127802,-0.150489
0.926263,-0.447002,0.590193;-0.426025,0.892038,-0.00267792,-0.150877
0.930784,-0.438789,0.596458;-0.415631,0.896842,0.007425,-0.151229
0.93512,-0.430374,0.602513;-0.405141,0.901436,0.0175262,-0.151546
0.939262,-0.421753,0.608343;-0.394555,0.905821,0.0276233,-0.151828
0.943195,-0.412923,0.613933;-0.383878,0.909994,0.0377139,-0.152075
0.946909,-0.403882,0.619268;-0.373111,0.913954,0.0477958,-0.152286
0.950391,-0.394625,0.624334;-0.362257,0.917702,0.0578665,-0.152461
0.953629,-0.385151,0.629114;-0.351319,0.921235,0.0679237,-0.152601
0.956611,-0.375456,0.633594;-0.340298,0.924554,0.077965,-0.152705
0.959325,-0.365537,0.63776;-0.329198,0.927656,0.0879882,-0.152774
0.961759,-0.35539,0.641597;-0.318022,0.930543,0.0979908,-0.152807
0.963901,-0.345013,0.645088;-0.306771,0.933212,0.107971,-0.152805
0.965739,-0.334403,0.64822;-0.295449,0.935663,0.117925,-0.152766
0.967261,-0.323556,0.650978;-0.284057,0.937897,0.127852,-0.152692
0.968454,-0.31247,0.653347;-0.2726,0.939911,0.13775,-0.152583
0.96922,-0.302571,0.655088;-0.262522,0.941494,0.146383,-0.152458
0.969717,-0.292483,0.656509;-0.252398,0.942908,0.154991,-0.152306
0.969937,-0.282206,0.657601;-0.242228,0.944155,0.163571,-0.152126
0.969873,-0.271737,0.658354;-0.232015,0.945232,0.172122,-0.15192
0.969515,-0.261073,0.658757;-0.221761,0.946141,0.180642,-0.151686
0.968857,-0.250214,0.6588;-0.211467,0.94688,0.189129,-0.151425
0.96789,-0.239156,0.658473;-0.201135,0.947451,0.197583,-0.151137
0.966605,-0.227898,0.657768;-0.190767,0.947852,0.206002,-0.150822
0.964996,-0.216437,0.656672;-0.180366,0.948084,0.214384,-0.15048
0.963351,-0.206452,0.655415;-0.171424,0.948148,0.221538,-0.150166
0.961457,-0.196314,0.653859;-0.16246,0.948088,0.228663,-0.149832
0.959308,-0.186024,0.651996;-0.153475,0.947903,0.235758,-0.149478
0.956898,-0.17558,0.64982;-0.14447,0.947594,0.242822,-0.149104
0.954224,-0.16498,0.647326;-0.135445,0.94716,0.249854,-0.148711
0.951279,-0.154224,0.644507;-0.126403,0.946602,0.256853,-0.148299
0.948059,-0.143309,0.641356;-0.117344,0.94592,0.263819,-0.147867
0.945161,-0.134092,0.638473;-0.109783,0.945257,0.269597,-0.147492
0.942066,-0.124764,0.635352;-0.102213,0.944508,0.275351,-0.147104
0.93877,-0.115323,0.631988;-0.0946326,0.943672,0.28108,-0.146702
0.935271,-0.10577,0.62838;-0.0870439,0.942751,0.286783,-0.146287
0.931565,-0.0961024,0.624522;-0.0794472,0.941743,0.29246,-0.145859
0.92765,-0.0863208,0.620411;-0.0718433,0.94065,0.29811,-0.145417
0.923522,-0.0764241,0.616044;-0.0642329,0.939471,0.303733,-0.144963
0.91918,-0.0664114,0.611417;-0.0566166,0.938207,0.309328,-0.144494
0.914618,-0.056282,0.606527;-0.0489951,0.936857,0.314896,-0.144013
0.909836,-0.0460352,0.601369;-0.0413692,0.935421,0.320434,-0.143519
0.905849,-0.0377526,0.597047;-0.0352657,0.934212,0.324844,-0.143114
0.901716,-0.0293941,0.592551;-0.0291602,0.932947,0.329235,-0.142701
0.897438,-0.0209591,0.587877;-0.0230529,0.931629,0.333606,-0.142279
0.893011,-0.0124473,0.583024;-0.0169444,0.930256,0.337959,-0.141849
0.888435,-0.00385838,0.57799;-0.0108348,0.928828,0.342291,-0.141411
0.883708,0.00480816,0.572774;-0.00472457,0.927347,0.346604,-0.140965
0.878828,0.0135527,0.567373;0.00138591,0.925812,0.350896,-0.14051
0.873795,0.0223755,0.561785;0.00749631,0.924222,0.355168,-0.140047
0.868606,0.0312771,0.556009;0.0136063,0.922579,0.359419,-0.139576
0.863259,0.0402578,0.550043;0.0197154,0.920882,0.363649,-0.139097
0.857755,0.049318,0.543884;0.0258235,0.919131,0.367858,-0.13861
0.85209,0.0584582,0.537532;0.03193,0.917326,0.372045,-0.138114
0.846264,0.0676786,0.530984;0.0380346,0.915468,0.376211,-0.137611
0.840274,0.0769796,0.524238;0.0441371,0.913557,0.380355,-0.1371
0.834121,0.0863618,0.517292;0.0502369,0.911592,0.384477,-0.13658
0.829396,0.0934518,0.511951;0.0548099,0.910083,0.387553,-0.136185
