0.740473,0.288322,0.422092;0.304451,0.813404,0.488039,-0.0866128
0.750285,0.299072,0.422963;0.305092,0.81545,0.484525,-0.0848269
0.75985,0.309095,0.423721;0.305728,0.81748,0.481001,-0.0830393
0.769169,0.318403,0.424369;0.306357,0.819493,0.477468,-0.08125
0.778246,0.327009,0.424909;0.30698,0.82149,0.473925,-0.0794591
0.787083,0.334924,0.425342;0.307597,0.82347,0.470372,-0.0776666
0.795682,0.342161,0.425671;0.308207,0.825433,0.46681,-0.0758725
0.804048,0.348732,0.425898;0.308812,0.82738,0.463239,-0.0740769
0.812182,0.354648,0.426024;0.30941,0.82931,0.459658,-0.0722798
0.822673,0.361541,0.426041;0.310198,0.831858,0.454869,-0.0698814
0.832764,0.36732,0.425887;0.310975,0.834376,0.450064,-0.0674805
0.842462,0.372016,0.425569;0.311741,0.836864,0.445243,-0.0650771
0.851774,0.375656,0.425092;0.312496,0.839322,0.440406,-0.0626715
0.86288,0.378766,0.424277;0.313423,0.842352,0.434337,-0.0596613
0.873406,0.380327,0.423229;0.314333,0.845336,0.428244,-0.0566478
0.883364,0.380397,0.421959;0.315226,0.848272,0.422128,-0.053631
0.894583,0.37859,0.420152;0.316273,0.851732,0.414756,-0.0500071
0.905026,0.374812,0.418054;0.317295,0.855124,0.407352,-0.046379
0.914715,0.36916,0.415681;0.318292,0.858447,0.399914,-0.0427473
0.923673,0.36173,0.41305;0.319263,0.861701,0.392445,-0.0391121
0.930595,0.354251,0.410671;0.320053,0.864359,0.386196,-0.0360803
0.937038,0.34566,0.408133;0.320824,0.86697,0.379925,-0.0330466
0.943015,0.336015,0.405446;0.321578,0.869531,0.373634,-0.0300109
0.948538,0.32537,0.40262;0.322314,0.872045,0.367321,-0.0269736
0.952639,0.316173,0.400264;0.322889,0.87402,0.362256,-0.0245427
0.956465,0.306401,0.397829;0.323453,0.875964,0.357178,-0.0221109
0.960022,0.296083,0.395321;0.324006,0.877877,0.352088,-0.0196783
0.963317,0.285247,0.392745;0.324546,0.879758,0.346984,-0.017245
0.966356,0.273922,0.390104;0.325076,0.881608,0.341869,-0.0148111
0.969148,0.262138,0.387404;0.325593,0.883426,0.336741,-0.0123766
0.971696,0.249922,0.384649;0.326099,0.885213,0.331601,-0.00994171
0.97401,0.237303,0.381845;0.326593,0.886968,0.326449,-0.00750646
0.975595,0.227592,0.379713;0.326956,0.888263,0.322577,-0.00567984
0.977053,0.217683,0.377558;0.327313,0.88954,0.318699,-0.0038531
0.978389,0.207587,0.375381;0.327663,0.8908,0.314815,-0.00202629
0.979605,0.197318,0.373186;0.328006,0.892042,0.310924,-0.000199436
0.980702,0.186886,0.370974;0.328343,0.893265,0.307027,0.00162742
0.981686,0.176305,0.368746;0.328673,0.894471,0.303124,0.00345425
0.982557,0.165585,0.366507;0.328996,0.895659,0.299214,0.005281
0.983319,0.15474,0.364256;0.329313,0.896828,0.295299,0.00710765
0.983975,0.143782,0.361997;0.329623,0.89798,0.291377,0.00893416
0.984528,0.132722,0.359731;0.329926,0.899113,0.28745,0.0107605
0.984979,0.121573,0.35746;0.330223,0.900229,0.283517,0.0125866
0.985333,0.110346,0.355187;0.330514,0.901326,0.279579,0.0144124
0.985592,0.099054,0.352913;0.330797,0.902405,0.275634,0.016238
0.985759,0.0877092,0.350641;0.331074,0.903466,0.271684,0.0180633
0.985836,0.0763233,0.348373;0.331344,0.904509,0.267729,0.0198881
0.985826,0.0649086,0.34611;0.331608,0.905534,0.263768,0.0217126
0.985733,0.0534771,0.343855;0.331865,0.90654,0.259802,0.0235366
0.985558,0.042041,0.341609;0.332115,0.907528,0.255831,0.0253602
0.985305,0.0306123,0.339376;0.332359,0.908498,0.251855,0.0271833
0.984977,0.0192031,0.337156;0.332595,0.909449,0.247873,0.0290058
0.984576,0.0078256,0.334952;0.332825,0.910382,0.243887,0.0308277
0.984105,-0.00350816,0.332766;0.333049,0.911297,0.239895,0.032649
0.983567,-0.0147861,0.3306;0.333266,0.912194,0.235899,0.0344696
0.983,-0.0253589,0.328578;0.333464,0.913022,0.232126,0.0361858
0.982417,-0.0352387,0.326695;0.349738,0.906847,0.231752,0.0400475
0.981787,-0.0450525,0.324832;0.3659,0.900382,0.231305,0.0438965
0.981023,-0.0560097,0.32276;0.383944,0.892768,0.230713,0.0482099
0.980201,-0.0668738,0.320714;0.401833,0.884794,0.230029,0.0525039
0.979324,-0.0776396,0.318696;0.41956,0.876464,0.229252,0.0567767
0.978393,-0.0883022,0.316706;0.437119,0.867781,0.228382,0.0610267
0.977409,-0.0988563,0.314745;0.454501,0.858749,0.227421,0.0652521
0.976374,-0.109297,0.312814;0.471701,0.849372,0.226368,0.0694513
0.975289,-0.119619,0.310914;0.48871,0.839652,0.225224,0.0736225
0.974157,-0.129817,0.309045;0.505523,0.829595,0.22399,0.0777641
0.972977,-0.139887,0.30721;0.522133,0.819203,0.222665,0.0818743
0.971753,-0.149823,0.305408;0.538532,0.808482,0.221251,0.0859516
0.970485,-0.15962,0.303641;0.554715,0.797436,0.219748,0.0899944
0.969027,-0.170336,0.301719;0.572433,0.784785,0.217973,0.0944437
0.967519,-0.180867,0.299842;0.589867,0.771745,0.216091,0.0988461
0.965963,-0.191207,0.298011;0.607008,0.758322,0.214101,0.103199
0.964361,-0.201348,0.296228;0.623848,0.744521,0.212005,0.107501
0.962716,-0.211283,0.294493;0.640377,0.730351,0.209804,0.11175
0.961029,-0.221005,0.292809;0.656588,0.715817,0.207498,0.115943
0.959129,-0.231446,0.291015;0.674043,0.69942,0.204842,0.120489
0.957183,-0.241612,0.289285;0.691093,0.682602,0.202064,0.124962
0.955194,-0.251493,0.287621;0.707727,0.665374,0.199164,0.12936
0.95298,-0.261937,0.285882;0.725388,0.646123,0.195863,0.13407
0.950723,-0.272019,0.284224;0.742529,0.626411,0.192423,0.138683
0.948425,-0.281728,0.282651;0.75914,0.60625,0.188845,0.143197
0.945896,-0.29181,0.281044;0.776521,0.58392,0.184816,0.147971
0.943328,-0.301424,0.279541;0.79325,0.561099,0.180632,0.152622
0.940526,-0.311237,0.278041;0.810521,0.535997,0.175957,0.157486
0.937486,-0.321106,0.276576;0.828149,0.508523,0.170758,0.162528
0.93421,-0.330873,0.275179;0.845931,0.478592,0.165002,0.167705
0.9307,-0.34036,0.273887;0.863645,0.446124,0.158656,0.172972
0.926754,-0.349835,0.272686;0.881974,0.40908,0.151295,0.178564
0.92238,-0.358866,0.271667;0.900391,0.367286,0.142843,0.184373
0.917182,-0.367558,0.27089;0.91974,0.316489,0.132376,0.190759
0.910592,-0.375252,0.270619;0.940333,0.250057,0.118382,0.198067
0.901567,-0.37914,0.271685;0.96118,0.154564,0.097701,0.206632
0.893182,-0.374557,0.27446;0.972221,0.0596839,0.0765284,0.212998
0.887803,-0.366371,0.27739;0.974392,-0.00539205,0.0616581,0.216168
0.883907,-0.357179,0.280231;0.973107,-0.0552826,0.0500673,0.217944
0.880858,-0.347609,0.282979;0.970116,-0.0963927,0.0403916,0.218979
0.878419,-0.338126,0.285581;0.966247,-0.130881,0.0321868,0.219547
0.876266,-0.328125,0.288239;0.964406,-0.144432,0.0278499,0.219739
0.874453,-0.318342,0.290777;0.963511,-0.150621,0.025054,0.219845
0.872726,-0.307722,0.29348;0.962571,-0.156803,0.0222569,0.219941
0.871083,-0.296304,0.296337;0.961586,-0.162977,0.0194588,0.220027
0.869778,-0.286206,0.298829;0.960731,-0.168117,0.0171263,0.22009
0.868529,-0.275602,0.301415;0.959844,-0.173251,0.0147933,0.220147
0.867337,-0.264514,0.30409;0.958926,-0.178379,0.0124598,0.220196
0.866201,-0.252963,0.306848;0.957977,-0.183502,0.0101259,0.220238
0.86512,-0.240972,0.309683;0.956997,-0.188618,0.00779163,0.220273
0.864294,-0.231077,0.312003;0.95619,-0.192707,0.00592405,0.220295
0.863503,-0.220925,0.314366;0.955363,-0.196792,0.00405635,0.220313
0.862746,-0.210528,0.316769;0.954516,-0.200873,0.00218856,0.220327
0.862023,-0.199897,0.319208;0.95365,-0.204949,0.000320728,0.220336
0.861333,-0.189044,0.321682;0.952763,-0.209022,-0.00154711,0.22034
0.860677,-0.177978,0.324187;0.951857,-0.213089,-0.00341492,0.22034
0.860053,-0.166712,0.326719;0.950931,-0.217153,-0.00528266,0.220335
0.859462,-0.155257,0.329277;0.949985,-0.221212,-0.00715028,0.220325
0.858903,-0.143625,0.331856;0.949019,-0.225266,-0.00901776,0.220311
0.858376,-0.131825,0.334455;0.948033,-0.229316,-0.0108851,0.220292
0.85788,-0.119871,0.33707;0.947028,-0.233361,-0.0127521,0.220269
0.857416,-0.107772,0.339699;0.946003,-0.237401,-0.0146189,0.220241
0.856982,-0.0955399,0.342338;0.944958,-0.241436,-0.0164854,0.220209
0.856579,-0.0831865,0.344984;0.943893,-0.245465,-0.0183516,0.220171
0.856206,-0.0707226,0.347634;0.942809,-0.24949,-0.0202173,0.22013
0.855862,-0.0581596,0.350286;0.941705,-0.25351,-0.0220827,0.220084
0.855548,-0.0455086,0.352936;0.940581,-0.257524,-0.0239475,0.220033
0.855263,-0.032781,0.355582;0.939438,-0.261533,-0.0258119,0.219977
0.855007,-0.0199879,0.358221;0.938275,-0.265537,-0.0276758,0.219917
0.854779,-0.00714052,0.360849;0.937093,-0.269535,-0.029539,0.219853
0.85458,0.00574979,0.363464;0.935891,-0.273527,-0.0314017,0.219783
0.854408,0.0186718,0.366063;0.93467,-0.277514,-0.0332637,0.21971
0.854263,0.0316144,0.368642;0.933429,-0.281495,-0.035125,0.219631
0.854146,0.0445662,0.371199;0.932168,-0.28547,-0.0369856,0.219548
0.854055,0.057516,0.373731;0.930888,-0.289439,-0.0388454,0.219461
0.85399,0.0704526,0.376235;0.929589,-0.293402,-0.0407043,0.219369
0.853952,0.0833647,0.378708;0.92827,-0.297359,-0.0425625,0.219272
0.85394,0.0962411,0.381147;0.926932,-0.301309,-0.0444197,0.219171
0.853952,0.109071,0.383549;0.925575,-0.305254,-0.0462761,0.219065
0.85399,0.121842,0.385911;0.924198,-0.309192,-0.0481314,0.218954
0.854053,0.134544,0.38823;0.922803,-0.313123,-0.0499858,0.218839
0.854139,0.147165,0.390503;0.921387,-0.317049,-0.0518391,0.21872
0.85425,0.159694,0.392728;0.919953,-0.320967,-0.0536913,0.218596
0.854385,0.17212,0.394901;0.918499,-0.324879,-0.0555424,0.218467
0.854543,0.184432,0.397019;0.917027,-0.328784,-0.0573924,0.218334
0.854723,0.196618,0.39908;0.915535,-0.332682,-0.0592411,0.218196
0.854927,0.208667,0.40108;0.914024,-0.336573,-0.0610887,0.218054
0.855153,0.220568,0.403016;0.912494,-0.340457,-0.0629349,0.217907
0.855401,0.23231,0.404886;0.910945,-0.344334,-0.0647798,0.217755
0.85567,0.243881,0.406686;0.909377,-0.348204,-0.0666234,0.2176
0.855961,0.25527,0.408415;0.907789,-0.352067,-0.0684656,0.217439
0.856272,0.266467,0.410067;0.906184,-0.355922,-0.0703064,0.217274
0.856605,0.277458,0.411642;0.904559,-0.35977,-0.0721457,0.217104
0.856957,0.288235,0.413135;0.902915,-0.36361,-0.0739835,0.21693
0.85733,0.298784,0.414544;0.901252,-0.367443,-0.0758197,0.216752
0.857722,0.309096,0.415866;0.899571,-0.371268,-0.0776544,0.216569
0.858133,0.319158,0.417097;0.897871,-0.375085,-0.0794875,0.216381
0.858674,0.331368,0.418506;0.895719,-0.379846,-0.0817764,0.21614
0.859244,0.343149,0.419763;0.893539,-0.384594,-0.0840627,0.215892
0.859842,0.35448,0.420863;0.891329,-0.38933,-0.0863463,0.215637
0.860468,0.365337,0.421801;0.88909,-0.394053,-0.0886271,0.215375
0.86112,0.375699,0.42257;0.886822,-0.398763,-0.0909049,0.215106
0.861938,0.38745,0.423262;0.884063,-0.404398,-0.0936345,0.214774
0.862792,0.398418,0.423693;0.881262,-0.410015,-0.0963596,0.214432
0.86369,0.408649,0.423854;0.879767,-0.412781,-0.0991432,0.213992
0.864688,0.418636,0.423716;0.886163,-0.398598,-0.102338,0.212982
0.865878,0.428885,0.423181;0.893198,-0.382265,-0.105957,0.211762
0.867279,0.43899,0.422125;0.900759,-0.36374,-0.109986,0.210307
0.86908,0.449387,0.420222;0.909488,-0.340892,-0.114848,0.208408
0.871335,0.459071,0.417176;0.91907,-0.313616,-0.120502,0.205996
0.874298,0.467414,0.41237;0.929761,-0.279672,-0.127315,0.20278
0.878291,0.472856,0.404964;0.941392,-0.236727,-0.135593,0.198384
0.882826,0.473394,0.395853;0.95151,-0.191109,-0.143983,0.193327
0.886991,0.470294,0.387241;0.958457,-0.151658,-0.150914,0.188641
0.890908,0.465258,0.379169;0.963285,-0.116375,-0.156863,0.18421
0.894762,0.458951,0.371402;0.966653,-0.0831561,-0.162252,0.179835
0.898517,0.451973,0.364106;0.968783,-0.052064,-0.167111,0.175562
0.902141,0.444784,0.35739;0.969882,-0.0231448,-0.171472,0.171435
0.905894,0.437128,0.350824;0.970134,0.00579456,-0.175684,0.167159
0.909475,0.429828,0.344976;0.969614,0.0325039,-0.179435,0.163082
0.913478,0.421867,0.338956;0.968236,0.0614111,-0.183347,0.158528
0.91761,0.414054,0.333351;0.966013,0.0902647,-0.1871,0.153836
0.922204,0.406048,0.327884;0.962674,0.121249,-0.190959,0.148632
0.92729,0.398231,0.322807;0.958015,0.154309,-0.194878,0.14289
0.932901,0.391119,0.318435;0.951818,0.189375,-0.198809,0.136583
0.939813,0.384845,0.314871;0.942824,0.230686,-0.203134,0.128858
0.948891,0.380885,0.313169;0.953799,0.177581,-0.190584,0.149702
0.958755,0.379608,0.31414;0.964106,0.0967461,-0.172007,0.177635
0.968455,0.378173,0.316857;0.966925,0.01516,-0.152095,0.204188
0.977035,0.373805,0.319951;0.962782,-0.0611061,-0.132441,0.227544
0.983438,0.366257,0.322191;0.954654,-0.122566,-0.115868,0.245331
0.987899,0.357111,0.323409;0.94558,-0.169213,-0.102844,0.258202
0.991174,0.347112,0.32391;0.936459,-0.206574,-0.092128,0.268111
0.993583,0.337059,0.323913;0.927914,-0.236566,-0.0833383,0.275801
0.995511,0.326582,0.323563;0.91952,-0.262813,-0.0755056,0.282333
0.997022,0.316186,0.322958;0.911602,-0.285377,-0.0686643,0.287797
0.998275,0.305433,0.322125;0.903769,-0.306042,-0.0623096,0.292674
0.9993,0.294546,0.32111;0.896149,-0.324836,-0.0564541,0.297004
1.00012,0.283753,0.319965;0.888861,-0.341791,-0.0511081,0.30082
1.00077,0.273278,0.318743;0.88201,-0.356939,-0.0462799,0.304156
1.00128,0.26334,0.317496;0.87569,-0.370311,-0.0419761,0.307042
1.00171,0.252793,0.316091;0.869155,-0.383591,-0.0376619,0.309852
1.00206,0.241619,0.314522;0.862407,-0.396778,-0.0333385,0.312587
1.00231,0.231312,0.313009;0.856328,-0.408236,-0.0295488,0.314916
1.0025,0.220498,0.311361;0.850088,-0.419618,-0.0257535,0.317187
1.00262,0.209165,0.309573;0.843689,-0.43092,-0.0219533,0.319398
1.00268,0.199029,0.307927;0.838077,-0.440544,-0.0186927,0.321245
1.00269,0.188494,0.306172;0.83235,-0.450107,-0.0154296,0.323048
1.00265,0.177554,0.304307;0.826507,-0.459607,-0.0121643,0.324806
1.00256,0.166199,0.302327;0.820551,-0.469044,-0.00889733,0.326519
1.00243,0.154424,0.300231;0.814481,-0.478416,-0.00562913,0.328187
1.00228,0.144283,0.298393;0.809337,-0.486176,-0.00290502,0.329543
1.00209,0.13384,0.296471;0.804115,-0.493889,-0.000180625,0.330867
1.00186,0.12309,0.294463;0.798816,-0.501555,0.00254378,0.332159
1.0016,0.112028,0.292367;0.79344,-0.509173,0.00526795,0.333419
1.0013,0.10065,0.290182;0.787988,-0.516741,0.00799161,0.334648
1.00097,0.0889517,0.287906;0.782461,-0.524261,0.0107145,0.335844
1.00059,0.0769285,0.285538;0.776858,-0.53173,0.0134364,0.337008
1.00027,0.0670728,0.283576;0.772323,-0.537668,0.0156129,0.337916
0.999915,0.057004,0.281553;0.76774,-0.543573,0.0177886,0.338803
0.999538,0.0467198,0.279468;0.763109,-0.549445,0.0199631,0.339669
0.999135,0.0362178,0.277321;0.758432,-0.555284,0.0221364,0.340515
0.998706,0.0254958,0.275111;0.753709,-0.561088,0.0243083,0.341339
0.998252,0.0145514,0.272836;0.748939,-0.566858,0.0264788,0.342143
0.997771,0.00338233,0.270496;0.744123,-0.572593,0.0286476,0.342926
0.997263,-0.00801365,0.268091;0.739261,-0.578293,0.0308147,0.343687
0.996729,-0.0196389,0.265619;0.734354,-0.583957,0.0329798,0.344428
0.996167,-0.0314956,0.263079;0.729402,-0.589585,0.035143,0.345147
0.995579,-0.0435862,0.260472;0.724405,-0.595178,0.037304,0.345845
0.994962,-0.0559129,0.257795;0.719364,-0.600733,0.0394627,0.346522
0.994318,-0.0684781,0.255049;0.714279,-0.606252,0.0416189,0.347178
0.993646,-0.081284,0.252232;0.709149,-0.611734,0.0437727,0.347812
0.993123,-0.0910477,0.250072;0.705274,-0.61582,0.0453862,0.348274
0.992584,-0.100949,0.247872;0.701374,-0.619885,0.0469982,0.348724
0.992029,-0.110989,0.245631;0.697449,-0.623929,0.0486085,0.349161
0.991457,-0.121169,0.243348;0.693501,-0.627952,0.0502172,0.349587
0.990869,-0.131489,0.241025;0.689529,-0.631952,0.0518241,0.350001
0.990265,-0.141951,0.238659;0.685533,-0.635931,0.0534292,0.350402
0.989644,-0.152555,0.236251;0.681513,-0.639888,0.0550325,0.350791
0.989007,-0.163303,0.2338;0.67747,-0.643823,0.0566339,0.351169
0.988352,-0.174195,0.231307;0.673403,-0.647735,0.0582334,0.351534
