0.708754,0.194693,0.44956;-0.234382,0.870641,-0.348494,-0.256126
0.714363,0.188221,0.457063;-0.241714,0.869563,-0.349383,-0.251725
0.719878,0.181868,0.464433;-0.249028,0.868419,-0.350246,-0.247306
0.725298,0.175632,0.471669;-0.256323,0.867211,-0.351083,-0.242868
0.730626,0.169513,0.478774;-0.263599,0.865937,-0.351894,-0.238412
0.735861,0.163509,0.485747;-0.270855,0.864598,-0.352677,-0.233937
0.741004,0.15762,0.492591;-0.278091,0.863194,-0.353435,-0.229446
0.746056,0.151846,0.499305;-0.285306,0.861725,-0.354166,-0.224937
0.751017,0.146185,0.505891;-0.292499,0.860192,-0.35487,-0.220411
0.757093,0.139267,0.513944;-0.30146,0.858185,-0.355713,-0.21473
0.76303,0.132523,0.5218;-0.310386,0.856077,-0.356514,-0.209024
0.768829,0.125952,0.529461;-0.319275,0.853868,-0.357274,-0.203294
0.774492,0.119552,0.536928;-0.328126,0.851559,-0.357991,-0.19754
0.78002,0.113322,0.544204;-0.33694,0.849151,-0.358667,-0.191763
0.785414,0.10726,0.551289;-0.345713,0.846643,-0.3593,-0.185963
0.790677,0.101365,0.558186;-0.354446,0.844035,-0.359891,-0.180141
0.795808,0.0956351,0.564897;-0.363138,0.841328,-0.36044,-0.174298
0.801795,0.0889748,0.572706;-0.373511,0.83795,-0.361044,-0.16726
0.807598,0.0825475,0.580253;-0.383822,0.834431,-0.361586,-0.160194
0.81322,0.0763503,0.58754;-0.394067,0.83077,-0.362067,-0.1531
0.818661,0.0703807,0.594571;-0.404246,0.826969,-0.362486,-0.145981
0.823926,0.064636,0.601348;-0.414357,0.823029,-0.362845,-0.138837
0.829847,0.0582144,0.608939;-0.426064,0.818256,-0.363186,-0.130472
0.835534,0.0520911,0.616194;-0.437674,0.813294,-0.363443,-0.122078
0.840991,0.0462618,0.623119;-0.449182,0.808146,-0.363617,-0.113656
0.846221,0.0407222,0.629718;-0.460588,0.802812,-0.363707,-0.105207
0.851924,0.0347406,0.636866;-0.473493,0.79649,-0.363708,-0.0955223
0.857342,0.0291256,0.643604;-0.486255,0.789929,-0.363599,-0.0858086
0.863102,0.023239,0.6507;-0.500439,0.782264,-0.363347,-0.0748502
0.868516,0.0177994,0.657296;-0.514432,0.774302,-0.362956,-0.0638632
0.874133,0.0122687,0.664049;-0.52975,0.765111,-0.36236,-0.0516272
0.879841,0.00679469,0.670795;-0.546313,0.754585,-0.361508,-0.0381399
0.885523,0.00153287,0.677361;-0.564028,0.742615,-0.360345,-0.023402
0.891455,-0.00369748,0.684007;-0.584212,0.728015,-0.35868,-0.00618853
0.897691,-0.00878,0.690664;-0.607998,0.709389,-0.356215,0.0147197
0.904269,-0.0133855,0.697087;-0.637551,0.68386,-0.352309,0.0417436
0.911982,-0.0164619,0.702776;-0.685151,0.636143,-0.343683,0.0881632
0.916007,-0.00998165,0.699352;-0.751735,0.550683,-0.325001,0.161299
0.914843,-0.00235736,0.692838;-0.779737,0.505032,-0.31371,0.196314
0.912796,0.00518335,0.686021;-0.798982,0.468578,-0.304155,0.222605
0.910453,0.0124043,0.679334;-0.813386,0.437583,-0.29569,0.243909
0.907922,0.0195514,0.672629;-0.825107,0.409221,-0.287692,0.262622
0.905213,0.0268136,0.66576;-0.835116,0.38202,-0.279807,0.27991
0.902426,0.0340476,0.658884;-0.843589,0.356102,-0.27211,0.295811
0.899515,0.0414545,0.651822;-0.847084,0.344644,-0.267834,0.303206
0.896566,0.0488684,0.644742;-0.83976,0.369304,-0.27238,0.290218
0.893707,0.0559989,0.637927;-0.832319,0.391922,-0.276394,0.277936
0.890747,0.0633513,0.630901;-0.824267,0.414252,-0.280206,0.265451
0.887936,0.0703226,0.624244;-0.816297,0.434595,-0.283541,0.253752
0.88506,0.0774591,0.617438;-0.807817,0.454667,-0.286699,0.241895
0.882129,0.0847493,0.610497;-0.798832,0.474454,-0.289678,0.229887
0.879154,0.0921817,0.603435;-0.789347,0.493944,-0.292476,0.217735
0.876146,0.0997448,0.596269;-0.779369,0.513125,-0.295091,0.205446
0.873367,0.106783,0.589619;-0.769793,0.530427,-0.297326,0.194069
0.870577,0.113912,0.582905;-0.759814,0.54745,-0.299405,0.18259
0.867784,0.121123,0.576137;-0.749435,0.564185,-0.301326,0.171015
0.864995,0.128409,0.569327;-0.738662,0.580623,-0.303089,0.159349
0.862218,0.135759,0.562486;-0.727501,0.596757,-0.304693,0.147601
0.859462,0.143164,0.555626;-0.715958,0.612577,-0.306137,0.135774
0.856734,0.150617,0.548757;-0.704038,0.628075,-0.30742,0.123877
0.854043,0.158108,0.541892;-0.691749,0.643243,-0.308541,0.111914
0.851397,0.165628,0.535041;-0.679096,0.658073,-0.3095,0.0998921
0.848803,0.173169,0.528216;-0.666087,0.672557,-0.310297,0.087818
0.846269,0.180722,0.521429;-0.652727,0.686688,-0.31093,0.0756978
0.843804,0.188277,0.51469;-0.639024,0.700457,-0.3114,0.0635377
0.841416,0.195825,0.50801;-0.624986,0.713859,-0.311707,0.0513443
0.839113,0.203359,0.501402;-0.610619,0.726886,-0.311849,0.0391239
0.836902,0.21087,0.494877;-0.595931,0.739531,-0.311828,0.026883
0.834791,0.218347,0.488446;-0.580931,0.751787,-0.311643,0.0146279
0.832613,0.226456,0.48155;-0.564218,0.764707,-0.311255,0.00125018
0.830575,0.234505,0.474794;-0.547153,0.777148,-0.310671,-0.0121283
0.828687,0.242481,0.468193;-0.529746,0.789104,-0.309894,-0.0254992
0.826959,0.250373,0.461761;-0.512007,0.800566,-0.308923,-0.0388542
0.825402,0.25817,0.455514;-0.493948,0.811527,-0.307758,-0.0521849
0.823921,0.266495,0.44897;-0.474036,0.822829,-0.306279,-0.0665894
0.822666,0.27468,0.442679;-0.453776,0.833528,-0.304576,-0.080945
0.821649,0.282711,0.436659;-0.433184,0.843614,-0.302649,-0.0952412
0.820838,0.291169,0.4305;-0.410652,0.853784,-0.300325,-0.110559
0.820335,0.299412,0.4247;-0.38777,0.863227,-0.297746,-0.125782
0.820159,0.307986,0.41891;-0.362888,0.872529,-0.294702,-0.141974
0.820407,0.316811,0.413252;-0.335958,0.881511,-0.291137,-0.159091
0.821189,0.325795,0.407862;-0.306935,0.889981,-0.286995,-0.177085
0.822633,0.334833,0.402899;-0.275787,0.897731,-0.282216,-0.195894
0.82491,0.343923,0.398483;-0.2595,0.908407,-0.267833,-0.189004
0.828092,0.352859,0.394791;-0.24881,0.920231,-0.248939,-0.171169
0.832301,0.36172,0.391842;-0.23704,0.932008,-0.228333,-0.151784
0.837577,0.370342,0.389748;-0.224146,0.943511,-0.205982,-0.130833
0.843916,0.378549,0.388591;-0.210087,0.954494,-0.181862,-0.108308
0.851257,0.386159,0.38841;-0.194825,0.964692,-0.155954,-0.0842084
0.85901,0.392633,0.389128;-0.179254,0.973357,-0.129798,-0.0599753
0.867427,0.39826,0.390663;-0.162458,0.980845,-0.10188,-0.0342137
0.876265,0.402839,0.39291;-0.144415,0.986854,-0.0722155,-0.0069557
0.885621,0.406288,0.395835;-0.12414,0.991216,-0.0392636,0.0231854
0.894902,0.408144,0.399173;-0.101592,0.993237,-0.00306721,0.05613
0.904357,0.407649,0.402892;-0.0727476,0.991667,0.0425714,0.0974243
0.911488,0.401633,0.405542;-0.0314262,0.981633,0.10671,0.154993
0.909913,0.391996,0.403761;0.00307716,0.966428,0.159175,0.20167
0.90477,0.384015,0.400187;0.0206641,0.955975,0.188171,0.224225
0.898715,0.377117,0.396162;-0.00167312,0.96535,0.182302,0.186718
0.892145,0.370561,0.391919;-0.0208183,0.971827,0.176976,0.154265
0.885369,0.364257,0.387663;-0.0378112,0.97637,0.172021,0.125224
0.878316,0.357956,0.383357;-0.0537019,0.979585,0.167191,0.0978631
0.871204,0.351746,0.379141;-0.0684834,0.981671,0.162527,0.0722344
0.864208,0.345706,0.375121;-0.0821541,0.982815,0.158065,0.0483775
0.856893,0.339412,0.371057;-0.095761,0.983196,0.15348,0.0244831
0.849318,0.332873,0.367006;-0.109293,0.982812,0.148776,0.000569537
0.842147,0.326628,0.363328;-0.12171,0.98178,0.144331,-0.0215053
0.83485,0.32019,0.359755;-0.134045,0.980098,0.13979,-0.0435659
0.827473,0.313566,0.356331;-0.146292,0.977767,0.135157,-0.0655976
0.820064,0.306764,0.353103;-0.158442,0.974788,0.130434,-0.0875859
0.812666,0.29979,0.350113;-0.170488,0.971163,0.125625,-0.109516
0.805327,0.292653,0.347408;-0.18242,0.966896,0.120733,-0.131374
0.798093,0.28536,0.345033;-0.194231,0.961988,0.115761,-0.153145
0.79101,0.277918,0.343031;-0.205914,0.956443,0.110712,-0.174814
0.784122,0.270334,0.341449;-0.21746,0.950264,0.105589,-0.196368
0.777478,0.262616,0.34033;-0.228863,0.943456,0.100397,-0.217791
0.771122,0.254771,0.33972;-0.240113,0.936023,0.0951384,-0.23907
0.764615,0.246137,0.339685;-0.252122,0.927272,0.0893705,-0.261944
0.758559,0.237373,0.340358;-0.263935,0.917799,0.0835331,-0.284614
0.753012,0.228487,0.341794;-0.275542,0.907614,0.0776308,-0.307062
0.748034,0.219489,0.344051;-0.286936,0.896723,0.0716681,-0.329272
0.743682,0.210388,0.347185;-0.298106,0.885135,0.0656498,-0.351226
0.740015,0.201194,0.351255;-0.309045,0.872859,0.0595804,-0.372907
0.737288,0.192632,0.355891;-0.318929,0.860924,0.0539367,-0.392663
0.735241,0.184006,0.361418;-0.328602,0.84842,0.0482572,-0.41216
0.733919,0.175323,0.367879;-0.338057,0.835354,0.0425458,-0.431383
0.733384,0.16732,0.374661;-0.346528,0.82289,0.0372855,-0.448754
0.73349,0.160013,0.381571;-0.354062,0.811162,0.0324853,-0.464329
0.734187,0.15268,0.389216;-0.361432,0.799061,0.0276702,-0.47969
0.735342,0.146063,0.396746;-0.367924,0.787855,0.0233257,-0.493327
0.736953,0.13965,0.40463;-0.376396,0.783834,0.0198936,-0.493493
0.739029,0.133259,0.413054;-0.386496,0.784995,0.017058,-0.483851
0.741546,0.126874,0.422008;-0.396517,0.785997,0.0142189,-0.47411
0.74403,0.121415,0.430072;-0.405043,0.786727,0.011783,-0.465684
0.746795,0.115976,0.438466;-0.413507,0.78734,0.0093454,-0.457188
0.749822,0.110565,0.447165;-0.42191,0.787834,0.00690637,-0.448623
0.75309,0.105188,0.456141;-0.430249,0.78821,0.00446631,-0.439991
0.75658,0.0998532,0.465368;-0.438523,0.788467,0.00202557,-0.431292
0.760273,0.0945674,0.474819;-0.446732,0.788606,-0.000415465,-0.422529
0.764148,0.0893379,0.484466;-0.454873,0.788627,-0.00285644,-0.413703
0.768185,0.084172,0.494284;-0.462947,0.788529,-0.00529699,-0.404814
0.772367,0.0790769,0.504245;-0.47095,0.788313,-0.00773674,-0.395864
0.775946,0.0748902,0.512635;-0.477566,0.788042,-0.00976899,-0.388361
0.779599,0.0707619,0.521091;-0.484132,0.78769,-0.0118002,-0.380817
0.783316,0.0666961,0.529597;-0.490648,0.787255,-0.0138302,-0.373234
0.787084,0.062697,0.538138;-0.497112,0.786738,-0.0158588,-0.365611
0.790892,0.0587689,0.546697;-0.503525,0.786139,-0.0178857,-0.357951
0.794729,0.0549158,0.555259;-0.509885,0.785458,-0.0199108,-0.350253
0.798583,0.0511419,0.563809;-0.516192,0.784695,-0.0219337,-0.342518
0.802443,0.0474516,0.572332;-0.522445,0.78385,-0.0239544,-0.334748
0.807067,0.0431391,0.5825;-0.529876,0.782729,-0.0263759,-0.325378
0.811663,0.0389601,0.592579;-0.537228,0.78149,-0.0287934,-0.315959
0.816212,0.0349217,0.602543;-0.5445,0.780134,-0.0312067,-0.306492
0.820694,0.0310311,0.612363;-0.55169,0.77866,-0.0336152,-0.29698
0.825089,0.0272957,0.622014;-0.558796,0.77707,-0.0360187,-0.287423
0.829377,0.0237225,0.631469;-0.565819,0.775363,-0.0384168,-0.277823
0.83354,0.0203189,0.6407;-0.572757,0.773539,-0.0408091,-0.268181
0.837556,0.017092,0.649681;-0.579609,0.771599,-0.0431952,-0.258498
0.842031,0.0135604,0.659808;-0.587493,0.76919,-0.0459709,-0.247154
0.84625,0.0102907,0.669515;-0.595257,0.766624,-0.0487372,-0.235758
0.850181,0.00729432,0.67876;-0.602899,0.7639,-0.0514935,-0.224315
0.85428,0.00421939,0.688705;-0.611482,0.760597,-0.0546306,-0.21118
0.857916,0.00153363,0.697928;-0.619902,0.757091,-0.0577532,-0.197989
0.861394,-0.00100133,0.707361;-0.629176,0.752904,-0.0612476,-0.183087
0.864671,-0.00336571,0.717406;-0.640223,0.747443,-0.0654903,-0.164789
0.86711,-0.00514099,0.727586;-0.653814,0.739946,-0.070842,-0.141382
0.866103,-0.00471988,0.737321;-0.675863,0.725691,-0.0798793,-0.100997
0.857983,0.000157765,0.736142;-0.695471,0.710394,-0.0883603,-0.0620662
0.850591,0.0045791,0.73093;-0.705095,0.701789,-0.092709,-0.0416946
0.8435,0.00878589,0.724782;-0.712035,0.695058,-0.095934,-0.0263988
0.836024,0.0131882,0.717623;-0.718002,0.688878,-0.0987736,-0.0127949
0.828539,0.0175662,0.709999;-0.723067,0.683319,-0.101237,-0.000888546
0.821397,0.0217185,0.70242;-0.72729,0.678443,-0.103331,0.00931714
0.814918,0.0254662,0.695348;-0.730726,0.674302,-0.105065,0.0178209
0.807948,0.0294797,0.687571;-0.734085,0.670091,-0.106788,0.0263227
0.80051,0.0337431,0.679115;-0.737354,0.66583,-0.108492,0.0347834
