0.736733,0.0477899,0.56616;0.671188,-0.327651,0.507475,-0.429675
0.728269,0.0424158,0.561273;0.674534,-0.328437,0.501981,-0.430289
0.720135,0.0372681,0.556501;0.677852,-0.329209,0.496465,-0.430884
0.712327,0.0323438,0.551843;0.68114,-0.329968,0.490928,-0.431461
0.702418,0.0261203,0.545807;0.685481,-0.330957,0.483514,-0.432202
0.693072,0.0202814,0.539968;0.689769,-0.331922,0.476062,-0.43291
0.684278,0.0148197,0.534322;0.694006,-0.332861,0.468575,-0.433586
0.676027,0.00972815,0.528866;0.69819,-0.333775,0.461053,-0.434229
0.668308,0.00499943,0.523598;0.702322,-0.334664,0.453496,-0.434839
0.659394,-0.000412207,0.51727;0.707412,-0.335741,0.444002,-0.435556
0.651276,-0.00528228,0.511222;0.712419,-0.336777,0.434455,-0.436222
0.643936,-0.0096249,0.505449;0.717342,-0.337774,0.424858,-0.436836
0.636126,-0.0141597,0.498875;0.723138,-0.338918,0.413275,-0.437505
0.628348,-0.0185484,0.491678;0.729745,-0.340179,0.399673,-0.438192
0.621152,-0.0224225,0.484056;0.737089,-0.341525,0.384015,-0.438854
0.615118,-0.0253941,0.476219;0.745086,-0.342916,0.366261,-0.43944
0.610278,-0.0272098,0.466922;0.755307,-0.344567,0.342374,-0.43996
0.608998,-0.0263041,0.457031;0.767361,-0.346303,0.312191,-0.440191
0.612915,-0.0218504,0.448421;0.779323,-0.347749,0.279631,-0.439924
0.619679,-0.015893,0.442758;0.78835,-0.348616,0.252927,-0.439316
0.627635,-0.00941291,0.438812;0.7955,-0.349133,0.230172,-0.438529
0.63551,-0.00324152,0.43611;0.801012,-0.349408,0.211457,-0.437698
0.643442,0.00282949,0.434073;0.805655,-0.34954,0.194753,-0.43682
0.652169,0.00939121,0.432353;0.810056,-0.349567,0.177991,-0.435811
0.660392,0.0154898,0.431087;0.813706,-0.349504,0.16328,-0.43482
0.669108,0.0218811,0.430027;0.817169,-0.349361,0.148531,-0.433728
0.678263,0.0285265,0.429154;0.820443,-0.349137,0.133748,-0.432536
0.686418,0.0343954,0.428543;0.823099,-0.348881,0.121052,-0.431436
0.694822,0.0403981,0.428047;0.825615,-0.348566,0.108335,-0.430262
0.703441,0.0465102,0.427653;0.827991,-0.348192,0.0956002,-0.429015
0.71224,0.0527073,0.427353;0.830227,-0.347758,0.0828491,-0.427695
0.720573,0.0585376,0.427147;0.840004,-0.338479,0.0823204,-0.41599
0.728942,0.0643544,0.427007;0.854078,-0.323461,0.0889424,-0.397508
0.737404,0.0701964,0.426927;0.867461,-0.308181,0.0954925,-0.378704
0.745946,0.0760518,0.426903;0.880142,-0.292652,0.101965,-0.359594
0.754555,0.0819088,0.426933;0.892111,-0.276885,0.108356,-0.340193
0.763219,0.0877557,0.427012;0.903359,-0.260895,0.114658,-0.320516
0.771923,0.0935807,0.427136;0.913875,-0.244694,0.120868,-0.30058
0.780655,0.099372,0.427302;0.923652,-0.228294,0.12698,-0.280402
0.789401,0.105118,0.427506;0.932681,-0.21171,0.132989,-0.259996
0.798148,0.110806,0.427744;0.940957,-0.194955,0.138891,-0.23938
0.806883,0.116426,0.428012;0.94847,-0.178042,0.144681,-0.21857
0.815593,0.121965,0.428308;0.955217,-0.160985,0.150353,-0.197583
0.824265,0.127411,0.428627;0.96119,-0.143798,0.155903,-0.176436
0.832885,0.132753,0.428965;0.966386,-0.126494,0.161328,-0.155147
0.84144,0.137978,0.429319;0.9708,-0.109088,0.166622,-0.133732
0.850566,0.143463,0.429713;0.974675,-0.0902449,0.172172,-0.11055
0.859584,0.148784,0.430117;0.977635,-0.071317,0.177561,-0.0872634
0.868479,0.153927,0.430525;0.979679,-0.0523222,0.182783,-0.0638952
0.877234,0.158878,0.430933;0.980802,-0.0332783,0.187834,-0.040467
0.886441,0.163952,0.431366;0.980985,-0.0128399,0.19305,-0.0153239
0.895447,0.168771,0.431787;0.980111,0.00761232,0.198057,0.00983582
0.904811,0.173608,0.432218;0.978016,0.0294184,0.203164,0.0366605
0.9139,0.178111,0.432622;0.974722,0.0511885,0.208021,0.0634402
0.923227,0.182506,0.433016;0.969913,0.0742498,0.212903,0.0918077
0.932702,0.186692,0.433384;0.963359,0.0985551,0.21775,0.121705
0.942217,0.190556,0.433705;0.954819,0.124044,0.2225,0.153057
0.951649,0.193968,0.433958;0.944049,0.150642,0.227085,0.185772
0.961276,0.196894,0.434118;0.930114,0.179565,0.231626,0.221346
0.971185,0.199098,0.434129;0.911665,0.211923,0.236134,0.261144
0.981188,0.200052,0.433879;0.886852,0.248658,0.240477,0.306323
0.991164,0.198656,0.433117;0.851096,0.292851,0.244521,0.360672
0.999315,0.192991,0.431458;0.84621,0.291044,0.273967,0.352369
1.00337,0.183927,0.429143;0.846793,0.280472,0.306101,0.332536
1.00411,0.173622,0.426598;0.846217,0.270712,0.33427,0.314477
1.00274,0.163363,0.424064;0.84487,0.261901,0.358586,0.29836
1.00023,0.15397,0.421707;0.843089,0.254155,0.379163,0.284325
0.996581,0.144292,0.419217;0.840733,0.246235,0.399482,0.270095
0.992339,0.135389,0.416847;0.838067,0.238827,0.417868,0.256888
0.987325,0.126657,0.414422;0.834921,0.231282,0.436013,0.243534
0.981622,0.118292,0.411969;0.831294,0.223604,0.453908,0.23004
0.975316,0.110492,0.409515;0.82719,0.215798,0.471543,0.216413
0.968491,0.103452,0.407087;0.822611,0.207868,0.488906,0.202663
0.960552,0.0968703,0.4045;0.817077,0.19908,0.507528,0.18753
0.952206,0.0916821,0.402011;0.810985,0.190157,0.525802,0.172269
0.942832,0.0879298,0.399466;0.803759,0.180343,0.545193,0.155603
0.933249,0.0864363,0.397122;0.795888,0.170385,0.564147,0.138812
0.922853,0.0877259,0.394874;0.786698,0.159508,0.584053,0.120606
0.913556,0.0917792,0.393138;0.783459,0.175583,0.589139,0.0909838
0.905264,0.0977487,0.391837;0.784763,0.220064,0.577373,0.0485696
0.897955,0.104577,0.390909;0.783342,0.258883,0.565013,0.0107031
0.890982,0.112196,0.390235;0.779704,0.295335,0.551527,-0.0256182
0.884322,0.120235,0.389798;0.77415,0.329418,0.537159,-0.0602935
0.877957,0.128394,0.389581;0.76697,0.361153,0.52214,-0.0932477
0.871874,0.13643,0.389563;0.758441,0.390583,0.506685,-0.124428
0.865756,0.14456,0.389739;0.748282,0.419172,0.490141,-0.155341
0.85959,0.152621,0.390115;0.736513,0.446861,0.472543,-0.18592
0.853363,0.160452,0.390699;0.723162,0.473588,0.453929,-0.2161
0.846744,0.168248,0.391546;0.70747,0.500556,0.433335,-0.247287
0.839704,0.175745,0.392699;0.689233,0.527534,0.41066,-0.279329
0.83221,0.18262,0.394206;0.668251,0.554269,0.385812,-0.31205
0.824222,0.188479,0.39612;0.644332,0.580486,0.358716,-0.345246
0.815347,0.192991,0.398602;0.616171,0.606858,0.328112,-0.379999
0.805859,0.195285,0.401649;0.584559,0.631909,0.29507,-0.414626
0.796428,0.19482,0.405051;0.551953,0.653694,0.262158,-0.446437
0.78744,0.191752,0.408614;0.520072,0.671697,0.23093,-0.474364
0.779336,0.186761,0.412076;0.490851,0.685745,0.203015,-0.497598
0.771797,0.180227,0.415492;0.46341,0.697056,0.177342,-0.517604
0.765287,0.17313,0.418585;0.439601,0.705532,0.155454,-0.533675
0.759043,0.165075,0.421666;0.416731,0.712598,0.13474,-0.548074
0.753517,0.156942,0.424481;0.396501,0.718024,0.116654,-0.560018
0.748319,0.148445,0.427202;0.377508,0.722454,0.0998652,-0.570591
0.74314,0.139178,0.429978;0.36995,0.722899,0.089014,-0.576741
0.738411,0.130045,0.432569;0.386749,0.715929,0.0910924,-0.574085
0.733628,0.120199,0.435247;0.403416,0.708713,0.0931396,-0.571232
0.729344,0.110891,0.437697;0.418116,0.702096,0.0949325,-0.568532
0.725044,0.101098,0.440208;0.432702,0.695288,0.0966998,-0.565678
0.720737,0.090854,0.442778;0.447172,0.688293,0.098441,-0.562672
0.716974,0.0815506,0.445072;0.459734,0.682019,0.0999427,-0.559916
0.713224,0.071955,0.447407;0.4722,0.675605,0.101424,-0.557045
0.709494,0.0620913,0.449781;0.484569,0.66905,0.102884,-0.554058
0.705792,0.0519841,0.45219;0.496838,0.662357,0.104322,-0.550956
0.702127,0.0416574,0.454634;0.509003,0.655527,0.10574,-0.547741
0.698506,0.0311356,0.45711;0.521064,0.648561,0.107135,-0.544412
0.694938,0.020443,0.459616;0.533016,0.64146,0.108508,-0.54097
0.69143,0.00960383,0.46215;0.544858,0.634227,0.109858,-0.537416
0.688476,0.000214882,0.464342;0.554919,0.627923,0.110998,-0.534282
0.685578,-0.00924861,0.466553;0.564895,0.621523,0.112121,-0.531066
0.68274,-0.0187713,0.468779;0.574786,0.615029,0.113226,-0.527769
0.679967,-0.028338,0.471021;0.584589,0.608441,0.114315,-0.524392
0.677264,-0.0379334,0.473277;0.594303,0.601761,0.115386,-0.520936
0.674636,-0.0475421,0.475545;0.603926,0.594989,0.116439,-0.5174
0.672088,-0.0571489,0.477824;0.613458,0.588127,0.117475,-0.513785
0.669625,-0.0667386,0.480113;0.622897,0.581175,0.118493,-0.510093
0.667252,-0.0762957,0.48241;0.632241,0.574135,0.119493,-0.506322
0.664974,-0.085805,0.484715;0.641488,0.567007,0.120474,-0.502475
0.662442,-0.0968184,0.48741;0.652154,0.558583,0.121597,-0.49789
0.660055,-0.107722,0.490112;0.662684,0.550043,0.122694,-0.493202
0.657819,-0.118491,0.492818;0.673078,0.541389,0.123765,-0.488412
0.655744,-0.129101,0.495525;0.683332,0.532623,0.124811,-0.483521
0.653836,-0.139528,0.498233;0.693444,0.523747,0.125831,-0.478529
0.652103,-0.149748,0.500937;0.703413,0.514763,0.126825,-0.473439
0.650555,-0.159736,0.503637;0.713237,0.505672,0.127793,-0.468251
0.649197,-0.169469,0.506331;0.722913,0.496476,0.128735,-0.462965
0.647891,-0.180247,0.509398;0.733787,0.48584,0.129778,-0.456808
0.646856,-0.190624,0.512451;0.744463,0.475074,0.130786,-0.450526
0.646106,-0.200562,0.515487;0.754938,0.464179,0.131759,-0.444123
0.645616,-0.211173,0.518877;0.766479,0.451772,0.132811,-0.436777
0.645517,-0.221132,0.522236;0.777757,0.439211,0.133817,-0.42928
0.645887,-0.23137,0.525927;0.789975,0.425078,0.134881,-0.420779
0.646784,-0.240668,0.529569;0.80186,0.410765,0.135889,-0.4121
0.648407,-0.249726,0.533511;0.814543,0.394821,0.136931,-0.402352
0.651225,-0.258725,0.538071;0.828993,0.375718,0.138072,-0.390567
0.655752,-0.266621,0.543186;0.844931,0.353344,0.139266,-0.376623
0.662627,-0.272056,0.548766;0.862022,0.327582,0.140459,-0.360387
0.671466,-0.273425,0.554087;0.878061,0.30142,0.14148,-0.343712
0.680299,-0.271254,0.558254;0.890466,0.279597,0.142192,-0.329663
0.68904,-0.266863,0.561657;0.900511,0.260707,0.142709,-0.317404
0.697179,-0.261327,0.564366;0.908465,0.244844,0.143073,-0.30704
0.705189,-0.254822,0.5667;0.915295,0.230478,0.143348,-0.297601
0.712868,-0.247787,0.568689;0.921103,0.217642,0.143553,-0.289126
0.720028,-0.240633,0.57036;0.925981,0.206362,0.143699,-0.281646
0.727608,-0.232523,0.571964;0.930667,0.19504,0.143816,-0.274107
0.734446,-0.224792,0.573284;0.934531,0.185302,0.143893,-0.267601
0.741603,-0.216325,0.574552;0.938252,0.175537,0.143948,-0.261053
