0.888483,-0.392704,0.35685;0.895002,0.155227,0.00434553,-0.418158
0.888289,-0.379908,0.360135;0.894146,0.148527,0.0043451,-0.422402
0.888099,-0.367333,0.363416;0.893233,0.141818,0.0043444,-0.426619
0.88791,-0.354978,0.366691;0.892263,0.1351,0.00434342,-0.430809
0.887725,-0.34284,0.369961;0.891236,0.128373,0.00434216,-0.434972
0.887542,-0.330918,0.373225;0.890152,0.121638,0.00434063,-0.439106
0.887361,-0.319211,0.376483;0.889012,0.114895,0.00433882,-0.443213
0.887182,-0.307717,0.379735;0.887815,0.108144,0.00433674,-0.447292
0.887006,-0.296434,0.382982;0.886562,0.101387,0.00433438,-0.451342
0.886832,-0.28536,0.386222;0.885252,0.0946238,0.00433174,-0.455364
0.88666,-0.274494,0.389455;0.883886,0.0878542,0.00432883,-0.459356
0.886491,-0.263835,0.392683;0.882464,0.0810791,0.00432565,-0.463319
0.886323,-0.25338,0.395903;0.880986,0.0742988,0.00432218,-0.467253
0.886158,-0.243128,0.399117;0.879451,0.0675137,0.00431845,-0.471157
0.885995,-0.233078,0.402324;0.877861,0.0607244,0.00431444,-0.475031
0.885834,-0.223228,0.405524;0.876214,0.0539312,0.00431015,-0.478875
0.885674,-0.213576,0.408716;0.874512,0.0471346,0.00430559,-0.482688
0.885478,-0.201786,0.412696;0.872306,0.0386346,0.0042995,-0.487412
0.885285,-0.190301,0.416665;0.870014,0.0301308,0.00429299,-0.492087
0.885094,-0.179117,0.420621;0.867635,0.021624,0.00428605,-0.496713
0.884906,-0.16823,0.424565;0.86517,0.0131151,0.00427868,-0.50129
0.884721,-0.157638,0.428497;0.862618,0.00460482,0.00427089,-0.505817
0.884539,-0.147336,0.432415;0.859981,-0.00390588,0.00426267,-0.510293
0.884359,-0.137323,0.436321;0.857259,-0.0124162,0.00425403,-0.514719
0.884181,-0.127595,0.440213;0.854451,-0.0209253,0.00424497,-0.519094
0.884006,-0.118148,0.444091;0.851558,-0.0294323,0.00423548,-0.523417
0.883799,-0.10718,0.448726;0.847975,-0.0396367,0.00422354,-0.528536
0.883595,-0.0966066,0.453341;0.84427,-0.0498355,0.004211,-0.533579
0.883394,-0.0864237,0.457934;0.840445,-0.0600272,0.00419786,-0.538546
0.883196,-0.0766254,0.462506;0.836499,-0.0702102,0.00418411,-0.543435
0.883001,-0.0672062,0.467056;0.832434,-0.0803833,0.00416976,-0.548247
0.882808,-0.0581606,0.471583;0.828249,-0.0905447,0.00415482,-0.552981
0.882586,-0.0480723,0.476835;0.823217,-0.102383,0.00413663,-0.558403
0.882367,-0.0384764,0.482055;0.818025,-0.114202,0.00411764,-0.563716
0.882151,-0.0293641,0.487242;0.812673,-0.125998,0.00409785,-0.56892
0.881938,-0.0207267,0.492396;0.807163,-0.13777,0.00407726,-0.574013
0.881697,-0.0114257,0.498243;0.800673,-0.151191,0.00405275,-0.579696
0.881459,-0.00272061,0.504044;0.79398,-0.164573,0.00402721,-0.585232
0.881195,0.00637653,0.510514;0.786208,-0.179577,0.00399726,-0.591281
0.880933,0.0147545,0.516921;0.778183,-0.194524,0.00396601,-0.59714
0.880644,0.0232424,0.523967;0.768972,-0.211058,0.0039298,-0.603424
0.880357,0.0308907,0.530932;0.759456,-0.227508,0.00389202,-0.609469
0.880044,0.0383644,0.538499;0.748639,-0.245498,0.00384868,-0.615838
0.879703,0.0454337,0.546636;0.736428,-0.264988,0.00379929,-0.622447
0.879361,0.0514148,0.554647;0.723796,-0.284327,0.00374773,-0.6287
0.87899,0.0567172,0.563178;0.709643,-0.305093,0.00368944,-0.635068
0.878587,0.0611208,0.572189;0.693868,-0.327227,0.0036239,-0.641449
0.87815,0.0644127,0.581633;0.676367,-0.350658,0.00355054,-0.64773
0.877674,0.0663923,0.59146;0.657033,-0.375305,0.0034688,-0.653791
0.877155,0.0668772,0.601611;0.635757,-0.401074,0.00337807,-0.659501
0.876587,0.0657092,0.612021;0.612434,-0.427855,0.00327778,-0.664721
0.875997,0.0629573,0.62207;0.588323,-0.454085,0.00317327,-0.669084
0.875381,0.0587697,0.631746;0.563453,-0.479729,0.00306467,-0.672585
0.874771,0.0536299,0.64053;0.539298,-0.503382,0.00295848,-0.675097
0.87413,0.0474666,0.648958;0.514522,-0.526457,0.00284888,-0.676832
0.873498,0.0408426,0.656556;0.490664,-0.547622,0.00274274,-0.677755
0.872832,0.0335267,0.663819;0.466306,-0.56823,0.00263381,-0.677987
0.872132,0.0256228,0.670739;0.441473,-0.588259,0.00252219,-0.67753
0.871442,0.0177716,0.676907;0.417784,-0.606492,0.00241522,-0.676475
0.870716,0.00958096,0.682757;0.393721,-0.624183,0.00230608,-0.674814
0.869894,0.000493664,0.688684;0.391854,-0.627494,0.0083878,-0.672779
0.869061,-0.00843649,0.694014;0.411093,-0.617052,0.0196368,-0.670719
0.868181,-0.0175278,0.698987;0.430081,-0.606233,0.0308738,-0.66825
0.867251,-0.0267401,0.7036;0.448807,-0.595045,0.042092,-0.665374
0.866265,-0.0360332,0.707849;0.467259,-0.583494,0.0532846,-0.662091
0.865222,-0.0453668,0.711728;0.485426,-0.571587,0.0644446,-0.658405
0.864116,-0.0547007,0.715235;0.503297,-0.559331,0.0755653,-0.654317
0.862834,-0.0648363,0.718631;0.522442,-0.545572,0.0876442,-0.649403
0.861469,-0.0748722,0.721574;0.541208,-0.531417,0.0996595,-0.644017
0.860016,-0.0847562,0.724057;0.559581,-0.516877,0.111602,-0.638164
0.858469,-0.094436,0.726076;0.577548,-0.501961,0.123464,-0.631847
0.856683,-0.104632,0.727732;0.596538,-0.485391,0.136213,-0.624487
0.854775,-0.11446,0.728831;0.615021,-0.468408,0.148846,-0.616594
0.852577,-0.124558,0.729383;0.634338,-0.449673,0.162309,-0.607507
0.85005,-0.134724,0.729238;0.65434,-0.429107,0.176555,-0.597106
0.847145,-0.144713,0.728233;0.674856,-0.406634,0.191529,-0.585265
0.843811,-0.154221,0.726188;0.6957,-0.382182,0.207169,-0.571856
0.839987,-0.162888,0.72291;0.716665,-0.355686,0.223398,-0.556751
0.835363,-0.170616,0.717905;0.738585,-0.325566,0.241002,-0.538903
0.830059,-0.176321,0.711078;0.759998,-0.293235,0.258963,-0.518994
0.824558,-0.179208,0.703055;0.778821,-0.261837,0.275534,-0.498959
0.819211,-0.179478,0.694544;0.79442,-0.233125,0.289974,-0.480067
0.81413,-0.177719,0.685938;0.807198,-0.207282,0.302412,-0.462614
0.809421,-0.174535,0.677594;0.817525,-0.18445,0.312976,-0.446853
0.804822,-0.170128,0.669157;0.826391,-0.163084,0.322509,-0.431822
0.800376,-0.164761,0.660776;0.83395,-0.143238,0.331065,-0.41762
0.796371,-0.15907,0.653057;0.841331,-0.117468,0.333065,-0.409185
0.792587,-0.153023,0.64563;0.847904,-0.0907363,0.332775,-0.402599
0.788993,-0.146727,0.638457;0.8534,-0.065848,0.332268,-0.396196
0.785339,-0.139806,0.631043;0.858306,-0.0409142,0.331531,-0.389518
0.781927,-0.13289,0.624006;0.862308,-0.017873,0.330648,-0.383115
0.778489,-0.125491,0.616804;0.865803,0.00517882,0.32957,-0.376487
0.775326,-0.118305,0.610073;0.868558,0.0263073,0.328411,-0.370216
0.772162,-0.110752,0.603234;0.870885,0.0474227,0.32709,-0.363763
0.769008,-0.102849,0.596302;0.87278,0.0685147,0.325607,-0.357129
0.766156,-0.0953777,0.589932;0.874128,0.0876601,0.324119,-0.350945
0.763326,-0.0876463,0.583509;0.875119,0.10677,0.322499,-0.344617
0.760527,-0.0796688,0.577043;0.875753,0.125836,0.320747,-0.338149
0.757765,-0.071459,0.570546;0.876028,0.14485,0.318863,-0.331542
0.755047,-0.0630305,0.56403;0.875945,0.163805,0.31685,-0.3248
0.752646,-0.0552693,0.558157;0.875564,0.180808,0.314926,-0.318618
0.750292,-0.0473522,0.552285;0.874893,0.197751,0.312899,-0.312331
0.74799,-0.0392891,0.546422;0.873933,0.214628,0.310768,-0.30594
0.745746,-0.03109,0.540577;0.872683,0.231434,0.308534,-0.299448
0.743566,-0.022765,0.534757;0.871144,0.248164,0.306198,-0.292857
0.741454,-0.0143239,0.528971;0.869317,0.264811,0.30376,-0.286169
0.739417,-0.00577692,0.523227;0.867202,0.281371,0.301222,-0.279386
0.737458,0.00286609,0.517532;0.864799,0.297838,0.298584,-0.272511
0.735585,0.0115951,0.511895;0.862111,0.314206,0.295848,-0.265545
0.733801,0.0204001,0.506325;0.859136,0.33047,0.293013,-0.258492
0.732112,0.029271,0.500829;0.855878,0.346624,0.290081,-0.251353
0.730524,0.038198,0.495415;0.852335,0.362664,0.287053,-0.24413
0.729042,0.047171,0.490092;0.848511,0.378583,0.283931,-0.236827
0.727671,0.0561799,0.484867;0.844406,0.394377,0.280714,-0.229446
0.726417,0.0652149,0.47975;0.840021,0.410041,0.277404,-0.221988
0.725285,0.0742659,0.474747;0.835358,0.425569,0.274002,-0.214457
0.724279,0.0833229,0.469868;0.830418,0.440956,0.27051,-0.206855
0.723407,0.0923759,0.46512;0.825203,0.456197,0.266928,-0.199184
0.722672,0.101415,0.460511;0.819715,0.471286,0.263257,-0.191448
0.72208,0.11043,0.45605;0.813955,0.48622,0.2595,-0.183648
0.721597,0.120406,0.451276;0.80724,0.502624,0.255224,-0.17491
0.721305,0.130327,0.446706;0.800194,0.518823,0.250844,-0.1661
0.721211,0.140178,0.44235;0.792822,0.534809,0.246361,-0.157223
0.721321,0.149947,0.43822;0.785125,0.550577,0.241778,-0.148282
0.721645,0.159618,0.434327;0.777107,0.56612,0.237095,-0.139279
0.722188,0.169179,0.430682;0.768772,0.581431,0.232316,-0.13022
0.722958,0.178616,0.427296;0.760122,0.596504,0.227442,-0.121108
0.724077,0.188837,0.423884;0.750249,0.612803,0.221973,-0.111027
0.725489,0.198872,0.420814;0.740004,0.628799,0.216394,-0.100892
0.727204,0.208704,0.418102;0.729393,0.644484,0.210709,-0.0907064
0.729232,0.218314,0.415761;0.718422,0.65985,0.204919,-0.0804761
0.731812,0.228524,0.413648;0.706048,0.67624,0.198487,-0.0692705
0.734789,0.238424,0.412015;0.693258,0.692233,0.191938,-0.0580242
0.738175,0.247992,0.410881;0.68006,0.707817,0.185276,-0.0467437
0.74232,0.257954,0.410238;0.665311,0.724231,0.177936,-0.0344923
0.746975,0.267467,0.410227;0.650102,0.740143,0.170474,-0.022217
0.752158,0.276501,0.410873;0.634445,0.755544,0.162893,-0.00992646
0.757814,0.284932,0.41218;0.616426,0.771649,0.156733,-0.00335517
0.764149,0.29304,0.414203;0.595094,0.789154,0.151954,-0.00300095
0.770997,0.300614,0.416879;0.573294,0.80604,0.147056,-0.00264437
0.778323,0.307658,0.420169;0.551045,0.822294,0.142043,-0.00228571
0.785477,0.313692,0.423716;0.530124,0.836725,0.137316,-0.00195305
0.792979,0.31928,0.427721;0.508848,0.850597,0.132497,-0.00161908
0.8008,0.324424,0.432151;0.487232,0.863901,0.12759,-0.00128403
0.808912,0.329126,0.436976;0.46529,0.876627,0.122598,-0.000948121
0.817288,0.33339,0.442164;0.443037,0.888767,0.117524,-0.000611578
0.825172,0.336914,0.447211;0.422378,0.899373,0.112803,-0.000302716
0.833232,0.340073,0.452513;0.401482,0.909475,0.108019,6.31635e-06
0.841445,0.34287,0.458045;0.38036,0.919065,0.103174,0.000315345
0.84979,0.345305,0.463783;0.359025,0.92814,0.0982718,0.000624197
0.858246,0.347382,0.469703;0.337488,0.936693,0.0933141,0.000932698
0.86679,0.349101,0.47578;0.315762,0.94472,0.0883039,0.00124067
0.8754,0.350465,0.481991;0.293858,0.952216,0.0832441,0.00154796
0.884056,0.351475,0.488311;0.271789,0.959178,0.0781376,0.00185437
0.892734,0.352134,0.494715;0.249567,0.965601,0.0729872,0.00215974
0.901414,0.352443,0.50118;0.227206,0.971481,0.0677957,0.00246389
0.910073,0.352405,0.507682;0.204716,0.976816,0.0625663,0.00276666
0.918691,0.352022,0.514196;0.182112,0.981602,0.0573016,0.00306788
0.927244,0.351294,0.520697;0.159405,0.985837,0.0520048,0.00336738
0.935712,0.350225,0.527163;0.136609,0.989518,0.0466788,0.00366498
0.944072,0.348816,0.533568;0.113736,0.992643,0.0413265,0.00396053
0.952303,0.347069,0.539888;0.0907995,0.995211,0.0359511,0.00425385
0.960383,0.344985,0.546099;0.0678118,0.99722,0.0305554,0.00454478
0.96829,0.342568,0.552177;0.0447859,0.998668,0.0251426,0.00483316
0.976003,0.339819,0.558098;0.0217349,0.999556,0.0197157,0.00511882
0.98417,0.336442,0.564349;-0.00342509,0.999884,0.0137829,0.00542717
0.992051,0.332676,0.570353;-0.0285828,0.999544,0.00784084,0.00573189
0.999618,0.328521,0.576078;-0.0537215,0.998536,0.00189357,0.00603278
1.00684,0.323981,0.581492;-0.0788242,0.99686,-0.00405496,0.00632964
1.01425,0.31863,0.586971;-0.105959,0.994293,-0.010496,0.00664646
1.02119,0.312833,0.592008;-0.13301,0.990946,-0.0169289,0.00695806
1.02762,0.306593,0.596564;-0.159957,0.986821,-0.0233484,0.0072642
1.03394,0.29938,0.600887;-0.188837,0.981513,-0.0302411,0.00758751
1.03958,0.291662,0.604555;-0.217544,0.975313,-0.0371064,0.00790392
1.04451,0.283441,0.607519;-0.246053,0.968225,-0.0439378,0.00821314
1.04894,0.274079,0.609857;-0.27635,0.959654,-0.0512127,0.00853615
1.05244,0.264151,0.611267;-0.306358,0.95008,-0.0584341,0.00885024
1.05481,0.254377,0.611692;-0.334077,0.940249,-0.0651192,0.00913506
1.05628,0.244116,0.611206;-0.361493,0.929563,-0.071745,0.00941157
1.0568,0.234157,0.609896;-0.386656,0.918882,-0.0778393,0.00966066
1.05646,0.223786,0.607716;-0.411516,0.907481,-0.0838725,0.00990218
1.05538,0.213964,0.604949;-0.381057,0.921014,-0.0804309,0.00772982
1.05375,0.204487,0.601727;-0.351821,0.932872,-0.0770662,0.00567549
1.05169,0.195333,0.598185;-0.324088,0.943133,-0.0738411,0.00374431
1.04915,0.18592,0.594173;-0.296068,0.952556,-0.0705503,0.00180979
1.04637,0.1769,0.590036;-0.269677,0.960588,-0.0674223,2.76648e-06
1.04322,0.167655,0.585548;-0.243078,0.967875,-0.0642421,-0.00180426
1.03998,0.158868,0.581091;-0.21821,0.973972,-0.0612444,-0.003481
1.03645,0.149887,0.576378;-0.193196,0.979419,-0.0582059,-0.00515541
1.03296,0.141425,0.57182;-0.169992,0.983866,-0.0553667,-0.006698
1.02926,0.132798,0.56708;-0.146691,0.987754,-0.0524959,-0.00823677
1.02537,0.124007,0.562177;-0.123306,0.99108,-0.0495953,-0.00977086
1.02163,0.115803,0.557554;-0.101808,0.993635,-0.0469115,-0.0111723
1.01775,0.107462,0.552822;-0.080262,0.995714,-0.0442054,-0.0125683
1.01374,0.0989826,0.547995;-0.0586772,0.997317,-0.0414781,-0.0139583
1.0096,0.0903656,0.543086;-0.0370645,0.998444,-0.038731,-0.0153417
1.00536,0.0816109,0.538109;-0.015434,0.999094,-0.0359654,-0.0167178
1.00141,0.0735329,0.533536;0.00423679,0.99927,-0.0334363,-0.0179618
0.997388,0.0653415,0.528929;0.0239059,0.999052,-0.030894,-0.0191987
0.9933,0.0570367,0.524297;0.0435655,0.99844,-0.0283395,-0.0204281
0.989153,0.0486187,0.51965;0.063208,0.997433,-0.0257737,-0.0216494
0.984956,0.0400877,0.515;0.0828254,0.996032,-0.0231979,-0.0228621
0.980716,0.0314436,0.510355;0.10241,0.994237,-0.0206128,-0.0240659
0.976443,0.0226867,0.505727;0.121955,0.992051,-0.0180196,-0.0252601
0.972143,0.013817,0.501125;0.141451,0.989472,-0.0154193,-0.0264443
0.967826,0.00483474,0.49656;0.160891,0.986502,-0.0128129,-0.0276181
0.9635,-0.00426005,0.492041;0.180268,0.983143,-0.0102014,-0.028781
0.959172,-0.0134672,0.48758;0.199573,0.979396,-0.00758592,-0.0299325
0.955283,-0.0218497,0.483622;0.216881,0.975693,-0.00522938,-0.0309588
0.951405,-0.030323,0.479727;0.23412,0.971678,-0.00287117,-0.0319751
0.947544,-0.038887,0.4759;0.251283,0.967351,-0.000512047,-0.0329813
0.943706,-0.0475418,0.472151;0.268366,0.962716,0.00184724,-0.0339769
0.939898,-0.0562871,0.468486;0.285364,0.957772,0.00420594,-0.0349616
0.936126,-0.0651229,0.464913;0.30227,0.952522,0.00656329,-0.0359351
0.932394,-0.0740492,0.461439;0.319079,0.946968,0.00891855,-0.0368972
0.928709,-0.0830658,0.458072;0.335787,0.94111,0.0112709,-0.0378474
0.925078,-0.0921726,0.454819;0.352386,0.934951,0.0136197,-0.0387856
0.921505,-0.10137,0.451688;0.368874,0.928494,0.0159642,-0.0397113
0.917998,-0.110657,0.448685;0.385243,0.921739,0.0183035,-0.0406243
0.914561,-0.120034,0.44582;0.401489,0.914689,0.020637,-0.0415243
0.911201,-0.129501,0.443098;0.417606,0.907347,0.0229639,-0.0424111
0.907924,-0.139057,0.440528;0.43359,0.899715,0.0252834,-0.0432843
0.904736,-0.148704,0.438117;0.449435,0.891795,0.0275948,-0.0441436
0.901642,-0.15844,0.435872;0.465137,0.883589,0.0298975,-0.0449888
0.898649,-0.168266,0.4338;0.48069,0.875101,0.0321905,-0.0458196
0.895763,-0.178181,0.43191;0.496089,0.866333,0.0344733,-0.0466358
0.892989,-0.188186,0.430209;0.511329,0.857288,0.036745,-0.047437
0.890334,-0.198279,0.428704;0.526405,0.847968,0.039005,-0.0482231
0.887803,-0.208462,0.427403;0.541314,0.838378,0.0412525,-0.0489938
0.885402,-0.218735,0.426312;0.556049,0.828519,0.0434868,-0.0497487
0.883138,-0.229096,0.42544;0.570606,0.818395,0.0457072,-0.0504878
0.881015,-0.239546,0.424795;0.584981,0.808009,0.0479129,-0.0512107
0.879042,-0.250085,0.424382;0.599168,0.797365,0.0501034,-0.0519172
0.877222,-0.260713,0.42421;0.613164,0.786466,0.0522778,-0.0526072
0.875562,-0.271429,0.424287;0.626964,0.775315,0.0544355,-0.0532803
0.874068,-0.282235,0.42462;0.640563,0.763917,0.0565757,-0.0539363
0.872747,-0.293128,0.425215;0.653958,0.752274,0.0586979,-0.0545751
0.871603,-0.30411,0.426082;0.667143,0.74039,0.0608013,-0.0551965
0.870643,-0.315181,0.427226;0.680115,0.728269,0.0628853,-0.0558001
0.869949,-0.325095,0.428483;0.691462,0.7173,0.0647208,-0.0563218
0.869409,-0.335079,0.429971;0.702636,0.706149,0.06654,-0.0568292
0.869027,-0.345133,0.431695;0.713631,0.694819,0.0683424,-0.0573222
0.868808,-0.355257,0.43366;0.724446,0.683314,0.0701275,-0.0578007
0.868755,-0.365449,0.435872;0.735078,0.671637,0.0718948,-0.0582647
0.868874,-0.375712,0.438336;0.745525,0.659789,0.073644,-0.0587139
0.869167,-0.386043,0.441057;0.755783,0.647775,0.0753746,-0.0591482
0.86964,-0.396444,0.44404;0.76585,0.635597,0.0770861,-0.0595677
0.870296,-0.406915,0.44729;0.775723,0.623259,0.0787782,-0.059972
0.871139,-0.417454,0.450813;0.7854,0.610763,0.0804503,-0.0603612
0.872175,-0.428063,0.454615;0.794879,0.598112,0.0821021,-0.0607352
0.873241,-0.437402,0.458173;0.803008,0.586919,0.0835304,-0.0610498
0.87446,-0.446794,0.461952;0.810982,0.575612,0.0849426,-0.0613526
0.875835,-0.456238,0.465954;0.818798,0.564194,0.0863383,-0.0616435
0.877368,-0.465736,0.470184;0.826457,0.552667,0.0877173,-0.0619225
0.879063,-0.475286,0.474645;0.833955,0.541032,0.0890793,-0.0621895
0.880921,-0.484889,0.47934;0.841292,0.529293,0.0904241,-0.0624445
0.882946,-0.494545,0.484273;0.848467,0.517452,0.0917514,-0.0626874
0.885141,-0.504253,0.489447;0.855477,0.50551,0.093061,-0.0629182
0.887508,-0.514014,0.494867;0.862321,0.493471,0.0943525,-0.0631368
0.89005,-0.523827,0.500534;0.868999,0.481336,0.0956258,-0.0633432
0.892371,-0.53228,0.505593;0.874589,0.47086,0.0967025,-0.0635103
