0.719774,0.394971,0.613242;0.644269,0.0512147,0.201574,0.735977
0.728022,0.401074,0.615169;0.652769,0.0438587,0.200495,0.729226
0.736044,0.406833,0.61707;0.661156,0.0364951,0.199382,0.722348
0.745124,0.413122,0.619258;0.670797,0.0278963,0.19804,0.714167
0.753904,0.418954,0.621412;0.680279,0.0192909,0.19665,0.705817
0.762391,0.424338,0.623533;0.6896,0.010681,0.195215,0.697301
0.771735,0.429951,0.625916;0.700055,0.000838207,0.193518,0.687367
0.780708,0.434997,0.628256;0.710294,-0.00900489,0.191762,0.677222
0.790365,0.440009,0.630836;0.721551,-0.0200749,0.189716,0.665559
0.799569,0.444331,0.633361;0.732528,-0.0311371,0.187595,0.653637
0.809275,0.448344,0.636102;0.744389,-0.043414,0.185154,0.640093
0.818444,0.451544,0.638776;0.755892,-0.0556701,0.182623,0.62624
0.827927,0.454151,0.641639;0.768126,-0.0691206,0.179738,0.610655
0.83757,0.455933,0.644669;0.780961,-0.0837478,0.176472,0.593248
0.847213,0.456653,0.647842;0.794256,-0.0995281,0.172796,0.573927
0.856695,0.456072,0.651133;0.807852,-0.116431,0.168679,0.552599
0.865855,0.453949,0.654512;0.821574,-0.13442,0.164093,0.529171
0.874531,0.450051,0.65795;0.83523,-0.153447,0.159005,0.50355
0.882569,0.44415,0.661415;0.848613,-0.173456,0.153385,0.475649
0.889077,0.43703,0.6645;0.860132,-0.192068,0.147901,0.448785
0.894613,0.428476,0.667414;0.870592,-0.210444,0.142235,0.421369
0.898966,0.419228,0.669992;0.879426,-0.227436,0.136763,0.395194
0.902336,0.409586,0.672262;0.886813,-0.243074,0.131523,0.370378
0.904897,0.399809,0.674255;0.892923,-0.25739,0.126546,0.347022
0.906801,0.39012,0.675994;0.89792,-0.27042,0.121861,0.325212
0.908285,0.379829,0.677639;0.902295,-0.283262,0.117091,0.303176
0.909295,0.369896,0.679063;0.905757,-0.294862,0.112647,0.282792
0.909987,0.359515,0.680407;0.908692,-0.306291,0.108138,0.262244
0.910378,0.348712,0.681671;0.911098,-0.317541,0.103566,0.241542
0.910487,0.338547,0.682752;0.912825,-0.327608,0.099357,0.222601
0.910373,0.328077,0.683767;0.914114,-0.337518,0.0951004,0.203552
0.910049,0.31732,0.684716;0.914963,-0.347266,0.090798,0.184406
0.909529,0.306299,0.6856;0.915372,-0.356847,0.086452,0.165171
0.908902,0.296169,0.686339;0.915363,-0.365323,0.082505,0.147791
0.908135,0.285856,0.687025;0.914999,-0.373656,0.0785259,0.130354
0.907236,0.275374,0.687659;0.914278,-0.381844,0.0745162,0.112866
0.906216,0.264737,0.68824;0.9132,-0.389884,0.0704775,0.095334
0.905083,0.253962,0.688768;0.911768,-0.397771,0.0664113,0.0777649
0.903846,0.243062,0.689243;0.90998,-0.405504,0.0623192,0.0601654
0.902515,0.232053,0.689666;0.907837,-0.413079,0.0582029,0.0425426
0.901099,0.220949,0.690036;0.905341,-0.420493,0.0540639,0.0249032
0.899677,0.21028,0.69034;0.903679,-0.42426,0.0560349,0.0151069
0.898175,0.199437,0.690598;0.902094,-0.427418,0.0591476,0.00654881
0.896614,0.188532,0.690808;0.900423,-0.430534,0.0622547,-0.00200988
0.894999,0.17757,0.690969;0.898666,-0.433609,0.0653558,-0.0105684
0.893334,0.166555,0.691082;0.896823,-0.436643,0.0684507,-0.0191259
0.891624,0.155495,0.691145;0.894895,-0.439636,0.0715391,-0.0276815
0.889876,0.144392,0.69116;0.892881,-0.442586,0.0746207,-0.0362345
0.888094,0.133254,0.691126;0.890782,-0.445494,0.0776951,-0.0447841
0.886283,0.122085,0.691043;0.888598,-0.44836,0.0807621,-0.0533294
0.884449,0.110891,0.690912;0.88633,-0.451182,0.0838215,-0.0618696
0.882596,0.0996766,0.690732;0.883977,-0.453962,0.0868728,-0.0704039
0.88073,0.0884473,0.690503;0.881539,-0.456699,0.0899158,-0.0789315
0.878857,0.0772084,0.690225;0.879018,-0.459392,0.0929503,-0.0874516
0.876981,0.0659651,0.689899;0.876412,-0.462041,0.0959759,-0.0959633
0.875107,0.0547229,0.689523;0.873723,-0.464646,0.0989923,-0.104466
0.873241,0.0434869,0.6891;0.870951,-0.467206,0.101999,-0.112958
0.871388,0.0322624,0.688627;0.868095,-0.469722,0.104997,-0.12144
0.869553,0.0210548,0.688106;0.865157,-0.472194,0.107984,-0.12991
0.867741,0.00986929,0.687535;0.862136,-0.47462,0.110961,-0.138368
0.865957,-0.00128883,0.686917;0.859033,-0.477001,0.113927,-0.146813
0.864208,-0.0124143,0.686249;0.855847,-0.479336,0.116883,-0.155244
0.862497,-0.0235018,0.685533;0.852581,-0.481626,0.119827,-0.163659
0.86083,-0.034546,0.684768;0.849232,-0.48387,0.12276,-0.17206
0.859212,-0.0455417,0.683954;0.845803,-0.486067,0.125681,-0.180443
0.857649,-0.0564836,0.683092;0.842293,-0.488218,0.12859,-0.18881
0.856145,-0.0673665,0.682181;0.838703,-0.490323,0.131487,-0.197158
0.854706,-0.0781849,0.681221;0.835033,-0.492381,0.134371,-0.205488
0.853337,-0.0889337,0.680212;0.831283,-0.494392,0.137243,-0.213798
0.852043,-0.0996075,0.679155;0.827454,-0.496355,0.140101,-0.222088
0.85083,-0.110201,0.678049;0.823546,-0.498272,0.142946,-0.230357
0.849702,-0.120709,0.676895;0.819559,-0.500141,0.145778,-0.238603
0.848665,-0.131127,0.675691;0.815494,-0.501962,0.148595,-0.246827
0.847724,-0.141448,0.674439;0.811351,-0.503735,0.151399,-0.255027
0.846883,-0.151668,0.673139;0.807131,-0.50546,0.154188,-0.263203
0.84615,-0.161781,0.671789;0.802834,-0.507137,0.156962,-0.271354
0.845527,-0.171782,0.670391;0.79846,-0.508765,0.159721,-0.279479
0.845022,-0.181666,0.668944;0.79401,-0.510345,0.162465,-0.287577
0.844586,-0.193042,0.667195;0.788723,-0.512127,0.165647,-0.29699
0.844325,-0.204244,0.665379;0.783333,-0.513842,0.168807,-0.306365
0.844246,-0.215261,0.663497;0.777842,-0.515491,0.171945,-0.3157
0.844358,-0.226087,0.661549;0.772249,-0.517072,0.175061,-0.324994
0.844668,-0.236712,0.659534;0.766556,-0.518587,0.178155,-0.334245
0.845186,-0.247129,0.657454;0.760764,-0.520034,0.181225,-0.343454
0.845919,-0.257329,0.655307;0.754873,-0.521413,0.184271,-0.352617
0.846875,-0.267303,0.653094;0.748884,-0.522725,0.187294,-0.361735
0.848064,-0.277043,0.650814;0.742798,-0.523969,0.190292,-0.370806
0.849717,-0.287878,0.648128;0.735724,-0.525307,0.193689,-0.381114
0.85172,-0.298503,0.645323;0.730738,-0.529022,0.199486,-0.382575
0.854042,-0.308736,0.642444;0.729398,-0.536665,0.209205,-0.369056
0.856664,-0.318593,0.639489;0.727812,-0.544128,0.218853,-0.355412
0.859556,-0.32805,0.636468;0.725981,-0.551406,0.228428,-0.341648
0.86269,-0.33708,0.63339;0.723905,-0.558499,0.237925,-0.327769
0.866469,-0.346701,0.629869;0.721277,-0.566253,0.248514,-0.312024
0.870475,-0.355716,0.626299;0.718341,-0.573765,0.258996,-0.296144
0.874669,-0.364091,0.622694;0.715098,-0.581032,0.269368,-0.280139
0.879499,-0.372602,0.618662;0.711137,-0.588815,0.280757,-0.262215
0.884952,-0.380944,0.614215;0.706347,-0.597018,0.293114,-0.242339
0.890481,-0.388155,0.609778;0.701106,-0.60484,0.305283,-0.222309
0.89651,-0.394655,0.604977;0.694879,-0.612933,0.318337,-0.200297
0.903414,-0.400328,0.599467;0.686947,-0.621786,0.33326,-0.174424
0.910945,-0.40413,0.593349;0.677014,-0.631116,0.349893,-0.144637
0.918683,-0.404754,0.586781;0.664747,-0.640594,0.368039,-0.110895
0.925656,-0.400914,0.580319;0.650568,-0.649411,0.38651,-0.0750734
0.930547,-0.393296,0.575043;0.636831,-0.656253,0.402415,-0.0428998
0.933414,-0.383884,0.571121;0.624788,-0.661138,0.415054,-0.0163526
0.934911,-0.37345,0.568102;0.613952,-0.66478,0.425546,0.00641656
0.935408,-0.363025,0.565852;0.604565,-0.667431,0.434043,0.0253879
0.93522,-0.352253,0.564048;0.595844,-0.669515,0.441495,0.042451
0.934516,-0.341544,0.562631;0.587878,-0.671128,0.44796,0.0576031
0.933459,-0.331278,0.561544;0.580746,-0.672353,0.453494,0.0708455
0.931973,-0.320159,0.560604;0.573463,-0.673405,0.45891,0.0840696
0.930342,-0.309937,0.559921;0.567103,-0.674168,0.463458,0.0953873
0.928368,-0.299065,0.559355;0.560634,-0.674803,0.467918,0.106687
0.926039,-0.287533,0.558909;0.55406,-0.67531,0.47229,0.117966
0.923819,-0.277412,0.558633;0.548501,-0.675635,0.475864,0.127349
0.921337,-0.266819,0.558445;0.54287,-0.67587,0.479376,0.136715
0.918586,-0.255748,0.558349;0.537167,-0.676016,0.482825,0.146062
0.915705,-0.244738,0.558343;0.531661,-0.676073,0.486055,0.15496
0.912834,-0.234232,0.558413;0.536977,-0.677845,0.477147,0.156565
0.909755,-0.223362,0.558554;0.542231,-0.679541,0.468185,0.158153
0.906476,-0.212143,0.558763;0.547424,-0.681159,0.459171,0.159722
0.903514,-0.202256,0.558995;0.551826,-0.682485,0.451402,0.161053
0.900419,-0.19213,0.559272;0.556182,-0.683754,0.443596,0.16237
0.897194,-0.181773,0.559595;0.560492,-0.684966,0.435753,0.163674
0.893848,-0.171191,0.559961;0.564755,-0.686121,0.427874,0.164964
0.890384,-0.160394,0.560369;0.568971,-0.687219,0.41996,0.16624
0.886809,-0.149389,0.560817;0.57314,-0.68826,0.41201,0.167503
0.883128,-0.138185,0.561303;0.577261,-0.689243,0.404026,0.168752
0.879984,-0.128701,0.561737;0.580658,-0.690019,0.397347,0.169781
0.876774,-0.11909,0.562195;0.584022,-0.690754,0.390645,0.170801
0.873501,-0.109354,0.562678;0.587352,-0.69145,0.38392,0.171812
0.870169,-0.0994999,0.563183;0.590648,-0.692106,0.377173,0.172812
0.86678,-0.0895313,0.56371;0.59391,-0.692722,0.370405,0.173802
0.863338,-0.0794531,0.564258;0.597138,-0.693298,0.363615,0.174782
0.859847,-0.06927,0.564826;0.600331,-0.693833,0.356804,0.175752
0.856308,-0.0589866,0.565413;0.60349,-0.694329,0.349972,0.176712
0.852727,-0.0486077,0.566019;0.606613,-0.694784,0.34312,0.177662
0.849106,-0.0381378,0.566642;0.609702,-0.6952,0.336248,0.178601
0.845448,-0.0275817,0.567281;0.612755,-0.695575,0.329357,0.17953
0.841757,-0.0169441,0.567936;0.615773,-0.69591,0.322447,0.180449
0.838036,-0.00622949,0.568605;0.618755,-0.696204,0.315518,0.181357
0.834288,0.00455731,0.569289;0.621701,-0.696459,0.308571,0.182255
0.830516,0.0154117,0.569984;0.624612,-0.696673,0.301606,0.183142
0.826724,0.0263289,0.570692;0.627486,-0.696847,0.294623,0.184019
0.822915,0.0373044,0.57141;0.630324,-0.69698,0.287624,0.184885
0.819093,0.0483334,0.572139;0.633126,-0.697074,0.280608,0.18574
0.81526,0.0594113,0.572876;0.635891,-0.697126,0.273575,0.186585
0.81142,0.0705334,0.573622;0.638619,-0.697139,0.266527,0.187419
0.807576,0.081695,0.574374;0.641311,-0.697111,0.259464,0.188242
0.803732,0.0928915,0.575133;0.643965,-0.697044,0.252385,0.189054
0.79989,0.104118,0.575897;0.646582,-0.696935,0.245292,0.189855
0.796055,0.11537,0.576666;0.649162,-0.696787,0.238185,0.190645
0.792228,0.126643,0.577438;0.651704,-0.696598,0.231064,0.191424
0.788414,0.137933,0.578213;0.654208,-0.696369,0.223929,0.192192
0.784616,0.149233,0.578989;0.656675,-0.696099,0.216782,0.192949
0.780838,0.160541,0.579766;0.659103,-0.69579,0.209622,0.193695
0.777081,0.171851,0.580543;0.661494,-0.69544,0.20245,0.19443
0.77335,0.183158,0.581319;0.663846,-0.69505,0.195266,0.195153
0.769648,0.194458,0.582092;0.66616,-0.69462,0.188071,0.195865
0.765979,0.205746,0.582863;0.668436,-0.694149,0.180865,0.196566
0.762345,0.217018,0.58363;0.670672,-0.693639,0.173649,0.197255
0.758749,0.228269,0.584391;0.67287,-0.693088,0.166423,0.197933
0.755196,0.239493,0.585148;0.67503,-0.692498,0.159187,0.1986
0.751688,0.250687,0.585897;0.67715,-0.691867,0.151941,0.199255
0.748229,0.261846,0.586639;0.679231,-0.691196,0.144687,0.199898
0.744822,0.272965,0.587372;0.681272,-0.690485,0.137425,0.20053
0.74147,0.28404,0.588096;0.683274,-0.689735,0.130155,0.201151
0.738176,0.295065,0.588809;0.685237,-0.688944,0.122877,0.20176
0.734944,0.306037,0.589512;0.68716,-0.688114,0.115592,0.202357
0.731777,0.31695,0.590202;0.689044,-0.687244,0.1083,0.202942
0.728679,0.327799,0.590878;0.690887,-0.686334,0.101003,0.203516
0.725652,0.338581,0.591541;0.692691,-0.685385,0.0936988,0.204078
0.7227,0.34929,0.592189;0.694455,-0.684395,0.0863896,0.204628
0.719826,0.359922,0.592821;0.696178,-0.683367,0.0790755,0.205166
0.717034,0.370472,0.593436;0.697861,-0.682299,0.0717568,0.205693
0.714326,0.380936,0.594033;0.699504,-0.681191,0.064434,0.206207
0.711706,0.391308,0.594611;0.701106,-0.680044,0.0571074,0.20671
0.709178,0.401585,0.59517;0.702668,-0.678857,0.0497775,0.2072
0.706744,0.41176,0.595709;0.70419,-0.677632,0.0424447,0.207679
0.704407,0.421831,0.596225;0.70567,-0.676367,0.0351095,0.208146
0.702172,0.431791,0.59672;0.70711,-0.675063,0.0277723,0.2086
0.700042,0.441637,0.597191;0.708509,-0.67372,0.0204334,0.209043
0.697627,0.453295,0.597724;0.710133,-0.672057,0.0116253,0.209558
0.695374,0.464772,0.598221;0.711699,-0.670339,0.00281618,0.210056
0.693287,0.476062,0.59868;0.713205,-0.668564,-0.00599316,0.210536
0.691371,0.487155,0.599099;0.714652,-0.666734,-0.014802,0.210999
0.689634,0.498045,0.599477;0.716039,-0.664848,-0.0236096,0.211444
0.68808,0.508722,0.599812;0.717367,-0.662907,-0.0324153,0.211871
0.686715,0.51918,0.600103;0.718635,-0.66091,-0.0412182,0.212281
0.685544,0.529409,0.600347;0.719843,-0.658859,-0.0500177,0.212673
0.684575,0.539402,0.600544;0.720991,-0.656752,-0.0588131,0.213048
0.683704,0.55075,0.600711;0.722255,-0.654226,-0.0690681,0.213462
0.683122,0.561754,0.600808;0.723436,-0.651626,-0.0793153,0.213853
0.68284,0.572399,0.600834;0.724536,-0.648951,-0.0895534,0.214219
0.682864,0.582673,0.600785;0.725554,-0.646203,-0.0997815,0.21456
0.68328,0.593943,0.600634;0.726617,-0.642973,-0.111457,0.214921
0.684123,0.604694,0.600378;0.727572,-0.639648,-0.123116,0.21525
0.685406,0.614904,0.600014;0.728419,-0.636228,-0.134756,0.215548
0.687393,0.625722,0.599471;0.729243,-0.632268,-0.147828,0.215844
0.689972,0.635806,0.59878;0.729931,-0.62819,-0.160872,0.216099
0.693558,0.646115,0.597833;0.730535,-0.62352,-0.17533,0.216336
0.698119,0.655814,0.596639;0.722944,-0.62959,-0.187297,0.214215
0.703801,0.664871,0.595162;0.709711,-0.642527,-0.197918,0.210469
0.710332,0.672805,0.593472;0.696145,-0.655163,-0.208446,0.206625
0.717649,0.679653,0.591585;0.682252,-0.667491,-0.218877,0.202684
0.72569,0.685458,0.589517;0.668039,-0.679506,-0.229204,0.198648
0.734393,0.690257,0.587283;0.653512,-0.691202,-0.239424,0.194519
0.743695,0.694092,0.5849;0.638678,-0.702574,-0.249532,0.190298
0.753533,0.697002,0.582383;0.623545,-0.713616,-0.259523,0.185988
0.763846,0.699028,0.579748;0.608119,-0.724323,-0.269392,0.18159
0.773481,0.700127,0.577289;0.593992,-0.733669,-0.278166,0.17756
0.783404,0.70057,0.574759;0.579638,-0.742736,-0.286834,0.173462
0.79357,0.700388,0.572168;0.565065,-0.75152,-0.295393,0.169298
0.803933,0.699608,0.56953;0.550276,-0.760019,-0.30384,0.16507
0.814446,0.69826,0.566855;0.535279,-0.768229,-0.312171,0.160778
0.825066,0.696373,0.564155;0.520077,-0.776147,-0.320384,0.156426
0.834558,0.694267,0.561743;0.506399,-0.782938,-0.327582,0.152508
0.844065,0.691778,0.559328;0.492569,-0.789493,-0.334682,0.148543
0.853556,0.688927,0.556918;0.47859,-0.795811,-0.341681,0.144534
0.862998,0.685735,0.554523;0.464468,-0.80189,-0.348577,0.140482
0.872361,0.682221,0.552148;0.450207,-0.807729,-0.355369,0.136387
0.881611,0.678407,0.549804;0.43581,-0.813324,-0.362054,0.132251
0.890716,0.674312,0.547497;0.421282,-0.818676,-0.36863,0.128076
0.899646,0.669957,0.545236;0.406628,-0.823781,-0.375096,0.123862
0.908367,0.665363,0.543029;0.391851,-0.828639,-0.381449,0.119611
0.91789,0.659934,0.54062;0.375087,-0.833807,-0.388459,0.114786
0.927063,0.654257,0.538302;0.35818,-0.838657,-0.395321,0.109917
0.935841,0.648361,0.536085;0.341138,-0.843189,-0.402033,0.105006
0.944178,0.642275,0.533981;0.323965,-0.847401,-0.408592,0.100056
0.952029,0.636028,0.532002;0.30667,-0.85129,-0.414996,0.095067
0.960127,0.628933,0.529963;0.287316,-0.855232,-0.421926,0.0894818
0.967506,0.621716,0.528108;0.267827,-0.858772,-0.428658,0.0838545
0.974718,0.613683,0.526299;0.246245,-0.862201,-0.435831,0.0776192
0.980901,0.605603,0.524752;0.224523,-0.86514,-0.442757,0.0713398
0.986376,0.596797,0.523388;0.200681,-0.867786,-0.450025,0.0644434
0.990688,0.587345,0.522324;0.1747,-0.86999,-0.457555,0.0569234
0.993297,0.577366,0.521697;0.146565,-0.871593,-0.465259,0.0487745
0.993559,0.567027,0.521669;0.116273,-0.87242,-0.473038,0.0399941
0.990995,0.557184,0.522361;0.0858574,-0.872326,-0.480317,0.0311714
0.985866,0.548563,0.523703;0.0573872,-0.871407,-0.486654,0.0229069
0.978585,0.541146,0.52559;0.0309027,-0.869836,-0.492137,0.0152138
0.970425,0.535378,0.527695;0.00847281,-0.867968,-0.496472,0.00869458
0.961342,0.530587,0.530031;-0.0119225,-0.865842,-0.500168,0.00276362
0.95176,0.526677,0.532492;-0.0302738,-0.863581,-0.503294,-0.00257544
