0.735449,0.559235,0.569341;0.912527,0.161678,0.102483,0.361457
0.741996,0.550434,0.571989;0.916668,0.164361,0.0978815,0.35089
0.748345,0.541816,0.574448;0.920665,0.167017,0.093265,0.340268
0.754497,0.533381,0.576721;0.924518,0.169648,0.0886338,0.329592
0.760456,0.525125,0.578812;0.928225,0.172252,0.0839887,0.318864
0.766224,0.517047,0.580725;0.931786,0.174829,0.0793304,0.308086
0.772716,0.507845,0.582735;0.935755,0.1778,0.0738799,0.295451
0.778955,0.498878,0.584513;0.939524,0.180734,0.0684137,0.282753
0.784945,0.490144,0.586064;0.943092,0.183628,0.0629329,0.269994
0.790692,0.481639,0.587394;0.946459,0.186484,0.0574386,0.257177
0.796197,0.473359,0.588508;0.949623,0.1893,0.0519319,0.244305
0.802201,0.464169,0.589525;0.95299,0.192468,0.0456251,0.229531
0.807901,0.455265,0.590277;0.956091,0.195582,0.0393056,0.214693
0.813305,0.446642,0.590771;0.958925,0.198642,0.0329751,0.199794
0.819038,0.43727,0.59103;0.961792,0.202018,0.0258423,0.182967
0.824411,0.428241,0.590986;0.96432,0.205322,0.0187004,0.166075
0.829434,0.419547,0.590651;0.966506,0.208554,0.0115518,0.149124
0.834614,0.410271,0.589953;0.968534,0.212059,0.00360434,0.130228
0.839383,0.401391,0.588927;0.97014,0.21547,-0.00434473,0.111276
0.844169,0.392069,0.587439;0.971417,0.219115,-0.0130864,0.0903719
0.848488,0.383201,0.585597;0.97218,0.222643,-0.0218211,0.0694205
0.852686,0.374031,0.583209;0.972428,0.226358,-0.0313366,0.0465229
0.856651,0.364669,0.580207;0.972006,0.230222,-0.0416226,0.0216847
0.860035,0.355884,0.576811;0.970867,0.233916,-0.051878,-0.00316953
0.86306,0.347044,0.572753;0.968839,0.237701,-0.0628791,-0.0299325
0.865623,0.338257,0.567995;0.965746,0.241531,-0.0746061,-0.0585781
0.867629,0.329629,0.562512;0.961402,0.245354,-0.0870339,-0.0890692
0.868988,0.321261,0.556301;0.955608,0.249116,-0.100131,-0.121356
0.869609,0.31367,0.549772;0.94861,0.252564,-0.113103,-0.15349
0.869526,0.306429,0.542602;0.939895,0.255867,-0.126681,-0.187302
0.868687,0.299611,0.534851;0.929254,0.25896,-0.140819,-0.222705
0.867155,0.293578,0.527023;0.917148,0.261646,-0.154735,-0.257756
0.864881,0.288002,0.518825;0.902844,0.264027,-0.16912,-0.294212
0.861867,0.28292,0.510405;0.886129,0.266032,-0.183905,-0.331937
0.858234,0.278462,0.502161;0.896135,0.249411,-0.162271,-0.329249
0.853809,0.274456,0.493852;0.91813,0.221889,-0.120695,-0.305345
0.848681,0.271103,0.485878;0.937555,0.192433,-0.0770038,-0.279339
0.842639,0.268387,0.478176;0.954456,0.159891,-0.029627,-0.25014
0.835665,0.26647,0.471094;0.967859,0.124241,0.0212743,-0.217624
0.827521,0.265499,0.464898;0.9769,0.0843004,0.0771305,-0.180583
0.818496,0.265711,0.460395;0.979903,0.0413767,0.135844,-0.140084
0.808708,0.267252,0.458241;0.975685,-0.00430583,0.19688,-0.0962203
0.799127,0.269977,0.459011;0.964318,-0.0487247,0.254805,-0.0528228
0.790197,0.273595,0.462598;0.947081,-0.0903529,0.307801,-0.0114747
0.782539,0.27758,0.468269;0.926717,-0.126601,0.3529,0.0250801
0.776158,0.2816,0.475222;0.905242,-0.157501,0.390538,0.0566642
0.77077,0.285573,0.483041;0.883351,-0.184336,0.422591,0.0844269
0.766319,0.289329,0.491177;0.862161,-0.207224,0.449436,0.108366
0.762439,0.293029,0.499823;0.852252,-0.217451,0.459276,0.124286
0.7591,0.296568,0.508664;0.872264,-0.198326,0.429852,0.122678
0.756139,0.299961,0.517744;0.889855,-0.179964,0.401417,0.120975
0.753373,0.303317,0.527433;0.906149,-0.16134,0.372396,0.119096
0.750957,0.306365,0.537019;0.920278,-0.143597,0.344586,0.117169
0.74873,0.309234,0.546974;0.933219,-0.125667,0.31633,0.115091
0.746822,0.311696,0.556569;0.944256,-0.108711,0.289469,0.113007
0.745094,0.31388,0.566348;0.954221,-0.0916312,0.262279,0.110795
0.743553,0.315725,0.576243;0.963103,-0.0744473,0.234792,0.108458
0.742204,0.317173,0.586187;0.970892,-0.0571789,0.207038,0.105997
0.741056,0.318166,0.596111;0.977578,-0.0398456,0.179049,0.103416
0.740058,0.318658,0.6066;0.983487,-0.0213073,0.14897,0.100533
0.739302,0.318492,0.616906;0.988126,-0.00274157,0.118699,0.0975206
0.738797,0.3176,0.62695;0.991488,0.0158277,0.0882754,0.0943822
0.738544,0.315774,0.637239;0.993658,0.0355347,0.0558258,0.0909142
0.738592,0.312962,0.647039;0.994378,0.0551898,0.0232948,0.0873137
0.73895,0.309077,0.656251;0.993649,0.0747644,-0.00927014,0.0835858
0.739678,0.303699,0.665254;0.991297,0.0953711,-0.0437349,0.079506
0.740706,0.297337,0.672944;0.987589,0.11469,-0.0762203,0.0755333
0.742073,0.289641,0.679744;0.98244,0.133842,-0.108595,0.0714505
0.743678,0.281102,0.685241;0.976285,0.15169,-0.138921,0.0675126
0.745471,0.271891,0.689527;0.96937,0.168245,-0.167189,0.0637415
0.747402,0.26219,0.692707;0.961923,0.183524,-0.193403,0.0601565
0.749421,0.252182,0.694901;0.954156,0.19755,-0.217573,0.0567742
0.751483,0.242058,0.69624;0.946264,0.210347,-0.23972,0.053609
0.753544,0.232003,0.696857;0.938425,0.221944,-0.259868,0.0506733
0.75556,0.222198,0.696888;0.930802,0.232369,-0.278048,0.0479777
0.757714,0.211745,0.696394;0.922709,0.242677,-0.296087,0.0452578
0.759773,0.201766,0.695484;0.915027,0.25185,-0.312195,0.0427903
0.761947,0.191236,0.694118;0.906972,0.26092,-0.328175,0.0403053
0.764157,0.180526,0.692351;0.900747,0.267654,-0.33985,0.0389702
0.766204,0.170603,0.690415;0.902944,0.265646,-0.335173,0.04223
0.768332,0.160282,0.688142;0.905104,0.263627,-0.330482,0.0454881
0.770536,0.149584,0.685543;0.907227,0.261597,-0.325777,0.0487442
0.772811,0.138528,0.682632;0.909312,0.259556,-0.321059,0.0519984
0.775154,0.127133,0.679421;0.911359,0.257505,-0.316327,0.0552504
0.777559,0.11542,0.675922;0.913369,0.255443,-0.311583,0.0585001
0.779525,0.105833,0.672924;0.91495,0.253785,-0.307778,0.0610981
0.781526,0.0960654,0.669757;0.916506,0.252121,-0.303965,0.0636945
0.783559,0.0861264,0.666427;0.918038,0.250451,-0.300144,0.0662892
0.785623,0.0760263,0.66294;0.919546,0.248773,-0.296315,0.0688822
0.787715,0.0657753,0.659303;0.921029,0.24709,-0.292478,0.0714733
0.789833,0.0553834,0.655522;0.922488,0.245399,-0.288633,0.0740626
0.791973,0.0448606,0.651604;0.923923,0.243702,-0.284781,0.0766499
0.794135,0.0342172,0.647555;0.925333,0.241999,-0.280921,0.0792351
0.796316,0.0234631,0.643382;0.926719,0.240289,-0.277054,0.0818183
0.798513,0.0126084,0.639091;0.92808,0.238573,-0.27318,0.0843993
0.800724,0.00166328,0.634688;0.929417,0.236851,-0.269298,0.0869781
0.802948,-0.00936226,0.63018;0.930729,0.235122,-0.265409,0.0895545
0.80518,-0.0204581,0.625574;0.932016,0.233387,-0.261513,0.0921286
0.80742,-0.0316142,0.620875;0.933279,0.231646,-0.25761,0.0947003
0.809665,-0.0428204,0.616091;0.934517,0.229899,-0.2537,0.0972694
0.811913,-0.0540668,0.611228;0.93573,0.228145,-0.249784,0.099836
0.81416,-0.0653431,0.606291;0.936918,0.226386,-0.245861,0.1024
0.816406,-0.0766393,0.601289;0.938082,0.224621,-0.241932,0.104961
0.818648,-0.0879453,0.596226;0.939221,0.222849,-0.237996,0.10752
0.820883,-0.0992511,0.59111;0.940335,0.221072,-0.234053,0.110075
0.823109,-0.110547,0.585947;0.941424,0.219289,-0.230105,0.112628
0.825324,-0.121822,0.580743;0.942488,0.2175,-0.22615,0.115178
0.827526,-0.133066,0.575505;0.943527,0.215706,-0.22219,0.117724
0.829711,-0.14427,0.570239;0.944542,0.213905,-0.218224,0.120268
0.831879,-0.155423,0.564953;0.945531,0.212099,-0.214251,0.122808
0.834026,-0.166516,0.559651;0.946495,0.210288,-0.210274,0.125345
0.836151,-0.177537,0.554341;0.947434,0.20847,-0.20629,0.127879
0.83825,-0.188478,0.549029;0.948348,0.206648,-0.202301,0.130409
0.840322,-0.199328,0.543721;0.949237,0.20482,-0.198307,0.132936
0.842365,-0.210077,0.538425;0.950101,0.202986,-0.194308,0.13546
0.844376,-0.220714,0.533146;0.95094,0.201147,-0.190303,0.13798
0.846352,-0.231231,0.527891;0.951753,0.199303,-0.186293,0.140496
0.848292,-0.241616,0.522666;0.952542,0.197453,-0.182279,0.143008
0.850194,-0.251859,0.517478;0.953305,0.195598,-0.178259,0.145517
0.852054,-0.261951,0.512333;0.954042,0.193738,-0.174235,0.148022
0.85387,-0.271882,0.507238;0.954755,0.191873,-0.170207,0.150523
0.855641,-0.281641,0.502198;0.955442,0.190003,-0.166173,0.15302
0.857364,-0.291218,0.497222;0.956104,0.188128,-0.162136,0.155512
0.859037,-0.300603,0.492314;0.956741,0.186248,-0.158094,0.158001
0.860657,-0.309787,0.487482;0.957353,0.184363,-0.154048,0.160486
0.862222,-0.318758,0.482731;0.957939,0.182473,-0.149997,0.162966
0.86373,-0.327507,0.478069;0.958499,0.180578,-0.145943,0.165442
0.865531,-0.338117,0.472376;0.959165,0.178203,-0.14087,0.168531
0.867234,-0.348343,0.466843;0.95979,0.17582,-0.135791,0.171613
0.868835,-0.358168,0.461483;0.960376,0.17343,-0.130707,0.174688
0.87033,-0.367571,0.456309;0.960922,0.171033,-0.125617,0.177755
0.871713,-0.376532,0.451334;0.961428,0.168629,-0.120522,0.180815
0.873221,-0.386675,0.445643;0.961984,0.165735,-0.114401,0.184478
0.874554,-0.39612,0.440278;0.962481,0.162831,-0.108273,0.188129
0.875706,-0.404833,0.43526;0.962922,0.159917,-0.102139,0.191769
0.876809,-0.414028,0.429873;0.963363,0.156506,-0.0949752,0.196002
0.877738,-0.423189,0.424377;0.963772,0.152591,-0.0867783,0.200819
0.878338,-0.431683,0.419097;0.96411,0.148169,-0.0775459,0.206214
0.87832,-0.440338,0.4133;0.96437,0.141745,-0.0641922,0.213956
0.873875,-0.442765,0.408861;0.974332,0.132656,-0.020316,0.180738
0.868782,-0.433997,0.411337;0.980026,0.128352,0.00715588,0.151735
0.864392,-0.424562,0.414586;0.982992,0.125285,0.0259484,0.131744
0.860574,-0.4157,0.417748;0.984758,0.12286,0.0403913,0.116297
0.856843,-0.4067,0.420973;0.985964,0.120629,0.0533743,0.102348
0.85286,-0.396869,0.424466;0.986805,0.118354,0.0663377,0.0883619
0.84913,-0.387541,0.427723;0.987246,0.116295,0.0778402,0.0759021
0.845242,-0.377757,0.431057;0.9874,0.114202,0.08932,0.0634201
0.841213,-0.36761,0.434406;0.987264,0.112075,0.100774,0.0509196
0.837588,-0.358509,0.437299;0.98691,0.110188,0.110772,0.0399693
0.833882,-0.349266,0.440113;0.986334,0.108276,0.120745,0.0290101
0.830109,-0.339945,0.442806;0.985539,0.106339,0.130691,0.0180444
0.82628,-0.330607,0.445336;0.984522,0.104379,0.140608,0.00707465
0.822409,-0.321318,0.44766;0.983286,0.102396,0.150494,-0.00389666
0.818508,-0.312139,0.449737;0.98183,0.10039,0.160346,-0.0148671
0.814028,-0.301865,0.451753;0.979897,0.0980691,0.171561,-0.0274005
0.809545,-0.291913,0.453328;0.977678,0.0957201,0.182726,-0.039926
0.805076,-0.282377,0.454399;0.975174,0.0933431,0.193838,-0.0524397
0.800641,-0.273351,0.454903;0.972385,0.0909389,0.204893,-0.0649382
0.795714,-0.263924,0.454714;0.968907,0.0882024,0.217259,-0.0789761
0.79035,-0.254509,0.453461;0.964624,0.0851237,0.230904,-0.0945394
0.784625,-0.245655,0.450671;0.959404,0.0816923,0.245792,-0.111609
0.778646,-0.23807,0.445755;0.953106,0.0778977,0.261878,-0.13016
0.773006,-0.232958,0.438679;0.946181,0.0740518,0.277792,-0.148625
0.768188,-0.230717,0.430115;0.939287,0.0704836,0.29222,-0.165466
0.764142,-0.230921,0.420461;0.93257,0.067206,0.305196,-0.180696
0.760804,-0.233088,0.410148;0.926161,0.0642299,0.316756,-0.194334
0.758101,-0.236704,0.399613;0.920177,0.0615646,0.326933,-0.206396
0.755955,-0.24125,0.389286;0.91472,0.0592176,0.33576,-0.216901
0.754288,-0.246223,0.379579;0.90988,0.0571953,0.343267,-0.225867
0.753027,-0.251158,0.370865;0.905732,0.0555029,0.349479,-0.23331
0.751887,-0.256834,0.361568;0.901481,0.0538042,0.355651,-0.240727
0.750873,-0.263276,0.351671;0.897127,0.0520993,0.361783,-0.248116
0.750155,-0.268997,0.343312;0.893571,0.0507311,0.366659,-0.254007
