0.815547,0.349782,0.229867;0.87892,-0.299404,0.322265,0.184396
0.806857,0.343123,0.227113;0.882449,-0.286658,0.327414,0.178636
0.798463,0.336599,0.22459;0.885771,-0.273845,0.332485,0.172834
0.790362,0.330207,0.222295;0.888886,-0.260968,0.337479,0.166991
0.78255,0.323946,0.220223;0.891791,-0.24803,0.342393,0.161109
0.773971,0.316949,0.218124;0.894856,-0.233172,0.347912,0.154341
0.765759,0.310118,0.216306;0.897646,-0.218243,0.353323,0.147526
0.757908,0.303449,0.214764;0.900162,-0.203247,0.358626,0.140665
0.750414,0.29694,0.213491;0.902401,-0.188188,0.36382,0.133761
0.742401,0.289804,0.212375;0.90459,-0.171179,0.369529,0.125946
0.734824,0.282864,0.211585;0.906429,-0.154103,0.375095,0.118081
0.726908,0.275375,0.21108;0.908059,-0.13506,0.381109,0.109289
0.719509,0.268116,0.210956;0.909254,-0.115953,0.38694,0.100445
0.711955,0.260389,0.211247;0.910066,-0.0948705,0.39314,0.0906612
0.705001,0.252925,0.211971;0.910351,-0.0737335,0.399113,0.0808247
0.698081,0.245074,0.213238;0.910061,-0.0506266,0.405365,0.0700408
0.691349,0.2369,0.21515;0.909038,-0.0255552,0.411822,0.058304
0.685388,0.22906,0.217599;0.90728,-0.000463224,0.417946,0.04652
0.679805,0.220976,0.22081;0.904566,0.0265588,0.424163,0.0337877
0.674753,0.212709,0.224875;0.900716,0.0554826,0.430382,0.0201111
0.670628,0.204833,0.229549;0.895896,0.0843467,0.436137,0.00641281
0.667207,0.19684,0.235166;0.889691,0.115034,0.441758,-0.00820592
0.664755,0.189246,0.241388;0.882395,0.145581,0.446838,-0.0228146
0.663228,0.182029,0.24817;0.874019,0.175949,0.45137,-0.0373953
0.662582,0.175165,0.255465;0.864571,0.206101,0.455349,-0.0519302
0.662773,0.16863,0.26323;0.854063,0.236001,0.45877,-0.0664014
0.663758,0.162402,0.271417;0.842509,0.265611,0.461629,-0.0807913
0.665491,0.156458,0.279982;0.829923,0.294897,0.463922,-0.0950821
0.667758,0.151122,0.288313;0.817199,0.322024,0.465556,-0.108374
0.670608,0.145996,0.296898;0.803594,0.348804,0.466688,-0.12155
0.674007,0.141061,0.305699;0.789125,0.375209,0.467317,-0.134594
0.67764,0.13661,0.314076;0.774852,0.399489,0.46745,-0.146639
0.68169,0.132294,0.322577;0.759853,0.423394,0.467145,-0.158545
0.686127,0.128095,0.331172;0.74414,0.446903,0.466401,-0.170303
0.69092,0.124,0.339832;0.72773,0.469991,0.465219,-0.181902
0.695666,0.120276,0.347903;0.71188,0.491037,0.463732,-0.192519
0.700671,0.116616,0.355978;0.695453,0.511685,0.461868,-0.20298
0.705911,0.113006,0.364033;0.678465,0.531918,0.459632,-0.213277
0.711363,0.109434,0.372043;0.660927,0.551722,0.457023,-0.223402
0.717004,0.105888,0.379984;0.642854,0.571079,0.454045,-0.233346
0.72281,0.102356,0.38783;0.624262,0.589974,0.450699,-0.243101
0.728665,0.0988799,0.395441;0.643816,0.568872,0.449771,-0.244114
0.734816,0.0953005,0.403135;0.667516,0.541966,0.448568,-0.243888
0.741088,0.0917095,0.410683;0.690356,0.514364,0.446788,-0.243349
0.747468,0.0881007,0.418074;0.712308,0.486099,0.444433,-0.242496
0.753946,0.0844679,0.425297;0.733343,0.457209,0.441506,-0.241331
0.760509,0.0808051,0.43234;0.753434,0.42773,0.43801,-0.239856
0.767147,0.0771061,0.439191;0.772556,0.397701,0.433951,-0.238072
0.773846,0.0733647,0.445839;0.790683,0.36716,0.429333,-0.235981
0.780596,0.069575,0.452272;0.807793,0.336146,0.424163,-0.233587
0.78781,0.0654884,0.458859;0.824832,0.302721,0.418071,-0.230714
0.795054,0.0613328,0.465177;0.840673,0.268856,0.411373,-0.227506
0.802314,0.0571009,0.471211;0.855292,0.2346,0.404076,-0.223967
0.809576,0.0527854,0.476949;0.868669,0.200004,0.396192,-0.220102
0.816825,0.0483788,0.482376;0.880783,0.165117,0.387733,-0.215918
0.824473,0.0436056,0.487767;0.892215,0.127917,0.378162,-0.211146
0.832074,0.0387134,0.492778;0.902194,0.090509,0.367976,-0.20603
0.839612,0.0336935,0.497393;0.910703,0.0529535,0.35719,-0.200578
0.847483,0.0282464,0.501814;0.918075,0.0132194,0.345173,-0.19447
0.855247,0.022637,0.505756;0.923781,-0.0265388,0.332531,-0.188008
0.862882,0.016855,0.509198;0.927811,-0.0662489,0.319285,-0.181205
0.870371,0.0108902,0.512122;0.930157,-0.105839,0.305459,-0.174073
0.878074,0.00440255,0.514618;0.930802,-0.147303,0.290308,-0.166225
0.88557,-0.00231103,0.516495;0.929576,-0.188472,0.274573,-0.158043
0.892835,-0.00926254,0.517731;0.92648,-0.229261,0.258285,-0.149542
0.899847,-0.016464,0.518303;0.921521,-0.269589,0.241478,-0.140742
0.906584,-0.0239272,0.518189;0.91471,-0.309376,0.224186,-0.131658
0.913022,-0.0316644,0.517366;0.906059,-0.34854,0.206443,-0.122309
0.919139,-0.0396873,0.515811;0.895585,-0.387003,0.188284,-0.112714
0.924911,-0.0480081,0.513502;0.883311,-0.424688,0.169747,-0.102893
0.930056,-0.0561996,0.510589;0.870005,-0.459699,0.15182,-0.0933708
0.934849,-0.0646808,0.506957;0.85512,-0.493876,0.133618,-0.0836791
0.939049,-0.0729924,0.502833;0.839587,-0.525428,0.116149,-0.0743572
0.9429,-0.081582,0.49803;0.822686,-0.556124,0.0984913,-0.0649141
0.94628,-0.0901681,0.492718;0.81741,-0.565426,0.0939093,-0.0575797
0.949139,-0.098469,0.487142;0.827386,-0.549082,0.105489,-0.0530443
0.951698,-0.106964,0.481034;0.83693,-0.532453,0.117014,-0.0484813
0.953769,-0.114829,0.475052;0.845228,-0.517094,0.127439,-0.0443112
0.955603,-0.122803,0.468687;0.853161,-0.501512,0.137809,-0.0401219
0.957204,-0.130863,0.461968;0.860728,-0.485715,0.148119,-0.0359154
0.958577,-0.138984,0.454921;0.867923,-0.469708,0.158365,-0.0316933
0.959728,-0.147143,0.447574;0.874745,-0.453499,0.168544,-0.0274577
0.960577,-0.154497,0.440727;0.880562,-0.438743,0.177642,-0.0236354
0.961254,-0.161844,0.433678;0.886072,-0.423834,0.186679,-0.0198049
0.961762,-0.169167,0.426448;0.891273,-0.408778,0.19565,-0.0159674
0.962104,-0.176447,0.419056;0.896162,-0.393579,0.204553,-0.0121244
0.962285,-0.183666,0.411521;0.900739,-0.378242,0.213385,-0.00827719
0.962308,-0.190809,0.403864;0.905002,-0.362774,0.222142,-0.00442706
0.962177,-0.197855,0.396105;0.908949,-0.347178,0.230822,-0.000575395
0.961895,-0.204789,0.388263;0.912579,-0.331462,0.239421,0.00327648
0.961466,-0.211592,0.380357;0.91589,-0.31563,0.247936,0.0071272
0.960893,-0.218247,0.372409;0.918882,-0.299688,0.256365,0.0109754
0.960181,-0.224736,0.364438;0.921553,-0.283641,0.264705,0.0148199
0.959333,-0.231041,0.356462;0.923902,-0.267496,0.272952,0.0186591
0.958353,-0.237145,0.348503;0.925929,-0.251257,0.281104,0.0224918
0.957112,-0.24367,0.339703;0.927802,-0.233111,0.290047,0.0267411
0.955718,-0.2499,0.330975;0.929276,-0.214864,0.298865,0.0309789
0.954175,-0.255812,0.322346;0.930349,-0.196525,0.307554,0.0352034
0.952488,-0.261381,0.313842;0.931021,-0.178102,0.31611,0.0394127
0.950662,-0.266583,0.305492;0.931293,-0.159602,0.32453,0.043605
0.948499,-0.271852,0.296516;0.931128,-0.139172,0.333631,0.0481948
0.946181,-0.276615,0.287794;0.930477,-0.11867,0.342557,0.0527594
0.943482,-0.281197,0.278613;0.929215,-0.0962341,0.352092,0.0577076
0.940616,-0.285097,0.269824;0.927376,-0.0737384,0.361408,0.06262
0.937331,-0.288504,0.2608;0.924734,-0.0493169,0.371247,0.0678978
0.933596,-0.291163,0.251727;0.921137,-0.0229771,0.381541,0.0735262
0.929096,-0.292834,0.242272;0.916073,0.00714791,0.39291,0.0798823
0.924064,-0.292905,0.233412;0.909586,0.0391464,0.404514,0.0865391
0.918166,-0.290764,0.225118;0.900996,0.0748498,0.416887,0.0938511
0.91201,-0.286118,0.2187;0.891005,0.110437,0.428612,0.101017
0.905939,-0.279211,0.214503;0.883409,0.135108,0.434285,0.112833
0.900288,-0.270802,0.21239;0.894389,0.0995817,0.407288,0.155782
0.895316,-0.262003,0.211783;0.901017,0.0686339,0.382717,0.192318
0.890671,-0.252726,0.212142;0.904774,0.0399815,0.359116,0.225435
0.886379,-0.243332,0.213182;0.906239,0.0137319,0.336785,0.255183
0.882459,-0.234121,0.214666;0.905944,-0.0100438,0.315978,0.281644
0.878719,-0.22481,0.216515;0.904244,-0.032553,0.29577,0.306272
0.875167,-0.215526,0.218627;0.901374,-0.0537667,0.27627,0.329104
0.87181,-0.206382,0.220918;0.897552,-0.0736663,0.257573,0.350184
0.868442,-0.196868,0.223478;0.89265,-0.0934772,0.238567,0.370842
0.865278,-0.187635,0.226106;0.887077,-0.111948,0.220487,0.389804
0.86211,-0.17812,0.228934;0.880565,-0.1303,0.202173,0.408354
0.85894,-0.168343,0.231945;0.873121,-0.148515,0.183645,0.426471
0.855983,-0.159,0.234906;0.865339,-0.165373,0.166177,0.442973
0.853028,-0.149463,0.237995;0.856759,-0.18208,0.148556,0.459067
0.850079,-0.139749,0.2412;0.847389,-0.198618,0.130797,0.474737
0.847347,-0.130585,0.244266;0.837988,-0.213811,0.114199,0.488896
0.844622,-0.121297,0.247408;0.827921,-0.228834,0.0975093,0.502667
0.841907,-0.111897,0.250612;0.817195,-0.243675,0.0807425,0.516038
0.839204,-0.102399,0.253869;0.80582,-0.258323,0.0639115,0.528998
0.836513,-0.0928162,0.257166;0.793804,-0.272765,0.0470297,0.541538
0.833836,-0.0831621,0.260492;0.781156,-0.28699,0.0301105,0.553647
0.831176,-0.07345,0.263834;0.767888,-0.300987,0.0131674,0.565316
0.828534,-0.0636932,0.267183;0.754008,-0.314745,-0.00378627,0.576535
0.825911,-0.0539051,0.270525;0.739529,-0.328252,-0.0207369,0.587296
0.82331,-0.0440991,0.273849;0.724462,-0.341498,-0.037671,0.59759
0.820731,-0.0342884,0.277144;0.708819,-0.354473,-0.0545752,0.607409
0.818177,-0.0244865,0.280398;0.692613,-0.367166,-0.0714359,0.616745
0.815649,-0.0147067,0.283599;0.675855,-0.379566,-0.0882399,0.62559
0.813149,-0.00496238,0.286737;0.65856,-0.391665,-0.104974,0.633938
0.810678,0.00473316,0.289798;0.640742,-0.403453,-0.121624,0.641781
0.808239,0.0143665,0.292772;0.622414,-0.41492,-0.138178,0.649115
0.805832,0.0239244,0.295648;0.603591,-0.426056,-0.154621,0.655932
0.80346,0.0333934,0.298412;0.584288,-0.436854,-0.170942,0.662227
0.801124,0.0427602,0.301055;0.56452,-0.447305,-0.187127,0.667996
0.798651,0.0527179,0.303751;0.54273,-0.458162,-0.20439,0.673615
0.796223,0.0625249,0.306277;0.52044,-0.468595,-0.221465,0.678612
0.793844,0.0721645,0.308619;0.49767,-0.478597,-0.238335,0.682983
0.79135,0.0822879,0.310907;0.472764,-0.488823,-0.256166,0.686968
0.788917,0.0921796,0.31295;0.447358,-0.498532,-0.273726,0.690225
0.786546,0.101819,0.314729;0.421478,-0.507713,-0.290996,0.692752
0.784089,0.1118,0.316316;0.393382,-0.516913,-0.309077,0.694638
0.78171,0.121445,0.317561;0.364812,-0.525491,-0.326786,0.695688
0.779269,0.131298,0.318485;0.333976,-0.533911,-0.34517,0.695886
0.776789,0.141254,0.318987;0.300832,-0.542034,-0.364124,0.695063
0.77429,0.151193,0.318952;0.26535,-0.549713,-0.383527,0.693046
0.771735,0.161223,0.318222;0.22825,-0.55825,-0.402078,0.688906
0.769223,0.170932,0.316664;0.21302,-0.584384,-0.397582,0.674571
0.76675,0.180408,0.314197;0.196508,-0.611524,-0.392286,0.658433
0.764374,0.189554,0.310797;0.178684,-0.639491,-0.386102,0.64035
0.762052,0.198751,0.30622;0.158455,-0.669637,-0.378522,0.619031
0.76002,0.207381,0.300732;0.136848,-0.700045,-0.369794,0.595367
0.758376,0.215425,0.294481;0.113864,-0.730444,-0.359824,0.569222
0.757236,0.222897,0.287686;0.0895125,-0.760539,-0.348516,0.540467
0.756723,0.230137,0.280349;0.0626991,-0.791239,-0.335206,0.507589
0.757096,0.237165,0.272945;0.0334473,-0.821888,-0.319684,0.470302
0.758741,0.244347,0.265973;0.000689504,-0.852746,-0.301081,0.426817
0.762317,0.252174,0.260568;-0.0365823,-0.883434,-0.278356,0.375133
0.768055,0.260451,0.258883;-0.0747703,-0.90995,-0.253338,0.31972
0.774463,0.267882,0.261261;-0.1059,-0.92779,-0.231613,0.272665
0.78063,0.274365,0.265968;-0.13007,-0.939225,-0.213893,0.234923
0.786451,0.280224,0.271916;-0.149611,-0.946867,-0.199003,0.203611
0.791855,0.285563,0.278446;-0.165709,-0.952048,-0.186344,0.177259
0.797366,0.290973,0.285927;-0.180563,-0.955904,-0.174336,0.152482
0.802457,0.295973,0.293465;-0.193153,-0.958454,-0.163906,0.131122
0.80743,0.300877,0.301334;-0.20457,-0.960176,-0.15424,0.111458
0.812208,0.30562,0.309318;-0.214841,-0.961231,-0.14537,0.0935223
0.816723,0.310134,0.317205;-0.223991,-0.961763,-0.137324,0.0773391
0.821443,0.314894,0.325778;-0.23305,-0.961901,-0.129221,0.0611242
0.825814,0.31934,0.333992;-0.241022,-0.961692,-0.121974,0.0466896
0.830353,0.323999,0.34278;-0.248915,-0.96117,-0.114688,0.0322399
0.834463,0.328255,0.350953;-0.255756,-0.960458,-0.108282,0.0195877
0.838705,0.332686,0.359586;-0.262533,-0.959508,-0.101849,0.0069306
0.843079,0.337297,0.368691;-0.269245,-0.958319,-0.0953903,-0.00572823
0.847587,0.342093,0.378277;-0.27589,-0.956892,-0.0889082,-0.0183856
0.85156,0.346356,0.386885;-0.281532,-0.955479,-0.0833344,-0.0292313
0.855632,0.350763,0.395859;-0.287122,-0.953893,-0.0777455,-0.0400717
0.859807,0.355318,0.405208;-0.292659,-0.952132,-0.0721423,-0.0509047
0.864083,0.360024,0.414936;-0.298143,-0.950197,-0.066526,-0.0617284
