0.746054,-0.428198,0.38447;-0.423031,0.857352,0.207459,-0.20725
0.738592,-0.425612,0.391148;-0.402174,0.863897,0.215433,-0.213368
0.730913,-0.423113,0.398083;-0.378963,0.870519,0.22406,-0.219955
0.723156,-0.420786,0.405167;-0.353341,0.877047,0.233291,-0.226966
0.715468,-0.41872,0.412289;-0.325251,0.883295,0.243073,-0.234346
0.707998,-0.417004,0.419333;-0.294645,0.889056,0.253341,-0.242038
0.700462,-0.415661,0.426613;-0.25926,0.894405,0.264722,-0.250492
0.693221,-0.414898,0.433854;-0.218995,0.898838,0.277057,-0.259559
0.68608,-0.414973,0.4414;-0.169232,0.901967,0.291426,-0.269977
0.679581,-0.416542,0.449037;-0.105231,0.902294,0.308527,-0.28214
0.674996,-0.421308,0.456413;-0.0130448,0.895665,0.330511,-0.297282
0.676118,-0.43028,0.460349;0.0976627,0.876778,0.352839,-0.311811
0.681378,-0.43908,0.460181;0.182188,0.854229,0.366855,-0.320183
0.687877,-0.446824,0.458356;0.247463,0.831815,0.375814,-0.324975
0.694987,-0.45393,0.455731;0.302779,0.80924,0.382071,-0.327838
0.702291,-0.460404,0.452708;0.350558,0.786949,0.386435,-0.329376
0.709706,-0.466393,0.449446;0.393144,0.76477,0.389463,-0.329974
0.71737,-0.472111,0.445946;0.43276,0.742059,0.391504,-0.329834
0.725138,-0.477503,0.442315;0.469458,0.719113,0.392684,-0.329066
0.733349,-0.48282,0.438419;0.505276,0.694818,0.393127,-0.327681
0.741468,-0.48773,0.434532;0.538235,0.670676,0.392869,-0.325809
0.7499,-0.492492,0.430479;0.570293,0.645412,0.391953,-0.323392
0.758085,-0.496801,0.426543;0.599596,0.620646,0.390493,-0.320622
0.766478,-0.500908,0.42252;0.62801,0.594962,0.388453,-0.317378
0.775045,-0.50478,0.418437;0.655493,0.568395,0.385839,-0.313663
0.783753,-0.508383,0.414324;0.682005,0.540987,0.382652,-0.309483
0.792568,-0.511684,0.410209;0.707506,0.512777,0.378899,-0.304845
0.801418,-0.514638,0.406138;0.723253,0.496964,0.372922,-0.30143
0.811681,-0.5176,0.401502;0.730866,0.493846,0.363844,-0.299281
0.821984,-0.52007,0.396946;0.738365,0.490652,0.35471,-0.297084
0.832304,-0.522029,0.392487;0.74575,0.487381,0.345521,-0.294842
0.842616,-0.523456,0.388141;0.75302,0.484036,0.336278,-0.292554
0.852898,-0.524333,0.383928;0.760173,0.480615,0.326984,-0.290221
0.863125,-0.524641,0.379863;0.767208,0.47712,0.317638,-0.287843
0.873274,-0.52436,0.375965;0.774125,0.473551,0.308244,-0.285421
0.883321,-0.523472,0.372251;0.780922,0.469909,0.298802,-0.282954
0.893242,-0.521958,0.368739;0.787599,0.466195,0.289314,-0.280444
0.903013,-0.519797,0.365445;0.794153,0.462408,0.279781,-0.27789
0.912611,-0.516972,0.362388;0.800585,0.458549,0.270205,-0.275293
0.922011,-0.513462,0.359584;0.806892,0.45462,0.260587,-0.272654
0.931191,-0.50925,0.357052;0.813075,0.45062,0.250928,-0.269972
0.940127,-0.504314,0.354808;0.819132,0.446551,0.241231,-0.267249
0.948794,-0.498638,0.352871;0.825063,0.442413,0.231497,-0.264484
0.957169,-0.4922,0.351256;0.830866,0.438206,0.221726,-0.261678
0.965229,-0.484983,0.349983;0.83654,0.433931,0.211922,-0.258832
0.972949,-0.476967,0.349069;0.842085,0.429589,0.202084,-0.255946
0.980306,-0.468133,0.34853;0.847499,0.425181,0.192216,-0.25302
0.986304,-0.459895,0.34838;0.852036,0.42135,0.183733,-0.250482
0.992004,-0.451029,0.34853;0.856476,0.417471,0.17523,-0.247914
0.997389,-0.441525,0.348992;0.860818,0.413545,0.166706,-0.245319
1.00245,-0.431369,0.349775;0.865063,0.409572,0.158164,-0.242695
1.00716,-0.42055,0.350891;0.869209,0.405552,0.149604,-0.240044
1.01081,-0.411019,0.352083;0.872589,0.402167,0.142457,-0.237814
1.01421,-0.401012,0.35352;0.8759,0.39875,0.135299,-0.235565
1.01733,-0.390522,0.355209;0.879142,0.395302,0.128131,-0.233298
1.02019,-0.379541,0.357156;0.882315,0.391823,0.120952,-0.231012
1.02276,-0.368064,0.359367;0.885417,0.388312,0.113764,-0.228708
1.02503,-0.356083,0.361848;0.88845,0.384771,0.106567,-0.226386
1.02664,-0.346131,0.364032;0.890826,0.381916,0.100803,-0.224515
1.02805,-0.335848,0.366397;0.893157,0.379043,0.0950339,-0.222633
1.02925,-0.325219,0.368949;0.894901,0.378035,0.0897955,-0.219493
1.03016,-0.315422,0.371389;0.89555,0.380149,0.0859716,-0.214676
1.03091,-0.305372,0.373972;0.89616,0.382247,0.082144,-0.209849
1.03151,-0.295079,0.376695;0.896732,0.384328,0.0783129,-0.205013
1.03195,-0.284555,0.379553;0.897266,0.386392,0.0744785,-0.200168
1.03225,-0.27381,0.382543;0.897762,0.388441,0.0706409,-0.195315
1.03241,-0.262857,0.385659;0.898219,0.390472,0.0668003,-0.190453
1.03242,-0.251708,0.388898;0.898637,0.392487,0.0629568,-0.185583
1.0323,-0.240372,0.392256;0.899018,0.394485,0.0591107,-0.180706
1.03205,-0.228863,0.395728;0.89936,0.396467,0.055262,-0.17582
1.03167,-0.21719,0.399311;0.899663,0.398431,0.0514109,-0.170927
1.03117,-0.205367,0.403;0.899928,0.400378,0.0475577,-0.166027
1.03068,-0.195807,0.406025;0.900112,0.401924,0.0444736,-0.162102
1.03012,-0.186163,0.409113;0.900272,0.403458,0.0413883,-0.158172
1.02948,-0.176442,0.412262;0.900407,0.404982,0.0383019,-0.154238
1.02878,-0.166648,0.415471;0.900518,0.406494,0.0352145,-0.1503
1.028,-0.156789,0.418736;0.900604,0.407996,0.032126,-0.146357
1.02716,-0.146869,0.422056;0.900665,0.409486,0.0290367,-0.142411
1.02626,-0.136895,0.425429;0.900702,0.410965,0.0259466,-0.138461
1.02529,-0.126873,0.428853;0.900714,0.412433,0.0228558,-0.134507
1.02427,-0.116808,0.432325;0.900701,0.413889,0.0197644,-0.130549
1.02318,-0.106706,0.435843;0.900664,0.415334,0.0166724,-0.126587
1.02204,-0.0965726,0.439406;0.900602,0.416768,0.01358,-0.122623
1.02084,-0.0864146,0.44301;0.900515,0.418191,0.0104872,-0.118655
1.01959,-0.0762374,0.446655;0.900404,0.419602,0.00739413,-0.114683
1.01829,-0.0660468,0.450338;0.900268,0.421001,0.00430084,-0.110709
1.01694,-0.0558487,0.454056;0.900108,0.422389,0.00120744,-0.106731
1.01555,-0.0456489,0.457808;0.899923,0.423766,-0.001886,-0.102751
1.01411,-0.0354533,0.461592;0.899713,0.42513,-0.00497939,-0.0987674
1.01263,-0.0252678,0.465405;0.899479,0.426484,-0.00807264,-0.0947815
1.01111,-0.0150981,0.469246;0.899221,0.427825,-0.0111657,-0.0907929
1.00955,-0.00495025,0.473111;0.898937,0.429155,-0.0142584,-0.0868019
1.00795,0.00517001,0.477;0.898629,0.430473,-0.0173507,-0.0828085
1.00632,0.0152568,0.48091;0.898297,0.43178,-0.0204426,-0.0788128
1.00466,0.0253043,0.484839;0.89794,0.433074,-0.0235339,-0.074815
1.00297,0.0353065,0.488784;0.897558,0.434357,-0.0266245,-0.0708151
1.00124,0.0452578,0.492744;0.897152,0.435628,-0.0297145,-0.0668133
0.999497,0.0551521,0.496717;0.896721,0.436887,-0.0328036,-0.0628097
0.997725,0.0649837,0.5007;0.896266,0.438134,-0.0358918,-0.0588043
0.995931,0.0747467,0.504691;0.895786,0.439369,-0.0389791,-0.0547974
0.994117,0.0844352,0.508688;0.895282,0.440592,-0.0420652,-0.0507889
0.992284,0.0940434,0.51269;0.894753,0.441803,-0.0451502,-0.0467791
0.990435,0.103565,0.516693;0.8942,0.443002,-0.048234,-0.0427679
0.988572,0.112995,0.520697;0.893623,0.444188,-0.0513165,-0.0387556
0.986697,0.122328,0.524698;0.893021,0.445363,-0.0543976,-0.0347423
0.984811,0.131556,0.528694;0.892394,0.446525,-0.0574772,-0.030728
0.982918,0.140675,0.532684;0.891743,0.447676,-0.0605552,-0.0267128
0.981018,0.149678,0.536666;0.891068,0.448814,-0.0636315,-0.022697
0.978637,0.160761,0.541627;0.89019,0.450219,-0.0674745,-0.0176763
0.976254,0.171643,0.546568;0.889273,0.451605,-0.0713146,-0.0126548
0.973872,0.182313,0.551484;0.888319,0.452972,-0.0751516,-0.00763279
0.971495,0.192758,0.55637;0.887327,0.454319,-0.0789855,-0.00261046
0.969127,0.202969,0.561223;0.886297,0.455647,-0.082816,0.00241197
0.966773,0.212932,0.566039;0.885229,0.456955,-0.0866429,0.00743431
0.964435,0.222638,0.570813;0.884123,0.458244,-0.0904661,0.0124563
0.962118,0.232074,0.575542;0.882979,0.459514,-0.0942855,0.0174778
0.959827,0.241229,0.580221;0.881798,0.460763,-0.0981008,0.0224985
0.957563,0.250091,0.584845;0.880579,0.461993,-0.101912,0.0275183
0.954891,0.260324,0.590318;0.879066,0.463444,-0.10648,0.0335405
0.952273,0.270099,0.5957;0.8775,0.464865,-0.111041,0.0395606
0.949715,0.279398,0.600984;0.875879,0.466258,-0.115595,0.0455783
0.947224,0.288199,0.606163;0.874205,0.467622,-0.120142,0.0515931
0.944808,0.296483,0.61123;0.872476,0.468958,-0.124682,0.0576048
0.942092,0.30547,0.61699;0.870392,0.470479,-0.129968,0.0646139
0.939419,0.313936,0.622741;0.859359,0.492404,-0.125569,0.057209
0.936686,0.322162,0.628712;0.846696,0.515916,-0.120579,0.0489633
0.933879,0.330106,0.634944;0.832209,0.540916,-0.115063,0.039986
0.931026,0.33759,0.641381;0.815727,0.567267,-0.109002,0.0302762
0.927967,0.34486,0.648392;0.795795,0.596619,-0.101929,0.0191392
0.924768,0.351508,0.655843;0.772011,0.628615,-0.0937983,0.0065781
0.921488,0.357147,0.663584;0.743945,0.662828,-0.0845648,-0.00739168
0.917895,0.361725,0.672136;0.708072,0.701917,-0.0732367,-0.0241308
0.914112,0.364433,0.681107;0.663345,0.744654,-0.0597247,-0.0435577
0.910117,0.364613,0.69031;0.60691,0.790815,-0.0434682,-0.066202
0.905978,0.361768,0.699106;0.537367,0.837985,-0.0244267,-0.091769
0.901848,0.356364,0.706476;0.457482,0.881278,-0.00366527,-0.118517
0.897329,0.349258,0.712188;0.362774,0.91997,0.0196596,-0.147189
0.891392,0.342027,0.715616;0.239591,0.952773,0.0482091,-0.180265
0.882239,0.341451,0.714312;0.0757916,0.96947,0.0834248,-0.21777
0.875759,0.34821,0.710631;-0.0540973,0.966445,0.10749,-0.226944
0.870933,0.355872,0.706349;-0.152483,0.952914,0.124501,-0.230658
0.867074,0.363737,0.701217;-0.240605,0.932202,0.138872,-0.232
0.864258,0.371225,0.695171;-0.322459,0.905266,0.151445,-0.231469
0.862626,0.378008,0.687912;-0.401868,0.871465,0.16287,-0.229183
0.862527,0.383378,0.679367;-0.478229,0.831054,0.173059,-0.225158
0.864166,0.386518,0.670022;-0.547235,0.786951,0.181503,-0.21977
0.867406,0.38721,0.660334;-0.607229,0.741809,0.188159,-0.213515
0.871636,0.385799,0.651237;-0.655421,0.700168,0.192963,-0.207249
0.876456,0.382902,0.642776;-0.694588,0.662174,0.19645,-0.201197
0.881651,0.37894,0.634855;-0.727138,0.627281,0.199013,-0.195402
0.887189,0.374104,0.627261;-0.755139,0.594457,0.200935,-0.189768
0.892855,0.368694,0.620115;-0.778979,0.564129,0.202331,-0.184421
0.89844,0.363018,0.613529;-0.799034,0.536657,0.203308,-0.179471
0.904166,0.356917,0.60714;-0.816899,0.510443,0.204003,-0.174659
0.909943,0.350526,0.600996;-0.832736,0.485631,0.204461,-0.17003
0.915681,0.34398,0.595141;-0.846698,0.462343,0.204722,-0.165623
0.921293,0.337416,0.589616;-0.858934,0.440689,0.204825,-0.161472
0.92725,0.330294,0.58394;-0.870623,0.418754,0.204798,-0.15722
0.932972,0.323321,0.578646;-0.88077,0.398582,0.20466,-0.153266
0.938992,0.315861,0.573224;-0.890454,0.3782,0.204415,-0.149233
0.944672,0.308719,0.568233;-0.89877,0.359686,0.204102,-0.145535
0.950603,0.301162,0.563136;-0.906703,0.34102,0.203703,-0.141776
0.95609,0.294088,0.558516;-0.913431,0.324305,0.203275,-0.138384
0.961782,0.286673,0.553811;-0.919851,0.307481,0.202779,-0.134945
0.967684,0.278909,0.54902;-0.925962,0.290553,0.202215,-0.13146
0.973799,0.27079,0.544143;-0.931762,0.273528,0.201582,-0.127932
0.979326,0.263389,0.539804;-0.93658,0.258556,0.200973,-0.124809
0.98502,0.255707,0.535397;-0.941156,0.243517,0.200312,-0.121654
0.990883,0.247739,0.530923;-0.94549,0.228415,0.1996,-0.118468
0.996918,0.23948,0.526381;-0.949581,0.213254,0.198836,-0.115251
1.00313,0.230927,0.521771;-0.953427,0.198038,0.198021,-0.112005
