0.866876,0.27694,0.622509;0.605282,0.734976,-0.263206,-0.155457
0.864151,0.265446,0.620818;0.602371,0.736956,-0.264837,-0.154618
0.861453,0.254063,0.619142;0.599451,0.738924,-0.266464,-0.153777
0.858779,0.24279,0.617481;0.596522,0.74088,-0.268086,-0.152933
0.856132,0.231629,0.615834;0.593583,0.742825,-0.269704,-0.152087
0.853509,0.220577,0.614203;0.590635,0.744758,-0.271317,-0.151238
0.850912,0.209635,0.612586;0.587678,0.746679,-0.272927,-0.150387
0.848341,0.198803,0.610983;0.584711,0.748589,-0.274532,-0.149534
0.845794,0.188079,0.609396;0.581735,0.750486,-0.276133,-0.148678
0.843272,0.177464,0.607822;0.57875,0.752372,-0.277729,-0.147821
0.840776,0.166957,0.606263;0.575756,0.754246,-0.279322,-0.14696
0.838304,0.156558,0.604719;0.572753,0.756108,-0.280909,-0.146098
0.835856,0.146266,0.603189;0.56974,0.757959,-0.282493,-0.145233
0.833434,0.13608,0.601673;0.566719,0.759797,-0.284072,-0.144366
0.831036,0.126002,0.600171;0.563689,0.761623,-0.285646,-0.143496
0.828662,0.116029,0.598684;0.56065,0.763438,-0.287216,-0.142624
0.826313,0.106162,0.59721;0.557602,0.76524,-0.288781,-0.14175
0.823989,0.0964005,0.595751;0.554545,0.76703,-0.290342,-0.140874
0.821688,0.0867436,0.594306;0.55148,0.768808,-0.291898,-0.139996
0.818282,0.0724541,0.592164;0.546866,0.771453,-0.294224,-0.138674
0.81493,0.0583982,0.590054;0.542232,0.77407,-0.296539,-0.137347
0.811632,0.0445746,0.587974;0.537579,0.77666,-0.298844,-0.136016
0.808386,0.0309819,0.585925;0.532907,0.779222,-0.301138,-0.134679
0.805194,0.0176188,0.583908;0.528216,0.781757,-0.303422,-0.133338
0.802055,0.00448387,0.58192;0.523507,0.784264,-0.305694,-0.131992
0.798967,-0.00842422,0.579963;0.518778,0.786743,-0.307956,-0.130642
0.795932,-0.0211069,0.578036;0.514032,0.789194,-0.310207,-0.129287
0.792948,-0.0335654,0.576139;0.509267,0.791618,-0.312447,-0.127927
0.790016,-0.0458012,0.574272;0.504484,0.794013,-0.314676,-0.126563
0.787135,-0.0578156,0.572435;0.499684,0.79638,-0.316894,-0.125194
0.784305,-0.0696101,0.570627;0.494865,0.798719,-0.319101,-0.123821
0.781525,-0.0811859,0.568848;0.490029,0.801029,-0.321296,-0.122443
0.778795,-0.0925444,0.567098;0.485176,0.803311,-0.32348,-0.121061
0.776115,-0.103687,0.565377;0.480306,0.805565,-0.325652,-0.119675
0.773485,-0.114615,0.563685;0.475418,0.80779,-0.327813,-0.118284
0.770903,-0.12533,0.562021;0.470514,0.809987,-0.329962,-0.11689
0.768371,-0.135833,0.560386;0.465593,0.812155,-0.3321,-0.115491
0.765887,-0.146126,0.558779;0.460655,0.814294,-0.334226,-0.114088
0.763451,-0.156209,0.5572;0.455701,0.816404,-0.33634,-0.112681
0.761063,-0.166085,0.555648;0.450731,0.818485,-0.338442,-0.11127
0.758723,-0.175755,0.554124;0.445745,0.820537,-0.340532,-0.109855
0.755677,-0.188329,0.552135;0.439073,0.823228,-0.3433,-0.107963
0.752713,-0.200542,0.550195;0.432372,0.825867,-0.346046,-0.106063
0.749833,-0.212397,0.548302;0.425645,0.828455,-0.34877,-0.104157
0.747034,-0.223897,0.546457;0.418891,0.83099,-0.351473,-0.102244
0.744316,-0.235046,0.544659;0.41211,0.833472,-0.354153,-0.100325
0.741679,-0.245846,0.542907;0.405303,0.835902,-0.356811,-0.0984
0.739121,-0.256302,0.541202;0.398471,0.83828,-0.359447,-0.0964685
0.736642,-0.266416,0.539542;0.391614,0.840604,-0.36206,-0.0945308
0.734241,-0.276191,0.537928;0.384732,0.842876,-0.36465,-0.0925872
0.731349,-0.287939,0.535974;0.376095,0.845641,-0.367855,-0.0901495
0.728577,-0.299169,0.534089;0.367422,0.848322,-0.371024,-0.0877029
0.725922,-0.309888,0.532272;0.358712,0.85092,-0.374157,-0.0852477
0.723384,-0.320103,0.530523;0.349967,0.853434,-0.377252,-0.0827841
0.720961,-0.329818,0.528841;0.341188,0.855865,-0.380311,-0.0803123
0.718203,-0.340828,0.526909;0.330608,0.85867,-0.383932,-0.0773358
0.715607,-0.351139,0.525072;0.319982,0.861353,-0.387498,-0.0743483
0.713169,-0.360764,0.523326;0.30931,0.863914,-0.39101,-0.0713503
0.710522,-0.371138,0.521404;0.296804,0.866748,-0.395036,-0.0678399
0.707753,-0.381891,0.519356;0.282442,0.869781,-0.399545,-0.0638119
0.705249,-0.391489,0.517463;0.268008,0.872595,-0.403953,-0.0597679
0.702486,-0.401905,0.515309;0.249872,0.875803,-0.409319,-0.0546918
0.699902,-0.411388,0.513205;0.229809,0.878934,-0.415036,-0.0490833
0.697122,-0.421104,0.510768;0.202275,0.882527,-0.422512,-0.0413982
0.694043,-0.42996,0.507394;0.148556,0.887256,-0.4359,-0.0264424
0.694525,-0.421271,0.505334;0.0680523,0.888858,-0.453082,-0.00412009
0.696204,-0.411413,0.505387;0.0360558,0.887707,-0.458971,0.00472232
0.698156,-0.400832,0.505765;0.00967339,0.886,-0.46343,0.0120007
0.700214,-0.390105,0.506314;-0.0129468,0.883992,-0.466967,0.0182322
0.702185,-0.380064,0.506921;-0.031792,0.881936,-0.469712,0.0234173
0.704147,-0.370215,0.507578;-0.0487421,0.879789,-0.472024,0.0280761
0.706279,-0.359636,0.508335;-0.0656767,0.877361,-0.474186,0.032726
0.708309,-0.349648,0.509087;-0.0807122,0.874968,-0.475981,0.0368505
0.710461,-0.339138,0.50991;-0.0957274,0.872355,-0.477656,0.0409657
0.712729,-0.328132,0.510802;-0.110718,0.869521,-0.479211,0.0450705
0.714803,-0.318114,0.511635;-0.123813,0.866862,-0.480472,0.048653
0.716957,-0.307754,0.512516;-0.136883,0.864036,-0.48164,0.0522261
0.719187,-0.297068,0.513441;-0.149928,0.861043,-0.482716,0.0557891
0.721489,-0.286073,0.514409;-0.162943,0.857884,-0.483698,0.0593413
0.723859,-0.274788,0.515417;-0.175926,0.854559,-0.484587,0.0628821
0.725941,-0.264896,0.516312;-0.187028,0.851578,-0.485275,0.0659075
0.728068,-0.254815,0.517233;-0.198104,0.848476,-0.485893,0.0689235
0.730237,-0.244554,0.518179;-0.209151,0.845254,-0.486443,0.0719297
0.732445,-0.234125,0.519148;-0.220169,0.841912,-0.486924,0.0749257
0.734691,-0.223539,0.52014;-0.231156,0.838451,-0.487336,0.0779111
0.73697,-0.212806,0.521152;-0.242109,0.834871,-0.487679,0.0808855
0.739282,-0.201938,0.522184;-0.253029,0.831173,-0.487953,0.0838484
0.741631,-0.19091,0.523236;-0.262231,0.832422,-0.481259,0.0818421
0.743997,-0.179811,0.524302;-0.270303,0.836558,-0.470324,0.0768263
0.74609,-0.170008,0.525247;-0.277316,0.840021,-0.460669,0.0724231
0.748201,-0.160124,0.526205;-0.284281,0.843338,-0.450933,0.0680073
0.750332,-0.150163,0.527174;-0.291196,0.846509,-0.441118,0.0635796
0.752479,-0.140128,0.528154;-0.298061,0.849532,-0.431228,0.059141
0.754644,-0.130024,0.529145;-0.304874,0.852408,-0.421262,0.054692
0.756825,-0.119854,0.530147;-0.311633,0.855136,-0.411223,0.0502336
0.75902,-0.109622,0.531158;-0.318339,0.857715,-0.401112,0.0457664
0.76123,-0.0993322,0.53218;-0.32499,0.860145,-0.390932,0.0412913
0.763454,-0.0889879,0.53321;-0.331583,0.862425,-0.380684,0.036809
0.76569,-0.0785931,0.53425;-0.33812,0.864556,-0.370369,0.0323203
0.767937,-0.0681517,0.535297;-0.344597,0.866536,-0.359991,0.027826
0.770196,-0.0576674,0.536353;-0.351015,0.868366,-0.349549,0.0233268
0.772464,-0.0471442,0.537417;-0.357371,0.870045,-0.339047,0.0188236
0.774742,-0.0365857,0.538487;-0.363666,0.871573,-0.328486,0.0143171
0.777028,-0.0259959,0.539565;-0.369897,0.872949,-0.317868,0.00980814
0.779321,-0.0153786,0.540649;-0.376064,0.874173,-0.307195,0.00529747
0.781621,-0.00473759,0.541739;-0.382166,0.875246,-0.296468,0.000785874
0.783927,0.00592331,0.542834;-0.388201,0.876166,-0.28569,-0.00372586
0.786238,0.0166003,0.543935;-0.394169,0.876934,-0.274862,-0.00823694
0.788553,0.0272894,0.54504;-0.400068,0.87755,-0.263987,-0.0127466
0.790871,0.037987,0.546151;-0.405898,0.878013,-0.253065,-0.017254
0.793191,0.0486891,0.547265;-0.411657,0.878324,-0.2421,-0.0217585
0.795513,0.059392,0.548382;-0.417344,0.878482,-0.231092,-0.0262591
0.797836,0.0700919,0.549503;-0.422959,0.878487,-0.220045,-0.0307552
0.800158,0.0807848,0.550627;-0.428501,0.87834,-0.208959,-0.035246
0.80248,0.091467,0.551753;-0.433968,0.87804,-0.197836,-0.0397306
0.804799,0.102135,0.552881;-0.43936,0.877587,-0.18668,-0.0442083
0.807116,0.112784,0.554011;-0.444675,0.876982,-0.175491,-0.0486784
0.80943,0.123411,0.555142;-0.449913,0.876224,-0.164271,-0.0531399
0.811738,0.134012,0.556274;-0.455073,0.875315,-0.153023,-0.0575923
0.814042,0.144583,0.557406;-0.460154,0.874253,-0.141748,-0.0620346
0.81634,0.155121,0.558539;-0.465155,0.873039,-0.130449,-0.0664661
0.81863,0.165621,0.55967;-0.470075,0.871673,-0.119127,-0.0708861
0.820913,0.176079,0.560802;-0.474913,0.870156,-0.107784,-0.0752938
0.823187,0.186493,0.561932;-0.479668,0.868488,-0.0964224,-0.0796884
0.825452,0.196858,0.56306;-0.484341,0.866668,-0.0850441,-0.0840692
0.827706,0.207169,0.564186;-0.488929,0.864698,-0.0736511,-0.0884353
0.829949,0.217424,0.56531;-0.493432,0.862578,-0.0622453,-0.092786
0.832181,0.227619,0.566432;-0.49785,0.860308,-0.0508286,-0.0971207
0.834399,0.23775,0.56755;-0.502181,0.857888,-0.0394031,-0.101438
0.836603,0.247812,0.568664;-0.506424,0.85532,-0.0279708,-0.105739
0.838793,0.257802,0.569775;-0.51058,0.852602,-0.0165336,-0.11002
0.840968,0.267717,0.570881;-0.514647,0.849737,-0.00509355,-0.114283
0.843126,0.277552,0.571982;-0.518624,0.846723,0.0063474,-0.118526
0.845267,0.287304,0.573078;-0.522511,0.843563,0.0177872,-0.122748
0.847692,0.298341,0.574324;-0.526843,0.839772,0.0308575,-0.127547
0.850092,0.30926,0.575562;-0.531055,0.835789,0.0439207,-0.132317
0.852466,0.320052,0.576791;-0.535146,0.831618,0.0569739,-0.137057
0.854813,0.330714,0.578012;-0.539116,0.827257,0.0700142,-0.141767
0.857131,0.341239,0.579222;-0.542963,0.822709,0.0830386,-0.146443
0.85942,0.351621,0.580423;-0.546687,0.817974,0.0960442,-0.151087
0.861677,0.361856,0.581612;-0.550287,0.813053,0.109028,-0.155696
0.863902,0.371936,0.58279;-0.553762,0.807948,0.121987,-0.16027
0.866094,0.381857,0.583956;-0.557112,0.802659,0.134918,-0.164808
0.86825,0.391612,0.585109;-0.560335,0.797188,0.147819,-0.169308
0.870633,0.402383,0.586391;-0.563809,0.790817,0.162292,-0.174325
0.872969,0.412928,0.587655;-0.56712,0.784219,0.176718,-0.179292
0.875255,0.423241,0.5889;-0.570269,0.777396,0.191094,-0.184207
0.87749,0.433313,0.590126;-0.573254,0.770349,0.205415,-0.189069
0.879672,0.443136,0.591332;-0.576075,0.763081,0.219676,-0.193877
0.882032,0.453749,0.592647;-0.579014,0.754748,0.235449,-0.199154
0.884322,0.464033,0.593935;-0.581748,0.746147,0.251137,-0.20436
0.88654,0.473977,0.595194;-0.584276,0.737282,0.266737,-0.209493
0.888893,0.484511,0.596546;-0.586818,0.727229,0.283787,-0.215055
0.891151,0.494604,0.59786;-0.589107,0.716863,0.300715,-0.220523
0.893504,0.505097,0.599249;-0.591316,0.705204,0.319035,-0.226381
0.895737,0.51503,0.60059;-0.593223,0.693186,0.337192,-0.232124
0.898015,0.525137,0.601987;-0.594948,0.679766,0.356667,-0.238211
0.900299,0.535233,0.603421;-0.596406,0.664859,0.377401,-0.244606
0.902544,0.545109,0.604876;-0.597508,0.648374,0.399324,-0.25127
0.904824,0.555078,0.606416;-0.59818,0.629066,0.423785,-0.258579
0.907132,0.565072,0.608072;-0.598186,0.605527,0.452004,-0.266838
0.90942,0.574795,0.609894;-0.597001,0.5749,0.486371,-0.276628
0.911779,0.584158,0.612443;-0.641035,0.532348,0.489987,-0.256111
0.91075,0.576588,0.614501;-0.753477,0.461824,0.432312,-0.17916
0.90882,0.566494,0.614453;-0.792171,0.430686,0.406445,-0.147571
0.906877,0.556587,0.614097;-0.819349,0.40587,0.385696,-0.123193
0.904905,0.546635,0.613569;-0.841254,0.383658,0.367035,-0.101901
0.902932,0.536742,0.612924;-0.859589,0.363206,0.349786,-0.0826966
0.900916,0.526661,0.612167;-0.87573,0.343484,0.333097,-0.0645137
0.898899,0.516602,0.611327;-0.889862,0.324603,0.31707,-0.047393
0.89692,0.506736,0.610429;-0.902163,0.306656,0.301794,-0.031366
0.894857,0.496461,0.609421;-0.913596,0.288413,0.286228,-0.0153088
0.892877,0.486599,0.608387;-0.923423,0.271224,0.271526,-0.000384969
0.890845,0.476467,0.607258;-0.932484,0.25381,0.256599,0.0145392
0.888769,0.466107,0.606035;-0.94077,0.236185,0.241458,0.0294512
0.886658,0.455557,0.604717;-0.948273,0.218363,0.226117,0.0443388
0.884687,0.445687,0.603418;-0.954501,0.201751,0.211789,0.0580488
0.8827,0.435722,0.602039;-0.960053,0.184997,0.197311,0.0717176
0.880706,0.425693,0.60058;-0.964925,0.168111,0.182693,0.0853357
0.878711,0.415632,0.599041;-0.969114,0.151106,0.167946,0.0988934
0.876722,0.405571,0.597423;-0.972616,0.133994,0.15308,0.112381
0.874746,0.395542,0.595726;-0.97543,0.116788,0.138105,0.125789
0.87279,0.385576,0.593949;-0.977554,0.0994985,0.123033,0.139108
0.870862,0.375704,0.592093;-0.978985,0.0821388,0.107874,0.152329
0.868969,0.365958,0.590158;-0.979724,0.0647209,0.0926382,0.165441
0.866964,0.355579,0.587973;-0.979741,0.0458002,0.0760592,0.179514
0.865018,0.345425,0.585695;-0.978944,0.0268414,0.059417,0.193438
0.863137,0.335537,0.583325;-0.977333,0.0078604,0.0427254,0.207201
0.861333,0.325954,0.580863;-0.974911,-0.0111272,0.0259983,0.220792
0.859484,0.316022,0.578109;-0.971396,-0.0315646,0.00796081,0.235223
0.857745,0.306541,0.575249;-0.966945,-0.0519715,-0.0100844,0.249427
0.856016,0.29694,0.572066;-0.961143,-0.07378,-0.0294073,0.264379
0.854339,0.287403,0.568537;-0.953782,-0.0969519,-0.049982,0.280005
0.852766,0.278148,0.564637;-0.944645,-0.121438,-0.0717731,0.29622
0.851285,0.268983,0.560093;-0.932847,-0.148598,-0.0960058,0.313845
0.850024,0.260447,0.554846;-0.917881,-0.178309,-0.122589,0.332675
0.849095,0.252798,0.548402;-0.89913,-0.212598,-0.150888,0.351567
0.848801,0.246991,0.540021;-0.884896,-0.254288,-0.1636,0.354304
0.849467,0.24469,0.530368;-0.867084,-0.299523,-0.177183,0.356451
0.851027,0.245913,0.52039;-0.847058,-0.343995,-0.190315,0.357687
0.853099,0.249423,0.511152;-0.826975,-0.383664,-0.201831,0.358019
0.855543,0.254321,0.502323;-0.80628,-0.420601,-0.212378,0.357635
0.858198,0.259902,0.493994;-0.785257,-0.454857,-0.221997,0.356643
0.860936,0.265618,0.486225;-0.764169,-0.486496,-0.230734,0.355146
0.864004,0.271734,0.478174;-0.740572,-0.519188,-0.239601,0.352972
0.867168,0.277495,0.470376;-0.715709,-0.550992,-0.248058,0.350194
0.870523,0.282717,0.4625;-0.688139,-0.583541,-0.256525,0.346612
0.874307,0.28701,0.453951;-0.654582,-0.619837,-0.265718,0.341641
0.878449,0.288633,0.444812;-0.612777,-0.660685,-0.275706,0.334644
0.882251,0.284794,0.436384;-0.565317,-0.702038,-0.285362,0.325774
0.884567,0.276688,0.430967;-0.526377,-0.732501,-0.292123,0.317858
0.885852,0.266814,0.427602;-0.495362,-0.754764,-0.296838,0.311185
0.886491,0.25689,0.425554;-0.471133,-0.771013,-0.300138,0.305761
0.886776,0.246755,0.4242;-0.450302,-0.784227,-0.302722,0.300958
0.886814,0.236071,0.423285;-0.431115,-0.795806,-0.304903,0.296425
0.886657,0.225195,0.422731;-0.413652,-0.805867,-0.306728,0.292212
0.886357,0.21448,0.42246;-0.397981,-0.814522,-0.308241,0.288362
0.885965,0.204265,0.422398;-0.384158,-0.82187,-0.309479,0.284913
0.885447,0.193241,0.422506;-0.370236,-0.829005,-0.310638,0.281391
0.884899,0.183128,0.422736;-0.358227,-0.83495,-0.311567,0.278314
0.884253,0.172385,0.423097;-0.346149,-0.840737,-0.312436,0.275184
0.88352,0.161213,0.42358;-0.33423,-0.846261,-0.313233,0.272061
0.882704,0.149651,0.424179;-0.327317,-0.850566,-0.307229,0.273881
0.881798,0.137513,0.424901;-0.320368,-0.854782,-0.301192,0.275673
0.881012,0.127414,0.425565;-0.314785,-0.858089,-0.29634,0.277085
0.880176,0.116989,0.426303;-0.309181,-0.861338,-0.291468,0.278479
0.879292,0.106258,0.427114;-0.303556,-0.864529,-0.286576,0.279854
0.878364,0.0952384,0.427997;-0.29791,-0.867661,-0.281665,0.28121
0.877394,0.0839499,0.42895;-0.292244,-0.870735,-0.276735,0.282546
0.876387,0.0724114,0.429972;-0.286558,-0.873749,-0.271786,0.283864
0.875346,0.0606416,0.43106;-0.280853,-0.876705,-0.266819,0.285163
0.874273,0.0486594,0.432213;-0.275129,-0.879601,-0.261833,0.286442
0.873173,0.0364836,0.43343;-0.269387,-0.882438,-0.25683,0.287702
0.872047,0.0241332,0.434709;-0.263626,-0.885215,-0.25181,0.288942
0.8709,0.011627,0.436048;-0.257847,-0.887932,-0.246772,0.290163
0.869735,-0.00101614,0.437446;-0.252051,-0.89059,-0.241718,0.291364
0.868555,-0.0137773,0.438901;-0.246237,-0.893187,-0.236648,0.292546
0.867363,-0.0266377,0.440412;-0.240407,-0.895723,-0.231561,0.293707
0.866162,-0.0395784,0.441977;-0.234561,-0.898199,-0.226459,0.294849
0.864956,-0.0525806,0.443594;-0.228699,-0.900614,-0.221341,0.295971
0.863748,-0.0656254,0.445261;-0.222822,-0.902968,-0.216209,0.297073
0.862541,-0.0786939,0.446978;-0.216929,-0.905262,-0.211062,0.298155
0.861338,-0.0917673,0.448743;-0.211022,-0.907494,-0.2059,0.299216
0.860143,-0.104827,0.450553;-0.2051,-0.909664,-0.200725,0.300257
0.858959,-0.117853,0.452408;-0.199165,-0.911773,-0.195536,0.301279
0.857789,-0.130828,0.454305;-0.193216,-0.91382,-0.190334,0.302279
0.856636,-0.143732,0.456244;-0.187254,-0.915806,-0.185119,0.303259
0.855504,-0.156547,0.458222;-0.18128,-0.91773,-0.179891,0.304219
0.854396,-0.169253,0.460238;-0.175293,-0.919591,-0.174652,0.305158
0.853315,-0.181832,0.46229;-0.169294,-0.92139,-0.1694,0.306077
0.852264,-0.194265,0.464378;-0.163284,-0.923127,-0.164137,0.306975
0.851246,-0.206533,0.466498;-0.157263,-0.924802,-0.158863,0.307852
0.850266,-0.218617,0.46865;-0.151231,-0.926414,-0.153578,0.308708
0.849325,-0.230499,0.470831;-0.145189,-0.927963,-0.148283,0.309543
0.848428,-0.242159,0.473042;-0.139137,-0.92945,-0.142978,0.310357
0.847577,-0.253579,0.475278;-0.133075,-0.930873,-0.137663,0.311151
0.846776,-0.264739,0.47754;-0.127005,-0.932234,-0.132339,0.311923
0.846028,-0.275621,0.479826;-0.120926,-0.933532,-0.127005,0.312674
0.845336,-0.286206,0.482133;-0.114839,-0.934766,-0.121664,0.313404
0.844704,-0.296476,0.484461;-0.108744,-0.935937,-0.116314,0.314113
0.844134,-0.30641,0.486808;-0.102642,-0.937045,-0.110956,0.314801
0.843515,-0.318329,0.489765;-0.0950045,-0.938341,-0.104248,0.31563
0.843006,-0.329658,0.492745;-0.087357,-0.939538,-0.0975291,0.316427
0.842612,-0.340362,0.495747;-0.0797002,-0.940635,-0.0907999,0.317189
0.84234,-0.350402,0.498765;-0.072035,-0.941633,-0.0840611,0.317919
0.842183,-0.361523,0.502406;-0.0628268,-0.942699,-0.0759629,0.318749
0.842223,-0.371572,0.506062;-0.053609,-0.943621,-0.0678532,0.319532
0.842531,-0.381857,0.510339;-0.0428448,-0.944516,-0.0583788,0.320383
0.843249,-0.391589,0.515233;-0.030532,-0.945299,-0.0475363,0.321274
0.844736,-0.400501,0.521338;-0.0151298,-0.945919,-0.0339654,0.322266
0.847724,-0.406226,0.529219;0.00490163,-0.946126,-0.0163027,0.323352
0.852393,-0.404296,0.537576;0.0264696,-0.945593,0.00273144,0.324263
0.856725,-0.397341,0.543425;0.0418629,-0.944732,0.0163268,0.32475
0.860827,-0.388204,0.548013;0.0541652,-0.943756,0.0271983,0.32504
0.864292,-0.379169,0.551393;0.0633824,-0.942857,0.0353473,0.3252
0.868103,-0.368192,0.554714;0.07259,-0.941813,0.043491,0.32531
0.87155,-0.357515,0.557433;0.0802546,-0.940835,0.0502723,0.325364
0.87449,-0.347946,0.559574;0.0863802,-0.93998,0.0556936,0.325383
0.877595,-0.337444,0.561682;0.0925,-0.939062,0.0611111,0.32538
0.88087,-0.325988,0.563757;0.0986135,-0.93808,0.0665245,0.325354
0.884316,-0.313561,0.565797;0.10472,-0.937035,0.0719334,0.325307
0.887016,-0.303592,0.567303;0.109296,-0.93621,0.0759869,0.325257
0.889815,-0.293058,0.568787;0.113867,-0.935349,0.0800375,0.325194
0.892716,-0.281951,0.570249;0.118434,-0.934452,0.084085,0.32512
0.89572,-0.270263,0.571689;0.122997,-0.93352,0.0881294,0.325032
0.898828,-0.257986,0.573104;0.127555,-0.932552,0.0921704,0.324933
0.902041,-0.245112,0.574496;0.132108,-0.931549,0.0962079,0.324821
0.905361,-0.231633,0.575863;0.136655,-0.93051,0.100242,0.324697
0.908789,-0.217542,0.577204;0.141198,-0.929436,0.104272,0.32456
0.911135,-0.207803,0.578084;0.144224,-0.9287,0.106956,0.324462
0.91353,-0.197786,0.578952;0.147247,-0.927949,0.109639,0.324359
0.915975,-0.187488,0.579808;0.150267,-0.927182,0.11232,0.32425
0.91847,-0.176908,0.580652;0.153286,-0.926399,0.114999,0.324136
0.921015,-0.166042,0.581483;0.156301,-0.9256,0.117676,0.324016
0.92361,-0.154888,0.582302;0.159314,-0.924786,0.120351,0.323891
0.926257,-0.143445,0.583108;0.162324,-0.923957,0.123024,0.32376
0.928955,-0.131709,0.5839;0.165331,-0.923111,0.125694,0.323624
0.931705,-0.119678,0.58468;0.168336,-0.92225,0.128363,0.323482
0.934508,-0.10735,0.585446;0.171338,-0.921374,0.13103,0.323335
0.937363,-0.0947225,0.586198;0.174336,-0.920481,0.133694,0.323182
