0.877037,-0.182232,0.472688;0.627508,-0.754696,-0.150187,-0.118789
0.875614,-0.193903,0.472519;0.632071,-0.750725,-0.149812,-0.120223
0.874202,-0.205442,0.472352;0.636609,-0.746726,-0.149432,-0.121654
0.872799,-0.216848,0.472185;0.641123,-0.742697,-0.149046,-0.123079
0.871405,-0.228122,0.47202;0.645611,-0.738639,-0.148654,-0.1245
0.870022,-0.239264,0.471855;0.650075,-0.734553,-0.148257,-0.125915
0.868648,-0.250276,0.471692;0.654513,-0.730438,-0.147854,-0.127326
0.867284,-0.261158,0.47153;0.658926,-0.726295,-0.147445,-0.128732
0.865929,-0.271911,0.471369;0.663314,-0.722123,-0.14703,-0.130133
0.864584,-0.282534,0.471209;0.667676,-0.717924,-0.14661,-0.131529
0.863249,-0.293029,0.471051;0.672012,-0.713697,-0.146183,-0.13292
0.861923,-0.303396,0.470893;0.676321,-0.709442,-0.145752,-0.134306
0.860606,-0.313635,0.470737;0.680605,-0.70516,-0.145314,-0.135686
0.8593,-0.323748,0.470582;0.684862,-0.70085,-0.144871,-0.137061
0.858002,-0.333734,0.470427;0.689093,-0.696513,-0.144423,-0.138431
0.856288,-0.346854,0.470224;0.694692,-0.690688,-0.143816,-0.14025
0.854589,-0.359752,0.470022;0.700243,-0.684816,-0.143199,-0.142058
0.852908,-0.37243,0.469823;0.705746,-0.678897,-0.142572,-0.143857
0.851244,-0.384888,0.469625;0.7112,-0.672931,-0.141935,-0.145646
0.849596,-0.397127,0.46943;0.716606,-0.666918,-0.141289,-0.147424
0.847965,-0.409151,0.469236;0.721962,-0.66086,-0.140633,-0.149193
0.846351,-0.420958,0.469045;0.727268,-0.654755,-0.139967,-0.150951
0.844753,-0.432552,0.468856;0.732524,-0.648606,-0.139292,-0.152699
0.843171,-0.443933,0.468669;0.737729,-0.642412,-0.138607,-0.154436
0.841607,-0.455103,0.468484;0.742884,-0.636174,-0.137912,-0.156163
0.840059,-0.466063,0.468301;0.747987,-0.629892,-0.137208,-0.157879
0.838527,-0.476814,0.46812;0.753039,-0.623566,-0.136494,-0.159584
0.837011,-0.487357,0.467941;0.758039,-0.617198,-0.135771,-0.161278
0.835512,-0.497695,0.467765;0.762986,-0.610786,-0.135039,-0.162961
0.834029,-0.507828,0.46759;0.767881,-0.604333,-0.134297,-0.164633
0.832563,-0.517758,0.467418;0.772723,-0.597838,-0.133547,-0.166293
0.830753,-0.529886,0.467205;0.778701,-0.589662,-0.132595,-0.168353
0.828968,-0.541701,0.466996;0.784595,-0.581422,-0.131629,-0.170394
0.827208,-0.553206,0.46679;0.790404,-0.573119,-0.130649,-0.172416
0.825473,-0.564402,0.466588;0.796128,-0.564754,-0.129655,-0.174421
0.823764,-0.575294,0.466389;0.801766,-0.556329,-0.128647,-0.176406
0.822079,-0.585883,0.466193;0.807318,-0.547844,-0.127625,-0.178373
0.820419,-0.596172,0.466001;0.812783,-0.5393,-0.126589,-0.18032
0.818784,-0.606164,0.465812;0.81816,-0.530697,-0.12554,-0.182248
0.816855,-0.617765,0.46559;0.824497,-0.520299,-0.124263,-0.184535
0.814961,-0.628947,0.465372;0.830705,-0.50982,-0.122966,-0.186794
0.813102,-0.639713,0.46516;0.836785,-0.499262,-0.121651,-0.189024
0.811279,-0.650068,0.464953;0.842735,-0.488626,-0.120317,-0.191224
0.809491,-0.660016,0.46475;0.848554,-0.477915,-0.118964,-0.193395
0.807448,-0.671115,0.46452;0.855176,-0.465325,-0.117362,-0.19589
0.805453,-0.681674,0.464297;0.861618,-0.452637,-0.115735,-0.198343
0.803505,-0.691701,0.464081;0.867878,-0.439853,-0.114085,-0.200754
0.801336,-0.702517,0.463842;0.874808,-0.425129,-0.112168,-0.203458
0.799228,-0.712657,0.463613;0.881496,-0.410288,-0.110221,-0.206106
0.796929,-0.72327,0.463365;0.88873,-0.393457,-0.107994,-0.209017
0.794706,-0.733056,0.463129;0.895654,-0.376488,-0.105729,-0.211855
0.792325,-0.742979,0.46288;0.90298,-0.35748,-0.10317,-0.214921
0.789812,-0.752763,0.462623;0.910589,-0.336394,-0.100303,-0.218187
0.786987,-0.762834,0.462342;0.918969,-0.311249,-0.0968478,-0.221901
0.783918,-0.772502,0.462048;0.927807,-0.281954,-0.0927734,-0.225984
0.780321,-0.781853,0.461724;0.937709,-0.244459,-0.0874839,-0.230841
0.775142,-0.790513,0.461309;0.950728,-0.182494,-0.0785653,-0.237992
0.767893,-0.787218,0.460929;0.964242,-0.0688173,-0.0616559,-0.248395
0.765257,-0.777369,0.460921;0.966122,-0.0115342,-0.0528744,-0.252346
0.763766,-0.767333,0.460991;0.965468,0.0294175,-0.0464907,-0.254647
0.762752,-0.756979,0.4611;0.963603,0.0641894,-0.0410012,-0.256258
0.762048,-0.746538,0.461235;0.960961,0.0948054,-0.0361149,-0.257415
0.761549,-0.735755,0.461393;0.957654,0.123298,-0.0315226,-0.258269
0.761242,-0.725758,0.461555;0.954176,0.147638,-0.0275651,-0.258828
0.761046,-0.715104,0.46174;0.950105,0.171887,-0.0235904,-0.259226
0.760962,-0.704791,0.46193;0.945856,0.194022,-0.0199341,-0.259449
0.760969,-0.693984,0.46214;0.941114,0.216055,-0.0162673,-0.259537
0.761054,-0.683753,0.462349;0.936377,0.235988,-0.0129265,-0.2595
0.761212,-0.673158,0.462574;0.931237,0.255819,-0.00958009,-0.259351
0.761443,-0.662218,0.462817;0.925695,0.27554,-0.00622957,-0.25909
0.761714,-0.652096,0.463049;0.920366,0.293188,-0.00321177,-0.25876
0.76209,-0.640335,0.463329;0.917458,0.302753,0.00202589,-0.258085
0.762502,-0.629255,0.463602;0.915669,0.308626,0.00735184,-0.257382
0.762977,-0.617927,0.463888;0.91382,0.314479,0.0126773,-0.256661
0.763515,-0.60636,0.464189;0.91191,0.32031,0.0180019,-0.255924
0.764117,-0.594564,0.464504;0.90994,0.32612,0.0233253,-0.25517
0.764666,-0.584564,0.464776;0.908251,0.330945,0.0277603,-0.254528
0.76526,-0.574415,0.465057;0.906521,0.335755,0.0321941,-0.253875
0.765898,-0.564122,0.465347;0.904748,0.34055,0.0366263,-0.25321
0.76658,-0.553689,0.465645;0.902934,0.345328,0.0410569,-0.252533
0.767306,-0.543123,0.465952;0.901078,0.350091,0.0454855,-0.251844
0.768076,-0.532428,0.466267;0.899181,0.354838,0.049912,-0.251144
0.76889,-0.521608,0.466591;0.897241,0.359568,0.0543363,-0.250432
0.769749,-0.510669,0.466922;0.895261,0.364281,0.058758,-0.249709
0.770652,-0.499615,0.46726;0.893239,0.368978,0.063177,-0.248974
0.771599,-0.488452,0.467606;0.891176,0.373658,0.0675931,-0.248228
0.77259,-0.477184,0.46796;0.889071,0.37832,0.0720061,-0.24747
0.773626,-0.465817,0.46832;0.886926,0.382965,0.0764157,-0.246701
0.774707,-0.454355,0.468687;0.884739,0.387592,0.0808219,-0.24592
0.775832,-0.442803,0.469061;0.882512,0.392201,0.0852242,-0.245128
0.777001,-0.431167,0.469441;0.880244,0.396793,0.0896227,-0.244325
0.778215,-0.41945,0.469827;0.877935,0.401365,0.094017,-0.24351
0.779474,-0.407659,0.47022;0.875585,0.40592,0.0984069,-0.242684
0.780777,-0.395798,0.470618;0.873195,0.410455,0.102792,-0.241847
0.782125,-0.383871,0.471022;0.870765,0.414972,0.107173,-0.240999
0.783517,-0.371885,0.471432;0.868295,0.419469,0.111549,-0.240139
0.784955,-0.359843,0.471846;0.865784,0.423947,0.115919,-0.239269
0.786437,-0.347751,0.472266;0.863233,0.428405,0.120284,-0.238387
0.787964,-0.335614,0.472691;0.860643,0.432844,0.124644,-0.237495
0.789535,-0.323436,0.47312;0.858013,0.437262,0.128998,-0.236591
0.791152,-0.311223,0.473554;0.855343,0.441661,0.133346,-0.235677
0.792814,-0.298979,0.473992;0.852633,0.446039,0.137688,-0.234751
0.79452,-0.28671,0.474434;0.849884,0.450396,0.142023,-0.233815
0.796272,-0.27442,0.47488;0.847096,0.454733,0.146352,-0.232868
0.798069,-0.262114,0.475329;0.844269,0.459048,0.150674,-0.23191
0.799911,-0.249798,0.475782;0.841403,0.463342,0.154989,-0.230942
0.801798,-0.237475,0.476238;0.838497,0.467615,0.159297,-0.229962
0.80373,-0.225152,0.476698;0.835553,0.471867,0.163597,-0.228973
0.805707,-0.212833,0.47716;0.832571,0.476096,0.16789,-0.227972
0.80773,-0.200523,0.477625;0.82955,0.480304,0.172176,-0.226961
0.809797,-0.188226,0.478092;0.82649,0.484489,0.176453,-0.22594
0.811911,-0.175948,0.478562;0.823393,0.488652,0.180722,-0.224908
0.814069,-0.163695,0.479034;0.820257,0.492792,0.184983,-0.223866
0.816273,-0.151469,0.479508;0.817084,0.496909,0.189235,-0.222813
0.818522,-0.139278,0.479983;0.813872,0.501004,0.193479,-0.22175
0.820817,-0.127125,0.48046;0.810623,0.505075,0.197713,-0.220677
0.823158,-0.115015,0.480938;0.807337,0.509123,0.201938,-0.219593
0.825544,-0.102954,0.481417;0.804013,0.513148,0.206155,-0.2185
0.827975,-0.0909467,0.481897;0.800652,0.517149,0.210361,-0.217396
0.830452,-0.0789973,0.482378;0.797254,0.521126,0.214558,-0.216283
0.832975,-0.0671111,0.48286;0.79382,0.525079,0.218745,-0.215159
0.835544,-0.0552931,0.483341;0.790348,0.529007,0.222922,-0.214025
0.838158,-0.0435482,0.483823;0.78684,0.532911,0.227088,-0.212882
0.840818,-0.0318813,0.484305;0.783296,0.536791,0.231244,-0.211729
0.843524,-0.0202974,0.484786;0.779716,0.540645,0.235389,-0.210565
0.846275,-0.00880144,0.485267;0.776099,0.544475,0.239524,-0.209393
0.849073,0.00260172,0.485747;0.772447,0.54828,0.243647,-0.20821
0.851917,0.0139071,0.486226;0.768759,0.552059,0.247759,-0.207018
0.854806,0.0251098,0.486705;0.765035,0.555812,0.25186,-0.205816
0.857742,0.0362048,0.487182;0.761276,0.55954,0.255949,-0.204605
0.860723,0.0471873,0.487657;0.757482,0.563243,0.260026,-0.203384
0.863751,0.0580522,0.488131;0.753653,0.566919,0.264091,-0.202154
0.866825,0.0687947,0.488603;0.749789,0.570569,0.268144,-0.200915
0.869945,0.0794099,0.489073;0.74589,0.574192,0.272185,-0.199666
0.873111,0.0898927,0.489541;0.741957,0.577789,0.276213,-0.198408
0.876324,0.100238,0.490006;0.73799,0.581359,0.280228,-0.197141
0.879582,0.110442,0.490468;0.733988,0.584903,0.28423,-0.195865
0.882888,0.120498,0.490928;0.729953,0.588419,0.28822,-0.19458
0.886239,0.130402,0.491385;0.725884,0.591908,0.292195,-0.193285
0.889637,0.140149,0.491838;0.721781,0.59537,0.296158,-0.191982
0.893081,0.149734,0.492288;0.717645,0.598805,0.300106,-0.19067
0.896572,0.159153,0.492734;0.713476,0.602211,0.304041,-0.189349
0.900597,0.169652,0.493237;0.707333,0.608351,0.30802,-0.186313
0.904647,0.17984,0.49373;0.696978,0.62122,0.310455,-0.178676
0.908749,0.189802,0.49422;0.686388,0.633879,0.312787,-0.170978
0.912898,0.199538,0.494707;0.675566,0.646325,0.315012,-0.163223
0.917088,0.209046,0.495192;0.664517,0.658553,0.317132,-0.155412
0.921315,0.218325,0.495675;0.653243,0.670559,0.319145,-0.14755
0.925572,0.227374,0.496158;0.64175,0.682338,0.32105,-0.139637
0.930391,0.237277,0.496703;0.628561,0.695316,0.323064,-0.13068
0.935234,0.246885,0.49725;0.615104,0.707996,0.324939,-0.121666
0.940093,0.256196,0.4978;0.601385,0.720374,0.326677,-0.112601
0.944961,0.265208,0.498356;0.587409,0.732445,0.328275,-0.103487
0.950371,0.27487,0.49898;0.571587,0.745491,0.329886,-0.0933098
0.955771,0.284159,0.499614;0.555464,0.758144,0.331323,-0.0830831
0.96115,0.293072,0.500259;0.539048,0.770397,0.332586,-0.0728126
0.966499,0.301607,0.500917;0.522348,0.782245,0.333674,-0.0625038
0.972334,0.310556,0.501659;0.503661,0.794801,0.334668,-0.0511263
0.978105,0.319041,0.502421;0.484652,0.806851,0.335448,-0.0397161
0.98431,0.327765,0.503278;0.463564,0.81941,0.336055,-0.0272401
0.990403,0.335929,0.504166;0.442125,0.831347,0.336408,-0.0147434
0.996857,0.344137,0.505166;0.41852,0.843567,0.336502,-0.00119306
1.00361,0.352229,0.506291;0.392684,0.855887,0.336268,0.0134005
1.01058,0.360033,0.507558;0.364554,0.868107,0.335632,0.0290207
1.01769,0.367359,0.508987;0.334073,0.880006,0.334516,0.0456439
1.02521,0.374359,0.510698;0.299245,0.891975,0.332721,0.0642703
1.03292,0.380576,0.512741;0.259951,0.903487,0.330061,0.0848364
1.04114,0.385843,0.515409;0.212083,0.914787,0.325951,0.109276
1.04988,0.38905,0.519243;0.149323,0.925273,0.319182,0.140343
1.05755,0.387089,0.524919;0.0672712,0.93188,0.308067,0.179357
1.06046,0.37933,0.530819;-0.00707948,0.931117,0.295843,0.213188
1.05991,0.370127,0.535596;-0.0607764,0.926612,0.285753,0.23673
1.05785,0.360962,0.539587;-0.101945,0.920902,0.277297,0.25427
1.0549,0.351731,0.543209;-0.136772,0.914522,0.26965,0.268759
1.05134,0.342475,0.546587;-0.167331,0.907737,0.262562,0.281204
1.0475,0.333605,0.549657;-0.193656,0.900985,0.256166,0.291721
1.04332,0.324713,0.552613;-0.217804,0.894042,0.25006,0.301199
1.03892,0.315964,0.555428;-0.239795,0.887081,0.244296,0.309687
1.03439,0.30739,0.558115;-0.261751,0.875867,0.247859,0.320794
1.02961,0.298711,0.560771;-0.283196,0.863084,0.253908,0.332289
1.02482,0.290276,0.563301;-0.302908,0.850602,0.259344,0.342729
1.0197,0.281492,0.565886;-0.322413,0.837539,0.264604,0.352934
1.0147,0.273086,0.568317;-0.340223,0.824973,0.269299,0.36214
1.00945,0.264405,0.570786;-0.357835,0.811927,0.273837,0.371136
1.00396,0.255461,0.57329;-0.375239,0.798409,0.278215,0.379916
0.998726,0.247039,0.575612;-0.391,0.785608,0.282087,0.38777
0.993312,0.238414,0.577957;-0.406571,0.772424,0.285821,0.395434
0.987728,0.229593,0.580321;-0.421943,0.758862,0.289415,0.402905
0.981982,0.220584,0.582701;-0.437108,0.744928,0.292867,0.410179
0.976626,0.212239,0.584877;-0.450709,0.731946,0.295881,0.416618
0.971153,0.203752,0.587061;-0.464129,0.718667,0.298776,0.422889
0.965568,0.19513,0.589252;-0.477361,0.705098,0.30155,0.428988
0.959879,0.186378,0.591446;-0.490399,0.691244,0.304202,0.434915
0.954094,0.177504,0.593643;-0.50324,0.677111,0.306732,0.440665
0.94822,0.168513,0.595838;-0.515878,0.662704,0.309137,0.446237
0.942264,0.159411,0.598031;-0.528306,0.64803,0.311417,0.45163
0.936839,0.151131,0.599999;-0.53931,0.634598,0.313362,0.456326
0.93136,0.14277,0.601962;-0.550137,0.620959,0.315204,0.460874
0.92583,0.134335,0.603917;-0.560784,0.607117,0.316943,0.465271
0.920255,0.125829,0.605863;-0.571248,0.593076,0.318579,0.469515
0.914642,0.117257,0.607797;-0.581524,0.578841,0.32011,0.473606
0.908994,0.108624,0.609719;-0.59161,0.564417,0.321536,0.477542
0.903317,0.0999336,0.611626;-0.601503,0.549807,0.322857,0.481321
0.897617,0.0911911,0.613517;-0.611198,0.535018,0.324072,0.484943
0.891898,0.0824009,0.615389;-0.620694,0.520054,0.325181,0.488406
0.886167,0.0735675,0.617243;-0.629986,0.504919,0.326184,0.491709
0.880428,0.0646956,0.619075;-0.639073,0.489619,0.32708,0.494851
0.874686,0.0557897,0.620884;-0.64795,0.474159,0.327869,0.497832
0.868948,0.0468543,0.622668;-0.656614,0.458544,0.328551,0.500649
0.863217,0.0378941,0.624426;-0.665064,0.442778,0.329125,0.503303
0.8575,0.0289137,0.626155;-0.673297,0.426868,0.329591,0.505791
0.851802,0.0199175,0.627855;-0.681309,0.410818,0.32995,0.508115
0.846128,0.0109103,0.629524;-0.689098,0.394633,0.3302,0.510271
0.840483,0.00189643,0.631159;-0.696661,0.37832,0.330343,0.512261
0.834873,-0.00711938,0.632759;-0.703996,0.361882,0.330377,0.514083
0.829303,-0.0161326,0.634323;-0.711101,0.345326,0.330303,0.515737
0.823778,-0.0251386,0.635848;-0.717973,0.328657,0.330121,0.517223
0.818303,-0.0341329,0.637333;-0.72461,0.31188,0.329831,0.518538
0.812884,-0.0431109,0.638777;-0.73101,0.295002,0.329433,0.519684
0.807526,-0.052068,0.640177;-0.737171,0.278026,0.328927,0.52066
0.802235,-0.0609996,0.641532;-0.74309,0.26096,0.328314,0.521466
0.797015,-0.0699012,0.64284;-0.748766,0.243808,0.327593,0.522101
0.791872,-0.0787682,0.6441;-0.754197,0.226577,0.326765,0.522565
0.786811,-0.087596,0.645309;-0.759382,0.209271,0.32583,0.522858
0.781837,-0.09638,0.646467;-0.764317,0.191897,0.324788,0.522979
0.776957,-0.105116,0.647571;-0.769003,0.17446,0.32364,0.52293
0.771649,-0.11476,0.648733;-0.773913,0.155019,0.32224,0.522674
0.766469,-0.124332,0.649824;-0.778512,0.135515,0.32071,0.522208
0.761426,-0.133827,0.650842;-0.782795,0.115957,0.31905,0.52153
0.756524,-0.143237,0.651785;-0.786762,0.0963514,0.317261,0.520641
0.751773,-0.152558,0.652651;-0.790411,0.0767071,0.315345,0.519542
0.747179,-0.161781,0.653436;-0.793741,0.0570318,0.3133,0.518233
0.74275,-0.170901,0.654139;-0.79675,0.0373334,0.311129,0.516715
0.738076,-0.180807,0.654815;-0.799688,0.0156481,0.308596,0.514803
0.73362,-0.190573,0.655385;-0.802235,-0.00604487,0.305912,0.51264
0.729391,-0.20019,0.655847;-0.80439,-0.0277349,0.303079,0.510227
0.725399,-0.209649,0.656197;-0.806151,-0.0494113,0.300097,0.507563
0.721653,-0.218943,0.656432;-0.807519,-0.0710636,0.296968,0.504652
0.717859,-0.228883,0.656554;-0.80856,-0.0946443,0.29339,0.501194
0.714383,-0.238606,0.656532;-0.809131,-0.11817,0.289641,0.497445
0.711236,-0.248099,0.656362;-0.80923,-0.141627,0.285723,0.493407
0.708214,-0.258114,0.656005;-0.808807,-0.166945,0.281291,0.488708
0.705609,-0.267833,0.655465;-0.807832,-0.192149,0.276667,0.483675
0.70329,-0.277954,0.654671;-0.806164,-0.219145,0.271477,0.477886
0.701386,-0.288382,0.65357;-0.803669,-0.247876,0.265677,0.471263
0.700106,-0.298358,0.652202;-0.800444,-0.276381,0.259635,0.464212
0.699457,-0.308476,0.65044;-0.796201,-0.306509,0.252931,0.456226
0.69961,-0.318609,0.648214;-0.79079,-0.338172,0.245521,0.447224
0.700684,-0.328209,0.645575;-0.796397,-0.334887,0.246513,0.439127
0.702958,-0.338126,0.642177;-0.809472,-0.308784,0.252933,0.430618
0.706292,-0.347179,0.638342;-0.821765,-0.282382,0.259109,0.421693
0.710609,-0.355374,0.6341;-0.833264,-0.255708,0.265034,0.41236
0.715833,-0.362718,0.629485;-0.843958,-0.228786,0.270704,0.40263
0.721887,-0.369216,0.624529;-0.853837,-0.201644,0.276111,0.39251
0.728693,-0.374877,0.619264;-0.862892,-0.174307,0.281252,0.382011
0.736176,-0.379706,0.613722;-0.871112,-0.146801,0.286122,0.371143
0.744259,-0.383709,0.607936;-0.878491,-0.119154,0.290715,0.359917
0.752234,-0.386693,0.602372;-0.884584,-0.0933775,0.294729,0.349181
0.760599,-0.388977,0.596652;-0.88994,-0.0675235,0.298497,0.338154
0.769292,-0.390565,0.5908;-0.894554,-0.0416133,0.302016,0.326845
0.778251,-0.391463,0.584843;-0.898423,-0.0156684,0.305284,0.315264
0.786705,-0.391683,0.579273;-0.901331,0.00829282,0.308075,0.304341
0.795286,-0.391324,0.573656;-0.903599,0.0322481,0.310647,0.293202
0.803945,-0.39039,0.568012;-0.905225,0.0561806,0.312999,0.281855
0.812634,-0.388884,0.562361;-0.90621,0.0800731,0.315129,0.270307
0.821305,-0.38681,0.556723;-0.906551,0.103909,0.317035,0.258568
0.82991,-0.384174,0.551119;-0.906248,0.127671,0.318716,0.246646
0.838399,-0.380978,0.54557;-0.905303,0.151342,0.320171,0.234548
0.846726,-0.377228,0.540095;-0.903715,0.174906,0.321399,0.222284
0.854841,-0.372927,0.534715;-0.901486,0.198346,0.322398,0.209862
0.862697,-0.368079,0.529451;-0.898617,0.221645,0.323169,0.197291
0.870244,-0.362688,0.524322;-0.89511,0.244787,0.32371,0.18458
0.877435,-0.356758,0.519349;-0.890968,0.267755,0.324022,0.171738
0.884222,-0.350295,0.514552;-0.886193,0.290533,0.324104,0.158774
0.890555,-0.343301,0.509951;-0.88079,0.313105,0.323955,0.145698
0.896388,-0.33578,0.505568;-0.874761,0.335454,0.323577,0.132518
0.901671,-0.327738,0.501422;-0.868112,0.357566,0.322969,0.119244
0.906356,-0.319178,0.497533;-0.860847,0.379424,0.322132,0.105886
0.910396,-0.310103,0.493922;-0.85297,0.401012,0.321066,0.092452
0.91374,-0.300519,0.49061;-0.844489,0.422316,0.319773,0.0789527
0.916343,-0.29043,0.487616;-0.835407,0.44332,0.318252,0.0653974
0.918034,-0.28074,0.485168;-0.826562,0.462298,0.31666,0.0529307
0.919024,-0.270632,0.483021;-0.817224,0.481,0.314879,0.0404324
0.919275,-0.260109,0.48119;-0.807398,0.499416,0.31291,0.02791
0.918831,-0.250185,0.479813;-0.798048,0.515899,0.310958,0.0165114
0.917717,-0.239923,0.478722;-0.788305,0.532127,0.308853,0.00510462
0.915906,-0.229325,0.477929;-0.778172,0.548094,0.306596,-0.00630466
0.913656,-0.219502,0.477479;-0.768725,0.562233,0.304435,-0.0165705
0.910799,-0.20941,0.477289;-0.758972,0.576148,0.302153,-0.0268298
0.907313,-0.199052,0.477366;-0.748915,0.589832,0.29975,-0.0370783
0.903671,-0.189623,0.477666;-0.739724,0.601799,0.297513,-0.0461758
0.899502,-0.179985,0.478191;-0.7303,0.613576,0.295183,-0.0552587
0.894792,-0.170141,0.478946;-0.720646,0.625159,0.29276,-0.0643243
0.889526,-0.160091,0.479938;-0.710764,0.636545,0.290244,-0.0733695
