0.81374,-0.422754,0.426241;0.942312,-0.309487,0.0255412,-0.12495
0.806201,-0.435316,0.42471;0.941167,-0.311596,0.0270197,-0.127993
0.798836,-0.447583,0.423211;0.940006,-0.313699,0.0284977,-0.131034
0.791643,-0.459559,0.421743;0.938828,-0.315797,0.0299752,-0.134073
0.78462,-0.471246,0.420305;0.937634,-0.317889,0.0314522,-0.13711
0.777767,-0.482646,0.418898;0.936424,-0.319976,0.0329286,-0.140144
0.771081,-0.493761,0.417521;0.935198,-0.322057,0.0344045,-0.143176
0.764561,-0.504595,0.416175;0.933956,-0.324133,0.0358798,-0.146205
0.758206,-0.515149,0.414858;0.932698,-0.326203,0.0373544,-0.149232
0.752015,-0.525427,0.41357;0.931424,-0.328268,0.0388284,-0.152256
0.745985,-0.53543,0.412312;0.930134,-0.330327,0.0403018,-0.155278
0.740116,-0.545161,0.411083;0.928827,-0.33238,0.0417745,-0.158297
0.734405,-0.554623,0.409882;0.927505,-0.334428,0.0432464,-0.161313
0.728852,-0.563818,0.40871;0.926167,-0.33647,0.0447176,-0.164327
0.723455,-0.572749,0.407567;0.924813,-0.338506,0.046188,-0.167337
0.718213,-0.581418,0.406451;0.923443,-0.340536,0.0476577,-0.170345
0.710636,-0.593936,0.40483;0.921358,-0.34357,0.0498606,-0.174851
0.703399,-0.605879,0.40327;0.919237,-0.346591,0.0520616,-0.179351
0.696497,-0.617254,0.401771;0.917081,-0.349599,0.0542605,-0.183843
0.689924,-0.628072,0.400333;0.91489,-0.352593,0.0564574,-0.188329
0.683676,-0.638339,0.398953;0.912663,-0.355573,0.0586521,-0.192807
0.677749,-0.648065,0.397632;0.9104,-0.35854,0.0608445,-0.197277
0.672136,-0.657258,0.396369;0.908103,-0.361492,0.0630345,-0.20174
0.666834,-0.665926,0.395162;0.90577,-0.364431,0.0652221,-0.206196
0.660238,-0.676682,0.39364;0.902605,-0.368328,0.068135,-0.212123
0.654174,-0.68654,0.392216;0.899378,-0.372199,0.0710432,-0.218036
0.648629,-0.695519,0.390887;0.896089,-0.376044,0.0739465,-0.223935
0.642411,-0.70554,0.389357;0.891892,-0.380814,0.0775684,-0.231286
0.636964,-0.714258,0.38797;0.887598,-0.385544,0.081182,-0.238612
0.631414,-0.723057,0.386487;0.882319,-0.391164,0.0855068,-0.247369
0.625621,-0.732076,0.38481;0.875069,-0.398564,0.0912524,-0.258986
0.619907,-0.740504,0.382777;0.862775,-0.410353,0.100535,-0.27771
0.621445,-0.735383,0.381017;0.834177,-0.434722,0.120271,-0.317334
0.62655,-0.725832,0.381192;0.822167,-0.443899,0.127917,-0.332616
0.63164,-0.716587,0.38159;0.813163,-0.450428,0.133436,-0.343621
0.636964,-0.70705,0.382111;0.805101,-0.456039,0.138235,-0.353174
0.642123,-0.697885,0.382677;0.798056,-0.460773,0.142326,-0.361302
0.647792,-0.687878,0.383348;0.790887,-0.465435,0.146394,-0.369375
0.652876,-0.678944,0.383981;0.784819,-0.469265,0.149767,-0.376058
0.658264,-0.66951,0.384679;0.778667,-0.473044,0.153124,-0.382701
0.663933,-0.659615,0.385436;0.772431,-0.476773,0.156465,-0.389303
0.66986,-0.649299,0.386249;0.766112,-0.48045,0.159788,-0.395863
0.676023,-0.6386,0.387115;0.759711,-0.484076,0.163095,-0.402381
0.681108,-0.629791,0.387842;0.754531,-0.486939,0.165727,-0.407564
0.686317,-0.620782,0.388599;0.749299,-0.489769,0.168348,-0.412719
0.691639,-0.611594,0.389383;0.744016,-0.492565,0.170958,-0.417845
0.697062,-0.602245,0.390192;0.738681,-0.495327,0.173556,-0.422943
0.702576,-0.592755,0.391024;0.733296,-0.498054,0.176142,-0.428011
0.708167,-0.583146,0.391877;0.72786,-0.500748,0.178716,-0.43305
0.713618,-0.573791,0.392718;0.727609,-0.495551,0.177948,-0.439714
0.718714,-0.565057,0.393511;0.73626,-0.476382,0.171263,-0.449055
0.723852,-0.556264,0.394318;0.744488,-0.45694,0.164479,-0.458137
0.729028,-0.547419,0.395138;0.752288,-0.437236,0.157601,-0.466957
0.734238,-0.538532,0.395969;0.759657,-0.41728,0.150633,-0.475509
0.739478,-0.52961,0.396813;0.766589,-0.397085,0.143578,-0.483787
0.744745,-0.520661,0.397666;0.773081,-0.376662,0.136441,-0.491788
0.750034,-0.511693,0.39853;0.779129,-0.356023,0.129225,-0.499506
0.755341,-0.502714,0.399404;0.78473,-0.335179,0.121935,-0.506937
0.760663,-0.493732,0.400285;0.789881,-0.314142,0.114575,-0.514078
0.765996,-0.484756,0.401175;0.794577,-0.292926,0.10715,-0.520923
0.771335,-0.475792,0.402073;0.798818,-0.271541,0.0996624,-0.527469
0.776677,-0.466849,0.402977;0.802599,-0.25,0.092118,-0.533712
0.782019,-0.457935,0.403887;0.80592,-0.228316,0.0845206,-0.539649
0.787356,-0.449058,0.404802;0.808778,-0.2065,0.0768747,-0.545275
0.792684,-0.440226,0.405722;0.811172,-0.184566,0.0691847,-0.550589
0.797999,-0.431447,0.406645;0.8131,-0.162526,0.061455,-0.555587
0.803298,-0.422729,0.407572;0.814561,-0.140393,0.05369,-0.560265
0.808577,-0.414079,0.408502;0.815555,-0.118179,0.0458941,-0.564622
0.813831,-0.405507,0.409433;0.81608,-0.0958972,0.0380719,-0.568655
0.819058,-0.39702,0.410366;0.816136,-0.0735603,0.0302278,-0.572361
0.824722,-0.387867,0.411384;0.815663,-0.0491451,0.021651,-0.576029
0.830344,-0.378835,0.412402;0.814633,-0.0246963,0.0130594,-0.579304
0.835918,-0.369934,0.413418;0.813046,-0.00023058,0.00445886,-0.582182
0.841438,-0.361175,0.414433;0.810903,0.0242353,-0.00414472,-0.584663
0.846901,-0.352568,0.415445;0.808207,0.0486845,-0.0127455,-0.586744
0.8523,-0.344124,0.416452;0.804958,0.0731005,-0.0213375,-0.588425
0.858071,-0.335171,0.417539;0.800818,0.0994943,-0.0306289,-0.589791
0.863756,-0.326434,0.418619;0.796035,0.125808,-0.0398957,-0.590685
0.869349,-0.317926,0.419691;0.790614,0.152021,-0.0491306,-0.591105
0.87526,-0.309035,0.420836;0.784067,0.180114,-0.0590315,-0.591027
0.881047,-0.300441,0.421969;0.776791,0.208039,-0.0688776,-0.590399
0.886704,-0.292162,0.423089;0.768792,0.235771,-0.0786595,-0.589223
0.89261,-0.283658,0.424273;0.759429,0.265239,-0.0890588,-0.587354
0.898722,-0.275028,0.425516;0.748548,0.296359,-0.100046,-0.584669
0.904629,-0.266878,0.426735;0.736758,0.327119,-0.110912,-0.581274
0.910667,-0.258771,0.428003;0.723251,0.359365,-0.122309,-0.576893
0.916778,-0.250839,0.429313;0.707868,0.39297,-0.134194,-0.571393
0.923206,-0.242856,0.430723;0.689501,0.429598,-0.147156,-0.564251
0.92981,-0.235137,0.432217;0.667787,0.468945,-0.161091,-0.555159
0.936683,-0.227798,0.433832;0.641253,0.512344,-0.176475,-0.543281
0.943982,-0.221127,0.435647;0.606911,0.562408,-0.194241,-0.526904
0.952319,-0.215999,0.437934;0.554512,0.628416,-0.217705,-0.500214
0.960508,-0.218846,0.440848;0.462982,0.721325,-0.250826,-0.449916
0.962295,-0.228674,0.442256;0.486534,0.712899,-0.252715,-0.437258
0.961854,-0.239024,0.442986;0.535463,0.679815,-0.246204,-0.436479
0.960568,-0.249187,0.443434;0.573611,0.651334,-0.24031,-0.434724
0.958734,-0.259582,0.443734;0.606989,0.624271,-0.2345,-0.432273
0.956587,-0.269719,0.44392;0.635884,0.599057,-0.228926,-0.429389
0.954154,-0.279877,0.444025;0.662204,0.574499,-0.223363,-0.426082
0.951531,-0.289861,0.444064;0.686075,0.550777,-0.217877,-0.422463
0.948802,-0.299513,0.444051;0.707627,0.528052,-0.212526,-0.418638
0.945817,-0.309424,0.44399;0.728454,0.504786,-0.206956,-0.414384
0.942591,-0.319533,0.443883;0.748535,0.481004,-0.201175,-0.409706
0.939393,-0.329043,0.443743;0.766496,0.458478,-0.195622,-0.404986
0.936014,-0.33862,0.443565;0.78378,0.435547,-0.189897,-0.399908
0.932464,-0.348216,0.44335;0.800372,0.412232,-0.184003,-0.394477
0.928758,-0.35778,0.4431;0.816257,0.388552,-0.177948,-0.388698
0.924906,-0.367264,0.442814;0.831421,0.36453,-0.171735,-0.382576
0.920921,-0.376618,0.442495;0.845851,0.340186,-0.16537,-0.376115
0.916816,-0.385793,0.442143;0.859534,0.315541,-0.158859,-0.369323
0.912274,-0.395416,0.441727;0.87342,0.288689,-0.151691,-0.361643
0.907622,-0.404712,0.441276;0.886412,0.261542,-0.144368,-0.353593
0.902875,-0.41362,0.44079;0.898496,0.234127,-0.136896,-0.345181
0.897701,-0.422663,0.440233;0.910421,0.204488,-0.128736,-0.335776
0.892103,-0.431653,0.439597;0.921961,0.172609,-0.119864,-0.325309
0.886445,-0.439877,0.438922;0.932268,0.1405,-0.110833,-0.314407
0.880037,-0.448098,0.438116;0.942372,0.104154,-0.100496,-0.30164
0.873258,-0.455451,0.437215;0.951307,0.0655985,-0.0894005,-0.28761
0.865441,-0.462068,0.436112;0.959409,0.0208059,-0.0763437,-0.27069
0.856671,-0.466824,0.434787;0.96567,-0.0301524,-0.0612741,-0.250633
0.846758,-0.468213,0.433161;0.968982,-0.0891295,-0.0435459,-0.226346
0.837576,-0.464857,0.431512;0.968141,-0.145704,-0.0262467,-0.201953
0.830103,-0.457927,0.430043;0.964263,-0.193731,-0.0113305,-0.180381
0.824501,-0.449571,0.428849;0.959134,-0.231345,0.000504531,-0.162916
0.820031,-0.440443,0.427823;0.953411,-0.262685,0.0104711,-0.147968
0.816323,-0.430811,0.426913;0.947357,-0.28982,0.0191807,-0.134726
0.813116,-0.420619,0.426073;0.942165,-0.310968,0.0267206,-0.12211
0.810399,-0.410355,0.425314;0.941364,-0.317584,0.0320235,-0.109314
0.808102,-0.400363,0.424634;0.940465,-0.323402,0.036731,-0.0979174
0.805913,-0.389593,0.423949;0.939391,-0.329159,0.0414316,-0.086503
0.804085,-0.379559,0.423346;0.938307,-0.334147,0.0455383,-0.076502
0.802336,-0.368984,0.42274;0.937089,-0.339086,0.0496384,-0.0664901
0.800664,-0.357892,0.42213;0.935737,-0.343978,0.0537315,-0.0564687
0.79929,-0.347992,0.421605;0.934472,-0.348131,0.0572338,-0.0478725
0.797971,-0.337748,0.421078;0.933108,-0.352248,0.0607301,-0.0392712
0.796706,-0.327174,0.420549;0.931647,-0.356328,0.06422,-0.0306658
0.795492,-0.316286,0.420018;0.930088,-0.36037,0.0677031,-0.0220571
0.794329,-0.305101,0.419485;0.928431,-0.364375,0.0711791,-0.0134462
0.793215,-0.293635,0.41895;0.926676,-0.368341,0.0746477,-0.00483386
0.79215,-0.281903,0.418413;0.924825,-0.372269,0.0781084,0.003779
0.791299,-0.271934,0.417965;0.923207,-0.375512,0.0809861,0.0109561
0.79048,-0.261802,0.417515;0.921523,-0.378728,0.0838579,0.0181324
0.789692,-0.251514,0.417064;0.919771,-0.381916,0.0867235,0.0253074
0.788936,-0.241081,0.416612;0.917952,-0.385076,0.0895829,0.0324806
0.78821,-0.230511,0.41616;0.916066,-0.388208,0.0924357,0.0396514
0.787513,-0.219813,0.415706;0.914114,-0.391312,0.0952817,0.0468193
0.786845,-0.208997,0.415251;0.912094,-0.394388,0.0981209,0.0539837
0.786205,-0.198072,0.414796;0.910009,-0.397434,0.100953,0.0611443
0.785593,-0.187048,0.41434;0.907856,-0.400452,0.103777,0.0683003
0.785008,-0.175932,0.413883;0.905638,-0.403441,0.106594,0.0754514
0.784449,-0.164735,0.413425;0.903354,-0.4064,0.109404,0.082597
0.783916,-0.153466,0.412967;0.901003,-0.409329,0.112205,0.0897366
0.783408,-0.142134,0.412508;0.898587,-0.412229,0.114998,0.0968696
0.782923,-0.130748,0.412049;0.896106,-0.415098,0.117783,0.103996
0.782463,-0.119318,0.411589;0.893559,-0.417937,0.120559,0.111114
0.782025,-0.107852,0.411129;0.890947,-0.420746,0.123326,0.118224
0.78161,-0.0963595,0.410668;0.88827,-0.423524,0.126085,0.125326
0.781216,-0.0848503,0.410207;0.885528,-0.426271,0.128834,0.132418
0.780843,-0.0733332,0.409746;0.882722,-0.428987,0.131573,0.139501
0.780491,-0.0618174,0.409285;0.879851,-0.431672,0.134304,0.146574
0.780158,-0.0503122,0.408823;0.876916,-0.434325,0.137024,0.153636
0.779844,-0.0388269,0.408361;0.873917,-0.436947,0.139734,0.160687
0.779548,-0.0273704,0.407899;0.870855,-0.439537,0.142434,0.167726
0.77927,-0.0159522,0.407437;0.867729,-0.442095,0.145124,0.174753
0.779008,-0.00458132,0.406976;0.864539,-0.44462,0.147803,0.181767
0.778764,0.00673296,0.406514;0.861287,-0.447113,0.150472,0.188768
0.778534,0.0179815,0.406052;0.857971,-0.449574,0.153129,0.195755
0.77832,0.029155,0.40559;0.854594,-0.452001,0.155776,0.202728
0.77812,0.0402443,0.405129;0.851154,-0.454396,0.158411,0.209686
0.777933,0.0512403,0.404668;0.847651,-0.456758,0.161034,0.216628
0.77776,0.0621336,0.404207;0.844087,-0.459086,0.163646,0.223555
0.777599,0.0729152,0.403746;0.840462,-0.461381,0.166245,0.230466
0.777449,0.0835758,0.403286;0.836775,-0.463642,0.168833,0.23736
0.77731,0.0941062,0.402826;0.833027,-0.465869,0.171408,0.244236
0.777182,0.104497,0.402367;0.829218,-0.468062,0.173971,0.251095
0.777063,0.11474,0.401909;0.825349,-0.470222,0.176521,0.257935
0.776954,0.124824,0.40145;0.82142,-0.472347,0.179058,0.264757
0.776833,0.136704,0.400902;0.816626,-0.474851,0.182085,0.272917
0.776723,0.148328,0.400354;0.811746,-0.477306,0.185094,0.281049
0.776623,0.15968,0.399807;0.806781,-0.47971,0.188083,0.289151
0.776531,0.170743,0.399262;0.801731,-0.482064,0.191052,0.297223
0.776446,0.181503,0.398717;0.796597,-0.484367,0.194001,0.305264
0.776368,0.191942,0.398174;0.791379,-0.48662,0.196929,0.313272
0.776295,0.202045,0.397633;0.786078,-0.488821,0.199837,0.321248
0.776215,0.213387,0.397003;0.779789,-0.491325,0.203203,0.33051
0.776138,0.224225,0.396375;0.773389,-0.493758,0.20654,0.339725
0.776063,0.234533,0.39575;0.766879,-0.496121,0.209848,0.348891
0.775977,0.245633,0.395038;0.759304,-0.498734,0.213591,0.359306
0.775887,0.255972,0.39433;0.751587,-0.501255,0.217294,0.369654
0.77578,0.266645,0.393538;0.742738,-0.503978,0.221412,0.381212
0.775648,0.277251,0.392663;0.7327,-0.506864,0.225926,0.39395
0.775481,0.28731,0.391708;0.721412,-0.509868,0.230815,0.407828
0.775224,0.297527,0.390505;0.706677,-0.513431,0.23692,0.425282
0.774659,0.307523,0.38856;0.681597,-0.518647,0.246653,0.453424
0.77297,0.301307,0.385118;0.638998,-0.526467,0.259409,0.497214
0.7721,0.290413,0.383897;0.64738,-0.530244,0.247057,0.488573
0.771369,0.278981,0.382971;0.65376,-0.533068,0.237397,0.481746
0.770729,0.267313,0.382195;0.659131,-0.535408,0.22908,0.475822
0.770203,0.256385,0.381563;0.663537,-0.537302,0.222126,0.470835
0.769695,0.244451,0.380946;0.667878,-0.539144,0.21515,0.465803
0.769309,0.234236,0.380464;0.671306,-0.54058,0.209555,0.461745
0.768947,0.223475,0.379993;0.674692,-0.541983,0.203946,0.457659
0.768616,0.21221,0.379534;0.678036,-0.543352,0.198325,0.453544
0.768322,0.200486,0.379087;0.681339,-0.544688,0.192692,0.449402
0.768069,0.188345,0.378654;0.684599,-0.545991,0.187047,0.445232
0.767864,0.17583,0.378234;0.687818,-0.54726,0.18139,0.441034
0.767713,0.162985,0.377828;0.690994,-0.548495,0.175723,0.436809
0.767621,0.149854,0.377438;0.694128,-0.549696,0.170044,0.432557
0.767595,0.139842,0.377156;0.69645,-0.550575,0.165778,0.429351
0.767608,0.129713,0.376882;0.698748,-0.551435,0.161507,0.42613
0.767663,0.119482,0.376618;0.701022,-0.552276,0.157229,0.422894
0.767761,0.109169,0.376364;0.703271,-0.553097,0.152947,0.419643
0.767907,0.0987925,0.37612;0.705496,-0.5539,0.148659,0.416378
0.768101,0.0883698,0.375886;0.707697,-0.554683,0.144366,0.413099
0.768346,0.0779195,0.375663;0.709873,-0.555447,0.140068,0.409805
0.768646,0.0674598,0.375451;0.712025,-0.556191,0.135765,0.406497
0.769002,0.0570091,0.37525;0.714152,-0.556917,0.131457,0.403175
0.769417,0.0465855,0.37506;0.716254,-0.557623,0.127145,0.399839
0.769893,0.0362073,0.374882;0.718331,-0.55831,0.122828,0.396489
0.770433,0.0258928,0.374716;0.720384,-0.558977,0.118507,0.393125
0.771039,0.0156601,0.374562;0.722411,-0.559625,0.114183,0.389748
0.771713,0.00552764,0.374421;0.724414,-0.560254,0.109854,0.386357
0.772459,-0.00448648,0.374293;0.726391,-0.560864,0.105521,0.382953
0.773568,-0.0176229,0.374142;0.728989,-0.561646,0.0997383,0.378393
0.774813,-0.0304733,0.374016;0.731541,-0.562393,0.0939495,0.373811
0.776201,-0.0429942,0.373914;0.734049,-0.563106,0.088155,0.369205
0.777737,-0.0551424,0.373838;0.736511,-0.563785,0.082355,0.364576
0.779428,-0.0668747,0.373788;0.738928,-0.564428,0.07655,0.359925
0.781277,-0.0781479,0.373764;0.741299,-0.565037,0.0707402,0.355252
0.783293,-0.0889186,0.373768;0.743625,-0.565611,0.0649261,0.350557
0.78548,-0.0991437,0.3738;0.745905,-0.566151,0.059108,0.34584
0.788464,-0.111092,0.373881;0.74869,-0.566775,0.0518303,0.339914
0.791736,-0.122035,0.374008;0.751404,-0.567346,0.0445476,0.333956
0.795307,-0.131889,0.374183;0.754045,-0.567862,0.0372606,0.327965
0.800005,-0.142158,0.374458;0.757118,-0.568409,0.0285115,0.320735
0.806078,-0.151807,0.37487;0.760571,-0.568947,0.0182994,0.312243
0.813837,-0.159477,0.375467;0.764342,-0.569431,0.00662423,0.302467
0.823667,-0.163412,0.376306;0.768358,-0.569808,-0.00651211,0.291379
0.834725,-0.161902,0.377329;0.772136,-0.570007,-0.0196464,0.280201
0.844217,-0.156648,0.378258;0.774907,-0.570039,-0.029858,0.271446
0.853001,-0.14911,0.379149;0.777166,-0.569981,-0.0386063,0.263901
0.860792,-0.140577,0.37996;0.778967,-0.569872,-0.0458926,0.257585
0.867341,-0.132216,0.380655;0.780353,-0.569746,-0.0517184,0.252515
0.874178,-0.122445,0.381392;0.781691,-0.569584,-0.0575411,0.247429
0.881309,-0.11122,0.382171;0.782982,-0.569388,-0.0633602,0.242328
0.886853,-0.10182,0.382783;0.783918,-0.569217,-0.067722,0.238493
0.892568,-0.0915608,0.38342;0.784826,-0.569027,-0.0720815,0.234649
0.898456,-0.0804224,0.384082;0.785708,-0.568817,-0.0764385,0.230797
0.90452,-0.0683872,0.384769;0.786563,-0.568587,-0.0807928,0.226937
0.910762,-0.0554367,0.385481;0.78739,-0.568338,-0.0851443,0.223069
0.915024,-0.0462857,0.38597;0.787926,-0.568161,-0.0880437,0.220486
0.919367,-0.0367143,0.38647;0.78845,-0.567975,-0.0909417,0.2179
0.923791,-0.0267173,0.386982;0.788962,-0.56778,-0.0938383,0.21531
0.928298,-0.0162893,0.387506;0.789462,-0.567577,-0.0967335,0.212717
0.932888,-0.0054247,0.388041;0.78995,-0.567365,-0.0996272,0.210121
0.937562,0.00588174,0.388588;0.790426,-0.567144,-0.102519,0.207522
0.942321,0.0176355,0.389147;0.790889,-0.566914,-0.10541,0.204919
0.947165,0.0298419,0.389718;0.79134,-0.566676,-0.108299,0.202313
0.952096,0.0425065,0.390301;0.791779,-0.566429,-0.111186,0.199704
0.957113,0.0556345,0.390896;0.792206,-0.566173,-0.114072,0.197092
0.962217,0.0692315,0.391504;0.792621,-0.565909,-0.116956,0.194477
0.96741,0.0833028,0.392123;0.793023,-0.565635,-0.119838,0.191859
0.971491,0.0945224,0.392612;0.793326,-0.565418,-0.122067,0.189831
