0.869628,0.652698,0.600559;0.937564,0.250281,0.104611,0.217692
0.866021,0.643849,0.604925;0.938516,0.244549,0.104334,0.220224
0.862456,0.635078,0.609238;0.939429,0.238808,0.104053,0.222746
0.858932,0.626385,0.613497;0.940305,0.233057,0.103768,0.22526
0.855449,0.61777,0.617703;0.941144,0.227297,0.103479,0.227764
0.852007,0.609232,0.621856;0.941944,0.221528,0.103186,0.23026
0.847481,0.59797,0.627312;0.942952,0.213822,0.102789,0.233572
0.843027,0.586844,0.632673;0.943893,0.2061,0.102384,0.236868
0.838644,0.575854,0.637942;0.944766,0.198364,0.101972,0.240147
0.834333,0.564999,0.643119;0.945572,0.190613,0.101552,0.243409
0.830092,0.55428,0.648204;0.94631,0.182849,0.101125,0.246653
0.825922,0.543694,0.653197;0.94698,0.175072,0.100691,0.24988
0.821822,0.533242,0.6581;0.947582,0.167282,0.10025,0.253089
0.817791,0.522922,0.662912;0.948117,0.159481,0.0998019,0.25628
0.81383,0.512735,0.667634;0.948584,0.151668,0.0993464,0.259452
0.809937,0.502678,0.672267;0.948983,0.143844,0.0988839,0.262606
0.806113,0.492752,0.676812;0.949314,0.13601,0.0984142,0.265741
0.802357,0.482956,0.681268;0.949578,0.128166,0.0979375,0.268857
0.798668,0.473289,0.685636;0.949773,0.120312,0.0974538,0.271954
0.795047,0.463751,0.689918;0.9499,0.112451,0.0969632,0.275031
0.791492,0.45434,0.694112;0.94996,0.104581,0.0964656,0.278089
0.788004,0.445056,0.69822;0.949951,0.0967038,0.0959611,0.281127
0.784583,0.435899,0.702243;0.949875,0.0888196,0.0954497,0.284145
0.781226,0.426867,0.70618;0.94973,0.0809291,0.0949315,0.287142
0.777935,0.41796,0.710033;0.949518,0.0730328,0.0944066,0.290119
0.774709,0.409177,0.713802;0.949238,0.0651313,0.0938748,0.293075
0.770767,0.398373,0.718395;0.948792,0.0552479,0.0932007,0.296741
0.766925,0.38776,0.722859;0.94824,0.0453583,0.0925162,0.300373
0.763183,0.377337,0.727193;0.947582,0.0354637,0.0918213,0.303972
0.759538,0.367103,0.731401;0.946819,0.0255651,0.0911162,0.307537
0.755992,0.357057,0.735481;0.945949,0.0156636,0.0904009,0.311068
0.752542,0.347197,0.739436;0.944974,0.00576042,0.0896755,0.314563
0.749189,0.337521,0.743267;0.943893,-0.00414343,0.08894,0.318024
0.745931,0.32803,0.746973;0.942706,-0.0140468,0.0881946,0.321449
0.742767,0.31872,0.750557;0.941414,-0.0239486,0.0874394,0.324838
0.739698,0.309591,0.75402;0.940017,-0.0338478,0.0866744,0.328191
0.736721,0.300641,0.757361;0.938515,-0.0437431,0.0858997,0.331507
0.733272,0.290137,0.761214;0.936574,-0.055611,0.0849574,0.335437
0.729953,0.279886,0.764895;0.934483,-0.0674699,0.0840014,0.339314
0.726765,0.269887,0.768408;0.93224,-0.079318,0.0830319,0.343136
0.723706,0.260137,0.771754;0.929848,-0.0911533,0.082049,0.346902
0.720775,0.250633,0.774935;0.927306,-0.102974,0.081053,0.350613
0.71797,0.241375,0.777951;0.924615,-0.114778,0.0800439,0.354267
0.714855,0.230879,0.781267;0.921288,-0.128526,0.0788503,0.358459
0.711908,0.220708,0.784364;0.917758,-0.142246,0.0776394,0.362571
0.709127,0.21086,0.787247;0.914028,-0.155934,0.0764116,0.366605
0.70651,0.201331,0.789918;0.910097,-0.169589,0.075167,0.370558
0.703717,0.190824,0.792715;0.905361,-0.185148,0.0737244,0.374976
0.701133,0.180723,0.795242;0.900365,-0.200655,0.0722608,0.379287
0.698753,0.171022,0.797504;0.895112,-0.216104,0.0707765,0.383489
0.696316,0.160579,0.799736;0.888896,-0.23341,0.0690825,0.388086
0.69413,0.150626,0.801645;0.882359,-0.250631,0.0673634,0.392542
0.691991,0.140133,0.803392;0.87472,-0.269659,0.0654248,0.397326
0.690149,0.130226,0.804753;0.86669,-0.288567,0.0634569,0.401933
0.68846,0.11999,0.805815;0.85741,-0.309216,0.0612595,0.406793
0.687011,0.109599,0.806465;0.846758,-0.331551,0.0588245,0.411843
0.685893,0.0992342,0.806587;0.834602,-0.355507,0.056144,0.417015
0.685197,0.0890816,0.806061;0.820807,-0.381004,0.0532099,0.422233
0.685029,0.0787236,0.80465;0.804161,-0.409733,0.0497997,0.427742
0.685607,0.0686046,0.802073;0.784336,-0.441491,0.0458953,0.433355
0.687161,0.0591911,0.798034;0.760976,-0.476026,0.0414794,0.438855
0.689774,0.0512873,0.792528;0.734985,-0.511371,0.036763,0.443785
0.693528,0.0450745,0.785452;0.706203,-0.547316,0.0317444,0.448012
0.698257,0.0408623,0.777121;0.675893,-0.582078,0.0266571,0.451269
0.703349,0.0386713,0.768529;0.647068,-0.612588,0.021982,0.453383
0.708838,0.0379524,0.759531;0.618611,-0.640559,0.0175041,0.45464
0.714253,0.0383723,0.750834;0.592303,-0.66471,0.0134734,0.455144
0.719756,0.0396345,0.742129;0.566842,-0.686658,0.00966382,0.45508
0.72525,0.0415407,0.733539;0.542383,-0.70652,0.0060822,0.454548
0.730652,0.0439177,0.725173;0.519062,-0.724417,0.00273376,0.453638
0.736301,0.0468412,0.716493;0.495286,-0.741679,-0.000617072,0.452331
0.741752,0.0500191,0.70817;0.472819,-0.757127,-0.00372814,0.450762
0.74695,0.0533271,0.700278;0.451763,-0.770879,-0.00659745,0.449012
0.752294,0.0569751,0.6922;0.430416,-0.784135,-0.00946251,0.446973
0.757774,0.0609444,0.68395;0.408792,-0.796886,-0.0123215,0.444646
0.762909,0.064849,0.676248;0.388738,-0.808124,-0.0149353,0.442261
0.768141,0.068993,0.668423;0.368475,-0.818925,-0.017541,0.439637
0.773463,0.073362,0.660487;0.348011,-0.829283,-0.0201372,0.436775
0.778866,0.0779413,0.65245;0.32736,-0.839192,-0.0227226,0.433677
0.784342,0.0827165,0.644322;0.306532,-0.848647,-0.0252956,0.430345
0.789377,0.0872152,0.636864;0.287452,-0.856845,-0.0276229,0.427113
0.794459,0.0918528,0.629348;0.268245,-0.864659,-0.0299378,0.42369
0.799582,0.0966183,0.621782;0.248917,-0.872087,-0.0322394,0.420078
0.804741,0.101501,0.614175;0.229478,-0.879125,-0.0345266,0.416278
0.81115,0.107675,0.604735;0.210585,-0.885864,-0.0365094,0.411783
0.816079,0.112497,0.597485;0.207814,-0.887694,-0.036187,0.409272
0.821025,0.117399,0.590217;0.20504,-0.889508,-0.0358641,0.406754
0.825986,0.122376,0.582933;0.202262,-0.891306,-0.0355405,0.404228
0.830959,0.127422,0.575637;0.19948,-0.893089,-0.0352163,0.401696
0.835942,0.132533,0.568334;0.196696,-0.894856,-0.0348915,0.399156
0.840932,0.137703,0.561026;0.193907,-0.896608,-0.034566,0.396609
0.845927,0.142929,0.553718;0.191116,-0.898344,-0.03424,0.394056
0.850923,0.148205,0.546412;0.188321,-0.900065,-0.0339134,0.391496
0.85592,0.153526,0.539113;0.185522,-0.901769,-0.0335862,0.388928
0.860913,0.158887,0.531824;0.182721,-0.903458,-0.0332584,0.386355
0.8659,0.164284,0.524549;0.179916,-0.905132,-0.03293,0.383774
0.87088,0.169712,0.517291;0.177108,-0.906789,-0.032601,0.381187
0.875848,0.175166,0.510054;0.174297,-0.908431,-0.0322715,0.378593
0.880803,0.180641,0.502841;0.171483,-0.910057,-0.0319414,0.375992
0.885742,0.186133,0.495656;0.168666,-0.911667,-0.0316108,0.373385
0.890663,0.191636,0.488503;0.165846,-0.913261,-0.0312796,0.370771
0.895562,0.197145,0.481385;0.163023,-0.914839,-0.0309478,0.368151
0.900438,0.202656,0.474307;0.160198,-0.916401,-0.0306155,0.365524
0.905287,0.208164,0.46727;0.157369,-0.917947,-0.0302827,0.362892
0.910108,0.213664,0.46028;0.154538,-0.919478,-0.0299494,0.360252
0.914897,0.219151,0.453339;0.151704,-0.920992,-0.0296155,0.357607
0.92123,0.226439,0.444168;0.147922,-0.922986,-0.0291696,0.35407
0.927496,0.233684,0.4351;0.144134,-0.924951,-0.0287227,0.350522
0.933689,0.240874,0.426144;0.140343,-0.926888,-0.0282749,0.346963
0.939804,0.247999,0.417309;0.136547,-0.928796,-0.0278263,0.343393
0.945834,0.255046,0.408602;0.132747,-0.930675,-0.0273768,0.339813
0.951773,0.262005,0.400032;0.128942,-0.932525,-0.0269265,0.336222
0.957615,0.268863,0.391609;0.125134,-0.934347,-0.0264753,0.332621
0.963354,0.27561,0.383339;0.121322,-0.936139,-0.0260233,0.329009
0.968984,0.282233,0.375233;0.117506,-0.937903,-0.0255705,0.325387
0.974499,0.288721,0.367298;0.113686,-0.939637,-0.0251169,0.321756
0.979893,0.295063,0.359543;0.109863,-0.941342,-0.0246626,0.318114
0.985158,0.301248,0.351976;0.106036,-0.943018,-0.0242074,0.314462
0.990291,0.307263,0.344607;0.102206,-0.944665,-0.0237515,0.310801
0.995284,0.313097,0.337443;0.0983734,-0.946283,-0.0232949,0.30713
1.00013,0.31874,0.330493;0.0945373,-0.947871,-0.0228376,0.303449
1.00598,0.325505,0.322119;0.0897381,-0.949815,-0.0222649,0.298835
1.01157,0.331929,0.314111;0.0849346,-0.951713,-0.0216912,0.294207
1.01691,0.33799,0.306483;0.0801269,-0.953565,-0.0211164,0.289564
1.02197,0.343666,0.299253;0.0753154,-0.955371,-0.0205405,0.284908
1.02766,0.349937,0.291126;0.0695367,-0.957477,-0.0198482,0.279301
1.03293,0.355581,0.283624;0.0637533,-0.959516,-0.0191545,0.273676
1.0385,0.361322,0.275701;0.0570003,-0.96181,-0.0183436,0.267088
1.04408,0.366697,0.267796;0.049276,-0.96432,-0.0174146,0.259529
1.04928,0.371119,0.26045;0.0405789,-0.967001,-0.0163669,0.250986
1.05495,0.374283,0.252499;0.027038,-0.97087,-0.0147322,0.23762
1.05704,0.367282,0.249871;0.00283554,-0.976861,-0.0117995,0.21353
1.05432,0.358282,0.253952;-0.0248492,-0.979245,-0.0243469,0.19967
1.05101,0.349728,0.258802;-0.0674721,-0.978949,-0.0522485,0.185407
1.04758,0.341653,0.263773;-0.10144,-0.97674,-0.0744682,0.173621
1.04395,0.333515,0.269016;-0.131858,-0.973255,-0.094353,0.162747
1.04031,0.325636,0.274247;-0.158736,-0.968971,-0.111914,0.152883
1.03655,0.317733,0.279607;-0.18377,-0.963946,-0.128262,0.143476
1.03277,0.309934,0.284984;-0.206969,-0.95838,-0.143403,0.134565
1.02873,0.301754,0.290697;-0.229986,-0.951972,-0.158419,0.125536
1.02476,0.293838,0.296283;-0.251178,-0.945274,-0.172238,0.117053
1.02092,0.286276,0.301664;-0.270572,-0.938455,-0.184878,0.109144
1.01693,0.278487,0.307245;-0.289791,-0.931032,-0.197399,0.101164
1.01278,0.270485,0.313013;-0.308824,-0.923008,-0.209793,0.0931196
1.00885,0.262978,0.318451;-0.326095,-0.915129,-0.221035,0.0856924
1.00481,0.255319,0.324023;-0.34319,-0.906755,-0.232158,0.0782187
1.00066,0.247521,0.329716;-0.360099,-0.897889,-0.243155,0.0707027
0.996411,0.239595,0.335521;-0.376813,-0.888537,-0.25402,0.0631483
0.992069,0.231554,0.341425;-0.393323,-0.878703,-0.264747,0.0555597
0.988046,0.224156,0.34687;-0.408147,-0.86935,-0.274375,0.0486347
0.983957,0.216682,0.35238;-0.422788,-0.859607,-0.283879,0.041688
0.979806,0.209142,0.357947;-0.43724,-0.84948,-0.293257,0.0347226
0.975597,0.201546,0.363562;-0.451496,-0.838972,-0.302504,0.0277416
0.971337,0.193903,0.369217;-0.46555,-0.828088,-0.311614,0.0207482
0.96703,0.186221,0.374904;-0.479395,-0.816833,-0.320586,0.0137455
0.962681,0.178512,0.380614;-0.493026,-0.805212,-0.329413,0.00673669
0.958294,0.170783,0.386339;-0.506436,-0.793231,-0.338094,-0.000275173
0.953876,0.163044,0.392071;-0.519619,-0.780895,-0.346622,-0.00728691
0.94943,0.155305,0.397801;-0.532569,-0.768208,-0.354996,-0.0142954
0.944962,0.147575,0.403521;-0.545281,-0.755178,-0.36321,-0.0212974
0.940477,0.139863,0.409223;-0.557748,-0.741809,-0.371262,-0.02829
0.93598,0.132179,0.414898;-0.569966,-0.728109,-0.379148,-0.0352698
0.931476,0.124531,0.420538;-0.581928,-0.714082,-0.386863,-0.0422339
0.926969,0.11693,0.426135;-0.59363,-0.699735,-0.394406,-0.049179
0.922464,0.109384,0.431679;-0.605066,-0.685075,-0.401772,-0.0561022
0.917967,0.101904,0.437164;-0.616231,-0.670108,-0.408958,-0.0630002
0.913483,0.0944974,0.442581;-0.62712,-0.654841,-0.41596,-0.0698699
0.909016,0.0871746,0.44792;-0.637728,-0.63928,-0.422777,-0.0767084
0.904129,0.0792272,0.453695;-0.649066,-0.621833,-0.430056,-0.0841909
0.899275,0.0714048,0.459356;-0.660053,-0.60405,-0.437102,-0.0916279
0.894462,0.0637197,0.464892;-0.670683,-0.585938,-0.443911,-0.0990151
0.889695,0.0561844,0.470292;-0.680948,-0.56751,-0.45048,-0.106349
0.884983,0.0488113,0.475544;-0.690845,-0.548773,-0.456804,-0.113625
0.87991,0.0409676,0.481093;-0.701214,-0.527995,-0.463422,-0.121492
0.874918,0.0333478,0.486438;-0.711131,-0.506876,-0.46974,-0.12928
0.870014,0.0259682,0.491566;-0.72059,-0.48543,-0.475755,-0.136986
0.864812,0.0182633,0.49686;-0.730312,-0.461844,-0.481925,-0.145233
0.859735,0.0108797,0.501863;-0.739481,-0.437909,-0.487731,-0.153371
0.85442,0.00331102,0.506905;-0.74873,-0.411762,-0.493569,-0.162004
0.848915,-0.00432926,0.511884;-0.757909,-0.383347,-0.499345,-0.171097
0.84328,-0.0119093,0.516682;-0.766858,-0.352613,-0.50495,-0.180605
0.83758,-0.019277,0.52116;-0.775404,-0.319515,-0.510271,-0.19048
0.831592,-0.0266195,0.525363;-0.783766,-0.282037,-0.515437,-0.201225
0.825204,-0.0338638,0.529096;-0.791865,-0.238075,-0.520376,-0.213259
0.818241,-0.0407696,0.531892;-0.799457,-0.183426,-0.524896,-0.227393
0.810073,-0.0465306,0.532142;-0.805812,-0.10348,-0.528396,-0.246488
0.803127,-0.0460776,0.525384;-0.803714,-0.0692658,-0.537659,-0.245293
0.800451,-0.0407442,0.516082;-0.801192,-0.0527169,-0.544967,-0.241503
0.799578,-0.0348662,0.507691;-0.799261,-0.0411214,-0.54997,-0.238799
0.799412,-0.0285912,0.499429;-0.797497,-0.0311768,-0.554183,-0.23645
0.799728,-0.0213034,0.490306;-0.795633,-0.0212282,-0.558327,-0.23407
0.800322,-0.0145446,0.48213;-0.794004,-0.0129357,-0.561727,-0.232065
0.801184,-0.00723775,0.473505;-0.792305,-0.004642,-0.565078,-0.23004
0.802284,0.000546497,0.464499;-0.790538,0.00365208,-0.568379,-0.227995
0.803591,0.00873754,0.455181;-0.788702,0.0119458,-0.571632,-0.225929
0.804765,0.0155358,0.447548;-0.787183,0.0185801,-0.574198,-0.224263
0.806037,0.0225131,0.439793;-0.785621,0.0252134,-0.576732,-0.222584
0.807391,0.0296333,0.431952;-0.784015,0.0318452,-0.579234,-0.220893
0.808812,0.0368601,0.424059;-0.782366,0.0384753,-0.581704,-0.21919
0.810283,0.0441575,0.41615;-0.780673,0.0451033,-0.584141,-0.217474
0.811789,0.0514894,0.408259;-0.778936,0.0517287,-0.586546,-0.215746
0.813315,0.0588194,0.400421;-0.777156,0.0583512,-0.588918,-0.214006
0.814846,0.0661116,0.392671;-0.775333,0.0649705,-0.591258,-0.212255
0.816364,0.0733298,0.385045;-0.773467,0.0715862,-0.593564,-0.210491
0.817856,0.0804377,0.377576;-0.771557,0.0781979,-0.595837,-0.208716
0.819306,0.0873993,0.3703;-0.769605,0.0848052,-0.598078,-0.206929
0.821034,0.0958404,0.361529;-0.767104,0.0930577,-0.600831,-0.204679
0.82264,0.103926,0.353183;-0.764537,0.101302,-0.603532,-0.202411
0.824095,0.111585,0.345329;-0.761903,0.109538,-0.606181,-0.200126
0.825368,0.118747,0.338035;-0.759202,0.117764,-0.608777,-0.197824
0.826612,0.126586,0.330119;-0.755875,0.127621,-0.611822,-0.195038
0.827607,0.134535,0.322184;-0.751873,0.139102,-0.615278,-0.191757
0.828039,0.141806,0.315061;-0.747143,0.152193,-0.619099,-0.187967
0.826625,0.149034,0.3084;-0.738465,0.175019,-0.625453,-0.181235
0.819243,0.145232,0.313514;-0.725883,0.205804,-0.633394,-0.171901
0.814642,0.139195,0.320168;-0.721017,0.217083,-0.63612,-0.168407
0.809792,0.131799,0.328143;-0.716748,0.226721,-0.63837,-0.16539
0.80507,0.123976,0.33648;-0.713122,0.234731,-0.640183,-0.162859
0.801062,0.116998,0.343865;-0.712372,0.246629,-0.636698,-0.162221
0.79725,0.110149,0.351081;-0.714756,0.266442,-0.625569,-0.163695
0.793594,0.103424,0.358146;-0.716581,0.284154,-0.615272,-0.164948
0.78974,0.0962002,0.365717;-0.718102,0.301745,-0.604714,-0.166131
0.786159,0.0893837,0.372849;-0.719198,0.317274,-0.595114,-0.167123
0.782444,0.0822172,0.380337;-0.720053,0.332697,-0.585314,-0.16806
0.779091,0.0756761,0.387164;-0.720603,0.346101,-0.576577,-0.168833
0.775651,0.0688973,0.394233;-0.720967,0.359416,-0.567693,-0.169562
0.77213,0.061895,0.401528;-0.721147,0.372638,-0.558662,-0.170248
0.768536,0.0546834,0.409038;-0.721141,0.385765,-0.549489,-0.170891
0.764875,0.0472765,0.416745;-0.72095,0.398792,-0.540174,-0.171489
0.761155,0.0396886,0.424638;-0.720573,0.411718,-0.53072,-0.172043
0.757924,0.0330512,0.431539;-0.720104,0.422712,-0.522508,-0.172483
0.75466,0.0263001,0.438556;-0.719498,0.433627,-0.514198,-0.172891
0.751366,0.0194441,0.44568;-0.718756,0.44446,-0.50579,-0.173266
0.748047,0.0124921,0.452902;-0.717879,0.455209,-0.497287,-0.173608
0.744708,0.0054531,0.460213;-0.716866,0.465873,-0.488691,-0.173917
0.741353,-0.00166406,0.467604;-0.715718,0.476448,-0.480002,-0.174194
0.737986,-0.00885047,0.475067;-0.714435,0.486933,-0.471222,-0.174437
0.734611,-0.0160972,0.482591;-0.713017,0.497327,-0.462354,-0.174648
0.731234,-0.0233954,0.490168;-0.711465,0.507626,-0.453398,-0.174826
0.727859,-0.0307362,0.497789;-0.709778,0.51783,-0.444356,-0.17497
0.72449,-0.0381106,0.505446;-0.707957,0.527936,-0.435231,-0.175082
0.721132,-0.0455097,0.513128;-0.706003,0.537943,-0.426024,-0.175161
0.717789,-0.0529247,0.520827;-0.703915,0.547848,-0.416736,-0.175207
0.714466,-0.0603467,0.528534;-0.701695,0.557649,-0.40737,-0.175219
0.711166,-0.0677666,0.53624;-0.699342,0.567346,-0.397926,-0.175199
0.707895,-0.0751757,0.543937;-0.696857,0.576935,-0.388408,-0.175145
0.704657,-0.0825651,0.551614;-0.694241,0.586415,-0.378816,-0.175058
0.701457,-0.0899257,0.559263;-0.691493,0.595785,-0.369153,-0.174939
0.698298,-0.0972488,0.566875;-0.688615,0.605042,-0.35942,-0.174786
0.695186,-0.104525,0.574441;-0.685607,0.614185,-0.34962,-0.1746
0.692125,-0.111747,0.581952;-0.68247,0.623212,-0.339753,-0.174382
0.689119,-0.118904,0.589399;-0.679204,0.632122,-0.329822,-0.17413
0.686173,-0.125988,0.596773;-0.67581,0.640912,-0.319829,-0.173846
0.683291,-0.132989,0.604064;-0.672288,0.649581,-0.309776,-0.173529
0.680477,-0.1399,0.611265;-0.668639,0.658128,-0.299664,-0.173179
0.677737,-0.146711,0.618366;-0.664864,0.66655,-0.289495,-0.172796
0.675075,-0.153413,0.625357;-0.660964,0.674847,-0.279272,-0.172381
0.672072,-0.161083,0.633364;-0.656256,0.684365,-0.267279,-0.171855
0.669189,-0.168578,0.641196;-0.651379,0.693708,-0.255217,-0.171286
0.666431,-0.175885,0.648839;-0.646335,0.702872,-0.243089,-0.170672
0.663806,-0.18299,0.656278;-0.641125,0.711856,-0.230899,-0.170014
0.661321,-0.189877,0.663499;-0.635751,0.720657,-0.21865,-0.169313
0.658662,-0.197466,0.671466;-0.629408,0.730488,-0.204582,-0.168458
0.656206,-0.204731,0.679109;-0.622855,0.740074,-0.190445,-0.167547
0.653963,-0.211653,0.686405;-0.616092,0.749412,-0.176245,-0.16658
0.651707,-0.219003,0.694174;-0.608238,0.759617,-0.160199,-0.165425
0.64975,-0.225861,0.701447;-0.600125,0.769499,-0.144085,-0.164199
0.647944,-0.232868,0.708911;-0.590811,0.780095,-0.126109,-0.162756
0.646429,-0.239782,0.716321;-0.580209,0.791279,-0.10626,-0.16107
0.645312,-0.246809,0.723925;-0.567205,0.803849,-0.0827156,-0.158946
0.645002,-0.253629,0.73144;-0.550512,0.81834,-0.0536396,-0.156138
0.647214,-0.259993,0.738894;-0.52182,0.839538,-0.00625499,-0.151131
0.656063,-0.258208,0.738483;-0.480297,0.863365,0.0575364,-0.143548
0.66303,-0.252581,0.733479;-0.458999,0.872946,0.0884128,-0.139529
0.669075,-0.246582,0.727902;-0.443544,0.878914,0.11013,-0.136565
0.674855,-0.240243,0.721901;-0.430409,0.883381,0.128165,-0.134015
0.680652,-0.233459,0.715411;-0.418395,0.887005,0.144339,-0.131661
0.686291,-0.226547,0.708752;-0.407566,0.88991,0.158665,-0.129521
0.691609,-0.219799,0.702219;-0.397978,0.892207,0.171157,-0.127613
0.696458,-0.213486,0.696084;-0.389678,0.893994,0.181829,-0.125952
0.70158,-0.206673,0.689446;-0.381305,0.895612,0.192467,-0.124267
0.70698,-0.199352,0.682294;-0.37286,0.897061,0.203068,-0.122558
0.711695,-0.192857,0.675936;-0.365769,0.898139,0.211874,-0.121116
0.716608,-0.185999,0.669211;-0.35863,0.899099,0.220651,-0.119659
0.721723,-0.17877,0.662113;-0.351443,0.899942,0.2294,-0.118186
0.727041,-0.171168,0.654636;-0.344211,0.900666,0.238119,-0.116697
0.732565,-0.163186,0.646777;-0.336934,0.901273,0.246806,-0.115193
0.737135,-0.156524,0.64021;-0.33108,0.901673,0.253733,-0.113979
0.741839,-0.149613,0.633392;-0.325198,0.901998,0.260639,-0.112755
0.74668,-0.142451,0.626319;-0.319289,0.902247,0.267522,-0.111522
0.751659,-0.135034,0.618991;-0.313354,0.90242,0.274383,-0.11028
0.756776,-0.127361,0.611402;-0.307392,0.902517,0.281221,-0.109028
0.762034,-0.119429,0.603552;-0.301404,0.902539,0.288036,-0.107767
0.767433,-0.111234,0.595438;-0.295391,0.902485,0.294826,-0.106497
0.772975,-0.102775,0.587056;-0.289353,0.902356,0.301592,-0.105219
0.777226,-0.0962553,0.580592;-0.284809,0.902209,0.30665,-0.104254
0.781558,-0.0895843,0.573976;-0.280251,0.902019,0.311693,-0.103284
0.785973,-0.0827607,0.567205;-0.27568,0.901787,0.316721,-0.102309
0.790471,-0.0757834,0.560279;-0.271096,0.901513,0.321735,-0.10133
0.795052,-0.0686514,0.553197;-0.2665,0.901196,0.326733,-0.100345
0.799717,-0.0613634,0.545958;-0.26189,0.900836,0.331716,-0.0993564
0.804467,-0.0539185,0.53856;-0.257269,0.900434,0.336684,-0.0983627
0.808867,-0.0469995,0.531682;-0.253048,0.900031,0.341194,-0.0974535
