1.03309,0.0746194,0.262733;-0.261943,0.936292,0.232306,-0.0278665
1.02825,0.0790542,0.270948;-0.26985,0.934292,0.231381,-0.0272269
1.02345,0.0834696,0.279071;-0.27774,0.932229,0.230441,-0.0265854
1.01871,0.0878658,0.287101;-0.28561,0.930102,0.229486,-0.0259422
1.01401,0.0922425,0.295039;-0.293461,0.927913,0.228514,-0.0252972
1.00937,0.0965999,0.302886;-0.301292,0.92566,0.227528,-0.0246504
1.00477,0.100938,0.310642;-0.309103,0.923345,0.226526,-0.024002
0.999084,0.106333,0.32021;-0.318837,0.920363,0.225251,-0.0231892
0.993476,0.111698,0.329637;-0.328537,0.917283,0.223953,-0.022374
0.987943,0.117033,0.338924;-0.338202,0.914106,0.222631,-0.0215563
0.982482,0.122337,0.348072;-0.347831,0.910833,0.221286,-0.0207364
0.977095,0.127611,0.357082;-0.357424,0.907462,0.219917,-0.0199143
0.97178,0.132854,0.365954;-0.366979,0.903996,0.218525,-0.0190901
0.966537,0.138067,0.37469;-0.376494,0.900434,0.21711,-0.0182639
0.961367,0.14325,0.38329;-0.38597,0.896777,0.215671,-0.0174357
0.956268,0.148402,0.391756;-0.395406,0.893024,0.21421,-0.0166057
0.95124,0.153524,0.400087;-0.404799,0.889178,0.212726,-0.0157739
0.946282,0.158615,0.408285;-0.414149,0.885236,0.21122,-0.0149405
0.941395,0.163676,0.416351;-0.423455,0.881201,0.209691,-0.0141055
0.936578,0.168707,0.424285;-0.432717,0.877073,0.20814,-0.013269
0.93183,0.173706,0.432088;-0.441933,0.872852,0.206567,-0.012431
0.927151,0.178676,0.439762;-0.451102,0.868538,0.204972,-0.0115918
0.922541,0.183614,0.447306;-0.460223,0.864133,0.203356,-0.0107513
0.917099,0.189501,0.45619;-0.471104,0.858725,0.201388,-0.00974126
0.911755,0.195343,0.46489;-0.481913,0.853187,0.199389,-0.00872972
0.906507,0.201141,0.473409;-0.492649,0.847518,0.197359,-0.00771684
0.901356,0.206894,0.481747;-0.503309,0.84172,0.195299,-0.00670279
0.8963,0.212604,0.489906;-0.513893,0.835794,0.19321,-0.00568771
0.891339,0.21827,0.497887;-0.524398,0.82974,0.191091,-0.00467177
0.886472,0.223891,0.505693;-0.534823,0.82356,0.188943,-0.00365511
0.881699,0.229468,0.513323;-0.545167,0.817254,0.186767,-0.0026379
0.877018,0.235001,0.52078;-0.555428,0.810823,0.184561,-0.00162028
0.87243,0.24049,0.528066;-0.565604,0.804269,0.182328,-0.000602418
0.867933,0.245934,0.535181;-0.575693,0.797592,0.180067,0.000415537
0.862801,0.25223,0.543268;-0.587353,0.789649,0.177394,0.00160306
0.857791,0.258465,0.551127;-0.598892,0.781541,0.174684,0.00279025
0.852902,0.26464,0.55876;-0.610305,0.773271,0.171938,0.00397686
0.848134,0.270754,0.566171;-0.621592,0.764841,0.169157,0.00516265
0.843485,0.276808,0.57336;-0.632751,0.756252,0.16634,0.00634736
0.838953,0.282801,0.580331;-0.643777,0.747506,0.163489,0.00753076
0.834539,0.288733,0.587085;-0.65467,0.738605,0.160604,0.00871259
0.829635,0.295439,0.594541;-0.666953,0.728245,0.157265,0.010061
0.824881,0.302065,0.601722;-0.679055,0.717687,0.153885,0.0114067
0.820275,0.308612,0.608629;-0.690972,0.706934,0.150462,0.0127493
0.815815,0.315079,0.615266;-0.702703,0.69599,0.146999,0.0140885
0.8115,0.321467,0.621637;-0.714242,0.684857,0.143496,0.0154238
0.806816,0.328559,0.628491;-0.726993,0.67211,0.139508,0.0169211
0.802311,0.335549,0.635016;-0.739494,0.659133,0.135473,0.0184125
0.797982,0.342438,0.641218;-0.751741,0.64593,0.131391,0.0198976
0.793375,0.349975,0.647736;-0.765047,0.631,0.126803,0.0215397
0.788981,0.357386,0.653868;-0.778028,0.615802,0.122161,0.0231727
0.784795,0.364672,0.65962;-0.790679,0.600344,0.117467,0.0247958
0.780427,0.372543,0.665517;-0.804209,0.583046,0.112246,0.0265691
0.776303,0.380261,0.67097;-0.817326,0.56545,0.106968,0.0283288
0.772077,0.388509,0.676425;-0.831158,0.545923,0.101148,0.0302319
0.768131,0.396575,0.681375;-0.844482,0.526063,0.0952657,0.0321165
0.764165,0.405109,0.68618;-0.858336,0.504187,0.088828,0.034136
0.760514,0.41343,0.690421;-0.871574,0.481949,0.0823267,0.0361311
0.756927,0.422153,0.694372;-0.885133,0.457616,0.0752595,0.0382507
0.753469,0.431224,0.697918;-0.898844,0.431123,0.0676183,0.0404863
0.750208,0.440586,0.700941;-0.912525,0.402412,0.0593968,0.0428285
0.747214,0.450177,0.703323;-0.925976,0.371429,0.0505911,0.045266
0.744555,0.459933,0.704949;-0.938983,0.338128,0.0412001,0.0477865
0.742297,0.469783,0.705707;-0.951313,0.302475,0.0312263,0.0503758
0.740506,0.479654,0.705491;-0.96272,0.264446,0.0206763,0.053018
0.739201,0.489922,0.704113;-0.973383,0.2221,0.00903146,0.0558205
0.738544,0.499993,0.70147;-0.982396,0.177343,-0.00316208,0.058628
0.738572,0.509386,0.697677;-0.989208,0.132189,-0.0153485,0.0613041
0.739247,0.518097,0.692815;-0.993803,0.0867383,-0.0275006,0.0638428
0.740529,0.526126,0.686963;-0.996171,0.0410935,-0.039591,0.0662384
0.742379,0.53347,0.680202;-0.996306,-0.00464337,-0.0515927,0.0684856
0.744759,0.540128,0.672612;-0.994209,-0.0503699,-0.0634788,0.0705793
0.747495,0.545854,0.664651;-0.990118,-0.094004,-0.0747153,0.072434
0.750645,0.550949,0.656075;-0.983997,-0.137445,-0.0857987,0.0741402
0.754008,0.555223,0.64738;-0.976272,-0.178651,-0.0962145,0.0756271
0.757505,0.558757,0.638695;-0.967219,-0.217584,-0.105967,0.0769119
0.761344,0.561821,0.629482;-0.966913,-0.218807,-0.106259,0.0768864
0.765494,0.564372,0.619822;-0.971858,-0.198631,-0.101196,0.0761368
0.769482,0.566211,0.610783;-0.975968,-0.18021,-0.0965528,0.0754251
0.773665,0.567595,0.601522;-0.979708,-0.16172,-0.0918732,0.0746849
0.778033,0.568528,0.592063;-0.983078,-0.14317,-0.0871589,0.0739164
0.782576,0.569013,0.582428;-0.986076,-0.124565,-0.0824117,0.0731199
0.787284,0.569054,0.572639;-0.988701,-0.105913,-0.0776332,0.0722958
0.792146,0.568654,0.56272;-0.990951,-0.0872214,-0.0728254,0.0714444
0.796645,0.56792,0.5537;-0.992657,-0.0703702,-0.0684748,0.070655
0.801255,0.566833,0.544609;-0.994058,-0.0534976,-0.0641031,0.0698439
0.805966,0.565397,0.535463;-0.995154,-0.0366085,-0.0597119,0.0690114
0.810773,0.563613,0.52628;-0.995946,-0.0197082,-0.0553023,0.0681578
0.815667,0.561485,0.517075;-0.996432,-0.0028019,-0.0508758,0.0672833
0.820641,0.559014,0.507865;-0.996613,0.0141053,-0.0464337,0.0663882
0.825689,0.556203,0.498667;-0.996489,0.0310081,-0.0419774,0.0654727
0.830802,0.553054,0.489497;-0.996059,0.0479015,-0.0375082,0.0645372
0.835972,0.549571,0.480372;-0.995324,0.0647802,-0.0330275,0.0635819
0.841194,0.545755,0.471308;-0.994284,0.081639,-0.0285367,0.0626071
0.846459,0.541608,0.462322;-0.99294,0.0984728,-0.0240372,0.0616131
0.85117,0.537647,0.454413;-0.991489,0.113411,-0.0200313,0.0607137
0.855904,0.533429,0.44659;-0.989798,0.128322,-0.0160207,0.0597996
0.860656,0.528955,0.438865;-0.987868,0.143201,-0.0120061,0.0588711
0.865422,0.524227,0.431249;-0.985699,0.158046,-0.00798867,0.0579283
0.870195,0.519247,0.423754;-0.983291,0.172853,-0.00396928,0.0569714
0.87497,0.514016,0.416391;-0.980644,0.187618,5.10706e-05,0.0560008
0.879744,0.508537,0.409173;-0.977761,0.202338,0.00407141,0.0550166
0.884509,0.502811,0.40211;-0.97464,0.217008,0.00809076,0.0540191
0.889262,0.496839,0.395214;-0.971284,0.231626,0.0121082,0.0530085
0.893997,0.490624,0.388498;-0.967693,0.246188,0.0161226,0.0519851
0.898708,0.484167,0.381972;-0.963867,0.26069,0.0201332,0.050949
0.903391,0.477469,0.375648;-0.959808,0.275129,0.0241389,0.0499007
0.908041,0.470533,0.369538;-0.955516,0.289502,0.0281387,0.0488403
0.912652,0.46336,0.363653;-0.950994,0.303804,0.0321317,0.047768
0.917219,0.455952,0.358005;-0.94624,0.318033,0.036117,0.0466842
0.921738,0.448311,0.352605;-0.941258,0.332185,0.0400935,0.0455891
0.926202,0.440438,0.347466;-0.936048,0.346257,0.0440603,0.0444829
0.930606,0.432335,0.342599;-0.930612,0.360244,0.0480164,0.043366
0.934947,0.424004,0.338014;-0.92495,0.374145,0.0519609,0.0422385
0.939217,0.415446,0.333725;-0.919064,0.387955,0.0558928,0.0411009
0.943413,0.406663,0.329742;-0.912955,0.40167,0.0598112,0.0399533
0.947529,0.397657,0.326078;-0.906626,0.415289,0.0637152,0.038796
0.951559,0.38843,0.322743;-0.900077,0.428807,0.0676036,0.0376293
0.955499,0.378983,0.31975;-0.89331,0.442222,0.0714758,0.0364535
0.959344,0.369318,0.317109;-0.886327,0.455529,0.0753306,0.0352689
0.963088,0.359437,0.314833;-0.879129,0.468726,0.0791671,0.0340758
0.966726,0.349341,0.312934;-0.871718,0.481809,0.0829845,0.0328744
0.970253,0.339032,0.311422;-0.864097,0.494776,0.0867819,0.031665
0.973337,0.329547,0.310399;-0.865531,0.492758,0.0857795,0.0262073
0.976551,0.319143,0.309658;-0.872974,0.480605,0.0814876,0.0171698
0.979651,0.308561,0.309277;-0.880153,0.468306,0.0771709,0.00812711
0.982637,0.29781,0.309245;-0.887064,0.455865,0.0728309,-0.000918052
0.985193,0.288124,0.309497;-0.892982,0.44469,0.0689545,-0.00895805
0.987657,0.278325,0.310004;-0.898685,0.433408,0.0650615,-0.0169959
0.990027,0.268421,0.310757;-0.904174,0.422023,0.061153,-0.0250297
0.992302,0.25842,0.311747;-0.909446,0.410537,0.0572299,-0.0330575
0.994482,0.248333,0.312964;-0.9145,0.398952,0.053293,-0.0410773
0.996566,0.238166,0.3144;-0.919335,0.387272,0.0493433,-0.0490873
0.998553,0.227931,0.316044;-0.923949,0.375499,0.0453819,-0.0570856
1.00044,0.217634,0.317887;-0.928343,0.363636,0.0414096,-0.0650702
1.00223,0.207284,0.319921;-0.932514,0.351686,0.0374273,-0.0730392
1.00392,0.196892,0.322136;-0.936461,0.339651,0.0334361,-0.0809907
1.00551,0.186464,0.324522;-0.940184,0.327536,0.0294369,-0.0889228
1.007,0.176011,0.327071;-0.943682,0.315342,0.0254306,-0.0968336
1.00838,0.16554,0.329773;-0.946954,0.303072,0.0214182,-0.104721
1.00966,0.155061,0.332619;-0.949999,0.29073,0.0174007,-0.112584
1.01084,0.144582,0.335599;-0.952817,0.278318,0.013379,-0.120419
1.01191,0.134112,0.338705;-0.955406,0.265839,0.00935416,-0.128226
1.01288,0.123659,0.341927;-0.957766,0.253297,0.00532704,-0.136002
1.01373,0.113234,0.345255;-0.959897,0.240694,0.00129865,-0.143745
1.01448,0.102843,0.348682;-0.961798,0.228033,-0.00273005,-0.151454
1.01513,0.0924966,0.352196;-0.963468,0.215318,-0.0067581,-0.159127
1.01566,0.0822028,0.35579;-0.964908,0.202551,-0.0107845,-0.166761
1.01608,0.0719705,0.359453;-0.966117,0.189735,-0.0148084,-0.174356
1.01639,0.0618085,0.363177;-0.967094,0.176874,-0.0188287,-0.181909
1.01658,0.0517255,0.366952;-0.967839,0.163971,-0.0228445,-0.189418
1.01667,0.0417302,0.370769;-0.968353,0.151029,-0.0268548,-0.196882
1.01664,0.0318314,0.374618;-0.968634,0.13805,-0.0308587,-0.204299
1.01649,0.0220379,0.378491;-0.968684,0.125038,-0.0348552,-0.211667
1.01623,0.0123584,0.382378;-0.968501,0.111997,-0.0388433,-0.218984
1.01585,0.0028017,0.38627;-0.968086,0.098928,-0.0428221,-0.226248
1.01535,-0.00662351,0.390158;-0.96744,0.0858358,-0.0467907,-0.233459
1.01474,-0.0159085,0.394032;-0.966562,0.0727229,-0.0507481,-0.240613
1.0139,-0.0261755,0.398362;-0.965297,0.0579504,-0.0551855,-0.248593
1.01291,-0.0362414,0.40265;-0.963739,0.0431602,-0.0596063,-0.256497
1.01177,-0.0460938,0.406882;-0.96189,0.028357,-0.0640089,-0.264324
1.01047,-0.0557203,0.411046;-0.959748,0.0135451,-0.0683922,-0.27207
1.00902,-0.0651082,0.415128;-0.957316,-0.00127082,-0.0727547,-0.279734
1.0074,-0.0742453,0.419115;-0.954593,-0.0160864,-0.0770951,-0.287314
1.00542,-0.0840882,0.423417;-0.951229,-0.0325422,-0.0818904,-0.295633
1.00325,-0.0935889,0.427568;-0.947508,-0.0489858,-0.086655,-0.303841
1.00087,-0.10273,0.431549;-0.943433,-0.0654111,-0.0913872,-0.311936
0.998023,-0.11235,0.43571;-0.938542,-0.0834505,-0.096553,-0.320705
0.994929,-0.121492,0.43962;-0.933227,-0.101452,-0.101675,-0.329329
0.99127,-0.130893,0.44357;-0.926946,-0.121037,-0.10721,-0.338567
0.987311,-0.139668,0.447161;-0.920165,-0.140557,-0.112687,-0.347622
0.982682,-0.148434,0.450609;-0.91226,-0.161618,-0.118553,-0.35722
0.977295,-0.156971,0.453764;-0.903102,-0.184185,-0.124785,-0.367303
0.971056,-0.165026,0.456447;-0.892554,-0.208212,-0.131361,-0.377808
0.964176,-0.172033,0.458382;-0.880999,-0.232585,-0.137966,-0.388214
0.95514,-0.178821,0.45958;-0.885508,-0.220225,-0.138764,-0.384865
0.945419,-0.183775,0.459601;-0.889853,-0.207825,-0.139537,-0.381445
0.935092,-0.186976,0.458568;-0.894033,-0.195386,-0.140284,-0.377955
0.924235,-0.188506,0.456605;-0.898048,-0.182911,-0.141005,-0.374394
0.914361,-0.188539,0.454219;-0.901425,-0.171967,-0.141614,-0.371222
0.904194,-0.18741,0.451297;-0.904674,-0.161,-0.142203,-0.367997
0.893785,-0.185175,0.44792;-0.907795,-0.150009,-0.142772,-0.36472
0.884709,-0.182419,0.444727;-0.910368,-0.140572,-0.143244,-0.36187
0.875527,-0.178926,0.441311;-0.912847,-0.131119,-0.143701,-0.358983
0.86627,-0.174729,0.437726;-0.91523,-0.121654,-0.144143,-0.356058
0.856972,-0.169862,0.434023;-0.917518,-0.112175,-0.14457,-0.353096
0.847665,-0.164361,0.430253;-0.919711,-0.102685,-0.144982,-0.350097
0.838383,-0.15826,0.426469;-0.921808,-0.0931845,-0.145379,-0.347062
0.829156,-0.151593,0.422722;-0.923809,-0.083674,-0.14576,-0.343991
0.821535,-0.145631,0.419665;-0.925403,-0.075742,-0.146067,-0.341404
0.813995,-0.139319,0.4167;-0.92693,-0.0678044,-0.146363,-0.338793
0.806554,-0.132679,0.413857;-0.928391,-0.059862,-0.146648,-0.336157
0.799233,-0.125731,0.411166;-0.929784,-0.0519152,-0.146923,-0.333497
0.792049,-0.118493,0.408656;-0.93111,-0.0439647,-0.147187,-0.330813
0.785023,-0.110987,0.406358;-0.932369,-0.036011,-0.14744,-0.328105
0.778172,-0.103232,0.404302;-0.93356,-0.0280547,-0.147683,-0.325373
0.771515,-0.0952476,0.402517;-0.934684,-0.0200964,-0.147915,-0.322618
0.765073,-0.0870549,0.401034;-0.935741,-0.0121367,-0.148137,-0.319839
0.758863,-0.0786734,0.399882;-0.93673,-0.00417602,-0.148348,-0.317037
0.752904,-0.070123,0.399092;-0.937651,0.00378493,-0.148548,-0.314213
0.747216,-0.0614239,0.398693;-0.938505,0.0117456,-0.148737,-0.311366
0.741818,-0.0525959,0.398716;-0.93929,0.0197054,-0.148916,-0.308496
0.736727,-0.0436591,0.399191;-0.940008,0.0276638,-0.149084,-0.305604
0.731964,-0.0346334,0.400146;-0.940658,0.0356202,-0.149241,-0.302689
0.727548,-0.0255389,0.401613;-0.94124,0.043574,-0.149387,-0.299753
0.723496,-0.0163955,0.403622;-0.941754,0.0515247,-0.149523,-0.296796
0.719828,-0.00722331,0.406201;-0.9422,0.0594717,-0.149647,-0.293817
0.716564,0.00195781,0.409382;-0.942578,0.0674143,-0.149761,-0.290816
0.713721,0.0111278,0.413195;-0.942888,0.0753521,-0.149864,-0.287795
0.71132,0.0202667,0.417668;-0.943129,0.0832845,-0.149956,-0.284753
0.709466,0.0288777,0.422534;-0.945403,0.0989692,-0.144148,-0.275026
0.708011,0.0374903,0.428003;-0.947718,0.116464,-0.136967,-0.263643
0.70695,0.0460695,0.43399;-0.949565,0.133901,-0.129719,-0.25213
0.706271,0.054624,0.440434;-0.950945,0.151273,-0.122406,-0.240493
0.705959,0.0631625,0.447274;-0.951856,0.16857,-0.115034,-0.228737
0.705983,0.0709183,0.453783;-0.952278,0.184222,-0.108282,-0.217953
0.70629,0.0786746,0.46052;-0.952312,0.1998,-0.101486,-0.207079
0.706869,0.0864381,0.467441;-0.951959,0.215296,-0.094649,-0.196121
0.707711,0.0942154,0.474497;-0.951218,0.230705,-0.0877734,-0.185084
0.708804,0.102013,0.481644;-0.950089,0.24602,-0.080862,-0.173971
0.710139,0.109837,0.488834;-0.948574,0.261234,-0.0739177,-0.162787
0.711706,0.117695,0.496022;-0.946673,0.276343,-0.0669434,-0.151537
0.713493,0.125593,0.50316;-0.944386,0.291339,-0.0599418,-0.140225
0.715492,0.133537,0.510203;-0.941715,0.306216,-0.0529158,-0.128856
0.717692,0.141535,0.517103;-0.938661,0.320968,-0.0458682,-0.117435
0.720083,0.149592,0.523815;-0.935225,0.33559,-0.038802,-0.105966
0.722654,0.157715,0.530293;-0.931407,0.350075,-0.0317199,-0.0944535
0.725395,0.165912,0.536489;-0.927211,0.364418,-0.024625,-0.0829028
0.728297,0.174187,0.542357;-0.922637,0.378612,-0.01752,-0.0713184
0.731349,0.182549,0.547852;-0.917688,0.392653,-0.010408,-0.0597049
0.73454,0.191003,0.552926;-0.912365,0.406533,-0.00329163,-0.0480671
0.737861,0.199557,0.557534;-0.90667,0.420248,0.00382604,-0.0364098
0.741301,0.208215,0.561628;-0.900607,0.433792,0.0109422,-0.0247376
0.74485,0.216987,0.565163;-0.894177,0.447159,0.0180538,-0.0130554
0.748499,0.225877,0.568092;-0.887383,0.460345,0.0251581,-0.00136784
0.752236,0.234892,0.570368;-0.880227,0.473342,0.0322522,0.0103203
0.756051,0.244039,0.571946;-0.872714,0.486148,0.0393331,0.0220042
0.759935,0.253325,0.572779;-0.864845,0.498755,0.0463981,0.0336791
0.763878,0.262756,0.57282;-0.856624,0.511159,0.0534441,0.0453404
0.767868,0.272339,0.572024;-0.848054,0.523355,0.0604684,0.0569831
0.771896,0.282079,0.570343;-0.839139,0.535338,0.067468,0.0686027
0.775951,0.291985,0.567731;-0.829883,0.547103,0.0744402,0.0801944
0.779616,0.301046,0.564547;-0.821263,0.557502,0.0806894,0.0905991
0.783288,0.310251,0.560537;-0.812372,0.567716,0.0869119,0.100974
0.786959,0.319604,0.555669;-0.803214,0.577744,0.0931058,0.111315
0.790215,0.328046,0.550593;-0.79485,0.586497,0.0985858,0.120477
0.79346,0.336613,0.544787;-0.78628,0.595098,0.10404,0.129608
0.796688,0.345308,0.538229;-0.777505,0.603543,0.109467,0.138704
0.799494,0.353023,0.531854;-0.76966,0.610804,0.114193,0.146634
0.80228,0.36084,0.524868;-0.761662,0.617943,0.118895,0.154535
0.805041,0.368763,0.517256;-0.753512,0.624959,0.123574,0.162405
0.807387,0.375639,0.510221;-0.746407,0.630873,0.127565,0.169125
0.80971,0.382595,0.502704;-0.739192,0.636695,0.131537,0.17582
0.812009,0.389633,0.494694;-0.731869,0.642424,0.13549,0.182489
0.81428,0.396753,0.486183;-0.724438,0.648058,0.139424,0.189132
0.816523,0.403958,0.477159;-0.716902,0.653598,0.143336,0.195747
0.818368,0.410028,0.469242;-0.710541,0.658141,0.146581,0.201237
0.820191,0.416158,0.460955;-0.704108,0.662617,0.14981,0.206707
0.821989,0.422349,0.452295;-0.697603,0.667026,0.153025,0.212156
0.823762,0.428602,0.443254;-0.691027,0.671367,0.156224,0.217584
0.825507,0.434918,0.433828;-0.684381,0.675639,0.159406,0.222989
0.827225,0.441298,0.424011;-0.677665,0.679843,0.162573,0.228372
0.828914,0.447743,0.413796;-0.67088,0.683977,0.165723,0.233731
0.830243,0.452945,0.405334;-0.665404,0.687235,0.168231,0.238001
