1.01236,0.222828,0.658481;0.942225,0.212827,-0.231301,0.115827
1.00309,0.213795,0.656439;0.943785,0.205021,-0.23133,0.11714
0.993951,0.204856,0.654422;0.945284,0.197201,-0.231345,0.118445
0.98494,0.196009,0.652432;0.946721,0.189368,-0.231344,0.119743
0.976056,0.187255,0.650468;0.948097,0.181523,-0.231329,0.121032
0.9673,0.178592,0.648529;0.949411,0.173666,-0.231298,0.122314
0.958671,0.170021,0.646616;0.950663,0.165798,-0.231252,0.123588
0.950168,0.161541,0.644729;0.951853,0.157919,-0.231192,0.124854
0.941791,0.153151,0.642867;0.952981,0.15003,-0.231116,0.126112
0.933538,0.144851,0.64103;0.954047,0.142131,-0.231025,0.127361
0.92541,0.136641,0.639218;0.955051,0.134223,-0.230919,0.128602
0.917404,0.12852,0.637432;0.955993,0.126306,-0.230798,0.129835
0.909521,0.120487,0.63567;0.956872,0.118381,-0.230662,0.131059
0.90176,0.112543,0.633933;0.957689,0.110448,-0.230511,0.132275
0.894121,0.104687,0.632221;0.958444,0.102508,-0.230345,0.133482
0.886601,0.0969173,0.630533;0.959137,0.0945611,-0.230164,0.134681
0.879201,0.0892349,0.628869;0.959767,0.0866081,-0.229968,0.135871
0.871921,0.0816389,0.627229;0.960335,0.0786496,-0.229757,0.137052
0.864758,0.0741288,0.625614;0.96084,0.0706859,-0.229531,0.138224
0.857713,0.0667041,0.624022;0.961282,0.0627176,-0.229291,0.139387
0.850785,0.0593644,0.622454;0.961662,0.0547453,-0.229035,0.14054
0.843973,0.0521093,0.620909;0.96198,0.0467694,-0.228764,0.141685
0.835621,0.0431587,0.619012;0.962288,0.0367952,-0.228405,0.143103
0.827447,0.0343385,0.617151;0.962499,0.0268174,-0.228022,0.144507
0.819451,0.025648,0.615326;0.962612,0.0168368,-0.227617,0.145895
0.811631,0.0170862,0.613537;0.962627,0.00685445,-0.227188,0.147269
0.803986,0.00865222,0.611783;0.962544,-0.00312856,-0.226736,0.148628
0.796514,0.000345221,0.610065;0.962363,-0.0131112,-0.226261,0.149972
0.789214,-0.00783571,0.608382;0.962084,-0.0230926,-0.225763,0.1513
0.782085,-0.0158915,0.606733;0.961708,-0.0330716,-0.225242,0.152614
0.775125,-0.0238229,0.605119;0.961233,-0.0430472,-0.224698,0.153911
0.768332,-0.031631,0.60354;0.960661,-0.0530185,-0.224131,0.155193
0.761707,-0.0393165,0.601994;0.959991,-0.0629844,-0.223541,0.156459
0.755246,-0.0468804,0.600482;0.959223,-0.0729438,-0.222929,0.15771
0.747708,-0.0557978,0.598711;0.958173,-0.0848853,-0.222164,0.159189
0.740404,-0.0645429,0.596989;0.956983,-0.0968144,-0.221367,0.160644
0.733331,-0.0731172,0.595313;0.955653,-0.108729,-0.220538,0.162077
0.726486,-0.0815222,0.593684;0.954182,-0.120628,-0.219676,0.163485
0.719866,-0.0897595,0.592102;0.952572,-0.132509,-0.218781,0.16487
0.713471,-0.0978307,0.590565;0.950823,-0.144371,-0.217855,0.16623
0.707296,-0.105737,0.589073;0.948934,-0.156212,-0.216897,0.167566
0.700369,-0.114755,0.58739;0.946554,-0.169997,-0.215739,0.169094
0.693735,-0.123554,0.585767;0.943986,-0.183748,-0.214538,0.170588
0.687392,-0.132135,0.584203;0.94123,-0.197463,-0.213295,0.172048
0.681334,-0.140502,0.582698;0.938286,-0.211138,-0.212008,0.173474
0.675559,-0.148657,0.581252;0.935155,-0.224771,-0.21068,0.174865
0.6693,-0.157719,0.579669;0.931348,-0.240297,-0.20911,0.176412
0.663399,-0.166512,0.578159;0.927299,-0.25576,-0.207486,0.177913
0.65785,-0.175037,0.576723;0.923008,-0.271157,-0.205808,0.179368
0.652021,-0.184314,0.575192;0.917894,-0.288393,-0.203856,0.180949
0.646623,-0.193263,0.57375;0.912478,-0.305535,-0.201837,0.18247
0.641647,-0.20189,0.572396;0.90676,-0.322575,-0.199751,0.183931
0.636604,-0.211102,0.570992;0.900057,-0.341385,-0.197356,0.185484
0.632061,-0.21993,0.569692;0.892988,-0.360055,-0.194881,0.186961
0.627629,-0.229205,0.568379;0.884792,-0.380423,-0.192067,0.188497
0.623451,-0.238813,0.567083;0.875355,-0.402428,-0.18889,0.190068
0.619677,-0.248634,0.565837;0.864553,-0.426001,-0.185323,0.191644
0.61646,-0.258546,0.564672;0.852255,-0.45106,-0.181339,0.193193
0.613955,-0.268423,0.563622;0.838324,-0.477508,-0.17691,0.194683
0.612247,-0.278716,0.562669;0.82161,-0.506953,-0.171695,0.196155
0.611695,-0.289129,0.561891;0.801787,-0.539155,-0.165628,0.197527
0.612661,-0.299355,0.561366;0.778508,-0.573824,-0.158639,0.198707
0.615502,-0.309085,0.561171;0.751412,-0.610612,-0.150659,0.19959
0.620547,-0.318016,0.561381;0.720127,-0.649105,-0.141618,0.200062
0.627462,-0.325343,0.561996;0.687011,-0.685948,-0.132217,0.200025
0.635698,-0.330969,0.562938;0.653576,-0.719677,-0.122875,0.199512
0.644914,-0.335159,0.564134;0.620095,-0.75042,-0.113652,0.198581
0.654814,-0.338148,0.565523;0.586821,-0.778316,-0.104601,0.197291
0.664633,-0.340065,0.566974;0.555567,-0.802348,-0.0961936,0.195781
0.674599,-0.341234,0.568502;0.525038,-0.823969,-0.0880613,0.194051
0.684544,-0.341801,0.57007;0.495403,-0.843336,-0.0802376,0.19215
0.694911,-0.341883,0.571743;0.465115,-0.861592,-0.0723081,0.189995
0.705032,-0.341553,0.573408;0.435947,-0.877791,-0.0647314,0.18773
0.715417,-0.340863,0.575145;0.406266,-0.892959,-0.0570786,0.185244
0.72647,-0.339795,0.57702;0.399724,-0.898587,-0.0495202,0.174098
0.737566,-0.338414,0.578928;0.393507,-0.903787,-0.0420582,0.162945
0.74741,-0.336954,0.58064;0.387988,-0.908156,-0.0355205,0.153154
0.757358,-0.33527,0.582387;0.382396,-0.912353,-0.028976,0.143335
0.767391,-0.333377,0.584163;0.376732,-0.916379,-0.0224262,0.133488
0.777491,-0.331285,0.585966;0.370997,-0.920233,-0.0158721,0.123616
0.787637,-0.329007,0.58779;0.365192,-0.923913,-0.00931496,0.11372
0.797809,-0.326555,0.589631;0.359319,-0.92742,-0.00275612,0.103804
0.807989,-0.323942,0.591485;0.353378,-0.930752,0.00380325,0.0938677
0.818157,-0.32118,0.593347;0.34737,-0.933909,0.0103619,0.0839139
0.828293,-0.31828,0.595213;0.341297,-0.93689,0.0169186,0.0739442
0.838378,-0.315256,0.597078;0.33516,-0.939695,0.0234721,0.0639607
0.848393,-0.312119,0.598938;0.32896,-0.942323,0.0300212,0.0539652
0.858317,-0.308882,0.600789;0.322698,-0.944773,0.0365647,0.0439595
0.868132,-0.305556,0.602626;0.316375,-0.947046,0.0431012,0.0339455
0.877818,-0.302155,0.604445;0.309992,-0.949141,0.0496297,0.0239251
0.887356,-0.29869,0.606241;0.303552,-0.951058,0.0561488,0.0139003
0.896725,-0.295173,0.60801;0.297054,-0.952795,0.0626574,0.00387278
0.907202,-0.291107,0.609992;0.28956,-0.954561,0.0700812,-0.00758798
0.917405,-0.287008,0.611928;0.281994,-0.956092,0.0774878,-0.0190469
0.927304,-0.282894,0.613808;0.274359,-0.957389,0.0848754,-0.0305011
0.936872,-0.278783,0.615628;0.266657,-0.95845,0.0922421,-0.0419478
0.946078,-0.274694,0.617381;0.258889,-0.959275,0.0995862,-0.0533842
0.955967,-0.270143,0.619264;0.250074,-0.959922,0.107819,-0.0662344
0.96532,-0.265669,0.621044;0.241182,-0.960271,0.116018,-0.0790639
0.975034,-0.260818,0.622889;0.231213,-0.960308,0.125086,-0.0932899
0.983978,-0.256131,0.624582;0.221156,-0.959976,0.134106,-0.10748
0.992861,-0.251204,0.626254;0.209995,-0.959185,0.143968,-0.123042
1.00197,-0.245755,0.627951;0.19668,-0.957676,0.155536,-0.141358
1.01045,-0.240069,0.629495;0.181157,-0.955163,0.168759,-0.162378
1.01805,-0.233687,0.630796;0.16022,-0.950529,0.18616,-0.190182
1.01833,-0.225936,0.630268;0.118063,-0.938179,0.216388,-0.24302
1.00818,-0.225584,0.627807;0.116393,-0.947158,0.187237,-0.232995
0.997693,-0.226916,0.625381;0.115213,-0.952601,0.167694,-0.226178
0.986983,-0.228904,0.622943;0.114189,-0.956802,0.151349,-0.220418
0.977274,-0.231031,0.620751;0.113344,-0.959944,0.138237,-0.215758
0.966665,-0.233606,0.618367;0.112475,-0.962889,0.125098,-0.211055
0.956726,-0.236205,0.616141;0.111697,-0.965305,0.11358,-0.206904
0.946251,-0.239106,0.6138;0.1109,-0.96757,0.102044,-0.202721
0.935309,-0.242293,0.611359;0.110087,-0.969684,0.0904926,-0.198507
0.925613,-0.245238,0.609197;0.109376,-0.971375,0.0805798,-0.194869
0.915671,-0.248366,0.606981;0.108652,-0.972955,0.0706578,-0.191209
0.905527,-0.251668,0.604721;0.107916,-0.974423,0.0607276,-0.187528
0.895226,-0.255131,0.602424;0.107168,-0.975779,0.0507905,-0.183824
0.884814,-0.258743,0.600102;0.106407,-0.977023,0.0408475,-0.1801
0.874333,-0.262494,0.597763;0.105634,-0.978154,0.0308998,-0.176355
0.86383,-0.266372,0.595415;0.104849,-0.979174,0.0209486,-0.17259
0.853348,-0.270364,0.593069;0.104051,-0.98008,0.010995,-0.168804
0.842932,-0.274461,0.590734;0.103242,-0.980875,0.00104008,-0.165
0.832627,-0.278649,0.588418;0.102421,-0.981556,-0.00891493,-0.161176
0.822477,-0.282918,0.586131;0.101588,-0.982125,-0.0188689,-0.157334
0.812528,-0.287256,0.583883;0.100744,-0.982581,-0.0288207,-0.153474
0.802822,-0.291651,0.581681;0.0998878,-0.982924,-0.0387692,-0.149597
0.793406,-0.296092,0.579537;0.0990203,-0.983155,-0.0487133,-0.145702
0.784324,-0.300568,0.577458;0.0981415,-0.983272,-0.0586517,-0.14179
0.77562,-0.305066,0.575454;0.0972513,-0.983276,-0.0685835,-0.137862
0.766003,-0.310328,0.573224;0.0961987,-0.983139,-0.0801604,-0.13326
0.757033,-0.315586,0.571122;0.0951311,-0.982848,-0.0917249,-0.128636
0.747664,-0.321569,0.568898;0.0938927,-0.982327,-0.104924,-0.123328
0.739337,-0.327497,0.566884;0.0926351,-0.981605,-0.118101,-0.117994
0.731348,-0.334065,0.564895;0.0911978,-0.980554,-0.132897,-0.111965
0.724358,-0.341194,0.563068;0.0895731,-0.979088,-0.149296,-0.105232
0.718764,-0.349635,0.561427;0.0532855,-0.981658,-0.160236,-0.0885026
0.716335,-0.359322,0.560273;-0.0243191,-0.984397,-0.163772,-0.05958
0.718445,-0.369081,0.559813;-0.108369,-0.979704,-0.166334,-0.0277208
0.724097,-0.377302,0.559877;-0.185021,-0.968353,-0.167502,0.00182813
0.731833,-0.384122,0.560148;-0.254003,-0.952142,-0.167561,0.0288384
0.740556,-0.389685,0.560418;-0.315267,-0.932718,-0.166782,0.0531773
0.749819,-0.394304,0.560575;-0.370972,-0.910671,-0.165348,0.0756143
0.759125,-0.398075,0.560545;-0.421202,-0.88693,-0.163417,0.0961152
0.7689,-0.401334,0.560263;-0.469953,-0.860076,-0.160912,0.116279
0.778919,-0.40406,0.559646;-0.517054,-0.830202,-0.157842,0.136034
0.788955,-0.406229,0.558611;-0.56234,-0.797413,-0.154218,0.155312
0.798784,-0.407818,0.557077;-0.605652,-0.761825,-0.150053,0.174044
0.808542,-0.408833,0.554862;-0.648439,-0.721979,-0.145163,0.192877
0.818235,-0.409167,0.551667;-0.691759,-0.676006,-0.13928,0.212337
0.82733,-0.408617,0.547181;-0.734788,-0.623451,-0.132297,0.232148
0.835131,-0.406951,0.54103;-0.776587,-0.563926,-0.124113,0.251983
0.840629,-0.404018,0.533028;-0.815013,-0.499148,-0.114926,0.27092
0.84298,-0.400092,0.523812;-0.846573,-0.435508,-0.105654,0.287201
0.842525,-0.395875,0.514658;-0.868559,-0.384768,-0.100234,0.295823
0.840322,-0.391625,0.505861;-0.881273,-0.360287,-0.107179,0.286469
0.837015,-0.387117,0.496915;-0.892426,-0.337146,-0.113573,0.277507
0.8331,-0.382472,0.488075;-0.902158,-0.315422,-0.119432,0.26899
0.828955,-0.377802,0.479541;-0.910603,-0.29518,-0.124769,0.260968
0.824854,-0.373205,0.471466;-0.917885,-0.276475,-0.129598,0.253482
0.820598,-0.368312,0.463208;-0.924724,-0.257638,-0.134365,0.245875
0.816315,-0.363129,0.45482;-0.931117,-0.238676,-0.139067,0.238148
0.812136,-0.357661,0.446361;-0.937062,-0.219599,-0.143701,0.230307
0.808189,-0.351914,0.437884;-0.942554,-0.200416,-0.148267,0.222355
0.804603,-0.345895,0.429445;-0.947592,-0.181136,-0.152761,0.214295
0.801507,-0.339609,0.421101;-0.952173,-0.16177,-0.157181,0.206133
0.799031,-0.333062,0.412906;-0.956295,-0.142325,-0.161526,0.19787
0.797304,-0.326261,0.404917;-0.959956,-0.122811,-0.165792,0.189513
0.796454,-0.31921,0.397189;-0.963154,-0.103238,-0.169979,0.181064
0.796611,-0.311916,0.389777;-0.965887,-0.0836159,-0.174084,0.172528
0.797905,-0.304384,0.382737;-0.968154,-0.0639531,-0.178105,0.163908
0.800463,-0.296622,0.376125;-0.969955,-0.0442594,-0.18204,0.155209
0.804415,-0.288633,0.369996;-0.971288,-0.0245444,-0.185887,0.146436
0.809327,-0.28118,0.36489;-0.972093,-0.0066111,-0.189306,0.138399
0.815594,-0.27355,0.360272;-0.972511,0.0113248,-0.192651,0.130306
0.822475,-0.266535,0.356566;-0.972556,0.0274635,-0.195595,0.122979
0.829636,-0.260185,0.353656;-0.972332,0.0418017,-0.198159,0.116432
0.837832,-0.253729,0.35113;-0.97186,0.0561292,-0.200672,0.109855
0.845893,-0.247995,0.349252;-0.971244,0.0686542,-0.20283,0.104078
0.854817,-0.242184,0.347699;-0.970438,0.0811658,-0.204947,0.0982801
0.864639,-0.236296,0.346484;-0.969442,0.0936615,-0.207025,0.0924631
0.873797,-0.23119,0.345723;-0.968439,0.104358,-0.208774,0.0874626
0.883659,-0.22603,0.345231;-0.967296,0.115039,-0.210493,0.0824496
0.894248,-0.220818,0.345017;-0.966014,0.125703,-0.212181,0.0774248
0.90364,-0.216434,0.345057;-0.96484,0.134577,-0.213565,0.0732289
0.913564,-0.212015,0.345301;-0.96357,0.143437,-0.214928,0.0690257
0.92403,-0.20756,0.345755;-0.962204,0.152283,-0.216269,0.0648157
0.935051,-0.203072,0.346424;-0.960742,0.161114,-0.217589,0.0605992
0.946639,-0.198549,0.347312;-0.959184,0.169928,-0.218887,0.0563766
0.956326,-0.194907,0.348185;-0.957869,0.176968,-0.219909,0.0529945
0.96639,-0.191244,0.349204;-0.956493,0.183996,-0.220918,0.0496091
0.976836,-0.18756,0.350373;-0.955056,0.191012,-0.221913,0.0462204
0.987672,-0.183856,0.351694;-0.953558,0.198017,-0.222893,0.0428288
0.998903,-0.180131,0.353169;-0.952,0.205008,-0.223859,0.0394345
1.01054,-0.176387,0.354803;-0.95038,0.211987,-0.224811,0.0360377
1.02258,-0.172623,0.356596;-0.9487,0.218952,-0.225749,0.0326385
1.03503,-0.168839,0.358552;-0.94696,0.225903,-0.226672,0.0292373
1.04465,-0.165989,0.360128;-0.945615,0.231107,-0.227355,0.0266852
1.0545,-0.163128,0.361797;-0.944236,0.236303,-0.22803,0.0241321
1.0646,-0.160257,0.363563;-0.942823,0.24149,-0.228696,0.0215781
1.07494,-0.157376,0.365424;-0.941376,0.246668,-0.229355,0.0190234
