0.823123,0.356223,0.711641;0.922726,0.361126,-0.0501254,0.12511
0.819943,0.358773,0.700953;0.920379,0.366111,-0.0434044,0.130308
0.816819,0.361118,0.690495;0.917939,0.37106,-0.0366789,0.135492
0.813752,0.363261,0.680263;0.915404,0.37597,-0.0299497,0.140663
0.810741,0.365202,0.670257;0.912775,0.380841,-0.0232174,0.145819
0.807785,0.366946,0.660474;0.910052,0.385674,-0.0164827,0.15096
0.804884,0.368494,0.650913;0.907236,0.390467,-0.00974629,0.156086
0.801476,0.370097,0.639728;0.903735,0.396166,-0.00166137,0.162216
0.798145,0.371426,0.628856;0.900099,0.401806,0.00642379,0.168322
0.794891,0.372484,0.618293;0.896331,0.407387,0.014508,0.174403
0.791713,0.373276,0.608035;0.892431,0.412907,0.0225901,0.180458
0.788611,0.373807,0.598079;0.888398,0.418367,0.0306688,0.186486
0.785583,0.374079,0.588421;0.884235,0.423765,0.038743,0.192488
0.782144,0.374077,0.577527;0.879212,0.429983,0.0481556,0.199453
0.778804,0.373736,0.567028;0.874013,0.436115,0.0575585,0.206378
0.775563,0.373062,0.55692;0.868638,0.44216,0.0669498,0.213261
0.772418,0.372062,0.547197;0.863089,0.448115,0.0763277,0.220102
0.768941,0.37053,0.53655;0.856534,0.454811,0.0870264,0.227866
0.765586,0.368589,0.52639;0.849755,0.461387,0.0977022,0.23557
0.762353,0.366251,0.516709;0.842752,0.467843,0.108352,0.243212
0.759239,0.363526,0.507499;0.835528,0.474175,0.118974,0.25079
0.755875,0.360008,0.497691;0.827139,0.48115,0.130886,0.259237
0.752657,0.356025,0.488457;0.818476,0.487966,0.142755,0.267598
0.749583,0.351591,0.479785;0.80954,0.494619,0.154576,0.275869
0.746331,0.346153,0.470796;0.799296,0.501818,0.16765,0.284952
0.743249,0.340194,0.462469;0.788724,0.508812,0.180655,0.293919
0.740333,0.333733,0.454791;0.777829,0.515597,0.193586,0.302764
0.737579,0.32679,0.447745;0.766614,0.522171,0.206438,0.311486
0.734984,0.319383,0.441314;0.755086,0.52853,0.219205,0.32008
0.732544,0.311531,0.435482;0.743247,0.534672,0.231883,0.328542
0.730255,0.303254,0.430235;0.731104,0.540595,0.244465,0.33687
0.728114,0.29457,0.425555;0.71866,0.546297,0.256946,0.345059
0.726117,0.285498,0.421426;0.705922,0.551774,0.269323,0.353107
0.724261,0.276057,0.417833;0.692894,0.557025,0.281589,0.36101
0.722541,0.266267,0.414759;0.679582,0.562048,0.293739,0.368765
0.720955,0.256146,0.412188;0.665992,0.56684,0.305769,0.376369
0.719497,0.245714,0.410105;0.652128,0.571399,0.317674,0.383818
0.718166,0.234988,0.408493;0.637996,0.575724,0.329448,0.39111
0.717072,0.225101,0.407432;0.625054,0.579415,0.339929,0.397535
0.716075,0.215005,0.406728;0.611904,0.582913,0.350298,0.403829
0.715171,0.204716,0.406369;0.598551,0.586217,0.36055,0.409988
0.714358,0.194246,0.406344;0.584999,0.589327,0.370682,0.416011
0.713633,0.18361,0.406641;0.571252,0.592241,0.380691,0.421896
0.712994,0.172822,0.407248;0.557316,0.594958,0.390573,0.427641
0.712437,0.161895,0.408154;0.543194,0.597477,0.400326,0.433244
0.711961,0.150842,0.409346;0.528892,0.599798,0.409946,0.438702
0.711603,0.140925,0.410637;0.516032,0.601694,0.418383,0.443432
0.711305,0.130929,0.412138;0.503036,0.603431,0.42671,0.448045
0.711064,0.120865,0.413839;0.489908,0.605011,0.434924,0.452541
0.710879,0.110743,0.415734;0.476651,0.606431,0.443025,0.456918
0.710747,0.100572,0.417812;0.463269,0.607692,0.451009,0.461175
0.710667,0.0903613,0.420067;0.449766,0.608794,0.458875,0.465311
0.710638,0.0801216,0.422491;0.436144,0.609736,0.466621,0.469325
0.710657,0.0698623,0.425074;0.422408,0.610518,0.474243,0.473215
0.710721,0.0595931,0.427808;0.408561,0.611139,0.481742,0.476982
0.710831,0.0493236,0.430687;0.394607,0.6116,0.489114,0.480623
0.710983,0.0390637,0.4337;0.380549,0.611901,0.496357,0.484138
0.711175,0.0288231,0.43684;0.366391,0.612041,0.503471,0.487525
0.711407,0.0186114,0.4401;0.352137,0.61202,0.510452,0.490785
0.711675,0.00843846,0.44347;0.337791,0.611838,0.517299,0.493916
0.711986,-0.00192062,0.447024;0.333958,0.623622,0.506429,0.493049
0.712312,-0.0116404,0.450471;0.332209,0.636715,0.492769,0.491336
0.712667,-0.0213054,0.454004;0.330338,0.649576,0.478929,0.489443
0.713052,-0.0309113,0.457622;0.328347,0.662201,0.464915,0.487373
0.713464,-0.0404537,0.46132;0.326237,0.674585,0.450731,0.485125
0.713902,-0.0499282,0.465094;0.324008,0.686723,0.436384,0.482701
0.714366,-0.0593306,0.468941;0.321661,0.698611,0.421878,0.480101
0.714853,-0.0686565,0.472858;0.319196,0.710245,0.407218,0.477326
0.715364,-0.0779015,0.476841;0.316616,0.72162,0.392409,0.474377
0.715895,-0.0870614,0.480885;0.31392,0.732733,0.377458,0.471256
0.71651,-0.0971338,0.485448;0.310791,0.744767,0.360685,0.467587
0.717147,-0.10709,0.490078;0.307522,0.756466,0.34375,0.463707
0.717807,-0.116923,0.494771;0.304115,0.767826,0.32666,0.459619
0.718486,-0.126628,0.499522;0.300572,0.778841,0.309424,0.455325
0.719184,-0.136199,0.504325;0.296893,0.789505,0.292048,0.450826
0.719898,-0.14563,0.509175;0.293081,0.799815,0.274541,0.446124
0.720627,-0.154914,0.514069;0.289137,0.809765,0.256911,0.441222
0.72137,-0.164046,0.519001;0.285063,0.819351,0.239166,0.436122
0.722123,-0.17302,0.523965;0.280861,0.82857,0.221312,0.430825
0.722887,-0.18183,0.528958;0.276533,0.837415,0.20336,0.425335
0.723659,-0.19047,0.533974;0.27208,0.845885,0.185316,0.419654
0.724515,-0.19977,0.539512;0.267041,0.854762,0.165371,0.413187
0.725378,-0.208849,0.545066;0.261857,0.863174,0.145337,0.406495
0.726243,-0.217699,0.550629;0.256531,0.871117,0.125224,0.399583
0.72711,-0.226313,0.556195;0.251065,0.878586,0.105043,0.392453
0.727975,-0.234682,0.561756;0.245462,0.885578,0.084804,0.385109
0.728915,-0.243524,0.56781;0.239198,0.892655,0.0626735,0.376859
0.729849,-0.252054,0.573843;0.232779,0.899155,0.0405023,0.368366
0.730772,-0.260264,0.579847;0.22621,0.905073,0.018305,0.359634
0.731759,-0.268783,0.586307;0.218928,0.910823,-0.00575502,0.349912
0.732726,-0.2769,0.592712;0.21148,0.915882,-0.0298107,0.339924
0.733671,-0.284602,0.59905;0.203871,0.920245,-0.0538437,0.329678
0.73466,-0.292417,0.605789;0.195504,0.924161,-0.0796791,0.318363
0.735681,-0.30022,0.612894;0.186348,0.927454,-0.107282,0.30593
0.736655,-0.307415,0.619865;0.177004,0.92981,-0.134775,0.293188
0.737639,-0.314395,0.627132;0.16684,0.931286,-0.163951,0.27927
0.738612,-0.321,0.634643;0.155831,0.93168,-0.194743,0.26413
0.739602,-0.327357,0.64275;0.143287,0.930689,-0.228857,0.246803
0.740564,-0.333077,0.651318;0.129154,0.927837,-0.266127,0.227189
0.741439,-0.337706,0.660177;0.113382,0.922604,-0.306339,0.205191
0.742202,-0.34086,0.6698;0.094526,0.913664,-0.352608,0.178749
0.742693,-0.341259,0.679989;0.0717822,0.899196,-0.405938,0.14666
0.742663,-0.33748,0.689235;0.0554958,0.880016,-0.456956,0.116975
0.742095,-0.329882,0.696322;0.090432,0.863922,-0.480539,0.120592
0.741269,-0.320593,0.701155;0.120233,0.848718,-0.499971,0.123497
0.740401,-0.311143,0.704348;0.14493,0.83507,-0.51559,0.125775
0.739485,-0.301101,0.70667;0.167845,0.821545,-0.529683,0.127783
0.738576,-0.290859,0.708282;0.188986,0.808315,-0.542337,0.129543
0.737713,-0.280729,0.70932;0.20837,0.79554,-0.55364,0.131078
0.736851,-0.27005,0.709943;0.227615,0.782232,-0.564572,0.132525
0.736081,-0.259863,0.710162;0.245122,0.769573,-0.574262,0.133773
0.735349,-0.249372,0.710057;0.262492,0.756482,-0.583629,0.134946
0.734672,-0.238651,0.709639;0.279714,0.742965,-0.592668,0.136044
0.734068,-0.227776,0.708921;0.296778,0.729031,-0.601373,0.137065
0.733597,-0.217819,0.708018;0.312147,0.716007,-0.608994,0.137926
0.733215,-0.207852,0.706885;0.327371,0.702651,-0.616332,0.138723
0.732934,-0.197932,0.705532;0.342443,0.688968,-0.623384,0.139456
0.732758,-0.187141,0.703798;0.358838,0.673548,-0.630806,0.140187
0.73274,-0.176549,0.701821;0.375031,0.657749,-0.637873,0.140839
0.732895,-0.166232,0.699611;0.391013,0.64158,-0.644582,0.141413
0.733244,-0.156263,0.69718;0.406775,0.625051,-0.650929,0.141906
0.733863,-0.145875,0.694291;0.42371,0.606618,-0.657435,0.142354
0.734756,-0.136089,0.691168;0.44036,0.587779,-0.663501,0.142706
0.736058,-0.126279,0.687541;0.458066,0.566927,-0.669571,0.14298
0.737882,-0.116774,0.683371;0.476731,0.543974,-0.675521,0.143149
0.740362,-0.10798,0.678627;0.496247,0.518832,-0.681212,0.143186
0.743886,-0.099987,0.672943;0.517736,0.489684,-0.686801,0.143047
0.748799,-0.0938615,0.666256;0.54093,0.45633,-0.691957,0.142664
0.755178,-0.0910254,0.6589;0.564364,0.420395,-0.696129,0.142003
0.762205,-0.0920568,0.651929;0.571404,0.403105,-0.700697,0.141521
0.769333,-0.0959596,0.645658;0.529388,0.443231,-0.709327,0.141949
0.77597,-0.101263,0.640276;0.492404,0.475995,-0.714719,0.141929
0.782417,-0.107514,0.635337;0.457724,0.504762,-0.718089,0.141607
0.788508,-0.114189,0.630867;0.425711,0.529772,-0.719869,0.14107
0.79447,-0.121313,0.626631;0.394829,0.55259,-0.720456,0.140348
0.800237,-0.128668,0.622641;0.36523,0.573321,-0.720039,0.139479
0.806124,-0.136584,0.618653;0.335155,0.593303,-0.71868,0.138429
0.811725,-0.144452,0.614923;0.30656,0.611332,-0.716553,0.137279
0.817381,-0.152694,0.611206;0.277614,0.628659,-0.713603,0.135972
0.822689,-0.160674,0.607755;0.250309,0.64418,-0.710111,0.134611
0.828004,-0.168883,0.604325;0.222753,0.659057,-0.705908,0.133116
0.833306,-0.177275,0.60092;0.194975,0.673274,-0.700998,0.131487
0.838575,-0.185803,0.597546;0.167001,0.686817,-0.695387,0.129727
0.843792,-0.194421,0.594207;0.138861,0.699674,-0.689081,0.127837
0.848938,-0.203082,0.590908;0.110581,0.71183,-0.682085,0.125819
0.853991,-0.21174,0.587652;0.0821908,0.723274,-0.674406,0.123675
0.858933,-0.220347,0.584445;0.0537185,0.733994,-0.666053,0.121407
0.863744,-0.228858,0.581291;0.0251923,0.74398,-0.657034,0.119018
0.868403,-0.237226,0.578194;-0.003359,0.753222,-0.647357,0.11651
0.873205,-0.245979,0.574945;-0.0339452,0.762287,-0.63627,0.113694
0.877787,-0.254458,0.571773;-0.0644925,0.770477,-0.624453,0.110746
0.882404,-0.263134,0.56848;-0.0969937,0.778237,-0.611057,0.107463
0.886971,-0.27186,0.565091;-0.131386,0.785368,-0.59595,0.10382
0.891388,-0.280456,0.561636;-0.16759,0.791655,-0.578996,0.099796
0.895742,-0.289112,0.557968;-0.207488,0.797105,-0.559037,0.0951318
0.899953,-0.297732,0.553988;-0.252843,0.801359,-0.534676,0.0895285
0.903812,-0.306012,0.549518;-0.307124,0.803618,-0.503077,0.0823822
0.906699,-0.313259,0.543404;-0.389858,0.800672,-0.449406,0.0704979
0.903119,-0.309024,0.53692;-0.499721,0.783122,-0.366377,0.0525988
0.897861,-0.300094,0.534815;-0.512755,0.782709,-0.349209,0.0500217
0.892883,-0.291326,0.533761;-0.494675,0.791356,-0.355331,0.0528436
0.887558,-0.28188,0.533104;-0.478215,0.798835,-0.360705,0.0553632
0.882218,-0.272426,0.532763;-0.463438,0.805241,-0.365372,0.057586
0.877124,-0.263462,0.532658;-0.450398,0.810657,-0.36937,0.0595174
0.871674,-0.253957,0.53274;-0.437261,0.815895,-0.373288,0.0614359
0.865907,-0.244013,0.533013;-0.424027,0.820955,-0.377123,0.0633408
0.86074,-0.235215,0.533405;-0.41261,0.825149,-0.380345,0.0649626
0.855389,-0.226232,0.533945;-0.401127,0.82921,-0.383505,0.066574
0.84988,-0.217127,0.534636;-0.389579,0.833137,-0.386604,0.0681746
0.844235,-0.207964,0.535484;-0.377968,0.836931,-0.389641,0.0697642
0.838478,-0.198805,0.53649;-0.366297,0.840589,-0.392615,0.0713427
0.832632,-0.189715,0.537658;-0.354566,0.844113,-0.395526,0.0729096
0.826721,-0.180757,0.538992;-0.342779,0.8475,-0.398373,0.0744648
0.820768,-0.171995,0.540495;-0.330936,0.850751,-0.401156,0.076008
0.814797,-0.163492,0.542171;-0.31904,0.853866,-0.403874,0.077539
0.808831,-0.155311,0.544022;-0.307093,0.856843,-0.406528,0.0790575
0.802894,-0.147517,0.546053;-0.295096,0.859681,-0.409116,0.0805633
0.796035,-0.138996,0.548654;-0.28104,0.862819,-0.412052,0.0823037
0.789284,-0.131188,0.551509;-0.266922,0.865767,-0.414898,0.084026
0.782678,-0.124194,0.554624;-0.252746,0.868525,-0.417653,0.0857299
0.775355,-0.117326,0.558509;-0.236477,0.871445,-0.420689,0.0876542
0.767472,-0.111215,0.563304;-0.218094,0.874431,-0.423961,0.089789
0.76004,-0.10702,0.56856;-0.199632,0.877101,-0.42708,0.0918913
0.752408,-0.104868,0.574953;-0.179034,0.879695,-0.430363,0.0941882
0.744901,-0.105891,0.582678;-0.156284,0.882094,-0.433753,0.0966661
0.739,-0.11022,0.590347;-0.135529,0.883861,-0.436631,0.0988733
0.734534,-0.117138,0.597788;-0.116797,0.885113,-0.439054,0.100822
0.731667,-0.124639,0.603938;-0.102198,0.885865,-0.440829,0.102313
0.729372,-0.134106,0.610409;-0.0875766,0.886424,-0.442507,0.103781
0.727888,-0.143862,0.616217;-0.0750287,0.886748,-0.443869,0.105021
0.72701,-0.153198,0.621243;-0.0645628,0.886909,-0.444949,0.106042
0.726472,-0.16367,0.62644;-0.0540897,0.886971,-0.445979,0.10705
0.726296,-0.172889,0.630723;-0.0457068,0.886949,-0.446767,0.107849
0.726354,-0.182878,0.635118;-0.0373207,0.886864,-0.447524,0.10864
0.726652,-0.193654,0.639626;-0.0289319,0.886715,-0.448248,0.109423
0.727197,-0.205237,0.644248;-0.020541,0.886503,-0.44894,0.110198
0.727997,-0.217646,0.648985;-0.0121486,0.886227,-0.4496,0.110965
0.728768,-0.227506,0.652614;-0.00585371,0.885979,-0.450075,0.111535
0.729689,-0.237848,0.656309;0.000441406,0.885695,-0.45053,0.112101
0.730763,-0.248681,0.66007;0.0067365,0.885375,-0.450968,0.112662
0.731993,-0.260014,0.663897;0.0130313,0.88502,-0.451388,0.113219
0.733382,-0.271852,0.667792;0.0193256,0.884629,-0.451789,0.113771
0.734932,-0.284206,0.671754;0.0256192,0.884203,-0.452173,0.114319
0.736647,-0.297082,0.675784;0.0319116,0.883741,-0.452538,0.114862
0.738529,-0.310488,0.679882;0.0382029,0.883243,-0.452885,0.1154
0.740582,-0.324433,0.68405;0.0444925,0.88271,-0.453213,0.115934
0.742047,-0.334032,0.686866;0.0486847,0.882335,-0.453422,0.116287
