0.722357,-0.452212,0.59723;0.865841,0.0325955,0.0395712,-0.497685
0.724293,-0.441969,0.594961;0.867391,0.0348616,0.0400362,-0.494787
0.726209,-0.431845,0.592712;0.868928,0.037127,0.0405005,-0.49188
0.728107,-0.421842,0.590484;0.87045,0.0393919,0.0409641,-0.488966
0.729985,-0.411957,0.588277;0.871958,0.0416562,0.0414271,-0.486044
0.731844,-0.402192,0.58609;0.873452,0.0439197,0.0418894,-0.483113
0.733685,-0.392545,0.583924;0.874931,0.0461826,0.042351,-0.480175
0.73641,-0.378295,0.580714;0.877125,0.0495755,0.0430422,-0.475754
0.739093,-0.364307,0.577549;0.879286,0.0529665,0.0437317,-0.471315
0.741734,-0.350581,0.574429;0.881416,0.0563557,0.0444197,-0.466859
0.744334,-0.337114,0.571355;0.883513,0.0597428,0.0451061,-0.462386
0.746893,-0.323905,0.568326;0.885578,0.0631277,0.0457909,-0.457897
0.749411,-0.310951,0.565341;0.887611,0.0665104,0.0464739,-0.45339
0.751889,-0.298251,0.562402;0.889612,0.0698906,0.0471553,-0.448868
0.754327,-0.285803,0.559506;0.89158,0.0732683,0.047835,-0.444329
0.756724,-0.273605,0.556654;0.893517,0.0766433,0.0485129,-0.439773
0.759082,-0.261655,0.553846;0.89542,0.0800155,0.0491891,-0.435202
0.761401,-0.249952,0.551081;0.897291,0.0833848,0.0498635,-0.430615
0.763681,-0.238493,0.54836;0.89913,0.0867511,0.0505361,-0.426012
0.765922,-0.227277,0.545681;0.900935,0.0901143,0.0512068,-0.421394
0.768126,-0.216302,0.543045;0.902708,0.0934741,0.0518757,-0.41676
0.770291,-0.205566,0.540452;0.904448,0.0968306,0.0525427,-0.412112
0.772418,-0.195067,0.5379;0.906156,0.100184,0.0532078,-0.407448
0.774508,-0.184804,0.535391;0.90783,0.103533,0.0538709,-0.40277
0.776561,-0.174774,0.532923;0.909471,0.106878,0.0545321,-0.398077
0.778578,-0.164976,0.530496;0.91108,0.11022,0.0551913,-0.393369
0.780558,-0.155408,0.52811;0.912655,0.113558,0.0558485,-0.388647
0.783142,-0.143004,0.524993;0.914704,0.118001,0.0567216,-0.382329
0.785662,-0.131002,0.521947;0.916693,0.122438,0.057591,-0.375987
0.78812,-0.119397,0.518973;0.918623,0.126866,0.0584567,-0.36962
0.790516,-0.108184,0.51607;0.920494,0.131286,0.0593187,-0.363229
0.792851,-0.0973586,0.513236;0.922306,0.135697,0.0601768,-0.356815
0.795126,-0.0869171,0.510472;0.924058,0.1401,0.061031,-0.350378
0.797341,-0.0768549,0.507777;0.92575,0.144494,0.0618813,-0.343918
0.799496,-0.0671677,0.50515;0.927382,0.148878,0.0627276,-0.337436
0.80211,-0.0555792,0.501961;0.929338,0.154345,0.0637797,-0.329303
0.804633,-0.0445612,0.498876;0.9312,0.159796,0.0648254,-0.321137
0.807069,-0.0341052,0.495895;0.932969,0.165232,0.0658645,-0.312938
0.809418,-0.0242027,0.493015;0.934643,0.17065,0.066897,-0.304707
0.811682,-0.0148451,0.490236;0.936222,0.176051,0.0679228,-0.296446
0.814289,-0.00432349,0.487033;0.937993,0.182509,0.0691446,-0.286493
0.816777,0.00544032,0.483971;0.939628,0.188941,0.0703564,-0.276498
0.819535,0.0158932,0.480574;0.941362,0.19641,0.0717572,-0.264787
0.82214,0.025358,0.477363;0.94291,0.203839,0.0731438,-0.253024
0.824935,0.034995,0.473916;0.94445,0.212281,0.0747107,-0.239519
0.827853,0.0443736,0.470318;0.945891,0.221712,0.0764505,-0.224252
0.831108,0.0538029,0.466311;0.947232,0.23314,0.0785428,-0.205493
0.834778,0.0627035,0.461814;0.94827,0.24752,0.08115,-0.181474
0.839353,0.0699275,0.45628;0.948419,0.268718,0.0849399,-0.145182
0.84477,0.067185,0.450063;0.944915,0.302967,0.0909169,-0.0841534
0.84695,0.0571131,0.447921;0.940318,0.323738,0.0944456,-0.0455602
0.847973,0.0470043,0.447177;0.93613,0.33754,0.0967461,-0.019191
0.84859,0.036324,0.446973;0.931811,0.349254,0.0986688,0.00367723
0.848937,0.0260113,0.447103;0.927661,0.35898,0.100243,0.023026
0.849127,0.0157027,0.447451;0.923494,0.36767,0.101632,0.0406062
0.849209,0.00457538,0.448007;0.918954,0.376211,0.10298,0.05817
0.849201,-0.00608299,0.448677;0.914551,0.383768,0.104157,0.0739576
0.849124,-0.0172998,0.449501;0.909849,0.3912,0.1053,0.089721
0.849004,-0.0276989,0.450357;0.905419,0.397699,0.106288,0.103708
0.848842,-0.0384653,0.451324;0.900755,0.404095,0.107248,0.117669
0.848644,-0.049564,0.452397;0.895858,0.410386,0.10818,0.131599
0.848446,-0.0595205,0.453419;0.891384,0.415804,0.108972,0.14376
0.848229,-0.0696815,0.454514;0.886733,0.42114,0.109744,0.155893
0.847996,-0.0800235,0.455681;0.881906,0.426392,0.110493,0.167995
0.847753,-0.0905233,0.456914;0.876905,0.43156,0.111221,0.180063
0.847488,-0.101808,0.458293;0.872155,0.438178,0.111118,0.187077
0.84725,-0.111853,0.459563;0.869071,0.445946,0.109637,0.183921
0.847012,-0.121987,0.460886;0.865916,0.453677,0.108147,0.180749
0.846774,-0.1322,0.462257;0.86269,0.461371,0.106648,0.177563
0.846538,-0.142482,0.463677;0.859394,0.469026,0.105141,0.174363
0.846307,-0.152824,0.465142;0.856026,0.476644,0.103625,0.171148
0.846081,-0.163214,0.466652;0.852589,0.484222,0.1021,0.167919
0.845864,-0.173642,0.468204;0.849081,0.491761,0.100567,0.164676
0.845656,-0.184099,0.469797;0.845504,0.499259,0.0990262,0.16142
0.84546,-0.194575,0.471428;0.841858,0.506717,0.0974769,0.15815
0.845277,-0.20506,0.473097;0.838143,0.514132,0.0959195,0.154868
0.845109,-0.215542,0.474801;0.834359,0.521506,0.0943544,0.151573
0.844958,-0.226013,0.476538;0.830506,0.528837,0.0927814,0.148265
0.844826,-0.236462,0.478307;0.826586,0.536124,0.0912009,0.144945
0.844715,-0.246879,0.480106;0.822597,0.543368,0.0896129,0.141614
0.844626,-0.257254,0.481934;0.818541,0.550567,0.0880176,0.138271
0.844561,-0.267577,0.483787;0.814419,0.557721,0.086415,0.134916
0.844522,-0.277838,0.485665;0.810229,0.564829,0.0848053,0.13155
0.844511,-0.288026,0.487566;0.805973,0.571891,0.0831887,0.128174
0.84453,-0.298132,0.489488;0.80165,0.578906,0.0815653,0.124787
0.84458,-0.308146,0.49143;0.797262,0.585873,0.0799352,0.12139
0.844664,-0.318057,0.493388;0.792809,0.592793,0.0782985,0.117983
0.844811,-0.329801,0.495759;0.787379,0.601032,0.076326,0.113881
0.845012,-0.341365,0.498149;0.781857,0.6092,0.0743445,0.109767
0.845269,-0.352731,0.500556;0.776241,0.617296,0.0723543,0.105639
0.845587,-0.363884,0.502976;0.770535,0.625319,0.0703555,0.101499
0.845967,-0.374804,0.505407;0.764737,0.633269,0.0683484,0.0973466
0.846414,-0.385475,0.507844;0.758849,0.641144,0.0663332,0.093183
0.846931,-0.39588,0.510286;0.752871,0.648943,0.0643102,0.0890083
0.84752,-0.406,0.512728;0.746805,0.656665,0.0622795,0.0848232
0.848185,-0.415818,0.515169;0.74065,0.66431,0.0602416,0.080628
0.84906,-0.426868,0.518009;0.733359,0.67313,0.057855,0.0757216
0.850048,-0.437456,0.520838;0.72595,0.681841,0.0554591,0.0708031
0.851153,-0.447554,0.523649;0.718425,0.690443,0.0530543,0.0658731
0.852381,-0.457135,0.526439;0.710784,0.698934,0.0506409,0.0609326
0.85394,-0.467415,0.529595;0.701912,0.708501,0.0478729,0.0552744
0.855673,-0.476942,0.532709;0.692892,0.717918,0.0450948,0.0496046
0.857839,-0.486708,0.536152;0.682571,0.728333,0.0419582,0.0432136
0.860528,-0.496307,0.539892;0.670891,0.739678,0.03846,0.0360992
0.863845,-0.505253,0.543885;0.657789,0.751877,0.0345975,0.0282597
0.868277,-0.513501,0.548416;0.641968,0.765909,0.0300151,0.0189806
0.874536,-0.519949,0.553667;0.622009,0.782595,0.0243526,0.00754632
0.88271,-0.521928,0.559079;0.598932,0.800581,0.0179582,-0.00532434
0.891047,-0.518635,0.563383;0.577883,0.815855,0.012258,-0.0167606
0.898607,-0.512218,0.566487;0.560424,0.827762,0.00761879,-0.0260426
0.90527,-0.504448,0.568727;0.57245,0.819061,0.0064689,-0.037397
0.911289,-0.496094,0.570442;0.586369,0.808622,0.00587583,-0.0476183
0.917003,-0.487206,0.57186;0.598815,0.798846,0.00533459,-0.0568937
0.922319,-0.478223,0.573028;0.609844,0.789818,0.00484594,-0.0652252
0.927164,-0.469503,0.573985;0.619509,0.781612,0.00441047,-0.0726161
0.932106,-0.460135,0.574871;0.629039,0.773237,0.00397404,-0.0799914
0.937131,-0.450159,0.575689;0.638434,0.764696,0.00353676,-0.0873495
0.941585,-0.440964,0.576353;0.646542,0.757087,0.00315351,-0.0937724
0.946082,-0.431363,0.576972;0.654543,0.749353,0.00276974,-0.10018
0.950611,-0.421383,0.577549;0.662436,0.741495,0.00238552,-0.106571
0.955163,-0.411051,0.578085;0.67022,0.733515,0.0020009,-0.112944
0.959728,-0.400395,0.578586;0.677894,0.725414,0.00161595,-0.119299
0.963644,-0.391024,0.578988;0.684382,0.718375,0.00128578,-0.12473
0.967556,-0.381452,0.579367;0.690787,0.711249,0.000955448,-0.130146
0.971459,-0.371697,0.579725;0.697108,0.704036,0.000625004,-0.135546
0.975345,-0.361776,0.580063;0.703345,0.696739,0.000294485,-0.14093
0.979209,-0.351705,0.580385;0.709496,0.689356,-3.60704e-05,-0.146297
0.983045,-0.341503,0.58069;0.715562,0.681891,-0.000366621,-0.151646
0.986846,-0.331186,0.580982;0.72154,0.674342,-0.000697128,-0.156977
0.990606,-0.320772,0.581262;0.727432,0.666712,-0.00102755,-0.162288
0.994319,-0.310278,0.581532;0.733235,0.659001,-0.00135785,-0.16758
0.997979,-0.299722,0.581794;0.738949,0.65121,-0.00168798,-0.172852
1.00158,-0.289119,0.582049;0.744573,0.64334,-0.00201791,-0.178103
1.00512,-0.278489,0.5823;0.750108,0.635392,-0.00234759,-0.183332
1.00858,-0.267848,0.582548;0.755551,0.627367,-0.00267699,-0.188538
1.01197,-0.257213,0.582795;0.760903,0.619266,-0.00300606,-0.193722
1.01527,-0.246602,0.583043;0.766162,0.611089,-0.00333477,-0.198883
1.01848,-0.236031,0.583293;0.771328,0.602839,-0.00366308,-0.204019
1.02159,-0.225519,0.583548;0.776401,0.594516,-0.00399094,-0.209131
1.02461,-0.215082,0.58381;0.78138,0.58612,-0.00431832,-0.214217
1.02751,-0.204737,0.58408;0.786264,0.577654,-0.00464517,-0.219278
1.0303,-0.194502,0.584359;0.791053,0.569117,-0.00497146,-0.224311
1.03297,-0.184395,0.584651;0.795746,0.560512,-0.00529715,-0.229318
1.03551,-0.174432,0.584957;0.800342,0.551838,-0.00562219,-0.234297
1.03792,-0.16463,0.585277;0.804842,0.543098,-0.00594656,-0.239247
1.04055,-0.153423,0.585674;0.809968,0.532817,-0.00632407,-0.244986
1.04298,-0.142486,0.586097;0.81496,0.522449,-0.00670053,-0.250684
1.04521,-0.131847,0.58655;0.819818,0.511995,-0.0070759,-0.256341
1.04721,-0.121535,0.587035;0.82454,0.501456,-0.00745009,-0.261955
1.04899,-0.111575,0.587555;0.829126,0.490834,-0.00782305,-0.267527
1.05072,-0.10066,0.588196;0.8342,0.478596,-0.00824771,-0.27384
1.05213,-0.0902832,0.588892;0.839094,0.466254,-0.00867059,-0.280094
1.0533,-0.079303,0.589745;0.844384,0.45225,-0.0091441,-0.287057
1.05403,-0.0691137,0.590678;0.849443,0.438123,-0.0096151,-0.293943
1.05427,-0.0587906,0.591817;0.854793,0.422286,-0.0101354,-0.301499
1.05383,-0.0487412,0.593202;0.860345,0.404701,-0.0107037,-0.309693
1.05231,-0.03877,0.595035;0.866454,0.383706,-0.0113697,-0.319215
1.04884,-0.0295785,0.597608;0.873295,0.357569,-0.0121805,-0.330683
1.04187,-0.0233392,0.601365;0.880788,0.324466,-0.0131792,-0.344617
1.03268,-0.0232141,0.605413;0.880759,0.314367,-0.0290071,-0.352982
1.02324,-0.0270057,0.609106;0.877907,0.31434,-0.0479741,-0.358005
1.01436,-0.0324398,0.61233;0.875318,0.314225,-0.0634789,-0.362011
1.00567,-0.0388544,0.615314;0.872822,0.314054,-0.077247,-0.365491
0.997497,-0.0455729,0.617997;0.87049,0.313851,-0.0892811,-0.368474
0.990103,-0.0520765,0.620334;0.868381,0.313637,-0.0995847,-0.370985
0.982378,-0.059204,0.622695;0.86617,0.313387,-0.109877,-0.373451
0.974346,-0.066895,0.625068;0.863857,0.3131,-0.120156,-0.375875
0.966034,-0.075089,0.627442;0.861444,0.312776,-0.130421,-0.378254
0.958912,-0.0822581,0.629414;0.859356,0.312478,-0.138964,-0.380203
0.951627,-0.0896995,0.631372;0.857198,0.312155,-0.147495,-0.382121
0.944196,-0.0973783,0.63331;0.854971,0.311806,-0.156014,-0.384008
0.936633,-0.10526,0.635223;0.852674,0.311432,-0.164521,-0.385863
0.928952,-0.113308,0.637102;0.850307,0.311033,-0.173014,-0.387688
0.921169,-0.12149,0.638942;0.847872,0.310609,-0.181494,-0.389481
0.913298,-0.129769,0.640737;0.845368,0.310159,-0.189958,-0.391242
0.905355,-0.13811,0.642479;0.842795,0.309684,-0.198407,-0.392972
0.897353,-0.146479,0.644163;0.840154,0.309184,-0.20684,-0.394669
0.889309,-0.154841,0.645781;0.837444,0.308659,-0.215256,-0.396335
0.881238,-0.16316,0.647328;0.834667,0.308109,-0.223655,-0.397968
0.873153,-0.171403,0.648798;0.831822,0.307533,-0.232036,-0.399569
0.865069,-0.179532,0.650182;0.828909,0.306933,-0.240397,-0.401138
0.857003,-0.187515,0.651476;0.825928,0.306308,-0.24874,-0.402674
0.848968,-0.195316,0.652673;0.822881,0.305658,-0.257062,-0.404177
0.840979,-0.202899,0.653765;0.819767,0.304983,-0.265363,-0.405648
0.833052,-0.21023,0.654748;0.816586,0.304284,-0.273642,-0.407085
0.825201,-0.217274,0.655613;0.813339,0.303559,-0.2819,-0.40849
0.817441,-0.223996,0.656356;0.810026,0.30281,-0.290134,-0.409861
0.808271,-0.231588,0.657075;0.805964,0.301879,-0.299984,-0.411463
0.799279,-0.238606,0.657596;0.801807,0.300912,-0.309799,-0.413016
0.790491,-0.244988,0.657908;0.797556,0.299911,-0.319578,-0.414521
0.781932,-0.250675,0.658;0.793212,0.298874,-0.329319,-0.415978
0.772273,-0.25635,0.657814;0.788027,0.29762,-0.340636,-0.417616
0.763001,-0.260901,0.657296;0.782717,0.296319,-0.351898,-0.419187
0.752934,-0.264601,0.656273;0.776495,0.294774,-0.3647,-0.420901
0.742355,-0.26668,0.654542;0.769303,0.292963,-0.379012,-0.422725
0.732649,-0.266356,0.652161;0.761908,0.291074,-0.393223,-0.424438
0.722996,-0.262929,0.648707;0.753456,0.288887,-0.408893,-0.42621
0.715421,-0.256862,0.644829;0.74564,0.286837,-0.422882,-0.427686
0.709645,-0.248925,0.640739;0.738528,0.284952,-0.435224,-0.428904
0.705381,-0.239899,0.636642;0.732179,0.283254,-0.445948,-0.429896
0.702345,-0.23054,0.63273;0.726644,0.281763,-0.455084,-0.430693
0.699907,-0.219619,0.628439;0.721024,0.280238,-0.464167,-0.431438
0.698352,-0.209282,0.624564;0.716277,0.278943,-0.471695,-0.432021
0.697352,-0.199257,0.620934;0.717917,0.283713,-0.467883,-0.430335
0.696647,-0.187437,0.616771;0.720613,0.289845,-0.461981,-0.428112
0.696352,-0.177301,0.613276;0.722727,0.294734,-0.457232,-0.426307
0.696288,-0.166594,0.60964;0.724801,0.299606,-0.452458,-0.424479
0.696443,-0.15535,0.605872;0.726836,0.304462,-0.447659,-0.422628
0.69681,-0.1436,0.601979;0.728831,0.309302,-0.442836,-0.420754
0.697378,-0.131376,0.597965;0.730787,0.314124,-0.437989,-0.418857
0.698138,-0.118711,0.59384;0.732703,0.31893,-0.433119,-0.416938
0.698828,-0.108942,0.590676;0.734115,0.322523,-0.42945,-0.415484
0.699617,-0.0989562,0.587455;0.735504,0.326106,-0.425769,-0.414017
0.7005,-0.0887671,0.584181;0.73687,0.32968,-0.422074,-0.412537
0.701475,-0.0783885,0.580855;0.738214,0.333243,-0.418367,-0.411045
0.702536,-0.0678338,0.577482;0.739536,0.336796,-0.414647,-0.40954
0.703679,-0.0571166,0.574063;0.740835,0.340339,-0.410914,-0.408023
0.704902,-0.0462505,0.570602;0.742111,0.343871,-0.407169,-0.406494
0.706199,-0.035249,0.567102;0.743365,0.347393,-0.403411,-0.404952
0.707567,-0.0241256,0.563565;0.744596,0.350905,-0.399641,-0.403397
0.709002,-0.012894,0.559994;0.745805,0.354405,-0.395859,-0.401831
0.710499,-0.00156769,0.556392;0.74699,0.357895,-0.392065,-0.400252
0.712056,0.0098398,0.552762;0.748153,0.361374,-0.388259,-0.398661
0.713667,0.0213149,0.549106;0.749293,0.364842,-0.384441,-0.397057
0.715329,0.0328441,0.545428;0.750411,0.368299,-0.380611,-0.395442
0.717038,0.0444137,0.541731;0.751505,0.371745,-0.37677,-0.393815
0.71879,0.0560104,0.538017;0.752577,0.375179,-0.372917,-0.392175
0.72058,0.0676204,0.534289;0.753626,0.378602,-0.369053,-0.390524
0.722406,0.0792302,0.53055;0.754651,0.382013,-0.365178,-0.388861
0.724262,0.0908264,0.526803;0.755654,0.385413,-0.361291,-0.387186
0.726145,0.102395,0.523051;0.756634,0.388801,-0.357394,-0.385499
0.728052,0.113923,0.519296;0.75759,0.392177,-0.353485,-0.3838
0.729977,0.125397,0.515541;0.758524,0.395541,-0.349566,-0.38209
0.731917,0.136803,0.51179;0.759434,0.398893,-0.345637,-0.380368
0.733868,0.148127,0.508045;0.760321,0.402233,-0.341696,-0.378634
0.735826,0.159356,0.504309;0.761185,0.405561,-0.337745,-0.376889
0.737787,0.170477,0.500584;0.762026,0.408876,-0.333784,-0.375133
0.739747,0.181476,0.496874;0.762844,0.412179,-0.329813,-0.373365
0.741702,0.192338,0.493182;0.763638,0.415469,-0.325832,-0.371585
0.743649,0.203052,0.48951;0.764409,0.418747,-0.321841,-0.369795
0.745582,0.213603,0.485861;0.765157,0.422011,-0.31784,-0.367993
0.747498,0.223977,0.482238;0.765882,0.425263,-0.313829,-0.366179
0.749393,0.234162,0.478645;0.766583,0.428503,-0.309809,-0.364355
0.751264,0.244143,0.475082;0.767261,0.431729,-0.305779,-0.36252
0.753105,0.253907,0.471555;0.767915,0.434941,-0.30174,-0.360673
0.754914,0.26344,0.468065;0.768546,0.438141,-0.297692,-0.358816
0.756686,0.272729,0.464615;0.769154,0.441327,-0.293634,-0.356947
0.758984,0.284712,0.460083;0.769928,0.445555,-0.288211,-0.354439
0.7612,0.296204,0.455634;0.77066,0.449758,-0.282772,-0.351912
0.763324,0.307174,0.451276;0.77135,0.453937,-0.277317,-0.349365
0.765347,0.31759,0.447014;0.771998,0.458091,-0.271848,-0.3468
0.76726,0.327419,0.442857;0.772605,0.46222,-0.266363,-0.344216
0.769054,0.336629,0.438809;0.77317,0.466325,-0.260865,-0.341613
0.771112,0.347222,0.433916;0.773817,0.47142,-0.253971,-0.338334
0.77295,0.356736,0.429219;0.774398,0.476475,-0.247057,-0.335026
0.774838,0.366639,0.42386;0.77501,0.482488,-0.238731,-0.331018
0.776563,0.375969,0.41802;0.775603,0.489428,-0.228982,-0.326292
0.777948,0.38418,0.411219;0.776178,0.498232,-0.216391,-0.320137
0.777897,0.38747,0.401849;0.776662,0.512601,-0.195277,-0.309683
0.775446,0.379772,0.396327;0.776623,0.523815,-0.178277,-0.30115
0.772484,0.369069,0.393719;0.776387,0.53115,-0.166895,-0.295379
0.769512,0.357935,0.392365;0.7761,0.536575,-0.158335,-0.291009
0.766518,0.346535,0.391649;0.775788,0.541046,-0.151187,-0.28734
0.763771,0.335981,0.391355;0.775491,0.544591,-0.145459,-0.284388
0.7607,0.324117,0.391318;0.775152,0.548105,-0.139723,-0.281419
0.75818,0.314341,0.391461;0.774871,0.550722,-0.135416,-0.279183
0.755468,0.303796,0.391756;0.774566,0.553321,-0.131105,-0.276939
0.752561,0.292469,0.392203;0.774237,0.555904,-0.12679,-0.274686
0.749456,0.280348,0.392807;0.773884,0.55847,-0.122471,-0.272425
0.746147,0.267417,0.39357;0.773508,0.561019,-0.118149,-0.270155
0.742632,0.253664,0.394494;0.773109,0.563551,-0.113823,-0.267877
0.738905,0.239075,0.395584;0.772685,0.566065,-0.109493,-0.265591
0.736302,0.228878,0.396403;0.77239,0.567732,-0.106605,-0.264063
0.733601,0.218299,0.397298;0.772085,0.569391,-0.103715,-0.26253
0.730803,0.207335,0.398269;0.771768,0.571043,-0.100824,-0.260995
0.727906,0.195981,0.399316;0.771442,0.572686,-0.0979314,-0.259456
0.724909,0.184233,0.400442;0.771105,0.574322,-0.0950376,-0.257913
0.72181,0.172088,0.401647;0.770757,0.57595,-0.0921425,-0.256367
0.718608,0.159541,0.402931;0.7704,0.577571,-0.0892461,-0.254817
0.715303,0.146588,0.404295;0.770031,0.579183,-0.0863486,-0.253264
0.711893,0.133226,0.405741;0.769652,0.580788,-0.0834499,-0.251707
0.708376,0.11945,0.407268;0.769263,0.582385,-0.08055,-0.250147
