0.772832,-0.0254818,0.612428;0.822103,-0.322163,0.190756,0.428918
0.772766,-0.0184277,0.620292;0.829394,-0.317583,0.194528,0.416419
0.772619,-0.0110524,0.628925;0.837479,-0.312254,0.19878,0.40201
0.7724,-0.00439363,0.637184;0.845297,-0.306825,0.202969,0.387473
0.772069,0.00226128,0.646036;0.853769,-0.3006,0.207604,0.370971
0.771652,0.00805318,0.65443;0.861895,-0.294254,0.212155,0.354319
0.771091,0.0135047,0.663229;0.870516,-0.287063,0.217111,0.335649
0.77036,0.0183421,0.672278;0.879496,-0.278987,0.222437,0.314919
0.76935,0.0225495,0.682141;0.889425,-0.269227,0.228559,0.290175
0.768094,0.025328,0.69178;0.899277,-0.258462,0.234935,0.263256
0.766461,0.0263877,0.701585;0.90946,-0.24585,0.241941,0.232176
0.764269,0.0248882,0.711609;0.920041,-0.230467,0.249857,0.194887
0.761696,0.0203029,0.720334;0.929388,-0.213826,0.257704,0.155257
0.759029,0.0133187,0.726965;0.93655,-0.197621,0.264682,0.117321
0.756327,0.00454176,0.731824;0.941778,-0.18194,0.270854,0.0811852
0.753804,-0.00487135,0.73503;0.945147,-0.167753,0.275972,0.0489523
0.751349,-0.0149524,0.737126;0.947208,-0.154259,0.28045,0.0186765
0.748993,-0.0253612,0.738319;0.948173,-0.141507,0.284345,-0.00960058
0.74676,-0.0358125,0.738793;0.948238,-0.129542,0.287714,-0.03585
0.744667,-0.0460695,0.73871;0.947588,-0.1184,0.290608,-0.060054
0.742729,-0.0559374,0.738211;0.946393,-0.108112,0.293077,-0.0822034
0.740778,-0.066207,0.737321;0.944628,-0.0977579,0.295369,-0.104303
0.738819,-0.0768359,0.736055;0.942291,-0.0873452,0.297483,-0.12634
0.737035,-0.0867746,0.734589;0.939674,-0.0778331,0.299249,-0.146308
0.735254,-0.0969433,0.732835;0.936587,-0.0682822,0.300865,-0.166202
0.73348,-0.10731,0.730802;0.933032,-0.0586972,0.302331,-0.186014
0.731716,-0.117843,0.728502;0.929012,-0.049083,0.303646,-0.205732
0.729967,-0.12851,0.725944;0.924529,-0.0394442,0.30481,-0.225349
0.728409,-0.138199,0.723431;0.920098,-0.0307523,0.305727,-0.242907
0.726869,-0.147948,0.720727;0.915296,-0.022048,0.306521,-0.260367
0.72535,-0.157733,0.717837;0.910124,-0.0133348,0.307191,-0.277723
0.723856,-0.167531,0.714771;0.904584,-0.00461613,0.307736,-0.294965
0.722389,-0.177319,0.711537;0.898678,0.00410435,0.308158,-0.312089
0.720953,-0.187074,0.708141;0.892409,0.0128232,0.308454,-0.329086
0.719551,-0.196773,0.704591;0.885779,0.0215368,0.308626,-0.34595
0.718184,-0.206391,0.700896;0.878791,0.0302418,0.308673,-0.362675
0.716858,-0.215907,0.697062;0.871447,0.0389345,0.308595,-0.379253
0.715574,-0.225296,0.693098;0.863752,0.0476114,0.308393,-0.395677
0.714352,-0.234409,0.689069;0.855821,0.0561487,0.308071,-0.411716
0.713154,-0.243538,0.684841;0.852705,0.0726434,0.308384,-0.41535
0.712008,-0.252479,0.6805;0.849338,0.0891167,0.308606,-0.418862
0.710782,-0.262297,0.675485;0.84525,0.107618,0.308747,-0.422664
0.709628,-0.271841,0.670337;0.840847,0.126078,0.308773,-0.426309
0.708548,-0.281093,0.665061;0.83613,0.144492,0.308684,-0.429795
0.707545,-0.290033,0.659662;0.8311,0.162851,0.308479,-0.43312
0.706624,-0.298643,0.654144;0.82576,0.18115,0.308159,-0.436284
0.705786,-0.306904,0.648514;0.820111,0.199381,0.307724,-0.439284
0.704958,-0.315651,0.642133;0.813476,0.21955,0.307105,-0.442425
0.704241,-0.323917,0.635625;0.806466,0.239618,0.306346,-0.445363
0.703642,-0.331677,0.628999;0.799084,0.259576,0.305445,-0.448095
0.703121,-0.339597,0.621581;0.790538,0.28139,0.304291,-0.450861
0.702753,-0.346839,0.614037;0.781551,0.303048,0.302967,-0.453376
0.702543,-0.353368,0.606376;0.772129,0.324536,0.301475,-0.455639
0.7025,-0.359637,0.597898;0.761358,0.347772,0.299655,-0.457816
0.70266,-0.364972,0.589303;0.750082,0.370776,0.297636,-0.45969
0.70307,-0.369645,0.579877;0.737305,0.395419,0.295225,-0.461376
0.703736,-0.373112,0.570345;0.723953,0.419754,0.292585,-0.462702
0.704751,-0.375432,0.559979;0.708943,0.445594,0.289487,-0.463727
0.706086,-0.376216,0.549528;0.693293,0.471032,0.286127,-0.464332
0.707753,-0.375393,0.539011;0.677017,0.496044,0.282509,-0.464519
0.709609,-0.373128,0.529203;0.661355,0.518869,0.27892,-0.464316
0.711771,-0.369359,0.519371;0.645177,0.541289,0.275114,-0.463751
0.714048,-0.364496,0.510286;0.629798,0.561611,0.27141,-0.462909
0.716377,-0.358832,0.501962;0.615332,0.579912,0.267857,-0.461867
0.718702,-0.352651,0.494405;0.601883,0.596269,0.264497,-0.460696
0.721228,-0.345462,0.486866;0.588157,0.612351,0.261015,-0.459313
0.723678,-0.338107,0.480102;0.575572,0.626583,0.257779,-0.457887
0.726297,-0.329894,0.473364;0.562771,0.640582,0.254446,-0.45629
0.728771,-0.32186,0.467399;0.551217,0.652824,0.251403,-0.454727
0.731384,-0.313119,0.461462;0.539499,0.664874,0.248287,-0.45303
0.733786,-0.304882,0.456292;0.529116,0.675257,0.245499,-0.451436
0.736297,-0.296086,0.451149;0.518613,0.685487,0.242657,-0.44974
0.73892,-0.286722,0.446035;0.507992,0.695563,0.239759,-0.447942
0.741656,-0.276781,0.440952;0.497257,0.705481,0.236808,-0.446042
0.744091,-0.267794,0.436621;0.487967,0.713855,0.234235,-0.444334
0.746612,-0.25837,0.432317;0.478595,0.722111,0.231624,-0.442552
0.749218,-0.248506,0.42804;0.469143,0.730248,0.228974,-0.440697
0.751911,-0.238194,0.423793;0.459614,0.738263,0.226286,-0.438769
0.754504,-0.228158,0.419855;0.452308,0.746004,0.222802,-0.435035
0.756849,-0.219004,0.416412;0.446852,0.752956,0.219127,-0.430539
0.759248,-0.209564,0.412994;0.441346,0.759825,0.215427,-0.425995
0.761699,-0.199848,0.409601;0.43579,0.766608,0.211703,-0.421403
0.764199,-0.18987,0.406234;0.430186,0.773306,0.207955,-0.416764
0.766746,-0.179641,0.402897;0.424534,0.779917,0.204184,-0.412078
0.769336,-0.169173,0.399589;0.418834,0.786442,0.20039,-0.407347
0.771967,-0.158478,0.396313;0.413088,0.792878,0.196574,-0.402569
0.774636,-0.147569,0.393071;0.407295,0.799225,0.192735,-0.397747
0.77734,-0.136457,0.389863;0.401457,0.805483,0.188876,-0.392881
0.779619,-0.127051,0.387218;0.396557,0.81063,0.185643,-0.388791
0.781918,-0.11752,0.3846;0.391627,0.815713,0.182396,-0.384672
0.784237,-0.10787,0.382008;0.386666,0.820733,0.179135,-0.380523
0.786573,-0.0981095,0.379444;0.381676,0.825689,0.175859,-0.376344
0.788925,-0.0882446,0.37691;0.376655,0.830581,0.172571,-0.372136
0.791292,-0.0782824,0.374405;0.371605,0.835409,0.169268,-0.367899
0.793672,-0.0682299,0.371932;0.366527,0.840172,0.165953,-0.363634
0.796062,-0.0580941,0.36949;0.36142,0.844869,0.162625,-0.35934
0.798463,-0.047882,0.367081;0.356285,0.849501,0.159284,-0.355018
0.800871,-0.0376007,0.364705;0.351122,0.854067,0.155931,-0.350669
0.803285,-0.027257,0.362364;0.345932,0.858566,0.152565,-0.346293
0.805705,-0.016858,0.360059;0.340715,0.862999,0.149188,-0.341889
0.808127,-0.00641078,0.35779;0.335472,0.867365,0.145799,-0.337459
0.810551,0.00407779,0.355558;0.330203,0.871664,0.142399,-0.333003
0.812975,0.0146007,0.353364;0.324907,0.875895,0.138988,-0.328521
0.815396,0.0251509,0.35121;0.319587,0.880057,0.135566,-0.324014
0.817815,0.0357214,0.349096;0.314242,0.884152,0.132133,-0.319481
0.820228,0.0463053,0.347022;0.308873,0.888178,0.128691,-0.314924
0.822635,0.0568955,0.344991;0.303479,0.892134,0.125238,-0.310342
0.825034,0.0674851,0.343002;0.298062,0.896022,0.121775,-0.305736
0.827423,0.078067,0.341057;0.292622,0.89984,0.118304,-0.301106
0.8298,0.0886342,0.339157;0.287159,0.903588,0.114822,-0.296453
0.832164,0.0991798,0.337303;0.281674,0.907266,0.111332,-0.291777
0.834513,0.109697,0.335495;0.276167,0.910873,0.107834,-0.287078
0.836846,0.120178,0.333734;0.270638,0.91441,0.104327,-0.282357
0.839161,0.130617,0.332022;0.265089,0.917876,0.100811,-0.277614
0.841457,0.141006,0.330359;0.259518,0.92127,0.0972884,-0.272849
0.843731,0.151338,0.328746;0.253928,0.924593,0.0937579,-0.268064
0.845983,0.161607,0.327184;0.248318,0.927844,0.09022,-0.263257
0.84821,0.171806,0.325674;0.242689,0.931023,0.0866752,-0.25843
0.850411,0.181926,0.324218;0.237041,0.93413,0.0831236,-0.253583
0.852584,0.191962,0.322815;0.231374,0.937164,0.0795656,-0.248716
0.854728,0.201907,0.321467;0.22569,0.940125,0.0760014,-0.24383
0.856841,0.211753,0.320174;0.219988,0.943013,0.0724312,-0.238925
0.858921,0.221493,0.318938;0.214268,0.945828,0.0688555,-0.234001
0.861373,0.233032,0.317531;0.207384,0.94911,0.0645576,-0.228069
0.863772,0.244397,0.316209;0.200475,0.952285,0.0602525,-0.222111
0.866117,0.255575,0.314973;0.193545,0.955353,0.0559406,-0.216128
0.868404,0.266556,0.313824;0.186593,0.958315,0.0516225,-0.210122
0.87063,0.277325,0.312764;0.17962,0.961169,0.0472985,-0.204091
0.872794,0.287873,0.311796;0.172627,0.963916,0.0429694,-0.198038
0.874891,0.298185,0.310919;0.165614,0.966555,0.0386354,-0.191963
0.87692,0.308251,0.310137;0.158583,0.969087,0.034297,-0.185866
0.878877,0.318058,0.30945;0.151535,0.971509,0.0299549,-0.179749
0.881066,0.329157,0.308772;0.14329,0.974199,0.0248848,-0.172586
0.883149,0.339867,0.308228;0.135023,0.976739,0.019811,-0.165397
0.885123,0.35017,0.307822;0.126736,0.979132,0.0147341,-0.158184
0.886981,0.360047,0.307556;0.11843,0.981375,0.00965505,-0.150946
0.88896,0.370789,0.307426;0.108914,0.983756,0.00384862,-0.142645
0.890776,0.380919,0.307485;0.0993777,0.985941,-0.00195858,-0.134317
0.892617,0.391551,0.307784;0.0886254,0.988165,-0.00849115,-0.124916
0.894401,0.402366,0.308409;0.0766522,0.990344,-0.015747,-0.114433
0.89603,0.412983,0.309463;0.0634545,0.992386,-0.0237227,-0.102861
0.897389,0.422954,0.31106;0.0490299,0.994188,-0.0324132,-0.0901934
0.898441,0.432907,0.313733;0.030969,0.995816,-0.0432554,-0.0743025
0.898629,0.441818,0.318782;0.00565029,0.996925,-0.0583821,-0.0519706
0.896358,0.443765,0.327993;-0.028114,0.996279,-0.078423,-0.0220893
0.893043,0.438052,0.335931;-0.0509916,0.994459,-0.0919164,-0.00177766
0.889896,0.430636,0.342179;-0.071353,0.992485,-0.0989973,0.00902995
0.886806,0.422476,0.347749;-0.0972779,0.990098,-0.100533,0.0116651
0.883799,0.414037,0.352856;-0.119447,0.98751,-0.101795,0.0139175
0.880768,0.405191,0.357796;-0.139716,0.9847,-0.102907,0.015976
0.877797,0.396271,0.362491;-0.158091,0.981783,-0.103879,0.0178416
0.874958,0.387562,0.366877;-0.174581,0.978863,-0.104723,0.0195152
0.871969,0.378237,0.371408;-0.191021,0.975666,-0.105538,0.0211833
0.869193,0.369454,0.375553;-0.20559,0.972591,-0.106237,0.0226611
0.86631,0.360226,0.379804;-0.220112,0.969298,-0.106911,0.0241337
0.863327,0.350573,0.384157;-0.234585,0.965787,-0.107562,0.0256009
0.860248,0.340516,0.388608;-0.249006,0.96206,-0.108189,0.0270624
0.85748,0.3314,0.39258;-0.261578,0.958621,-0.108718,0.0283363
0.854646,0.322002,0.396621;-0.274105,0.955018,-0.109228,0.0296052
0.851751,0.312335,0.400727;-0.286585,0.951251,-0.109719,0.0308691
0.848797,0.302415,0.404898;-0.299016,0.94732,-0.110191,0.0321277
0.84579,0.292252,0.409129;-0.311396,0.943227,-0.110644,0.0333808
0.842731,0.281862,0.413418;-0.323722,0.938971,-0.111079,0.0346281
0.840072,0.272784,0.417138;-0.334243,0.935195,-0.111436,0.0356925
0.837381,0.263557,0.420898;-0.344721,0.931301,-0.111779,0.0367524
0.834659,0.254188,0.424694;-0.355157,0.92729,-0.112108,0.0378077
0.83191,0.244687,0.428526;-0.365547,0.923161,-0.112423,0.0388582
0.829135,0.235062,0.432391;-0.375892,0.918916,-0.112723,0.0399037
0.826338,0.22532,0.436288;-0.386188,0.914555,-0.11301,0.0409443
0.823519,0.215472,0.440215;-0.396437,0.910079,-0.113282,0.0419797
0.820682,0.205523,0.444171;-0.406635,0.905487,-0.113539,0.0430098
0.817829,0.195484,0.448153;-0.416781,0.900782,-0.113783,0.0440344
0.814962,0.185363,0.45216;-0.426876,0.895962,-0.114012,0.0450535
0.812083,0.175168,0.456191;-0.436916,0.89103,-0.114227,0.046067
0.809195,0.164907,0.460243;-0.446901,0.885985,-0.114427,0.0470746
0.8063,0.154588,0.464314;-0.45683,0.880829,-0.114613,0.0480762
0.8034,0.144221,0.468404;-0.466701,0.875561,-0.114784,0.0490718
0.800498,0.133813,0.47251;-0.476513,0.870182,-0.114941,0.0500612
0.797595,0.123373,0.47663;-0.486265,0.864694,-0.115084,0.0510443
0.794695,0.112909,0.480763;-0.495956,0.859097,-0.115212,0.0520209
0.791799,0.10243,0.484907;-0.505584,0.853391,-0.115325,0.052991
0.78891,0.091944,0.48906;-0.515148,0.847578,-0.115424,0.0539544
0.786031,0.0814592,0.493221;-0.524648,0.841658,-0.115508,0.054911
0.783162,0.0709842,0.497388;-0.534081,0.835631,-0.115578,0.0558606
0.780307,0.0605274,0.501559;-0.543446,0.829499,-0.115633,0.0568032
0.777468,0.050097,0.505732;-0.552743,0.823262,-0.115673,0.0577386
0.774647,0.0397016,0.509905;-0.561971,0.816922,-0.115699,0.0586668
0.771847,0.0293494,0.514078;-0.571127,0.810478,-0.11571,0.0595875
0.76907,0.0190489,0.518248;-0.580211,0.803932,-0.115707,0.0605007
0.766318,0.00880842,0.522413;-0.589222,0.797284,-0.115689,0.0614063
0.763593,-0.00136362,0.526571;-0.598159,0.790536,-0.115656,0.0623041
0.760898,-0.0114589,0.530722;-0.60702,0.783688,-0.115609,0.0631941
0.758235,-0.0214689,0.534862;-0.615805,0.776741,-0.115548,0.0640761
0.755607,-0.0313854,0.538991;-0.624512,0.769697,-0.115471,0.06495
0.753015,-0.0411999,0.543107;-0.63314,0.762555,-0.11538,0.0658157
0.750462,-0.0509041,0.547208;-0.641688,0.755316,-0.115275,0.0666731
0.74795,-0.0604896,0.551292;-0.650155,0.747983,-0.115155,0.0675221
0.745482,-0.069948,0.555357;-0.65854,0.740555,-0.11502,0.0683626
0.74306,-0.0792709,0.559402;-0.666842,0.733033,-0.114871,0.0691944
0.740685,-0.08845,0.563426;-0.67506,0.725419,-0.114708,0.0700175
0.738362,-0.0974768,0.567425;-0.683193,0.717714,-0.11453,0.0708318
0.735717,-0.107805,0.572059;-0.692572,0.70861,-0.114304,0.0717704
0.733149,-0.1179,0.576655;-0.701832,0.699384,-0.114058,0.0726968
0.730659,-0.127751,0.581211;-0.710971,0.690038,-0.113793,0.0736106
0.728252,-0.137343,0.585724;-0.719989,0.680573,-0.113508,0.0745118
0.725931,-0.146663,0.590191;-0.728882,0.670992,-0.113204,0.0754002
0.7237,-0.155698,0.59461;-0.737651,0.661295,-0.11288,0.0762757
0.721266,-0.165657,0.599597;-0.747517,0.650074,-0.112487,0.0772602
0.718959,-0.175207,0.604513;-0.757215,0.638707,-0.112068,0.0782273
0.716786,-0.184327,0.609354;-0.766743,0.627197,-0.111624,0.0791769
0.714751,-0.192998,0.614115;-0.776099,0.615546,-0.111155,0.0801087
0.712634,-0.202191,0.619372;-0.786417,0.602274,-0.110597,0.0811355
0.710708,-0.210761,0.624518;-0.796511,0.588831,-0.110008,0.0821392
0.7088,-0.21952,0.630097;-0.807461,0.573698,-0.109317,0.0832272
0.706996,-0.22818,0.636057;-0.81918,0.55682,-0.108513,0.0843902
0.705397,-0.236405,0.642336;-0.831567,0.538138,-0.107583,0.085618
0.704041,-0.244302,0.649348;-0.845487,0.516,-0.106429,0.0869959
0.703199,-0.250955,0.656922;-0.860685,0.490266,-0.105021,0.0884973
0.703311,-0.255592,0.666099;-0.879457,0.455826,-0.103031,0.0903472
0.705372,-0.254591,0.675796;-0.90003,0.413912,-0.100453,0.0923672
0.708836,-0.247853,0.682823;-0.915789,0.378,-0.0981182,0.0939078
0.712338,-0.239531,0.687174;-0.926181,0.351987,-0.0963572,0.0949194
0.715888,-0.230391,0.690312;-0.930827,0.341358,-0.0936749,0.0908865
0.719866,-0.219669,0.69295;-0.930447,0.346127,-0.0894585,0.0803871
0.723696,-0.209043,0.694926;-0.930009,0.350174,-0.0858337,0.071378
0.727169,-0.199231,0.696376;-0.929565,0.353516,-0.0828057,0.0638643
0.730887,-0.188591,0.697654;-0.92905,0.356831,-0.0797714,0.0563456
0.734837,-0.177165,0.698764;-0.928463,0.360118,-0.0767309,0.0488227
0.738158,-0.167486,0.699533;-0.927942,0.362728,-0.0742942,0.0428016
0.741615,-0.157351,0.7002;-0.927375,0.36532,-0.0718539,0.0367783
0.745202,-0.14678,0.700766;-0.926763,0.367895,-0.0694101,0.0307533
0.748914,-0.135795,0.701234;-0.926105,0.370451,-0.0669628,0.0247268
0.752745,-0.124417,0.701606;-0.925402,0.372988,-0.0645122,0.018699
0.75669,-0.112666,0.701884;-0.924652,0.375508,-0.0620585,0.0126703
0.760742,-0.100563,0.702071;-0.923858,0.378009,-0.0596017,0.006641
0.764897,-0.0881304,0.702169;-0.923017,0.380491,-0.0571419,0.000611362
0.768076,-0.0786011,0.702185;-0.922357,0.382341,-0.0552953,-0.0039109
0.771307,-0.0689064,0.702154;-0.921672,0.384179,-0.0534471,-0.00843306
0.774587,-0.0590551,0.702075;-0.92096,0.386008,-0.0515974,-0.012955
0.777914,-0.0490561,0.701951;-0.920224,0.387825,-0.0497463,-0.0174765
0.781285,-0.0389181,0.701781;-0.919461,0.389632,-0.0478938,-0.0219976
0.784699,-0.02865,0.701568;-0.918674,0.391428,-0.04604,-0.0265181
0.788152,-0.0182606,0.701311;-0.917861,0.393213,-0.0441849,-0.0310378
0.791642,-0.00775872,0.701013;-0.917022,0.394987,-0.0423286,-0.0355567
0.795167,0.00284681,0.700673;-0.916158,0.39675,-0.0404711,-0.0400746
0.798725,0.0135472,0.700293;-0.915269,0.398502,-0.0386125,-0.0445914
0.802312,0.0243335,0.699873;-0.914354,0.400244,-0.0367528,-0.0491069
0.805927,0.0351971,0.699416;-0.913414,0.401974,-0.0348921,-0.0536211
0.809567,0.046129,0.698921;-0.912448,0.403693,-0.0330304,-0.0581338
0.81323,0.0571204,0.69839;-0.911457,0.4054,-0.0311678,-0.0626449
0.816913,0.0681626,0.697823;-0.910442,0.407097,-0.0293044,-0.0671542
0.820614,0.0792467,0.697222;-0.9094,0.408782,-0.0274401,-0.0716617
0.824331,0.0903638,0.696587;-0.908334,0.410456,-0.0255751,-0.0761672
0.828061,0.101505,0.695919;-0.907242,0.412119,-0.0237094,-0.0806706
0.831801,0.112662,0.695221;-0.906125,0.41377,-0.021843,-0.0851717
0.83555,0.123825,0.694491;-0.904984,0.415409,-0.019976,-0.0896705
0.839304,0.134986,0.693732;-0.903817,0.417037,-0.0181085,-0.0941668
0.843062,0.146137,0.692944;-0.902625,0.418654,-0.0162404,-0.0986605
0.846821,0.157267,0.692128;-0.901408,0.420259,-0.0143719,-0.103152
0.850578,0.168368,0.691286;-0.900166,0.421852,-0.012503,-0.10764
0.854332,0.179432,0.690417;-0.898899,0.423434,-0.0106338,-0.112125
0.858079,0.19045,0.689524;-0.897607,0.425004,-0.00876427,-0.116607
0.861818,0.201413,0.688607;-0.89629,0.426562,-0.00689449,-0.121086
0.865545,0.212311,0.687667;-0.894948,0.428108,-0.00502452,-0.125561
0.86926,0.223137,0.686705;-0.893582,0.429643,-0.00315441,-0.130033
0.872958,0.233881,0.685722;-0.892191,0.431165,-0.00128422,-0.134501
0.876638,0.244535,0.684718;-0.890775,0.432676,0.000586015,-0.138966
0.880297,0.255089,0.683696;-0.889334,0.434174,0.00245623,-0.143427
0.883933,0.265535,0.682655;-0.887869,0.435661,0.00432638,-0.147883
0.887544,0.275865,0.681598;-0.886379,0.437135,0.0061964,-0.152336
0.891126,0.286068,0.680524;-0.884865,0.438598,0.00806626,-0.156785
0.894678,0.296137,0.679434;-0.883326,0.440048,0.00993589,-0.161229
0.898198,0.306063,0.67833;-0.881762,0.441486,0.0118052,-0.165668
0.901682,0.315836,0.677213;-0.880175,0.442911,0.0136743,-0.170103
0.905129,0.325448,0.676084;-0.878562,0.444325,0.0155429,-0.174534
0.908535,0.334891,0.674943;-0.876926,0.445726,0.0174111,-0.178959
0.913011,0.347201,0.673405;-0.874706,0.447575,0.0199013,-0.184852
0.917405,0.359173,0.671851;-0.872443,0.449402,0.0223906,-0.190736
0.921713,0.370786,0.670283;-0.870137,0.451207,0.0248787,-0.19661
0.925928,0.382018,0.668703;-0.867788,0.452989,0.0273656,-0.202475
0.930044,0.392849,0.667113;-0.865396,0.45475,0.0298511,-0.20833
0.934057,0.403257,0.665516;-0.862962,0.456487,0.0323352,-0.214174
0.937959,0.413222,0.663914;-0.860485,0.458203,0.0348177,-0.220008
0.941746,0.422724,0.66231;-0.857966,0.459896,0.0372984,-0.225831
0.946309,0.433916,0.660303;-0.854757,0.46198,0.0403968,-0.233095
0.950671,0.444309,0.6583;-0.851483,0.464028,0.043492,-0.24034
0.954822,0.453863,0.656305;-0.848143,0.466041,0.0465839,-0.247567
0.959507,0.464162,0.653928;-0.844049,0.468409,0.0502894,-0.256214
0.963851,0.473123,0.651577;-0.839861,0.470725,0.0539894,-0.264832
0.968464,0.481792,0.648876;-0.834858,0.473361,0.0582984,-0.27485
0.973626,0.48994,0.64549;-0.828241,0.476645,0.0638255,-0.287668
0.980142,0.495417,0.640128;-0.816753,0.481854,0.0730013,-0.308872
0.984038,0.488164,0.634609;-0.80305,0.487354,0.0833391,-0.332643
0.984458,0.478013,0.631983;-0.795505,0.49009,0.0887826,-0.34511
0.983942,0.466895,0.630104;-0.7895,0.492134,0.0930012,-0.354746
0.982889,0.455027,0.628618;-0.784257,0.493827,0.096606,-0.362964
0.981565,0.443436,0.627473;-0.779822,0.495196,0.0996018,-0.369781
0.980206,0.433019,0.626622;-0.776231,0.496263,0.101993,-0.375214
0.978574,0.421562,0.62583;-0.772602,0.497306,0.104379,-0.380629
0.976663,0.409046,0.6251;-0.768934,0.498325,0.10676,-0.386025
0.975044,0.398951,0.624594;-0.766158,0.499073,0.108542,-0.390059
0.973263,0.388238,0.624126;-0.763362,0.499807,0.110322,-0.394083
0.971316,0.3769,0.623695;-0.760544,0.500527,0.112098,-0.398096
0.969203,0.364927,0.623304;-0.757705,0.501233,0.113871,-0.402097
0.96692,0.352311,0.622952;-0.754844,0.501926,0.115641,-0.406088
0.964465,0.339043,0.622642;-0.751964,0.502604,0.117408,-0.410067
0.961835,0.325114,0.622373;-0.749062,0.503269,0.119171,-0.414035
0.959029,0.310515,0.622147;-0.746139,0.503919,0.120931,-0.417992
0.957059,0.300406,0.62202;-0.744179,0.504345,0.122103,-0.420623
0.955008,0.289992,0.621914;-0.74221,0.504765,0.123273,-0.423249
0.952876,0.279272,0.621827;-0.740232,0.505179,0.124442,-0.42587
0.950663,0.268242,0.621761;-0.738245,0.505586,0.125609,-0.428486
0.948367,0.2569,0.621715;-0.736248,0.505987,0.126774,-0.431096
