0.943321,0.0245751,0.429715;-0.486845,0.865613,0.0525633,-0.104564
0.938432,0.0336411,0.430196;-0.488799,0.864483,0.0496591,-0.106201
0.933589,0.0426222,0.43067;-0.490745,0.863339,0.046754,-0.107835
0.928791,0.051519,0.431138;-0.492684,0.862181,0.0438482,-0.109468
0.924039,0.0603315,0.431598;-0.494614,0.86101,0.0409416,-0.111099
0.916997,0.0733932,0.432276;-0.497495,0.859226,0.0365806,-0.113542
0.910056,0.0862672,0.432938;-0.500357,0.857411,0.0322182,-0.115981
0.903217,0.0989545,0.433585;-0.503201,0.855564,0.0278546,-0.118415
0.896478,0.111456,0.434217;-0.506027,0.853687,0.0234901,-0.120845
0.889839,0.123773,0.434833;-0.508834,0.851778,0.0191246,-0.123271
0.8833,0.135906,0.435435;-0.511623,0.849838,0.0147585,-0.125693
0.876859,0.147856,0.436021;-0.514393,0.847868,0.0103919,-0.12811
0.870517,0.159625,0.436593;-0.517145,0.845866,0.00602482,-0.130522
0.864273,0.171213,0.43715;-0.519877,0.843834,0.00165756,-0.132929
0.858125,0.182621,0.437692;-0.522591,0.84177,-0.00270976,-0.135332
0.852075,0.19385,0.43822;-0.525285,0.839676,-0.00707698,-0.137729
0.84612,0.204902,0.438733;-0.52796,0.837552,-0.0114439,-0.140122
0.84026,0.215776,0.439232;-0.530616,0.835397,-0.0158105,-0.142509
0.834496,0.226475,0.439717;-0.533253,0.833211,-0.0201765,-0.144891
0.828825,0.237,0.440188;-0.53587,0.830995,-0.0245417,-0.147268
0.823249,0.24735,0.440644;-0.538468,0.828749,-0.028906,-0.14964
0.817765,0.257528,0.441086;-0.541046,0.826472,-0.0332693,-0.152006
0.812374,0.267534,0.441515;-0.543605,0.824165,-0.0376314,-0.154367
0.807074,0.277369,0.44193;-0.546143,0.821829,-0.0419921,-0.156722
0.801866,0.287034,0.442331;-0.548662,0.819462,-0.0463513,-0.159071
0.796749,0.29653,0.442718;-0.55116,0.817066,-0.0507087,-0.161415
0.791722,0.305859,0.443092;-0.553639,0.814639,-0.0550644,-0.163752
0.786784,0.315021,0.443453;-0.556097,0.812183,-0.059418,-0.166084
0.781935,0.324016,0.4438;-0.558535,0.809697,-0.0637694,-0.168409
0.777175,0.332848,0.444134;-0.560953,0.807182,-0.0681186,-0.170729
0.770965,0.344368,0.444559;-0.564145,0.803783,-0.0739135,-0.173812
0.764909,0.355599,0.44496;-0.5673,0.800331,-0.0797037,-0.176883
0.759007,0.366543,0.445339;-0.570418,0.796828,-0.0854887,-0.179943
0.753256,0.377204,0.445696;-0.5735,0.793273,-0.0912681,-0.182992
0.747657,0.387582,0.44603;-0.576544,0.789667,-0.0970416,-0.186028
0.742206,0.397681,0.446341;-0.579551,0.786009,-0.102809,-0.189053
0.736904,0.407503,0.446631;-0.58252,0.7823,-0.108569,-0.192065
0.731748,0.41705,0.446899;-0.585452,0.778541,-0.114323,-0.195065
0.726737,0.426325,0.447145;-0.588345,0.774731,-0.120069,-0.198052
0.721869,0.43533,0.447371;-0.591201,0.770871,-0.125807,-0.201026
0.715985,0.446209,0.447623;-0.594716,0.765976,-0.132969,-0.204726
0.710321,0.456675,0.447842;-0.598171,0.761003,-0.140117,-0.208405
0.704873,0.466732,0.448029;-0.601566,0.755953,-0.147251,-0.212063
0.69964,0.476384,0.448185;-0.6049,0.750827,-0.154369,-0.215699
0.694619,0.485637,0.44831;-0.608172,0.745624,-0.161473,-0.219313
0.689807,0.494494,0.448404;-0.611383,0.740346,-0.168559,-0.222905
0.684304,0.504608,0.448477;-0.615154,0.733913,-0.177041,-0.227186
0.679093,0.514166,0.448507;-0.618835,0.727374,-0.185497,-0.231434
0.67417,0.523178,0.448496;-0.622426,0.720728,-0.193926,-0.235648
0.668785,0.533012,0.44843;-0.626501,0.712842,-0.203723,-0.24052
0.663777,0.542125,0.448309;-0.630452,0.704814,-0.21348,-0.245345
0.658507,0.551674,0.448106;-0.634813,0.695468,-0.22458,-0.2508
0.653142,0.561335,0.447795;-0.639523,0.684738,-0.236996,-0.256859
0.647865,0.570757,0.447352;-0.64451,0.672553,-0.250701,-0.263491
0.642865,0.579569,0.446749;-0.649694,0.658835,-0.265659,-0.270664
0.637678,0.588508,0.445814;-0.655831,0.64091,-0.284507,-0.2796
0.632444,0.59704,0.444172;-0.663693,0.614422,-0.311038,-0.29198
0.629428,0.598606,0.438786;-0.678389,0.545412,-0.373821,-0.320271
0.63282,0.589419,0.435253;-0.683515,0.506596,-0.405696,-0.334034
0.636668,0.58007,0.43273;-0.685855,0.48046,-0.425942,-0.342541
0.640716,0.570538,0.430539;-0.68718,0.458512,-0.442242,-0.349246
0.644769,0.561133,0.428589;-0.687881,0.439409,-0.455934,-0.354773
0.648924,0.551568,0.426749;-0.688171,0.421673,-0.468252,-0.359657
0.653042,0.542131,0.425035;-0.688142,0.405369,-0.479251,-0.363944
0.657006,0.533066,0.423463;-0.687877,0.390555,-0.488984,-0.367677
0.661199,0.523487,0.421866;-0.687387,0.375613,-0.498557,-0.371289
0.665606,0.513421,0.420246;-0.686671,0.360548,-0.507966,-0.374779
0.669688,0.504087,0.418789;-0.685845,0.347057,-0.516189,-0.377778
0.673916,0.494407,0.417318;-0.684842,0.333476,-0.524279,-0.380679
0.678277,0.484401,0.415834;-0.683661,0.319809,-0.532233,-0.383481
0.682761,0.474088,0.41434;-0.682303,0.306058,-0.540049,-0.386184
0.686776,0.464828,0.413025;-0.680969,0.293962,-0.546773,-0.388467
0.69087,0.455359,0.411705;-0.6795,0.281807,-0.553389,-0.390673
0.695035,0.445695,0.410381;-0.677897,0.269596,-0.559894,-0.392801
0.699263,0.435848,0.409054;-0.676158,0.257331,-0.566289,-0.394851
0.703942,0.424904,0.407603;-0.676216,0.25404,-0.5693,-0.392547
0.70847,0.414266,0.406215;-0.677713,0.258093,-0.569396,-0.387145
0.713049,0.403462,0.404828;-0.679177,0.262135,-0.569465,-0.381724
0.717675,0.392499,0.403441;-0.680609,0.266163,-0.569507,-0.376285
0.722342,0.381386,0.402055;-0.682008,0.270179,-0.569522,-0.370827
0.727048,0.37013,0.400673;-0.683375,0.274182,-0.569509,-0.365353
0.731788,0.358739,0.399293;-0.684708,0.278172,-0.56947,-0.35986
0.735602,0.349534,0.398192;-0.685752,0.281354,-0.569418,-0.355454
0.739432,0.340251,0.397094;-0.686774,0.284527,-0.569349,-0.351037
0.743278,0.330895,0.395999;-0.687776,0.287692,-0.569263,-0.346609
0.747136,0.32147,0.394908;-0.688756,0.290848,-0.569159,-0.34217
0.751005,0.311979,0.393821;-0.689715,0.293996,-0.569038,-0.337721
0.754882,0.302427,0.392739;-0.690653,0.297134,-0.568899,-0.333261
0.758766,0.292817,0.391662;-0.69157,0.300263,-0.568743,-0.328792
0.762654,0.283154,0.390591;-0.692466,0.303383,-0.56857,-0.324312
0.766544,0.273441,0.389525;-0.693341,0.306493,-0.568379,-0.319822
0.770434,0.263683,0.388465;-0.694194,0.309594,-0.56817,-0.315323
0.774322,0.253884,0.387412;-0.695026,0.312686,-0.567945,-0.310814
0.778206,0.244047,0.386366;-0.695837,0.315768,-0.567702,-0.306295
0.782083,0.234176,0.385328;-0.696626,0.318841,-0.567441,-0.301767
0.785952,0.224277,0.384297;-0.697394,0.321903,-0.567163,-0.29723
0.789811,0.214351,0.383275;-0.698141,0.324956,-0.566868,-0.292684
0.793656,0.204404,0.382262;-0.698866,0.327999,-0.566555,-0.288128
0.797487,0.19444,0.381257;-0.69957,0.331032,-0.566225,-0.283564
0.801301,0.184462,0.380263;-0.700253,0.334054,-0.565878,-0.278991
0.805096,0.174475,0.379278;-0.700914,0.337067,-0.565513,-0.27441
0.808869,0.164482,0.378303;-0.701553,0.340069,-0.565131,-0.26982
0.812619,0.154488,0.377339;-0.702171,0.343061,-0.564732,-0.265222
0.816344,0.144497,0.376387;-0.702768,0.346042,-0.564315,-0.260616
0.820041,0.134512,0.375446;-0.703343,0.349013,-0.563881,-0.256002
0.823709,0.124537,0.374517;-0.703896,0.351972,-0.56343,-0.25138
0.827344,0.114577,0.3736;-0.704428,0.354922,-0.562962,-0.24675
0.830946,0.104636,0.372696;-0.704939,0.35786,-0.562476,-0.242113
0.834512,0.094717,0.371806;-0.705427,0.360787,-0.561973,-0.237468
0.838039,0.0848246,0.370929;-0.705895,0.363703,-0.561453,-0.232816
0.841526,0.0749628,0.370066;-0.70634,0.366608,-0.560916,-0.228157
0.844971,0.0651355,0.369218;-0.706764,0.369502,-0.560361,-0.223491
0.848371,0.0553467,0.368384;-0.707166,0.372385,-0.559789,-0.218818
0.851725,0.0456005,0.367566;-0.707547,0.375256,-0.559201,-0.214139
0.855029,0.0359008,0.366764;-0.707906,0.378115,-0.558595,-0.209452
0.858283,0.0262516,0.365977;-0.708243,0.380964,-0.557972,-0.20476
0.861484,0.016657,0.365207;-0.708558,0.3838,-0.557331,-0.200061
0.86463,0.00712092,0.364455;-0.708852,0.386625,-0.556674,-0.195356
0.868481,-0.0047108,0.363538;-0.709189,0.390139,-0.555829,-0.189466
0.872238,-0.016437,0.362649;-0.709492,0.393634,-0.554957,-0.183568
0.875898,-0.0280499,0.361789;-0.70976,0.397111,-0.554058,-0.17766
0.879456,-0.0395416,0.360958;-0.709995,0.400568,-0.553133,-0.171744
0.882907,-0.0509044,0.360158;-0.710196,0.404007,-0.552181,-0.16582
0.886249,-0.0621304,0.359389;-0.710363,0.407426,-0.551203,-0.159888
0.889476,-0.0732119,0.358652;-0.710496,0.410825,-0.550198,-0.153948
0.892584,-0.084141,0.357947;-0.710595,0.414205,-0.549167,-0.148001
0.89557,-0.0949098,0.357276;-0.71066,0.417565,-0.54811,-0.142046
0.898429,-0.105511,0.35664;-0.71069,0.420905,-0.547027,-0.136085
0.901157,-0.115936,0.356038;-0.710687,0.424225,-0.545917,-0.130118
0.90375,-0.126177,0.355473;-0.71065,0.427525,-0.544782,-0.124144
0.906204,-0.136227,0.354944;-0.710579,0.430804,-0.54362,-0.118164
0.908514,-0.146078,0.354453;-0.710474,0.434063,-0.542432,-0.112179
0.911092,-0.157625,0.353914;-0.710302,0.437946,-0.540973,-0.104989
0.913449,-0.16886,0.353432;-0.710082,0.441798,-0.539476,-0.0977924
0.91558,-0.17977,0.353007;-0.709813,0.44562,-0.537942,-0.0905888
0.917477,-0.190341,0.352643;-0.709495,0.449412,-0.536371,-0.0833791
0.919133,-0.20056,0.352338;-0.709128,0.453172,-0.534762,-0.0761635
0.92075,-0.21202,0.352062;-0.708639,0.45752,-0.53284,-0.0677388
0.922018,-0.22296,0.351873;-0.708082,0.461825,-0.530867,-0.0593078
0.922926,-0.233359,0.351773;-0.707459,0.466087,-0.528845,-0.0508711
0.923507,-0.244555,0.35177;-0.706667,0.470903,-0.526472,-0.0412235
0.923585,-0.254985,0.35189;-0.705787,0.475662,-0.524036,-0.0315707
0.92305,-0.265763,0.352175;-0.704694,0.480947,-0.521218,-0.0207069
0.921674,-0.276396,0.352678;-0.703366,0.486672,-0.518025,-0.00875538
0.919265,-0.286323,0.353439;-0.699886,0.521,-0.487904,-0.0258406
0.915389,-0.295891,0.354571;-0.693862,0.558703,-0.452057,-0.0452885
0.909942,-0.304247,0.356085;-0.684893,0.597576,-0.411634,-0.0661957
0.902756,-0.311076,0.358008;-0.67243,0.636988,-0.366419,-0.0884379
0.894025,-0.315969,0.360275;-0.656511,0.674953,-0.317952,-0.111077
0.884504,-0.31878,0.362685;-0.638302,0.708692,-0.269779,-0.132457
0.874834,-0.319872,0.365078;-0.618964,0.737329,-0.224016,-0.151807
0.864897,-0.319686,0.367487;-0.598231,0.762319,-0.179237,-0.16989
0.854867,-0.31849,0.369869;-0.57642,0.783882,-0.135677,-0.186709
0.844892,-0.31652,0.37219;-0.553829,0.802251,-0.0935322,-0.202281
0.835094,-0.313977,0.374422;-0.530734,0.817671,-0.0529675,-0.216634
0.825576,-0.311033,0.376545;-0.507389,0.830389,-0.0141156,-0.229805
0.815959,-0.307664,0.37864;-0.482832,0.841124,0.0247701,-0.242427
0.806765,-0.304131,0.380594;-0.458371,0.849478,0.0617504,-0.253909
0.797592,-0.300352,0.38249;-0.432916,0.855992,0.0985968,-0.264842
0.788494,-0.296394,0.384313;-0.406522,0.86065,0.13523,-0.2752
0.779525,-0.292324,0.386046;-0.379248,0.863442,0.171569,-0.284962
0.770306,-0.288006,0.387753;-0.349726,0.86436,0.209324,-0.294547
0.761351,-0.283717,0.389325;-0.319368,0.863212,0.246579,-0.303427
0.752321,-0.279342,0.390807;-0.286747,0.859797,0.284974,-0.311953
0.743342,-0.274994,0.392154;-0.251841,0.853816,0.324314,-0.319991
0.734212,-0.270647,0.393356;-0.213085,0.84454,0.366017,-0.327687
0.724892,-0.266407,0.394339;-0.168827,0.830757,0.411245,-0.334988
0.715596,-0.262605,0.394939;-0.117379,0.810689,0.460786,-0.341588
0.705945,-0.259751,0.394773;-0.0489117,0.777545,0.521886,-0.347371
0.697521,-0.26198,0.3917;0.0737727,0.727564,0.589301,-0.343414
0.698183,-0.270556,0.386585;0.185662,0.712023,0.594691,-0.323875
0.701982,-0.278952,0.382032;0.261254,0.695881,0.593854,-0.307949
0.706783,-0.286785,0.377847;0.321914,0.679444,0.590417,-0.293488
0.712374,-0.294462,0.373711;0.376888,0.661697,0.585038,-0.279005
0.718332,-0.301625,0.369763;0.426279,0.643278,0.578241,-0.264798
0.724927,-0.308646,0.365752;0.474379,0.622912,0.569694,-0.249789
0.731703,-0.315017,0.361922;0.519047,0.601666,0.559904,-0.234725
0.739139,-0.321096,0.357991;0.564206,0.577674,0.548013,-0.218282
0.746799,-0.326352,0.354206;0.607657,0.551933,0.534462,-0.201178
0.755215,-0.330865,0.350338;0.652796,0.522063,0.5179,-0.181898
0.764208,-0.334002,0.346553;0.69892,0.487709,0.497935,-0.160348
0.773504,-0.334947,0.343067;0.745209,0.448548,0.47418,-0.136458
0.782996,-0.332535,0.340083;0.792117,0.40284,0.445325,-0.10934
0.79084,-0.326447,0.338271;0.831884,0.357841,0.415902,-0.0833322
0.796369,-0.318168,0.337606;0.86176,0.318924,0.389739,-0.0613254
0.800165,-0.30873,0.337712;0.884478,0.285346,0.366682,-0.042667
0.802715,-0.298694,0.338329;0.902176,0.255989,0.34618,-0.0265867
0.804379,-0.288171,0.339315;0.916505,0.229494,0.327416,-0.0122507
0.805333,-0.277661,0.340533;0.927942,0.206033,0.310603,0.000308765
0.80575,-0.267646,0.341856;0.936917,0.18574,0.295913,0.0110742
0.805792,-0.257618,0.343302;0.944466,0.167002,0.282234,0.0209348
0.805491,-0.246754,0.344981;0.951361,0.148149,0.268359,0.0307809
0.804907,-0.236132,0.346714;0.957058,0.13092,0.255583,0.0397135
0.804075,-0.225408,0.348542;0.960635,0.111138,0.251006,0.0427219
0.803041,-0.21463,0.350443;0.963411,0.0916804,0.247874,0.0446242
0.801938,-0.204609,0.352259;0.965556,0.0743539,0.245008,0.0463002
0.800676,-0.194203,0.354188;0.967396,0.0570038,0.242064,0.0479615
0.799264,-0.183439,0.356222;0.96893,0.0396358,0.239044,0.0496076
0.797717,-0.172344,0.358357;0.970159,0.0222552,0.235948,0.0512381
0.796261,-0.162386,0.360301;0.970982,0.00704123,0.233178,0.0526516
0.794718,-0.152212,0.362314;0.971571,-0.00817443,0.230351,0.0540523
0.793095,-0.141842,0.36439;0.971924,-0.0233881,0.227469,0.0554399
0.791403,-0.131294,0.366525;0.972043,-0.0385961,0.224532,0.0568141
0.789647,-0.120586,0.368717;0.971927,-0.0537948,0.221541,0.0581746
0.787837,-0.109736,0.370959;0.971575,-0.0689805,0.218496,0.0595211
0.78598,-0.0987618,0.373249;0.970989,-0.0841495,0.215398,0.0608531
0.784084,-0.0876821,0.375582;0.970168,-0.0992982,0.212248,0.0621704
0.782158,-0.0765148,0.377954;0.969112,-0.114423,0.209047,0.0634727
0.78021,-0.0652782,0.38036;0.967822,-0.12952,0.205795,0.0647596
0.778528,-0.0556054,0.382448;0.96653,-0.142435,0.202968,0.0658502
0.776841,-0.0459064,0.384556;0.965066,-0.155325,0.200105,0.0669292
0.775154,-0.0361927,0.386682;0.963431,-0.168188,0.197206,0.0679962
0.773471,-0.0264756,0.388822;0.961624,-0.181021,0.194273,0.0690512
0.771799,-0.0167668,0.390975;0.959647,-0.193821,0.191305,0.0700939
0.770141,-0.00707743,0.393137;0.957499,-0.206587,0.188303,0.0711241
0.768503,0.00258088,0.395307;0.955182,-0.219317,0.185267,0.0721417
0.766625,0.0137945,0.397844;0.952263,-0.234118,0.181684,0.0733127
0.764788,0.0249321,0.400383;0.949114,-0.248863,0.178057,0.074466
0.763002,0.0359757,0.402921;0.945736,-0.263548,0.174387,0.0756012
0.761275,0.046907,0.405452;0.942129,-0.278169,0.170675,0.0767182
0.759613,0.0577078,0.407973;0.938294,-0.292723,0.166922,0.0778166
0.758027,0.0683601,0.410481;0.934232,-0.307206,0.163128,0.0788962
0.756523,0.0788457,0.412969;0.929944,-0.321614,0.159295,0.0799568
0.75511,0.0891464,0.415436;0.925432,-0.335945,0.155423,0.080998
0.753795,0.099244,0.417876;0.920695,-0.350195,0.151514,0.0820196
0.752588,0.10912,0.420285;0.915736,-0.36436,0.147568,0.0830214
0.751349,0.120113,0.422996;0.909798,-0.380441,0.143015,0.0841416
0.750273,0.130767,0.425656;0.903572,-0.396401,0.138416,0.0852354
0.74937,0.141053,0.428258;0.897061,-0.412236,0.133774,0.0863022
0.748654,0.150946,0.430797;0.890266,-0.427941,0.129089,0.0873417
0.748086,0.16157,0.433569;0.882286,-0.445447,0.123771,0.0884782
0.747787,0.171623,0.436244;0.873954,-0.462776,0.118403,0.0895793
0.747789,0.182076,0.439092;0.864286,-0.481812,0.112383,0.0907608
0.748168,0.191722,0.441798;0.854191,-0.50061,0.106307,0.0918974
0.749047,0.201338,0.444596;0.842601,-0.521003,0.0995637,0.0930954
0.750751,0.211267,0.447639;0.828255,-0.544702,0.0915178,0.0944394
0.753678,0.220644,0.450766;0.810844,-0.57148,0.0821396,0.0958922
0.758657,0.228716,0.453917;0.788765,-0.602774,0.0707664,0.097495
0.767105,0.233443,0.456783;0.76007,-0.639709,0.056714,0.099242
0.777237,0.232389,0.458347;0.732407,-0.671963,0.0438207,0.100625
0.786486,0.227991,0.45881;0.710708,-0.695287,0.0340925,0.101531
0.794964,0.222112,0.458712;0.692779,-0.713391,0.0262822,0.102176
0.802792,0.215537,0.458296;0.677462,-0.728091,0.0197591,0.102657
0.810453,0.208271,0.457651;0.663391,-0.741014,0.0138799,0.103047
0.817765,0.200707,0.456856;0.65066,-0.752252,0.00864919,0.103359
0.824562,0.193214,0.455983;0.639352,-0.761891,0.00407003,0.103606
0.83174,0.184884,0.45494;0.627889,-0.771346,-0.000510106,0.103827
0.838201,0.177065,0.453909;0.617943,-0.779302,-0.00443588,0.103997
0.844952,0.168607,0.452748;0.607887,-0.787119,-0.00836087,0.104148
0.851999,0.159498,0.451455;0.597723,-0.794797,-0.0122844,0.10428
0.858101,0.151403,0.450273;0.589172,-0.801087,-0.0155523,0.104377
0.864414,0.142841,0.448997;0.580548,-0.807278,-0.0188184,0.10446
0.870942,0.133806,0.447624;0.571853,-0.813369,-0.0220821,0.104531
0.877688,0.124291,0.446152;0.563087,-0.819361,-0.0253431,0.104589
0.884655,0.114291,0.444581;0.554251,-0.825251,-0.0286009,0.104634
0.890388,0.105936,0.443251;0.547134,-0.82989,-0.0312047,0.10466
0.896267,0.0972626,0.441856;0.539973,-0.834463,-0.033806,0.104679
0.902291,0.0882668,0.440394;0.532769,-0.838971,-0.0364046,0.104689
0.908463,0.0789455,0.438865;0.525524,-0.843412,-0.0390004,0.10469
0.914784,0.0692953,0.437269;0.518237,-0.847786,-0.041593,0.104684
0.921256,0.0593128,0.435603;0.510909,-0.852094,-0.0441824,0.104669
0.92788,0.0489946,0.433868;0.503541,-0.856335,-0.0467683,0.104646
0.934657,0.0383373,0.432064;0.496132,-0.860507,-0.0493506,0.104615
0.94159,0.0273376,0.430188;0.488685,-0.864612,-0.0519289,0.104575
