0.746054,-0.428198,0.38447;0.623517,0.643481,0.151731,-0.417296
0.748084,-0.418919,0.389264;0.643937,0.628958,0.156953,-0.406354
0.750032,-0.409879,0.3939;0.663858,0.613946,0.162054,-0.395097
0.751899,-0.401076,0.398382;0.683264,0.598459,0.167029,-0.383534
0.753831,-0.391806,0.403064;0.70369,0.581159,0.172272,-0.370672
0.755672,-0.382809,0.407568;0.723475,0.56333,0.177359,-0.357473
0.757554,-0.373424,0.412225;0.744047,0.543557,0.182656,-0.342895
0.759334,-0.364351,0.416681;0.763833,0.523211,0.187761,-0.327956
0.761131,-0.354973,0.421239;0.784139,0.500799,0.19301,-0.311566
0.762816,-0.345947,0.425575;0.803495,0.477782,0.198026,-0.294799
0.764495,-0.336701,0.429962;0.823068,0.452593,0.203111,-0.276522
0.766148,-0.327307,0.434357;0.842622,0.425147,0.208208,-0.256685
0.767754,-0.317836,0.43872;0.861898,0.395367,0.213252,-0.235247
0.769297,-0.308363,0.443007;0.880613,0.363186,0.218172,-0.212174
0.770756,-0.298964,0.447176;0.898465,0.32855,0.222893,-0.187442
0.772114,-0.28972,0.451184;0.915127,0.291423,0.227334,-0.16104
0.773406,-0.280318,0.455153;0.930884,0.249969,0.231579,-0.131688
0.77459,-0.270939,0.458984;0.945004,0.204108,0.235444,-0.0993605
0.775661,-0.261455,0.462698;0.957045,0.151937,0.238833,-0.0627626
0.776577,-0.251908,0.466232;0.96586,0.0915401,0.241472,-0.0206215
0.777275,-0.242314,0.469492;0.969417,0.0191914,0.242878,0.0295498
0.777624,-0.232647,0.472298;0.962893,-0.07424,0.241906,0.0938503
0.777049,-0.222821,0.473819;0.922922,-0.231517,0.233004,0.200809
0.773595,-0.225229,0.467778;0.859155,-0.362223,0.217948,0.288349
0.771659,-0.233627,0.462492;0.917587,-0.245306,0.231764,0.210106
0.770093,-0.242328,0.457777;0.946657,-0.156508,0.238421,0.150005
0.76868,-0.251191,0.453331;0.961936,-0.0809817,0.241714,0.0984685
0.76732,-0.260387,0.448956;0.968612,-0.0123934,0.2429,0.0513487
0.766039,-0.269508,0.444789;0.968879,0.0486613,0.242533,0.0091537
0.764773,-0.278848,0.440659;0.964281,0.105663,0.240976,-0.0304543
0.763534,-0.28824,0.436622;0.955778,0.158409,0.238469,-0.0672926
0.762331,-0.297533,0.432724;0.944271,0.206793,0.235241,-0.101249
0.761127,-0.306978,0.428849;0.929967,0.252609,0.23133,-0.133553
0.759925,-0.316505,0.42502;0.913293,0.295796,0.226843,-0.164144
0.758731,-0.32605,0.421256;0.894657,0.336325,0.221883,-0.192984
0.757548,-0.335554,0.417574;0.874447,0.374197,0.216548,-0.220058
0.756382,-0.34496,0.413991;0.853031,0.40944,0.210929,-0.245367
0.755179,-0.354687,0.410345;0.829592,0.443712,0.20481,-0.270094
0.753999,-0.364245,0.406818;0.805437,0.475374,0.19853,-0.293049
0.752845,-0.373585,0.403422;0.780883,0.504506,0.192168,-0.314272
0.751659,-0.383174,0.399985;0.754813,0.532658,0.185432,-0.334885
0.750441,-0.393009,0.39651;0.727276,0.559775,0.178337,-0.354848
0.749256,-0.402549,0.393186;0.699885,0.584464,0.171295,-0.373124
0.748042,-0.412302,0.389835;0.671273,0.608133,0.163954,-0.39075
0.746797,-0.422264,0.386459;0.641491,0.630742,0.156328,-0.407695
0.74554,-0.432289,0.383108;0.633242,0.634016,0.152944,-0.416698
0.744328,-0.441949,0.379921;0.655472,0.611473,0.155664,-0.415002
0.743107,-0.451744,0.376732;0.677038,0.588311,0.158225,-0.412885
0.74189,-0.461647,0.373548;0.697919,0.564554,0.160627,-0.41035
0.740691,-0.471627,0.370382;0.718093,0.540225,0.162865,-0.4074
0.739522,-0.481657,0.367242;0.737539,0.515349,0.164939,-0.404037
0.738397,-0.491705,0.364139;0.756239,0.489951,0.166846,-0.400266
0.737327,-0.501745,0.361083;0.774174,0.464057,0.168584,-0.396088
0.736326,-0.511745,0.358084;0.791324,0.437693,0.170151,-0.39151
0.735408,-0.521679,0.355152;0.807673,0.410885,0.171546,-0.386535
0.734584,-0.531515,0.352297;0.823204,0.383662,0.172767,-0.381169
0.733868,-0.541225,0.349529;0.837902,0.35605,0.173814,-0.375417
0.733236,-0.551457,0.346672;0.852707,0.326067,0.174739,-0.368833
0.732758,-0.561475,0.343938;0.866521,0.295704,0.175462,-0.361819
0.732451,-0.571243,0.341342;0.879328,0.264998,0.17598,-0.354385
0.732329,-0.581347,0.338736;0.891862,0.231906,0.176308,-0.346002
0.732438,-0.591083,0.336315;0.903216,0.198508,0.176402,-0.337161
0.73283,-0.600976,0.333962;0.913971,0.162735,0.176247,-0.327279
0.733579,-0.610887,0.331736;0.923871,0.124594,0.175796,-0.316283
0.734772,-0.620652,0.329706;0.932642,0.0841098,0.175,-0.304103
0.73661,-0.630526,0.327873;0.940313,0.0391843,0.173741,-0.289982
0.7393,-0.640122,0.326402;0.946256,-0.0101184,0.171909,-0.273759
0.743262,-0.649277,0.325466;0.94986,-0.0658116,0.169271,-0.254522
0.749153,-0.657374,0.325428;0.949897,-0.129775,0.165495,-0.231225
0.75741,-0.662902,0.326788;0.944839,-0.199427,0.160453,-0.204361
0.767011,-0.66454,0.329517;0.935245,-0.263843,0.154894,-0.178076
0.776545,-0.663024,0.332973;0.923617,-0.316872,0.149637,-0.155343
0.785292,-0.659738,0.336588;0.911869,-0.358905,0.145009,-0.136582
0.793571,-0.655375,0.340301;0.900144,-0.394285,0.140779,-0.120252
0.801756,-0.650119,0.34419;0.891139,-0.41305,0.144626,-0.119769
0.809507,-0.644466,0.348029;0.882858,-0.429315,0.148152,-0.119588
0.816827,-0.638637,0.35177;0.875145,-0.443827,0.15128,-0.119391
0.824439,-0.632147,0.355762;0.867186,-0.458214,0.154367,-0.119159
0.831425,-0.625856,0.359506;0.859908,-0.470895,0.157074,-0.118926
0.838596,-0.619102,0.363421;0.85244,-0.483472,0.159747,-0.118666
0.845928,-0.611915,0.367493;0.844783,-0.495943,0.162384,-0.11838
0.852458,-0.605292,0.371174;0.83793,-0.506764,0.164662,-0.118108
0.85908,-0.598378,0.374957;0.830935,-0.5175,0.166913,-0.117816
0.865778,-0.59119,0.378833;0.8238,-0.528148,0.169135,-0.117504
0.872538,-0.583749,0.382793;0.816525,-0.538707,0.171328,-0.117173
0.879344,-0.576072,0.386827;0.809111,-0.549174,0.173492,-0.116821
0.886182,-0.568179,0.390928;0.801561,-0.559549,0.175627,-0.11645
0.893036,-0.560089,0.395086;0.793875,-0.569828,0.177732,-0.116059
0.899893,-0.55182,0.399293;0.786054,-0.580012,0.179808,-0.115648
0.906735,-0.543391,0.403539;0.778101,-0.590097,0.181852,-0.115218
0.912578,-0.536054,0.407204;0.771178,-0.598662,0.18358,-0.114833
0.918391,-0.528625,0.410886;0.76416,-0.607152,0.185286,-0.114435
0.924164,-0.521117,0.41458;0.757047,-0.615567,0.186968,-0.114022
0.929888,-0.513541,0.418279;0.749839,-0.623905,0.188627,-0.113595
0.935554,-0.505909,0.421979;0.742538,-0.632166,0.190262,-0.113154
0.941151,-0.498234,0.425674;0.735145,-0.640348,0.191874,-0.112698
0.946671,-0.490526,0.429358;0.727661,-0.64845,0.193462,-0.112229
0.952104,-0.482798,0.433026;0.720085,-0.656471,0.195026,-0.111746
0.95744,-0.475062,0.436673;0.712421,-0.664411,0.196566,-0.111249
0.962671,-0.467329,0.440292;0.704667,-0.672269,0.198081,-0.110738
0.968628,-0.458328,0.444472;0.695511,-0.68133,0.199817,-0.110124
0.974412,-0.449367,0.448599;0.686237,-0.690276,0.20152,-0.109492
0.98001,-0.440465,0.452663;0.676846,-0.699104,0.203188,-0.108841
0.985406,-0.431641,0.456656;0.667342,-0.707815,0.204823,-0.108172
0.990585,-0.422914,0.46057;0.657724,-0.716405,0.206422,-0.107485
0.995533,-0.414302,0.464394;0.647994,-0.724875,0.207987,-0.106779
1.00023,-0.405824,0.468121;0.638155,-0.733221,0.209516,-0.106055
1.00467,-0.3975,0.471741;0.628208,-0.741444,0.21101,-0.105314
1.00941,-0.388199,0.475736;0.61671,-0.750687,0.212673,-0.104444
1.01376,-0.379151,0.479568;0.605075,-0.759764,0.21429,-0.103551
1.0177,-0.370384,0.483223;0.593307,-0.768673,0.215859,-0.102636
1.02162,-0.360893,0.487107;0.57991,-0.778492,0.217567,-0.101579
1.02497,-0.351833,0.490731;0.566352,-0.788094,0.219214,-0.100493
1.02798,-0.342323,0.494431;0.551101,-0.798503,0.220972,-0.0992543
1.03037,-0.332599,0.498074;0.534105,-0.809635,0.222818,-0.0978517
1.03182,-0.322959,0.501498;0.51531,-0.821392,0.224725,-0.0962749
1.03188,-0.313109,0.504711;0.493059,-0.834592,0.226809,-0.0943749
1.02944,-0.303381,0.507381;0.465592,-0.84986,0.229133,-0.0919818
1.02307,-0.295608,0.508638;0.414547,-0.878079,0.225262,-0.0799092
1.01401,-0.29147,0.50817;0.35105,-0.909055,0.215903,-0.0613864
1.00424,-0.289934,0.506706;0.295979,-0.931364,0.207093,-0.0454948
0.994141,-0.289882,0.504678;0.246061,-0.948178,0.19859,-0.0312195
0.984347,-0.290726,0.502405;0.201763,-0.960519,0.190651,-0.018649
0.974296,-0.292203,0.499858;0.159133,-0.970186,0.182677,-0.00663623
0.964729,-0.29402,0.497284;0.120476,-0.97713,0.175168,0.00418804
0.955305,-0.296099,0.494639;0.0837759,-0.982149,0.167801,0.0144047
0.945566,-0.298475,0.491813;0.0469472,-0.985664,0.160176,0.0245993
0.936165,-0.300935,0.489014;0.0122182,-0.987595,0.152776,0.0341601
0.926586,-0.303565,0.486102;-0.0225273,-0.988186,0.145169,0.0436745
0.91688,-0.306319,0.483101;-0.0572423,-0.987437,0.137365,0.0531298
0.907096,-0.309153,0.480033;-0.0918796,-0.985349,0.129374,0.062513
0.897897,-0.311841,0.477117;-0.12424,-0.982178,0.121724,0.071233
0.888715,-0.314522,0.474182;-0.156452,-0.977836,0.113928,0.0798681
0.878984,-0.317331,0.47105;-0.190605,-0.971921,0.105463,0.0889737
0.869369,-0.320044,0.467941;-0.2245,-0.964688,0.0968556,0.0979587
0.859918,-0.322615,0.464876;-0.25809,-0.956147,0.0881165,0.106811
0.850112,-0.32514,0.461695;-0.293396,-0.945651,0.0787005,0.116057
0.840608,-0.3274,0.458619;-0.328252,-0.933708,0.0691641,0.125126
0.830939,-0.329443,0.455505;-0.364609,-0.919505,0.0589516,0.134519
0.821251,-0.331138,0.452415;-0.402307,-0.902801,0.0480624,0.144183
0.811717,-0.33233,0.449421;-0.441156,-0.883355,0.0365011,0.154058
0.80213,-0.332835,0.446487;-0.482807,-0.859803,0.0236954,0.164543
0.792541,-0.332237,0.443684;-0.528631,-0.830368,0.00907148,0.175943
0.783122,-0.329641,0.441183;-0.581296,-0.791428,-0.00851256,0.188852
0.775265,-0.323421,0.439627;-0.640816,-0.739738,-0.0295525,0.20315
0.771776,-0.313998,0.439826;-0.692998,-0.686253,-0.0492398,0.215374
0.772051,-0.303764,0.441288;-0.731431,-0.64077,-0.0646649,0.224147
0.774295,-0.293968,0.4433;-0.759377,-0.603675,-0.0764927,0.230373
0.777725,-0.284208,0.445677;-0.781922,-0.570753,-0.0864896,0.235282
