0.81374,-0.422754,0.426241;0.942312,-0.309487,0.0255412,-0.12495
0.805815,-0.433423,0.423247;0.942551,-0.306289,0.0290659,-0.130152
0.79809,-0.443804,0.420321;0.942743,-0.303075,0.032589,-0.135348
0.790563,-0.453898,0.417463;0.942888,-0.299846,0.0361106,-0.140537
0.783231,-0.463708,0.414671;0.942986,-0.296603,0.0396304,-0.145719
0.776094,-0.473235,0.411945;0.943037,-0.293344,0.0431482,-0.150893
0.769148,-0.482483,0.409285;0.943041,-0.290071,0.0466638,-0.156061
0.762393,-0.491454,0.40669;0.942998,-0.286783,0.0501771,-0.16122
0.755826,-0.500151,0.40416;0.942908,-0.283482,0.053688,-0.166371
0.749446,-0.508575,0.401694;0.942772,-0.280166,0.0571961,-0.171515
0.743251,-0.516729,0.399292;0.942588,-0.276836,0.0607014,-0.176649
0.737239,-0.524615,0.396953;0.942358,-0.273492,0.0642037,-0.181775
0.729505,-0.534719,0.393932;0.941977,-0.269013,0.0688684,-0.188595
0.722089,-0.544357,0.391021;0.941514,-0.264509,0.073527,-0.195399
0.714987,-0.553535,0.388219;0.940967,-0.259983,0.0781791,-0.202185
0.708195,-0.562259,0.385525;0.940336,-0.255433,0.0828243,-0.208954
0.701708,-0.570534,0.382938;0.939623,-0.250861,0.0874622,-0.215704
0.695522,-0.578366,0.380457;0.938826,-0.246267,0.0920923,-0.222435
0.688207,-0.587542,0.377502;0.937714,-0.240493,0.0978685,-0.230821
0.681347,-0.596047,0.374708;0.936471,-0.234686,0.103631,-0.239175
0.674934,-0.60389,0.372073;0.9351,-0.228847,0.109379,-0.247495
0.667817,-0.612446,0.369117;0.933283,-0.221798,0.116257,-0.257435
0.661318,-0.620085,0.366382;0.93128,-0.214705,0.123112,-0.267324
0.654497,-0.627865,0.363466;0.92871,-0.206376,0.131078,-0.278793
0.647677,-0.635301,0.360487;0.925464,-0.196789,0.140139,-0.291808
0.640567,-0.642477,0.357281;0.920946,-0.184707,0.151394,-0.307931
0.633132,-0.648731,0.353726;0.913766,-0.167623,0.16701,-0.330215
0.626282,-0.647968,0.349494;0.894356,-0.129173,0.20092,-0.37825
0.628154,-0.637774,0.349223;0.879304,-0.10399,0.222241,-0.40819
0.631713,-0.627475,0.349997;0.868475,-0.0874939,0.23584,-0.427171
0.635596,-0.61773,0.351073;0.859593,-0.0747483,0.246151,-0.441501
0.639882,-0.607685,0.352381;0.851192,-0.0632417,0.255315,-0.454189
0.64428,-0.597797,0.353802;0.843404,-0.0529896,0.263364,-0.465297
0.648554,-0.588443,0.355239;0.836344,-0.0440036,0.270331,-0.474882
0.653203,-0.578464,0.356848;0.829059,-0.0350056,0.277225,-0.484337
0.657467,-0.569437,0.35836;0.822635,-0.0272854,0.283074,-0.492338
0.661976,-0.559993,0.359991;0.816047,-0.0195598,0.288867,-0.500241
0.666713,-0.550152,0.361736;0.809297,-0.0118302,0.294603,-0.508044
0.671666,-0.539932,0.363592;0.802385,-0.00409835,0.300279,-0.515745
0.676818,-0.529353,0.365555;0.795314,0.00363435,0.305896,-0.523345
0.681255,-0.520276,0.367269;0.789301,0.0100778,0.310531,-0.529598
0.685813,-0.510974,0.369052;0.783178,0.0165198,0.315122,-0.535777
0.690483,-0.501459,0.370902;0.776947,0.0229595,0.31967,-0.541883
0.695257,-0.49174,0.372817;0.770609,0.0293961,0.324173,-0.547914
0.700127,-0.48183,0.374793;0.764164,0.0358286,0.328632,-0.553869
0.705085,-0.471739,0.37683;0.757613,0.0422562,0.333045,-0.559748
0.710122,-0.461479,0.378924;0.750958,0.0486779,0.337413,-0.565549
0.71523,-0.451061,0.381073;0.744199,0.0550929,0.341733,-0.571272
0.720401,-0.440495,0.383276;0.737336,0.0615002,0.346007,-0.576916
0.725625,-0.429793,0.385529;0.730372,0.0678991,0.350232,-0.58248
0.730286,-0.420221,0.387563;0.725834,0.0737537,0.353651,-0.585369
0.734769,-0.410989,0.389541;0.735056,0.0809587,0.354594,-0.57219
0.739277,-0.401677,0.391551;0.744049,0.0881386,0.355427,-0.558833
0.743808,-0.39229,0.393594;0.75281,0.0952909,0.356149,-0.545302
0.748359,-0.382832,0.395668;0.761337,0.102414,0.35676,-0.531601
0.752928,-0.373307,0.397774;0.769627,0.109504,0.35726,-0.517734
0.757512,-0.363718,0.39991;0.777676,0.116561,0.357649,-0.503706
0.762107,-0.35407,0.402075;0.785484,0.123581,0.357926,-0.489521
0.766713,-0.344366,0.404271;0.793047,0.130563,0.358092,-0.475184
0.771326,-0.33461,0.406495;0.800363,0.137504,0.358146,-0.460699
0.775943,-0.324805,0.408747;0.807429,0.144403,0.358089,-0.44607
0.780562,-0.314957,0.411027;0.814244,0.151256,0.35792,-0.431302
0.785181,-0.305068,0.413334;0.820805,0.158062,0.35764,-0.416399
0.789797,-0.295142,0.415667;0.827111,0.164819,0.357248,-0.401367
0.794406,-0.285183,0.418027;0.833159,0.171525,0.356745,-0.38621
0.798497,-0.276306,0.420146;0.838317,0.177441,0.356205,-0.372636
0.802579,-0.26741,0.422284;0.843269,0.183313,0.355576,-0.35897
0.806651,-0.258495,0.424442;0.848013,0.18914,0.354861,-0.345216
0.810711,-0.249566,0.426619;0.852548,0.19492,0.354058,-0.331377
0.814757,-0.240624,0.428814;0.856874,0.200652,0.353167,-0.317456
0.818787,-0.231673,0.431027;0.860989,0.206336,0.35219,-0.303457
0.8228,-0.222716,0.433258;0.864891,0.211968,0.351127,-0.289384
0.826793,-0.213754,0.435507;0.868581,0.217548,0.349976,-0.275239
0.830765,-0.204791,0.437772;0.872057,0.223074,0.34874,-0.261027
0.834715,-0.195829,0.440054;0.875318,0.228546,0.347418,-0.24675
0.838639,-0.186871,0.442352;0.878364,0.233961,0.34601,-0.232412
0.842537,-0.17792,0.444666;0.881194,0.239319,0.344517,-0.218017
0.846406,-0.168978,0.446995;0.883807,0.244618,0.342939,-0.203569
0.850723,-0.158933,0.449633;0.886486,0.250507,0.341063,-0.187255
0.854999,-0.148907,0.45229;0.888889,0.256318,0.339081,-0.170882
0.859232,-0.138904,0.454964;0.891015,0.26205,0.336994,-0.154457
0.863418,-0.128927,0.457656;0.892864,0.267699,0.334801,-0.137983
0.867556,-0.118982,0.460365;0.894435,0.273265,0.332504,-0.121466
0.871643,-0.10907,0.463089;0.895726,0.278747,0.330103,-0.104911
0.875675,-0.0991971,0.465829;0.896739,0.284141,0.3276,-0.0883238
0.879652,-0.0893661,0.468584;0.897473,0.289447,0.324994,-0.0717089
0.883569,-0.079581,0.471354;0.897926,0.294662,0.322288,-0.0550717
0.887425,-0.0698456,0.474138;0.898101,0.299786,0.319481,-0.0384173
0.891217,-0.0601637,0.476935;0.897995,0.304816,0.316574,-0.0217509
0.894942,-0.0505393,0.479744;0.897609,0.309752,0.313569,-0.00507779
0.898597,-0.0409761,0.482566;0.896944,0.314591,0.310466,0.0115969
0.902181,-0.0314779,0.4854;0.896,0.319332,0.307266,0.028268
0.90569,-0.0220486,0.488244;0.894776,0.323973,0.303971,0.0449303
0.909122,-0.0126921,0.4911;0.893274,0.328514,0.300581,0.0615786
0.912475,-0.00341208,0.493965;0.891493,0.332952,0.297097,0.0782077
0.915745,0.00578754,0.49684;0.889435,0.337286,0.293521,0.0948125
0.91893,0.0149029,0.499723;0.887099,0.341516,0.289853,0.111388
0.922367,0.0249278,0.502937;0.88418,0.34609,0.285672,0.129764
0.925692,0.0348386,0.50616;0.880921,0.350532,0.281381,0.14809
0.928902,0.0446303,0.509391;0.877323,0.354838,0.276981,0.166359
0.931993,0.0542975,0.512631;0.873388,0.359008,0.272476,0.184564
0.934962,0.0638349,0.515878;0.869116,0.36304,0.267865,0.202698
0.937806,0.0732375,0.519131;0.864511,0.366933,0.263152,0.220754
0.94052,0.0824997,0.52239;0.859573,0.370684,0.258337,0.238726
0.943101,0.0916166,0.525654;0.854304,0.374293,0.253423,0.256605
0.945783,0.101471,0.529248;0.848129,0.378096,0.247905,0.276158
0.948295,0.111136,0.532847;0.84156,0.381723,0.242271,0.295583
0.950633,0.120604,0.536449;0.834599,0.385173,0.236525,0.31487
0.952791,0.129869,0.540052;0.827249,0.388443,0.230669,0.334011
0.954936,0.139736,0.543984;0.818792,0.391805,0.224158,0.354714
0.956856,0.149344,0.547916;0.809882,0.394949,0.217523,0.37522
0.958545,0.158683,0.551846;0.800523,0.397875,0.210767,0.395519
0.960106,0.168487,0.5561;0.789884,0.400796,0.203317,0.417262
0.961382,0.177954,0.560349;0.778732,0.403456,0.195735,0.438733
0.962363,0.187071,0.564591;0.767074,0.405854,0.188025,0.45992
0.963082,0.196487,0.56915;0.753962,0.408142,0.179586,0.482401
0.963441,0.20547,0.573696;0.740281,0.410122,0.171012,0.504519
0.963415,0.214599,0.578552;0.725004,0.4119,0.161682,0.527794
0.962907,0.223751,0.58371;0.708017,0.413404,0.151576,0.552117
0.961748,0.233177,0.589405;0.707325,0.416719,0.153236,0.55005
0.959836,0.242438,0.595462;0.712573,0.420827,0.159248,0.538316
0.957272,0.250861,0.601459;0.717666,0.424844,0.165224,0.526464
0.954102,0.258475,0.607382;0.722602,0.428768,0.171165,0.514497
0.949794,0.266229,0.614041;0.72805,0.433138,0.177908,0.500684
0.94482,0.273015,0.620563;0.73329,0.437384,0.184601,0.486727
0.939246,0.278879,0.626926;0.738321,0.441506,0.191241,0.472632
0.93314,0.283868,0.63311;0.743142,0.445502,0.197827,0.458403
0.925715,0.288492,0.639825;0.748312,0.449845,0.205168,0.442238
0.917796,0.292134,0.646256;0.753212,0.454026,0.212435,0.425914
0.909478,0.29486,0.652372;0.757841,0.458044,0.219626,0.409437
0.900854,0.296734,0.658143;0.762196,0.461896,0.226737,0.392811
0.892021,0.297825,0.663539;0.766275,0.465581,0.233766,0.376044
0.883074,0.298197,0.668529;0.770079,0.469099,0.240712,0.359141
0.874107,0.297916,0.673083;0.773605,0.472447,0.24757,0.342109
0.864237,0.29692,0.677596;0.777195,0.475968,0.255085,0.32304
0.854591,0.295291,0.681492;0.780439,0.479276,0.262487,0.303826
0.845299,0.29312,0.684729;0.783335,0.482371,0.269772,0.284478
0.835644,0.290213,0.687481;0.786118,0.485527,0.277647,0.263049
0.825983,0.286561,0.689452;0.78867,0.488672,0.286067,0.23951
0.8168,0.282214,0.690293;0.790865,0.491724,0.294981,0.213837
0.808228,0.276948,0.689474;0.792657,0.494787,0.30499,0.184015
0.801395,0.270687,0.685773;0.793759,0.497807,0.316596,0.147988
0.7991,0.264414,0.677903;0.793641,0.500321,0.328956,0.10771
0.801707,0.260457,0.668964;0.780697,0.540656,0.302846,0.0805458
0.806246,0.257807,0.660446;0.764393,0.581979,0.270826,0.0604734
0.811623,0.255639,0.652246;0.748451,0.615624,0.242819,0.0432099
0.817594,0.253597,0.644106;0.732281,0.645018,0.216722,0.0273533
0.823758,0.251601,0.63628;0.716351,0.67047,0.192724,0.0129574
0.830176,0.249502,0.628524;0.700146,0.693542,0.16969,-0.000701339
0.836679,0.247267,0.620945;0.683869,0.714369,0.147699,-0.0136006
0.843129,0.244886,0.613629;0.667706,0.733092,0.126819,-0.0257247
0.84984,0.242184,0.606177;0.650746,0.750939,0.105787,-0.037818
0.856318,0.239315,0.5991;0.634139,0.766856,0.0859548,-0.0491147
0.862929,0.23608,0.591971;0.616866,0.781967,0.0660323,-0.0603599
0.869626,0.232436,0.58482;0.598945,0.796258,0.0460404,-0.0715417
0.87636,0.228342,0.577681;0.580396,0.809712,0.0260002,-0.0826483
0.882639,0.22408,0.571056;0.562533,0.821503,0.00727093,-0.0929364
0.888873,0.219357,0.564496;0.544155,0.832542,-0.011465,-0.10314
0.895022,0.21414,0.558027;0.525279,0.84282,-0.0301904,-0.113248
0.90105,0.208394,0.551675;0.505923,0.852326,-0.0488882,-0.123254
0.906917,0.202088,0.545467;0.486105,0.861053,-0.0675413,-0.133146
0.912188,0.1957,0.539853;0.467303,0.868452,-0.084807,-0.142223
0.917258,0.188773,0.534407;0.448133,0.875165,-0.102006,-0.151188
0.922095,0.181279,0.529149;0.428609,0.881189,-0.119124,-0.160033
0.926669,0.173192,0.524102;0.408747,0.886517,-0.136149,-0.168753
0.930949,0.164485,0.519284;0.388563,0.891146,-0.153066,-0.177339
0.934613,0.155874,0.515061;0.369659,0.894795,-0.168575,-0.185141
0.937977,0.146691,0.511068;0.350506,0.897843,-0.18397,-0.192818
0.941017,0.136915,0.507324;0.331118,0.900287,-0.199242,-0.200366
0.943497,0.127414,0.504123;0.31315,0.901996,-0.213124,-0.207166
0.945667,0.117381,0.501157;0.295005,0.903196,-0.226886,-0.21385
0.947353,0.107784,0.498675;0.278365,0.903844,-0.239285,-0.219821
0.948753,0.097721,0.496408;0.261595,0.90407,-0.251573,-0.22569
0.949853,0.0871803,0.494364;0.244703,0.903875,-0.263744,-0.231453
0.950574,0.077275,0.492724;0.229402,0.903338,-0.274592,-0.236548
0.95103,0.0669637,0.49128;0.214014,0.902459,-0.285336,-0.241553
0.951211,0.0562377,0.490039;0.198546,0.90124,-0.295973,-0.246467
0.951107,0.045088,0.489008;0.183002,0.89968,-0.306498,-0.251288
0.950768,0.0348143,0.488274;0.169127,0.898007,-0.315756,-0.255493
0.950187,0.0241925,0.487716;0.155202,0.896067,-0.32492,-0.259623
0.949359,0.0132165,0.48734;0.14123,0.893858,-0.333987,-0.263674
0.948277,0.00187989,0.48715;0.127216,0.891383,-0.342954,-0.267647
0.947115,-0.00834028,0.48714;0.114923,0.888999,-0.350716,-0.271058
0.945748,-0.0188455,0.48728;0.102603,0.886411,-0.358398,-0.274406
0.944034,-0.0305267,0.487603;0.0943787,0.884368,-0.364231,-0.276263
0.942347,-0.0409387,0.48803;0.0981443,0.884606,-0.364188,-0.27424
0.940483,-0.0515913,0.488588;0.101908,0.884827,-0.364138,-0.272211
0.93845,-0.0624718,0.489276;0.10567,0.885032,-0.364081,-0.270178
0.936255,-0.0735675,0.49009;0.10943,0.885221,-0.364018,-0.26814
0.933907,-0.0848657,0.491026;0.113188,0.885394,-0.363948,-0.266097
0.931415,-0.0963538,0.49208;0.116944,0.88555,-0.363872,-0.264049
0.928786,-0.108019,0.49325;0.120698,0.885691,-0.363789,-0.261996
0.926028,-0.119849,0.494533;0.124449,0.885815,-0.363699,-0.259938
0.923149,-0.13183,0.495924;0.128198,0.885922,-0.363602,-0.257876
0.920159,-0.143951,0.49742;0.131945,0.886014,-0.363499,-0.255809
0.917063,-0.156199,0.499019;0.13569,0.886089,-0.363389,-0.253737
0.913872,-0.16856,0.500716;0.139432,0.886148,-0.363273,-0.25166
0.910592,-0.181022,0.502508;0.143171,0.886191,-0.36315,-0.249579
0.907233,-0.193572,0.504392;0.146908,0.886217,-0.36302,-0.247494
0.903801,-0.206199,0.506365;0.150642,0.886228,-0.362884,-0.245403
0.900306,-0.218888,0.508423;0.154374,0.886222,-0.362741,-0.243309
0.896756,-0.231628,0.510563;0.158102,0.8862,-0.362591,-0.241209
0.893157,-0.244406,0.512781;0.161828,0.886161,-0.362434,-0.239106
0.88952,-0.257208,0.515074;0.165551,0.886106,-0.362271,-0.236998
0.885851,-0.270024,0.517438;0.16927,0.886035,-0.362102,-0.234886
0.882158,-0.282838,0.519871;0.172987,0.885948,-0.361925,-0.232769
0.878451,-0.29564,0.522369;0.1767,0.885845,-0.361742,-0.230648
0.874737,-0.308416,0.524928;0.18041,0.885725,-0.361553,-0.228523
0.871024,-0.321154,0.527545;0.184117,0.885589,-0.361357,-0.226394
0.86732,-0.333841,0.530217;0.187821,0.885437,-0.361154,-0.22426
0.863633,-0.346464,0.532941;0.191521,0.885269,-0.360944,-0.222122
0.859972,-0.359011,0.535712;0.195217,0.885084,-0.360728,-0.219981
0.856345,-0.371469,0.538528;0.19891,0.884883,-0.360506,-0.217835
0.852759,-0.383825,0.541386;0.202599,0.884666,-0.360276,-0.215685
0.849223,-0.396067,0.544281;0.206285,0.884433,-0.36004,-0.213532
0.845746,-0.408181,0.54721;0.209967,0.884183,-0.359798,-0.211374
0.842334,-0.420156,0.550171;0.213645,0.883918,-0.359549,-0.209213
0.838996,-0.431979,0.553159;0.217319,0.883636,-0.359293,-0.207048
0.835741,-0.443636,0.556172;0.220989,0.883338,-0.359031,-0.204879
0.832576,-0.455116,0.559206;0.224655,0.883024,-0.358762,-0.202706
0.829509,-0.466405,0.562257;0.228316,0.882693,-0.358487,-0.200529
0.826549,-0.477491,0.565323;0.231974,0.882346,-0.358205,-0.198349
0.823704,-0.488361,0.568399;0.235628,0.881984,-0.357916,-0.196165
0.820982,-0.499003,0.571483;0.239277,0.881605,-0.357621,-0.193978
0.81839,-0.509404,0.574571;0.242921,0.881209,-0.357319,-0.191787
0.815938,-0.519551,0.57766;0.246562,0.880798,-0.357011,-0.189592
0.813633,-0.529431,0.580746;0.250197,0.880371,-0.356696,-0.187394
0.811483,-0.539032,0.583826;0.253829,0.879927,-0.356375,-0.185193
0.809497,-0.548342,0.586896;0.257455,0.879467,-0.356047,-0.182988
0.807116,-0.560278,0.59097;0.262283,0.878829,-0.3556,-0.180043
0.80506,-0.571643,0.595013;0.267102,0.878163,-0.355141,-0.177092
0.803347,-0.582406,0.599017;0.271913,0.877467,-0.35467,-0.174136
0.801997,-0.592538,0.602974;0.276715,0.876743,-0.354188,-0.171173
0.801029,-0.602009,0.606877;0.281508,0.875991,-0.353695,-0.168206
0.800385,-0.612871,0.611666;0.287486,0.87501,-0.353062,-0.164488
0.800405,-0.622593,0.616341;0.29345,0.873985,-0.352411,-0.160762
0.801359,-0.632673,0.621779;0.300586,0.872696,-0.351605,-0.15628
0.803836,-0.642118,0.627853;0.308884,0.871111,-0.350634,-0.151037
0.808591,-0.649661,0.634383;0.31833,0.869193,-0.34948,-0.145026
0.815547,-0.653506,0.640415;0.327734,0.867162,-0.348281,-0.138997
0.824857,-0.653412,0.645883;0.337095,0.865018,-0.347037,-0.132949
0.835056,-0.64991,0.650155;0.34525,0.86305,-0.345911,-0.127643
0.843573,-0.645361,0.652889;0.351054,0.861591,-0.345085,-0.123845
0.853161,-0.639038,0.655341;0.356841,0.860088,-0.344242,-0.120041
0.861626,-0.632664,0.657088;0.361457,0.858855,-0.343555,-0.116993
0.87082,-0.625087,0.658637;0.366061,0.857593,-0.342857,-0.113941
0.880761,-0.616278,0.659978;0.370653,0.856303,-0.342148,-0.110886
0.888718,-0.608844,0.660844;0.374089,0.855318,-0.341608,-0.108592
0.897115,-0.600687,0.661585;0.377519,0.854317,-0.341063,-0.106296
0.905959,-0.591795,0.662199;0.380941,0.8533,-0.340511,-0.103999
0.915259,-0.582155,0.662682;0.384356,0.852267,-0.339953,-0.101699
0.925022,-0.571753,0.663031;0.387765,0.851219,-0.339389,-0.0993975
0.931793,-0.56439,0.663187;0.390033,0.850512,-0.339009,-0.0978621
0.938775,-0.556679,0.66328;0.392298,0.849797,-0.338626,-0.0963259
0.945972,-0.548617,0.663311;0.39456,0.849076,-0.338241,-0.094789
0.953386,-0.5402,0.663278;0.396819,0.848348,-0.337853,-0.0932513
