0.725323,-0.161806,0.581595;0.877076,0.479184,-0.0125829,0.0310042
0.721595,-0.173402,0.58991;0.87445,0.48408,-0.00958062,0.0302078
0.718065,-0.184442,0.597907;0.871788,0.488956,-0.00657795,0.0294103
0.714731,-0.194934,0.605589;0.869091,0.493812,-0.00357501,0.0286115
0.71159,-0.204886,0.612962;0.866358,0.498648,-0.000571931,0.0278116
0.70864,-0.214305,0.620028;0.863591,0.503464,0.00243117,0.0270106
0.705878,-0.2232,0.626791;0.860788,0.508259,0.00543418,0.0262085
0.703301,-0.231579,0.633257;0.857951,0.513034,0.00843696,0.0254053
0.700907,-0.239449,0.639428;0.855079,0.517788,0.0114394,0.0246011
0.697994,-0.249166,0.647205;0.851195,0.524094,0.0154419,0.0235273
0.695396,-0.258013,0.654475;0.847251,0.530362,0.0194433,0.0224518
0.693106,-0.266008,0.661247;0.843245,0.536593,0.0234433,0.0213746
0.690667,-0.274832,0.669028;0.838152,0.544326,0.0284409,0.0200261
0.688688,-0.282393,0.676064;0.832966,0.551998,0.0334353,0.0186752
0.686904,-0.289849,0.68355;0.826618,0.561122,0.0394236,0.0170515
0.685609,-0.2964,0.691005;0.819043,0.571652,0.0464017,0.0151536
0.685167,-0.301937,0.699361;0.807908,0.586476,0.0563524,0.0124367
0.688265,-0.301446,0.708032;0.786953,0.612489,0.0741967,0.00753299
0.693834,-0.292695,0.709574;0.76986,0.632106,0.0880021,0.00371102
0.698739,-0.28362,0.70837;0.758511,0.644423,0.0968367,0.00125209
0.703216,-0.274861,0.706327;0.749494,0.653841,0.103684,-0.000660765
0.708238,-0.264726,0.703371;0.740311,0.663115,0.110508,-0.00257348
0.712949,-0.255019,0.700149;0.732309,0.670948,0.116338,-0.00421251
0.717148,-0.24626,0.697003;0.725551,0.677392,0.121182,-0.00557786
0.72158,-0.236932,0.693457;0.718711,0.68376,0.126013,-0.00694258
0.726235,-0.227071,0.68953;0.71179,0.690051,0.130829,-0.00830652
0.731101,-0.216714,0.685241;0.704789,0.696264,0.13563,-0.00966952
0.735136,-0.208097,0.68156;0.699131,0.701178,0.139461,-0.0107592
0.739293,-0.199205,0.677667;0.693422,0.706042,0.143281,-0.011848
0.743564,-0.190057,0.673574;0.687664,0.710855,0.147091,-0.012936
0.747944,-0.180673,0.669287;0.681856,0.715617,0.15089,-0.0140231
0.752426,-0.171071,0.664818;0.675999,0.720327,0.154678,-0.0151091
0.757004,-0.16127,0.660175;0.670094,0.724985,0.158455,-0.0161941
0.761672,-0.151288,0.655368;0.66414,0.729592,0.162221,-0.0172779
0.766424,-0.141146,0.650406;0.658138,0.734145,0.165975,-0.0183605
0.771255,-0.130861,0.645298;0.652089,0.738646,0.169718,-0.0194417
0.776156,-0.120453,0.640054;0.645993,0.743093,0.173448,-0.0205215
0.781124,-0.109941,0.634684;0.639851,0.747487,0.177165,-0.0215999
0.78615,-0.0993431,0.629197;0.633662,0.751827,0.18087,-0.0226767
0.79123,-0.0886788,0.623601;0.627428,0.756113,0.184562,-0.0237519
0.796358,-0.0779669,0.617907;0.621148,0.760345,0.18824,-0.0248253
0.801526,-0.0672263,0.612124;0.614824,0.764522,0.191905,-0.025897
0.806729,-0.0564759,0.606261;0.608455,0.768643,0.195556,-0.0269668
0.81065,-0.048418,0.601817;0.60365,0.771698,0.198285,-0.0277679
0.814585,-0.0403732,0.597338;0.598821,0.774722,0.201006,-0.0285679
0.818531,-0.0323496,0.592826;0.593967,0.777714,0.203719,-0.0293667
0.822485,-0.024355,0.588288;0.589089,0.780675,0.206423,-0.0301643
0.826523,-0.0162423,0.583635;0.593451,0.77683,0.208696,-0.0282307
0.830802,-0.00770102,0.578686;0.60443,0.767897,0.210734,-0.0242806
0.835085,0.000783918,0.573715;0.615277,0.758794,0.212726,-0.0203252
0.839369,0.00920655,0.568724;0.625988,0.749525,0.214671,-0.0163654
0.843653,0.0175609,0.563717;0.636562,0.74009,0.216569,-0.0124019
0.847936,0.025841,0.558695;0.646995,0.730493,0.218419,-0.0084357
0.852216,0.0340408,0.553662;0.657286,0.720734,0.220221,-0.00446765
0.85649,0.0421544,0.54862;0.667432,0.710817,0.221975,-0.000498613
0.860759,0.0501758,0.543571;0.677431,0.700744,0.22368,0.00347053
0.86502,0.0580991,0.538519;0.687281,0.690516,0.225335,0.00743891
0.869271,0.0659182,0.533464;0.69698,0.680137,0.226941,0.0114057
0.873512,0.0736271,0.528411;0.706526,0.669608,0.228497,0.0153699
0.87774,0.0812199,0.523362;0.715916,0.658931,0.230003,0.0193307
0.882554,0.0897476,0.517599;0.726454,0.646551,0.231662,0.0238522
0.887348,0.0981069,0.511847;0.736783,0.633986,0.233254,0.0283667
0.892119,0.106289,0.506112;0.746901,0.621238,0.234779,0.0328731
0.896865,0.114285,0.500396;0.756804,0.608312,0.236237,0.0373701
0.901583,0.122085,0.494703;0.766489,0.595211,0.237626,0.0418563
0.906272,0.129682,0.489037;0.775954,0.581939,0.238948,0.0463305
0.910928,0.137065,0.483402;0.785196,0.568499,0.2402,0.0507914
0.915549,0.144227,0.477802;0.794212,0.554897,0.241384,0.0552376
0.920704,0.152007,0.471547;0.804082,0.539403,0.242633,0.0602206
0.925808,0.159483,0.465347;0.813659,0.523713,0.243793,0.0651817
0.93086,0.166641,0.459206;0.822941,0.507832,0.244865,0.0701191
0.935855,0.173468,0.45313;0.831923,0.491767,0.245847,0.0750309
0.94079,0.179953,0.447125;0.840602,0.475522,0.24674,0.0799155
0.946198,0.18674,0.440541;0.849887,0.45727,0.247627,0.0853086
0.951525,0.193071,0.434058;0.85879,0.438813,0.248403,0.0906634
0.956764,0.198928,0.427683;0.867307,0.420158,0.249067,0.0959774
0.962421,0.204802,0.420805;0.876225,0.399421,0.249669,0.101773
0.967961,0.210058,0.414076;0.884668,0.378466,0.250134,0.107513
0.973864,0.215061,0.406918;0.893329,0.355372,0.250487,0.113709
0.980084,0.219584,0.399393;0.90206,0.330095,0.250687,0.120337
0.986114,0.223138,0.392123;0.910106,0.304567,0.250696,0.126874
0.992382,0.225838,0.384596;0.917999,0.276817,0.250493,0.133806
0.998826,0.227381,0.376903;0.925558,0.246816,0.250031,0.141103
1.00537,0.227421,0.369149;0.932589,0.21454,0.249259,0.148728
1.01193,0.225571,0.361453;0.938885,0.179977,0.248125,0.156643
1.01807,0.221686,0.354353;0.943962,0.145181,0.24667,0.164354
1.02376,0.21568,0.347886;0.947814,0.110196,0.244893,0.171851
1.02869,0.208014,0.342409;0.950315,0.0771379,0.242931,0.178705
1.03265,0.199647,0.338126;0.951607,0.0481379,0.240985,0.184533
1.03601,0.190447,0.334594;0.952057,0.0211708,0.238988,0.189799
1.03884,0.180698,0.331728;0.951831,-0.00373661,0.236984,0.194533
1.0412,0.170676,0.329445;0.951082,-0.0265667,0.235012,0.198761
1.04315,0.160643,0.327663;0.949953,-0.0473091,0.233108,0.202512
1.04473,0.150848,0.326305;0.948572,-0.0659594,0.231305,0.20581
1.04615,0.140315,0.325186;0.946846,-0.0845856,0.229418,0.209033
1.04727,0.130322,0.324396;0.945023,-0.101117,0.22767,0.211834
1.04822,0.120178,0.323823;0.944661,-0.111233,0.22471,0.211537
1.04907,0.109108,0.323421;0.950473,-0.0990477,0.216715,0.19956
1.04973,0.0986618,0.323221;0.955388,-0.0880475,0.209448,0.188715
1.05028,0.0877817,0.32317;0.960001,-0.0770194,0.202115,0.17781
1.05069,0.0777632,0.323246;0.963847,-0.0671962,0.195543,0.168069
1.05101,0.0674338,0.323434;0.967452,-0.0573563,0.188923,0.158287
1.05126,0.0568087,0.323731;0.970817,-0.047502,0.182255,0.148465
1.05143,0.0459029,0.324133;0.973939,-0.0376359,0.175542,0.138606
1.05153,0.0347317,0.324638;0.976818,-0.0277605,0.168785,0.128713
1.05156,0.0233103,0.325243;0.979454,-0.017878,0.161986,0.118787
1.05152,0.0131232,0.325852;0.98156,-0.0092272,0.156003,0.110078
1.05143,0.00276636,0.326533;0.983479,-0.000574588,0.149991,0.101348
1.05128,-0.0077501,0.327285;0.98521,0.00807813,0.14395,0.0925981
1.05109,-0.018416,0.328105;0.986753,0.0167293,0.137882,0.0838309
1.05084,-0.0292211,0.328991;0.988107,0.0253773,0.131787,0.0750476
1.05054,-0.0401554,0.329942;0.989273,0.0340204,0.125667,0.0662499
1.05019,-0.0512085,0.330955;0.99025,0.0426571,0.119524,0.0574397
1.04979,-0.0623704,0.332029;0.991038,0.0512856,0.113357,0.0486184
1.04934,-0.0736309,0.333162;0.991637,0.0599043,0.107169,0.0397879
1.04884,-0.0849798,0.334351;0.992046,0.0685115,0.10096,0.0309498
1.0483,-0.0964069,0.335595;0.992266,0.0771057,0.0947321,0.0221058
1.04772,-0.107902,0.336891;0.992297,0.0856852,0.088486,0.0132576
1.04709,-0.119455,0.338239;0.992138,0.0942483,0.082223,0.00440678
1.04651,-0.129396,0.339432;0.991851,0.101574,0.0768422,-0.00318033
1.0459,-0.139366,0.340661;0.991425,0.108885,0.0714507,-0.010767
1.04526,-0.149357,0.341923;0.99086,0.116181,0.0660491,-0.0183522
1.04459,-0.159365,0.343217;0.990155,0.123461,0.0606382,-0.0259347
1.0439,-0.169382,0.344542;0.989312,0.130723,0.0552189,-0.0335137
1.04317,-0.179402,0.345897;0.988331,0.137967,0.0497918,-0.0410879
1.04241,-0.189419,0.34728;0.98721,0.145192,0.0443577,-0.0486564
1.04163,-0.199426,0.348691;0.985951,0.152397,0.0389174,-0.056218
1.04081,-0.209416,0.350127;0.984554,0.15958,0.0334716,-0.0637718
1.03997,-0.219385,0.351589;0.983019,0.16674,0.0280211,-0.0713166
1.03911,-0.229324,0.353074;0.981346,0.173877,0.0225667,-0.0788515
1.03822,-0.239227,0.354581;0.979535,0.18099,0.0171092,-0.0863752
1.0373,-0.249089,0.35611;0.977587,0.188078,0.0116492,-0.0938869
1.0362,-0.260533,0.357918;0.975141,0.196313,0.00527725,-0.102634
1.03506,-0.271901,0.359751;0.972509,0.204511,-0.00109573,-0.111361
1.03389,-0.283184,0.361608;0.969691,0.212669,-0.00746849,-0.120067
1.0327,-0.29437,0.363485;0.966687,0.220788,-0.0138398,-0.12875
1.03147,-0.30545,0.365382;0.9635,0.228864,-0.0202085,-0.137409
1.03021,-0.316413,0.367297;0.960128,0.236896,-0.0265734,-0.146041
1.02893,-0.327249,0.369226;0.956573,0.244883,-0.0329331,-0.154645
1.02761,-0.337949,0.371169;0.952836,0.252823,-0.0392866,-0.16322
1.02627,-0.348502,0.373124;0.948916,0.260715,-0.0456326,-0.171764
1.02491,-0.358897,0.375088;0.944816,0.268558,-0.0519698,-0.180275
1.02351,-0.369125,0.377059;0.940535,0.276349,-0.0582972,-0.188751
1.0221,-0.379175,0.379036;0.936074,0.284087,-0.0646134,-0.197192
1.02066,-0.389038,0.381017;0.931435,0.291771,-0.0709173,-0.205595
1.01899,-0.400067,0.383283;0.925915,0.300484,-0.078105,-0.21515
1.01729,-0.410822,0.385548;0.920165,0.309123,-0.0852734,-0.224651
1.01557,-0.421289,0.387809;0.914185,0.317684,-0.0924204,-0.234096
1.01382,-0.431451,0.390063;0.907977,0.326167,-0.0995444,-0.243484
1.01204,-0.441294,0.392309;0.901543,0.334567,-0.106644,-0.25281
1.01002,-0.451967,0.394819;0.894035,0.343919,-0.114598,-0.263226
1.00797,-0.462195,0.39731;0.886246,0.353161,-0.122517,-0.27356
1.0059,-0.471956,0.399777;0.878177,0.362292,-0.130397,-0.283807
1.00357,-0.482229,0.402485;0.868886,0.372304,-0.139104,-0.295088
1.00121,-0.49187,0.405153;0.859257,0.382171,-0.147757,-0.306254
0.998598,-0.501709,0.408034;0.848278,0.392852,-0.157208,-0.318398
0.995715,-0.511482,0.411104;0.835846,0.404292,-0.167434,-0.331475
0.992565,-0.520883,0.414333;0.821848,0.41643,-0.178406,-0.345431
0.988902,-0.53011,0.417918;0.805025,0.430094,-0.19092,-0.361252
0.984725,-0.538351,0.421776;0.785107,0.445123,-0.204899,-0.378798
0.979052,-0.545501,0.4266;0.756757,0.464657,-0.223442,-0.401855
0.971418,-0.547273,0.43227;0.716089,0.489462,-0.247699,-0.431612
0.964835,-0.54083,0.436308;0.678478,0.509577,-0.268074,-0.456218
0.960269,-0.531508,0.438584;0.650851,0.522867,-0.281959,-0.47276
0.956951,-0.52197,0.439935;0.629905,0.532191,-0.291937,-0.484525
0.954145,-0.511923,0.440861;0.611569,0.53986,-0.300313,-0.494315
0.951715,-0.50166,0.441489;0.600901,0.557476,-0.303345,-0.485923
0.949558,-0.491325,0.441912;0.591166,0.573259,-0.305855,-0.477859
0.947617,-0.481047,0.442184;0.582104,0.587401,-0.308027,-0.470356
0.945885,-0.471105,0.442341;0.573777,0.599956,-0.309891,-0.463466
0.944166,-0.460533,0.442418;0.565291,0.612344,-0.311669,-0.456446
0.94265,-0.450626,0.442422;0.557615,0.623214,-0.313177,-0.4501
0.941143,-0.440257,0.442367;0.549817,0.633946,-0.314616,-0.443655
0.939646,-0.42944,0.442255;0.541899,0.644539,-0.315986,-0.437113
0.938159,-0.418195,0.442088;0.533861,0.654991,-0.317287,-0.430475
0.936864,-0.408015,0.441899;0.526732,0.664018,-0.318368,-0.424589
0.935576,-0.39753,0.441671;0.519514,0.672934,-0.319395,-0.418631
0.934293,-0.386751,0.441405;0.512209,0.681736,-0.320369,-0.412603
0.933017,-0.375689,0.441104;0.504818,0.690424,-0.321289,-0.406506
0.931746,-0.364355,0.440767;0.497342,0.698996,-0.322154,-0.400341
0.930481,-0.35276,0.440397;0.489782,0.70745,-0.322966,-0.394108
0.9294,-0.342622,0.440054;0.483237,0.714602,-0.323619,-0.388712
0.928323,-0.332308,0.439689;0.476632,0.721665,-0.324231,-0.383269
0.927249,-0.321824,0.439302;0.469968,0.72864,-0.324803,-0.377779
0.926178,-0.311177,0.438894;0.463246,0.735524,-0.325336,-0.372241
0.92511,-0.300375,0.438466;0.456467,0.742318,-0.325828,-0.366658
0.924045,-0.289424,0.438018;0.449632,0.74902,-0.32628,-0.36103
0.922983,-0.278332,0.437553;0.44274,0.755629,-0.326691,-0.355356
0.921923,-0.267104,0.437069;0.435795,0.762145,-0.327063,-0.349639
0.920866,-0.255749,0.43657;0.428795,0.768567,-0.327394,-0.343879
0.91981,-0.244274,0.436054;0.421743,0.774894,-0.327684,-0.338076
0.918757,-0.232684,0.435524;0.414638,0.781125,-0.327934,-0.332232
0.917705,-0.220988,0.43498;0.407482,0.78726,-0.328143,-0.326346
0.916655,-0.209192,0.434422;0.400276,0.793298,-0.328312,-0.320421
0.915606,-0.197303,0.433853;0.39302,0.799237,-0.32844,-0.314455
0.914733,-0.18733,0.433369;0.386937,0.804111,-0.328516,-0.309454
0.913861,-0.177301,0.432878;0.38082,0.808917,-0.328564,-0.304427
0.912989,-0.16722,0.432381;0.374671,0.813652,-0.328584,-0.299373
0.912118,-0.157092,0.431877;0.368489,0.818318,-0.328575,-0.294294
0.911248,-0.146921,0.431367;0.362276,0.822914,-0.328538,-0.28919
0.910377,-0.13671,0.430851;0.356032,0.82744,-0.328473,-0.284061
0.909507,-0.126464,0.430331;0.349757,0.831894,-0.32838,-0.278907
0.908638,-0.116187,0.429806;0.343452,0.836277,-0.328259,-0.273729
0.907768,-0.105882,0.429278;0.337118,0.840588,-0.328109,-0.268528
0.906898,-0.0955538,0.428746;0.330755,0.844827,-0.327932,-0.263304
0.906028,-0.0852065,0.428211;0.324363,0.848994,-0.327726,-0.258058
0.905158,-0.074844,0.427674;0.317944,0.853087,-0.327492,-0.252789
0.904287,-0.0644704,0.427135;0.311498,0.857108,-0.32723,-0.247498
0.903416,-0.0540897,0.426595;0.305024,0.861055,-0.32694,-0.242187
0.902545,-0.0437059,0.426054;0.298525,0.864928,-0.326622,-0.236854
0.901673,-0.0333231,0.425512;0.292,0.868727,-0.326276,-0.231501
0.9008,-0.0229453,0.424971;0.28545,0.872452,-0.325902,-0.226129
0.899926,-0.0125765,0.42443;0.278875,0.876102,-0.3255,-0.220737
0.899051,-0.00222082,0.423891;0.272276,0.879676,-0.32507,-0.215326
0.898175,0.00811773,0.423353;0.265654,0.883175,-0.324612,-0.209896
0.897298,0.0184351,0.422817;0.25901,0.886598,-0.324127,-0.204449
0.89642,0.0287273,0.422284;0.252343,0.889946,-0.323613,-0.198984
0.895541,0.0389903,0.421754;0.245654,0.893216,-0.323072,-0.193502
0.89466,0.0492199,0.421228;0.238945,0.896411,-0.322503,-0.188003
0.893777,0.0594123,0.420706;0.232215,0.899528,-0.321906,-0.182488
0.892893,0.0695632,0.420189;0.225465,0.902568,-0.321282,-0.176958
0.892007,0.0796688,0.419677;0.218695,0.905531,-0.32063,-0.171412
0.891119,0.089725,0.41917;0.211907,0.908416,-0.319951,-0.165852
0.890229,0.0997277,0.41867;0.205101,0.911223,-0.319244,-0.160277
0.889159,0.111655,0.418079;0.19691,0.914489,-0.31836,-0.15357
0.888085,0.123492,0.417498;0.188695,0.917641,-0.317436,-0.146843
0.887008,0.135232,0.416928;0.180457,0.92068,-0.316473,-0.140098
0.885927,0.146869,0.416371;0.172196,0.923606,-0.315472,-0.133336
0.884843,0.158395,0.415827;0.163914,0.926417,-0.314431,-0.126558
0.883755,0.169803,0.415296;0.155612,0.929114,-0.313351,-0.119764
0.882663,0.181086,0.414781;0.14729,0.931696,-0.312233,-0.112955
0.881567,0.192238,0.414281;0.138951,0.934163,-0.311076,-0.106132
0.880466,0.203251,0.413798;0.130594,0.936515,-0.30988,-0.0992962
0.879361,0.214119,0.413333;0.122221,0.938751,-0.308647,-0.092448
0.878252,0.224833,0.412886;0.113833,0.940871,-0.307375,-0.0855883
0.877137,0.235389,0.412457;0.105431,0.942874,-0.306065,-0.0787181
0.876017,0.245778,0.412049;0.0970159,0.944762,-0.304718,-0.0718382
0.874892,0.255993,0.411662;0.0885888,0.946532,-0.303332,-0.0649494
0.873762,0.266027,0.411297;0.0801508,0.948186,-0.30191,-0.0580525
0.872436,0.277497,0.4109;0.070294,0.949967,-0.300203,-0.0499972
0.871102,0.2887,0.410535;0.0604254,0.951589,-0.298445,-0.0419335
0.86976,0.299626,0.410203;0.0505467,0.95305,-0.296638,-0.0338627
0.86841,0.310264,0.409907;0.0406594,0.954351,-0.29478,-0.0257863
0.867051,0.320602,0.409647;0.0307653,0.955492,-0.292873,-0.0177055
0.865683,0.330629,0.409424;0.020866,0.956472,-0.290917,-0.00962172
0.864108,0.341694,0.409218;0.00954839,0.957396,-0.288622,-0.000381222
0.862521,0.352322,0.409065;-0.00177136,0.958109,-0.286263,0.00885936
0.86092,0.362498,0.408968;-0.0130907,0.958611,-0.283841,0.018098
0.859104,0.373382,0.408926;-0.0258214,0.958925,-0.281042,0.0284866
0.85727,0.383649,0.408961;-0.038545,0.958972,-0.278165,0.0388673
0.855212,0.394302,0.409091;-0.0526695,0.958712,-0.274877,0.0503886
0.85313,0.404131,0.409322;-0.066776,0.958123,-0.271495,0.0618926
0.850813,0.413952,0.409697;-0.0822665,0.957096,-0.267668,0.0745224
0.848035,0.424163,0.410312;-0.100529,0.955369,-0.263001,0.0894081
0.844776,0.433978,0.411262;-0.121528,0.952689,-0.257428,0.106519
0.840559,0.443221,0.412856;-0.14799,0.948238,-0.250083,0.128073
0.833923,0.449987,0.416191;-0.188014,0.939182,-0.238278,0.160657
0.826298,0.446314,0.421241;-0.231545,0.926047,-0.224456,0.196069
0.82161,0.438186,0.42497;-0.257017,0.916705,-0.215873,0.216778
0.818075,0.429201,0.428087;-0.275583,0.909095,-0.209377,0.231866
0.814989,0.419399,0.431018;-0.291351,0.902085,-0.203697,0.244675
0.812251,0.40921,0.433777;-0.301552,0.896912,-0.200423,0.253863
0.809944,0.399572,0.436215;-0.295611,0.897933,-0.205044,0.25355
0.807612,0.388907,0.438776;-0.289653,0.898903,-0.209652,0.253222
0.805259,0.377252,0.441455;-0.283678,0.89982,-0.214248,0.25288
0.803362,0.367241,0.443679;-0.278886,0.900517,-0.217916,0.252595
0.801455,0.356641,0.44597;-0.274084,0.90118,-0.221576,0.252301
0.799539,0.345471,0.448326;-0.269271,0.901811,-0.225228,0.251998
0.797616,0.333751,0.450742;-0.264449,0.902407,-0.228871,0.251686
0.795687,0.3215,0.453215;-0.259617,0.902971,-0.232506,0.251364
0.793754,0.308738,0.455743;-0.254775,0.903501,-0.236133,0.251033
0.792303,0.298843,0.457672;-0.251138,0.903876,-0.238847,0.250778
0.79085,0.288679,0.459628;-0.247495,0.904233,-0.241556,0.250519
0.789398,0.278255,0.46161;-0.243847,0.904571,-0.24426,0.250254
0.787947,0.267579,0.463616;-0.240195,0.90489,-0.246959,0.249984
0.786496,0.25666,0.465645;-0.236537,0.90519,-0.249653,0.249709
0.785048,0.245505,0.467695;-0.232874,0.905472,-0.252341,0.249428
0.783602,0.234123,0.469765;-0.229206,0.905734,-0.255025,0.249143
0.782159,0.222522,0.471853;-0.225534,0.905978,-0.257703,0.248852
0.780721,0.210711,0.473958;-0.221857,0.906203,-0.260376,0.248556
0.779287,0.198696,0.476079;-0.218175,0.906409,-0.263043,0.248255
0.777858,0.186488,0.478214;-0.214489,0.906596,-0.265705,0.247948
0.776436,0.174094,0.480361;-0.210798,0.906765,-0.268361,0.247637
0.775019,0.161521,0.48252;-0.207103,0.906914,-0.271012,0.24732
0.773611,0.14878,0.484688;-0.203404,0.907045,-0.273657,0.246998
0.77221,0.135877,0.486865;-0.1997,0.907157,-0.276296,0.246672
0.770818,0.122821,0.489049;-0.195992,0.90725,-0.27893,0.24634
0.769435,0.10962,0.491238;-0.19228,0.907324,-0.281558,0.246002
0.768062,0.096282,0.493432;-0.188564,0.907379,-0.28418,0.24566
0.766699,0.0828161,0.495628;-0.184845,0.907415,-0.286796,0.245313
0.765348,0.06923,0.497825;-0.181121,0.907432,-0.289406,0.24496
0.764009,0.0555321,0.500022;-0.177394,0.907431,-0.29201,0.244603
0.762683,0.0417305,0.502217;-0.173663,0.907411,-0.294608,0.24424
0.76137,0.0278334,0.504409;-0.169928,0.907371,-0.2972,0.243872
0.760071,0.0138492,0.506597;-0.16619,0.907313,-0.299786,0.243499
0.758787,-0.000214039,0.508778;-0.162448,0.907236,-0.302365,0.243121
0.757517,-0.014348,0.510952;-0.158703,0.90714,-0.304939,0.242738
0.756264,-0.0285444,0.513117;-0.154954,0.907026,-0.307505,0.24235
0.755028,-0.042795,0.515272;-0.151203,0.906892,-0.310066,0.241957
0.753809,-0.0570917,0.517416;-0.147448,0.90674,-0.31262,0.241559
0.752608,-0.0714262,0.519545;-0.14369,0.906568,-0.315167,0.241156
0.751425,-0.0857902,0.521661;-0.13993,0.906378,-0.317708,0.240748
0.750262,-0.100176,0.52376;-0.136166,0.906169,-0.320243,0.240335
0.749119,-0.114574,0.525842;-0.132399,0.905941,-0.32277,0.239917
0.747997,-0.128977,0.527905;-0.12863,0.905695,-0.325291,0.239494
0.746896,-0.143377,0.529947;-0.124858,0.905429,-0.327806,0.239066
0.745817,-0.157765,0.531968;-0.121083,0.905145,-0.330313,0.238633
0.744761,-0.172134,0.533966;-0.117306,0.904841,-0.332813,0.238194
0.743728,-0.186474,0.535938;-0.113527,0.904519,-0.335307,0.237751
0.742719,-0.200778,0.537885;-0.109745,0.904178,-0.337794,0.237304
0.741734,-0.215037,0.539804;-0.105961,0.903819,-0.340273,0.236851
0.740775,-0.229244,0.541695;-0.102174,0.90344,-0.342746,0.236393
0.739843,-0.24339,0.543554;-0.0983858,0.903043,-0.345211,0.23593
0.738936,-0.257466,0.545382;-0.0945953,0.902627,-0.347669,0.235462
0.738058,-0.271465,0.547177;-0.0908027,0.902192,-0.35012,0.23499
0.737207,-0.285378,0.548937;-0.0870083,0.901738,-0.352564,0.234513
0.736385,-0.299197,0.550661;-0.0832121,0.901266,-0.355,0.23403
0.735592,-0.312914,0.552347;-0.0794141,0.900775,-0.357429,0.233543
0.73483,-0.32652,0.553994;-0.0756145,0.900265,-0.359851,0.233051
0.734098,-0.340008,0.555601;-0.0718134,0.899736,-0.362265,0.232554
0.733397,-0.353369,0.557165;-0.0680107,0.899189,-0.364671,0.232052
0.732729,-0.366594,0.558687;-0.0642066,0.898623,-0.36707,0.231546
0.732093,-0.379676,0.560163;-0.0604012,0.898038,-0.369461,0.231035
0.731491,-0.392607,0.561594;-0.0565945,0.897435,-0.371845,0.230518
0.730923,-0.405378,0.562977;-0.0527867,0.896813,-0.374221,0.229997
0.730389,-0.417981,0.56431;-0.0489777,0.896172,-0.376589,0.229472
0.729891,-0.430407,0.565593;-0.0451677,0.895513,-0.378949,0.228941
0.729429,-0.442649,0.566825;-0.0413568,0.894835,-0.381301,0.228406
0.729004,-0.454698,0.568002;-0.037545,0.894138,-0.383646,0.227866
0.728616,-0.466546,0.569125;-0.0337325,0.893423,-0.385982,0.227321
0.728266,-0.478185,0.570192;-0.0299192,0.892689,-0.388311,0.226772
0.727955,-0.489606,0.571201;-0.0261054,0.891937,-0.390631,0.226217
0.727683,-0.500802,0.572151;-0.0222909,0.891166,-0.392943,0.225658
0.727452,-0.511763,0.57304;-0.018476,0.890377,-0.395247,0.225095
0.727261,-0.522482,0.573868;-0.0146608,0.889569,-0.397543,0.224527
0.727112,-0.532951,0.574632;-0.0108452,0.888742,-0.399831,0.223954
0.727004,-0.543162,0.575331;-0.0070294,0.887897,-0.40211,0.223376
0.726928,-0.556359,0.576159;-0.00194146,0.886742,-0.405136,0.222599
0.726929,-0.569062,0.576866;0.00314656,0.885554,-0.408147,0.221813
0.72701,-0.581251,0.577449;0.00823446,0.884333,-0.411143,0.221019
0.727171,-0.592908,0.577903;0.0133221,0.883079,-0.414123,0.220217
0.727415,-0.604011,0.578226;0.0184092,0.881793,-0.417089,0.219407
0.727742,-0.614543,0.578414;0.0234956,0.880474,-0.420039,0.218589
0.728272,-0.626874,0.578454;0.0298524,0.87878,-0.423704,0.217554
0.728939,-0.638242,0.578272;0.0362074,0.877035,-0.427345,0.216508
0.729745,-0.648609,0.57786;0.0425604,0.875239,-0.430961,0.215448
0.730902,-0.659675,0.577053;0.0501807,0.873017,-0.435268,0.214161
0.732519,-0.670607,0.575667;0.0590657,0.870333,-0.440247,0.212636
0.73473,-0.680364,0.573473;0.0692117,0.867145,-0.445876,0.210864
0.738425,-0.688736,0.569348;0.0831455,0.862552,-0.453508,0.208377
0.744739,-0.690067,0.561536;0.102108,0.855901,-0.46371,0.204891
0.749804,-0.684033,0.554846;0.114721,0.851219,-0.470378,0.202508
0.753772,-0.67632,0.549424;0.123534,0.847825,-0.474981,0.200812
0.757458,-0.667331,0.544276;0.131077,0.844839,-0.478883,0.19934
0.760734,-0.658114,0.539625;0.137355,0.842297,-0.482105,0.198101
0.7642,-0.647286,0.534637;0.143624,0.839707,-0.485299,0.196851
0.767111,-0.637438,0.530401;0.148634,0.837599,-0.487834,0.195842
0.770147,-0.626515,0.525943;0.153639,0.835461,-0.49035,0.194826
0.77331,-0.614498,0.521258;0.158637,0.833291,-0.492849,0.193803
0.775765,-0.604756,0.517594;0.162382,0.831644,-0.494711,0.193031
0.778293,-0.594379,0.5138;0.166124,0.82998,-0.496563,0.192254
0.780895,-0.583358,0.509874;0.169862,0.828298,-0.498405,0.191474
0.783571,-0.571687,0.505814;0.173597,0.826599,-0.500236,0.19069
0.786321,-0.559356,0.50162;0.177328,0.824883,-0.502056,0.189902
0.789147,-0.546358,0.497289;0.181056,0.823149,-0.503867,0.18911
0.792048,-0.532683,0.492821;0.184779,0.821399,-0.505666,0.188314
0.794025,-0.523187,0.489765;0.18726,0.820222,-0.50686,0.187782
0.796036,-0.513385,0.486647;0.189738,0.819038,-0.50805,0.187247
0.798082,-0.503274,0.483466;0.192215,0.817847,-0.509234,0.186711
0.800163,-0.492851,0.480222;0.19469,0.816647,-0.510414,0.186173
0.802278,-0.482115,0.476915;0.197164,0.815441,-0.511589,0.185633
0.804428,-0.471062,0.473543;0.199635,0.814226,-0.51276,0.185092
0.806614,-0.45969,0.470108;0.202105,0.813004,-0.513925,0.184549
0.808835,-0.447998,0.466607;0.204572,0.811775,-0.515086,0.184004
0.811092,-0.435982,0.463041;0.207038,0.810538,-0.516243,0.183457
0.813384,-0.423639,0.45941;0.209502,0.809294,-0.517394,0.182909
0.815713,-0.410969,0.455712;0.211964,0.808042,-0.518541,0.182359
0.817807,-0.399463,0.45238;0.214144,0.806926,-0.519553,0.18187
