0.815628,-0.0728936,0.609029;0.772157,0.422072,-0.194176,-0.433503
0.821389,-0.0792471,0.600416;0.777051,0.416052,-0.1963,-0.429602
0.827044,-0.0854418,0.591951;0.781884,0.409998,-0.19841,-0.425668
0.832594,-0.0914789,0.583634;0.786654,0.403911,-0.200503,-0.421699
0.83804,-0.0973595,0.575464;0.791361,0.397793,-0.20258,-0.417696
0.843383,-0.103085,0.567441;0.796005,0.391642,-0.204642,-0.41366
0.848624,-0.108656,0.559562;0.800585,0.38546,-0.206686,-0.409591
0.853763,-0.114074,0.551828;0.805101,0.379247,-0.208715,-0.405489
0.8588,-0.11934,0.544236;0.809553,0.373004,-0.210726,-0.401355
0.863738,-0.124456,0.536786;0.81394,0.366732,-0.212721,-0.397189
0.868575,-0.129422,0.529478;0.818262,0.360429,-0.214699,-0.392991
0.874484,-0.135421,0.520539;0.823573,0.352511,-0.217147,-0.387699
0.880239,-0.141191,0.511816;0.828781,0.344549,-0.219568,-0.382359
0.885843,-0.146733,0.503309;0.833885,0.336544,-0.221961,-0.376972
0.891297,-0.152051,0.495014;0.838885,0.328497,-0.224327,-0.371537
0.896602,-0.157146,0.486929;0.84378,0.320409,-0.226665,-0.366055
0.901759,-0.16202,0.479054;0.84857,0.31228,-0.228974,-0.360528
0.906771,-0.166676,0.471385;0.853254,0.304113,-0.231255,-0.354956
0.912595,-0.171978,0.462453;0.858734,0.294262,-0.233954,-0.348211
0.918213,-0.176974,0.453812;0.86406,0.284359,-0.236611,-0.341404
0.923628,-0.181666,0.445459;0.86923,0.274404,-0.239225,-0.334535
0.928843,-0.186059,0.437391;0.874244,0.2644,-0.241796,-0.327606
0.93386,-0.190156,0.429604;0.8791,0.254348,-0.244324,-0.320618
0.939466,-0.194569,0.42087;0.884566,0.242563,-0.247217,-0.312392
0.944809,-0.198591,0.412509;0.889816,0.230719,-0.25005,-0.30409
0.949895,-0.20223,0.404515;0.894848,0.218819,-0.252822,-0.295714
0.955395,-0.205925,0.395821;0.90033,0.205153,-0.255914,-0.286052
0.960569,-0.209136,0.387593;0.905525,0.191421,-0.258924,-0.276299
0.966008,-0.212181,0.37888;0.911022,0.1759,-0.262211,-0.265222
0.971584,-0.214875,0.369863;0.916698,0.158571,-0.265739,-0.252788
0.977166,-0.217022,0.360732;0.922413,0.139419,-0.269467,-0.238965
0.982612,-0.218415,0.351688;0.928011,0.118429,-0.273347,-0.223721
0.987777,-0.218843,0.34294;0.933323,0.0955945,-0.277329,-0.207025
0.99282,-0.217989,0.334158;0.938472,0.069148,-0.281632,-0.187544
0.997625,-0.215142,0.325403;0.943258,0.0373122,-0.286378,-0.163891
1.00145,-0.209769,0.317851;0.946785,0.00187049,-0.291107,-0.137301
1.00384,-0.201776,0.31225;0.948452,-0.035346,-0.295447,-0.109086
1.00467,-0.192076,0.309003;0.948098,-0.0707192,-0.298975,-0.0819911
1.00429,-0.181726,0.307715;0.94616,-0.102436,-0.301639,-0.0574638
1.00311,-0.171327,0.307791;0.943151,-0.130491,-0.303598,-0.0355825
1.00146,-0.161363,0.308749;0.939529,-0.154904,-0.304994,-0.016398
0.999445,-0.151433,0.310341;0.935342,-0.177438,-0.306022,0.00143086
0.997196,-0.141724,0.312383;0.930776,-0.198106,-0.306742,0.0178876
0.994593,-0.131525,0.314944;0.92554,-0.218631,-0.307242,0.0343314
0.991912,-0.121772,0.317724;0.920156,-0.237308,-0.307506,0.0493835
0.988966,-0.111658,0.320898;0.914215,-0.255842,-0.307583,0.0644058
0.986069,-0.102171,0.324106;0.908335,-0.272556,-0.307493,0.0780289
0.982977,-0.0924236,0.327605;0.902001,-0.289135,-0.307249,0.091613
0.980036,-0.0834432,0.33099;0.895915,-0.303933,-0.306898,0.1038
0.976954,-0.0742798,0.334586;0.889467,-0.318607,-0.306422,0.115944
0.97374,-0.0649467,0.338383;0.882659,-0.333153,-0.305823,0.128042
0.970402,-0.055457,0.342368;0.875493,-0.347564,-0.3051,0.140088
0.966948,-0.045824,0.346529;0.867974,-0.361834,-0.304254,0.152078
0.963386,-0.0360608,0.350856;0.860103,-0.375958,-0.303284,0.164005
0.960137,-0.0272838,0.354832;0.852814,-0.388385,-0.30232,0.174552
0.956816,-0.0184238,0.358921;0.845253,-0.400687,-0.301258,0.185043
0.953428,-0.00948995,0.363115;0.837421,-0.412862,-0.3001,0.195475
0.949979,-0.000491536,0.367406;0.829322,-0.424905,-0.298847,0.205845
0.946476,0.00856214,0.371786;0.820957,-0.436811,-0.297497,0.216148
0.942924,0.0176618,0.376247;0.812331,-0.448578,-0.296053,0.226383
0.939124,0.0273151,0.381039;0.805743,-0.457247,-0.294216,0.234822
0.935742,0.0358461,0.385321;0.805795,-0.457184,-0.29212,0.237365
0.932329,0.0443989,0.389657;0.805839,-0.457117,-0.290022,0.239905
0.928888,0.0529706,0.394045;0.805874,-0.457045,-0.28792,0.242443
0.925421,0.061558,0.398481;0.805901,-0.456968,-0.285816,0.244978
0.92193,0.0701583,0.402962;0.805918,-0.456885,-0.283708,0.24751
0.918417,0.0787684,0.407487;0.805927,-0.456798,-0.281597,0.25004
0.914886,0.0873853,0.412051;0.805927,-0.456706,-0.279483,0.252567
0.911337,0.0960061,0.416652;0.805918,-0.456609,-0.277366,0.255092
0.907773,0.104628,0.421288;0.805901,-0.456507,-0.275246,0.257613
0.904197,0.113247,0.425955;0.805875,-0.4564,-0.273123,0.260132
0.90061,0.121861,0.430651;0.80584,-0.456288,-0.270998,0.262648
0.897016,0.130468,0.435372;0.805796,-0.456171,-0.268869,0.265161
0.893415,0.139063,0.440117;0.805743,-0.456049,-0.266737,0.267671
0.889811,0.147644,0.444882;0.805682,-0.455923,-0.264602,0.270179
0.886206,0.156207,0.449665;0.805612,-0.455791,-0.262465,0.272683
0.882601,0.164751,0.454462;0.805533,-0.455654,-0.260324,0.275185
0.878999,0.173271,0.459271;0.805446,-0.455513,-0.258181,0.277683
0.875403,0.181766,0.464089;0.80535,-0.455366,-0.256035,0.280178
0.871814,0.190231,0.468913;0.805245,-0.455214,-0.253886,0.282671
0.868235,0.198664,0.47374;0.805131,-0.455058,-0.251735,0.28516
0.864668,0.207062,0.478568;0.805008,-0.454896,-0.24958,0.287646
0.861115,0.215422,0.483394;0.804877,-0.45473,-0.247423,0.290129
0.857579,0.223741,0.488215;0.804737,-0.454559,-0.245264,0.292609
0.854062,0.232016,0.493028;0.804588,-0.454382,-0.243101,0.295086
0.850565,0.240244,0.49783;0.804431,-0.454201,-0.240936,0.29756
0.847092,0.248421,0.502619;0.804265,-0.454015,-0.238769,0.30003
0.843644,0.256546,0.507391;0.80409,-0.453824,-0.236599,0.302497
0.83909,0.267291,0.513724;0.803843,-0.453562,-0.233701,0.305781
0.834591,0.277929,0.520017;0.803581,-0.45329,-0.230799,0.30906
0.830151,0.288453,0.526262;0.803303,-0.453011,-0.227892,0.312332
0.825777,0.298857,0.532453;0.803009,-0.452722,-0.224981,0.315598
0.821473,0.309132,0.538584;0.8027,-0.452424,-0.222066,0.318859
0.817245,0.319272,0.544647;0.802376,-0.452118,-0.219146,0.322113
0.813097,0.32927,0.550636;0.802036,-0.451803,-0.216223,0.325361
0.809036,0.339118,0.556545;0.801681,-0.45148,-0.213294,0.328602
0.805067,0.34881,0.562366;0.80131,-0.451147,-0.210362,0.331838
0.801195,0.358339,0.568093;0.800923,-0.450806,-0.207426,0.335067
0.797424,0.367696,0.57372;0.800522,-0.450457,-0.204486,0.338289
0.793762,0.376876,0.579239;0.800104,-0.450098,-0.201542,0.341505
0.790212,0.385871,0.584645;0.799672,-0.449731,-0.198594,0.344714
0.78678,0.394674,0.589929;0.799224,-0.449355,-0.195642,0.347917
0.783472,0.403278,0.595087;0.79876,-0.448971,-0.192686,0.351113
0.780292,0.411676,0.60011;0.798281,-0.448577,-0.189727,0.354302
0.777247,0.41986,0.604993;0.797786,-0.448176,-0.186764,0.357484
0.773636,0.42978,0.610889;0.797147,-0.447661,-0.183055,0.361452
0.770254,0.439342,0.616542;0.796483,-0.447133,-0.17934,0.365409
0.76711,0.448531,0.621938;0.795795,-0.446592,-0.175621,0.369355
0.764215,0.457335,0.627065;0.795083,-0.446037,-0.171896,0.373291
0.761579,0.465738,0.63191;0.794347,-0.445468,-0.168165,0.377214
0.758772,0.475276,0.637333;0.793433,-0.444768,-0.163682,0.381908
0.756372,0.484193,0.642309;0.792484,-0.444049,-0.159192,0.386585
0.754108,0.493782,0.647517;0.791333,-0.443186,-0.153945,0.39202
0.752263,0.503619,0.652641;0.78996,-0.442167,-0.147937,0.398203
0.751186,0.513187,0.657284;0.788343,-0.44098,-0.141164,0.405122
0.75133,0.52239,0.661175;0.774631,-0.469138,-0.134934,0.402057
0.754203,0.531713,0.663784;0.750934,-0.514054,-0.12565,0.395043
0.762444,0.536091,0.661647;0.715827,-0.572294,-0.112618,0.383911
0.770906,0.53348,0.656401;0.688585,-0.612187,-0.102966,0.374801
0.778094,0.528641,0.65082;0.667896,-0.639964,-0.0958556,0.367657
0.784675,0.522717,0.645071;0.649991,-0.662477,-0.0898344,0.361339
0.790748,0.516193,0.639313;0.633997,-0.681505,-0.0845503,0.355598
0.796115,0.509664,0.633899;0.620127,-0.697245,-0.0800341,0.350552
0.801659,0.502211,0.628003;0.605956,-0.712646,-0.075479,0.345336
0.806826,0.494634,0.62224;0.592817,-0.726346,-0.0713061,0.340448
0.811561,0.487162,0.616733;0.580789,-0.738427,-0.067526,0.335932
0.816357,0.479072,0.610933;0.568571,-0.750268,-0.0637239,0.331306
0.820659,0.471363,0.605537;0.557556,-0.760589,-0.0603268,0.327104
0.824985,0.463165,0.599921;0.546397,-0.770713,-0.0569142,0.322818
0.829323,0.454479,0.594092;0.535098,-0.78064,-0.053487,0.318449
0.833119,0.446479,0.588821;0.525098,-0.789162,-0.0504769,0.314559
0.836908,0.438105,0.583395;0.514995,-0.797528,-0.0474568,0.310607
0.840681,0.429357,0.577817;0.504791,-0.805737,-0.0444274,0.306594
0.84443,0.420236,0.572093;0.494487,-0.813788,-0.0413893,0.302521
0.847619,0.412121,0.567072;0.485578,-0.820561,-0.0387787,0.298982
0.85078,0.403732,0.561948;0.476599,-0.827215,-0.0361624,0.2954
0.853907,0.395068,0.556724;0.46755,-0.83375,-0.033541,0.291775
0.856996,0.386131,0.551403;0.458434,-0.840164,-0.0309147,0.288108
0.860042,0.376919,0.545986;0.449252,-0.846457,-0.0282839,0.284399
0.86304,0.367433,0.540476;0.440005,-0.852628,-0.025649,0.280649
0.865985,0.357673,0.534877;0.430694,-0.858675,-0.0230104,0.276859
0.868872,0.347639,0.529189;0.421321,-0.864598,-0.0203685,0.273028
0.871229,0.339068,0.524384;0.413463,-0.869438,-0.0181647,0.269806
0.87354,0.330306,0.519522;0.405564,-0.874191,-0.015959,0.266557
0.875801,0.321355,0.514603;0.397624,-0.878857,-0.0137517,0.263281
0.87801,0.312213,0.509629;0.389645,-0.883434,-0.0115431,0.259978
0.880163,0.302881,0.504602;0.381626,-0.887922,-0.00933326,0.256649
0.882258,0.293359,0.499522;0.373569,-0.892321,-0.0071225,0.253295
0.884291,0.283647,0.494393;0.365474,-0.896631,-0.00491103,0.249915
0.886261,0.273745,0.489214;0.357343,-0.90085,-0.00269906,0.24651
0.888163,0.263652,0.483987;0.349176,-0.90498,-0.000486829,0.243081
0.889931,0.253744,0.478906;0.341269,-0.908874,0.00164577,0.239751
0.891471,0.244641,0.474279;0.358056,-0.90278,0.00210875,0.238283
0.892957,0.235399,0.46962;0.374728,-0.896397,0.00257104,0.236737
0.894389,0.226025,0.464934;0.39128,-0.889726,0.00303251,0.235116
0.895769,0.216525,0.460221;0.407705,-0.882768,0.003493,0.233419
0.897098,0.206903,0.455485;0.424,-0.875527,0.00395238,0.231647
0.898377,0.197167,0.450729;0.440159,-0.868005,0.00441048,0.2298
0.899607,0.187321,0.445954;0.456176,-0.860204,0.00486716,0.22788
0.900788,0.177372,0.441165;0.472046,-0.852126,0.00532229,0.225886
0.901922,0.167326,0.436363;0.487765,-0.843775,0.0057757,0.22382
0.902891,0.158318,0.432086;0.501606,-0.836124,0.00617718,0.221923
0.903824,0.149242,0.427804;0.51532,-0.82826,0.00657709,0.21997
0.904722,0.140102,0.423517;0.528903,-0.820187,0.00697533,0.217961
0.905585,0.130902,0.419228;0.542351,-0.811905,0.0073718,0.215897
0.906414,0.121645,0.41494;0.555662,-0.803417,0.0077664,0.213777
0.90721,0.112336,0.410653;0.568832,-0.794725,0.00815902,0.211604
0.907974,0.10298,0.406369;0.581857,-0.785831,0.00854958,0.209377
0.908706,0.0935796,0.402091;0.594734,-0.776738,0.00893797,0.207096
0.909406,0.0841395,0.397821;0.607461,-0.767448,0.00932408,0.204763
0.910076,0.0746637,0.393559;0.620033,-0.757963,0.00970783,0.202378
0.910717,0.0651563,0.389309;0.632448,-0.748285,0.0100891,0.199942
0.911328,0.0556215,0.385072;0.644703,-0.738417,0.0104678,0.197455
0.911911,0.0460632,0.38085;0.656794,-0.728362,0.0108439,0.194918
0.912466,0.0364857,0.376644;0.668718,-0.718122,0.0112172,0.192331
0.912994,0.0268929,0.372458;0.680472,-0.7077,0.0115877,0.189696
0.913496,0.0172891,0.368292;0.692053,-0.697098,0.0119552,0.187012
0.913972,0.00767813,0.364148;0.703459,-0.686319,0.0123197,0.184281
0.914423,-0.00193574,0.360029;0.714686,-0.675366,0.0126811,0.181503
0.91485,-0.0115485,0.355936;0.725732,-0.664241,0.0130392,0.178679
0.915253,-0.0211559,0.351871;0.736594,-0.652948,0.013394,0.175809
0.915633,-0.0307541,0.347836;0.747268,-0.641489,0.0137455,0.172895
0.915991,-0.0403388,0.343833;0.757753,-0.629867,0.0140934,0.169938
0.916327,-0.0499061,0.339864;0.768046,-0.618085,0.0144378,0.166937
0.916642,-0.0594517,0.335931;0.778143,-0.606147,0.0147785,0.163893
0.916938,-0.0689717,0.332035;0.788043,-0.594054,0.0151154,0.160808
0.917213,-0.0784618,0.328179;0.797743,-0.581811,0.0154485,0.157682
0.91747,-0.0879181,0.324364;0.80724,-0.56942,0.0157777,0.154516
0.917709,-0.0973365,0.320592;0.816533,-0.556884,0.0161029,0.151311
0.91793,-0.106713,0.316866;0.825618,-0.544207,0.016424,0.148068
0.918134,-0.116043,0.313186;0.834493,-0.531392,0.0167409,0.144787
0.918345,-0.126479,0.309105;0.844225,-0.516814,0.0170924,0.141051
0.918536,-0.136846,0.305089;0.853685,-0.50207,0.0174383,0.137271
0.918709,-0.147137,0.30114;0.862871,-0.487164,0.0177787,0.133446
0.918865,-0.157348,0.297261;0.87178,-0.472102,0.0181133,0.129579
0.919003,-0.167472,0.293455;0.880409,-0.456888,0.0184422,0.12567
0.919127,-0.177502,0.289724;0.888755,-0.441528,0.0187651,0.12172
0.919236,-0.187435,0.286071;0.896815,-0.426025,0.0190819,0.117732
0.919331,-0.197263,0.282499;0.904587,-0.410386,0.0193927,0.113705
0.919414,-0.206981,0.27901;0.912069,-0.394615,0.0196972,0.109643
0.919485,-0.216583,0.275607;0.919257,-0.378717,0.0199954,0.105544
0.919545,-0.226063,0.272293;0.92615,-0.362697,0.0202871,0.101412
0.919601,-0.236446,0.268719;0.93346,-0.344761,0.0206037,0.096783
0.919646,-0.246664,0.265261;0.9404,-0.326689,0.020912,0.0921152
0.919682,-0.256709,0.261923;0.946967,-0.308486,0.0212121,0.087411
0.91971,-0.266572,0.258709;0.953158,-0.290161,0.0215037,0.082672
0.919731,-0.276245,0.255624;0.95897,-0.271722,0.0217868,0.0779003
0.919749,-0.286657,0.252381;0.964925,-0.251314,0.0220883,0.0726157
0.919762,-0.29682,0.249302;0.970417,-0.230785,0.0223791,0.0672963
0.919772,-0.306722,0.246392;0.975443,-0.210146,0.0226592,0.0619447
0.919781,-0.316353,0.243656;0.98,-0.189405,0.0229284,0.0565632
0.919791,-0.326539,0.240875;0.984436,-0.166676,0.0232096,0.0506617
0.919805,-0.336375,0.238313;0.988309,-0.143852,0.0234775,0.0447313
0.919827,-0.346622,0.235792;0.991868,-0.119033,0.0237525,0.0382779
0.919857,-0.356425,0.233543;0.994762,-0.0941349,0.0240117,0.0317989
0.919904,-0.366467,0.231436;0.997132,-0.0672511,0.0242728,0.0247977
0.919974,-0.376608,0.22955;0.998812,-0.0383896,0.0245315,0.0172753
0.920077,-0.386692,0.227978;0.999622,-0.00756682,0.0247834,0.00923446
0.920233,-0.397089,0.226769;0.999319,0.0271164,0.0250367,0.000177762
0.920467,-0.407413,0.226146;0.997476,0.0656105,0.0252804,-0.009885
0.920828,-0.417605,0.226403;0.993401,0.109746,0.025511,-0.0214368
0.921421,-0.427452,0.228186;0.985628,0.163157,0.0257195,-0.0354368
0.922516,-0.435913,0.233177;0.979043,0.192523,0.036199,-0.0556668
0.924106,-0.439092,0.242522;0.980758,0.165929,0.0631166,-0.0812255
0.92546,-0.436929,0.252726;0.980648,0.144194,0.0847641,-0.101748
0.926422,-0.432623,0.261991;0.979668,0.127501,0.101181,-0.117292
0.927154,-0.427073,0.271095;0.978174,0.112811,0.115481,-0.130818
0.927659,-0.421054,0.279603;0.976422,0.100165,0.127683,-0.142349
0.927996,-0.41456,0.287947;0.974435,0.0885335,0.138819,-0.152863
0.928178,-0.407877,0.295967;0.972313,0.0779306,0.148897,-0.162372
0.928224,-0.401254,0.303523;0.970146,0.0683674,0.157928,-0.170887
0.928147,-0.394076,0.311387;0.967736,0.058787,0.166919,-0.17936
0.927933,-0.386364,0.319547;0.965084,0.0491919,0.175869,-0.187787
0.927617,-0.379077,0.327039;0.962523,0.0406525,0.183787,-0.195239
0.927174,-0.3714,0.334747;0.959773,0.0321051,0.191669,-0.202652
0.926595,-0.363348,0.342663;0.956833,0.0235514,0.199514,-0.210026
0.925968,-0.356005,0.349752;0.954105,0.016063,0.206345,-0.216443
0.925225,-0.348396,0.356988;0.951233,0.00857212,0.213145,-0.222828
0.924358,-0.34053,0.364364;0.948216,0.00107998,0.219913,-0.229179
0.923362,-0.332417,0.371875;0.945056,-0.00641233,0.226648,-0.235495
0.922229,-0.324068,0.379516;0.941754,-0.0139037,0.233348,-0.241776
0.920956,-0.315492,0.38728;0.938308,-0.0213929,0.240013,-0.24802
0.919747,-0.307968,0.394029;0.935242,-0.0278097,0.245697,-0.253342
0.918425,-0.300291,0.400861;0.932072,-0.0342234,0.251353,-0.258637
0.916988,-0.292467,0.407773;0.928798,-0.0406333,0.256982,-0.263902
0.91543,-0.284502,0.41476;0.92542,-0.0470387,0.262582,-0.269138
0.913749,-0.276403,0.421819;0.92194,-0.0534389,0.268153,-0.274344
0.91194,-0.268176,0.428947;0.918358,-0.0598331,0.273694,-0.279519
0.91,-0.259826,0.43614;0.914673,-0.0662207,0.279205,-0.284664
0.907925,-0.251361,0.443394;0.910886,-0.0726008,0.284684,-0.289777
0.90571,-0.242787,0.450706;0.906998,-0.078973,0.290132,-0.294857
0.903353,-0.234109,0.458072;0.90301,-0.0853363,0.295548,-0.299905
0.900849,-0.225334,0.465489;0.89892,-0.0916902,0.300931,-0.304919
0.898195,-0.216468,0.472952;0.894731,-0.0980338,0.30628,-0.3099
0.895866,-0.209016,0.479205;0.891164,-0.103312,0.310712,-0.314024
0.893427,-0.201508,0.485486;0.887529,-0.108582,0.315119,-0.318124
0.890876,-0.193948,0.491793;0.883824,-0.113844,0.319503,-0.322199
0.888212,-0.186341,0.498124;0.880052,-0.119097,0.323862,-0.326249
0.885432,-0.178689,0.504477;0.876211,-0.12434,0.328195,-0.330275
0.882533,-0.170997,0.510849;0.872303,-0.129574,0.332504,-0.334274
0.879515,-0.163267,0.517239;0.868327,-0.134799,0.336786,-0.338248
0.876373,-0.155505,0.523644;0.864285,-0.140012,0.341043,-0.342196
0.873107,-0.147712,0.530063;0.860175,-0.145215,0.345274,-0.346117
0.869714,-0.139893,0.536493;0.855999,-0.150407,0.349477,-0.350012
0.866192,-0.132052,0.542932;0.851758,-0.155587,0.353654,-0.35388
0.862538,-0.124191,0.549379;0.84745,-0.160755,0.357803,-0.35772
0.858751,-0.116315,0.555831;0.843077,-0.165911,0.361925,-0.361532
0.854828,-0.108427,0.562285;0.838638,-0.171053,0.366019,-0.365317
0.850767,-0.100532,0.568741;0.834135,-0.176183,0.370084,-0.369074
0.846566,-0.092631,0.575196;0.829568,-0.181299,0.374121,-0.372802
0.842222,-0.0847296,0.581647;0.824936,-0.186401,0.37813,-0.376501
0.837733,-0.0768307,0.588093;0.820241,-0.191489,0.382108,-0.380171
0.833098,-0.0689381,0.594531;0.815482,-0.196561,0.386058,-0.383812
0.828314,-0.0610554,0.60096;0.810661,-0.201619,0.389977,-0.387423
0.823378,-0.0531862,0.607378;0.805777,-0.206661,0.393867,-0.391004
0.818289,-0.045334,0.613782;0.80083,-0.211687,0.397726,-0.394555
0.813044,-0.0375025,0.62017;0.795822,-0.216697,0.401554,-0.398075
0.807642,-0.0296953,0.62654;0.790752,-0.22169,0.405351,-0.401565
0.802079,-0.021916,0.63289;0.785622,-0.226666,0.409117,-0.405024
0.796354,-0.0141682,0.639219;0.78043,-0.231624,0.412852,-0.408451
0.790464,-0.00645549,0.645523;0.775178,-0.236565,0.416554,-0.411847
0.784408,0.00121846,0.651801;0.769867,-0.241487,0.420224,-0.415212
0.778183,0.00885007,0.658051;0.764496,-0.246391,0.423862,-0.418544
0.771787,0.0164357,0.664271;0.759066,-0.251275,0.427467,-0.421843
0.765217,0.0239718,0.670458;0.753577,-0.25614,0.43104,-0.425111
