0.881879,-0.581917,0.561056;0.610029,0.771694,-0.117169,0.136471
0.881135,-0.570865,0.560673;0.606592,0.774198,-0.117197,0.137582
0.880382,-0.559885,0.560301;0.603144,0.776686,-0.117222,0.13869
0.879622,-0.548976,0.559939;0.599684,0.77916,-0.117246,0.139795
0.878854,-0.538139,0.559589;0.596212,0.781619,-0.117267,0.140897
0.878079,-0.527372,0.559249;0.592729,0.784062,-0.117286,0.141997
0.877295,-0.516677,0.55892;0.589234,0.786491,-0.117302,0.143094
0.876504,-0.506052,0.558602;0.585728,0.788904,-0.117317,0.144189
0.875706,-0.495497,0.558294;0.58221,0.791302,-0.117329,0.14528
0.8749,-0.485012,0.557996;0.578682,0.793685,-0.117338,0.146369
0.874088,-0.474597,0.557709;0.575142,0.796052,-0.117346,0.147455
0.873267,-0.464252,0.557432;0.571591,0.798404,-0.117351,0.148538
0.87244,-0.453976,0.557165;0.568029,0.800741,-0.117354,0.149618
0.871606,-0.443769,0.556908;0.564456,0.803062,-0.117355,0.150695
0.870765,-0.43363,0.556661;0.560872,0.805368,-0.117354,0.15177
0.869917,-0.423561,0.556425;0.557277,0.807658,-0.11735,0.152841
0.869062,-0.413559,0.556198;0.553672,0.809932,-0.117344,0.153909
0.867912,-0.40033,0.55591;0.548848,0.81294,-0.117332,0.155329
0.86675,-0.387221,0.55564;0.544005,0.815921,-0.117316,0.156744
0.865576,-0.374232,0.555387;0.539144,0.818873,-0.117297,0.158153
0.864392,-0.361362,0.55515;0.534264,0.821797,-0.117273,0.159557
0.863196,-0.34861,0.55493;0.529365,0.824693,-0.117245,0.160956
0.86199,-0.335977,0.554726;0.524449,0.827561,-0.117214,0.162349
0.860773,-0.323461,0.554539;0.519514,0.8304,-0.117178,0.163736
0.859546,-0.311062,0.554367;0.514562,0.833211,-0.117138,0.165118
0.858308,-0.298779,0.554211;0.509592,0.835993,-0.117094,0.166494
0.857061,-0.286612,0.554071;0.504604,0.838747,-0.117047,0.167864
0.855803,-0.27456,0.553947;0.4996,0.841471,-0.116995,0.169228
0.854536,-0.262623,0.553837;0.494578,0.844167,-0.116939,0.170587
0.85326,-0.250799,0.553742;0.489539,0.846834,-0.116879,0.17194
0.851974,-0.239089,0.553662;0.484483,0.849472,-0.116815,0.173287
0.85068,-0.227491,0.553597;0.479411,0.85208,-0.116747,0.174628
0.849377,-0.216005,0.553546;0.474322,0.85466,-0.116675,0.175963
0.848065,-0.204631,0.55351;0.469217,0.857209,-0.116599,0.177292
0.846745,-0.193368,0.553487;0.464095,0.85973,-0.116519,0.178615
0.845417,-0.182216,0.553478;0.458958,0.862221,-0.116435,0.179931
0.84408,-0.171173,0.553483;0.453805,0.864682,-0.116348,0.181242
0.842737,-0.160239,0.553501;0.448637,0.867114,-0.116256,0.182546
0.841385,-0.149414,0.553533;0.443453,0.869516,-0.11616,0.183844
0.840026,-0.138696,0.553577;0.438253,0.871888,-0.11606,0.185136
0.838661,-0.128087,0.553634;0.433039,0.87423,-0.115956,0.186422
0.837288,-0.117584,0.553704;0.42781,0.876542,-0.115848,0.187701
0.835909,-0.107187,0.553787;0.422566,0.878824,-0.115736,0.188973
0.834523,-0.0968958,0.553881;0.417308,0.881076,-0.11562,0.190239
0.833131,-0.0867096,0.553988;0.412035,0.883298,-0.115501,0.191499
0.831732,-0.076628,0.554106;0.406749,0.885489,-0.115377,0.192752
0.830328,-0.0666502,0.554236;0.401448,0.88765,-0.115249,0.193998
0.828565,-0.0543231,0.554415;0.394803,0.890308,-0.115084,0.195547
0.826794,-0.0421562,0.554611;0.388136,0.892918,-0.114913,0.197085
0.825015,-0.0301483,0.554825;0.381449,0.895481,-0.114735,0.198612
0.823228,-0.0182984,0.555055;0.374741,0.897995,-0.114551,0.200129
0.821433,-0.00660514,0.555301;0.368013,0.900461,-0.114362,0.201635
0.819632,0.00493249,0.555563;0.361266,0.902879,-0.114166,0.20313
0.817825,0.0163157,0.555841;0.354499,0.905249,-0.113963,0.204615
0.816011,0.0275456,0.556135;0.347713,0.90757,-0.113755,0.206088
0.814192,0.0386234,0.556443;0.340908,0.909842,-0.113541,0.20755
0.812368,0.0495502,0.556765;0.334085,0.912066,-0.113321,0.209002
0.810539,0.0603272,0.557102;0.327244,0.91424,-0.113094,0.210442
0.808706,0.0709555,0.557452;0.320386,0.916366,-0.112861,0.21187
0.806868,0.0814363,0.557815;0.31351,0.918442,-0.112623,0.213288
0.805027,0.0917708,0.558192;0.306618,0.920469,-0.112378,0.214694
0.803183,0.10196,0.55858;0.299709,0.922447,-0.112128,0.216088
0.801337,0.112005,0.558981;0.292784,0.924375,-0.111871,0.217471
0.799487,0.121907,0.559394;0.285843,0.926253,-0.111608,0.218842
0.797266,0.133603,0.559904;0.277494,0.928442,-0.111285,0.220472
0.795042,0.145097,0.56043;0.269124,0.930559,-0.110953,0.222085
0.792817,0.15639,0.560971;0.260733,0.932604,-0.110613,0.22368
0.790591,0.167486,0.561527;0.252321,0.934577,-0.110264,0.225259
0.788366,0.178385,0.562096;0.24389,0.936478,-0.109907,0.22682
0.78614,0.18909,0.562678;0.235441,0.938306,-0.109541,0.228363
0.783917,0.199603,0.563273;0.226973,0.940062,-0.109166,0.229889
0.781695,0.209925,0.563879;0.218487,0.941746,-0.108784,0.231397
0.779476,0.22006,0.564496;0.209985,0.943356,-0.108392,0.232887
0.777261,0.230008,0.565124;0.201466,0.944894,-0.107993,0.234359
0.77505,0.239772,0.565761;0.192932,0.946359,-0.107585,0.235813
0.772476,0.250934,0.566517;0.182957,0.947975,-0.107099,0.237487
0.76991,0.26185,0.567283;0.172963,0.949492,-0.106601,0.239135
0.767354,0.272525,0.56806;0.16295,0.950909,-0.106092,0.240758
0.764807,0.282961,0.568845;0.15292,0.952226,-0.105572,0.242356
0.762271,0.293162,0.569639;0.142874,0.953442,-0.105041,0.243929
0.759747,0.303131,0.57044;0.132813,0.954559,-0.104499,0.245475
0.757237,0.312871,0.571248;0.122738,0.955575,-0.103946,0.246996
0.754386,0.323726,0.572176;0.111208,0.956613,-0.1033,0.248703
0.751555,0.334291,0.573109;0.0996632,0.95752,-0.102641,0.250375
0.748747,0.34457,0.574046;0.0881044,0.958295,-0.101967,0.252013
0.745962,0.354568,0.574984;0.0765334,0.958939,-0.101279,0.253616
0.743202,0.36429,0.575923;0.0649519,0.959451,-0.100577,0.255185
0.740131,0.374904,0.576977;0.0519122,0.959869,-0.0997712,0.256907
0.737096,0.38518,0.578027;0.0388634,0.960121,-0.0989479,0.258585
0.7341,0.395127,0.579072;0.0258079,0.960206,-0.0981074,0.260218
0.731145,0.40475,0.580107;0.0127479,0.960124,-0.0972498,0.261806
0.727913,0.415072,0.581245;-0.00176576,0.959837,-0.0962771,0.263517
0.724739,0.425012,0.582367;-0.016279,0.959344,-0.0952838,0.265171
0.721625,0.43458,0.58347;-0.0307888,0.958645,-0.09427,0.266769
0.718274,0.444686,0.584656;-0.0467417,0.957638,-0.0931315,0.268459
0.715004,0.454364,0.585812;-0.0626826,0.956383,-0.0919688,0.270081
0.711535,0.46445,0.587032;-0.0800539,0.954731,-0.0906732,0.271769
0.708097,0.474272,0.588231;-0.0779837,0.95424,-0.0841686,0.276153
0.70468,0.483883,0.58941;-0.0466559,0.955012,-0.0698173,0.28443
0.701175,0.493588,0.5906;-0.013176,0.954514,-0.0544129,0.292864
0.697616,0.503303,0.591785;0.022416,0.952489,-0.0379611,0.301367
0.694039,0.512945,0.592944;0.0600609,0.948669,-0.0204753,0.309839
0.690481,0.522434,0.594056;0.099678,0.942776,-0.00197849,0.318174
0.686819,0.532139,0.595143;0.143228,0.934051,0.0184684,0.326639
0.683298,0.541472,0.596112;0.188472,0.922445,0.0398394,0.334644
0.6797,0.551106,0.59699;0.239261,0.906232,0.0639907,0.342642
0.676202,0.560759,0.597674;0.295145,0.884322,0.0907711,0.350179
0.672919,0.570452,0.598041;0.357416,0.854548,0.120884,0.356914
0.670116,0.580079,0.597875;0.426848,0.814046,0.15483,0.362157
0.668217,0.589844,0.59675;0.506847,0.756438,0.194496,0.364801
0.668277,0.599492,0.59388;0.59676,0.674494,0.23995,0.362436
0.671278,0.607646,0.589008;0.679302,0.577582,0.282775,0.353534
0.676525,0.613956,0.583003;0.741618,0.483892,0.316147,0.340444
0.682747,0.618988,0.576783;0.785034,0.401969,0.340241,0.326157
0.689485,0.623454,0.570495;0.816284,0.32902,0.358292,0.311533
0.696343,0.627574,0.564355;0.838634,0.264683,0.371818,0.297299
0.703394,0.631628,0.558213;0.85515,0.205632,0.382396,0.283209
0.711142,0.636015,0.551602;0.862814,0.166724,0.386825,0.279503
0.718317,0.640019,0.545574;0.862389,0.15653,0.385021,0.289036
0.726001,0.644161,0.5392;0.861794,0.146305,0.383141,0.298512
0.734135,0.648314,0.53253;0.861027,0.136052,0.381185,0.307928
0.741576,0.651855,0.526492;0.860217,0.127057,0.379411,0.316118
0.749277,0.655219,0.520302;0.859276,0.118044,0.37758,0.324259
0.7572,0.658322,0.513992;0.858204,0.109012,0.375692,0.332351
0.765305,0.661076,0.507599;0.857003,0.0999642,0.373746,0.340393
0.773553,0.663396,0.501154;0.855671,0.0909009,0.371744,0.348383
0.781905,0.665196,0.494694;0.854209,0.0818239,0.369685,0.35632
0.790321,0.66639,0.488252;0.852618,0.0727345,0.36757,0.364204
0.798762,0.666892,0.481862;0.850897,0.063634,0.3654,0.372031
0.807189,0.666616,0.475559;0.849048,0.0545238,0.363174,0.379803
0.815563,0.665476,0.469376;0.847069,0.0454054,0.360893,0.387517
0.823845,0.663387,0.463348;0.844962,0.0362801,0.358557,0.395172
0.831994,0.660261,0.457509;0.842726,0.0271493,0.356166,0.402767
0.839973,0.656014,0.451893;0.840363,0.0180144,0.353722,0.410301
0.847742,0.65056,0.446535;0.837872,0.00887671,0.351224,0.417772
0.85526,0.643811,0.441468;0.835254,-0.000262298,0.348672,0.42518
0.861477,0.636932,0.437383;0.832909,-0.00809576,0.346443,0.431479
0.867457,0.628986,0.433559;0.830471,-0.0159283,0.344176,0.437729
0.873175,0.619917,0.430017;0.827941,-0.0237591,0.34187,0.443931
0.878606,0.609673,0.426779;0.825318,-0.0315872,0.339526,0.450083
0.882896,0.600198,0.424328;0.823062,-0.038108,0.337543,0.455172
0.886956,0.589839,0.422116;0.820742,-0.0446259,0.335535,0.460225
0.890771,0.578562,0.420155;0.818359,-0.0511402,0.3335,0.465242
0.893638,0.568859,0.418775;0.816407,-0.0563489,0.331854,0.469231
0.896331,0.558534,0.417569;0.814414,-0.0615548,0.330191,0.473195
0.898845,0.54757,0.416546;0.812381,-0.0667576,0.328512,0.477137
0.90117,0.535951,0.41571;0.810308,-0.0719572,0.326817,0.481055
0.903301,0.52366,0.415068;0.808195,-0.0771531,0.325106,0.484949
0.905229,0.510683,0.414626;0.806041,-0.0823453,0.323378,0.488819
0.906538,0.50049,0.41443;0.8044,-0.0862367,0.322072,0.491705
0.907726,0.489894,0.414353;0.802736,-0.0901258,0.320757,0.494578
0.90879,0.47889,0.414398;0.80105,-0.0940123,0.319432,0.497437
0.909727,0.467469,0.414568;0.799341,-0.0978962,0.318099,0.500282
0.910534,0.455627,0.414864;0.797611,-0.101777,0.316757,0.503114
0.911207,0.443354,0.41529;0.795858,-0.105656,0.315407,0.505931
0.911744,0.430646,0.415849;0.794083,-0.109531,0.314047,0.508734
0.912081,0.419844,0.416411;0.795429,-0.104743,0.311597,0.509145
0.912314,0.409362,0.417025;0.798883,-0.0937844,0.308179,0.507953
0.912465,0.398623,0.417719;0.802221,-0.0828119,0.304716,0.506687
0.912537,0.387636,0.418491;0.805442,-0.0718274,0.30121,0.505348
0.912531,0.376407,0.419338;0.808547,-0.0608324,0.297659,0.503935
0.912451,0.364947,0.420259;0.811534,-0.0498287,0.294065,0.50245
0.912325,0.354945,0.421106;0.814,-0.040391,0.290951,0.501118
0.912146,0.344784,0.422004;0.81638,-0.0309491,0.287806,0.499733
0.911917,0.334469,0.422952;0.818673,-0.0215038,0.28463,0.498295
0.91164,0.324005,0.423949;0.820879,-0.0120563,0.281423,0.496804
0.911315,0.313397,0.424995;0.822997,-0.00260749,0.278187,0.49526
0.910943,0.302651,0.426086;0.825027,0.0068416,0.274921,0.493662
0.910528,0.291771,0.427223;0.826969,0.01629,0.271625,0.492013
0.910069,0.280763,0.428404;0.828823,0.0257366,0.268301,0.490311
0.909568,0.269632,0.429628;0.830589,0.0351805,0.264948,0.488556
0.909027,0.258384,0.430894;0.832266,0.0446206,0.261567,0.486749
0.908448,0.247023,0.4322;0.833854,0.054056,0.258158,0.484891
0.907831,0.235555,0.433545;0.835354,0.0634856,0.254721,0.482981
0.907178,0.223985,0.434928;0.836764,0.0729085,0.251257,0.481019
0.90649,0.212318,0.436348;0.838086,0.0823235,0.247767,0.479006
0.90577,0.200559,0.437804;0.839317,0.0917298,0.24425,0.476942
0.905018,0.188714,0.439293;0.84046,0.101126,0.240707,0.474827
0.904368,0.17878,0.44056;0.841343,0.108949,0.237735,0.473026
0.903698,0.168794,0.441849;0.842165,0.116763,0.234745,0.47119
0.903009,0.158756,0.44316;0.842923,0.124568,0.231738,0.469319
0.902302,0.148672,0.444491;0.84362,0.132365,0.228713,0.467413
0.901577,0.138543,0.445843;0.844254,0.140151,0.225672,0.465473
0.900835,0.128373,0.447214;0.844825,0.147927,0.222614,0.463498
0.900077,0.118164,0.448604;0.845334,0.155692,0.21954,0.461489
0.899305,0.10792,0.450011;0.845781,0.163446,0.216449,0.459446
0.898518,0.097644,0.451436;0.846164,0.171187,0.213342,0.457368
0.897717,0.0873385,0.452878;0.846485,0.178916,0.21022,0.455257
0.896905,0.0770066,0.454335;0.846744,0.186632,0.207082,0.453112
0.89608,0.0666515,0.455808;0.846939,0.194334,0.203928,0.450934
0.895245,0.0562761,0.457295;0.847072,0.202021,0.20076,0.448722
0.894399,0.0458834,0.458796;0.847142,0.209694,0.197577,0.446477
0.893544,0.0354765,0.460309;0.84715,0.21735,0.194379,0.444199
0.892681,0.0250584,0.461835;0.847095,0.224991,0.191166,0.441888
0.891811,0.014632,0.463373;0.846977,0.232615,0.18794,0.439544
0.890933,0.00420044,0.464922;0.846796,0.240222,0.184699,0.437168
0.89005,-0.00623333,0.466481;0.846553,0.247812,0.181445,0.434759
0.889162,-0.0166663,0.468049;0.846247,0.255382,0.178178,0.432318
0.88827,-0.0270954,0.469626;0.845878,0.262934,0.174897,0.429845
0.887374,-0.0375177,0.471211;0.845447,0.270467,0.171603,0.427341
0.886476,-0.0479301,0.472804;0.844953,0.277979,0.168297,0.424804
0.885576,-0.0583296,0.474403;0.844396,0.285471,0.164978,0.422237
0.884676,-0.0687133,0.476008;0.843777,0.292942,0.161647,0.419638
0.883775,-0.079078,0.477618;0.843096,0.300391,0.158304,0.417007
0.882875,-0.0894209,0.479233;0.842352,0.307817,0.154949,0.414346
0.881977,-0.0997388,0.480852;0.841545,0.315221,0.151583,0.411655
0.881082,-0.110029,0.482473;0.840677,0.322602,0.148205,0.408933
0.880189,-0.120288,0.484097;0.839746,0.329959,0.144817,0.40618
0.879301,-0.130513,0.485723;0.838753,0.337291,0.141417,0.403398
0.878418,-0.140701,0.48735;0.837698,0.344598,0.138008,0.400585
0.877541,-0.150849,0.488977;0.836581,0.35188,0.134588,0.397743
0.876671,-0.160954,0.490603;0.835401,0.359136,0.131158,0.394872
0.875808,-0.171014,0.492229;0.83416,0.366365,0.127719,0.391971
0.874953,-0.181024,0.493852;0.832858,0.373567,0.124269,0.389041
0.874108,-0.190982,0.495473;0.831493,0.380741,0.120811,0.386083
0.873273,-0.200885,0.497091;0.830067,0.387887,0.117344,0.383095
0.872448,-0.21073,0.498704;0.82858,0.395005,0.113868,0.38008
0.871475,-0.222463,0.500634;0.826714,0.403507,0.109686,0.376424
0.870519,-0.234103,0.502557;0.82476,0.411966,0.105492,0.372728
0.869584,-0.245644,0.504469;0.822718,0.420382,0.101287,0.368993
0.868669,-0.257082,0.506372;0.820588,0.428752,0.0970714,0.365218
0.867778,-0.268412,0.508262;0.818371,0.437077,0.0928452,0.361404
0.86691,-0.279627,0.51014;0.816066,0.445355,0.0886091,0.357551
0.866068,-0.290723,0.512004;0.813675,0.453586,0.0843636,0.353661
0.865253,-0.301695,0.513852;0.811197,0.461768,0.080109,0.349732
0.864467,-0.312537,0.515684;0.808632,0.469901,0.0758459,0.345767
0.86371,-0.323244,0.517497;0.805981,0.477984,0.0715747,0.341764
0.862985,-0.333812,0.519292;0.803244,0.486016,0.0672959,0.337725
0.862293,-0.344234,0.521067;0.800421,0.493997,0.0630099,0.333651
0.861634,-0.354505,0.52282;0.797514,0.501924,0.0587172,0.32954
0.861012,-0.364621,0.52455;0.794521,0.509798,0.0544183,0.325394
0.860427,-0.374577,0.526256;0.791443,0.517618,0.0501135,0.321214
0.859792,-0.385981,0.528215;0.787746,0.526671,0.0450845,0.316294
0.859213,-0.397151,0.530137;0.783934,0.535648,0.040049,0.311328
0.858691,-0.408078,0.532022;0.780009,0.544547,0.0350077,0.306316
0.858228,-0.418755,0.533866;0.77597,0.553367,0.0299613,0.30126
0.857827,-0.429173,0.535668;0.771819,0.562106,0.0249106,0.296161
0.85749,-0.439323,0.537427;0.767556,0.570764,0.0198563,0.291018
0.85722,-0.449198,0.539139;0.763181,0.579339,0.014799,0.285834
0.856994,-0.460135,0.541037;0.758046,0.589037,0.00901674,0.279857
0.856862,-0.470689,0.542869;0.752768,0.598622,0.00323275,0.273828
0.856826,-0.480848,0.544634;0.747346,0.608094,-0.00255186,0.267747
0.856906,-0.491788,0.546533;0.741078,0.618613,-0.00905891,0.260845
0.857116,-0.502195,0.548338;0.734632,0.628982,-0.0155638,0.253881
0.857463,-0.512051,0.550045;0.728009,0.639201,-0.0220649,0.246855
0.858014,-0.522334,0.55182;0.720446,0.650376,-0.0292821,0.23898
0.858829,-0.532805,0.55362;0.71188,0.662445,-0.037211,0.230235
0.859979,-0.543188,0.555392;0.702245,0.67534,-0.0458453,0.220602
0.861543,-0.553165,0.557075;0.691469,0.688985,-0.055177,0.210059
0.863779,-0.562966,0.558695;0.678606,0.704301,-0.0659097,0.197765
0.867309,-0.572627,0.560224;0.661664,0.723025,-0.0794405,0.182004
0.873481,-0.580578,0.561301;0.637337,0.747391,-0.0978158,0.160124
0.883708,-0.581297,0.560837;0.611602,0.770253,-0.11704,0.137681
0.892803,-0.575096,0.559183;0.618631,0.76371,-0.116455,0.143112
0.90077,-0.566639,0.5572;0.624047,0.758556,-0.115989,0.147325
0.906889,-0.558788,0.555443;0.627887,0.754841,-0.115651,0.150327
0.91333,-0.549521,0.553428;0.631703,0.751097,-0.115309,0.153324
0.918695,-0.541144,0.551644;0.634739,0.748082,-0.115032,0.155717
0.924231,-0.531955,0.549717;0.637759,0.745048,-0.114753,0.158107
0.929924,-0.521995,0.54766;0.640765,0.741997,-0.114471,0.160492
0.935758,-0.511308,0.545481;0.643754,0.738928,-0.114185,0.162874
0.941717,-0.499935,0.543193;0.646729,0.73584,-0.113898,0.165252
0.946259,-0.49098,0.541411;0.648949,0.733513,-0.11368,0.167033
0.950856,-0.48168,0.539577;0.651161,0.731176,-0.113461,0.168811
0.955503,-0.472053,0.537697;0.653364,0.72883,-0.11324,0.170587
0.960191,-0.462116,0.535774;0.655558,0.726473,-0.113018,0.172361
0.964916,-0.451888,0.533813;0.657743,0.724106,-0.112794,0.174133
0.969669,-0.441386,0.531818;0.659919,0.72173,-0.112568,0.175902
0.974446,-0.430628,0.529795;0.662086,0.719344,-0.112341,0.177669
0.979239,-0.41963,0.527747;0.664244,0.716948,-0.112113,0.179433
0.984041,-0.408412,0.525679;0.666393,0.714542,-0.111883,0.181195
0.988847,-0.39699,0.523595;0.668534,0.712127,-0.111652,0.182955
0.993649,-0.385382,0.5215;0.670665,0.709702,-0.111419,0.184712
0.998442,-0.373607,0.519399;0.672787,0.707267,-0.111184,0.186466
1.00322,-0.361681,0.517295;0.6749,0.704823,-0.110948,0.188218
1.00797,-0.349622,0.515194;0.677003,0.702369,-0.110711,0.189968
1.0127,-0.337448,0.5131;0.679098,0.699905,-0.110472,0.191715
1.01738,-0.325177,0.511017;0.681183,0.697433,-0.110231,0.193459
1.02203,-0.312826,0.508949;0.683259,0.69495,-0.109989,0.1952
1.02663,-0.300413,0.506902;0.685326,0.692459,-0.109746,0.196939
1.03117,-0.287955,0.50488;0.687384,0.689957,-0.109501,0.198676
1.03565,-0.275471,0.502887;0.689432,0.687447,-0.109254,0.200409
1.04006,-0.262977,0.500927;0.691471,0.684927,-0.109006,0.20214
1.0444,-0.250492,0.499006;0.6935,0.682398,-0.108757,0.203869
1.04865,-0.238034,0.497127;0.69552,0.67986,-0.108506,0.205594
1.05282,-0.225619,0.495295;0.697531,0.677312,-0.108254,0.207317
1.05689,-0.213266,0.493515;0.699532,0.674755,-0.108,0.209036
1.06086,-0.200992,0.491791;0.701524,0.672189,-0.107744,0.210753
1.06473,-0.188815,0.490128;0.703506,0.669614,-0.107488,0.212467
1.06848,-0.176752,0.48853;0.705479,0.66703,-0.107229,0.214179
1.07211,-0.164822,0.487001;0.707442,0.664437,-0.10697,0.215887
1.07561,-0.153042,0.485546;0.709395,0.661835,-0.106709,0.217592
1.07898,-0.141429,0.48417;0.711339,0.659224,-0.106446,0.219295
1.08221,-0.130002,0.482877;0.713273,0.656604,-0.106182,0.220994
1.08529,-0.118777,0.481671;0.715198,0.653975,-0.105917,0.222691
1.08822,-0.107773,0.480557;0.717112,0.651337,-0.10565,0.224384
1.09099,-0.0970072,0.479539;0.719018,0.64869,-0.105381,0.226075
1.09359,-0.0864973,0.478623;0.720913,0.646035,-0.105112,0.227762
1.09603,-0.0762609,0.477811;0.722798,0.64337,-0.10484,0.229446
1.09828,-0.0663158,0.47711;0.724674,0.640697,-0.104568,0.231127
1.10099,-0.0535391,0.476353;0.72716,0.63712,-0.104202,0.233364
1.10336,-0.0413535,0.47581;0.729628,0.633527,-0.103834,0.235595
1.10537,-0.0298007,0.475492;0.732079,0.629919,-0.103463,0.23782
1.107,-0.0189227,0.475409;0.734512,0.626295,-0.10309,0.24004
1.10824,-0.00876137,0.475571;0.736927,0.622657,-0.102714,0.242254
1.10921,0.00286877,0.476136;0.739921,0.618088,-0.102241,0.245013
1.10952,0.013232,0.477122;0.742887,0.613495,-0.101764,0.247763
1.10896,0.0238802,0.47889;0.746409,0.607954,-0.101187,0.25105
1.10698,0.03366,0.481806;0.750468,0.601447,-0.100506,0.254868
1.10219,0.0417058,0.48699;0.755604,0.593016,-0.0996206,0.259749
1.09471,0.0442157,0.493903;0.760648,0.584513,-0.0987225,0.264599
1.08693,0.0420353,0.500551;0.764507,0.57785,-0.0980157,0.268349
1.07881,0.0371012,0.507183;0.76777,0.572105,-0.0974041,0.271547
1.071,0.0307201,0.513394;0.770457,0.567294,-0.0968904,0.274201
1.06403,0.0240711,0.518827;0.772586,0.563429,-0.0964768,0.276316
