0.6967,0.369666,0.423865;0.930718,-0.0880025,-0.209519,-0.286569
0.700514,0.355356,0.421955;0.930995,-0.0922748,-0.207033,-0.286132
0.704284,0.341182,0.420065;0.931249,-0.0965449,-0.204542,-0.285688
0.708013,0.327143,0.418196;0.93148,-0.100813,-0.202046,-0.285236
0.711699,0.313238,0.416346;0.931688,-0.105078,-0.199545,-0.284778
0.715343,0.299467,0.414518;0.931873,-0.10934,-0.197039,-0.284313
0.718944,0.285829,0.412709;0.932035,-0.1136,-0.194528,-0.28384
0.722504,0.272324,0.41092;0.932174,-0.117857,-0.192012,-0.283361
0.726023,0.258951,0.409151;0.93229,-0.122111,-0.189492,-0.282874
0.729499,0.24571,0.407402;0.932382,-0.126363,-0.186967,-0.282381
0.732935,0.2326,0.405673;0.932452,-0.130611,-0.184437,-0.281881
0.73633,0.21962,0.403964;0.932499,-0.134855,-0.181903,-0.281373
0.739684,0.20677,0.402274;0.932523,-0.139097,-0.179364,-0.280859
0.742997,0.194049,0.400604;0.932524,-0.143335,-0.176821,-0.280338
0.746269,0.181457,0.398953;0.932501,-0.147569,-0.174273,-0.27981
0.749502,0.168993,0.397322;0.932456,-0.1518,-0.171721,-0.279275
0.752694,0.156657,0.39571;0.932388,-0.156027,-0.169165,-0.278733
0.755847,0.144448,0.394117;0.932296,-0.160251,-0.166605,-0.278184
0.75896,0.132365,0.392543;0.932182,-0.16447,-0.16404,-0.277628
0.762033,0.120408,0.390988;0.932044,-0.168685,-0.161472,-0.277066
0.765067,0.108577,0.389452;0.931884,-0.172896,-0.158899,-0.276496
0.768062,0.09687,0.387935;0.931701,-0.177103,-0.156323,-0.27592
0.771018,0.0852874,0.386437;0.931494,-0.181305,-0.153743,-0.275337
0.773936,0.0738286,0.384958;0.931265,-0.185503,-0.151159,-0.274747
0.776814,0.0624928,0.383497;0.931012,-0.189697,-0.148571,-0.27415
0.779655,0.0512795,0.382054;0.930737,-0.193885,-0.14598,-0.273547
0.782457,0.0401881,0.38063;0.930438,-0.198069,-0.143385,-0.272937
0.785222,0.0292181,0.379225;0.930117,-0.202248,-0.140786,-0.27232
0.787949,0.018369,0.377837;0.929772,-0.206422,-0.138184,-0.271696
0.790638,0.00764006,0.376468;0.929405,-0.210591,-0.135578,-0.271066
0.79329,-0.00296918,0.375117;0.929014,-0.214755,-0.13297,-0.270429
0.795905,-0.0134593,0.373784;0.928601,-0.218913,-0.130358,-0.269785
0.798482,-0.0238309,0.372468;0.928165,-0.223066,-0.127742,-0.269135
0.801023,-0.0340845,0.371171;0.927706,-0.227214,-0.125124,-0.268478
0.803528,-0.0442207,0.369891;0.927224,-0.231355,-0.122502,-0.267814
0.805996,-0.05424,0.368629;0.926719,-0.235492,-0.119878,-0.267144
0.808428,-0.064143,0.367385;0.926191,-0.239622,-0.11725,-0.266467
0.810824,-0.0739303,0.366158;0.92564,-0.243746,-0.11462,-0.265784
0.813184,-0.0836025,0.364948;0.925066,-0.247865,-0.111986,-0.265094
0.816275,-0.0963206,0.363362;0.924266,-0.253346,-0.108471,-0.264163
0.819304,-0.108836,0.361807;0.923425,-0.258817,-0.104951,-0.263222
0.82227,-0.121151,0.360282;0.922543,-0.264276,-0.101426,-0.262268
0.825174,-0.133266,0.358787;0.921621,-0.269723,-0.0978969,-0.261303
0.828017,-0.145183,0.357322;0.920659,-0.275159,-0.0943635,-0.260327
0.830799,-0.156902,0.355887;0.919656,-0.280583,-0.0908259,-0.259339
0.833521,-0.168426,0.354482;0.918613,-0.285994,-0.0872843,-0.25834
0.836182,-0.179756,0.353106;0.917529,-0.291393,-0.0837388,-0.257329
0.838784,-0.190892,0.351759;0.916405,-0.296779,-0.0801897,-0.256308
0.841326,-0.201838,0.350441;0.915241,-0.302152,-0.0766371,-0.255275
0.84381,-0.212592,0.349151;0.914037,-0.307511,-0.0730811,-0.25423
0.846236,-0.223158,0.347891;0.912792,-0.312857,-0.0695219,-0.253175
0.848604,-0.233536,0.346658;0.911508,-0.31819,-0.0659597,-0.252108
0.850914,-0.243728,0.345454;0.910183,-0.323508,-0.0623945,-0.251031
0.853168,-0.253735,0.344278;0.908818,-0.328813,-0.0588266,-0.249942
0.855365,-0.263558,0.343129;0.907414,-0.334102,-0.0552562,-0.248842
0.858033,-0.275581,0.341732;0.905602,-0.340694,-0.0507897,-0.247452
0.860615,-0.287322,0.340378;0.903728,-0.347262,-0.0463197,-0.246045
0.863111,-0.298784,0.339065;0.901793,-0.353806,-0.0418466,-0.244622
0.865522,-0.309968,0.337795;0.899795,-0.360327,-0.0373705,-0.243181
0.867849,-0.320878,0.336566;0.897736,-0.366822,-0.032892,-0.241724
0.870094,-0.331517,0.335378;0.895615,-0.373292,-0.0284111,-0.24025
0.872256,-0.341886,0.334231;0.893432,-0.379737,-0.0239283,-0.23876
0.874338,-0.351989,0.333124;0.891189,-0.386155,-0.0194439,-0.237253
0.876339,-0.361828,0.332057;0.888884,-0.392547,-0.0149581,-0.23573
0.878636,-0.37329,0.330828;0.886037,-0.400182,-0.0095739,-0.233881
0.88082,-0.384381,0.329656;0.883103,-0.407777,-0.00418871,-0.232009
0.882893,-0.395105,0.328539;0.880082,-0.415332,0.00119689,-0.230114
0.884857,-0.405466,0.327476;0.876974,-0.422846,0.00658238,-0.228197
0.886713,-0.415469,0.326468;0.87378,-0.430319,0.0119672,-0.226256
0.888743,-0.426693,0.325359;0.869943,-0.438982,0.018248,-0.223965
0.890631,-0.437443,0.324322;0.86599,-0.447587,0.0245263,-0.221643
0.892379,-0.447727,0.323355;0.86192,-0.456132,0.0308013,-0.219291
0.894209,-0.458916,0.322335;0.857127,-0.465822,0.0379677,-0.216567
0.895863,-0.469517,0.321404;0.852184,-0.47543,0.0451273,-0.213805
0.897344,-0.479538,0.32056;0.84709,-0.484955,0.0522791,-0.211006
0.898809,-0.490134,0.319714;0.841183,-0.495568,0.0603137,-0.207812
0.900194,-0.501082,0.318898;0.834399,-0.507232,0.0692254,-0.20421
0.901329,-0.511183,0.318209;0.827387,-0.518756,0.078118,-0.200551
0.902297,-0.521339,0.317596;0.819411,-0.531268,0.087875,-0.196463
0.90303,-0.531311,0.317095;0.8104,-0.544716,0.0984856,-0.191929
0.903475,-0.541529,0.316723;0.799483,-0.560133,0.110815,-0.186544
0.903448,-0.551969,0.316569;0.785648,-0.578448,0.125706,-0.17987
0.902606,-0.562028,0.316807;0.767699,-0.600437,0.143962,-0.171429
0.899863,-0.571535,0.317963;0.739512,-0.631562,0.170586,-0.158592
0.892162,-0.574893,0.321635;0.689974,-0.67822,0.21255,-0.137022
0.884546,-0.569419,0.325467;0.651356,-0.708952,0.241878,-0.120901
0.878185,-0.561988,0.328759;0.622017,-0.729585,0.262531,-0.108988
0.872453,-0.553896,0.331782;0.610001,-0.738573,0.270332,-0.096591
0.867261,-0.545717,0.334563;0.635172,-0.725764,0.252028,-0.079398
0.862147,-0.537026,0.337336;0.658113,-0.712715,0.23441,-0.0630556
0.857161,-0.528048,0.340069;0.678939,-0.699604,0.217555,-0.0476007
0.852349,-0.51898,0.342732;0.697768,-0.686595,0.20153,-0.0330627
0.847747,-0.50999,0.345301;0.714717,-0.673839,0.186393,-0.019464
0.843385,-0.501218,0.347753;0.729903,-0.661472,0.172192,-0.00682128
0.838948,-0.492071,0.350266;0.744545,-0.648612,0.157864,0.00582648
0.834441,-0.482577,0.352836;0.758633,-0.635269,0.143417,0.0184699
0.830225,-0.473531,0.355255;0.771135,-0.622532,0.129987,0.0301288
0.825963,-0.46424,0.357717;0.783148,-0.6094,0.116474,0.0417685
0.82166,-0.454725,0.360217;0.794664,-0.595881,0.102888,0.0533817
0.817684,-0.445828,0.36254;0.804777,-0.583156,0.0903755,0.0639976
0.813684,-0.436781,0.364891;0.814461,-0.57012,0.0778152,0.0745793
0.809663,-0.427604,0.367267;0.82371,-0.55678,0.0652134,0.0851212
0.805626,-0.418312,0.369667;0.83252,-0.543142,0.0525768,0.0956177
0.801577,-0.408926,0.372086;0.840886,-0.529216,0.0399122,0.106063
0.797521,-0.399463,0.374524;0.848803,-0.515006,0.0272263,0.116452
0.793463,-0.389941,0.376978;0.856267,-0.500522,0.0145259,0.126779
0.789407,-0.380378,0.379445;0.863275,-0.485771,0.0018177,0.137038
0.785358,-0.370792,0.381923;0.869822,-0.470761,-0.0108915,0.147224
0.781319,-0.361202,0.38441;0.875905,-0.4555,-0.0235948,0.157332
0.777296,-0.351625,0.386903;0.881521,-0.439996,-0.0362856,0.167355
0.773293,-0.34208,0.3894;0.886667,-0.424257,-0.048957,0.17729
0.769314,-0.332584,0.391898;0.891339,-0.408292,-0.0616022,0.18713
0.765364,-0.323156,0.394395;0.895536,-0.392109,-0.0742147,0.196869
0.761448,-0.313814,0.396889;0.899256,-0.375717,-0.0867875,0.206504
0.75757,-0.304576,0.399377;0.902495,-0.359124,-0.099314,0.216029
0.753734,-0.295459,0.401857;0.905254,-0.34234,-0.111788,0.225439
0.749946,-0.286483,0.404327;0.907529,-0.325373,-0.124202,0.234728
0.745871,-0.276872,0.407007;0.909459,-0.306666,-0.137668,0.244719
0.741864,-0.267472,0.409668;0.910812,-0.287764,-0.151047,0.254554
0.73793,-0.258308,0.412308;0.911586,-0.26868,-0.164331,0.264228
0.734075,-0.249403,0.414923;0.911782,-0.249425,-0.17751,0.273734
0.729994,-0.240074,0.417724;0.911341,-0.228388,-0.19166,0.283836
0.72602,-0.231107,0.42049;0.910221,-0.20718,-0.205667,0.293726
0.721868,-0.221887,0.423422;0.908256,-0.184168,-0.22058,0.304133
0.717858,-0.213159,0.426303;0.905507,-0.160998,-0.235302,0.314276
0.713729,-0.204394,0.429327;0.901693,-0.136018,-0.25085,0.324843
0.709529,-0.195764,0.432474;0.896639,-0.109226,-0.26716,0.335758
0.705073,-0.187011,0.435909;0.889744,-0.0789378,-0.285147,0.347585
0.700477,-0.178566,0.439582;0.880593,-0.0451544,-0.304654,0.360142
0.695596,-0.170511,0.443682;0.872382,-0.00572178,-0.319663,0.369773
0.690358,-0.163341,0.448431;0.8725,0.0422564,-0.31758,0.368918
0.68456,-0.157902,0.454465;0.869285,0.109237,-0.313435,0.366292
0.67915,-0.157886,0.462542;0.856303,0.213379,-0.304068,0.358828
0.678459,-0.165151,0.469212;0.832519,0.319691,-0.290649,0.346746
0.681827,-0.17353,0.473411;0.805198,0.404629,-0.276883,0.333567
0.688162,-0.180743,0.47627;0.774098,0.479897,-0.262161,0.31897
0.697039,-0.185217,0.478111;0.739764,0.54777,-0.246583,0.303141
0.707214,-0.185902,0.479068;0.705749,0.604589,-0.231611,0.287657
0.71689,-0.183482,0.479401;0.67633,0.647581,-0.218935,0.27438
0.725969,-0.179056,0.4794;0.650466,0.681612,-0.207957,0.262779
0.734386,-0.173369,0.479209;0.627633,0.709172,-0.198376,0.252584
0.742335,-0.16676,0.478902;0.606894,0.732428,-0.189752,0.243357
0.749586,-0.159778,0.478538;0.58857,0.751705,-0.182189,0.235229
0.75659,-0.152236,0.478122;0.571343,0.768827,-0.175123,0.227607
0.763311,-0.144319,0.477674;0.568277,0.775447,-0.169824,0.216573
0.770149,-0.13569,0.477175;0.567611,0.780143,-0.164842,0.204994
0.776195,-0.127664,0.476702;0.566958,0.784056,-0.160547,0.195038
0.782397,-0.119114,0.47619;0.56623,0.787864,-0.156232,0.185057
0.788738,-0.110089,0.475639;0.565426,0.791567,-0.151895,0.175051
0.795204,-0.100643,0.475052;0.564547,0.795165,-0.147539,0.165022
0.801778,-0.0908271,0.47443;0.563592,0.798656,-0.143162,0.154971
0.807329,-0.0824026,0.473886;0.56274,0.801485,-0.139501,0.146579
0.812936,-0.0737878,0.47332;0.561835,0.804239,-0.135826,0.138174
0.81859,-0.0650128,0.472734;0.560878,0.806919,-0.132139,0.129755
0.824282,-0.0561077,0.472127;0.559869,0.809524,-0.12844,0.121325
0.830003,-0.0471026,0.471502;0.558809,0.812055,-0.124729,0.112884
0.835745,-0.0380276,0.470858;0.557697,0.81451,-0.121006,0.104432
0.841499,-0.028913,0.470198;0.556533,0.816889,-0.117272,0.0959704
0.847255,-0.0197888,0.469521;0.555317,0.819193,-0.113527,0.0874999
0.853005,-0.0106851,0.46883;0.554051,0.821422,-0.109772,0.0790214
0.858739,-0.001632,0.468124;0.552733,0.823574,-0.106007,0.0705355
0.86445,0.00734027,0.467406;0.551363,0.82565,-0.102231,0.0620432
0.870128,0.0162016,0.466675;0.549943,0.82765,-0.0984466,0.0535451
0.875764,0.024922,0.465933;0.548472,0.829573,-0.0946528,0.045042
0.881349,0.0334711,0.465181;0.54695,0.831419,-0.0908502,0.0365347
0.886875,0.041819,0.464421;0.545377,0.833188,-0.0870392,0.0280241
0.893414,0.0515284,0.463497;0.543424,0.835209,-0.0824554,0.017808
0.89984,0.0608525,0.462563;0.541398,0.837119,-0.0778607,0.00758953
0.906136,0.0697392,0.461622;0.539299,0.838918,-0.0732555,-0.00262996
0.912288,0.0781366,0.460673;0.537129,0.840604,-0.0686406,-0.0128491
0.919261,0.0872456,0.459561;0.534507,0.84243,-0.063245,-0.0247692
0.925992,0.0955349,0.458445;0.531788,0.844104,-0.0578379,-0.0366847
0.933356,0.103899,0.457168;0.528562,0.845828,-0.0516456,-0.0502943
0.940336,0.110961,0.455894;0.525211,0.847353,-0.0454411,-0.0638919
0.948463,0.117769,0.454311;0.520847,0.848976,-0.0376704,-0.0808672
0.957247,0.122661,0.452436;0.515356,0.850508,-0.0283275,-0.101198
0.967113,0.122934,0.450001;0.507608,0.851847,-0.0158476,-0.128219
0.974208,0.115903,0.447813;0.499908,0.852368,-0.0041339,-0.153442
0.977944,0.105781,0.446281;0.493995,0.852299,0.00445891,-0.171858
0.97982,0.0955733,0.445212;0.489556,0.852009,0.0107072,-0.185204
0.980848,0.0845656,0.444313;0.485577,0.85159,0.0161724,-0.196846
0.981254,0.0735225,0.443571;0.482096,0.851107,0.0208546,-0.206796
0.981246,0.0631464,0.442973;0.479146,0.850619,0.0247543,-0.215067
0.980963,0.0529248,0.442455;0.478178,0.849728,0.027832,-0.220304
0.980448,0.0423313,0.441977;0.484139,0.84726,0.0291052,-0.216594
0.979698,0.0309665,0.441514;0.490073,0.844743,0.0303768,-0.212871
0.978719,0.0188715,0.441069;0.49598,0.842179,0.0316467,-0.209136
0.977776,0.00869731,0.440726;0.500684,0.840092,0.0326612,-0.20614
0.976695,-0.001897,0.440394;0.50537,0.837975,0.0336746,-0.203135
0.975478,-0.0128904,0.440075;0.510038,0.835828,0.0346868,-0.200124
0.974129,-0.024262,0.439768;0.514687,0.83365,0.0356977,-0.197105
0.972652,-0.0359906,0.439474;0.519318,0.831441,0.0367073,-0.194079
0.971049,-0.0480554,0.439194;0.523929,0.829203,0.0377155,-0.191046
0.969324,-0.0604354,0.438927;0.528522,0.826933,0.0387224,-0.188006
0.96748,-0.0731095,0.438674;0.533095,0.824634,0.0397279,-0.184959
0.965521,-0.0860568,0.438436;0.537648,0.822305,0.0407319,-0.181906
0.963449,-0.0992562,0.438213;0.542182,0.819946,0.0417344,-0.178845
0.961824,-0.109309,0.438055;0.54557,0.818156,0.0424853,-0.176546
0.960139,-0.119482,0.437906;0.548946,0.81635,0.0432354,-0.174243
0.958395,-0.129768,0.437766;0.552311,0.814528,0.0439845,-0.171936
0.956594,-0.140158,0.437635;0.555665,0.812688,0.0447327,-0.169626
0.954738,-0.150642,0.437514;0.559007,0.810832,0.04548,-0.167312
0.952827,-0.161211,0.437401;0.562338,0.808959,0.0462264,-0.164995
0.950863,-0.171858,0.437298;0.565658,0.80707,0.0469719,-0.162674
0.948848,-0.182573,0.437205;0.568965,0.805164,0.0477163,-0.160351
0.946782,-0.193346,0.437122;0.572261,0.803242,0.0484598,-0.158023
0.944668,-0.204171,0.437049;0.575546,0.801303,0.0492023,-0.155693
0.942507,-0.215036,0.436985;0.578818,0.799347,0.0499438,-0.153359
0.940299,-0.225935,0.436933;0.582079,0.797376,0.0506843,-0.151023
0.938047,-0.236857,0.43689;0.585327,0.795387,0.0514237,-0.148683
0.935752,-0.247794,0.436859;0.588564,0.793383,0.0521621,-0.14634
0.933415,-0.258737,0.436838;0.591788,0.791362,0.0528994,-0.143994
0.931038,-0.269677,0.436828;0.595001,0.789325,0.0536356,-0.141645
0.928622,-0.280605,0.436829;0.598201,0.787272,0.0543707,-0.139293
0.926168,-0.291513,0.436842;0.601389,0.785202,0.0551047,-0.136939
0.923678,-0.302392,0.436866;0.604564,0.783117,0.0558375,-0.134581
0.921153,-0.313232,0.436901;0.607727,0.781015,0.0565692,-0.132221
0.918594,-0.324026,0.436949;0.610878,0.778898,0.0572998,-0.129858
0.916004,-0.334763,0.437008;0.614016,0.776764,0.0580292,-0.127493
0.913383,-0.345435,0.437079;0.617142,0.774615,0.0587574,-0.125124
0.910732,-0.356034,0.437163;0.620254,0.772449,0.0594843,-0.122754
0.908054,-0.366551,0.437259;0.623355,0.770268,0.0602101,-0.12038
0.90535,-0.376976,0.437368;0.626442,0.768071,0.0609346,-0.118005
0.90262,-0.3873,0.437489;0.629516,0.765858,0.0616579,-0.115626
0.899867,-0.397516,0.437623;0.632578,0.763629,0.0623799,-0.113246
0.897091,-0.407614,0.43777;0.635626,0.761385,0.0631006,-0.110863
0.894294,-0.417584,0.437931;0.638662,0.759125,0.0638201,-0.108478
0.891478,-0.42742,0.438105;0.641684,0.756849,0.0645382,-0.10609
0.888644,-0.43711,0.438292;0.644693,0.754558,0.065255,-0.103701
0.884839,-0.449791,0.438563;0.648685,0.75148,0.0662086,-0.100511
0.881008,-0.462178,0.438859;0.652653,0.748373,0.0671598,-0.0973184
0.877154,-0.474251,0.43918;0.656597,0.74524,0.0681086,-0.0941218
0.87328,-0.485988,0.439527;0.660518,0.742079,0.0690549,-0.0909218
0.86939,-0.497368,0.439899;0.664414,0.738891,0.0699987,-0.0877184
0.865486,-0.508371,0.440298;0.668286,0.735676,0.0709399,-0.0845118
0.861572,-0.518975,0.440723;0.672133,0.732435,0.0718785,-0.0813022
0.857652,-0.529159,0.441175;0.675956,0.729166,0.0728145,-0.0780896
0.853728,-0.538903,0.441655;0.679754,0.725871,0.0737478,-0.0748741
0.849805,-0.548186,0.442162;0.683528,0.72255,0.0746785,-0.0716559
0.844905,-0.559107,0.442836;0.688209,0.718361,0.075838,-0.0676295
0.840017,-0.569234,0.443555;0.692852,0.714131,0.0769931,-0.0635993
0.835147,-0.578525,0.444319;0.697455,0.709861,0.0781439,-0.0595654
0.829336,-0.588512,0.445297;0.702926,0.704682,0.0795189,-0.0547203
0.823571,-0.597166,0.446342;0.708339,0.699447,0.0808874,-0.0498707
0.816919,-0.605481,0.44765;0.714581,0.693265,0.0824756,-0.0442076
0.809435,-0.612499,0.449262;0.721617,0.686106,0.0842794,-0.0377296
0.800297,-0.617298,0.451458;0.730264,0.677017,0.0865168,-0.0296244
0.79058,-0.61711,0.454112;0.739583,0.66684,0.0889551,-0.0207009
0.782107,-0.611614,0.45675;0.747878,0.657429,0.0911504,-0.0125836
0.775613,-0.603337,0.459017;0.754391,0.649791,0.0928918,-0.00608769
0.770159,-0.593122,0.461118;0.759999,0.643031,0.0944043,-0.000402961
0.765668,-0.582069,0.463008;0.764739,0.637179,0.0956924,0.00446972
0.762065,-0.571183,0.464647;0.768641,0.632263,0.0967598,0.00853003
0.759277,-0.561349,0.466;0.771731,0.628304,0.0976098,0.0117779
0.756578,-0.550492,0.467391;0.774792,0.624321,0.0984562,0.0150254
0.75397,-0.538591,0.46882;0.777826,0.620317,0.099299,0.0182723
0.751457,-0.525625,0.470289;0.780831,0.616289,0.100138,0.0215186
0.749637,-0.515189,0.471415;0.783066,0.613254,0.100765,0.0239528
