0.766017,0.1082,0.605933;0.777223,-0.620073,-0.0349928,0.10104
0.76759,0.104178,0.6086;0.755476,-0.64753,-0.0437596,0.0896982
0.769195,0.0997677,0.610552;0.731271,-0.675591,-0.0529736,0.0775492
0.770781,0.0950783,0.611651;0.70517,-0.7033,-0.0623548,0.0649331
0.772305,0.0902364,0.611859;0.677874,-0.729816,-0.0716302,0.0522069
0.773728,0.0853847,0.611236;0.650211,-0.754427,-0.0805384,0.0397394
0.775021,0.0806804,0.609923;0.623125,-0.77656,-0.0888332,0.0279057
0.776192,0.076149,0.608067;0.596817,-0.796375,-0.0965241,0.0167312
0.777252,0.0718129,0.605797;0.571464,-0.814034,-0.103623,0.00623563
0.778242,0.0675437,0.60313;0.546351,-0.830243,-0.110376,-0.00391686
0.779134,0.0635031,0.600243;0.522457,-0.844555,-0.11656,-0.0133657
0.779966,0.0595544,0.597105;0.499002,-0.857617,-0.122415,-0.0224533
0.780742,0.0557062,0.593767;0.476054,-0.8695,-0.127948,-0.0311737
0.781465,0.0519663,0.590274;0.453678,-0.880273,-0.133167,-0.0395227
0.782139,0.048342,0.58667;0.431929,-0.890008,-0.13808,-0.0474974
0.782765,0.0448398,0.582994;0.410862,-0.898775,-0.142694,-0.0550964
0.783347,0.0414655,0.579282;0.390521,-0.906639,-0.147019,-0.0623191
0.783914,0.0380621,0.575378;0.369968,-0.914009,-0.151263,-0.0695078
0.784441,0.0347945,0.571485;0.350205,-0.920563,-0.155228,-0.076319
0.784954,0.0315024,0.567428;0.330268,-0.926661,-0.159117,-0.0830923
0.785429,0.0283531,0.563424;0.311176,-0.932029,-0.162738,-0.0894888
0.785894,0.0251833,0.55928;0.291946,-0.936979,-0.166286,-0.0958453
0.786323,0.0221624,0.555228;0.273606,-0.941283,-0.169579,-0.101828
0.786742,0.0191246,0.551057;0.255157,-0.945209,-0.172803,-0.107769
0.787152,0.0160708,0.546769;0.236606,-0.948755,-0.175959,-0.113668
0.78753,0.0131724,0.542617;0.218997,-0.951754,-0.178874,-0.119196
0.7879,0.0102609,0.538366;0.201311,-0.954413,-0.181725,-0.124683
0.788262,0.00733695,0.534022;0.183552,-0.95673,-0.184511,-0.130124
0.788595,0.00457407,0.529849;0.166778,-0.958597,-0.187073,-0.135203
0.788921,0.00180114,0.525597;0.149951,-0.960161,-0.189576,-0.140239
0.78924,-0.000981323,0.521268;0.133076,-0.96142,-0.192018,-0.14523
0.789553,-0.00377282,0.516865;0.116159,-0.962374,-0.194399,-0.150175
0.789858,-0.00657284,0.512391;0.0992051,-0.963022,-0.196719,-0.155073
0.790139,-0.00920516,0.508133;0.0832822,-0.963353,-0.198837,-0.15962
0.790415,-0.0118441,0.503817;0.0673361,-0.963415,-0.2009,-0.164123
0.790685,-0.0144893,0.499443;0.0513712,-0.963209,-0.202907,-0.168579
0.790949,-0.0171403,0.495014;0.035392,-0.962734,-0.204857,-0.172989
0.791208,-0.0197966,0.490533;0.0194029,-0.96199,-0.20675,-0.17735
0.791462,-0.022458,0.486;0.00340847,-0.960978,-0.208585,-0.181663
0.791712,-0.0251238,0.481418;-0.012587,-0.959699,-0.210362,-0.185924
0.791956,-0.0277939,0.476789;-0.0285789,-0.958151,-0.212081,-0.190133
0.792179,-0.0302892,0.472427;-0.0434976,-0.956466,-0.213632,-0.194015
0.792399,-0.0327875,0.468028;-0.0584057,-0.954549,-0.21513,-0.197849
0.792614,-0.0352884,0.463593;-0.0732996,-0.9524,-0.216577,-0.201634
0.792825,-0.0377915,0.459123;-0.0881758,-0.950019,-0.217971,-0.205371
0.793033,-0.0402964,0.454621;-0.103031,-0.947408,-0.219312,-0.209058
0.793237,-0.0428029,0.450087;-0.11786,-0.944566,-0.2206,-0.212695
0.793437,-0.0453107,0.445523;-0.132661,-0.941496,-0.221834,-0.216279
0.793633,-0.0478193,0.440931;-0.14743,-0.938196,-0.223014,-0.219812
0.793826,-0.0503284,0.436313;-0.162163,-0.934669,-0.22414,-0.22329
0.794016,-0.0528377,0.431669;-0.176857,-0.930914,-0.225212,-0.226715
0.794202,-0.0553469,0.427003;-0.191508,-0.926934,-0.226229,-0.230084
0.794385,-0.0578556,0.422314;-0.206112,-0.922728,-0.227191,-0.233398
0.794565,-0.0603635,0.417606;-0.220666,-0.918299,-0.228098,-0.236655
0.794742,-0.0628702,0.412879;-0.235166,-0.913646,-0.228949,-0.239854
0.794915,-0.0653754,0.408135;-0.24961,-0.908771,-0.229745,-0.242995
0.795086,-0.0678788,0.403375;-0.263993,-0.903676,-0.230485,-0.246077
0.795242,-0.0702014,0.398943;-0.277291,-0.898748,-0.231122,-0.248886
0.795396,-0.0725219,0.394501;-0.290531,-0.893632,-0.231711,-0.251642
0.795548,-0.07484,0.39005;-0.30371,-0.888329,-0.232251,-0.254346
0.795697,-0.0771554,0.38559;-0.316826,-0.88284,-0.232742,-0.256996
0.795844,-0.0794678,0.381124;-0.329875,-0.877165,-0.233185,-0.259593
0.795989,-0.081777,0.376652;-0.342855,-0.871307,-0.233579,-0.262135
0.796132,-0.0840827,0.372177;-0.355763,-0.865267,-0.233924,-0.264622
0.796273,-0.0863846,0.367698;-0.368597,-0.859046,-0.23422,-0.267054
0.796413,-0.0886825,0.363218;-0.381354,-0.852644,-0.234467,-0.26943
0.79655,-0.090976,0.358737;-0.394031,-0.846064,-0.234665,-0.271749
0.796686,-0.093265,0.354258;-0.406625,-0.839307,-0.234813,-0.274012
0.79682,-0.0955492,0.349781;-0.419134,-0.832374,-0.234913,-0.276217
0.796952,-0.0978281,0.345307;-0.431556,-0.825267,-0.234963,-0.278365
0.797083,-0.100102,0.340838;-0.443887,-0.817987,-0.234964,-0.280454
0.797212,-0.10237,0.336376;-0.456125,-0.810535,-0.234916,-0.282484
0.79735,-0.104805,0.331578;-0.469197,-0.802321,-0.23481,-0.284605
0.797487,-0.107234,0.326791;-0.482156,-0.793912,-0.234646,-0.286656
0.797622,-0.109655,0.322015;-0.494997,-0.78531,-0.234425,-0.288638
0.797755,-0.112068,0.317253;-0.507719,-0.776517,-0.234147,-0.290549
0.797887,-0.114473,0.312506;-0.520316,-0.767535,-0.233813,-0.29239
0.798019,-0.116869,0.307775;-0.532788,-0.758368,-0.233421,-0.29416
0.798149,-0.119256,0.303063;-0.54513,-0.749016,-0.232973,-0.295858
0.798275,-0.121577,0.298483;-0.557048,-0.739713,-0.232481,-0.297447
0.798399,-0.123874,0.293952;-0.562268,-0.736413,-0.238782,-0.290748
0.798522,-0.126162,0.289441;-0.567418,-0.733023,-0.245053,-0.284014
0.798645,-0.128441,0.284953;-0.572499,-0.729542,-0.251294,-0.277245
0.798766,-0.13071,0.280486;-0.577509,-0.725972,-0.257504,-0.270442
0.798898,-0.133195,0.275598;-0.582939,-0.721943,-0.264299,-0.26292
0.799029,-0.135668,0.270739;-0.588282,-0.717806,-0.271054,-0.255359
0.799159,-0.13813,0.265908;-0.593538,-0.713562,-0.27777,-0.247761
0.799287,-0.140578,0.261108;-0.598706,-0.709213,-0.284444,-0.240125
0.799413,-0.143014,0.256338;-0.603784,-0.704758,-0.291076,-0.232454
0.799538,-0.145438,0.2516;-0.608774,-0.700199,-0.297664,-0.224748
0.799661,-0.147848,0.246893;-0.613672,-0.695536,-0.304208,-0.217009
0.799782,-0.150246,0.24222;-0.61848,-0.690769,-0.310708,-0.209238
0.799902,-0.15263,0.237581;-0.623196,-0.6859,-0.317161,-0.201436
0.800019,-0.155001,0.232977;-0.627819,-0.68093,-0.323567,-0.193604
0.800135,-0.157357,0.228408;-0.632349,-0.675858,-0.329925,-0.185743
0.800248,-0.1597,0.223876;-0.636786,-0.670685,-0.336234,-0.177854
0.80036,-0.162029,0.219381;-0.641127,-0.665413,-0.342493,-0.169939
0.800469,-0.164343,0.214924;-0.645374,-0.660043,-0.348701,-0.161999
0.800586,-0.166851,0.210106;-0.649897,-0.654072,-0.355415,-0.15331
0.800699,-0.169341,0.205336;-0.654306,-0.647986,-0.362065,-0.144593
0.80081,-0.171813,0.200614;-0.658598,-0.641785,-0.368652,-0.135851
0.800918,-0.174268,0.195942;-0.662775,-0.635471,-0.375174,-0.127085
0.801023,-0.176703,0.19132;-0.666834,-0.629045,-0.381629,-0.118297
0.801125,-0.17912,0.18675;-0.670776,-0.622507,-0.388017,-0.109487
0.801223,-0.181518,0.182233;-0.674599,-0.61586,-0.394336,-0.100659
0.801318,-0.183897,0.17777;-0.678303,-0.609103,-0.400586,-0.0918123
0.80141,-0.186256,0.173361;-0.681887,-0.602239,-0.406765,-0.0829495
0.801506,-0.188789,0.168648;-0.685633,-0.594683,-0.413378,-0.0733318
0.801597,-0.191299,0.164003;-0.689238,-0.587004,-0.419905,-0.0636988
0.801684,-0.193785,0.159425;-0.6927,-0.579203,-0.426344,-0.0540526
0.801766,-0.196246,0.154918;-0.696018,-0.571282,-0.432696,-0.0443952
0.801844,-0.198683,0.150482;-0.699191,-0.563242,-0.438958,-0.0347287
0.801923,-0.20128,0.145785;-0.702447,-0.554454,-0.445599,-0.0243105
0.801996,-0.203847,0.141175;-0.705533,-0.545532,-0.452134,-0.0138865
0.802063,-0.206384,0.136652;-0.70845,-0.536479,-0.458559,-0.00345911
0.802125,-0.20889,0.132218;-0.711197,-0.527297,-0.464875,0.00696908
0.802184,-0.211542,0.127569;-0.71395,-0.517318,-0.471517,0.0181402
0.802236,-0.214158,0.123026;-0.716506,-0.507196,-0.47803,0.0293063
0.802281,-0.216738,0.118591;-0.718864,-0.496935,-0.48441,0.0404644
0.802318,-0.219281,0.114267;-0.721024,-0.486536,-0.490656,0.0516112
0.80235,-0.221952,0.10978;-0.723108,-0.475296,-0.49717,0.0634854
0.802373,-0.22458,0.105423;-0.724965,-0.463907,-0.503528,0.0753397
0.802387,-0.227324,0.10094;-0.726689,-0.451647,-0.510109,0.0879089
0.802391,-0.230018,0.0966113;-0.728154,-0.439226,-0.51651,0.100447
0.802383,-0.232815,0.0921985;-0.729425,-0.425905,-0.523087,0.113683
0.802363,-0.235553,0.087965;-0.730406,-0.412414,-0.529457,0.126875
0.802328,-0.23838,0.0836948;-0.731126,-0.397997,-0.535952,0.140744
0.802275,-0.241283,0.0794249;-0.731534,-0.38263,-0.542532,0.155276
0.802203,-0.244251,0.0751951;-0.731577,-0.366293,-0.549155,0.170453
0.802107,-0.247269,0.0710487;-0.731197,-0.348966,-0.555774,0.186253
0.801984,-0.250323,0.0670326;-0.730335,-0.330629,-0.562341,0.202652
0.801823,-0.253524,0.0630455;-0.72886,-0.310455,-0.569065,0.220329
0.801618,-0.256838,0.0591929;-0.72664,-0.288401,-0.575837,0.239229
0.801349,-0.260344,0.0554791;-0.723412,-0.263594,-0.582757,0.259977
0.800992,-0.264087,0.0520119;-0.718787,-0.235129,-0.589821,0.283144
0.800509,-0.268071,0.0490358;-0.712227,-0.20207,-0.596894,0.309222
0.799789,-0.272594,0.0468672;-0.702103,-0.160007,-0.6042,0.341162
0.798708,-0.277449,0.0467149;-0.686615,-0.106999,-0.610806,0.379509
0.797432,-0.281353,0.0494495;-0.668322,-0.0543824,-0.614585,0.415539
0.796266,-0.28381,0.0537307;-0.660422,-0.0577573,-0.61079,0.432947
0.795254,-0.285375,0.0584534;-0.659003,-0.0910421,-0.603535,0.439514
0.794339,-0.286467,0.06343;-0.65712,-0.119944,-0.596623,0.444802
0.793516,-0.287236,0.0684736;-0.654941,-0.145543,-0.59002,0.449161
0.792766,-0.287783,0.0735693;-0.652528,-0.168917,-0.583593,0.452872
0.792096,-0.288154,0.0785635;-0.649991,-0.190078,-0.577443,0.456007
0.791479,-0.288402,0.0836025;-0.647278,-0.210092,-0.571331,0.458774
0.790918,-0.288545,0.0886202;-0.644438,-0.228966,-0.565303,0.461203
0.790385,-0.288604,0.0938558;-0.641335,-0.247746,-0.559044,0.463444
0.789913,-0.288585,0.0989835;-0.638166,-0.26539,-0.552925,0.465388
0.789477,-0.288497,0.104272;-0.634765,-0.282939,-0.546605,0.467164
0.789103,-0.288355,0.109383;-0.631354,-0.299361,-0.540476,0.46868
0.788769,-0.288157,0.114609;-0.62774,-0.315687,-0.534173,0.470045
0.788496,-0.287924,0.119601;-0.624169,-0.330901,-0.528109,0.471189
0.788265,-0.287646,0.124672;-0.620422,-0.346022,-0.521895,0.472199
0.788079,-0.287326,0.129809;-0.616499,-0.361045,-0.515534,0.473076
0.787942,-0.286967,0.135003;-0.612403,-0.375965,-0.509027,0.473819
0.787857,-0.28657,0.140243;-0.608133,-0.39078,-0.502377,0.474428
0.787828,-0.286137,0.145516;-0.603692,-0.405485,-0.495585,0.474904
0.787858,-0.285672,0.150813;-0.599081,-0.420075,-0.488653,0.475246
0.78795,-0.285175,0.156122;-0.5943,-0.434546,-0.481583,0.475453
0.788108,-0.28465,0.161432;-0.589352,-0.448895,-0.474377,0.475526
0.788334,-0.284098,0.166732;-0.584237,-0.463117,-0.467037,0.475465
0.788633,-0.283522,0.172011;-0.578957,-0.477208,-0.459565,0.47527
0.789008,-0.282923,0.177258;-0.573514,-0.491164,-0.451963,0.47494
0.789462,-0.282305,0.182461;-0.567909,-0.504982,-0.444234,0.474477
0.789999,-0.281669,0.187611;-0.562144,-0.518658,-0.43638,0.473879
0.790621,-0.281017,0.192695;-0.55622,-0.532186,-0.428402,0.473148
0.791333,-0.280352,0.197703;-0.550139,-0.545565,-0.420304,0.472283
0.792137,-0.279676,0.202624;-0.543902,-0.55879,-0.412086,0.471285
0.793101,-0.278944,0.207764;-0.537081,-0.572722,-0.403193,0.470073
0.794178,-0.278206,0.212779;-0.530087,-0.58647,-0.39417,0.468711
0.795373,-0.277462,0.217655;-0.522923,-0.60003,-0.385021,0.467198
0.796775,-0.27667,0.222669;-0.515127,-0.614227,-0.375164,0.465426
0.79832,-0.275879,0.227495;-0.507144,-0.6282,-0.365172,0.463486
0.800116,-0.275045,0.232382;-0.498492,-0.642747,-0.354447,0.461248
0.802082,-0.274219,0.237021;-0.489637,-0.657033,-0.343578,0.458822
0.804349,-0.273361,0.241629;-0.480074,-0.671822,-0.331954,0.45606
0.80682,-0.272521,0.245916;-0.470293,-0.686308,-0.32018,0.453091
0.809648,-0.271661,0.25006;-0.459768,-0.701219,-0.307629,0.449744
0.812877,-0.27079,0.253973;-0.448468,-0.716498,-0.294285,0.445986
0.816554,-0.26992,0.257561;-0.436364,-0.732078,-0.280131,0.441785
0.820545,-0.2691,0.26059;-0.423995,-0.747215,-0.265806,0.437316
0.824858,-0.268337,0.263025;-0.411369,-0.761897,-0.251321,0.432582
0.829505,-0.267637,0.264833;-0.398493,-0.776117,-0.236682,0.427584
0.834496,-0.267009,0.265977;-0.385375,-0.789865,-0.2219,0.422327
0.839483,-0.266491,0.266416;-0.376928,-0.799511,-0.210273,0.417723
0.844573,-0.26606,0.266246;-0.404882,-0.783049,-0.219815,0.417835
0.849568,-0.265712,0.265579;-0.430556,-0.766875,-0.228495,0.417509
0.854591,-0.265422,0.264488;-0.454906,-0.750556,-0.236649,0.416801
0.859409,-0.265189,0.263099;-0.477078,-0.734826,-0.244004,0.4158
0.864173,-0.264993,0.261435;-0.498007,-0.719175,-0.250882,0.41453
0.868856,-0.264827,0.259548;-0.517721,-0.703683,-0.257302,0.413027
0.873434,-0.264688,0.257484;-0.536254,-0.688421,-0.26328,0.41133
0.878099,-0.264563,0.255176;-0.554456,-0.672736,-0.269097,0.40938
0.882626,-0.264456,0.252753;-0.571513,-0.657378,-0.274495,0.407283
0.886997,-0.264363,0.250253;-0.58746,-0.642408,-0.279493,0.405075
0.89142,-0.264276,0.247571;-0.603109,-0.627113,-0.284349,0.40266
0.895664,-0.264198,0.244861;-0.617691,-0.612286,-0.288828,0.400177
0.899944,-0.264123,0.242;-0.63199,-0.597179,-0.293175,0.39751
0.904254,-0.264048,0.238992;-0.646,-0.581798,-0.297388,0.39466
0.90836,-0.263976,0.236012;-0.658998,-0.56698,-0.301252,0.391794
0.912483,-0.263902,0.23291;-0.671725,-0.551928,-0.304993,0.388766
0.916619,-0.263825,0.229691;-0.684176,-0.53665,-0.308608,0.385579
0.920532,-0.263748,0.226548;-0.695677,-0.522017,-0.311906,0.382422
0.924449,-0.263665,0.223309;-0.706922,-0.507192,-0.31509,0.379126
0.928365,-0.263575,0.219978;-0.717907,-0.492182,-0.318157,0.375689
0.932276,-0.263477,0.216559;-0.728629,-0.47699,-0.321108,0.372115
0.936179,-0.26337,0.213056;-0.739083,-0.461624,-0.323941,0.368405
0.940069,-0.263253,0.209473;-0.749266,-0.446087,-0.326654,0.364559
0.943715,-0.263133,0.206031;-0.758599,-0.431315,-0.329099,0.360817
0.947344,-0.263001,0.202525;-0.767685,-0.416403,-0.331437,0.356957
0.95095,-0.262857,0.198959;-0.776521,-0.401355,-0.333666,0.352982
0.954533,-0.2627,0.195335;-0.785104,-0.386177,-0.335788,0.348892
0.958087,-0.262529,0.191657;-0.793432,-0.370873,-0.3378,0.344688
0.961611,-0.262342,0.187929;-0.801502,-0.355449,-0.339702,0.340372
0.9651,-0.26214,0.184153;-0.809312,-0.339908,-0.341493,0.335945
0.968551,-0.261921,0.180334;-0.816858,-0.324258,-0.343174,0.331409
0.971962,-0.261683,0.176474;-0.824138,-0.308501,-0.344743,0.326765
0.975328,-0.261427,0.172576;-0.83115,-0.292645,-0.3462,0.322015
0.978646,-0.261151,0.168645;-0.837892,-0.276693,-0.347544,0.317161
0.981914,-0.260853,0.164684;-0.844362,-0.260651,-0.348775,0.312203
0.985127,-0.260534,0.160695;-0.850556,-0.244525,-0.349892,0.307143
0.988283,-0.260192,0.156682;-0.856474,-0.228319,-0.350896,0.301984
0.991378,-0.259825,0.152649;-0.862114,-0.212038,-0.351786,0.296726
0.99441,-0.259434,0.148598;-0.867473,-0.195689,-0.352561,0.291372
0.997373,-0.259017,0.144534;-0.872549,-0.179276,-0.353222,0.285923
1.00027,-0.258574,0.140459;-0.877342,-0.162805,-0.353768,0.280381
1.00326,-0.258071,0.136122;-0.882122,-0.145246,-0.354221,0.274393
1.00617,-0.257537,0.131781;-0.886578,-0.127634,-0.354545,0.268304
1.00898,-0.256968,0.12744;-0.890708,-0.109975,-0.354738,0.262116
1.0117,-0.256364,0.123103;-0.894512,-0.0922757,-0.354801,0.255833
1.01432,-0.255725,0.118774;-0.897986,-0.0745426,-0.354734,0.249455
1.01683,-0.255048,0.114457;-0.901131,-0.0567821,-0.354537,0.242986
1.01938,-0.254289,0.109904;-0.9041,-0.0379542,-0.354186,0.236038
1.02181,-0.253485,0.105373;-0.906698,-0.0191107,-0.353689,0.228994
1.0241,-0.252636,0.10087;-0.908921,-0.00025937,-0.353047,0.221856
1.02626,-0.251739,0.0963989;-0.910771,0.0185921,-0.352259,0.214626
1.02839,-0.250739,0.0917198;-0.912316,0.0384824,-0.35127,0.206899
1.03035,-0.249683,0.0870876;-0.913443,0.058355,-0.35012,0.199076
1.03216,-0.24857,0.0825079;-0.914152,0.0782009,-0.34881,0.191163
1.03387,-0.247334,0.07775;-0.914444,0.0990524,-0.347258,0.182738
1.03539,-0.24603,0.0730629;-0.914271,0.119854,-0.345529,0.17422
1.03676,-0.244586,0.0682249;-0.91359,0.141629,-0.343525,0.165182
1.0379,-0.243063,0.0634798;-0.912397,0.163325,-0.341328,0.156051
1.03884,-0.241381,0.0586166;-0.910599,0.185956,-0.338821,0.146391
1.03952,-0.239607,0.0538723;-0.908241,0.208472,-0.336107,0.136641
1.03992,-0.237652,0.049049;-0.905178,0.231875,-0.333047,0.126358
1.04001,-0.235591,0.0443751;-0.901507,0.255122,-0.329764,0.115991
1.03977,-0.233421,0.0398607;-0.89723,0.278197,-0.32626,0.105545
1.03917,-0.231038,0.0353306;-0.892124,0.302076,-0.322369,0.0945698
1.0382,-0.22853,0.0309961;-0.886365,0.325734,-0.318242,0.0835253
1.03684,-0.225893,0.0268686;-0.879957,0.349154,-0.313882,0.0724197
1.0351,-0.223155,0.0229993;-0.874963,0.366943,-0.309387,0.063813
1.03297,-0.220291,0.0193539;-0.880504,0.356338,-0.305014,0.0685766
1.03047,-0.217309,0.0159269;-0.885881,0.345668,-0.300584,0.0733275
1.02759,-0.21422,0.0127149;-0.891095,0.334933,-0.296099,0.0780649
1.02463,-0.211284,0.00993768;-0.895762,0.32497,-0.29191,0.0824251
1.02139,-0.208276,0.0073378;-0.900287,0.314955,-0.287675,0.0867723
1.01787,-0.205205,0.00491251;-0.904671,0.30489,-0.283395,0.0911058
1.01408,-0.202079,0.00265902;-0.908912,0.294777,-0.27907,0.095425
1.0104,-0.199173,0.000741885;-0.912673,0.285466,-0.275067,0.099371
1.00651,-0.196237,-0.00103535;-0.916314,0.276118,-0.271027,0.103304
1.00243,-0.193276,-0.00267483;-0.919834,0.266732,-0.266952,0.107223
0.998169,-0.190298,-0.00417868;-0.923231,0.257312,-0.262841,0.111128
0.994144,-0.187581,-0.00542993;-0.926214,0.248718,-0.259074,0.114665
0.989983,-0.184861,-0.00657247;-0.929095,0.240097,-0.255278,0.11819
0.985693,-0.182142,-0.0076079;-0.931875,0.23145,-0.251455,0.121702
0.98128,-0.179431,-0.00853782;-0.934552,0.222777,-0.247604,0.1252
0.976751,-0.176731,-0.00936385;-0.937127,0.21408,-0.243725,0.128685
0.972114,-0.174049,-0.0100876;-0.9396,0.20536,-0.23982,0.132155
0.967375,-0.17139,-0.0107106;-0.94197,0.196617,-0.235889,0.135612
0.962541,-0.168758,-0.0112346;-0.944237,0.187853,-0.231932,0.139053
0.958115,-0.166417,-0.0116228;-0.946189,0.179947,-0.228349,0.142137
0.953623,-0.164107,-0.0119332;-0.948056,0.172025,-0.224746,0.145209
0.94907,-0.161831,-0.012167;-0.94984,0.164089,-0.221123,0.148267
0.94446,-0.159593,-0.0123254;-0.95154,0.156137,-0.21748,0.151313
0.939799,-0.157397,-0.0124095;-0.953155,0.148172,-0.213818,0.154345
0.935092,-0.155246,-0.0124205;-0.954686,0.140194,-0.210137,0.157364
0.930344,-0.153145,-0.0123595;-0.956132,0.132203,-0.206438,0.160368
0.92556,-0.151097,-0.0122278;-0.957493,0.124201,-0.20272,0.163358
0.920745,-0.149106,-0.0120265;-0.958769,0.116187,-0.198984,0.166334
0.915904,-0.147175,-0.0117568;-0.959961,0.108164,-0.19523,0.169295
0.911041,-0.145309,-0.0114199;-0.961067,0.10013,-0.191459,0.172241
0.906163,-0.143511,-0.0110168;-0.962088,0.092088,-0.187671,0.175172
0.901274,-0.141786,-0.0105489;-0.963024,0.0840376,-0.183867,0.178087
0.896379,-0.140136,-0.0100172;-0.963875,0.0759797,-0.180046,0.180987
0.891483,-0.138566,-0.00942298;-0.96464,0.0679151,-0.17621,0.18387
0.886591,-0.137079,-0.00876735;-0.965319,0.0598445,-0.172357,0.186737
0.881708,-0.135679,-0.0080515;-0.965913,0.0517686,-0.16849,0.189588
0.876839,-0.134371,-0.00727659;-0.966421,0.0436881,-0.164607,0.192422
0.87199,-0.133157,-0.0064438;-0.966844,0.0356038,-0.16071,0.195239
0.867165,-0.132042,-0.0055543;-0.96718,0.0275163,-0.156798,0.198038
0.861838,-0.130923,-0.00450087;-0.967454,0.0185273,-0.152436,0.201128
0.856554,-0.129935,-0.00338048;-0.967622,0.00953629,-0.148057,0.204196
0.85132,-0.129084,-0.00219473;-0.967684,0.000544255,-0.143662,0.207241
0.846143,-0.128376,-0.000945234;-0.96764,-0.00844784,-0.139251,0.210264
0.84103,-0.127814,0.000366411;-0.96749,-0.017439,-0.134825,0.213264
0.835987,-0.127405,0.0017386;-0.967234,-0.0264283,-0.130384,0.21624
0.831022,-0.127153,0.00316972;-0.966872,-0.0354147,-0.125929,0.219193
0.826141,-0.127064,0.00465817;-0.966405,-0.0443972,-0.12146,0.222122
0.821352,-0.127142,0.00620234;-0.965832,-0.0533748,-0.116978,0.225026
0.816197,-0.127429,0.00796338;-0.965079,-0.0632434,-0.112032,0.228192
0.81117,-0.127932,0.00978775;-0.964198,-0.0731036,-0.107072,0.231329
0.80628,-0.128658,0.0116733;-0.96319,-0.0829542,-0.102098,0.234434
0.801537,-0.129615,0.013618;-0.962054,-0.0927938,-0.0971101,0.237509
0.796949,-0.130808,0.0156196;-0.960791,-0.102621,-0.0921095,0.240552
0.792526,-0.132246,0.017676;-0.959401,-0.112435,-0.0870966,0.243563
0.788277,-0.133934,0.019785;-0.957883,-0.122234,-0.0820722,0.246542
0.783851,-0.13607,0.0221433;-0.956083,-0.132905,-0.0765787,0.249755
0.779654,-0.138522,0.024559;-0.954132,-0.143555,-0.0710731,0.252928
0.775699,-0.141298,0.0270293;-0.952031,-0.154182,-0.0655563,0.256061
0.771998,-0.144409,0.0295513;-0.94978,-0.164786,-0.0600291,0.259154
0.768838,-0.147561,0.0319063;-0.947584,-0.174482,-0.0549543,0.261953
0.76591,-0.151007,0.0343004;-0.945264,-0.184156,-0.0498721,0.264718
0.763224,-0.154756,0.0367314;-0.942818,-0.193805,-0.0447834,0.267448
0.760788,-0.158813,0.0391971;-0.940247,-0.203429,-0.0396887,0.270142
0.758612,-0.163186,0.0416956;-0.937552,-0.213026,-0.0345887,0.2728
0.756868,-0.167441,0.0439934;-0.934994,-0.221726,-0.0299484,0.275185
0.755352,-0.171968,0.0463148;-0.932334,-0.230401,-0.0253049,0.277541
0.754073,-0.176771,0.0486582;-0.929571,-0.239052,-0.0206585,0.279866
0.753129,-0.181335,0.0507848;-0.926998,-0.246815,-0.0164749,0.281932
0.752327,-0.18658,0.0531235;-0.926277,-0.245811,-0.0171436,0.285121
0.751834,-0.191208,0.05511;-0.925992,-0.243472,-0.0185309,0.287953
0.7515,-0.196021,0.0571131;-0.925693,-0.241129,-0.0199178,0.290781
0.751321,-0.201012,0.0591347;-0.925379,-0.238782,-0.0213045,0.293604
0.75129,-0.206175,0.0611766;-0.925051,-0.236432,-0.0226908,0.296423
0.751402,-0.211505,0.0632409;-0.924708,-0.234078,-0.0240768,0.299237
0.75165,-0.216994,0.0653294;-0.924351,-0.23172,-0.0254624,0.302047
0.751958,-0.221686,0.0670896;-0.924043,-0.229753,-0.0266168,0.304384
0.752354,-0.226481,0.068869;-0.923725,-0.227783,-0.0277709,0.306719
0.752834,-0.231375,0.0706687;-0.923396,-0.22581,-0.0289247,0.30905
0.753395,-0.236366,0.0724898;-0.923058,-0.223836,-0.0300782,0.311378
0.754034,-0.241449,0.0743334;-0.92271,-0.221859,-0.0312313,0.313702
0.754748,-0.246621,0.0762006;-0.922352,-0.219879,-0.0323841,0.316023
0.755533,-0.251878,0.0780925;-0.921984,-0.217897,-0.0335366,0.318341
0.756386,-0.257216,0.0800102;-0.921607,-0.215913,-0.0346887,0.320655
0.757303,-0.262633,0.0819547;-0.921219,-0.213926,-0.0358404,0.322966
0.758282,-0.268124,0.0839272;-0.920821,-0.211937,-0.0369918,0.325273
0.759318,-0.273687,0.0859288;-0.920413,-0.209946,-0.0381427,0.327577
0.76041,-0.279316,0.0879606;-0.919996,-0.207953,-0.0392933,0.329877
0.761552,-0.285009,0.0900236;-0.919569,-0.205957,-0.0404434,0.332174
0.762743,-0.290763,0.092119;-0.919131,-0.203959,-0.0415931,0.334467
0.763727,-0.295406,0.0938194;-0.918774,-0.202359,-0.0425125,0.336299
0.764739,-0.300084,0.0955417;-0.918411,-0.200758,-0.0434316,0.338129
0.765776,-0.304795,0.0972866;-0.918041,-0.199155,-0.0443505,0.339956
0.766836,-0.309536,0.0990546;-0.917665,-0.197551,-0.045269,0.341781
0.767918,-0.314307,0.100846;-0.917283,-0.195946,-0.0461872,0.343604
0.76902,-0.319104,0.102662;-0.916895,-0.194339,-0.0471051,0.345424
0.770141,-0.323926,0.104503;-0.9165,-0.192731,-0.0480227,0.347242
0.771278,-0.328772,0.106369;-0.916099,-0.191121,-0.0489399,0.349057
0.772431,-0.33364,0.108261;-0.915691,-0.189511,-0.0498568,0.35087
0.773596,-0.338527,0.110179;-0.915277,-0.187899,-0.0507734,0.352681
0.774773,-0.343432,0.112124;-0.914857,-0.186285,-0.0516896,0.354489
0.77596,-0.348353,0.114097;-0.914431,-0.184671,-0.0526055,0.356295
0.777155,-0.353288,0.116098;-0.913998,-0.183055,-0.0535209,0.358098
0.778357,-0.358236,0.118128;-0.913559,-0.181438,-0.0544361,0.359899
0.779563,-0.363195,0.120187;-0.913114,-0.179819,-0.0553508,0.361697
0.780773,-0.368162,0.122276;-0.912662,-0.178199,-0.0562652,0.363493
0.781984,-0.373136,0.124396;-0.912204,-0.176579,-0.0571792,0.365287
0.783195,-0.378115,0.126546;-0.91174,-0.174956,-0.0580928,0.367078
0.784403,-0.383097,0.128728;-0.911269,-0.173333,-0.0590059,0.368866
0.785608,-0.38808,0.130942;-0.910793,-0.171709,-0.0599187,0.370652
0.786808,-0.393064,0.133188;-0.91031,-0.170083,-0.0608311,0.372435
0.788,-0.398045,0.135468;-0.90982,-0.168456,-0.061743,0.374216
0.789183,-0.403021,0.137782;-0.909325,-0.166828,-0.0626546,0.375994
0.790356,-0.407992,0.140129;-0.908823,-0.165199,-0.0635656,0.377769
0.791517,-0.412956,0.142512;-0.908315,-0.163569,-0.0644763,0.379542
0.792664,-0.417909,0.14493;-0.907801,-0.161937,-0.0653865,0.381312
0.793796,-0.422851,0.147385;-0.90728,-0.160305,-0.0662963,0.38308
0.79491,-0.42778,0.149875;-0.906753,-0.158671,-0.0672056,0.384845
0.796005,-0.432694,0.152403;-0.90622,-0.157036,-0.0681144,0.386607
0.797079,-0.437591,0.154969;-0.905681,-0.155401,-0.0690228,0.388367
0.798131,-0.442469,0.157573;-0.905135,-0.153764,-0.0699307,0.390124
0.799158,-0.447326,0.160216;-0.904583,-0.152126,-0.0708381,0.391878
0.80016,-0.452161,0.162898;-0.904025,-0.150487,-0.071745,0.39363
0.801135,-0.456972,0.16562;-0.903461,-0.148847,-0.0726514,0.395379
0.80208,-0.461757,0.168382;-0.902891,-0.147206,-0.0735574,0.397125
0.802994,-0.466514,0.171186;-0.902314,-0.145564,-0.0744628,0.398869
0.803876,-0.471241,0.174031;-0.901731,-0.14392,-0.0753677,0.400609
0.804724,-0.475936,0.176919;-0.901142,-0.142276,-0.0762721,0.402347
0.805535,-0.480598,0.179849;-0.900547,-0.140631,-0.077176,0.404083
0.806309,-0.485225,0.182822;-0.899945,-0.138985,-0.0780793,0.405815
0.807043,-0.489815,0.18584;-0.899337,-0.137338,-0.0789821,0.407545
0.807736,-0.494366,0.188901;-0.898723,-0.13569,-0.0798843,0.409271
0.808386,-0.498876,0.192008;-0.898103,-0.134042,-0.080786,0.410995
0.808992,-0.503343,0.195161;-0.897477,-0.132392,-0.0816872,0.412716
0.809552,-0.507766,0.198359;-0.896844,-0.130741,-0.0825878,0.414435
0.810064,-0.512143,0.201604;-0.896206,-0.12909,-0.0834878,0.41615
0.810526,-0.516472,0.204897;-0.895561,-0.127437,-0.0843872,0.417863
0.810937,-0.520751,0.208237;-0.89491,-0.125784,-0.0852861,0.419573
0.811294,-0.524978,0.211625;-0.894253,-0.12413,-0.0861844,0.421279
0.811598,-0.529151,0.215063;-0.893589,-0.122474,-0.087082,0.422983
0.811844,-0.533269,0.21855;-0.89292,-0.120819,-0.0879791,0.424684
0.812033,-0.53733,0.222087;-0.892244,-0.119162,-0.0888756,0.426382
0.812162,-0.541332,0.225674;-0.891562,-0.117504,-0.0897714,0.428077
0.812229,-0.545273,0.229313;-0.890874,-0.115846,-0.0906667,0.42977
0.812233,-0.549151,0.233004;-0.89018,-0.114187,-0.0915613,0.431459
0.812172,-0.552964,0.236747;-0.88948,-0.112527,-0.0924553,0.433145
0.812045,-0.556711,0.240542;-0.888774,-0.110866,-0.0933486,0.434828
0.811849,-0.56039,0.244392;-0.888061,-0.109204,-0.0942413,0.436509
0.811583,-0.563999,0.248295;-0.887343,-0.107542,-0.0951334,0.438186
0.811246,-0.567536,0.252252;-0.886618,-0.105879,-0.0960248,0.43986
0.810835,-0.570999,0.256265;-0.885887,-0.104215,-0.0969155,0.441531
0.810349,-0.574387,0.260333;-0.885151,-0.102551,-0.0978056,0.4432
0.809786,-0.577697,0.264458;-0.884408,-0.100886,-0.098695,0.444865
0.809145,-0.580928,0.26864;-0.883658,-0.09922,-0.0995837,0.446527
0.808423,-0.584078,0.272878;-0.882903,-0.0975535,-0.100472,0.448186
0.80762,-0.587145,0.277175;-0.882142,-0.0958863,-0.101359,0.449842
0.806733,-0.590127,0.28153;-0.881375,-0.0942184,-0.102246,0.451495
0.805761,-0.593023,0.285944;-0.880601,-0.0925499,-0.103132,0.453144
0.804701,-0.59583,0.290418;-0.879822,-0.0908807,-0.104017,0.454791
0.803553,-0.598547,0.294952;-0.879036,-0.0892109,-0.104901,0.456434
0.802315,-0.601172,0.299547;-0.878245,-0.0875406,-0.105785,0.458075
0.800984,-0.603703,0.304203;-0.877447,-0.0858696,-0.106668,0.459712
0.79956,-0.606138,0.308921;-0.876643,-0.084198,-0.107551,0.461346
0.79804,-0.608476,0.313701;-0.875834,-0.0825258,-0.108432,0.462976
0.796423,-0.610715,0.318544;-0.875018,-0.0808531,-0.109313,0.464604
0.794707,-0.612852,0.323451;-0.874196,-0.0791798,-0.110193,0.466229
0.792891,-0.614886,0.328421;-0.873368,-0.077506,-0.111072,0.46785
0.790972,-0.616815,0.333457;-0.872535,-0.0758316,-0.111951,0.469468
0.788949,-0.618637,0.338558;-0.871695,-0.0741567,-0.112829,0.471082
0.786821,-0.620351,0.343724;-0.870849,-0.0724813,-0.113706,0.472694
0.784585,-0.621955,0.348957;-0.869997,-0.0708054,-0.114582,0.474302
0.78224,-0.623446,0.354256;-0.869139,-0.069129,-0.115457,0.475907
0.779784,-0.624824,0.359623;-0.868276,-0.0674521,-0.116332,0.477509
0.777215,-0.626085,0.365059;-0.867406,-0.0657748,-0.117206,0.479107
0.774533,-0.627229,0.370562;-0.86653,-0.064097,-0.118079,0.480702
0.771734,-0.628253,0.376135;-0.865648,-0.0624188,-0.118951,0.482294
0.768818,-0.629155,0.381778;-0.864761,-0.0607401,-0.119823,0.483883
0.765783,-0.629935,0.38749;-0.863867,-0.0590611,-0.120693,0.485468
0.762627,-0.630589,0.393274;-0.862967,-0.0573816,-0.121563,0.48705
0.760179,-0.630997,0.397659;-0.862289,-0.0561217,-0.122215,0.488234
0.757662,-0.631332,0.402084;-0.861607,-0.0548616,-0.122866,0.489416
0.755074,-0.631595,0.406549;-0.860922,-0.0536013,-0.123517,0.490596
0.752415,-0.631784,0.411056;-0.860233,-0.0523408,-0.124167,0.491775
0.749684,-0.631898,0.415603;-0.859541,-0.0510801,-0.124817,0.492951
0.74688,-0.631938,0.420192;-0.858846,-0.0498192,-0.125466,0.494126
0.744003,-0.631901,0.424822;-0.858147,-0.0485581,-0.126115,0.495299
0.741052,-0.631787,0.429495;-0.857445,-0.0472968,-0.126764,0.496469
0.738027,-0.631596,0.434209;-0.85674,-0.0460353,-0.127411,0.497638
0.734925,-0.631326,0.438966;-0.856031,-0.0447737,-0.128059,0.498805
0.731748,-0.630978,0.443765;-0.855319,-0.0435118,-0.128706,0.49997
0.728494,-0.630549,0.448607;-0.854604,-0.0422499,-0.129352,0.501133
0.725162,-0.63004,0.453491;-0.853886,-0.0409877,-0.129998,0.502294
0.721752,-0.62945,0.45842;-0.853164,-0.0397254,-0.130643,0.503454
