0.888902,-0.322532,0.455265;0.848758,-0.0247164,-0.113946,-0.515767
0.887491,-0.310969,0.45728;0.850517,-0.020211,-0.111944,-0.513498
0.886104,-0.299514,0.459276;0.852249,-0.0157051,-0.109939,-0.511213
0.88474,-0.288166,0.461254;0.853953,-0.0111986,-0.10793,-0.508911
0.8834,-0.276924,0.463212;0.855629,-0.00669174,-0.105918,-0.506592
0.882083,-0.265789,0.465153;0.857277,-0.00218467,-0.103902,-0.504257
0.880789,-0.254758,0.467074;0.858897,0.00232247,-0.101883,-0.501906
0.879519,-0.243833,0.468978;0.86049,0.00682953,-0.0998601,-0.499538
0.878271,-0.233013,0.470863;0.862054,0.0113364,-0.0978343,-0.497154
0.877046,-0.222297,0.47273;0.86359,0.0158428,-0.0958054,-0.494754
0.875844,-0.211685,0.474579;0.865099,0.0203488,-0.0937733,-0.492338
0.874665,-0.201177,0.47641;0.866579,0.0248541,-0.0917382,-0.489906
0.873508,-0.190771,0.478223;0.868031,0.0293586,-0.0897,-0.487458
0.872373,-0.180469,0.480017;0.869454,0.0338621,-0.087659,-0.484994
0.871261,-0.170268,0.481795;0.870849,0.0383645,-0.0856151,-0.482514
0.870171,-0.160169,0.483554;0.872216,0.0428657,-0.0835685,-0.480018
0.869102,-0.150172,0.485296;0.873555,0.0473655,-0.0815191,-0.477507
0.868056,-0.140276,0.48702;0.874865,0.0518637,-0.079467,-0.47498
0.866695,-0.127237,0.489292;0.876568,0.0578588,-0.0767269,-0.471587
0.865373,-0.114375,0.491533;0.878219,0.0638504,-0.0739824,-0.468167
0.864089,-0.101691,0.493743;0.879821,0.0698384,-0.0712336,-0.46472
0.862842,-0.0891821,0.495923;0.881371,0.0758223,-0.0684807,-0.461245
0.861634,-0.076848,0.498072;0.88287,0.0818018,-0.0657239,-0.457744
0.860463,-0.0646876,0.500192;0.884318,0.0877766,-0.0629632,-0.454217
0.859329,-0.0526999,0.502281;0.885715,0.0937464,-0.0601989,-0.450663
0.858232,-0.0408839,0.504341;0.88706,0.0997107,-0.0574311,-0.447083
0.857171,-0.0292386,0.506371;0.888355,0.105669,-0.0546599,-0.443478
0.856147,-0.017763,0.508372;0.889597,0.111622,-0.0518856,-0.439846
0.855159,-0.00645608,0.510343;0.890789,0.117568,-0.0491083,-0.43619
0.854207,0.00468315,0.512286;0.891929,0.123507,-0.0463282,-0.432508
0.853291,0.0156557,0.5142;0.893017,0.129439,-0.0435454,-0.428801
0.852409,0.0264625,0.516085;0.894054,0.135363,-0.0407601,-0.425069
0.851563,0.0371047,0.517942;0.895039,0.14128,-0.0379724,-0.421312
0.850752,0.0475832,0.51977;0.895972,0.147188,-0.0351825,-0.417532
0.849975,0.057899,0.521571;0.896853,0.153088,-0.0323906,-0.413727
0.849232,0.0680532,0.523344;0.897682,0.15898,-0.0295968,-0.409898
0.848523,0.0780466,0.525089;0.89846,0.164862,-0.0268012,-0.406045
0.847847,0.0878804,0.526806;0.899185,0.170734,-0.0240042,-0.402169
0.84705,0.0999497,0.528915;0.900019,0.178061,-0.0205059,-0.397291
0.846305,0.111773,0.530982;0.900771,0.185371,-0.0170058,-0.392377
0.84561,0.123352,0.533007;0.901442,0.192665,-0.0135042,-0.387428
0.844967,0.134689,0.53499;0.902031,0.199941,-0.0100013,-0.382444
0.844373,0.145787,0.536932;0.902539,0.207199,-0.00649751,-0.377425
0.843829,0.156646,0.538833;0.902965,0.214439,-0.00299314,-0.372372
0.843334,0.167268,0.540694;0.90331,0.221659,0.000511492,-0.367285
0.842887,0.177657,0.542516;0.903573,0.228859,0.00401608,-0.362166
0.842488,0.187813,0.544297;0.903754,0.236038,0.00752031,-0.357013
0.842137,0.197739,0.546039;0.903853,0.243196,0.0110239,-0.351828
0.841777,0.20935,0.548079;0.903865,0.251757,0.0152268,-0.345565
0.841484,0.220634,0.550063;0.903759,0.260285,0.0194277,-0.339256
0.841257,0.231597,0.551992;0.903535,0.268779,0.0236261,-0.332903
0.841094,0.242241,0.553867;0.903194,0.277237,0.0278214,-0.326507
0.840996,0.252569,0.555689;0.902735,0.28566,0.0320131,-0.320068
0.84096,0.262586,0.557459;0.902158,0.294046,0.0362007,-0.313588
0.840997,0.273882,0.559457;0.901337,0.303781,0.0410801,-0.305975
0.841117,0.284764,0.561385;0.900356,0.313462,0.0459523,-0.298309
0.841318,0.295237,0.563245;0.899216,0.323087,0.0508163,-0.29059
0.8416,0.305306,0.565036;0.897917,0.332655,0.0556714,-0.28282
0.842018,0.316326,0.567002;0.896237,0.343518,0.0612079,-0.273878
0.842537,0.326833,0.568882;0.894349,0.354301,0.0667302,-0.264872
0.843154,0.336836,0.570678;0.892255,0.365003,0.0722371,-0.255806
0.843963,0.347497,0.572599;0.889652,0.37694,0.0784123,-0.245535
0.844892,0.357541,0.574418;0.886788,0.388768,0.0845645,-0.235193
0.846059,0.367991,0.576321;0.883302,0.401776,0.0913712,-0.22362
0.847503,0.378642,0.578275;0.879098,0.415916,0.0988202,-0.210797
0.849109,0.388428,0.580087;0.874509,0.429875,0.106226,-0.197882
0.851039,0.398142,0.581906;0.869067,0.444888,0.114252,-0.183695
0.853517,0.408243,0.583827;0.862146,0.46211,0.12354,-0.167022
0.85643,0.417638,0.585653;0.854053,0.480198,0.133394,-0.149027
0.860256,0.427037,0.587542;0.843425,0.501387,0.145076,-0.127275
0.865391,0.435873,0.589427;0.829094,0.526484,0.15912,-0.100489
0.872318,0.442961,0.591146;0.809526,0.556022,0.175974,-0.0673793
0.881607,0.446427,0.59244;0.782718,0.590126,0.195939,-0.02668
0.891657,0.444705,0.592945;0.752829,0.621906,0.215132,0.0141243
0.90067,0.439594,0.592836;0.725139,0.646956,0.230756,0.048709
0.908337,0.433147,0.592426;0.700852,0.666164,0.243103,0.0770189
0.915498,0.425663,0.591831;0.677506,0.68259,0.253971,0.10274
0.922075,0.417702,0.591137;0.655451,0.696514,0.263455,0.125871
0.928366,0.409218,0.590361;0.633767,0.708868,0.272122,0.147634
0.934284,0.400531,0.589545;0.618792,0.716001,0.278281,0.164314
0.939721,0.391987,0.588734;0.64097,0.69955,0.273553,0.157976
0.945157,0.382921,0.587867;0.662619,0.682522,0.268599,0.151508
0.950196,0.374061,0.587017;0.682232,0.666206,0.263801,0.145389
0.955219,0.364795,0.586128;0.701361,0.649416,0.258815,0.139168
0.959835,0.355901,0.585277;0.718575,0.633507,0.254049,0.133337
0.964427,0.346697,0.584399;0.735354,0.617214,0.249128,0.127425
0.968987,0.337201,0.583499;0.751687,0.600546,0.244057,0.121436
0.973511,0.327428,0.582579;0.767564,0.583515,0.238838,0.115373
0.977622,0.318241,0.581722;0.78171,0.567592,0.233927,0.109754
0.981692,0.308849,0.580853;0.795458,0.551381,0.228896,0.104079
0.985719,0.299264,0.579976;0.808801,0.534888,0.223749,0.0983511
0.989697,0.289501,0.579093;0.821731,0.518123,0.218488,0.0925731
0.993622,0.279571,0.578207;0.834243,0.501093,0.213116,0.0867479
0.99749,0.269489,0.57732;0.84633,0.483809,0.207635,0.0808785
1.0013,0.259266,0.576434;0.857986,0.466278,0.202048,0.074968
1.0047,0.249861,0.575633;0.868204,0.450135,0.19688,0.0695615
1.00805,0.240361,0.574838;0.878056,0.433802,0.191629,0.0641258
1.01133,0.230775,0.57405;0.887538,0.417287,0.186298,0.0586631
1.01455,0.221113,0.573271;0.896647,0.400595,0.180887,0.0531756
1.0177,0.211385,0.572503;0.905378,0.383736,0.175401,0.0476658
1.02079,0.2016,0.571749;0.913728,0.366714,0.169841,0.042136
1.0238,0.191768,0.57101;0.921694,0.349539,0.16421,0.0365884
1.02673,0.181899,0.570288;0.929271,0.332216,0.158509,0.0310254
1.02958,0.172003,0.569585;0.936458,0.314753,0.152741,0.0254493
1.03234,0.162089,0.568903;0.94325,0.297158,0.14691,0.0198625
1.03502,0.152167,0.568244;0.949645,0.279438,0.141016,0.0142674
1.03761,0.142247,0.567609;0.95564,0.2616,0.135063,0.00866625
1.04011,0.132339,0.567002;0.961233,0.243652,0.129053,0.00306146
1.0425,0.122452,0.566423;0.966422,0.225602,0.122989,-0.00254462
1.0448,0.112595,0.565874;0.971203,0.207456,0.116873,-0.00814963
1.047,0.10278,0.565358;0.975576,0.189223,0.110708,-0.0137512
1.04929,0.0920416,0.56483;0.979912,0.169076,0.103873,-0.0199062
1.05145,0.0813772,0.564347;0.983749,0.148842,0.0969849,-0.026051
1.05346,0.0707998,0.56391;0.987084,0.128532,0.0900473,-0.0321825
1.05534,0.0603224,0.563523;0.989917,0.108157,0.0830638,-0.0382977
1.05707,0.0499578,0.563187;0.992246,0.0877266,0.076038,-0.0443934
1.05865,0.039719,0.562906;0.994069,0.0672516,0.0689735,-0.0504664
1.06008,0.029619,0.562682;0.995386,0.0467424,0.0618739,-0.0565137
1.06134,0.0196707,0.562518;0.996196,0.0262094,0.0547427,-0.0625323
1.06253,0.00900633,0.56241;0.996501,0.00379489,0.0469316,-0.0690616
1.06353,-0.00144524,0.562379;0.996201,-0.0186219,0.0390921,-0.075549
1.06431,-0.0116672,0.562428;0.995298,-0.0410275,0.0312288,-0.0819906
1.06492,-0.0224623,0.562577;0.993639,-0.0652716,0.0226891,-0.0889128
1.06528,-0.0329469,0.562829;0.991274,-0.0894694,0.0141332,-0.0957717
1.06537,-0.0430994,0.563187;0.988203,-0.113603,0.00556728,-0.102563
1.06516,-0.0536371,0.563698;0.984109,-0.139503,-0.00366183,-0.109794
1.06464,-0.0637383,0.564343;0.979204,-0.165288,-0.0128879,-0.116935
1.0637,-0.0740463,0.565189;0.973052,-0.192762,-0.022761,-0.124479
1.06232,-0.08413,0.566242;0.968403,-0.208277,-0.0325138,-0.133263
1.06043,-0.0939957,0.567535;0.971477,-0.18234,-0.0411839,-0.145907
1.05791,-0.103857,0.569139;0.97379,-0.154223,-0.0504786,-0.159375
1.0547,-0.113555,0.571084;0.975119,-0.123916,-0.0603772,-0.173615
1.05074,-0.122923,0.5734;0.975224,-0.0914222,-0.0708543,-0.188571
1.046,-0.131788,0.576112;0.973852,-0.0567598,-0.0818779,-0.204174
1.04043,-0.139969,0.579239;0.970734,-0.0199624,-0.0934097,-0.220346
1.03405,-0.147284,0.582796;0.965591,0.018916,-0.105404,-0.236995
1.02688,-0.153543,0.586786;0.958134,0.0597991,-0.117805,-0.254018
1.01895,-0.158556,0.591208;0.948067,0.102585,-0.130551,-0.271298
1.01075,-0.162001,0.595822;0.93573,0.145126,-0.142985,-0.287929
1.00201,-0.163966,0.600813;0.920405,0.189318,-0.155643,-0.304612
0.993247,-0.164284,0.605914;0.902663,0.233013,-0.167892,-0.320495
0.984621,-0.162993,0.611075;0.88255,0.276095,-0.179701,-0.335537
0.976277,-0.160129,0.616243;0.860119,0.318453,-0.191037,-0.349697
0.96836,-0.15573,0.621366;0.835429,0.359974,-0.201872,-0.362939
0.961338,-0.150132,0.626169;0.809814,0.398728,-0.21172,-0.37469
0.955254,-0.143562,0.63062;0.783615,0.434751,-0.220628,-0.385048
0.949872,-0.13581,0.634912;0.755716,0.469829,-0.229058,-0.394571
0.94551,-0.127378,0.638808;0.727692,0.502211,-0.236605,-0.402824
0.94214,-0.118451,0.642304;0.699826,0.531981,-0.243329,-0.409915
0.939712,-0.1092,0.645406;0.672378,0.55924,-0.249286,-0.415951
0.938087,-0.0991706,0.64829;0.643875,0.585621,-0.254852,-0.421335
0.937352,-0.089035,0.650784;0.616126,0.609613,-0.259725,-0.425798
0.937406,-0.0791033,0.652876;0.594536,0.630022,-0.260733,-0.426166
0.938179,-0.0686177,0.654764;0.596133,0.645086,-0.24568,-0.410037
0.939467,-0.058598,0.656319;0.597223,0.658489,-0.231726,-0.394994
0.941251,-0.048251,0.657712;0.597953,0.671495,-0.217633,-0.379713
0.943473,-0.0376374,0.658953;0.598324,0.684098,-0.203409,-0.364203
0.945825,-0.0278087,0.659956;0.598348,0.695197,-0.190372,-0.349913
0.94845,-0.0178559,0.660845;0.598074,0.705951,-0.17724,-0.335449
0.951305,-0.00782477,0.661628;0.597504,0.716354,-0.16402,-0.320818
0.954346,0.00223894,0.662309;0.596635,0.7264,-0.150718,-0.306028
0.957531,0.0122894,0.662895;0.595471,0.736085,-0.137341,-0.291085
0.960817,0.022281,0.663393;0.59401,0.745404,-0.123896,-0.275998
0.964161,0.0321678,0.663807;0.592253,0.754352,-0.110389,-0.260773
0.967521,0.041904,0.664145;0.590202,0.762925,-0.0968275,-0.245419
0.970853,0.051444,0.664412;0.587858,0.771119,-0.0832177,-0.229943
0.974436,0.0616566,0.664631;0.584941,0.779689,-0.0681994,-0.212787
0.977877,0.0715155,0.66478;0.581672,0.787789,-0.05314,-0.195503
0.981401,0.0817954,0.664872;0.577707,0.796086,-0.0366755,-0.176514
0.984615,0.0915027,0.664901;0.573328,0.803811,-0.0201846,-0.157398
0.98766,0.101281,0.664874;0.568122,0.811531,-0.00230365,-0.136563
0.990489,0.111482,0.664782;0.56152,0.819591,0.0183297,-0.112381
0.992634,0.121455,0.664626;0.55328,0.827616,0.0416882,-0.0848239
0.993407,0.131502,0.664388;0.541437,0.836234,0.0718229,-0.0489867
0.988677,0.139795,0.664072;0.519261,0.845987,0.120728,0.00987066
0.978753,0.138074,0.664044;0.499693,0.849807,0.158244,0.0556241
0.96962,0.133069,0.664183;0.486856,0.85051,0.18073,0.0833085
0.960889,0.127049,0.664391;0.476567,0.850223,0.197751,0.1044
0.952243,0.12039,0.664648;0.467547,0.849422,0.212025,0.122179
0.944484,0.114011,0.664911;0.461447,0.848556,0.221681,0.133705
0.936514,0.107161,0.665206;0.46983,0.848919,0.212597,0.115754
0.928642,0.100155,0.665513;0.477318,0.848897,0.204181,0.0992502
0.921052,0.0932041,0.665818;0.48396,0.848584,0.19646,0.0842122
0.91308,0.0857164,0.666144;0.490442,0.84799,0.188673,0.0691465
0.905605,0.0785336,0.666451;0.496138,0.847217,0.181612,0.0555677
0.897867,0.0709438,0.666768;0.501701,0.846217,0.174503,0.0419741
0.890787,0.0638662,0.667056;0.506534,0.845138,0.168144,0.0298813
0.883532,0.0564864,0.667349;0.511259,0.843881,0.16175,0.0177822
0.87612,0.0488136,0.667643;0.515877,0.842445,0.155321,0.00567933
0.868565,0.040857,0.667937;0.520385,0.840832,0.14886,-0.00642471
0.860882,0.0326256,0.668229;0.524784,0.839041,0.142367,-0.0185274
0.854068,0.025205,0.66848;0.528542,0.837329,0.136661,-0.0291141
0.84718,0.0175872,0.668727;0.532215,0.835481,0.130934,-0.0396962
0.840227,0.00977825,0.668968;0.535801,0.833498,0.125184,-0.0502718
0.83322,0.00178437,0.669201;0.539301,0.83138,0.119415,-0.0608392
0.82617,-0.00638834,0.669426;0.542713,0.829128,0.113626,-0.0713969
0.819087,-0.0147338,0.66964;0.546038,0.826742,0.107819,-0.081943
0.811981,-0.0232458,0.669843;0.549275,0.824222,0.101995,-0.0924758
0.804864,-0.0319182,0.670033;0.552423,0.821569,0.096154,-0.102994
0.797745,-0.040745,0.670209;0.555481,0.818783,0.0902975,-0.113495
0.790635,-0.0497201,0.670369;0.55845,0.815865,0.0844264,-0.123978
0.783545,-0.0588372,0.670511;0.561328,0.812815,0.0785417,-0.134441
0.776485,-0.0680902,0.670636;0.564116,0.809633,0.0726442,-0.144882
0.770465,-0.076125,0.670727;0.566433,0.806802,0.0675799,-0.153813
0.764481,-0.0842513,0.670802;0.568682,0.803874,0.0625076,-0.162725
0.758541,-0.0924653,0.670861;0.570864,0.800852,0.0574278,-0.171619
0.75265,-0.100763,0.670903;0.572978,0.797734,0.0523412,-0.180492
0.746815,-0.109141,0.670927;0.575024,0.794521,0.0472483,-0.189343
0.741042,-0.117595,0.670932;0.577002,0.791214,0.0421499,-0.198172
0.735339,-0.126121,0.670918;0.578911,0.787813,0.0370464,-0.206978
0.729712,-0.134715,0.670883;0.580751,0.784319,0.0319386,-0.215759
0.724168,-0.143374,0.670826;0.582523,0.780731,0.0268269,-0.224514
0.718713,-0.152094,0.670747;0.584225,0.777051,0.0217121,-0.233242
0.713353,-0.160871,0.670644;0.585858,0.773278,0.0165947,-0.241943
0.708096,-0.1697,0.670518;0.587421,0.769413,0.0114753,-0.250615
0.702947,-0.178579,0.670367;0.588915,0.765457,0.00635458,-0.259258
0.697914,-0.187503,0.67019;0.590338,0.76141,0.00123308,-0.267869
0.693003,-0.196468,0.669986;0.591692,0.757273,-0.00388857,-0.276449
0.688221,-0.205471,0.669755;0.592975,0.753045,-0.00900975,-0.284996
0.683575,-0.214507,0.669495;0.594187,0.748728,-0.0141299,-0.293509
0.67907,-0.223574,0.669206;0.595329,0.744323,-0.0192483,-0.301987
0.674713,-0.232666,0.668887;0.596401,0.739828,-0.0243644,-0.31043
0.670512,-0.24178,0.668537;0.597401,0.735246,-0.0294777,-0.318835
0.665815,-0.252436,0.668088;0.598479,0.72979,-0.0354387,-0.328593
0.661349,-0.263111,0.667595;0.599459,0.724216,-0.041394,-0.338299
0.657124,-0.273799,0.667055;0.600343,0.718525,-0.0473425,-0.347949
0.653151,-0.284493,0.666468;0.60113,0.712717,-0.0532834,-0.357543
0.649439,-0.295187,0.665832;0.60182,0.706795,-0.0592157,-0.36708
0.646,-0.305876,0.665146;0.602412,0.700758,-0.0651385,-0.376557
0.642844,-0.316553,0.664408;0.602907,0.694608,-0.0710507,-0.385973
0.639982,-0.327211,0.663617;0.603304,0.688345,-0.0769514,-0.395327
0.637423,-0.337846,0.662772;0.603604,0.681971,-0.0828396,-0.404617
0.635179,-0.34845,0.661872;0.603806,0.675487,-0.0887145,-0.413842
0.633259,-0.359018,0.660914;0.603911,0.668894,-0.094575,-0.422999
0.631675,-0.369543,0.659897;0.603918,0.662192,-0.10042,-0.432088
0.630437,-0.38002,0.658821;0.603827,0.655384,-0.106249,-0.441108
0.629555,-0.390441,0.657683;0.603639,0.648469,-0.112061,-0.450056
0.62904,-0.400802,0.656483;0.603353,0.64145,-0.117855,-0.458931
0.628902,-0.411096,0.655219;0.602969,0.634327,-0.123629,-0.467732
0.629152,-0.421317,0.65389;0.602488,0.627101,-0.129384,-0.476457
0.6298,-0.431458,0.652494;0.60191,0.619774,-0.135118,-0.485106
0.630857,-0.441514,0.65103;0.601234,0.612347,-0.14083,-0.493676
0.632333,-0.451479,0.649496;0.600461,0.604821,-0.146519,-0.502166
0.634239,-0.461346,0.647892;0.599591,0.597196,-0.152184,-0.510575
0.636585,-0.471109,0.646215;0.598624,0.589476,-0.157825,-0.518901
0.639382,-0.480762,0.644465;0.597561,0.58166,-0.16344,-0.527144
0.642639,-0.490299,0.642639;0.5964,0.57375,-0.169029,-0.535301
0.646368,-0.499714,0.640738;0.595143,0.565747,-0.174591,-0.543371
0.650579,-0.509001,0.638759;0.59379,0.557653,-0.180124,-0.551354
0.655283,-0.518153,0.6367;0.592341,0.549469,-0.185628,-0.559248
0.66049,-0.527165,0.634562;0.590796,0.541195,-0.191102,-0.567051
0.66621,-0.53603,0.632341;0.589156,0.532835,-0.196546,-0.574763
0.672455,-0.544743,0.630037;0.58742,0.524388,-0.201957,-0.582381
0.679233,-0.553296,0.627649;0.58559,0.515856,-0.207336,-0.589906
0.686557,-0.561685,0.625174;0.583665,0.507241,-0.212681,-0.597335
