0.899027,-0.305488,0.703299;0.724206,-0.403797,-0.164781,-0.534155
0.894298,-0.295713,0.697645;0.727401,-0.397135,-0.165542,-0.534572
0.889661,-0.286062,0.692038;0.730556,-0.39045,-0.166294,-0.53496
0.885116,-0.276533,0.686477;0.733671,-0.383745,-0.167037,-0.535318
0.880663,-0.267125,0.680963;0.736745,-0.377018,-0.167771,-0.535647
0.876299,-0.257838,0.675495;0.739778,-0.37027,-0.168495,-0.535946
0.872025,-0.248672,0.670073;0.74277,-0.363501,-0.16921,-0.536215
0.86784,-0.239625,0.664697;0.745722,-0.356713,-0.169916,-0.536455
0.863743,-0.230698,0.659367;0.748631,-0.349905,-0.170612,-0.536665
0.859733,-0.22189,0.654082;0.7515,-0.343077,-0.171299,-0.536845
0.85581,-0.213199,0.648843;0.754327,-0.33623,-0.171977,-0.536996
0.851972,-0.204627,0.64365;0.757112,-0.329365,-0.172644,-0.537116
0.84822,-0.196172,0.638501;0.759855,-0.322482,-0.173303,-0.537207
0.844552,-0.187833,0.633398;0.762556,-0.31558,-0.173951,-0.537269
0.840968,-0.179611,0.62834;0.765215,-0.308662,-0.17459,-0.5373
0.837467,-0.171504,0.623326;0.767832,-0.301726,-0.17522,-0.537302
0.834048,-0.163511,0.618358;0.770406,-0.294773,-0.17584,-0.537274
0.829888,-0.153682,0.61221;0.773564,-0.28606,-0.176601,-0.537198
0.825855,-0.144031,0.606131;0.776655,-0.277321,-0.177346,-0.537074
0.821946,-0.134556,0.600121;0.779678,-0.268559,-0.178077,-0.536905
0.81816,-0.125257,0.59418;0.782634,-0.259773,-0.178792,-0.536689
0.814496,-0.116132,0.588308;0.785523,-0.250965,-0.179491,-0.536426
0.810951,-0.107181,0.582504;0.788343,-0.242136,-0.180175,-0.536118
0.807526,-0.0984024,0.576768;0.791096,-0.233285,-0.180843,-0.535762
0.804218,-0.089795,0.571099;0.79378,-0.224414,-0.181496,-0.535361
0.801025,-0.0813579,0.565498;0.796395,-0.215524,-0.182133,-0.534913
0.797947,-0.07309,0.559965;0.798941,-0.206615,-0.182754,-0.534419
0.794982,-0.0649903,0.554498;0.801419,-0.197688,-0.18336,-0.533879
0.792129,-0.0570576,0.549098;0.803827,-0.188745,-0.183949,-0.533292
0.78885,-0.0477575,0.542706;0.806625,-0.17799,-0.184636,-0.532527
0.785728,-0.0386947,0.536408;0.809322,-0.167214,-0.1853,-0.531696
0.782759,-0.0298672,0.530205;0.811919,-0.156417,-0.18594,-0.530799
0.779941,-0.0212732,0.524097;0.814414,-0.145601,-0.186557,-0.529836
0.777272,-0.012911,0.518082;0.816808,-0.134766,-0.187151,-0.528807
0.77475,-0.00477864,0.51216;0.819101,-0.123914,-0.187722,-0.527712
0.772371,0.0031257,0.506332;0.821291,-0.113048,-0.18827,-0.526551
0.769774,0.0120617,0.499648;0.823717,-0.100352,-0.188879,-0.525114
0.767366,0.0206927,0.493089;0.826004,-0.087639,-0.189456,-0.523587
0.765142,0.0290217,0.486655;0.82815,-0.0749114,-0.190001,-0.521972
0.763099,0.0370516,0.480343;0.830156,-0.0621711,-0.190513,-0.520269
0.761233,0.0447854,0.474155;0.832022,-0.0494203,-0.190994,-0.518477
0.759311,0.053265,0.467231;0.833981,-0.0348377,-0.191503,-0.516322
0.757609,0.0613661,0.460466;0.835756,-0.0202475,-0.19197,-0.514053
0.756121,0.0690928,0.453858;0.837345,-0.00565277,-0.192394,-0.51167
0.754695,0.0773434,0.44661;0.838912,0.0107676,-0.192821,-0.508853
0.753525,0.085132,0.439557;0.840243,0.027185,-0.193193,-0.505894
0.752601,0.0924648,0.432699;0.841339,0.0435948,-0.193512,-0.502793
0.751854,0.100085,0.425305;0.842281,0.0618133,-0.193802,-0.499182
0.75139,0.10716,0.418146;0.842931,0.0800105,-0.194025,-0.495399
0.751192,0.11432,0.41054;0.843309,0.0999951,-0.194193,-0.49104
0.751334,0.121403,0.402562;0.843319,0.121749,-0.194284,-0.486049
0.751885,0.128233,0.39429;0.842856,0.145246,-0.194273,-0.48037
0.752912,0.134631,0.385808;0.841806,0.170456,-0.194134,-0.47394
0.754479,0.14041,0.377204;0.840048,0.197337,-0.193839,-0.466695
0.756638,0.145377,0.36857;0.837452,0.225841,-0.193358,-0.458566
0.759612,0.149532,0.359516;0.833645,0.257668,-0.192612,-0.448936
0.763515,0.152428,0.350261;0.82832,0.29269,-0.19153,-0.437646
0.768195,0.15359,0.341436;0.821496,0.329027,-0.19011,-0.42514
0.77388,0.152747,0.332797;0.812584,0.368247,-0.188221,-0.4107
0.780016,0.149794,0.325205;0.802185,0.406793,-0.185987,-0.395509
0.786182,0.145085,0.318896;0.799816,0.41487,-0.18655,-0.391632
0.792416,0.138743,0.313598;0.809833,0.379444,-0.19139,-0.404428
0.79845,0.13117,0.309377;0.818192,0.345246,-0.195715,-0.416008
0.803897,0.123138,0.306264;0.824706,0.314239,-0.199354,-0.425878
0.80903,0.114514,0.303905;0.829997,0.284735,-0.202576,-0.434734
0.813821,0.105507,0.302191;0.834214,0.25682,-0.205415,-0.442646
0.818251,0.0963086,0.301024;0.837496,0.230564,-0.207904,-0.449685
0.82231,0.0870916,0.300311;0.839977,0.206027,-0.210075,-0.455917
0.826298,0.0772337,0.299953;0.84191,0.181355,-0.212109,-0.461852
0.829904,0.0675731,0.299937;0.843208,0.158477,-0.213863,-0.467063
0.833423,0.0573811,0.300221;0.844038,0.13551,-0.215499,-0.472015
0.836561,0.0475777,0.300742;0.844386,0.11439,-0.216893,-0.476323
0.839606,0.0373392,0.301512;0.844341,0.0932175,-0.218186,-0.48041
0.842284,0.0276586,0.302428;0.843958,0.0739316,-0.219274,-0.48393
0.844868,0.017627,0.303547;0.843249,0.0546171,-0.220276,-0.487264
0.847352,0.00724851,0.30487;0.842215,0.0352815,-0.221194,-0.49041
0.849727,-0.00347273,0.306394;0.840856,0.0159323,-0.222026,-0.493367
0.851765,-0.0134115,0.307938;0.839356,-0.00148737,-0.222702,-0.495866
0.853704,-0.0236216,0.309644;0.837594,-0.0189066,-0.223309,-0.498209
0.855538,-0.0341001,0.311512;0.83557,-0.03632,-0.223845,-0.500397
0.857261,-0.0448439,0.31354;0.833285,-0.053722,-0.224312,-0.502429
0.858696,-0.0546143,0.315478;0.831035,-0.0691765,-0.224668,-0.504103
0.860035,-0.0645899,0.317541;0.82858,-0.0846139,-0.224969,-0.505653
0.861274,-0.0747686,0.319731;0.825921,-0.10003,-0.225214,-0.507078
0.86241,-0.0851483,0.322045;0.823057,-0.115422,-0.225403,-0.508377
0.86344,-0.0957269,0.324484;0.819991,-0.130786,-0.225537,-0.509552
0.864358,-0.106502,0.327047;0.816722,-0.146117,-0.225615,-0.5106
0.865161,-0.117472,0.329734;0.813252,-0.161412,-0.225638,-0.511523
0.865766,-0.127229,0.332186;0.81005,-0.174762,-0.225612,-0.512226
0.866278,-0.137132,0.334732;0.806696,-0.18808,-0.225543,-0.512833
0.866694,-0.14718,0.337372;0.803189,-0.201362,-0.225432,-0.513343
0.867011,-0.157371,0.340105;0.799531,-0.214606,-0.225278,-0.513756
0.867227,-0.167704,0.342932;0.795721,-0.227809,-0.225081,-0.514072
0.867339,-0.178177,0.345851;0.791761,-0.24097,-0.224842,-0.51429
0.867345,-0.188789,0.348862;0.787651,-0.254085,-0.224561,-0.514412
0.867241,-0.199539,0.351966;0.783392,-0.267151,-0.224237,-0.514436
0.867026,-0.210425,0.355161;0.778986,-0.280168,-0.22387,-0.514363
0.866697,-0.221446,0.358448;0.774432,-0.293131,-0.223462,-0.514193
0.866251,-0.2326,0.361826;0.769732,-0.306039,-0.223011,-0.513925
0.865773,-0.242266,0.364793;0.765587,-0.317057,-0.222591,-0.513619
0.865206,-0.252028,0.367828;0.761336,-0.328031,-0.22214,-0.513241
0.864549,-0.261886,0.370928;0.75698,-0.33896,-0.221658,-0.512792
0.863798,-0.271837,0.374095;0.752518,-0.349841,-0.221146,-0.512272
0.862953,-0.281882,0.377327;0.747952,-0.360674,-0.220603,-0.51168
0.862013,-0.29202,0.380626;0.743282,-0.371457,-0.220029,-0.511018
0.860975,-0.302249,0.383989;0.738509,-0.382188,-0.219424,-0.510284
0.859893,-0.312085,0.387257;0.734255,-0.393959,-0.217252,-0.508397
0.858746,-0.321791,0.390512;0.73126,-0.410967,-0.209541,-0.502452
0.857516,-0.331565,0.39382;0.727977,-0.427814,-0.201748,-0.496309
0.856206,-0.341401,0.397178;0.724408,-0.444493,-0.193875,-0.489971
0.854818,-0.351289,0.400581;0.720554,-0.460997,-0.185927,-0.48344
0.853356,-0.361223,0.404028;0.716417,-0.47732,-0.177905,-0.47672
0.851822,-0.371194,0.407516;0.711999,-0.493455,-0.169813,-0.469812
0.850221,-0.381194,0.411039;0.7073,-0.509397,-0.161655,-0.462719
0.848555,-0.391216,0.414597;0.702324,-0.525138,-0.153433,-0.455445
0.846828,-0.401251,0.418184;0.697071,-0.540672,-0.145151,-0.447992
0.845042,-0.411292,0.421799;0.691545,-0.555995,-0.136812,-0.440362
0.8432,-0.42133,0.425437;0.685746,-0.571098,-0.128419,-0.432559
0.841306,-0.431358,0.429096;0.679678,-0.585977,-0.119975,-0.424587
0.839363,-0.441369,0.432773;0.673343,-0.600626,-0.111484,-0.416447
0.837374,-0.451353,0.436463;0.666744,-0.615039,-0.10295,-0.408144
0.835342,-0.461303,0.440165;0.659882,-0.62921,-0.0943749,-0.39968
0.83327,-0.471211,0.443874;0.652761,-0.643133,-0.0857628,-0.391059
0.831161,-0.48107,0.447588;0.645383,-0.656804,-0.077117,-0.382285
0.829019,-0.490871,0.451304;0.637752,-0.670217,-0.0684409,-0.37336
0.826846,-0.500606,0.455017;0.62987,-0.683366,-0.0597379,-0.364289
0.824647,-0.510268,0.458725;0.62174,-0.696247,-0.0510115,-0.355074
0.822423,-0.519849,0.462425;0.613366,-0.708854,-0.042265,-0.34572
0.820178,-0.529341,0.466114;0.604751,-0.721182,-0.0335018,-0.33623
0.817915,-0.538735,0.469787;0.595898,-0.733227,-0.0247255,-0.326607
0.815637,-0.548024,0.473443;0.586811,-0.744984,-0.0159395,-0.316857
0.813348,-0.5572,0.477077;0.577493,-0.756448,-0.00714721,-0.306981
0.81105,-0.566256,0.480687;0.567949,-0.767614,0.00164789,-0.296985
0.80849,-0.576166,0.484665;0.557082,-0.779667,0.0114193,-0.285742
0.805929,-0.585907,0.488605;0.545945,-0.791342,0.0211852,-0.27436
0.803369,-0.595467,0.492502;0.534542,-0.802633,0.0309408,-0.262845
0.800815,-0.604835,0.496352;0.522881,-0.813534,0.0406814,-0.251202
0.798272,-0.614001,0.500149;0.510966,-0.824041,0.0504022,-0.239438
0.795744,-0.622954,0.503891;0.498802,-0.834147,0.0600986,-0.227557
0.792985,-0.632543,0.507936;0.485144,-0.844797,0.0707307,-0.214361
0.790255,-0.641846,0.511902;0.4712,-0.854951,0.0813214,-0.201039
0.787559,-0.65085,0.515783;0.456979,-0.864602,0.0918643,-0.187599
0.784665,-0.660313,0.519913;0.441161,-0.874552,0.103304,-0.172812
0.781825,-0.669383,0.523927;0.425033,-0.883891,0.114671,-0.157904
0.778821,-0.678745,0.528136;0.407228,-0.893311,0.126895,-0.14163
0.775899,-0.687599,0.53219;0.389088,-0.901998,0.139015,-0.125239
0.772856,-0.69654,0.536371;0.369196,-0.910526,0.15194,-0.107473
0.769728,-0.705404,0.540626;0.347495,-0.918702,0.165627,-0.0883252
0.766558,-0.714,0.544892;0.323929,-0.926318,0.180026,-0.067795
0.76322,-0.722559,0.549331;0.296937,-0.933509,0.195958,-0.0445992
0.759661,-0.730974,0.553995;0.264861,-0.940044,0.214154,-0.0174514
0.755815,-0.738907,0.558945;0.224369,-0.945346,0.236043,0.0162056
0.751089,-0.745453,0.564824;0.157464,-0.947359,0.269736,0.0704144
0.748059,-0.738645,0.568088;0.0514746,-0.934514,0.317235,0.152956
0.748652,-0.728298,0.566984;0.00371656,-0.922582,0.336386,0.188871
0.74984,-0.718333,0.56522;-0.0292406,-0.912157,0.348798,0.2132
0.751275,-0.70863,0.563192;-0.0555685,-0.902541,0.358241,0.232367
0.752899,-0.698841,0.560953;-0.0785499,-0.893207,0.366139,0.248903
0.754726,-0.688637,0.558473;-0.0998234,-0.883779,0.373162,0.264046
0.756693,-0.678244,0.555834;-0.119388,-0.874433,0.379372,0.277832
0.758578,-0.668681,0.553326;-0.114939,-0.875826,0.377413,0.277988
0.760629,-0.658588,0.550615;-0.106757,-0.878858,0.37417,0.276058
0.762864,-0.647866,0.547677;-0.0985657,-0.881811,0.370893,0.274102
0.764922,-0.63819,0.544985;-0.0915373,-0.884279,0.368057,0.272407
0.767106,-0.62808,0.542139;-0.0845028,-0.886688,0.365197,0.270693
0.769414,-0.617551,0.539143;-0.0774627,-0.889038,0.362313,0.268961
0.77184,-0.606616,0.536003;-0.0704175,-0.891329,0.359404,0.267212
0.77395,-0.597202,0.53328;-0.0645429,-0.893193,0.356963,0.26574
0.776139,-0.587524,0.530464;-0.0586653,-0.895016,0.354504,0.264256
0.778402,-0.577589,0.527558;-0.052785,-0.896798,0.35203,0.262761
0.78074,-0.567405,0.524565;-0.0469023,-0.898538,0.349539,0.261252
0.783148,-0.55698,0.521488;-0.0410174,-0.900237,0.347032,0.259732
0.785626,-0.546321,0.51833;-0.0351306,-0.901894,0.344508,0.2582
0.788171,-0.535438,0.515094;-0.0292422,-0.903509,0.34197,0.256656
0.79078,-0.524336,0.511783;-0.0233524,-0.905083,0.339415,0.2551
0.793452,-0.513025,0.508401;-0.0174616,-0.906616,0.336844,0.253533
0.796184,-0.501512,0.504951;-0.01157,-0.908106,0.334259,0.251953
0.798412,-0.492162,0.502143;-0.00685626,-0.909268,0.332179,0.250682
0.800675,-0.482692,0.499295;-0.00214235,-0.910404,0.330089,0.249402
0.802974,-0.473106,0.496408;0.00257162,-0.911512,0.32799,0.248116
0.805306,-0.463407,0.493484;0.00728551,-0.912594,0.325881,0.246822
0.807671,-0.453601,0.490525;0.0119992,-0.913649,0.323762,0.245521
0.810067,-0.443691,0.487532;0.0167125,-0.914676,0.321634,0.244212
0.812494,-0.433681,0.484506;0.0214254,-0.915677,0.319496,0.242897
0.81495,-0.423575,0.481449;0.0261376,-0.916651,0.317349,0.241574
0.817435,-0.413377,0.478364;0.030849,-0.917597,0.315193,0.240244
0.819946,-0.403091,0.47525;0.0355595,-0.918517,0.313027,0.238907
0.822483,-0.392722,0.472111;0.040269,-0.919409,0.310852,0.237563
0.825045,-0.382273,0.468947;0.0449773,-0.920275,0.308667,0.236212
0.82763,-0.371748,0.46576;0.0496842,-0.921113,0.306474,0.234854
0.830238,-0.361152,0.462552;0.0543897,-0.921924,0.304272,0.233489
0.832868,-0.350488,0.459324;0.0590936,-0.922708,0.30206,0.232117
0.835517,-0.33976,0.456078;0.0637957,-0.923464,0.29984,0.230738
0.838186,-0.328973,0.452816;0.068496,-0.924193,0.297611,0.229353
0.840872,-0.31813,0.449538;0.0731942,-0.924895,0.295373,0.22796
0.843576,-0.307236,0.446248;0.0778903,-0.92557,0.293126,0.226561
0.846295,-0.296294,0.442945;0.0825841,-0.926217,0.290871,0.225156
0.849029,-0.285309,0.439632;0.0872754,-0.926837,0.288607,0.223743
0.851776,-0.274284,0.43631;0.0919642,-0.92743,0.286335,0.222324
0.854536,-0.263224,0.432982;0.0966502,-0.927996,0.284054,0.220899
0.857307,-0.252133,0.429648;0.101333,-0.928533,0.281765,0.219467
0.860088,-0.241014,0.42631;0.106014,-0.929044,0.279467,0.218028
0.862878,-0.229872,0.42297;0.110691,-0.929527,0.277162,0.216583
0.865675,-0.218711,0.419629;0.115365,-0.929983,0.274848,0.215132
0.86848,-0.207535,0.416288;0.120035,-0.930411,0.272526,0.213674
0.87129,-0.196347,0.412951;0.124702,-0.930812,0.270196,0.21221
0.874104,-0.185152,0.409617;0.129365,-0.931185,0.267857,0.21074
0.876922,-0.173954,0.406289;0.134024,-0.931531,0.265511,0.209264
0.879741,-0.162757,0.402968;0.13868,-0.931849,0.263158,0.207781
0.882562,-0.151565,0.399656;0.143331,-0.93214,0.260796,0.206292
0.885383,-0.140382,0.396354;0.147978,-0.932403,0.258427,0.204797
0.888203,-0.129212,0.393064;0.152621,-0.932639,0.25605,0.203296
0.89102,-0.118059,0.389787;0.157259,-0.932848,0.253665,0.201789
0.893834,-0.106928,0.386526;0.161893,-0.933028,0.251273,0.200276
0.896643,-0.0958208,0.383281;0.166521,-0.933181,0.248874,0.198758
0.899447,-0.0847431,0.380055;0.171145,-0.933307,0.246467,0.197233
0.902244,-0.0736987,0.376848;0.175764,-0.933405,0.244053,0.195703
0.905032,-0.0626914,0.373663;0.180378,-0.933476,0.241632,0.194166
0.907812,-0.0517254,0.370501;0.184986,-0.933519,0.239204,0.192624
0.910581,-0.0408046,0.367363;0.189589,-0.933534,0.236769,0.191077
0.913339,-0.0299332,0.364252;0.194186,-0.933522,0.234326,0.189523
0.916085,-0.019115,0.361168;0.198778,-0.933483,0.231877,0.187964
0.918817,-0.00835429,0.358114;0.203363,-0.933416,0.229421,0.1864
0.921534,0.00234507,0.35509;0.207943,-0.933321,0.226958,0.18483
0.924235,0.012979,0.352099;0.212517,-0.933199,0.224488,0.183255
0.92692,0.0235434,0.349143;0.217084,-0.933049,0.222012,0.181674
0.929586,0.0340344,0.346221;0.221645,-0.932871,0.219529,0.180088
0.932233,0.0444478,0.343337;0.226199,-0.932666,0.21704,0.178496
0.934859,0.0547797,0.340492;0.230747,-0.932434,0.214544,0.176899
0.937464,0.065026,0.337687;0.235287,-0.932174,0.212042,0.175297
0.940047,0.0751827,0.334925;0.239821,-0.931887,0.209534,0.17369
0.942605,0.0852456,0.332205;0.244348,-0.931572,0.20702,0.172078
0.945139,0.095211,0.329531;0.248868,-0.931229,0.204499,0.170461
0.947646,0.105075,0.326904;0.25338,-0.930859,0.201973,0.168838
0.950127,0.114832,0.324325;0.257885,-0.930462,0.19944,0.167211
0.952579,0.12448,0.321796;0.262382,-0.930037,0.196902,0.165579
0.955002,0.134015,0.319318;0.266871,-0.929585,0.194357,0.163941
0.957394,0.143431,0.316894;0.271353,-0.929105,0.191807,0.162299
0.96034,0.15503,0.31394;0.276943,-0.928467,0.188612,0.16024
0.963234,0.16643,0.311075;0.282521,-0.927786,0.185408,0.158173
0.966074,0.177624,0.308301;0.288086,-0.927062,0.182195,0.156099
0.968858,0.188604,0.305622;0.293638,-0.926296,0.178974,0.154018
0.971584,0.199362,0.30304;0.299176,-0.925486,0.175745,0.15193
0.974249,0.20989,0.30056;0.3047,-0.924634,0.172507,0.149835
0.976851,0.220181,0.298183;0.31021,-0.92374,0.169262,0.147733
0.979389,0.230226,0.295914;0.315706,-0.922803,0.166009,0.145624
0.981859,0.240017,0.293754;0.321187,-0.921823,0.162748,0.143508
0.98426,0.249547,0.291708;0.326654,-0.920801,0.15948,0.141386
0.987047,0.260627,0.289406;0.333194,-0.919518,0.155548,0.13883
0.989727,0.271306,0.287277;0.339711,-0.918174,0.151606,0.136266
0.992296,0.28157,0.285326;0.346207,-0.916769,0.147654,0.133692
0.994751,0.291406,0.283559;0.352679,-0.915304,0.143692,0.131109
0.997465,0.302321,0.281736;0.3602,-0.913517,0.139058,0.128086
1.00001,0.312613,0.280178;0.367689,-0.911647,0.134411,0.12505
1.00239,0.32226,0.278895;0.375144,-0.909696,0.129752,0.122003
1.00488,0.332467,0.277774;0.383623,-0.907365,0.124413,0.118508
1.0074,0.34287,0.27697;0.393108,-0.904614,0.118389,0.114558
1.00981,0.353032,0.276665;0.403578,-0.901399,0.111675,0.11015
1.01217,0.363201,0.27715;0.416043,-0.897322,0.103592,0.104834
1.01433,0.373143,0.279311;0.432491,-0.891515,0.0927711,0.0977024
1.01542,0.380158,0.286125;0.396739,-0.90777,0.0886173,0.103434
1.01429,0.378401,0.295754;0.361583,-0.922036,0.0849978,0.109004
1.01239,0.372801,0.304433;0.335856,-0.93149,0.082305,0.112927
1.01041,0.366283,0.311968;0.315888,-0.938272,0.0801902,0.115885
1.00828,0.358924,0.319314;0.297793,-0.944009,0.0782554,0.118502
1.00617,0.351298,0.326243;0.281616,-0.948814,0.0765113,0.120791
1.00386,0.342739,0.333505;0.265356,-0.953341,0.0747447,0.123045
1.00171,0.334553,0.340099;0.251065,-0.957073,0.0731809,0.124988
0.999464,0.325774,0.346889;0.236717,-0.960591,0.0716007,0.126902
0.997472,0.317822,0.352844;0.224377,-0.963434,0.0702334,0.128521
0.995434,0.309513,0.358904;0.211999,-0.966118,0.0688546,0.130118
0.993362,0.300883,0.365052;0.199587,-0.968644,0.0674644,0.131694
0.991269,0.291968,0.371272;0.187141,-0.971009,0.0660631,0.133248
0.989167,0.282804,0.377545;0.174665,-0.973215,0.0646509,0.13478
0.987069,0.273426,0.383853;0.16216,-0.97526,0.0632281,0.13629
0.984987,0.263871,0.390181;0.149629,-0.977144,0.0617948,0.137777
0.982935,0.254175,0.396509;0.137072,-0.978867,0.0603514,0.139242
0.980924,0.244373,0.402821;0.124493,-0.980429,0.0588979,0.140684
0.978967,0.234501,0.409099;0.111894,-0.981829,0.0574348,0.142102
0.977078,0.224596,0.415326;0.0992761,-0.983067,0.0559622,0.143498
0.975268,0.214693,0.421484;0.0866418,-0.984143,0.0544804,0.144869
0.97355,0.204828,0.427556;0.0739933,-0.985057,0.0529896,0.146217
0.971937,0.195037,0.433524;0.0613325,-0.985809,0.0514901,0.14754
0.970441,0.185356,0.439372;0.0486617,-0.986398,0.0499821,0.148839
0.969075,0.175821,0.44508;0.0359828,-0.986824,0.0484658,0.150114
0.967852,0.166467,0.450633;0.023298,-0.987088,0.0469415,0.151364
0.966783,0.157332,0.456012;0.0106093,-0.987189,0.0454095,0.152589
0.965883,0.148449,0.4612;-0.00208111,-0.987127,0.0438701,0.153788
0.965061,0.138455,0.466989;-0.016886,-0.98685,0.0420649,0.155156
0.964505,0.128912,0.472466;-0.0316871,-0.98635,0.0402503,0.156489
0.964233,0.119877,0.477604;-0.0464811,-0.98563,0.0384266,0.157787
0.964299,0.110246,0.483026;-0.0633756,-0.984536,0.0363319,0.159227
0.964793,0.101438,0.487927;-0.0802514,-0.983153,0.0342266,0.16062
0.965899,0.09262,0.492768;-0.0992085,-0.981253,0.0318461,0.162131
0.968101,0.0835798,0.497632;-0.122327,-0.978436,0.0289206,0.163896
0.972372,0.0751687,0.501991;-0.151652,-0.974068,0.0251744,0.16601
0.980521,0.0701337,0.504245;-0.189151,-0.967167,0.0203251,0.16851
0.990528,0.0718397,0.502734;-0.22225,-0.959829,0.015989,0.170523
0.999047,0.0767578,0.499595;-0.244857,-0.95413,0.0129968,0.171791
1.00707,0.0832311,0.495668;-0.263253,-0.949074,0.0105432,0.172757
1.014,0.0898737,0.491727;-0.277493,-0.944898,0.0086321,0.173464
1.02044,0.0967347,0.487708;-0.28965,-0.94115,0.00699244,0.17404
1.02734,0.104711,0.48308;-0.30176,-0.937247,0.00535164,0.174586
1.03346,0.112236,0.478745;-0.311813,-0.933876,0.00398361,0.17502
1.03993,0.120581,0.473964;-0.32183,-0.930399,0.00261513,0.175434
1.04674,0.129768,0.468727;-0.331811,-0.926814,0.00124636,0.175827
1.05245,0.137736,0.464203;-0.339768,-0.923871,0.000151222,0.176127
1.05839,0.146267,0.459375;-0.3477,-0.920859,-0.000943922,0.176415
1.06457,0.155371,0.454239;-0.355607,-0.91778,-0.002039,0.176689
