0.855452,0.44509,0.655058;-0.390384,0.725701,0.55651,-0.106089
0.853468,0.435159,0.658016;-0.395858,0.723059,0.556029,-0.106368
0.851504,0.425313,0.660931;-0.401318,0.72039,0.555526,-0.106643
0.849558,0.415551,0.663804;-0.406762,0.717695,0.555003,-0.106914
0.847631,0.405873,0.666634;-0.412192,0.714972,0.554459,-0.107181
0.845723,0.39628,0.669421;-0.417606,0.712223,0.553894,-0.107444
0.843834,0.38677,0.672167;-0.423005,0.709448,0.553309,-0.107703
0.841344,0.374219,0.675763;-0.430178,0.705706,0.552497,-0.108042
0.838887,0.361816,0.679285;-0.437323,0.701917,0.551648,-0.108374
0.836463,0.349559,0.682733;-0.444439,0.698082,0.550763,-0.108698
0.834072,0.337448,0.686108;-0.451526,0.694201,0.549841,-0.109016
0.831713,0.325483,0.689411;-0.458583,0.690274,0.548882,-0.109326
0.829387,0.313661,0.692641;-0.465609,0.686301,0.547888,-0.109629
0.827093,0.301984,0.6958;-0.472604,0.682283,0.546857,-0.109925
0.824831,0.29045,0.698887;-0.479569,0.678219,0.545789,-0.110213
0.822601,0.279058,0.701903;-0.486501,0.67411,0.544686,-0.110494
0.820403,0.267808,0.704849;-0.493401,0.669957,0.543547,-0.110768
0.818236,0.256698,0.707724;-0.500269,0.66576,0.542371,-0.111035
0.8161,0.245729,0.71053;-0.507103,0.661518,0.54116,-0.111294
0.813996,0.234899,0.713267;-0.513904,0.657233,0.539913,-0.111546
0.811922,0.224208,0.715935;-0.520671,0.652904,0.53863,-0.11179
0.80988,0.213656,0.718535;-0.527403,0.648531,0.537311,-0.112027
0.807868,0.20324,0.721067;-0.5341,0.644116,0.535957,-0.112257
0.805886,0.192961,0.723531;-0.540762,0.639658,0.534567,-0.112479
0.803935,0.182818,0.725929;-0.547389,0.635158,0.533142,-0.112694
0.802014,0.172811,0.728259;-0.553978,0.630616,0.531681,-0.112901
0.800123,0.162937,0.730524;-0.560532,0.626032,0.530186,-0.113101
0.798261,0.153198,0.732723;-0.567048,0.621406,0.528655,-0.113293
0.79643,0.143591,0.734856;-0.573526,0.616739,0.527089,-0.113478
0.794181,0.131769,0.737432;-0.581571,0.610849,0.525083,-0.113698
0.791979,0.120153,0.739908;-0.589555,0.604895,0.523022,-0.113907
0.789821,0.10874,0.742284;-0.597479,0.598878,0.520907,-0.114103
0.787709,0.0975303,0.744561;-0.605341,0.592799,0.518739,-0.114289
0.785641,0.0865215,0.74674;-0.61314,0.586659,0.516516,-0.114462
0.783617,0.0757126,0.748822;-0.620875,0.580459,0.51424,-0.114623
0.781638,0.0651021,0.750808;-0.628546,0.574198,0.511911,-0.114773
0.779702,0.0546887,0.752698;-0.636153,0.567878,0.509529,-0.11491
0.777809,0.0444709,0.754494;-0.643693,0.561499,0.507095,-0.115036
0.775959,0.0344473,0.756196;-0.651167,0.555062,0.504607,-0.11515
0.774152,0.0246167,0.757806;-0.658573,0.548568,0.502068,-0.115252
0.772038,0.0130724,0.759616;-0.667371,0.540699,0.498952,-0.115358
0.769986,0.00180152,0.761295;-0.676069,0.53275,0.495762,-0.115447
0.767992,-0.00919851,0.762844;-0.684666,0.524722,0.492497,-0.115519
0.766058,-0.0199301,0.764266;-0.693162,0.516616,0.48916,-0.115574
0.764183,-0.0303955,0.765561;-0.701554,0.508432,0.485749,-0.115612
0.762365,-0.0405974,0.766731;-0.709841,0.500173,0.482266,-0.115633
0.760604,-0.0505379,0.767777;-0.718023,0.49184,0.478712,-0.115636
0.758622,-0.0618083,0.768843;-0.727433,0.482024,0.474474,-0.115618
0.756716,-0.0727301,0.769746;-0.736696,0.472111,0.470141,-0.115576
0.754885,-0.0833073,0.770486;-0.745809,0.462103,0.465712,-0.115511
0.753129,-0.0935436,0.771068;-0.754771,0.452,0.461189,-0.115423
0.751446,-0.103443,0.771493;-0.763579,0.441806,0.456572,-0.115311
0.749611,-0.114349,0.771789;-0.773457,0.430046,0.451182,-0.115155
0.74787,-0.124825,0.771886;-0.783129,0.418172,0.445672,-0.114968
0.746221,-0.134878,0.771789;-0.792594,0.406187,0.440045,-0.114751
0.744473,-0.145687,0.77145;-0.802991,0.392576,0.433575,-0.11447
0.742839,-0.155976,0.770875;-0.813118,0.378832,0.426959,-0.114151
0.741152,-0.166807,0.769963;-0.824051,0.363414,0.419441,-0.113751
0.739599,-0.177015,0.768771;-0.834643,0.347844,0.411749,-0.113304
0.738042,-0.18754,0.767144;-0.845895,0.330552,0.403091,-0.112759
0.73664,-0.19734,0.765195;-0.856723,0.313094,0.394231,-0.112157
0.735284,-0.207223,0.762713;-0.868046,0.293871,0.38434,-0.111436
0.734012,-0.216999,0.759618;-0.879729,0.272848,0.373367,-0.11058
0.732865,-0.226472,0.755828;-0.891621,0.249995,0.361258,-0.109572
0.731886,-0.235442,0.751265;-0.90356,0.225285,0.34796,-0.108393
0.731076,-0.244179,0.745491;-0.916073,0.197029,0.332496,-0.106936
0.730552,-0.251833,0.738716;-0.928128,0.166853,0.315691,-0.105253
0.730353,-0.258203,0.73087;-0.939501,0.13476,0.297492,-0.103323
0.730517,-0.263092,0.72189;-0.949956,0.10076,0.277856,-0.101125
0.731041,-0.266207,0.712225;-0.958838,0.0665943,0.257761,-0.0987597
0.731906,-0.267637,0.701929;-0.966133,0.0323179,0.237238,-0.0962309
0.733021,-0.267516,0.691613;-0.971582,-0.000295103,0.217377,-0.0936808
0.734326,-0.266142,0.681401;-0.975404,-0.031192,0.198261,-0.0911358
0.735765,-0.263779,0.671402;-0.977814,-0.0603348,0.179963,-0.0886199
0.73729,-0.26066,0.661708;-0.979013,-0.0876979,0.162544,-0.0861551
0.738861,-0.25699,0.652393;-0.979195,-0.113267,0.146057,-0.0837613
0.740558,-0.252634,0.642885;-0.978464,-0.138731,0.129434,-0.0812896
0.742249,-0.247985,0.633855;-0.976961,-0.162381,0.11381,-0.0789142
0.744034,-0.242804,0.624695;-0.974665,-0.185899,0.0980936,-0.0764749
0.74577,-0.237542,0.616088;-0.971824,-0.207602,0.0834284,-0.0741542
0.747576,-0.231871,0.607399;-0.968304,-0.229161,0.0687048,-0.0717816
0.749445,-0.225817,0.598644;-0.964106,-0.250559,0.0539331,-0.0693588
0.751222,-0.219909,0.590516;-0.959633,-0.270156,0.040264,-0.0670793
0.753042,-0.213714,0.582356;-0.954587,-0.289592,0.0265709,-0.0647597
0.754903,-0.207251,0.574175;-0.948973,-0.308855,0.0128619,-0.0624016
0.756798,-0.200539,0.565985;-0.942793,-0.327934,-0.000854683,-0.0600063
0.75877,-0.193428,0.557601;-0.944207,-0.324132,-0.0113166,-0.0573065
0.760703,-0.18634,0.549508;-0.94704,-0.315753,-0.0207059,-0.0546433
0.762661,-0.179051,0.541432;-0.94971,-0.307319,-0.0300915,-0.0519707
0.76464,-0.17157,0.533377;-0.952215,-0.298831,-0.039472,-0.049289
0.766638,-0.163907,0.525349;-0.954554,-0.290292,-0.0488456,-0.0465988
0.768653,-0.156074,0.517353;-0.956728,-0.281702,-0.0582107,-0.0439005
0.770683,-0.148081,0.509397;-0.958736,-0.273064,-0.0675657,-0.0411946
0.772725,-0.139938,0.501485;-0.960577,-0.264378,-0.076909,-0.0384815
0.774776,-0.131655,0.493623;-0.962252,-0.255647,-0.0862389,-0.0357617
0.776834,-0.123243,0.485818;-0.96376,-0.246871,-0.0955539,-0.0330358
0.778603,-0.115937,0.479176;-0.964919,-0.239314,-0.103525,-0.0306947
0.780373,-0.108551,0.472584;-0.965956,-0.231727,-0.111483,-0.0283497
0.782144,-0.101091,0.466044;-0.966869,-0.224111,-0.119427,-0.026001
0.783913,-0.0935623,0.459561;-0.967659,-0.216466,-0.127355,-0.0236491
0.78568,-0.0859729,0.453137;-0.968326,-0.208793,-0.135268,-0.0212941
0.787443,-0.0783287,0.446778;-0.968869,-0.201094,-0.143163,-0.0189365
0.789199,-0.0706365,0.440485;-0.969289,-0.193369,-0.151039,-0.0165764
0.790949,-0.0629026,0.434264;-0.969585,-0.185619,-0.158897,-0.0142142
0.79269,-0.0551337,0.428117;-0.969758,-0.177846,-0.166734,-0.0118501
0.794421,-0.0473362,0.422048;-0.969807,-0.17005,-0.17455,-0.00948462
0.796425,-0.0382118,0.415072;-0.969708,-0.160928,-0.183641,-0.00672334
0.79841,-0.0290678,0.408212;-0.969441,-0.151777,-0.192699,-0.00396089
0.800374,-0.0199146,0.401476;-0.969005,-0.142601,-0.201725,-0.00119775
0.802315,-0.0107626,0.394868;-0.968402,-0.133399,-0.210715,0.0015656
0.80423,-0.00162205,0.388395;-0.96763,-0.124174,-0.219669,0.00432867
0.806117,0.00749654,0.382063;-0.966691,-0.114928,-0.228584,0.007091
0.807973,0.0165828,0.375876;-0.965583,-0.105662,-0.23746,0.00985209
0.809795,0.0256265,0.369841;-0.964309,-0.0963777,-0.246295,0.0126115
0.811582,0.0346171,0.363964;-0.962867,-0.0870765,-0.255087,0.0153687
0.813332,0.0435443,0.358251;-0.961258,-0.0777602,-0.263834,0.0181232
0.81504,0.0523978,0.352706;-0.959482,-0.0684304,-0.272536,0.0208746
0.816706,0.061167,0.347337;-0.95754,-0.0590888,-0.281191,0.0236224
0.818326,0.0698418,0.342148;-0.955431,-0.0497369,-0.289797,0.026366
0.819899,0.0784116,0.337146;-0.953157,-0.0403764,-0.298352,0.0291051
0.821634,0.088064,0.331665;-0.950356,-0.0296701,-0.308067,0.0322293
0.8233,0.0975503,0.326445;-0.947339,-0.0189572,-0.317711,0.0353462
0.824894,0.106855,0.321492;-0.944107,-0.00823994,-0.327284,0.038455
0.82641,0.115963,0.316817;-0.940662,0.00247917,-0.336782,0.0415552
0.827847,0.124858,0.312428;-0.937003,0.0131977,-0.346204,0.0446459
0.829363,0.134592,0.307842;-0.932634,0.0252524,-0.35671,0.0481109
0.830768,0.144015,0.303641;-0.927996,0.0372998,-0.367114,0.051562
0.832192,0.154095,0.29944;-0.922532,0.0506732,-0.37855,0.0553793
0.833465,0.163733,0.295746;-0.916741,0.0640286,-0.389852,0.0591769
0.834683,0.17379,0.292288;-0.909996,0.0786931,-0.402125,0.06333
0.835783,0.184063,0.289266;-0.902193,0.0946522,-0.415316,0.0678297
0.836691,0.194313,0.286908;-0.893221,0.111886,-0.429368,0.0726653
0.837322,0.204253,0.285474;-0.882962,0.130371,-0.444213,0.0778241
0.837576,0.214674,0.285341;-0.869681,0.152694,-0.461824,0.0840154
0.837112,0.224431,0.287547;-0.852918,0.178755,-0.481936,0.0911888
0.835391,0.232241,0.293748;-0.83121,0.20969,-0.505168,0.0996256
0.832624,0.23545,0.30302;-0.842478,0.207698,-0.482184,0.120794
0.829687,0.235449,0.31259;-0.851668,0.205005,-0.462192,0.137887
0.826702,0.233839,0.322181;-0.859015,0.202568,-0.444767,0.152452
0.823624,0.231185,0.331978;-0.865315,0.200232,-0.428569,0.165727
0.820572,0.227886,0.34163;-0.870679,0.198025,-0.413664,0.177725
0.817638,0.224265,0.350858;-0.875209,0.19597,-0.400107,0.188463
0.814546,0.220086,0.36054;-0.879456,0.193852,-0.386421,0.19914
0.811679,0.215952,0.369482;-0.882992,0.191917,-0.374151,0.208577
0.808714,0.211465,0.3787;-0.886302,0.189932,-0.361784,0.21796
0.805663,0.206667,0.388154;-0.889385,0.187899,-0.349326,0.227288
0.802538,0.201599,0.397804;-0.892241,0.185818,-0.336777,0.236557
0.799754,0.196975,0.406378;-0.894552,0.183958,-0.325727,0.244618
0.796931,0.192204,0.415045;-0.896688,0.182062,-0.314612,0.252631
0.794079,0.187313,0.42378;-0.898649,0.18013,-0.303436,0.260595
0.791205,0.182329,0.432557;-0.900433,0.178163,-0.292201,0.268507
0.788318,0.177281,0.441347;-0.902041,0.176161,-0.280908,0.276368
0.785426,0.172196,0.450126;-0.903473,0.174124,-0.269561,0.284173
0.782539,0.167101,0.458867;-0.904727,0.172054,-0.25816,0.291924
0.779663,0.162024,0.467543;-0.905804,0.16995,-0.246709,0.299617
0.776808,0.156993,0.476128;-0.906704,0.167812,-0.23521,0.307251
0.773982,0.152036,0.484596;-0.907426,0.165642,-0.223664,0.314825
0.771193,0.147179,0.492919;-0.907971,0.163439,-0.212075,0.322338
0.768062,0.141788,0.502222;-0.908375,0.160882,-0.198779,0.330846
0.765004,0.136606,0.511263;-0.908547,0.158284,-0.185433,0.33927
0.76203,0.131675,0.520002;-0.908486,0.155645,-0.172039,0.347606
0.759154,0.127035,0.528401;-0.908193,0.152967,-0.158601,0.355854
0.756049,0.122216,0.537394;-0.907586,0.149907,-0.143435,0.365024
0.752785,0.117427,0.546753;-0.906566,0.146451,-0.126529,0.375074
0.749739,0.11331,0.555372;-0.905184,0.142935,-0.109573,0.384974
0.746405,0.109373,0.56463;-0.903048,0.138642,-0.0891689,0.396651
0.743014,0.106337,0.573765;-0.899899,0.133532,-0.0652997,0.409985
0.739227,0.10533,0.583304;-0.894178,0.126052,-0.0311167,0.428473
0.73631,0.112028,0.58865;-0.883345,0.114851,0.0185225,0.454056
0.736243,0.121737,0.58625;-0.888484,0.0805752,0.0232274,0.451181
0.736999,0.131278,0.581863;-0.894769,0.0481865,0.0193095,0.443502
0.738053,0.140397,0.576828;-0.899109,0.0218277,0.0161095,0.436884
0.739222,0.148959,0.571631;-0.902242,-0.00048981,0.0133921,0.431021
0.740483,0.15734,0.566223;-0.904661,-0.0207785,0.0109152,0.425485
0.741915,0.166225,0.56022;-0.906668,-0.0410578,0.0084334,0.419757
0.743336,0.1746,0.554352;-0.908123,-0.0592935,0.00619646,0.414438
0.744867,0.183285,0.548082;-0.909243,-0.0775074,0.00395724,0.408966
0.746496,0.192236,0.54145;-0.910029,-0.0956927,0.00171657,0.403344
0.748016,0.200377,0.535281;-0.910447,-0.111828,-0.000275699,0.398223
0.749593,0.208659,0.528883;-0.910599,-0.127931,-0.00226789,0.392985
0.75122,0.217049,0.522284;-0.910487,-0.143997,-0.00425941,0.387633
0.752886,0.225515,0.515509;-0.910111,-0.160021,-0.0062497,0.382168
0.754583,0.234024,0.508586;-0.90947,-0.175998,-0.00823817,0.376593
0.756301,0.242544,0.501542;-0.908564,-0.191924,-0.0102242,0.370907
0.758032,0.251043,0.494404;-0.907394,-0.207794,-0.0122073,0.365114
0.759766,0.259489,0.487199;-0.90596,-0.223604,-0.0141869,0.359215
0.761493,0.267848,0.479954;-0.904263,-0.239349,-0.0161623,0.353211
0.763206,0.27609,0.472696;-0.902304,-0.255025,-0.0181331,0.347105
0.764894,0.284181,0.465452;-0.900081,-0.270626,-0.0200985,0.340898
0.76655,0.292089,0.458249;-0.897597,-0.286148,-0.0220581,0.334592
0.768162,0.299781,0.451115;-0.894853,-0.301588,-0.0240113,0.328188
0.769723,0.307226,0.444075;-0.891848,-0.316939,-0.0259576,0.321689
0.771223,0.314391,0.437158;-0.888583,-0.332199,-0.0278962,0.315096
0.772827,0.322077,0.429556;-0.884602,-0.34925,-0.0300675,0.30757
0.774329,0.329321,0.422181;-0.880296,-0.366173,-0.0322278,0.299931
0.775863,0.336797,0.414301;-0.875131,-0.384818,-0.0346141,0.291314
0.777238,0.343608,0.406801;-0.869568,-0.403288,-0.0369846,0.282564
0.778545,0.350256,0.399054;-0.862993,-0.423393,-0.0395728,0.272791
0.779781,0.356863,0.390671;-0.854612,-0.446852,-0.0426035,0.261049
0.780744,0.36263,0.382183;-0.844126,-0.473494,-0.0460596,0.247251
0.781153,0.366872,0.373135;-0.828805,-0.508258,-0.0505938,0.228464
0.779182,0.363707,0.36482;-0.79932,-0.565206,-0.0580868,0.195592
0.775837,0.353711,0.365005;-0.777995,-0.600491,-0.0627752,0.173764
0.772758,0.343727,0.36771;-0.763531,-0.622263,-0.0656875,0.159671
0.769781,0.333769,0.371361;-0.751688,-0.638982,-0.0679348,0.148498
0.76703,0.324409,0.375297;-0.741351,-0.65268,-0.0685854,0.140372
0.764317,0.315072,0.379549;-0.725435,-0.670938,-0.056685,0.142733
0.761611,0.305687,0.384048;-0.710378,-0.687242,-0.0457396,0.144804
0.758982,0.296513,0.388603;-0.69631,-0.701697,-0.0357646,0.14661
0.756486,0.287765,0.393058;-0.683345,-0.714401,-0.0267714,0.148172
0.753876,0.27858,0.397826;-0.670097,-0.72681,-0.0177671,0.149672
0.751158,0.268985,0.402888;-0.656573,-0.738919,-0.00875542,0.15111
0.748658,0.260134,0.407617;-0.644324,-0.749426,-0.000741925,0.152337
0.746084,0.250999,0.412547;-0.631865,-0.759689,0.00727181,0.153513
0.743441,0.2416,0.417662;-0.6192,-0.769704,0.0152832,0.15464
0.740735,0.231955,0.422949;-0.606332,-0.779469,0.0232896,0.155716
0.73832,0.22333,0.427704;-0.594911,-0.787804,0.030289,0.156616
0.735863,0.214545,0.432568;-0.583341,-0.795942,0.0372809,0.157477
0.733369,0.205611,0.437533;-0.571626,-0.803882,0.0442634,0.158298
0.730841,0.196543,0.442588;-0.559768,-0.811621,0.0512349,0.15908
0.728282,0.187353,0.447724;-0.54777,-0.819157,0.0581937,0.159822
0.725696,0.178053,0.452931;-0.535635,-0.826489,0.0651378,0.160525
0.723087,0.168656,0.458198;-0.523366,-0.833614,0.0720658,0.161187
0.720458,0.159176,0.463516;-0.510967,-0.840532,0.0789757,0.161809
0.717812,0.149624,0.468876;-0.49844,-0.847239,0.0858659,0.162391
0.715153,0.140015,0.474267;-0.485789,-0.853735,0.0927346,0.162932
0.712485,0.130359,0.479679;-0.473016,-0.860017,0.0995802,0.163432
0.70981,0.120671,0.485103;-0.460126,-0.866085,0.106401,0.163891
0.707133,0.110963,0.490529;-0.44712,-0.871936,0.113195,0.16431
0.704457,0.101247,0.495947;-0.434003,-0.87757,0.119961,0.164688
0.701785,0.0915375,0.501346;-0.420777,-0.882985,0.126697,0.165024
0.699121,0.0818459,0.506719;-0.407446,-0.888179,0.133401,0.165319
0.696469,0.0721853,0.512054;-0.394014,-0.893151,0.140072,0.165573
0.693831,0.0625685,0.517341;-0.380483,-0.8979,0.146708,0.165786
0.691212,0.0530084,0.522571;-0.366857,-0.902425,0.153308,0.165957
0.688615,0.0435175,0.527734;-0.353139,-0.906725,0.159869,0.166087
0.686043,0.0341088,0.532821;-0.339334,-0.910798,0.16639,0.166175
0.6835,0.024795,0.53782;-0.325443,-0.914644,0.172869,0.166222
0.680989,0.0155889,0.542724;-0.311471,-0.918261,0.179306,0.166227
0.678514,0.00650317,0.54752;-0.297422,-0.921649,0.185698,0.166191
0.676079,-0.00244933,0.552201;-0.283298,-0.924807,0.192043,0.166113
0.673686,-0.0112559,0.556756;-0.269104,-0.927734,0.19834,0.165994
0.671009,-0.0211253,0.561794;-0.252799,-0.930795,0.205476,0.165807
0.668397,-0.0307684,0.56664;-0.236412,-0.933553,0.212546,0.165566
0.665857,-0.0401661,0.57128;-0.219948,-0.936006,0.219545,0.165271
0.663392,-0.0492992,0.575697;-0.203413,-0.938154,0.226474,0.164922
0.661009,-0.0581487,0.579879;-0.186811,-0.939996,0.233328,0.164519
0.658432,-0.0677418,0.584283;-0.168061,-0.941702,0.240948,0.164002
0.655972,-0.0769247,0.588348;-0.149241,-0.943019,0.248469,0.163417
0.653385,-0.0866138,0.592443;-0.128259,-0.944026,0.256705,0.162688
0.650962,-0.0957258,0.596066;-0.107212,-0.944552,0.26481,0.161876
0.648498,-0.105038,0.599471;-0.0839967,-0.944574,0.273569,0.160887
0.646067,-0.114291,0.602449;-0.0586127,-0.943934,0.282933,0.159696
0.64359,-0.123807,0.604889;-0.0289449,-0.942312,0.293593,0.158158
0.64102,-0.133863,0.606267;0.00923767,-0.938843,0.306868,0.155949
0.638701,-0.143379,0.604604;0.0622302,-0.931456,0.32446,0.152454
0.638084,-0.147162,0.595754;0.129749,-0.917677,0.345462,0.147274
0.639177,-0.144241,0.586008;0.171626,-0.906629,0.35768,0.143644
0.640671,-0.139582,0.577106;0.200737,-0.897794,0.3658,0.140929
0.642454,-0.133787,0.568045;0.225531,-0.889507,0.37247,0.138489
0.644308,-0.127637,0.559446;0.246067,-0.882102,0.377819,0.136378
0.646272,-0.121044,0.550868;0.264442,-0.875054,0.382469,0.134419
0.648258,-0.114318,0.542558;0.280685,-0.868485,0.38647,0.132631
0.650186,-0.107749,0.534745;0.294822,-0.862505,0.389868,0.131031
0.652295,-0.10053,0.526418;0.308885,-0.856309,0.393168,0.129398
0.65425,-0.0938131,0.518862;0.320879,-0.850828,0.395918,0.127973
0.656342,-0.0866007,0.510915;0.332813,-0.845191,0.398596,0.126524
0.658575,-0.0788844,0.502569;0.344686,-0.839399,0.401201,0.125052
0.660544,-0.0720634,0.495306;0.354532,-0.834455,0.403315,0.123808
0.662613,-0.0648822,0.487759;0.364333,-0.829405,0.405378,0.122548
0.664784,-0.0573362,0.479923;0.374088,-0.824248,0.407389,0.121273
0.667057,-0.0494206,0.471796;0.383795,-0.818987,0.409349,0.119982
0.669434,-0.0411309,0.463374;0.393453,-0.813621,0.411256,0.118676
0.671916,-0.0324624,0.454653;0.40306,-0.808152,0.413111,0.117354
0.673978,-0.0252517,0.447459;0.41071,-0.803702,0.414557,0.116286
0.67611,-0.0177932,0.440069;0.418326,-0.799187,0.415969,0.115209
0.67831,-0.0100846,0.432483;0.425907,-0.794607,0.417347,0.114122
0.680581,-0.00212334,0.424697;0.433454,-0.789962,0.418692,0.113026
0.682922,0.00609283,0.41671;0.440966,-0.785252,0.420002,0.111921
0.685335,0.0145663,0.408521;0.448442,-0.780479,0.421278,0.110806
0.68782,0.0232995,0.400128;0.455881,-0.775642,0.422519,0.109683
