0.943329,-0.0431371,0.368169;0.820818,-0.0635043,-0.0202308,-0.567289
0.93864,-0.038231,0.375561;0.828855,-0.0587005,-0.00490951,-0.556354
0.93375,-0.0329116,0.383235;0.837355,-0.0533327,0.0121164,-0.543917
0.928748,-0.027218,0.391038;0.846177,-0.0473946,0.030837,-0.529893
0.924132,-0.021687,0.398194;0.854441,-0.0414252,0.0495372,-0.515519
0.919521,-0.0158356,0.405282;0.862813,-0.0348821,0.0698997,-0.499451
0.915012,-0.00970731,0.412146;0.871117,-0.0277629,0.0918966,-0.481602
0.9107,-0.00334764,0.418626;0.879161,-0.0200677,0.11549,-0.461883
0.906434,0.00362274,0.424923;0.887202,-0.0112474,0.142302,-0.438743
0.902438,0.0110947,0.430666;0.894767,-0.00130634,0.172225,-0.411981
0.898788,0.0193327,0.435683;0.901593,0.0102932,0.206747,-0.379841
0.895761,0.0284917,0.439472;0.90689,0.0240676,0.24719,-0.340393
0.893881,0.0382736,0.441181;0.909161,0.03994,0.293038,-0.29319
0.893626,0.0483646,0.440054;0.906671,0.0577748,0.343564,-0.237852
0.895088,0.057419,0.436163;0.898796,0.0752664,0.392049,-0.181102
0.897862,0.0652783,0.430251;0.886061,0.0918021,0.436844,-0.125041
0.901428,0.0718833,0.423229;0.869626,0.10684,0.476627,-0.0718428
0.905396,0.0774315,0.415741;0.850434,0.120404,0.511652,-0.0218681
0.909632,0.0822609,0.407976;0.828481,0.132997,0.543354,0.0264127
0.914103,0.0866197,0.39997;0.803233,0.14506,0.572897,0.0745885
0.916369,0.0890297,0.395782;0.782475,0.162035,0.591172,0.109517
0.911214,0.0863767,0.403941;0.784826,0.194401,0.579467,0.102345
0.905987,0.0837566,0.412207;0.786145,0.224525,0.56784,0.0955068
0.900806,0.0812324,0.420401;0.786603,0.252421,0.556429,0.08903
0.895372,0.0786661,0.429007;0.786312,0.280077,0.544489,0.0824685
0.890133,0.0762748,0.437321;0.785374,0.30552,0.532938,0.0763054
0.884739,0.0739028,0.445905;0.783791,0.330712,0.520951,0.0700798
0.879221,0.0715769,0.454716;0.781566,0.355633,0.508536,0.0637967
0.874043,0.0694939,0.463015;0.778944,0.378379,0.496706,0.0579504
0.86881,0.0674941,0.471441;0.775778,0.400861,0.48453,0.0520636
0.863544,0.0655984,0.479962;0.772069,0.423063,0.472015,0.0461404
0.858271,0.0638278,0.488544;0.767822,0.444969,0.45917,0.0401851
0.853014,0.0622035,0.497155;0.763038,0.466565,0.446004,0.0342017
0.847796,0.0607464,0.505763;0.757722,0.487834,0.432528,0.0281943
0.842643,0.0594776,0.514335;0.751876,0.508763,0.418749,0.0221673
0.83716,0.05834,0.523544;0.744951,0.531035,0.403492,0.0156207
0.831811,0.0574748,0.532633;0.737415,0.552871,0.387904,0.00906135
0.826626,0.0569087,0.541559;0.729275,0.574255,0.371999,0.00249453
0.821636,0.0566685,0.550281;0.720537,0.595167,0.355788,-0.00407434
0.816515,0.056805,0.5594;0.710467,0.617143,0.338005,-0.0111446
0.811693,0.0573839,0.568184;0.699721,0.638531,0.319901,-0.0182043
0.806903,0.058533,0.577165;0.68747,0.660774,0.300166,-0.0257489
0.802272,0.060407,0.586184;0.673576,0.683703,0.278755,-0.0337652
0.797957,0.0631861,0.595049;0.657898,0.707136,0.255628,-0.0422365
0.794142,0.0670787,0.603528;0.640293,0.730865,0.23075,-0.0511412
0.790908,0.0726346,0.611725;0.619553,0.755883,0.202685,-0.0609406
0.78877,0.0799659,0.618785;0.596483,0.780573,0.172794,-0.0711023
0.788046,0.0889422,0.624091;0.572138,0.803594,0.142534,-0.081112
0.788717,0.0985751,0.627234;0.549055,0.822943,0.114891,-0.0900195
0.790466,0.108482,0.628603;0.527586,0.839035,0.0899859,-0.0978562
0.792965,0.118283,0.628602;0.508028,0.852258,0.067905,-0.104657
0.795956,0.127804,0.627611;0.487576,0.864459,0.0627919,-0.10506
0.79954,0.13779,0.625779;0.466415,0.87624,0.0630125,-0.103392
0.803366,0.147523,0.623394;0.446776,0.886586,0.063182,-0.101809
0.807257,0.156806,0.620675;0.42873,0.89561,0.063309,-0.100326
0.811509,0.166463,0.617464;0.410509,0.904268,0.06341,-0.0988025
0.815619,0.175444,0.614179;0.393966,0.911743,0.0634788,-0.0973966
0.819975,0.184668,0.610544;0.377292,0.918916,0.0635265,-0.0959584
0.824553,0.194108,0.60658;0.360493,0.925785,0.0635532,-0.0944883
0.828791,0.202659,0.6028;0.34546,0.931633,0.0635592,-0.0931553
0.833172,0.211338,0.598795;0.330336,0.937237,0.0635486,-0.0917979
0.837679,0.220126,0.59458;0.315127,0.942595,0.0635213,-0.0904164
0.842296,0.229003,0.590172;0.299834,0.947706,0.0634773,-0.0890113
0.847009,0.23795,0.585587;0.284463,0.952569,0.0634168,-0.0875828
0.851801,0.246947,0.58084;0.269017,0.957183,0.0633396,-0.0861314
0.856656,0.255974,0.575947;0.253501,0.961546,0.0632459,-0.0846574
0.860943,0.263882,0.571559;0.23987,0.965157,0.0631502,-0.0833494
0.865257,0.271784,0.567083;0.226191,0.968574,0.0630419,-0.0820248
0.869585,0.279668,0.562528;0.212466,0.971797,0.062921,-0.0806837
0.873918,0.287521,0.557906;0.198699,0.974825,0.0627874,-0.0793264
0.878246,0.295328,0.553228;0.184892,0.977658,0.0626413,-0.0779532
0.882556,0.303077,0.548503;0.171048,0.980294,0.0624825,-0.0765644
0.887448,0.311845,0.543061;0.155184,0.983066,0.0622858,-0.0749583
0.89229,0.320501,0.53759;0.13928,0.985581,0.0620728,-0.0733327
0.897064,0.329023,0.532103;0.123339,0.987838,0.0618434,-0.0716878
0.901755,0.337393,0.526619;0.107366,0.989836,0.0615979,-0.0700242
0.906347,0.345591,0.521152;0.0913644,0.991574,0.0613363,-0.0683422
0.910825,0.353598,0.515719;0.0753391,0.993053,0.0610585,-0.0666423
0.915172,0.361392,0.510335;0.0592941,0.994272,0.0607648,-0.0649249
0.919373,0.368956,0.505017;0.0432336,0.99523,0.0604552,-0.0631905
0.923905,0.377163,0.499132;0.0251522,0.995996,0.0600879,-0.0612196
0.928209,0.385025,0.493373;0.00706245,0.996433,0.0597008,-0.0592284
0.932264,0.392513,0.487762;-0.0110297,0.996538,0.0592938,-0.0572175
0.936448,0.40036,0.48173;-0.0311274,0.996268,0.0588185,-0.054961
0.940265,0.407672,0.475939;-0.0512125,0.995591,0.0583192,-0.052682
0.944003,0.415052,0.469887;-0.0732815,0.994374,0.0577424,-0.0501503
0.947482,0.422251,0.46371;-0.097315,0.992486,0.0570805,-0.04736
0.950684,0.42944,0.457136;-0.125281,0.989544,0.0562659,-0.0440696
0.953213,0.436273,0.450184;-0.159102,0.984904,0.055216,-0.0400269
0.953872,0.44229,0.442072;-0.21045,0.975557,0.0534845,-0.0337538
0.947158,0.440412,0.436749;-0.282485,0.95761,0.0507665,-0.0246702
0.939371,0.433751,0.437385;-0.3,0.952159,0.0473733,-0.0339067
0.931834,0.42637,0.439433;-0.286285,0.955402,0.0425477,-0.0586343
0.924913,0.419201,0.441877;-0.27534,0.957392,0.0387311,-0.0780298
0.917931,0.411725,0.444668;-0.265268,0.958773,0.0352441,-0.0956276
0.911138,0.404277,0.447596;-0.256107,0.959668,0.032093,-0.111431
0.904732,0.397127,0.450495;-0.247889,0.960186,0.0292827,-0.125446
0.898011,0.389519,0.453643;-0.239603,0.960442,0.0264644,-0.139428
0.891007,0.381488,0.457012;-0.231253,0.960438,0.0236389,-0.153371
0.884671,0.374142,0.460119;-0.223895,0.960219,0.0211613,-0.165537
0.878162,0.366526,0.463353;-0.21649,0.9598,0.0186793,-0.177669
0.871502,0.358663,0.466697;-0.209039,0.959182,0.0161933,-0.189764
0.86471,0.350578,0.47013;-0.201546,0.958363,0.0137041,-0.201819
0.857809,0.342296,0.473634;-0.19401,0.957345,0.0112119,-0.213833
0.850818,0.33384,0.47719;-0.186434,0.956128,0.00871746,-0.225801
0.84477,0.326474,0.480264;-0.179909,0.954925,0.00657787,-0.236023
0.838685,0.319014,0.483349;-0.173357,0.953577,0.00443728,-0.246208
0.832576,0.311476,0.486435;-0.166778,0.952083,0.00229601,-0.256356
0.826455,0.303875,0.489508;-0.160174,0.950443,0.000154382,-0.266464
0.820336,0.296226,0.492557;-0.153545,0.948657,-0.00198726,-0.276532
0.814232,0.288546,0.495569;-0.146892,0.946726,-0.00412861,-0.286557
0.808156,0.28085,0.498532;-0.140218,0.94465,-0.00626932,-0.296539
0.802121,0.273152,0.501436;-0.133521,0.94243,-0.00840907,-0.306475
0.796141,0.265469,0.504266;-0.126804,0.940066,-0.0105475,-0.316364
0.790227,0.257816,0.507012;-0.120068,0.937557,-0.0126844,-0.326205
0.78343,0.248947,0.510092;-0.112186,0.934449,-0.0151749,-0.337622
0.776763,0.240163,0.513022;-0.104281,0.931146,-0.0176622,-0.34897
0.770247,0.23149,0.515782;-0.0963535,0.92765,-0.0201459,-0.360244
0.763902,0.222953,0.518352;-0.0884063,0.92396,-0.0226254,-0.371444
0.75775,0.214576,0.520715;-0.0804406,0.920077,-0.0251002,-0.382566
0.75181,0.206383,0.52285;-0.0724582,0.916003,-0.0275697,-0.393608
0.74531,0.197277,0.524987;-0.0633171,0.911114,-0.0303849,-0.406128
0.739146,0.18848,0.526774;-0.0541587,0.905976,-0.0331919,-0.418537
0.733349,0.18003,0.528182;-0.0449856,0.900592,-0.0359899,-0.430832
0.727304,0.170983,0.529277;-0.0346513,0.894241,-0.0391258,-0.444523
0.721808,0.162472,0.529816;-0.0243051,0.887583,-0.0422483,-0.458062
0.716398,0.153708,0.529713;-0.0127997,0.879827,-0.0457006,-0.472919
0.711364,0.144993,0.528681;-0.000137618,0.870863,-0.0494757,-0.48903
0.706759,0.136069,0.526123;0.0148262,0.859692,-0.0539041,-0.507745
0.703421,0.127819,0.521216;0.0320783,0.846035,-0.0589655,-0.528885
0.702414,0.121697,0.513472;0.0504463,0.830576,-0.0643021,-0.550876
0.70408,0.118722,0.503659;0.0676168,0.815262,-0.0692416,-0.570948
0.707371,0.118435,0.493901;0.0813074,0.802448,-0.0731458,-0.586614
0.711526,0.119714,0.484397;0.0926785,0.791394,-0.0763652,-0.599395
0.716417,0.122108,0.474729;0.102879,0.781158,-0.0792349,-0.61068
0.721716,0.125268,0.465214;0.111916,0.771833,-0.0817629,-0.620534
0.727114,0.12886,0.456153;0.119799,0.763502,-0.0839566,-0.629018
0.732322,0.132573,0.447826;0.126536,0.756234,-0.0858231,-0.636186
0.738082,0.136888,0.438969;0.133254,0.74885,-0.0876764,-0.643257
0.743311,0.140954,0.431173;0.138836,0.742609,-0.0892106,-0.649074
