0.74653,-0.351862,0.671745;0.320318,0.908589,0.244328,-0.110297
0.748208,-0.340775,0.669666;0.315227,0.909382,0.245794,-0.115071
0.749861,-0.32976,0.667598;0.31012,0.910128,0.247247,-0.119839
0.751489,-0.318816,0.665542;0.304996,0.910827,0.248688,-0.124601
0.753094,-0.307943,0.663498;0.299857,0.91148,0.250115,-0.129356
0.754674,-0.297141,0.661466;0.294703,0.912085,0.25153,-0.134105
0.75623,-0.28641,0.659445;0.289533,0.912643,0.252932,-0.138847
0.757762,-0.275749,0.657436;0.284348,0.913155,0.254321,-0.143582
0.759271,-0.265158,0.655439;0.279149,0.913619,0.255697,-0.148309
0.760756,-0.254637,0.653453;0.273935,0.914036,0.257059,-0.153029
0.762217,-0.244186,0.651478;0.268707,0.914406,0.258409,-0.15774
0.763655,-0.233804,0.649516;0.263466,0.91473,0.259745,-0.162444
0.76507,-0.223492,0.647565;0.258211,0.915006,0.261068,-0.167139
0.766461,-0.21325,0.645625;0.252942,0.915235,0.262377,-0.171826
0.76783,-0.203076,0.643696;0.247661,0.915416,0.263673,-0.176504
0.769176,-0.192971,0.641779;0.242366,0.915551,0.264955,-0.181173
0.770499,-0.182936,0.639874;0.23706,0.915639,0.266223,-0.185832
0.7718,-0.172968,0.637979;0.231741,0.915679,0.267478,-0.190482
0.773078,-0.16307,0.636096;0.22641,0.915672,0.268719,-0.195122
0.774334,-0.153239,0.634224;0.221067,0.915619,0.269946,-0.199752
0.775567,-0.143476,0.632364;0.215713,0.915517,0.27116,-0.204372
0.777078,-0.131368,0.630054;0.209006,0.915325,0.272657,-0.210132
0.778555,-0.119366,0.627761;0.202281,0.915059,0.274132,-0.215875
0.779998,-0.107469,0.625486;0.19554,0.914719,0.275585,-0.2216
0.781407,-0.0956771,0.623228;0.188783,0.914305,0.277016,-0.227308
0.782782,-0.0839896,0.620987;0.182011,0.913818,0.278424,-0.232997
0.784125,-0.0724064,0.618763;0.175224,0.913258,0.27981,-0.238668
0.785434,-0.060927,0.616556;0.168424,0.912624,0.281174,-0.24432
0.786711,-0.0495512,0.614366;0.161609,0.911917,0.282515,-0.249951
0.787956,-0.0382785,0.612193;0.154782,0.911136,0.283833,-0.255563
0.789168,-0.0271085,0.610037;0.147942,0.910282,0.285129,-0.261154
0.790348,-0.0160411,0.607898;0.141091,0.909355,0.286401,-0.266725
0.791497,-0.00507565,0.605775;0.134228,0.908354,0.287651,-0.272273
0.792614,0.00578802,0.603669;0.127354,0.907281,0.288877,-0.2778
0.7937,0.0165503,0.60158;0.12047,0.906134,0.29008,-0.283305
0.794755,0.0272116,0.599507;0.113576,0.904915,0.29126,-0.288786
0.79578,0.0377723,0.597451;0.106673,0.903622,0.292417,-0.294245
0.796774,0.0482326,0.59541;0.099762,0.902257,0.293549,-0.299679
0.797738,0.058593,0.593387;0.0928426,0.90082,0.294659,-0.30509
0.798672,0.0688538,0.591379;0.0859157,0.89931,0.295744,-0.310476
0.799577,0.0790154,0.589387;0.0789818,0.897728,0.296806,-0.315837
0.800452,0.0890781,0.587412;0.0720416,0.896073,0.297844,-0.321173
0.801298,0.0990423,0.585453;0.0650957,0.894347,0.298858,-0.326483
0.802115,0.108908,0.583509;0.0581444,0.892548,0.299847,-0.331766
0.803058,0.120618,0.581198;0.0497969,0.890295,0.301003,-0.338072
0.80396,0.132188,0.57891;0.0414435,0.887939,0.302124,-0.344337
0.804821,0.143619,0.576644;0.0330853,0.88548,0.30321,-0.350563
0.805643,0.15491,0.574401;0.0247234,0.882918,0.304261,-0.356749
0.806426,0.166063,0.57218;0.0163585,0.880254,0.305277,-0.362893
0.807169,0.177078,0.569981;0.00799175,0.877488,0.306257,-0.368995
0.807874,0.187956,0.567805;-0.000375924,0.87462,0.307202,-0.375054
0.808541,0.198698,0.56565;-0.00874356,0.871652,0.308111,-0.38107
0.80917,0.209304,0.563518;-0.0171102,0.868582,0.308985,-0.387042
0.809761,0.219774,0.561407;-0.0254748,0.865411,0.309823,-0.392969
0.810316,0.23011,0.559318;-0.0338365,0.86214,0.310625,-0.39885
0.810835,0.240311,0.55725;-0.0421943,0.85877,0.311391,-0.404685
0.811318,0.250379,0.555204;-0.0505471,0.8553,0.31212,-0.410473
0.811765,0.260315,0.553179;-0.0588942,0.85173,0.312814,-0.416214
0.812177,0.270118,0.551176;-0.0672344,0.848063,0.313471,-0.421906
0.812614,0.281388,0.548865;-0.0769547,0.843659,0.314193,-0.428486
0.813005,0.292481,0.546583;-0.0866629,0.839123,0.314864,-0.434998
0.81335,0.303396,0.544329;-0.0963574,0.834454,0.315486,-0.441441
0.81365,0.314135,0.542103;-0.106037,0.829654,0.316058,-0.447815
0.813906,0.324699,0.539905;-0.115699,0.824723,0.31658,-0.454118
0.814118,0.335089,0.537735;-0.125344,0.819662,0.317053,-0.460349
0.814288,0.345306,0.535592;-0.134968,0.814471,0.317475,-0.466508
0.814415,0.35535,0.533477;-0.144572,0.809153,0.317848,-0.472593
0.8145,0.365223,0.531389;-0.154152,0.803706,0.31817,-0.478604
0.814548,0.376298,0.529036;-0.165071,0.797327,0.318477,-0.485381
0.814544,0.387152,0.526717;-0.175957,0.790783,0.318718,-0.492058
0.814488,0.397786,0.524434;-0.186806,0.784076,0.318893,-0.498633
0.814382,0.408202,0.522185;-0.197616,0.777208,0.319003,-0.505106
0.814227,0.418402,0.51997;-0.208386,0.77018,0.319048,-0.511475
0.814024,0.428386,0.517789;-0.219113,0.762993,0.319026,-0.517739
0.813774,0.438157,0.515641;-0.229795,0.755649,0.318939,-0.523896
0.813438,0.448896,0.513265;-0.241756,0.747201,0.318762,-0.530693
0.813045,0.459368,0.51093;-0.253653,0.738558,0.318502,-0.537352
0.812597,0.469575,0.508637;-0.265484,0.729723,0.31816,-0.543872
0.812095,0.479521,0.506385;-0.277246,0.720698,0.317734,-0.550249
0.811476,0.490266,0.503931;-0.29023,0.71045,0.317164,-0.557167
0.810794,0.500692,0.501525;-0.303121,0.699972,0.316492,-0.563905
0.810052,0.510803,0.499169;-0.315914,0.68927,0.315718,-0.570462
0.809252,0.520601,0.496861;-0.328606,0.678346,0.314842,-0.576835
0.808307,0.531021,0.494378;-0.342444,0.666078,0.313762,-0.583632
0.807296,0.54107,0.491951;-0.356149,0.65355,0.31256,-0.590201
0.806222,0.550751,0.489582;-0.369715,0.640767,0.311236,-0.59654
0.804982,0.560898,0.48706;-0.384351,0.626539,0.309653,-0.60319
0.803674,0.570617,0.484604;-0.398808,0.61202,0.307927,-0.609561
0.802184,0.580669,0.482015;-0.414261,0.595971,0.305896,-0.616144
0.800623,0.590231,0.479501;-0.429489,0.579598,0.303699,-0.622392
0.798868,0.599988,0.476876;-0.445627,0.561613,0.301148,-0.628742
0.796908,0.609827,0.474156;-0.462605,0.541952,0.298204,-0.635106
0.794734,0.619634,0.471357;-0.480346,0.520547,0.294826,-0.641386
0.792339,0.629286,0.468498;-0.498762,0.497335,0.290971,-0.64748
0.789719,0.638661,0.465597;-0.517755,0.472253,0.286594,-0.653277
0.78672,0.648077,0.462521;-0.538224,0.443809,0.281381,-0.658918
0.783334,0.657244,0.459312;-0.55994,0.411862,0.275228,-0.664144
0.779401,0.666186,0.455881;-0.583556,0.374783,0.267716,-0.668826
0.774927,0.67439,0.452299;-0.608611,0.332363,0.258665,-0.672473
0.769457,0.681862,0.448306;-0.635929,0.29408,0.234174,-0.673998
0.762523,0.687568,0.443776;-0.667733,0.248727,0.198236,-0.67303
0.753876,0.689009,0.438866;-0.703822,0.189749,0.151494,-0.667592
0.745751,0.684543,0.434929;-0.734232,0.131045,0.104961,-0.65781
0.739482,0.676921,0.432315;-0.755323,0.0827901,0.0667064,-0.646671
0.73454,0.667984,0.430512;-0.770385,0.0422931,0.0345979,-0.635233
0.730625,0.658748,0.429251;-0.781236,0.0081716,0.00754182,-0.624136
0.727293,0.64909,0.4283;-0.789616,-0.0227173,-0.016953,-0.612946
0.724499,0.639442,0.427598;-0.795943,-0.0503227,-0.0388455,-0.602024
0.722045,0.629526,0.42706;-0.800879,-0.0762405,-0.0594011,-0.590975
0.71991,0.61952,0.426662;-0.804605,-0.100453,-0.0786056,-0.579949
0.718071,0.609583,0.426379;-0.807291,-0.122953,-0.0964528,-0.569088
0.716389,0.599089,0.426179;-0.809209,-0.145337,-0.114208,-0.557686
0.714975,0.588863,0.426066;-0.810303,-0.165998,-0.130599,-0.546624
0.71371,0.57819,0.426021;-0.810733,-0.186523,-0.146882,-0.535114
0.712682,0.567954,0.426038;-0.81054,-0.205335,-0.161807,-0.524101
0.711791,0.557361,0.426108;-0.809781,-0.224003,-0.176619,-0.512721
0.7111,0.54735,0.426219;-0.80859,-0.240978,-0.190088,-0.501975
0.710534,0.53706,0.426373;-0.806924,-0.257812,-0.203445,-0.490935
0.710096,0.5265,0.426569;-0.804784,-0.274495,-0.216684,-0.479607
0.709792,0.515679,0.426805;-0.802173,-0.291017,-0.229795,-0.467998
0.709633,0.505625,0.427054;-0.799391,-0.305889,-0.241598,-0.457205
0.70959,0.495371,0.427334;-0.796221,-0.320612,-0.253283,-0.446191
0.709666,0.484924,0.427645;-0.792666,-0.335181,-0.264846,-0.434961
0.709865,0.474292,0.427985;-0.788726,-0.349586,-0.276281,-0.42352
0.710188,0.463481,0.428354;-0.784404,-0.363823,-0.287581,-0.411874
0.71064,0.452499,0.428751;-0.779702,-0.377883,-0.298742,-0.400028
0.711158,0.442474,0.42913;-0.775147,-0.39038,-0.308664,-0.389201
0.711785,0.432322,0.429531;-0.770287,-0.402725,-0.318464,-0.378221
0.712523,0.422046,0.429952;-0.765125,-0.414911,-0.328139,-0.367092
0.713373,0.411654,0.430393;-0.759663,-0.426934,-0.337685,-0.35582
0.714339,0.401149,0.430853;-0.753903,-0.43879,-0.347099,-0.344407
0.715422,0.390538,0.431331;-0.747846,-0.450474,-0.356377,-0.33286
0.716624,0.379824,0.431826;-0.741496,-0.46198,-0.365514,-0.321181
0.717951,0.368995,0.432339;-0.740735,-0.46539,-0.369429,-0.313443
0.719323,0.358628,0.432841;-0.749929,-0.454873,-0.364296,-0.313028
0.720801,0.348184,0.433358;-0.758956,-0.444254,-0.359082,-0.312543
0.722382,0.337666,0.433887;-0.767816,-0.433538,-0.353788,-0.311989
0.724061,0.32708,0.434429;-0.776505,-0.422725,-0.348416,-0.311366
0.725834,0.316431,0.434982;-0.785022,-0.411819,-0.342967,-0.310674
0.727698,0.305723,0.435547;-0.793366,-0.400821,-0.337442,-0.309914
0.729648,0.29496,0.436122;-0.801533,-0.389734,-0.331842,-0.309084
0.731682,0.284149,0.436707;-0.809523,-0.378561,-0.326168,-0.308186
0.733794,0.273292,0.437301;-0.817333,-0.367305,-0.320423,-0.30722
0.735982,0.262396,0.437903;-0.824962,-0.355966,-0.314606,-0.306185
0.73824,0.251465,0.438513;-0.832408,-0.344549,-0.308719,-0.305083
0.740566,0.240504,0.43913;-0.839669,-0.333056,-0.302764,-0.303913
0.742956,0.229517,0.439753;-0.846745,-0.321488,-0.296742,-0.302676
0.745405,0.218509,0.440381;-0.853633,-0.30985,-0.290654,-0.301371
0.747909,0.207484,0.441014;-0.860331,-0.298142,-0.284501,-0.3
0.750466,0.196449,0.441651;-0.866839,-0.286369,-0.278286,-0.298563
0.75307,0.185407,0.442292;-0.873155,-0.274532,-0.272009,-0.297059
0.755719,0.174363,0.442936;-0.879277,-0.262634,-0.265671,-0.295489
0.758408,0.163322,0.443581;-0.885204,-0.250678,-0.259275,-0.293854
0.761133,0.152288,0.444228;-0.890935,-0.238667,-0.252821,-0.292153
0.76389,0.141267,0.444875;-0.896469,-0.226602,-0.246311,-0.290388
0.766676,0.130263,0.445522;-0.901804,-0.214488,-0.239747,-0.288559
0.769487,0.119281,0.446169;-0.906939,-0.202325,-0.233129,-0.286665
0.772319,0.108326,0.446814;-0.911873,-0.190118,-0.22646,-0.284708
0.775167,0.0974013,0.447457;-0.916605,-0.177869,-0.219741,-0.282688
0.778029,0.0865131,0.448096;-0.921133,-0.16558,-0.212972,-0.280606
0.7809,0.0756657,0.448733;-0.925458,-0.153255,-0.206157,-0.278461
0.783776,0.064864,0.449365;-0.929577,-0.140896,-0.199296,-0.276254
0.786653,0.0541125,0.449992;-0.93349,-0.128505,-0.192391,-0.273986
0.789528,0.0434161,0.450613;-0.937196,-0.116086,-0.185443,-0.271657
0.792397,0.0327795,0.451228;-0.940695,-0.103641,-0.178454,-0.269269
0.795256,0.0222074,0.451836;-0.943985,-0.0911737,-0.171425,-0.26682
0.7981,0.0117046,0.452436;-0.947066,-0.0786858,-0.164359,-0.264312
0.800927,0.0012759,0.453028;-0.949937,-0.0661804,-0.157256,-0.261746
0.803731,-0.00907405,0.45361;-0.952597,-0.0536603,-0.150118,-0.259122
0.80651,-0.0193405,0.454183;-0.955046,-0.0411284,-0.142947,-0.25644
0.80926,-0.0295186,0.454745;-0.957284,-0.0285873,-0.135744,-0.253701
0.811976,-0.0396038,0.455295;-0.959309,-0.0160399,-0.128511,-0.250907
0.814654,-0.0495911,0.455834;-0.961121,-0.00348897,-0.12125,-0.248056
0.817292,-0.059476,0.45636;-0.962721,0.00906275,-0.113961,-0.245151
0.819884,-0.0692536,0.456873;-0.964107,0.0216125,-0.106648,-0.242191
0.822427,-0.0789193,0.457371;-0.96528,0.0341574,-0.0993107,-0.239177
0.825225,-0.0896533,0.457915;-0.966343,0.0482613,-0.0910302,-0.235724
0.827951,-0.100233,0.458438;-0.967135,0.0623516,-0.0827241,-0.232204
0.830599,-0.110651,0.458941;-0.967656,0.0764244,-0.0743948,-0.22862
0.833163,-0.120901,0.459422;-0.967905,0.0904758,-0.0660446,-0.224971
0.835638,-0.130977,0.45988;-0.967883,0.104502,-0.0576759,-0.221259
0.838019,-0.140871,0.460315;-0.967589,0.118498,-0.0492911,-0.217485
0.840547,-0.151643,0.460769;-0.966945,0.134011,-0.0399584,-0.21322
0.842944,-0.162174,0.461192;-0.965965,0.149477,-0.030612,-0.208881
0.845202,-0.172453,0.461581;-0.964651,0.164892,-0.0212549,-0.20447
0.847314,-0.182472,0.461935;-0.963002,0.180249,-0.0118904,-0.199988
0.84946,-0.193182,0.462284;-0.960804,0.19707,-0.00158492,-0.194978
0.851409,-0.203553,0.462587;-0.958203,0.213809,0.00872126,-0.189886
0.853153,-0.213573,0.462843;-0.955201,0.230457,0.0190238,-0.184715
0.854807,-0.22409,0.463066;-0.951469,0.248509,0.0302537,-0.178985
0.85707,-0.223191,0.463657;-0.947906,0.26124,0.0399788,-0.177845
0.859998,-0.212444,0.464602;-0.945111,0.268,0.0473151,-0.180836
0.862716,-0.202858,0.465472;-0.942628,0.27377,0.0535989,-0.183382
0.865609,-0.192941,0.466391;-0.940065,0.279517,0.0598782,-0.185913
0.86866,-0.18271,0.467356;-0.937421,0.28524,0.0661524,-0.188428
0.871853,-0.17218,0.468362;-0.934696,0.290938,0.0724209,-0.190926
0.87517,-0.161369,0.469403;-0.931893,0.296611,0.0786832,-0.193409
0.878595,-0.15029,0.470476;-0.929009,0.30226,0.0849388,-0.195875
0.882112,-0.138961,0.471575;-0.926046,0.307882,0.0911871,-0.198324
0.8851,-0.12934,0.472508;-0.923517,0.312547,0.0963882,-0.200352
0.888131,-0.119565,0.473453;-0.920932,0.317194,0.101583,-0.202368
0.891194,-0.109646,0.474408;-0.918293,0.321822,0.106773,-0.204372
0.894281,-0.0995909,0.47537;-0.9156,0.32643,0.111956,-0.206364
0.89738,-0.0894096,0.476336;-0.912852,0.33102,0.117132,-0.208344
0.900483,-0.0791112,0.477303;-0.91005,0.335589,0.122301,-0.210311
0.90358,-0.0687048,0.47827;-0.907194,0.340139,0.127463,-0.212266
0.906662,-0.0581997,0.479232;-0.904285,0.344669,0.132618,-0.214209
0.909718,-0.047605,0.480188;-0.901321,0.349178,0.137765,-0.216138
0.912739,-0.0369299,0.481134;-0.898304,0.353667,0.142903,-0.218055
0.915715,-0.0261836,0.482068;-0.895234,0.358134,0.148033,-0.219959
0.918637,-0.0153753,0.482988;-0.892111,0.36258,0.153154,-0.22185
0.921495,-0.00451418,0.483889;-0.888935,0.367005,0.158267,-0.223727
0.924279,0.00639057,0.484771;-0.885706,0.371408,0.163369,-0.225592
0.92698,0.0173298,0.485629;-0.882424,0.375789,0.168462,-0.227443
0.929588,0.0282942,0.486461;-0.879091,0.380148,0.173545,-0.22928
0.932094,0.0392747,0.487265;-0.875705,0.384484,0.178618,-0.231104
0.934487,0.0502621,0.488038;-0.872267,0.388797,0.18368,-0.232914
0.936759,0.0612472,0.488777;-0.868777,0.393087,0.188732,-0.234711
0.938898,0.0722209,0.489479;-0.865236,0.397354,0.193772,-0.236493
0.940897,0.0831738,0.490142;-0.861643,0.401598,0.1988,-0.238262
0.942745,0.0940969,0.490762;-0.858,0.405817,0.203817,-0.240016
0.944432,0.104981,0.491338;-0.854305,0.410012,0.208822,-0.241756
0.945949,0.115817,0.491866;-0.85056,0.414184,0.213814,-0.243482
0.947286,0.126595,0.492344;-0.846764,0.41833,0.218794,-0.245193
0.948433,0.137307,0.492768;-0.842918,0.422452,0.223761,-0.24689
0.949382,0.147943,0.493137;-0.839022,0.426548,0.228714,-0.248572
0.950121,0.158494,0.493447;-0.835077,0.43062,0.233654,-0.250239
0.950642,0.168951,0.493696;-0.831081,0.434666,0.23858,-0.251891
0.950935,0.179304,0.493881;-0.827037,0.438686,0.243491,-0.253529
0.95099,0.189545,0.494;-0.822943,0.44268,0.248389,-0.255152
0.950798,0.199664,0.494049;-0.818801,0.446647,0.253271,-0.256759
0.950227,0.211633,0.494012;-0.813766,0.451374,0.259111,-0.258668
0.949269,0.223398,0.493867;-0.808661,0.456061,0.264928,-0.260554
0.947908,0.234943,0.493608;-0.803488,0.46071,0.270722,-0.262419
0.946126,0.246251,0.493231;-0.798245,0.465319,0.276494,-0.264261
0.943907,0.257308,0.492732;-0.792935,0.469889,0.282242,-0.26608
0.941235,0.268097,0.492105;-0.787557,0.474418,0.287965,-0.267877
0.938092,0.278601,0.491345;-0.782111,0.478907,0.293664,-0.26965
0.934462,0.288807,0.490449;-0.776599,0.483355,0.299338,-0.271401
0.930329,0.298696,0.489412;-0.77102,0.487762,0.304987,-0.273128
0.925675,0.308254,0.488228;-0.765376,0.492127,0.310609,-0.274833
0.920484,0.317465,0.486892;-0.759666,0.49645,0.316205,-0.276513
0.914739,0.326313,0.485402;-0.753891,0.500731,0.321773,-0.27817
0.908424,0.334782,0.48375;-0.748052,0.504969,0.327315,-0.279804
0.901522,0.342856,0.481934;-0.742149,0.509164,0.332828,-0.281413
0.89456,0.349997,0.480092;-0.736601,0.513026,0.337931,-0.282889
