0.739031,0.479849,0.499628;0.900893,0.12102,0.402964,0.106607
0.743596,0.470846,0.493846;0.900346,0.134161,0.400432,0.105033
0.748078,0.461847,0.488219;0.899635,0.147278,0.397826,0.10344
0.752478,0.452852,0.482746;0.898761,0.160367,0.395148,0.101828
0.756797,0.443863,0.477424;0.897723,0.173428,0.392398,0.100198
0.761036,0.434879,0.472253;0.896522,0.186457,0.389577,0.0985493
0.765194,0.425902,0.467231;0.895158,0.199452,0.386685,0.0968829
0.769273,0.416931,0.462355;0.893631,0.212411,0.383723,0.0951988
0.773273,0.407968,0.457626;0.891941,0.225331,0.38069,0.0934974
0.777195,0.399012,0.453041;0.890089,0.238211,0.377589,0.091779
0.78104,0.390065,0.448599;0.888076,0.251047,0.374419,0.090044
0.784809,0.381127,0.444297;0.8859,0.263837,0.371181,0.0882925
0.788501,0.372198,0.440136;0.883564,0.276579,0.367875,0.086525
0.792118,0.36328,0.436113;0.881067,0.289271,0.364503,0.0847417
0.79566,0.354371,0.432226;0.87841,0.30191,0.361064,0.0829431
0.799128,0.345474,0.428475;0.875593,0.314495,0.357559,0.0811293
0.802522,0.336588,0.424857;0.872616,0.327022,0.35399,0.0793008
0.805844,0.327715,0.421371;0.869481,0.33949,0.350356,0.0774579
0.809094,0.318854,0.418016;0.866188,0.351896,0.346658,0.0756008
0.812721,0.308743,0.414339;0.862232,0.365996,0.342355,0.0734617
0.816255,0.29865,0.410829;0.85807,0.380009,0.33797,0.0713051
0.819698,0.288576,0.407483;0.853705,0.393931,0.333506,0.0691316
0.82305,0.278522,0.404299;0.849137,0.40776,0.328962,0.0669417
0.826314,0.268488,0.401274;0.844368,0.421493,0.32434,0.0647359
0.829488,0.258475,0.398407;0.839398,0.435125,0.319641,0.0625146
0.832576,0.248484,0.395694;0.834228,0.448653,0.314866,0.0602786
0.835576,0.238516,0.393134;0.82886,0.462076,0.310016,0.0580282
0.838492,0.228572,0.390725;0.823295,0.475388,0.305092,0.055764
0.841322,0.218652,0.388464;0.817535,0.488587,0.300096,0.0534866
0.84407,0.208757,0.386349;0.811581,0.501671,0.295029,0.0511965
0.846735,0.198888,0.384377;0.805434,0.514635,0.289892,0.0488942
0.849318,0.189046,0.382547;0.799095,0.527477,0.284685,0.0465803
0.85182,0.179231,0.380856;0.792567,0.540193,0.279412,0.0442553
0.854243,0.169445,0.379302;0.78585,0.552782,0.274071,0.0419199
0.856588,0.159688,0.377882;0.778946,0.565239,0.268666,0.0395744
0.858854,0.149961,0.376595;0.771858,0.577561,0.263197,0.0372196
0.861044,0.140264,0.375438;0.764586,0.589747,0.257665,0.0348559
0.863418,0.129393,0.374289;0.756189,0.603288,0.251369,0.0321869
0.865697,0.118564,0.373299;0.747563,0.616648,0.244997,0.0295082
0.867883,0.107776,0.372463;0.738714,0.629822,0.238552,0.0268206
0.869977,0.097032,0.37178;0.729642,0.642807,0.232035,0.024125
0.871981,0.0863323,0.371246;0.72035,0.655599,0.225448,0.0214222
0.873897,0.0756782,0.370857;0.710842,0.668193,0.218793,0.0187128
0.875724,0.0650708,0.370611;0.701121,0.680587,0.212073,0.0159979
0.877466,0.0545112,0.370504;0.691188,0.692776,0.205288,0.0132782
0.879123,0.0440007,0.370533;0.681048,0.704757,0.198442,0.0105544
0.880697,0.0335403,0.370694;0.670703,0.716526,0.191537,0.00782749
0.88219,0.0231312,0.370985;0.660157,0.72808,0.184574,0.00509823
0.883601,0.0127744,0.371403;0.649412,0.739414,0.177555,0.00236742
0.884934,0.00247122,0.371943;0.638471,0.750526,0.170483,-0.000364089
0.886189,-0.00777732,0.372603;0.627339,0.761413,0.163359,-0.00309549
0.887367,-0.01797,0.37338;0.616018,0.772071,0.156187,-0.00582596
0.888471,-0.0281058,0.37427;0.604512,0.782496,0.148968,-0.00855469
0.889501,-0.0381835,0.375271;0.592824,0.792687,0.141703,-0.0112808
0.890459,-0.048202,0.376378;0.580958,0.802639,0.134397,-0.0140036
0.891347,-0.0581602,0.377589;0.568917,0.81235,0.127049,-0.0167221
0.892165,-0.0680569,0.3789;0.556706,0.821816,0.119664,-0.0194357
0.892994,-0.0789797,0.380471;0.542941,0.832045,0.111416,-0.0224438
0.893742,-0.0898237,0.382158;0.528974,0.841964,0.103126,-0.0254436
0.894409,-0.100587,0.383956;0.514812,0.851571,0.0947986,-0.028434
0.894999,-0.111269,0.385861;0.500458,0.860862,0.0864357,-0.0314138
0.895512,-0.121867,0.387868;0.485919,0.869834,0.0780407,-0.0343819
0.895951,-0.13238,0.389973;0.471199,0.878482,0.0696167,-0.0373373
0.896317,-0.142806,0.392171;0.456304,0.886805,0.0611669,-0.0402788
0.896614,-0.153144,0.394458;0.44124,0.894798,0.0526944,-0.0432054
0.896841,-0.163393,0.396831;0.426012,0.90246,0.0442023,-0.0461159
0.897002,-0.17355,0.399283;0.410626,0.909786,0.0356939,-0.0490094
0.897098,-0.183614,0.401811;0.395088,0.916775,0.0271721,-0.0518846
0.897132,-0.193584,0.404411;0.379402,0.923423,0.0186403,-0.0547406
0.897104,-0.203458,0.407077;0.363577,0.929728,0.0101016,-0.0575762
0.897018,-0.213234,0.409806;0.347616,0.935689,0.0015591,-0.0603905
0.896874,-0.222911,0.412593;0.331526,0.941302,-0.00698396,-0.0631824
0.896652,-0.23344,0.415721;0.313685,0.947073,-0.0163782,-0.0662263
0.896367,-0.243845,0.418908;0.295704,0.952419,-0.0257651,-0.0692405
0.896019,-0.254123,0.422147;0.277589,0.957337,-0.0351404,-0.0722236
0.895613,-0.264274,0.425435;0.25935,0.961824,-0.0445,-0.0751742
0.89515,-0.274295,0.428763;0.240994,0.96588,-0.0538395,-0.0780911
0.894633,-0.284184,0.432127;0.222531,0.969502,-0.0631549,-0.0809729
0.894064,-0.293938,0.435521;0.203967,0.972689,-0.0724419,-0.0838184
0.893447,-0.303556,0.438938;0.185312,0.975439,-0.0816964,-0.0866262
0.892783,-0.313036,0.442373;0.166573,0.977751,-0.0909142,-0.0893951
0.892009,-0.323217,0.446134;0.146046,0.979772,-0.100923,-0.0923699
0.891133,-0.333849,0.450137;0.129345,0.98078,-0.110026,-0.0960974
0.890283,-0.343442,0.453813;0.140357,0.978505,-0.11087,-0.102644
0.889391,-0.352869,0.457485;0.151344,0.976064,-0.111695,-0.109174
0.888459,-0.362129,0.461149;0.162306,0.973456,-0.112501,-0.115685
0.887324,-0.372717,0.465409;0.17506,0.970205,-0.113417,-0.123256
0.88614,-0.38307,0.469648;0.187773,0.96673,-0.114307,-0.130799
0.88491,-0.393187,0.47386;0.200443,0.963031,-0.115171,-0.138311
0.883636,-0.403064,0.47804;0.213066,0.959109,-0.116007,-0.145792
0.882321,-0.412698,0.482182;0.225641,0.954965,-0.116817,-0.153239
0.880968,-0.422087,0.486281;0.238163,0.9506,-0.1176,-0.16065
0.87958,-0.431227,0.49033;0.250629,0.946015,-0.118356,-0.168024
0.877954,-0.441364,0.494891;0.264806,0.940507,-0.119186,-0.176404
0.87629,-0.451169,0.499372;0.278903,0.934715,-0.11998,-0.18473
0.874592,-0.460637,0.503766;0.292915,0.928641,-0.120738,-0.193001
0.872864,-0.469763,0.508063;0.306839,0.922286,-0.12146,-0.201213
0.870889,-0.479616,0.512772;0.322392,0.914803,-0.122227,-0.210379
0.868888,-0.489026,0.517336;0.337822,0.90697,-0.122948,-0.219465
0.866866,-0.497985,0.521745;0.353123,0.898791,-0.123622,-0.228467
0.864603,-0.507405,0.526446;0.369965,0.889299,-0.124315,-0.238366
0.862329,-0.516253,0.530923;0.386632,0.879388,-0.12495,-0.248152
0.859826,-0.525316,0.53557;0.404755,0.868006,-0.12558,-0.258782
0.857105,-0.534389,0.540284;0.424262,0.855024,-0.126185,-0.27021
0.854185,-0.543243,0.544939;0.445068,0.840304,-0.126744,-0.282382
0.850874,-0.552176,0.549681;0.468632,0.822488,-0.127263,-0.296146
0.847231,-0.560602,0.554175;0.494735,0.80124,-0.127688,-0.311364
0.842749,-0.568766,0.558476;0.527509,0.772124,-0.127979,-0.330424
0.836033,-0.575286,0.561407;0.579872,0.719214,-0.12781,-0.360755
0.829769,-0.570487,0.556657;0.638477,0.648636,-0.126491,-0.394486
0.827598,-0.562408,0.55026;0.666107,0.610125,-0.125348,-0.410289
0.82657,-0.554468,0.544085;0.684351,0.58243,-0.124369,-0.42068
0.826024,-0.545912,0.537446;0.695091,0.564044,-0.122048,-0.428728
0.825827,-0.537286,0.530748;0.682817,0.57774,-0.11376,-0.432477
0.825855,-0.528547,0.523958;0.67141,0.589979,-0.106185,-0.435727
0.826034,-0.520009,0.517323;0.660944,0.600819,-0.0993349,-0.438523
0.826305,-0.511927,0.511042;0.651484,0.610313,-0.0932227,-0.440904
0.826672,-0.503417,0.50443;0.641879,0.619671,-0.0870896,-0.443187
0.827126,-0.494516,0.497515;0.632131,0.62889,-0.0809372,-0.445372
0.827588,-0.486433,0.491239;0.623486,0.636843,-0.075539,-0.447202
0.828104,-0.4781,0.48477;0.614735,0.644687,-0.0701279,-0.448956
0.828668,-0.46954,0.47813;0.605879,0.652421,-0.0647049,-0.450633
0.829274,-0.460778,0.471335;0.59692,0.660044,-0.0592708,-0.452234
0.829917,-0.451836,0.464406;0.587859,0.667554,-0.0538267,-0.453757
0.830589,-0.442738,0.457361;0.578698,0.674951,-0.0483733,-0.455203
0.831186,-0.434833,0.451244;0.570767,0.681199,-0.0436924,-0.456381
0.831796,-0.426846,0.445068;0.562764,0.687362,-0.0390061,-0.457502
0.832417,-0.418791,0.438844;0.554692,0.693439,-0.0343148,-0.458565
0.833044,-0.410683,0.432585;0.546549,0.699429,-0.0296193,-0.459571
0.833675,-0.402537,0.426302;0.538338,0.705332,-0.02492,-0.460519
0.834304,-0.394368,0.420007;0.53006,0.711146,-0.0202176,-0.46141
0.834929,-0.38619,0.413712;0.521715,0.716871,-0.0155127,-0.462243
0.835546,-0.378018,0.407429;0.513305,0.722507,-0.0108059,-0.463018
0.836151,-0.369867,0.40117;0.504831,0.728051,-0.00609767,-0.463735
0.83674,-0.361752,0.394947;0.496293,0.733505,-0.0013887,-0.464394
0.83731,-0.353688,0.388771;0.487694,0.738867,0.00332044,-0.464994
0.837856,-0.345689,0.382654;0.479033,0.744136,0.00802917,-0.465537
0.83846,-0.336459,0.37561;0.468853,0.750166,0.0135214,-0.466096
0.83902,-0.327362,0.368681;0.458593,0.756068,0.0190113,-0.466576
0.839532,-0.318421,0.361887;0.448255,0.76184,0.0244979,-0.466976
0.83999,-0.30966,0.355247;0.43784,0.767483,0.0299804,-0.467297
0.840388,-0.301102,0.348779;0.427351,0.772996,0.0354578,-0.467538
0.840719,-0.29277,0.342503;0.416789,0.778376,0.0409291,-0.467699
0.840977,-0.284689,0.336437;0.406156,0.783624,0.0463935,-0.46778
0.841177,-0.275789,0.329787;0.393919,0.789458,0.0526287,-0.467776
0.841266,-0.267282,0.323464;0.381595,0.795116,0.0588522,-0.467667
0.841235,-0.259202,0.317497;0.369186,0.800597,0.0650626,-0.467455
0.841045,-0.250667,0.311245;0.355127,0.80655,0.0720319,-0.467091
0.840629,-0.241931,0.304916;0.339389,0.812897,0.0797517,-0.466533
0.8399,-0.233309,0.298771;0.321941,0.819553,0.0882114,-0.465731
0.838642,-0.224575,0.292707;0.301147,0.826974,0.098161,-0.46453
0.83645,-0.216201,0.287198;0.275312,0.83544,0.110327,-0.462678
0.831203,-0.208871,0.283395;0.232818,0.847607,0.129882,-0.458791
0.82266,-0.210757,0.287461;0.13552,0.886317,0.149426,-0.416831
0.816551,-0.21607,0.293537;0.0706093,0.906744,0.159384,-0.383962
0.811242,-0.221935,0.299986;0.0191599,0.919132,0.16658,-0.356484
0.806236,-0.228096,0.306774;-0.0264166,0.927328,0.172445,-0.331102
0.801683,-0.23403,0.313418;-0.0659923,0.932327,0.177151,-0.308268
0.797213,-0.240035,0.320298;-0.10346,0.935233,0.181271,-0.285965
0.792873,-0.245946,0.327273;-0.138773,0.936324,0.184852,-0.264327
0.78845,-0.251973,0.334639;-0.173846,0.935796,0.188113,-0.242232
0.784216,-0.257684,0.341908;-0.206696,0.933812,0.190895,-0.220979
0.779946,-0.263328,0.349437;-0.239226,0.930387,0.193382,-0.199386
0.775657,-0.268822,0.357182;-0.271388,0.925527,0.195571,-0.177485
0.771368,-0.274083,0.365099;-0.303131,0.919239,0.197458,-0.15531
0.767096,-0.279028,0.373145;-0.334407,0.911534,0.199041,-0.132895
0.762858,-0.283574,0.381277;-0.365167,0.902422,0.200316,-0.110276
0.758674,-0.287639,0.389451;-0.395363,0.891919,0.201283,-0.0874863
0.754321,-0.291325,0.398103;-0.42667,0.879299,0.201968,-0.0632099
0.750069,-0.29428,0.406701;-0.45724,0.865158,0.202304,-0.0388242
0.745713,-0.296495,0.415663;-0.488648,0.848609,0.202279,-0.0130117
0.741302,-0.297701,0.424903;-0.520692,0.829423,0.201832,0.0141854
0.736894,-0.297578,0.434317;-0.55314,0.807373,0.200898,0.0427088
0.732748,-0.295878,0.443353;-0.584287,0.783423,0.199492,0.0711317
0.728898,-0.292445,0.451931;-0.614058,0.75763,0.197616,0.0993871
0.725378,-0.287122,0.459968;-0.642384,0.730053,0.195276,0.127409
0.722362,-0.280152,0.467044;-0.667957,0.702191,0.192619,0.153818
0.719954,-0.27218,0.472871;-0.689755,0.675831,0.189876,0.177307
0.717965,-0.263082,0.477856;-0.709247,0.649862,0.186984,0.199211
0.716456,-0.25372,0.481799;-0.725538,0.626115,0.184193,0.218283
0.715265,-0.243802,0.485068;-0.739958,0.603272,0.181388,0.235848
0.714358,-0.233529,0.487726;-0.752654,0.581495,0.178613,0.251938
0.713697,-0.223106,0.489839;-0.763772,0.560927,0.175909,0.266589
0.713245,-0.212733,0.491476;-0.773448,0.541693,0.173311,0.279839
0.712967,-0.202603,0.492705;-0.781811,0.523905,0.170852,0.291728
0.712818,-0.191789,0.493677;-0.789756,0.505837,0.168302,0.303461
0.712798,-0.181459,0.494325;-0.796547,0.489344,0.165931,0.313883
0.712889,-0.170548,0.494753;-0.802993,0.47264,0.163487,0.324168
0.713064,-0.160354,0.494942;-0.808432,0.45762,0.161256,0.333194
0.713331,-0.149683,0.494947;-0.813594,0.442444,0.158969,0.342106
0.713665,-0.13927,0.49478;-0.81758,0.43335,0.158824,0.344304
0.714063,-0.128841,0.494465;-0.820402,0.432568,0.161798,0.337115
0.714534,-0.118035,0.494002;-0.823168,0.431755,0.164761,0.329903
0.715076,-0.106866,0.493397;-0.825876,0.430913,0.167713,0.322668
0.715686,-0.0953479,0.492657;-0.828528,0.430041,0.170653,0.315411
0.716362,-0.0834957,0.491787;-0.831122,0.429139,0.173581,0.308132
0.7171,-0.0713234,0.490793;-0.833659,0.428207,0.176498,0.300831
0.717735,-0.0613646,0.489912;-0.835647,0.427441,0.178822,0.294976
0.718407,-0.0512175,0.488958;-0.837598,0.426655,0.181139,0.289107
0.719115,-0.0408892,0.487935;-0.839512,0.425851,0.183447,0.283226
0.719858,-0.0303871,0.486844;-0.841389,0.425028,0.185747,0.277333
0.720636,-0.0197186,0.485689;-0.843229,0.424186,0.188039,0.271427
0.721445,-0.00889087,0.484474;-0.845031,0.423325,0.190323,0.265509
0.722286,0.00208866,0.4832;-0.846797,0.422446,0.192598,0.259579
0.723156,0.0132127,0.481871;-0.848524,0.421547,0.194865,0.253638
0.724056,0.024474,0.48049;-0.850214,0.420631,0.197123,0.247685
0.724982,0.0358652,0.47906;-0.851867,0.419695,0.199373,0.241722
0.725935,0.0473789,0.477583;-0.853481,0.418741,0.201614,0.235748
0.726913,0.0590079,0.476063;-0.855058,0.417769,0.203845,0.229763
0.727914,0.0707449,0.474503;-0.856598,0.416778,0.206068,0.223769
0.728938,0.0825824,0.472905;-0.858099,0.415769,0.208282,0.217764
0.729982,0.0945133,0.471272;-0.859562,0.414741,0.210486,0.21175
0.731046,0.10653,0.469608;-0.860988,0.413695,0.212681,0.205726
0.732129,0.118626,0.467916;-0.862375,0.41263,0.214867,0.199694
0.733229,0.130793,0.466198;-0.863724,0.411548,0.217043,0.193652
0.734345,0.143024,0.464457;-0.865035,0.410447,0.21921,0.187602
0.735476,0.155312,0.462696;-0.866308,0.409328,0.221367,0.181544
0.73662,0.167649,0.460918;-0.867542,0.408191,0.223514,0.175477
0.737777,0.180028,0.459127;-0.868738,0.407036,0.225651,0.169403
0.738944,0.192442,0.457325;-0.869896,0.405863,0.227778,0.163322
0.740121,0.204884,0.455514;-0.871015,0.404671,0.229895,0.157233
0.741306,0.217345,0.453699;-0.872095,0.403462,0.232002,0.151137
0.742499,0.22982,0.451882;-0.873138,0.402236,0.234099,0.145034
0.743697,0.2423,0.450065;-0.874141,0.400991,0.236185,0.138926
0.744899,0.254778,0.448252;-0.875106,0.399729,0.238261,0.13281
0.746105,0.267247,0.446446;-0.876032,0.398449,0.240327,0.12669
0.747314,0.2797,0.44465;-0.876919,0.397151,0.242382,0.120563
0.748522,0.292129,0.442867;-0.877767,0.395836,0.244426,0.114431
0.749731,0.304527,0.441099;-0.878577,0.394503,0.246459,0.108294
0.750937,0.316887,0.439349;-0.879348,0.393153,0.248481,0.102153
0.752141,0.329201,0.437621;-0.88008,0.391785,0.250493,0.0960063
0.75334,0.341462,0.435918;-0.880773,0.3904,0.252493,0.0898558
0.754533,0.353662,0.434242;-0.881427,0.388998,0.254482,0.0837014
0.75572,0.365795,0.432596;-0.882042,0.387579,0.25646,0.0775432
0.756899,0.377853,0.430984;-0.882618,0.386142,0.258426,0.0713817
0.758068,0.389829,0.429407;-0.883155,0.384689,0.260381,0.0652169
0.759226,0.401715,0.42787;-0.883653,0.383218,0.262325,0.0590493
0.760373,0.413505,0.426376;-0.884112,0.38173,0.264257,0.0528791
0.761506,0.42519,0.424926;-0.884532,0.380226,0.266177,0.0467065
0.762625,0.436763,0.423524;-0.884912,0.378705,0.268086,0.0405319
0.763729,0.448218,0.422173;-0.885254,0.377167,0.269982,0.0343554
0.764815,0.459547,0.420877;-0.885556,0.375612,0.271867,0.0281775
0.765883,0.470742,0.419637;-0.885819,0.374041,0.27374,0.0219983
0.766931,0.481796,0.418457;-0.886044,0.372453,0.2756,0.0158181
0.767959,0.492702,0.41734;-0.886228,0.370849,0.277449,0.00963726
0.768965,0.503453,0.416288;-0.886374,0.369228,0.279285,0.00345596
0.769947,0.514041,0.415305;-0.88648,0.367591,0.281109,-0.00272548
0.770904,0.524459,0.414394;-0.886548,0.365937,0.28292,-0.00890681
0.771836,0.5347,0.413557;-0.886576,0.364268,0.284719,-0.0150877
0.772741,0.544756,0.412798;-0.886565,0.362582,0.286505,-0.021268
0.773832,0.557055,0.411963;-0.886495,0.360453,0.28872,-0.028992
0.774875,0.56904,0.411259;-0.886365,0.358298,0.290915,-0.036714
0.77587,0.580696,0.410692;-0.886173,0.356119,0.29309,-0.0444334
0.776813,0.59201,0.410269;-0.88592,0.353915,0.295244,-0.0521498
0.777701,0.602966,0.409994;-0.885606,0.351687,0.297379,-0.0598625
0.778532,0.613551,0.409874;-0.885231,0.349434,0.299492,-0.0675711
0.779305,0.62375,0.409914;-0.884795,0.347158,0.301585,-0.0752751
0.78015,0.63546,0.410181;-0.88419,0.344394,0.304069,-0.0845129
0.780902,0.646569,0.410698;-0.883498,0.341596,0.306523,-0.0937424
0.781556,0.657052,0.411474;-0.882717,0.338764,0.308946,-0.102962
0.782191,0.66846,0.41272;-0.881696,0.335417,0.311735,-0.113706
0.782681,0.678943,0.414347;-0.880555,0.332025,0.314481,-0.124435
0.783054,0.689743,0.416695;-0.879105,0.328094,0.317567,-0.136675
0.783223,0.700315,0.419987;-0.877288,0.323601,0.320972,-0.150416
0.783084,0.710006,0.424492;-0.875039,0.318525,0.324671,-0.165645
0.78251,0.718036,0.430529;-0.872285,0.312839,0.328636,-0.182343
0.781228,0.723769,0.439209;-0.868655,0.305985,0.33318,-0.201998
0.779251,0.725194,0.449657;-0.864619,0.298987,0.337568,-0.221559
0.777003,0.72285,0.459954;-0.860888,0.292957,0.341158,-0.23803
0.774752,0.718397,0.469418;-0.857622,0.287951,0.344011,-0.251447
0.772427,0.712453,0.478644;-0.854557,0.283446,0.346482,-0.263327
0.770135,0.705669,0.487365;-0.851751,0.279464,0.348594,-0.273683
0.767973,0.698648,0.495333;-0.849254,0.27602,0.350367,-0.28253
0.765624,0.690488,0.503768;-0.846673,0.272549,0.352104,-0.29135
0.763521,0.682798,0.511161;-0.844458,0.269635,0.353526,-0.298677
0.761283,0.674286,0.51889;-0.842184,0.266703,0.354923,-0.305984
0.758908,0.664937,0.526961;-0.839852,0.263753,0.356295,-0.313269
0.756907,0.656845,0.533668;-0.837944,0.261379,0.357375,-0.319082
0.754815,0.648201,0.540601;-0.836,0.258994,0.35844,-0.324881
0.752631,0.638997,0.547763;-0.834018,0.256597,0.359488,-0.330665
0.750354,0.629226,0.555156;-0.832,0.25419,0.360521,-0.336435
0.747982,0.618881,0.562784;-0.829945,0.25177,0.361537,-0.342189
