0.796902,0.507098,0.33906;-0.0476823,0.814767,0.576873,0.0331613
0.802883,0.500963,0.345305;-0.0625335,0.819725,0.569012,0.0191175
0.808461,0.49493,0.351376;-0.0773531,0.82427,0.560865,0.00506397
0.814142,0.48841,0.357856;-0.0936094,0.82879,0.551577,-0.0103976
0.819357,0.482009,0.364132;-0.109809,0.832804,0.541952,-0.0258527
0.824528,0.475162,0.370751;-0.127404,0.836603,0.531075,-0.0426946
0.829175,0.468453,0.377136;-0.144906,0.839795,0.519813,-0.0595055
0.833633,0.461338,0.383797;-0.163748,0.842565,0.507187,-0.0776682
0.837512,0.45438,0.390196;-0.182451,0.844617,0.494128,-0.0957646
0.841064,0.447059,0.396802;-0.202418,0.846022,0.479595,-0.115161
0.844175,0.439409,0.403562;-0.223588,0.8466,0.463498,-0.135817
0.846597,0.431956,0.410002;-0.244505,0.846218,0.446875,-0.156319
0.848454,0.424217,0.416529;-0.26651,0.844752,0.428585,-0.177991
0.849646,0.416229,0.42309;-0.289513,0.842,0.408548,-0.200765
0.850075,0.408025,0.429633;-0.313409,0.837749,0.386683,-0.22456
0.8497,0.400077,0.435778;-0.336793,0.83213,0.364187,-0.247988
0.848486,0.391956,0.44185;-0.360878,0.824725,0.339796,-0.272277
0.846366,0.383696,0.447804;-0.385521,0.815308,0.313455,-0.297308
0.843451,0.37572,0.453332;-0.409386,0.804248,0.286481,-0.32174
0.839611,0.367642,0.458703;-0.433555,0.79089,0.257538,-0.346695
0.835052,0.359855,0.463658;-0.456761,0.775773,0.228023,-0.370879
0.829855,0.352346,0.468223;-0.478951,0.758932,0.198001,-0.394238
0.824101,0.345105,0.472425;-0.500076,0.740404,0.167538,-0.416721
0.817871,0.338118,0.476291;-0.52009,0.72023,0.136703,-0.438277
0.811246,0.331374,0.479848;-0.538948,0.698455,0.105564,-0.45886
0.804306,0.324861,0.483123;-0.556607,0.675127,0.074191,-0.478422
0.797134,0.318567,0.486143;-0.573029,0.650299,0.0426526,-0.49692
0.789457,0.312194,0.489063;-0.588867,0.622738,0.00951188,-0.515114
0.781706,0.306033,0.491764;-0.603267,0.593658,-0.0236521,-0.532052
0.773973,0.300072,0.494276;-0.616196,0.56313,-0.0567583,-0.547691
0.766009,0.294038,0.496736;-0.628105,0.529747,-0.09122,-0.562612
0.758242,0.288168,0.499066;-0.626198,0.531432,-0.0921607,-0.562995
0.750151,0.281989,0.501462;-0.616812,0.552385,-0.0750488,-0.555681
0.74191,0.275541,0.503899;-0.606103,0.574409,-0.0565478,-0.547262
0.734242,0.269282,0.506203;-0.59478,0.595852,-0.0379895,-0.538288
0.726756,0.262758,0.508542;-0.581979,0.618156,-0.0180633,-0.528069
0.719717,0.255975,0.510909;-0.56758,0.641154,0.00321378,-0.516492
0.713117,0.248516,0.513442;-0.550484,0.666012,0.0271441,-0.502652
0.707631,0.240382,0.516134;-0.530409,0.692321,0.0536782,-0.486288
0.704032,0.23114,0.519127;-0.50597,0.720805,0.0840519,-0.466229
0.703751,0.221513,0.522203;-0.478995,0.748425,0.1155,-0.44394
0.707197,0.212191,0.525176;-0.451806,0.772806,0.145316,-0.421339
0.713054,0.204343,0.527699;-0.428409,0.791355,0.169651,-0.401797
0.720263,0.197583,0.529903;-0.408086,0.805832,0.1899,-0.384757
0.728383,0.191525,0.531908;-0.389859,0.817626,0.207413,-0.36943
0.736756,0.186206,0.533697;-0.37392,0.827076,0.222257,-0.355993
0.745625,0.181214,0.535402;-0.359066,0.835198,0.235719,-0.343443
0.754713,0.17657,0.537013;-0.345366,0.842128,0.24783,-0.331848
0.764063,0.172155,0.538567;-0.359736,0.839155,0.246073,-0.325355
0.7736,0.167931,0.540081;-0.393543,0.82848,0.234308,-0.322249
0.783186,0.163904,0.541557;-0.424858,0.817369,0.222933,-0.318911
0.792655,0.160095,0.542989;-0.453736,0.806029,0.212017,-0.315421
0.802541,0.156269,0.54447;-0.482118,0.793806,0.200869,-0.311587
0.812101,0.152693,0.545899;-0.508132,0.781615,0.190265,-0.3077
0.821943,0.149122,0.547376;-0.533662,0.768679,0.179481,-0.30352
0.831299,0.145821,0.548791;-0.556914,0.756011,0.169313,-0.29938
0.840832,0.142542,0.550251;-0.579708,0.742721,0.159006,-0.294994
0.850511,0.139294,0.551757;-0.602025,0.728822,0.148569,-0.290365
0.860302,0.136084,0.553311;-0.623848,0.714323,0.138009,-0.285498
0.870175,0.132922,0.554914;-0.645159,0.699238,0.127336,-0.280396
0.880099,0.129816,0.556569;-0.665939,0.683578,0.116559,-0.275064
0.89004,0.126773,0.558277;-0.686173,0.667356,0.105686,-0.269505
0.899969,0.123802,0.560039;-0.705842,0.650586,0.0947255,-0.263726
0.909852,0.120913,0.561858;-0.724932,0.633282,0.0836876,-0.257729
0.919658,0.118112,0.563735;-0.743426,0.615457,0.0725808,-0.251521
0.929356,0.115408,0.565672;-0.761309,0.597127,0.0614145,-0.245106
0.938913,0.11281,0.56767;-0.778566,0.578306,0.0501977,-0.23849
0.949013,0.110139,0.569893;-0.796435,0.557506,0.0380722,-0.231146
0.958873,0.107612,0.572192;-0.813546,0.536175,0.0259104,-0.223582
0.968455,0.105237,0.574568;-0.829881,0.514333,0.0137239,-0.215804
0.978368,0.102874,0.577203;-0.846505,0.490387,0.000652779,-0.207243
0.987866,0.100711,0.579932;-0.862203,0.465906,-0.0124191,-0.198456
0.997487,0.098639,0.58295;-0.877907,0.43923,-0.0263471,-0.188843
1.00707,0.0967206,0.586281;-0.893395,0.41029,-0.0411092,-0.178372
1.01641,0.0950276,0.589951;-0.908426,0.37902,-0.0566764,-0.167013
1.02573,0.0935807,0.594209;-0.923448,0.343577,-0.0738674,-0.154084
1.03455,0.0925522,0.599117;-0.937897,0.303821,-0.0926104,-0.139517
1.04284,0.0921508,0.605232;-0.952126,0.255922,-0.114477,-0.12188
1.04937,0.0929132,0.612987;-0.964999,0.197727,-0.140051,-0.100334
1.05185,0.0955304,0.622376;-0.974114,0.130926,-0.168132,-0.0754496
1.04914,0.0996154,0.631447;-0.974748,0.100943,-0.187303,-0.0677788
1.04361,0.103996,0.638996;-0.970014,0.119572,-0.194885,-0.0824384
1.03681,0.108386,0.645554;-0.965521,0.135274,-0.201202,-0.0948017
1.02911,0.112842,0.651594;-0.961052,0.149496,-0.206866,-0.106003
1.02105,0.117175,0.65705;-0.956717,0.162247,-0.211896,-0.116051
1.01308,0.121244,0.661887;-0.952617,0.17354,-0.216312,-0.124952
1.00441,0.12548,0.666685;-0.948286,0.18479,-0.220676,-0.133822
0.995119,0.129852,0.67142;-0.943724,0.195995,-0.224986,-0.14266
0.986536,0.133762,0.675491;-0.939544,0.205761,-0.228713,-0.150365
0.977577,0.137727,0.679477;-0.935189,0.215488,-0.232397,-0.158042
0.968289,0.141724,0.683363;-0.93066,0.225176,-0.236038,-0.16569
0.958718,0.145732,0.68713;-0.925958,0.234821,-0.239635,-0.173307
0.94891,0.149726,0.690762;-0.921084,0.244423,-0.243187,-0.180891
0.938913,0.153686,0.694242;-0.916038,0.253979,-0.246694,-0.188442
0.928774,0.157588,0.697554;-0.910822,0.263488,-0.250155,-0.195958
0.918538,0.161411,0.700681;-0.905436,0.272948,-0.25357,-0.203437
0.908252,0.16513,0.703606;-0.899882,0.282357,-0.256937,-0.210879
0.897964,0.168724,0.706312;-0.894161,0.291714,-0.260256,-0.218281
0.887719,0.172171,0.708782;-0.888272,0.301016,-0.263528,-0.225642
0.877565,0.175447,0.711001;-0.882219,0.310262,-0.26675,-0.232962
0.867547,0.17853,0.71295;-0.876002,0.319451,-0.269922,-0.240238
0.857714,0.181398,0.714613;-0.869621,0.32858,-0.273044,-0.24747
0.84811,0.184029,0.715973;-0.863079,0.337648,-0.276116,-0.254655
0.837477,0.186714,0.717136;-0.855405,0.347934,-0.279563,-0.262809
0.827275,0.189026,0.717857;-0.847523,0.358136,-0.282942,-0.270899
0.8164,0.191139,0.718108;-0.83841,0.369509,-0.286662,-0.279922
0.806259,0.192687,0.717732;-0.82904,0.380768,-0.290293,-0.288858
0.795971,0.193689,0.716535;-0.818329,0.393141,-0.294223,-0.298683
0.786003,0.193841,0.714215;-0.806188,0.406578,-0.298417,-0.309359
0.776286,0.19262,0.710032;-0.791362,0.422217,-0.303196,-0.321793
0.768646,0.189453,0.703664;-0.774829,0.438756,-0.308125,-0.334952
0.764494,0.184638,0.695905;-0.758959,0.453821,-0.312497,-0.346948
0.763405,0.178947,0.687734;-0.742494,0.48534,-0.292857,-0.356906
0.76429,0.172783,0.679438;-0.724659,0.523507,-0.260442,-0.364663
0.766314,0.166579,0.671408;-0.707337,0.555668,-0.231458,-0.370588
0.76903,0.160372,0.663582;-0.690316,0.583709,-0.204793,-0.375243
0.772085,0.154381,0.65617;-0.674028,0.607906,-0.180618,-0.378832
0.775433,0.148397,0.648874;-0.657806,0.629875,-0.157627,-0.38171
0.779175,0.142109,0.641297;-0.64074,0.651037,-0.134433,-0.384098
0.782989,0.135964,0.633965;-0.623994,0.670118,-0.112531,-0.38589
0.787046,0.129599,0.626437;-0.606544,0.688443,-0.0905032,-0.387246
0.791008,0.123484,0.619256;-0.58964,0.704847,-0.0698508,-0.388118
0.795098,0.117218,0.611944;-0.572158,0.720559,-0.0491299,-0.388609
0.799275,0.110823,0.604524;-0.554113,0.735563,-0.0283608,-0.388718
0.803196,0.104784,0.597552;-0.536869,0.748849,-0.00904975,-0.388478
0.807123,0.0986655,0.590518;-0.519171,0.7615,0.0102689,-0.387908
0.811025,0.0924825,0.583439;-0.501034,0.773507,0.0295789,-0.387011
0.814869,0.0862507,0.57633;-0.482472,0.784859,0.0488639,-0.385785
0.818622,0.0799857,0.569206;-0.463501,0.795546,0.0681074,-0.384233
0.822251,0.0737031,0.562085;-0.444138,0.805559,0.0872933,-0.382355
0.825724,0.0674184,0.554981;-0.424399,0.814891,0.106405,-0.380154
0.829007,0.0611472,0.547911;-0.4043,0.823532,0.125427,-0.37763
0.832295,0.0544266,0.540353;-0.382273,0.832058,0.145793,-0.374555
0.835284,0.0477594,0.532873;-0.35987,0.839766,0.166016,-0.371112
0.837935,0.0411648,0.525489;-0.337115,0.84665,0.186075,-0.367305
0.840206,0.0346624,0.518223;-0.314028,0.852703,0.205952,-0.363137
0.842172,0.02782,0.510589;-0.28895,0.858258,0.227024,-0.358275
0.843605,0.0211298,0.503138;-0.263546,0.862846,0.24784,-0.35301
0.84449,0.0141882,0.495417;-0.236123,0.866667,0.269734,-0.346955
0.84465,0.00747599,0.48796;-0.208396,0.869376,0.291283,-0.340455
0.843959,0.000628155,0.480359;-0.178644,0.871033,0.313769,-0.333071
0.84218,-0.00626571,0.472712;-0.146861,0.871413,0.337081,-0.324726
0.839239,-0.012752,0.465518;-0.11484,0.870378,0.359847,-0.315855
0.834778,-0.0191107,0.458463;-0.0808388,0.867753,0.383242,-0.305935
0.828822,-0.0249205,0.452011;-0.0466912,0.863558,0.405945,-0.295461
0.82171,-0.0298741,0.446498;-0.0142619,0.858143,0.426775,-0.285045
0.8136,-0.0340227,0.441866;0.0163879,0.851749,0.445813,-0.274783
0.804663,-0.0374253,0.438049;0.0452139,0.844605,0.463142,-0.26476
0.795083,-0.0401468,0.434976;0.0721863,0.836923,0.478849,-0.255056
0.785045,-0.0422562,0.432571;0.0972877,0.828901,0.493022,-0.245739
0.774741,-0.0438253,0.430755;0.120511,0.820724,0.505749,-0.23687
0.764359,-0.0449267,0.42945;0.141858,0.812558,0.517117,-0.228506
0.754086,-0.045633,0.428578;0.161336,0.804558,0.52721,-0.220694
0.744103,-0.0460151,0.428062;0.17896,0.796862,0.536109,-0.213476
0.73349,-0.0461422,0.427819;0.196493,0.788766,0.544739,-0.206151
0.723388,-0.0460328,0.427837;0.212189,0.781142,0.552273,-0.19947
0.712753,-0.045706,0.428087;0.227799,0.773201,0.559582,-0.192708
0.701574,-0.0451565,0.428574;0.243317,0.764946,0.566664,-0.185867
