0.777629,0.467634,0.479776;0.902106,-0.285886,-0.252342,0.201983
0.778555,0.455303,0.482767;0.902941,-0.282205,-0.251295,0.204714
0.779469,0.443141,0.48573;0.903756,-0.278518,-0.250244,0.207441
0.78037,0.431149,0.488666;0.904549,-0.274825,-0.249186,0.210163
0.781259,0.419324,0.491573;0.905322,-0.271125,-0.248123,0.21288
0.782136,0.407667,0.494453;0.906075,-0.267419,-0.247054,0.215592
0.783001,0.396175,0.497306;0.906807,-0.263707,-0.245979,0.218299
0.783854,0.384848,0.500131;0.907518,-0.259989,-0.244899,0.221001
0.784695,0.373684,0.502929;0.908208,-0.256265,-0.243813,0.223698
0.785524,0.362682,0.5057;0.908878,-0.252536,-0.242722,0.22639
0.786342,0.351842,0.508445;0.909527,-0.2488,-0.241625,0.229077
0.787149,0.341161,0.511162;0.910155,-0.245059,-0.240523,0.231759
0.787944,0.330639,0.513853;0.910763,-0.241313,-0.239415,0.234436
0.788728,0.320275,0.516517;0.911349,-0.23756,-0.238302,0.237107
0.789501,0.310067,0.519155;0.911915,-0.233803,-0.237183,0.239772
0.790264,0.300014,0.521766;0.912461,-0.23004,-0.236059,0.242433
0.791015,0.290116,0.524352;0.912985,-0.226272,-0.234929,0.245087
0.791756,0.280371,0.526911;0.913489,-0.222498,-0.233795,0.247736
0.792728,0.267613,0.530283;0.914128,-0.217459,-0.232273,0.25126
0.793681,0.255122,0.53361;0.91473,-0.212411,-0.230742,0.254773
0.794616,0.242896,0.536891;0.915295,-0.207355,-0.229202,0.258276
0.795534,0.230932,0.540127;0.915822,-0.20229,-0.227653,0.261768
0.796435,0.219227,0.543319;0.916313,-0.197217,-0.226094,0.26525
0.797318,0.207779,0.546466;0.916767,-0.192136,-0.224526,0.268721
0.798184,0.196583,0.549569;0.917183,-0.187047,-0.222949,0.272181
0.799035,0.185639,0.552628;0.917562,-0.181951,-0.221363,0.27563
0.799869,0.174943,0.555643;0.917904,-0.176847,-0.219768,0.279068
0.800687,0.164493,0.558615;0.918209,-0.171736,-0.218164,0.282494
0.80149,0.154285,0.561545;0.918477,-0.166618,-0.216551,0.28591
0.802277,0.144317,0.564431;0.918707,-0.161493,-0.21493,0.289313
0.80305,0.134586,0.567276;0.9189,-0.156362,-0.2133,0.292705
0.803995,0.122752,0.570772;0.91909,-0.149939,-0.21125,0.296928
0.804919,0.11128,0.574204;0.91922,-0.143507,-0.209186,0.301132
0.80582,0.100163,0.577571;0.919293,-0.137065,-0.20711,0.305318
0.806701,0.089396,0.580875;0.919308,-0.130615,-0.20502,0.309483
0.807562,0.0789746,0.584115;0.919264,-0.124157,-0.202917,0.31363
0.808403,0.068893,0.587293;0.919162,-0.117691,-0.200802,0.317756
0.809225,0.0591458,0.590409;0.919002,-0.111217,-0.198674,0.321862
0.810187,0.0478832,0.594066;0.918733,-0.103439,-0.196103,0.326763
0.811123,0.0370854,0.597637;0.91838,-0.0956519,-0.193515,0.331634
0.812035,0.0267431,0.601121;0.917943,-0.087856,-0.190909,0.336474
0.812924,0.0168471,0.604521;0.917423,-0.0800521,-0.188285,0.341284
0.81379,0.00738831,0.607836;0.916819,-0.0722409,-0.185645,0.346063
0.814773,-0.0031068,0.611598;0.916009,-0.0631195,-0.182543,0.351599
0.81573,-0.0130341,0.615249;0.915085,-0.0539903,-0.179418,0.35709
0.81666,-0.0224082,0.61879;0.914048,-0.0448544,-0.176271,0.362538
0.817694,-0.0324628,0.622704;0.912723,-0.0344066,-0.172648,0.368708
0.8187,-0.0418358,0.62648;0.91125,-0.0239533,-0.168997,0.374819
0.8198,-0.0515928,0.630565;0.909417,-0.0121887,-0.164856,0.381621
0.820987,-0.0614924,0.634905;0.907161,0.000885889,-0.160216,0.389086
0.822256,-0.0712863,0.639444;0.904415,0.0152675,-0.155065,0.397185
0.823604,-0.0807264,0.644122;0.901102,0.0309511,-0.149392,0.40588
0.825031,-0.0895712,0.648877;0.897143,0.0479288,-0.143184,0.415133
0.826648,-0.09811,0.653972;0.892097,0.0674924,-0.135946,0.425589
0.82857,-0.106194,0.659555;0.885372,0.090917,-0.127157,0.437815
0.831145,-0.11371,0.666144;0.875275,0.12203,-0.115279,0.453556
0.834833,-0.11896,0.673734;0.868931,0.115733,-0.0947332,0.471795
0.840371,-0.118408,0.681677;0.874372,-0.0623739,-0.0511563,0.478504
0.84578,-0.111615,0.68664;0.854662,-0.218109,-0.0111904,0.471017
0.850286,-0.10312,0.689362;0.824376,-0.333544,0.0196265,0.456911
0.854372,-0.0940889,0.691066;0.788815,-0.427278,0.0454853,0.439472
0.858218,-0.0849165,0.692199;0.750011,-0.506455,0.0679954,0.419957
0.861966,-0.0756568,0.692989;0.708417,-0.575662,0.0882555,0.39871
0.865689,-0.0663583,0.693557;0.664326,-0.637131,0.106794,0.375937
0.86948,-0.0569476,0.693984;0.617346,-0.692784,0.124117,0.351466
0.873329,-0.047575,0.694321;0.56813,-0.742649,0.14018,0.325653
0.877228,-0.0383687,0.694608;0.517288,-0.786828,0.154962,0.298833
0.8813,-0.0291394,0.69489;0.463615,-0.826699,0.168896,0.270378
0.88555,-0.0199877,0.6952;0.407403,-0.862045,0.181905,0.240442
0.889985,-0.011014,0.695572;0.348961,-0.892671,0.193918,0.20919
0.894833,-0.00191893,0.69606;0.316968,-0.910607,0.187771,0.187265
0.900113,0.00712162,0.696665;0.34341,-0.908654,0.146271,0.187145
0.905565,0.0155122,0.697265;0.369019,-0.904496,0.104416,0.186571
0.911681,0.0237483,0.697791;0.396038,-0.897427,0.0582888,0.185423
0.918431,0.0313084,0.698045;0.424098,-0.886782,0.00796227,0.183563
0.926298,0.0378806,0.697693;0.454815,-0.870619,-0.0504392,0.180617
0.935417,0.0419848,0.696031;0.488139,-0.846549,-0.118593,0.1761
0.944744,0.0413058,0.692319;0.520038,-0.815203,-0.189925,0.170098
0.952096,0.0361668,0.687306;0.5438,-0.784633,-0.248357,0.164169
0.957386,0.0290689,0.682073;0.5602,-0.758559,-0.292337,0.159071
0.961481,0.0209564,0.676728;0.572521,-0.735351,-0.328032,0.15451
0.964711,0.0124442,0.671447;0.582016,-0.714673,-0.357589,0.150431
0.967355,0.00367046,0.666201;0.589652,-0.695754,-0.38304,0.146688
0.969477,-0.00487595,0.661216;0.595692,-0.67894,-0.404527,0.143354
0.971296,-0.0135718,0.65623;0.600814,-0.663054,-0.423943,0.140197
0.972839,-0.0222141,0.65134;0.605123,-0.648229,-0.441349,0.137247
0.974273,-0.031578,0.646098;0.6091,-0.633047,-0.458512,0.134221
0.975466,-0.040638,0.641068;0.612392,-0.619086,-0.473744,0.131434
0.976525,-0.0499584,0.635928;0.611713,-0.613594,-0.481893,0.130725
0.977405,-0.0588943,0.631027;0.600866,-0.631049,-0.471531,0.135633
0.978209,-0.0682587,0.625909;0.589686,-0.648154,-0.460908,0.140465
0.978871,-0.0771119,0.621083;0.57924,-0.663393,-0.451029,0.14479
0.979469,-0.0862596,0.616104;0.568528,-0.678328,-0.440944,0.149049
0.98,-0.0956733,0.610984;0.557556,-0.692953,-0.430657,0.15324
0.980465,-0.105325,0.605736;0.546329,-0.70726,-0.420173,0.157361
0.980825,-0.11419,0.600913;0.53601,-0.719861,-0.410572,0.161008
0.981131,-0.123205,0.596005;0.525493,-0.732194,-0.40082,0.164596
0.98138,-0.132347,0.591021;0.514781,-0.744256,-0.390919,0.168122
0.981574,-0.141597,0.58597;0.503879,-0.756042,-0.380873,0.171586
0.98171,-0.150933,0.58086;0.492789,-0.767548,-0.370686,0.174987
0.981789,-0.160335,0.575701;0.481517,-0.77877,-0.360361,0.178323
0.981811,-0.169782,0.570501;0.470066,-0.789702,-0.349903,0.181592
0.981773,-0.179254,0.56527;0.458441,-0.800342,-0.339315,0.184795
0.981677,-0.188729,0.560016;0.446647,-0.810685,-0.328601,0.187928
0.981521,-0.198187,0.554748;0.434686,-0.820728,-0.317766,0.190992
0.981305,-0.207607,0.549476;0.422565,-0.830467,-0.306813,0.193986
0.981029,-0.216968,0.544208;0.410286,-0.839897,-0.295746,0.196907
0.980691,-0.22625,0.538953;0.397856,-0.849016,-0.284569,0.199755
0.980291,-0.235432,0.53372;0.385278,-0.857821,-0.273287,0.20253
0.979829,-0.244493,0.528518;0.372558,-0.866307,-0.261903,0.205229
0.979305,-0.253413,0.523356;0.359699,-0.874473,-0.250423,0.207852
0.978716,-0.262171,0.518243;0.346707,-0.882314,-0.238849,0.210398
0.977988,-0.271686,0.51263;0.33212,-0.890643,-0.225887,0.213136
0.97718,-0.280947,0.5071;0.317382,-0.898564,-0.21282,0.215776
0.976291,-0.289925,0.501666;0.302499,-0.906074,-0.199656,0.218317
0.975321,-0.298592,0.49634;0.287477,-0.913169,-0.186401,0.220759
0.97416,-0.307732,0.490621;0.270801,-0.920491,-0.171722,0.223327
0.972898,-0.316423,0.485064;0.253976,-0.927303,-0.156948,0.225772
0.971406,-0.325348,0.479206;0.23546,-0.934148,-0.140732,0.228297
0.969793,-0.333645,0.473581;0.21679,-0.940379,-0.124424,0.230671
0.967906,-0.341868,0.467774;0.196402,-0.946428,-0.106664,0.233072
0.965711,-0.349762,0.461886;0.174277,-0.952125,-0.0874459,0.235455
0.962992,-0.357466,0.455662;0.148801,-0.957589,-0.0653875,0.237921
0.959469,-0.364635,0.449038;0.118325,-0.96262,-0.0390957,0.240486
0.954553,-0.370328,0.441985;0.0795549,-0.966701,-0.00579825,0.243158
0.947419,-0.371531,0.435303;0.0291816,-0.968202,0.037221,0.24566
0.939925,-0.365685,0.431829;-0.0180623,-0.965751,0.0773203,0.247023
0.934287,-0.357357,0.431158;-0.0506147,-0.961895,0.104811,0.247409
0.929494,-0.347991,0.43171;-0.0765928,-0.957542,0.126668,0.247392
0.925293,-0.338225,0.432955;-0.0983463,-0.953266,0.14407,0.24669
0.921483,-0.32823,0.434638;-0.118438,-0.951463,0.150763,0.240752
0.918211,-0.318898,0.436449;-0.135137,-0.949606,0.156285,0.235715
0.914856,-0.308704,0.438611;-0.151791,-0.947428,0.161753,0.230597
0.911771,-0.29883,0.440843;-0.166735,-0.945195,0.166628,0.225924
0.908627,-0.288328,0.443333;-0.181634,-0.942702,0.171458,0.22119
0.905787,-0.278492,0.445753;-0.194836,-0.940269,0.175711,0.21693
0.902906,-0.268211,0.448356;-0.207995,-0.937633,0.179926,0.212624
0.899987,-0.257507,0.451135;-0.22111,-0.934794,0.184103,0.208272
0.897405,-0.247813,0.453703;-0.232546,-0.932144,0.187724,0.204427
0.894797,-0.237829,0.456392;-0.243943,-0.929339,0.191315,0.200547
0.892166,-0.227571,0.459197;-0.2553,-0.92638,0.194874,0.196635
0.889514,-0.217055,0.46211;-0.266615,-0.923268,0.1984,0.19269
0.886843,-0.206296,0.465127;-0.277886,-0.920003,0.201894,0.188713
0.884539,-0.196893,0.46779;-0.28751,-0.917083,0.204862,0.185279
0.882223,-0.187334,0.47052;-0.297099,-0.914051,0.207805,0.181823
0.879897,-0.177628,0.473313;-0.306651,-0.910908,0.210723,0.178345
0.877561,-0.167786,0.476167;-0.316167,-0.907654,0.213615,0.174845
0.875216,-0.157816,0.479076;-0.325644,-0.90429,0.216481,0.171323
0.872865,-0.14773,0.482037;-0.335081,-0.900815,0.219321,0.167781
0.870507,-0.137537,0.485047;-0.344478,-0.897231,0.222134,0.164218
0.868145,-0.127247,0.488101;-0.353832,-0.893538,0.22492,0.160636
0.865778,-0.11687,0.491195;-0.363144,-0.889736,0.227679,0.157034
0.86341,-0.106415,0.494326;-0.372411,-0.885825,0.23041,0.153412
0.861039,-0.0958935,0.49749;-0.381633,-0.881807,0.233112,0.149772
0.858669,-0.0853146,0.500683;-0.390808,-0.877681,0.235787,0.146114
0.856299,-0.0746884,0.503902;-0.399936,-0.873449,0.238433,0.142438
0.853931,-0.0640247,0.507142;-0.409015,-0.86911,0.241049,0.138745
0.851566,-0.0533335,0.510399;-0.418045,-0.864665,0.243637,0.135034
0.849206,-0.0426248,0.51367;-0.427023,-0.860115,0.246195,0.131308
0.846851,-0.0319085,0.516951;-0.43595,-0.85546,0.248722,0.127565
0.844502,-0.0211944,0.520239;-0.444823,-0.850701,0.25122,0.123807
0.842162,-0.0104926,0.523528;-0.453643,-0.845839,0.253687,0.120033
0.83983,0.000187012,0.526816;-0.462407,-0.840874,0.256123,0.116245
0.837508,0.0108345,0.530099;-0.471114,-0.835806,0.258528,0.112443
0.835198,0.0214401,0.533372;-0.479765,-0.830636,0.260901,0.108628
0.8329,0.0319936,0.536632;-0.488357,-0.825366,0.263242,0.104799
0.830615,0.0424852,0.539876;-0.496889,-0.819994,0.265552,0.100957
0.828345,0.0529051,0.543099;-0.505361,-0.814523,0.267829,0.0971028
0.826091,0.0632431,0.546297;-0.513772,-0.808953,0.270074,0.093237
0.823854,0.0734895,0.549467;-0.52212,-0.803285,0.272286,0.0893598
0.821634,0.0836343,0.552605;-0.530404,-0.797518,0.274464,0.0854717
0.819435,0.0936675,0.555707;-0.538624,-0.791655,0.276609,0.0815732
0.817255,0.103579,0.558769;-0.546778,-0.785695,0.278721,0.0776648
0.815097,0.11336,0.561787;-0.554866,-0.779639,0.280798,0.0737469
0.812962,0.122999,0.564758;-0.562886,-0.773489,0.282842,0.06982
0.810851,0.132486,0.567678;-0.570838,-0.767244,0.284851,0.0658847
0.808419,0.143351,0.571014;-0.580027,-0.759841,0.28715,0.0612833
0.806023,0.15398,0.57427;-0.58912,-0.752311,0.289403,0.0566718
0.803665,0.164359,0.577438;-0.598115,-0.744657,0.291607,0.0520509
0.801347,0.17447,0.580513;-0.607011,-0.73688,0.293763,0.0474214
0.79907,0.184299,0.583488;-0.615807,-0.72898,0.295871,0.042784
0.796836,0.19383,0.586358;-0.6245,-0.72096,0.297929,0.0381396
0.794338,0.204337,0.589502;-0.634309,-0.711648,0.300221,0.0328239
0.791901,0.214411,0.59249;-0.64398,-0.702182,0.302448,0.0275011
0.789529,0.224027,0.595315;-0.653512,-0.692563,0.304609,0.0221724
0.78694,0.234269,0.598286;-0.664066,-0.681564,0.306962,0.0161719
0.78444,0.243869,0.601025;-0.674438,-0.670377,0.309231,0.010167
0.781771,0.253742,0.603781;-0.685747,-0.657733,0.311652,0.00349168
0.778974,0.263584,0.606443;-0.697917,-0.643567,0.314194,-0.00385245
0.776095,0.273035,0.608879;-0.710869,-0.627814,0.31682,-0.0118623
0.772765,0.282843,0.611189;-0.726571,-0.607692,0.319886,-0.0218661
0.768817,0.292202,0.612905;-0.746644,-0.580148,0.323594,-0.0351773
0.762421,0.296315,0.610689;-0.786349,-0.51832,0.33008,-0.0636119
