0.810881,-0.192066,0.173283;0.809668,0.344581,0.400955,0.254825
0.807701,-0.180443,0.172275;0.812142,0.339256,0.398007,0.25869
0.804568,-0.168915,0.171292;0.814569,0.333912,0.395036,0.26254
0.801481,-0.157482,0.170333;0.816948,0.328547,0.392043,0.266375
0.798442,-0.146143,0.169397;0.819279,0.323164,0.389026,0.270194
0.795448,-0.134899,0.168486;0.821563,0.317762,0.385987,0.273998
0.7925,-0.123748,0.167599;0.8238,0.312342,0.382926,0.277785
0.789598,-0.112691,0.166735;0.825988,0.306903,0.379842,0.281557
0.786742,-0.101727,0.165895;0.828128,0.301446,0.376737,0.285312
0.783931,-0.0908563,0.165078;0.830221,0.295972,0.373609,0.28905
0.781164,-0.0800779,0.164285;0.832265,0.290481,0.37046,0.292772
0.778443,-0.0693917,0.163515;0.834261,0.284973,0.367289,0.296477
0.775766,-0.0587973,0.162768;0.836208,0.279448,0.364097,0.300164
0.773133,-0.0482945,0.162044;0.838107,0.273908,0.360883,0.303834
0.770544,-0.0378829,0.161342;0.839957,0.268351,0.357649,0.307487
0.767999,-0.0275622,0.160664;0.841758,0.262778,0.354394,0.311121
0.765498,-0.0173321,0.160007;0.84351,0.257191,0.351118,0.314738
0.76304,-0.00719213,0.159374;0.845213,0.251588,0.347822,0.318336
0.760624,0.00285792,0.158762;0.846867,0.245971,0.344506,0.321916
0.758252,0.0128184,0.158173;0.848472,0.240339,0.341169,0.325476
0.755922,0.0226897,0.157606;0.850028,0.234694,0.337813,0.329019
0.753634,0.0324721,0.157061;0.851534,0.229035,0.334437,0.332541
0.750834,0.0445755,0.15641;0.853348,0.221942,0.33019,0.336918
0.748099,0.0565413,0.155793;0.855083,0.21483,0.325913,0.341264
0.745429,0.0683699,0.155209;0.856742,0.207697,0.321607,0.345579
0.742822,0.0800622,0.154658;0.858322,0.200546,0.317271,0.349862
0.74028,0.0916186,0.154141;0.859824,0.193377,0.312907,0.354114
0.737801,0.10304,0.153657;0.861249,0.18619,0.308514,0.358334
0.735385,0.114327,0.153204;0.862595,0.178987,0.304093,0.362521
0.733031,0.12548,0.152785;0.863863,0.171767,0.299644,0.366675
0.730739,0.136499,0.152397;0.865052,0.164531,0.295168,0.370796
0.728509,0.147387,0.152041;0.866163,0.15728,0.290666,0.374883
0.726339,0.158142,0.151717;0.867196,0.150016,0.286137,0.378936
0.72423,0.168766,0.151423;0.868149,0.142737,0.281582,0.382955
0.72218,0.179259,0.151161;0.869024,0.135446,0.277001,0.386939
0.720191,0.189623,0.15093;0.86982,0.128142,0.272395,0.390888
0.71826,0.199857,0.150729;0.870537,0.120827,0.267765,0.394801
0.716388,0.209963,0.150558;0.871175,0.113501,0.26311,0.398679
0.714573,0.21994,0.150418;0.871734,0.106164,0.258432,0.40252
0.712817,0.22979,0.150307;0.872213,0.098818,0.25373,0.406325
0.710784,0.241443,0.150213;0.872684,0.0899907,0.248057,0.410842
0.708833,0.252915,0.150161;0.873041,0.0811518,0.242352,0.415306
0.706962,0.264206,0.150151;0.873284,0.0723022,0.236615,0.419715
0.705171,0.275318,0.150182;0.873413,0.0634431,0.230847,0.424069
0.703459,0.286252,0.150254;0.873427,0.0545758,0.225049,0.428368
0.701825,0.297009,0.150366;0.873328,0.0457013,0.219221,0.432611
0.700269,0.307591,0.150518;0.873114,0.0368209,0.213365,0.436797
0.698788,0.317998,0.150709;0.872786,0.0279356,0.207481,0.440926
0.697384,0.328231,0.150939;0.872344,0.0190467,0.20157,0.444997
0.696054,0.338292,0.151208;0.871788,0.0101553,0.195633,0.449011
0.694595,0.349813,0.151571;0.870995,-0.000219628,0.188673,0.453619
0.693237,0.361103,0.151984;0.870047,-0.0105945,0.18168,0.458146
0.691976,0.372163,0.152448;0.868945,-0.0209675,0.174655,0.462592
0.690812,0.382996,0.152962;0.867687,-0.0313367,0.167599,0.466955
0.689743,0.393602,0.153525;0.866276,-0.0417004,0.160513,0.471236
0.688768,0.403984,0.154137;0.86471,-0.0520566,0.153398,0.475432
0.687887,0.414144,0.154796;0.862991,-0.0624036,0.146256,0.479544
0.686991,0.425485,0.155607;0.860837,-0.0742151,0.138062,0.484139
0.686212,0.43654,0.156479;0.858484,-0.0860092,0.129836,0.488621
0.685549,0.447312,0.157411;0.855931,-0.0977834,0.121579,0.49299
0.685,0.457804,0.158401;0.853179,-0.109535,0.113295,0.497244
0.684562,0.468018,0.159448;0.850229,-0.121261,0.104984,0.501382
0.684234,0.477957,0.160552;0.847082,-0.132959,0.0966486,0.505405
0.683994,0.488813,0.16186;0.843305,-0.146082,0.0872446,0.509789
0.683887,0.499328,0.163237;0.839281,-0.159162,0.077815,0.514023
0.683911,0.509506,0.16468;0.83501,-0.172195,0.0683625,0.518107
0.684087,0.520424,0.166362;0.829976,-0.186617,0.0578362,0.522465
0.684418,0.530935,0.168122;0.824641,-0.200971,0.0472889,0.526633
0.684899,0.541046,0.16996;0.819006,-0.215252,0.0367245,0.53061
0.685597,0.551709,0.172068;0.812464,-0.23087,0.0250884,0.534763
0.686467,0.561901,0.174265;0.805566,-0.246388,0.0134412,0.53868
0.687504,0.571627,0.176547;0.798313,-0.261797,0.00178812,0.542361
0.688821,0.581715,0.179131;0.790002,-0.278475,-0.010925,0.546104
0.690323,0.591265,0.18181;0.781277,-0.295008,-0.0236325,0.549562
0.692152,0.601016,0.184816;0.771364,-0.312744,-0.0373847,0.552984
0.694349,0.610838,0.188168;0.76016,-0.331629,-0.0521689,0.556289
0.696769,0.619968,0.191635;0.748414,-0.350279,-0.066916,0.559199
0.6996,0.629,0.19547;0.735239,-0.369983,-0.0826633,0.561875
0.702874,0.637797,0.19969;0.720523,-0.390668,-0.0993857,0.564222
0.706625,0.646221,0.204313;0.704155,-0.412247,-0.117052,0.566143
0.710882,0.654132,0.209351;0.686018,-0.434624,-0.135623,0.567528
0.71567,0.661388,0.214818;0.665999,-0.457688,-0.155052,0.568266
0.721007,0.667853,0.220722;0.643983,-0.481318,-0.175283,0.568238
0.726906,0.673388,0.227069;0.619861,-0.505376,-0.196252,0.567321
0.733373,0.677863,0.233861;0.593526,-0.529711,-0.217881,0.565385
0.740093,0.681038,0.240778;0.566148,-0.553116,-0.239128,0.562456
0.747026,0.682967,0.247799;0.537776,-0.575548,-0.259955,0.558539
0.754131,0.683706,0.254901;0.508458,-0.596969,-0.280324,0.55364
0.761367,0.68331,0.262065;0.478247,-0.617341,-0.300201,0.547768
0.768464,0.681896,0.269043;0.454855,-0.634235,-0.314093,0.540554
0.775786,0.679445,0.27621;0.476882,-0.638085,-0.293981,0.528211
0.78268,0.676254,0.282941;0.497076,-0.641081,-0.274843,0.516132
0.789587,0.672227,0.289676;0.516807,-0.643482,-0.25545,0.503573
0.79603,0.667738,0.29596;0.534791,-0.645183,-0.237136,0.49143
0.802457,0.662563,0.302237;0.552342,-0.646363,-0.21863,0.478889
0.808853,0.656726,0.308503;0.569446,-0.647019,-0.199946,0.46596
0.814755,0.65073,0.314305;0.584916,-0.64716,-0.182452,0.453617
0.820608,0.644198,0.320088;0.599977,-0.646849,-0.164831,0.440958
0.826404,0.637146,0.325848;0.614621,-0.646087,-0.147095,0.427991
0.831692,0.630191,0.331141;0.627757,-0.644983,-0.130632,0.415756
0.836913,0.622821,0.336406;0.64052,-0.643496,-0.114091,0.403274
0.842059,0.61505,0.341642;0.652903,-0.641627,-0.0974822,0.390552
0.846702,0.607585,0.346412;0.663912,-0.639578,-0.0822063,0.378686
0.851269,0.599805,0.351152;0.67459,-0.637209,-0.0668894,0.366631
0.855752,0.59172,0.355859;0.684931,-0.634522,-0.0515391,0.354393
0.860145,0.58334,0.360531;0.69493,-0.631519,-0.0361631,0.341978
0.864442,0.574676,0.365164;0.704582,-0.628199,-0.0207689,0.329392
0.868636,0.565737,0.369757;0.713881,-0.624566,-0.00536442,0.316641
0.872355,0.557382,0.373895;0.722026,-0.620993,0.00864221,0.304912
0.875978,0.548816,0.377995;0.729873,-0.617163,0.0226453,0.293057
0.879502,0.540048,0.382056;0.737419,-0.613078,0.036639,0.281082
0.882921,0.531085,0.386075;0.74466,-0.60874,0.0506175,0.26899
0.88623,0.521935,0.390052;0.751593,-0.604151,0.0645752,0.256787
0.889425,0.512606,0.393983;0.758217,-0.599312,0.0785062,0.244478
0.892501,0.503105,0.397867;0.764527,-0.594226,0.0924049,0.232068
0.895453,0.493441,0.401703;0.770522,-0.588894,0.106265,0.219562
0.898276,0.483621,0.405487;0.776198,-0.58332,0.120082,0.206966
0.900965,0.473652,0.409219;0.781554,-0.577504,0.133849,0.194284
0.903516,0.463543,0.412896;0.786587,-0.57145,0.147561,0.181522
0.905689,0.454332,0.416157;0.79084,-0.5658,0.159849,0.169972
0.907743,0.445018,0.419371;0.794828,-0.559961,0.172084,0.158366
0.909673,0.435608,0.422537;0.79855,-0.553934,0.184262,0.146706
0.911477,0.426108,0.425653;0.802005,-0.547722,0.196378,0.134997
0.913151,0.416523,0.428717;0.805192,-0.541327,0.208428,0.123243
0.914691,0.406859,0.431728;0.808109,-0.534751,0.220409,0.111448
0.916093,0.397121,0.434686;0.810757,-0.527996,0.232316,0.0996153
0.917355,0.387316,0.437588;0.813133,-0.521064,0.244145,0.0877495
0.918472,0.377448,0.440433;0.815237,-0.513958,0.255893,0.0758543
0.919442,0.367523,0.44322;0.817069,-0.506681,0.267555,0.0639338
0.92026,0.357548,0.445947;0.818627,-0.499233,0.279127,0.0519919
0.920923,0.347528,0.448614;0.819912,-0.491619,0.290607,0.0400326
0.921428,0.337468,0.451218;0.820922,-0.483841,0.301989,0.02806
0.921771,0.327374,0.453758;0.821658,-0.4759,0.31327,0.0160779
0.921949,0.317251,0.456233;0.822119,-0.467801,0.324446,0.0040905
0.921957,0.307107,0.458641;0.822306,-0.459545,0.335514,-0.0078983
0.921793,0.296945,0.460982;0.822217,-0.451135,0.346469,-0.0198845
0.921453,0.286772,0.463253;0.821853,-0.442575,0.357309,-0.031864
0.920934,0.276593,0.465454;0.821214,-0.433866,0.368029,-0.0438328
0.920231,0.266415,0.467583;0.820301,-0.425013,0.378626,-0.055787
0.919342,0.256242,0.469638;0.819114,-0.416017,0.389097,-0.0677225
0.918263,0.24608,0.471618;0.817652,-0.406882,0.399437,-0.0796354
0.916927,0.235471,0.473607;0.81725,-0.40443,0.401952,-0.0835073
0.915086,0.223004,0.475843;0.817851,-0.407454,0.398166,-0.0810247
0.912969,0.21058,0.477961;0.818428,-0.410465,0.394367,-0.0785397
0.910588,0.198207,0.47996;0.81898,-0.413464,0.390557,-0.0760524
0.907957,0.185895,0.48184;0.819508,-0.41645,0.386735,-0.0735627
0.905088,0.173651,0.4836;0.820011,-0.419424,0.382902,-0.0710709
0.901995,0.161486,0.485239;0.82049,-0.422386,0.379057,-0.0685769
0.898691,0.149407,0.486757;0.820944,-0.425334,0.375201,-0.0660808
0.895188,0.137423,0.488152;0.821373,-0.42827,0.371333,-0.0635828
0.891501,0.125544,0.489424;0.821778,-0.431193,0.367455,-0.0610829
0.887642,0.113777,0.490572;0.822158,-0.434103,0.363565,-0.0585811
0.883624,0.102133,0.491596;0.822513,-0.437001,0.359664,-0.0560776
0.87946,0.0906187,0.492494;0.822844,-0.439885,0.355753,-0.0535724
0.875164,0.0792439,0.493266;0.823149,-0.442755,0.351831,-0.0510656
0.870748,0.0680173,0.493911;0.823431,-0.445613,0.347898,-0.0485572
0.866225,0.0569475,0.494428;0.823687,-0.448457,0.343955,-0.0460474
0.861609,0.0460434,0.494817;0.823919,-0.451288,0.340002,-0.0435363
0.856913,0.0353138,0.495076;0.824126,-0.454105,0.336038,-0.0410238
0.85215,0.0247674,0.495206;0.824309,-0.456908,0.332065,-0.03851
0.847333,0.014413,0.495204;0.824466,-0.459698,0.328081,-0.0359952
0.842475,0.0042595,0.495072;0.824599,-0.462474,0.324087,-0.0334792
0.837589,-0.00568443,0.494806;0.824707,-0.465237,0.320084,-0.0309623
0.832688,-0.01541,0.494408;0.824791,-0.467985,0.316071,-0.0284444
0.827785,-0.0249083,0.493876;0.82485,-0.470719,0.312049,-0.0259256
0.822894,-0.0341708,0.493209;0.824884,-0.473439,0.308018,-0.0234061
0.818027,-0.0431884,0.492407;0.824893,-0.476145,0.303977,-0.0208859
0.813198,-0.0519526,0.491469;0.824877,-0.478836,0.299927,-0.018365
0.807234,-0.0625378,0.490103;0.824823,-0.482181,0.294852,-0.0152132
0.801375,-0.0726961,0.488523;0.82473,-0.485502,0.289763,-0.0120607
0.795646,-0.0824102,0.486725;0.824599,-0.488801,0.28466,-0.00890756
0.790074,-0.0916629,0.484709;0.824428,-0.492077,0.279544,-0.00575404
0.784682,-0.100437,0.482472;0.82422,-0.49533,0.274415,-0.00260024
0.779498,-0.108716,0.480015;0.823972,-0.49856,0.269273,0.000553671
0.773586,-0.117972,0.476772;0.823624,-0.502404,0.263086,0.00433832
0.768053,-0.126459,0.473205;0.82322,-0.506215,0.256882,0.00812268
0.762944,-0.13415,0.469311;0.822761,-0.509992,0.25066,0.0119065
0.757576,-0.142073,0.464354;0.822155,-0.514354,0.243379,0.0163199
0.752312,-0.14969,0.458135;0.821371,-0.519282,0.235032,0.0213619
0.748074,-0.155704,0.45132;0.820487,-0.524148,0.226656,0.0264014
0.744666,-0.160466,0.442933;0.819375,-0.529547,0.2172,0.032067
0.742757,-0.16313,0.432899;0.81802,-0.535347,0.206843,0.0382452
0.742813,-0.163133,0.422449;0.801892,-0.551941,0.222407,0.0535207
0.744272,-0.161188,0.412711;0.787115,-0.566004,0.235842,0.0668429
0.746684,-0.157862,0.403256;0.772847,-0.57867,0.248154,0.0791674
0.749722,-0.153575,0.39424;0.759219,-0.590019,0.259373,0.0904971
0.753119,-0.148682,0.385781;0.746347,-0.600128,0.269527,0.100838
0.756661,-0.143485,0.377967;0.734335,-0.609069,0.278646,0.110196
0.760585,-0.137617,0.370071;0.722034,-0.617769,0.287655,0.119512
0.764844,-0.131122,0.362124;0.709447,-0.626226,0.296551,0.12878
0.768924,-0.124773,0.354955;0.697879,-0.633625,0.304457,0.137078
0.773202,-0.117982,0.347796;0.686088,-0.640822,0.312265,0.145332
0.777644,-0.110777,0.34067;0.674077,-0.647814,0.319974,0.153539
0.781701,-0.104051,0.334384;0.66322,-0.653855,0.32674,0.160794
0.785835,-0.0970459,0.32816;0.652195,-0.65973,0.333424,0.168007
0.790022,-0.0897819,0.322014;0.641005,-0.665439,0.340023,0.175179
0.794238,-0.0822812,0.315965;0.629653,-0.67098,0.346536,0.182306
0.798459,-0.0745655,0.310027;0.618142,-0.676351,0.352962,0.189387
0.802659,-0.0666564,0.30422;0.606475,-0.681551,0.359299,0.19642
0.806814,-0.0585756,0.298558;0.594654,-0.686579,0.365545,0.203403
0.810901,-0.0503447,0.293059;0.582684,-0.691433,0.371698,0.210335
0.814895,-0.0419855,0.28774;0.570565,-0.696112,0.377757,0.217214
0.818771,-0.0335195,0.282617;0.558303,-0.700616,0.383721,0.224038
0.822506,-0.0249686,0.277708;0.5459,-0.704942,0.389588,0.230805
0.826074,-0.0163543,0.273028;0.533358,-0.70909,0.395357,0.237514
0.829451,-0.00769825,0.268596;0.520682,-0.713059,0.401025,0.244163
0.832614,0.000977789,0.264427;0.507874,-0.716848,0.406592,0.25075
0.835885,0.0107353,0.260073;0.493311,-0.720894,0.412733,0.258085
0.838818,0.0204598,0.256098;0.478591,-0.724709,0.418741,0.265337
0.841379,0.0301206,0.252526;0.463718,-0.728292,0.424615,0.272505
0.843533,0.0396867,0.24938;0.448697,-0.731642,0.430353,0.279585
0.845407,0.0501672,0.246415;0.431838,-0.73509,0.436567,0.287346
0.846688,0.0604505,0.244038;0.414809,-0.738247,0.442609,0.294995
0.847329,0.0704941,0.242284;0.397615,-0.741113,0.448476,0.302527
0.847238,0.0812149,0.241112;0.378522,-0.743928,0.454725,0.310673
0.846251,0.0915383,0.240775;0.359247,-0.746386,0.460757,0.318672
0.844193,0.101848,0.241364;0.341363,-0.749372,0.464523,0.32578
0.841039,0.11168,0.242956;0.342842,-0.758432,0.449693,0.324063
0.83692,0.120977,0.245508;0.344216,-0.767259,0.434726,0.322248
0.831984,0.129762,0.248966;0.345484,-0.77585,0.419624,0.320333
0.826378,0.138059,0.253277;0.346646,-0.784203,0.404394,0.31832
0.820249,0.145891,0.258388;0.347701,-0.792315,0.38904,0.316209
0.814481,0.152481,0.263559;0.34855,-0.799322,0.375291,0.314251
0.808519,0.158739,0.269281;0.349314,-0.806135,0.361452,0.312217
0.802467,0.164681,0.275518;0.349994,-0.812752,0.347524,0.310107
0.796429,0.170322,0.282231;0.350588,-0.819171,0.333512,0.307922
0.790506,0.175681,0.289383;0.351097,-0.825392,0.319419,0.305662
0.784804,0.180772,0.296936;0.351521,-0.831413,0.305249,0.303328
0.779424,0.185612,0.304852;0.35186,-0.837232,0.291005,0.30092
0.774471,0.190218,0.313095;0.352114,-0.842848,0.27669,0.29844
0.770047,0.194606,0.321626;0.352282,-0.848259,0.262308,0.295886
0.766257,0.198793,0.330408;0.352364,-0.853465,0.247862,0.293262
0.763203,0.202794,0.339403;0.352361,-0.858463,0.233356,0.290565
0.760989,0.206626,0.348573;0.352272,-0.863253,0.218793,0.287799
0.759718,0.210306,0.357882;0.352098,-0.867833,0.204178,0.284962
0.759494,0.21385,0.36729;0.351839,-0.872203,0.189512,0.282057
0.760419,0.217274,0.376762;0.351494,-0.876361,0.174801,0.279083
0.762598,0.220595,0.386258;0.351064,-0.880307,0.160048,0.276041
0.766133,0.223829,0.395742;0.350549,-0.884039,0.145255,0.272932
0.771127,0.226992,0.405175;0.349948,-0.887556,0.130427,0.269757
0.776777,0.229715,0.413359;0.349353,-0.890457,0.117427,0.266925
0.783692,0.232407,0.42145;0.348693,-0.893193,0.104405,0.264044
0.790679,0.234699,0.428292;0.348076,-0.895406,0.0932275,0.261535
0.798691,0.236983,0.435033;0.347411,-0.897496,0.0820374,0.258991
0.807771,0.239267,0.441655;0.346699,-0.899464,0.0708361,0.256411
0.816186,0.241174,0.447071;0.346069,-0.90101,0.0614943,0.254234
0.825397,0.24309,0.452386;0.345407,-0.902471,0.0521466,0.252033
0.835431,0.245019,0.457589;0.344712,-0.903846,0.0427939,0.249809
0.846313,0.246963,0.462671;0.343984,-0.905136,0.0334372,0.24756
0.855646,0.248534,0.466644;0.343378,-0.906106,0.0259495,0.245745
0.86555,0.250119,0.470529;0.342752,-0.907021,0.0184603,0.243914
0.87604,0.251722,0.474321;0.342104,-0.907881,0.0109699,0.242069
0.887126,0.253344,0.478017;0.341436,-0.908685,0.00347885,0.240209
