0.863956,0.0161079,0.461455;0.0123924,0.873742,-0.226189,-0.430417
0.863519,0.00617516,0.458856;0.0194291,0.873499,-0.221996,-0.432827
0.863089,-0.0036472,0.456282;0.0264644,0.873192,-0.217786,-0.435206
0.862668,-0.0133597,0.453731;0.0334978,0.872822,-0.213561,-0.437552
0.862153,-0.0253465,0.450576;0.042286,0.872269,-0.208257,-0.440441
0.861652,-0.0371632,0.447458;0.0510693,0.871617,-0.20293,-0.443279
0.861162,-0.0488108,0.444376;0.0598469,0.870865,-0.197579,-0.446066
0.860686,-0.0602903,0.441332;0.0686176,0.870014,-0.192206,-0.448803
0.860222,-0.0716025,0.438324;0.0773805,0.869064,-0.186811,-0.451489
0.859771,-0.0827483,0.435352;0.0861346,0.868015,-0.181394,-0.454123
0.859332,-0.0937287,0.432416;0.0948789,0.866867,-0.175957,-0.456705
0.858905,-0.104545,0.429516;0.103612,0.86562,-0.1705,-0.459235
0.858491,-0.115197,0.426651;0.112334,0.864274,-0.165024,-0.461713
0.858088,-0.125687,0.423822;0.121043,0.86283,-0.159528,-0.464138
0.857698,-0.136015,0.421028;0.129738,0.861287,-0.154015,-0.466511
0.85732,-0.146182,0.418268;0.138418,0.859646,-0.148483,-0.46883
0.856953,-0.156189,0.415544;0.147082,0.857907,-0.142935,-0.471096
0.856598,-0.166038,0.412853;0.15573,0.856071,-0.137371,-0.473308
0.856255,-0.175728,0.410197;0.16436,0.854137,-0.131791,-0.475466
0.855858,-0.187149,0.407055;0.174691,0.851687,-0.125075,-0.477984
0.855478,-0.198346,0.403961;0.184994,0.849098,-0.118339,-0.480423
0.855115,-0.20932,0.400916;0.195266,0.846369,-0.111583,-0.482784
0.854767,-0.220072,0.397918;0.205506,0.843501,-0.104809,-0.485065
0.854435,-0.230604,0.394968;0.215712,0.840495,-0.0980178,-0.487267
0.854119,-0.240918,0.392064;0.225883,0.837351,-0.0912104,-0.489389
0.853819,-0.251016,0.389208;0.236016,0.834069,-0.0843881,-0.49143
0.853535,-0.260898,0.386398;0.246111,0.83065,-0.0775519,-0.493391
0.853265,-0.270567,0.383633;0.256166,0.827095,-0.0707029,-0.495271
0.85297,-0.28158,0.380466;0.267843,0.822776,-0.0626979,-0.497361
0.852696,-0.292308,0.37736;0.27946,0.818273,-0.0546789,-0.49934
0.852442,-0.302752,0.374314;0.291015,0.813588,-0.0466476,-0.501208
0.852207,-0.312915,0.371329;0.302505,0.80872,-0.0386059,-0.502964
0.851992,-0.3228,0.368404;0.313927,0.803672,-0.0305556,-0.504607
0.851797,-0.332409,0.365537;0.325279,0.798444,-0.0224985,-0.506137
0.851597,-0.343057,0.362332;0.338164,0.792251,-0.0132843,-0.507748
0.851422,-0.353352,0.359203;0.35095,0.785826,-0.00406625,-0.50921
0.85127,-0.363298,0.356148;0.363633,0.779173,0.00515301,-0.510524
0.851143,-0.372899,0.353167;0.37621,0.772291,0.0143708,-0.511689
0.851028,-0.383292,0.3499;0.390228,0.764281,0.0247356,-0.51282
0.850942,-0.393257,0.346723;0.404102,0.755988,0.0350913,-0.513763
0.850885,-0.402802,0.343636;0.417827,0.747416,0.045434,-0.514515
0.850854,-0.412919,0.340309;0.432895,0.737568,0.0569061,-0.515129
0.850858,-0.422529,0.337089;0.447766,0.727383,0.0683522,-0.515507
0.8509,-0.432525,0.333669;0.463888,0.715797,0.0809067,-0.515652
0.85099,-0.442753,0.33008;0.481184,0.702707,0.0945514,-0.515485
0.851126,-0.452286,0.326637;0.498163,0.689156,0.108134,-0.51498
0.851322,-0.461846,0.323068;0.516188,0.673966,0.122768,-0.514051
0.85159,-0.471266,0.319407;0.535154,0.657026,0.138422,-0.512608
0.851965,-0.480946,0.31545;0.556243,0.636948,0.156159,-0.510397
0.852469,-0.490487,0.311278;0.57919,0.613473,0.175895,-0.507198
0.853165,-0.49987,0.306771;0.604879,0.584942,0.19859,-0.50252
0.854133,-0.508674,0.301892;0.63387,0.549449,0.225083,-0.495634
0.855674,-0.51672,0.296056;0.670384,0.498685,0.26007,-0.484006
0.858884,-0.520736,0.287928;0.725262,0.404521,0.317427,-0.457819
0.862572,-0.513648,0.282111;0.768006,0.305693,0.368911,-0.424998
0.865135,-0.504077,0.279366;0.78916,0.240102,0.398848,-0.400622
0.867228,-0.494118,0.277671;0.802303,0.187625,0.420581,-0.379761
0.869076,-0.483952,0.276497;0.811166,0.141801,0.438025,-0.360606
0.870728,-0.473891,0.27566;0.817054,0.101137,0.452344,-0.342897
0.872242,-0.46391,0.275041;0.820842,0.063974,0.464497,-0.326141
0.873659,-0.453936,0.274574;0.82553,0.0358717,0.466533,-0.315532
0.875029,-0.443735,0.274214;0.832987,0.0182765,0.455878,-0.313008
0.876398,-0.432992,0.273935;0.84004,0.000672379,0.445001,-0.310333
0.877649,-0.422685,0.273744;0.846147,-0.0154652,0.434842,-0.307748
0.878897,-0.411954,0.273608;0.851909,-0.0315965,0.424505,-0.305038
0.880025,-0.401843,0.273526;0.856846,-0.0462503,0.414957,-0.302466
0.881146,-0.391404,0.273481;0.861495,-0.0608885,0.40527,-0.299793
0.88226,-0.380648,0.273467;0.865853,-0.0755063,0.395446,-0.297018
0.883364,-0.369588,0.273479;0.869919,-0.0900985,0.385489,-0.294144
0.884349,-0.359381,0.27351;0.873329,-0.103206,0.376417,-0.291472
0.885325,-0.348945,0.273554;0.8765,-0.116285,0.367242,-0.28872
0.88629,-0.338287,0.27361;0.879432,-0.129332,0.357966,-0.28589
0.887243,-0.327414,0.273674;0.882124,-0.142344,0.348593,-0.282982
0.888184,-0.316336,0.273742;0.884575,-0.155317,0.339125,-0.279997
0.889009,-0.306322,0.273803;0.886551,-0.166814,0.330631,-0.277279
0.889822,-0.296158,0.273863;0.888336,-0.178274,0.322066,-0.274501
0.890624,-0.285849,0.273919;0.88993,-0.189696,0.313431,-0.271664
0.891413,-0.275401,0.273969;0.891331,-0.201077,0.304729,-0.268769
0.892189,-0.264819,0.27401;0.892541,-0.212415,0.295961,-0.265815
0.892951,-0.254109,0.27404;0.893558,-0.223706,0.287129,-0.262805
0.893698,-0.243277,0.274057;0.894382,-0.23495,0.278236,-0.259737
0.894429,-0.232329,0.274058;0.895014,-0.246143,0.269282,-0.256614
0.895145,-0.22127,0.274041;0.895453,-0.257283,0.26027,-0.253435
0.895843,-0.210106,0.274003;0.895698,-0.268367,0.251202,-0.250202
0.896525,-0.198842,0.273943;0.895751,-0.279394,0.242081,-0.246915
0.897188,-0.187485,0.273857;0.89561,-0.29036,0.232906,-0.243574
0.897753,-0.177475,0.27376;0.895329,-0.299904,0.224838,-0.240608
0.898303,-0.167401,0.27364;0.894899,-0.309399,0.216732,-0.237603
0.898837,-0.157268,0.273495;0.894322,-0.318843,0.20859,-0.234558
0.899356,-0.147078,0.273325;0.893598,-0.328234,0.200414,-0.231474
0.899859,-0.136837,0.273128;0.892725,-0.33757,0.192205,-0.228352
0.900345,-0.126547,0.272901;0.891706,-0.346852,0.183965,-0.225192
0.900814,-0.116212,0.272644;0.890539,-0.356075,0.175693,-0.221996
0.901265,-0.105837,0.272355;0.889225,-0.365241,0.167393,-0.218762
0.901698,-0.0954244,0.272031;0.887765,-0.374345,0.159065,-0.215493
0.902113,-0.084979,0.271673;0.886158,-0.383388,0.150711,-0.212188
0.902508,-0.0745043,0.271278;0.884405,-0.392368,0.142333,-0.208847
0.902885,-0.0640041,0.270844;0.882505,-0.401283,0.13393,-0.205473
0.903241,-0.0534821,0.27037;0.88046,-0.410132,0.125506,-0.202064
0.903577,-0.0429422,0.269854;0.87827,-0.418913,0.11706,-0.198622
0.903892,-0.0323883,0.269295;0.875935,-0.427625,0.108596,-0.195148
0.904186,-0.021824,0.268692;0.873455,-0.436266,0.100113,-0.191641
0.904459,-0.0112533,0.268042;0.870831,-0.444835,0.0916142,-0.188102
0.904709,-0.000679933,0.267343;0.868063,-0.453331,0.0831001,-0.184533
0.904936,0.00989232,0.266596;0.865152,-0.461752,0.0745722,-0.180933
0.905141,0.0204596,0.265797;0.862098,-0.470097,0.0660321,-0.177303
0.905321,0.0310182,0.264945;0.858902,-0.478364,0.057481,-0.173644
0.905478,0.0415642,0.264039;0.855564,-0.486552,0.0489204,-0.169956
0.905611,0.0520938,0.263077;0.852084,-0.49466,0.0403518,-0.16624
0.905718,0.0626032,0.262058;0.848464,-0.502686,0.0317765,-0.162497
0.9058,0.0730887,0.260979;0.844704,-0.510629,0.023196,-0.158727
0.905857,0.0835463,0.25984;0.840805,-0.518488,0.0146116,-0.15493
0.905887,0.0939724,0.258639;0.836767,-0.526262,0.00602484,-0.151108
0.90589,0.104363,0.257374;0.83259,-0.533948,-0.00256294,-0.147262
0.905866,0.114714,0.256043;0.828277,-0.541546,-0.0111503,-0.14339
0.905815,0.125023,0.254645;0.823826,-0.549055,-0.0197358,-0.139496
0.905735,0.135284,0.253179;0.81924,-0.556474,-0.0283181,-0.135578
0.905627,0.145495,0.251643;0.814518,-0.5638,-0.0368956,-0.131637
0.90549,0.155652,0.250035;0.809662,-0.571034,-0.0454671,-0.127675
0.905321,0.165838,0.248339;0.800892,-0.583321,-0.0509033,-0.125365
0.90511,0.176579,0.246459;0.788521,-0.599899,-0.0542895,-0.124127
0.904866,0.187237,0.244506;0.775803,-0.616213,-0.0576518,-0.122834
0.904591,0.197804,0.242484;0.762742,-0.632255,-0.0609887,-0.121486
0.904285,0.20827,0.240402;0.749345,-0.648018,-0.0642986,-0.120085
0.903949,0.218628,0.238265;0.735617,-0.663496,-0.0675803,-0.118631
0.903584,0.228867,0.23608;0.721566,-0.678681,-0.0708321,-0.117125
0.903191,0.238978,0.233854;0.707196,-0.693567,-0.0740527,-0.115567
0.902771,0.248954,0.231593;0.692514,-0.708147,-0.0772406,-0.113959
0.902325,0.258785,0.229305;0.677527,-0.722414,-0.0803945,-0.1123
0.9018,0.269526,0.226738;0.660525,-0.737894,-0.0838572,-0.110398
0.901244,0.280066,0.224154;0.643163,-0.752971,-0.0872743,-0.108437
0.90066,0.290391,0.221561;0.625451,-0.767639,-0.0906439,-0.106416
0.900049,0.300489,0.218971;0.607399,-0.781889,-0.0939641,-0.104338
0.899412,0.310347,0.21639;0.589016,-0.795714,-0.0972332,-0.102203
0.898682,0.320901,0.213575;0.568425,-0.81042,-0.100768,-0.0997896
0.897923,0.331135,0.210795;0.54746,-0.824593,-0.104236,-0.0973109
0.897138,0.341031,0.208063;0.526134,-0.838222,-0.107636,-0.0947682
0.896253,0.351424,0.205152;0.502475,-0.852461,-0.111264,-0.0919231
0.89534,0.361375,0.202328;0.478422,-0.866032,-0.114805,-0.089006
0.894322,0.371633,0.199386;0.451941,-0.879967,-0.118539,-0.0857672
0.893277,0.381321,0.196585;0.425046,-0.893093,-0.122164,-0.0824495
0.892124,0.391086,0.193749;0.395644,-0.906309,-0.125942,-0.0787918
0.890862,0.400742,0.190947;0.363675,-0.919396,-0.129841,-0.0747798
0.889401,0.410626,0.188104;0.326908,-0.932867,-0.134067,-0.0701223
0.88774,0.420269,0.185398;0.285209,-0.946184,-0.138541,-0.0647868
0.885699,0.429844,0.182877;0.233989,-0.959817,-0.143592,-0.0581586
0.882743,0.439284,0.180912;0.159361,-0.974542,-0.150113,-0.0483612
0.876814,0.441186,0.184167;0.00541278,-0.98662,-0.160581,-0.0276512
0.874103,0.433076,0.189785;-0.0683933,-0.983896,-0.164211,-0.0174901
0.872395,0.424312,0.195102;-0.116647,-0.979127,-0.166098,-0.0107654
0.87114,0.415722,0.200083;-0.15323,-0.973915,-0.167267,-0.00562358
0.870079,0.406804,0.205133;-0.185067,-0.968241,-0.1681,-0.00111784
0.8692,0.398091,0.209997;-0.212199,-0.962556,-0.168671,0.00274536
0.868421,0.38922,0.214902;-0.236926,-0.956681,-0.169078,0.00628481
0.867736,0.380407,0.219743;-0.259269,-0.950794,-0.169351,0.00949896
0.867075,0.370867,0.224957;-0.281471,-0.944389,-0.169533,0.0127079
0.866502,0.361651,0.229977;-0.301322,-0.938185,-0.169617,0.0155902
0.865949,0.351828,0.235313;-0.321041,-0.931568,-0.169626,0.0184655
0.865476,0.34258,0.240326;-0.33845,-0.925341,-0.169572,0.0210146
0.86504,0.333255,0.245375;-0.335236,-0.928219,-0.159942,0.0211073
0.864642,0.324031,0.250362;-0.331078,-0.931319,-0.150296,0.0210649
0.864258,0.314427,0.255548;-0.326881,-0.934307,-0.140633,0.0210201
0.863887,0.304456,0.260925;-0.322645,-0.937183,-0.130953,0.0209727
0.863578,0.295625,0.265681;-0.318983,-0.939559,-0.122643,0.0209301
0.863279,0.286542,0.270568;-0.315293,-0.941852,-0.114323,0.0208856
0.862987,0.277213,0.27558;-0.311575,-0.944062,-0.105992,0.0208393
0.862704,0.267647,0.280713;-0.307829,-0.946189,-0.0976524,0.0207912
0.862428,0.257851,0.285962;-0.304057,-0.948232,-0.0893038,0.0207412
0.862159,0.247834,0.291324;-0.300258,-0.950192,-0.0809474,0.0206895
0.861897,0.237603,0.296792;-0.296432,-0.952068,-0.0725839,0.0206358
0.861641,0.227166,0.302363;-0.29258,-0.953861,-0.0642139,0.0205804
0.861432,0.218316,0.30708;-0.28935,-0.95529,-0.0572346,0.0205328
0.861228,0.209334,0.311862;-0.286103,-0.956661,-0.0502518,0.020484
0.861027,0.200224,0.316706;-0.282838,-0.957973,-0.0432659,0.0204339
0.860829,0.190989,0.32161;-0.279556,-0.959227,-0.0362774,0.0203826
0.860635,0.181635,0.326571;-0.276257,-0.960422,-0.0292866,0.02033
0.860443,0.172167,0.331586;-0.272941,-0.961559,-0.0222941,0.0202761
0.860255,0.162588,0.336653;-0.269608,-0.962636,-0.0153002,0.0202211
0.860069,0.152904,0.341768;-0.266259,-0.963655,-0.00830534,0.0201648
0.859885,0.143119,0.346929;-0.262893,-0.964614,-0.00130999,0.0201072
0.859703,0.133237,0.352134;-0.259512,-0.965515,0.00568544,0.0200484
0.859523,0.123263,0.35738;-0.256114,-0.966357,0.0126805,0.0199885
0.859345,0.113201,0.362663;-0.252701,-0.967139,0.0196748,0.0199272
0.859168,0.103057,0.367981;-0.249272,-0.967862,0.0266679,0.0198648
0.858992,0.0928347,0.373332;-0.245828,-0.968526,0.0336594,0.0198011
0.858817,0.0825385,0.378713;-0.242369,-0.969131,0.0406488,0.0197363
0.858643,0.0721731,0.384121;-0.238896,-0.969677,0.0476357,0.0196702
0.85847,0.0617431,0.389553;-0.235407,-0.970163,0.0546197,0.0196029
0.858296,0.051253,0.395007;-0.231904,-0.97059,0.0616004,0.0195344
0.858123,0.0407074,0.400479;-0.228387,-0.970957,0.0685773,0.0194648
0.857949,0.0301108,0.405968;-0.224856,-0.971265,0.07555,0.0193939
0.857775,0.0194678,0.41147;-0.221312,-0.971514,0.0825181,0.0193218
0.857601,0.00878294,0.416983;-0.217753,-0.971703,0.0894811,0.0192486
0.857425,-0.00193919,0.422505;-0.214182,-0.971832,0.0964387,0.0191742
0.857248,-0.0126941,0.428031;-0.210597,-0.971903,0.10339,0.0190986
0.85707,-0.0234771,0.43356;-0.206999,-0.971913,0.110336,0.0190219
0.85689,-0.0342838,0.439089;-0.203389,-0.971865,0.117274,0.0189439
0.856709,-0.0451095,0.444615;-0.199766,-0.971756,0.124206,0.0188649
0.856525,-0.0559498,0.450135;-0.196131,-0.971589,0.131129,0.0187846
0.85634,-0.0668,0.455647;-0.192485,-0.971362,0.138045,0.0187032
0.856151,-0.0776556,0.461148;-0.188826,-0.971075,0.144953,0.0186207
0.85596,-0.088512,0.466636;-0.185156,-0.970729,0.151851,0.0185371
0.855766,-0.0993647,0.472107;-0.181474,-0.970324,0.15874,0.0184523
0.855569,-0.110209,0.477559;-0.177781,-0.969859,0.16562,0.0183663
0.855369,-0.121041,0.482989;-0.174078,-0.969335,0.172489,0.0182793
0.855164,-0.131855,0.488394;-0.170363,-0.968752,0.179348,0.0181911
0.854956,-0.142647,0.493772;-0.166639,-0.968109,0.186196,0.0181018
0.854744,-0.153413,0.49912;-0.162904,-0.967407,0.193032,0.0180114
0.854528,-0.164148,0.504436;-0.159159,-0.966646,0.199857,0.01792
0.854307,-0.174847,0.509716;-0.155405,-0.965826,0.206669,0.0178274
0.854081,-0.185506,0.514958;-0.151641,-0.964947,0.213469,0.0177337
0.85385,-0.19612,0.520159;-0.147867,-0.964008,0.220255,0.0176389
0.853614,-0.206685,0.525316;-0.144085,-0.963011,0.227029,0.0175431
0.853372,-0.217197,0.530427;-0.140294,-0.961955,0.233788,0.0174462
0.853125,-0.227649,0.535489;-0.136494,-0.960839,0.240533,0.0173482
0.852872,-0.238039,0.5405;-0.132686,-0.959666,0.247263,0.0172491
0.852613,-0.248362,0.545455;-0.128869,-0.958433,0.253978,0.017149
0.852347,-0.258612,0.550354;-0.125045,-0.957142,0.260678,0.0170479
0.852075,-0.268786,0.555193;-0.121214,-0.955792,0.267361,0.0169457
0.851796,-0.278878,0.559969;-0.117374,-0.954383,0.274029,0.0168425
0.851509,-0.288885,0.56468;-0.113528,-0.952917,0.280679,0.0167382
0.851216,-0.298801,0.569323;-0.109675,-0.951392,0.287313,0.0166329
0.850915,-0.308623,0.573895;-0.105815,-0.949809,0.293928,0.0165266
0.850606,-0.318345,0.578394;-0.101948,-0.948167,0.300526,0.0164193
0.85029,-0.327963,0.582816;-0.0980753,-0.946468,0.307106,0.016311
0.849965,-0.337473,0.58716;-0.0941965,-0.944711,0.313666,0.0162017
0.849631,-0.34687,0.591422;-0.090312,-0.942895,0.320208,0.0160913
0.849289,-0.356149,0.595599;-0.0864219,-0.941023,0.326729,0.0159801
0.848938,-0.365306,0.59969;-0.0825266,-0.939092,0.333231,0.0158678
0.848505,-0.376127,0.60448;-0.0778455,-0.9367,0.341007,0.0157318
0.848059,-0.386757,0.609136;-0.0731576,-0.934225,0.348752,0.0155944
0.847598,-0.397189,0.613653;-0.0684633,-0.931668,0.356466,0.0154556
0.847123,-0.407415,0.618027;-0.0637629,-0.929029,0.364149,0.0153155
0.846634,-0.417427,0.622253;-0.0590569,-0.926308,0.3718,0.015174
0.846129,-0.427217,0.626326;-0.0543457,-0.923505,0.379418,0.0150312
0.845609,-0.436777,0.630242;-0.0496297,-0.920621,0.387003,0.0148871
0.845073,-0.4461,0.633996;-0.0449093,-0.917656,0.394554,0.0147416
0.844427,-0.456666,0.638164;-0.0393973,-0.914095,0.403319,0.0145703
0.843758,-0.466885,0.642097;-0.0338805,-0.910424,0.412036,0.0143972
0.843066,-0.476745,0.645789;-0.0283596,-0.906643,0.420703,0.0142224
0.842349,-0.486233,0.649231;-0.0228353,-0.902754,0.42932,0.0140459
0.841501,-0.496606,0.65285;-0.0165186,-0.898177,0.439105,0.0138421
0.840619,-0.506458,0.656123;-0.0101993,-0.893459,0.448821,0.0136361
0.839585,-0.516896,0.659376;-0.00308815,-0.887985,0.459668,0.0134019
0.838508,-0.526626,0.66216;0.00402358,-0.882334,0.470423,0.013165
0.837257,-0.536573,0.664685;0.0119245,-0.87585,0.482264,0.0128987
0.835813,-0.546423,0.666746;0.0206121,-0.86847,0.495152,0.0126021
0.834013,-0.556524,0.668175;0.0308711,-0.859417,0.510195,0.0122468
0.831651,-0.566554,0.66837;0.0434797,-0.847788,0.528418,0.0118026
0.828265,-0.575518,0.665834;0.0667416,-0.832483,0.549874,0.01249
0.82354,-0.57982,0.658048;0.112368,-0.813269,0.570697,0.016475
0.819649,-0.578134,0.648955;0.14725,-0.796881,0.585592,0.0195084
0.81641,-0.573934,0.639966;0.174977,-0.782784,0.596785,0.0219113
0.813714,-0.568798,0.631661;0.197365,-0.770696,0.605398,0.0238461
0.811185,-0.56278,0.623275;0.217904,-0.759042,0.612958,0.0256167
0.808842,-0.556258,0.61504;0.236613,-0.747947,0.619555,0.0272259
0.806698,-0.549548,0.607144;0.253515,-0.737523,0.625274,0.0286765
0.804762,-0.542912,0.599736;0.268635,-0.727871,0.630192,0.0299716
0.802824,-0.535746,0.592073;0.28366,-0.717965,0.63489,0.0312562
0.800888,-0.528084,0.584182;0.298588,-0.707811,0.639368,0.03253
0.799173,-0.520884,0.576999;0.311769,-0.698578,0.643162,0.0336528
0.797466,-0.513342,0.569679;0.324865,-0.689153,0.646779,0.0347663
0.79577,-0.505482,0.56224;0.337872,-0.679538,0.650218,0.0358703
0.794088,-0.497328,0.554703;0.350786,-0.669737,0.653479,0.0369645
0.792631,-0.489971,0.548043;0.362007,-0.661011,0.656185,0.0379135
0.791188,-0.482423,0.541335;0.373151,-0.652145,0.658753,0.0388546
0.789762,-0.474699,0.534594;0.384218,-0.643142,0.661182,0.0397875
0.788355,-0.466816,0.527833;0.395203,-0.634004,0.663473,0.040712
0.786969,-0.45879,0.521064;0.406105,-0.624732,0.665624,0.041628
0.785606,-0.450637,0.514302;0.416922,-0.61533,0.667635,0.0425352
0.784268,-0.442372,0.507558;0.427652,-0.605797,0.669505,0.0434335
0.782956,-0.434011,0.500847;0.438291,-0.596138,0.671235,0.0443227
0.781674,-0.425571,0.494182;0.448838,-0.586353,0.672824,0.0452025
0.780422,-0.417067,0.487575;0.459291,-0.576444,0.674271,0.0460728
0.779203,-0.408515,0.481041;0.469647,-0.566415,0.675576,0.0469335
0.778018,-0.399931,0.474592;0.479904,-0.556266,0.676739,0.0477842
0.77687,-0.391331,0.468242;0.490061,-0.546001,0.67776,0.0486249
0.775761,-0.382731,0.462004;0.500114,-0.53562,0.678639,0.0494554
0.774693,-0.374147,0.45589;0.510063,-0.525127,0.679375,0.0502755
0.773667,-0.365594,0.449916;0.519904,-0.514524,0.679967,0.051085
0.772686,-0.357089,0.444092;0.529635,-0.503812,0.680417,0.0518838
0.771751,-0.348648,0.438434;0.539256,-0.492994,0.680724,0.0526717
0.770864,-0.340286,0.432954;0.548763,-0.482073,0.680888,0.0534485
0.769914,-0.330848,0.426926;0.559486,-0.469468,0.6809,0.0543225
0.769032,-0.321557,0.421167;0.570056,-0.456733,0.680724,0.0551815
0.768221,-0.312439,0.415698;0.58047,-0.443873,0.680362,0.0560254
0.767486,-0.303517,0.410538;0.590724,-0.430892,0.679813,0.056854
0.766752,-0.293742,0.405127;0.602065,-0.416146,0.678972,0.0577674
0.76612,-0.28428,0.400161;0.613198,-0.401255,0.677895,0.0586607
0.765595,-0.275163,0.395667;0.624117,-0.386225,0.676582,0.0595336
0.765142,-0.26548,0.391263;0.635995,-0.369368,0.674848,0.0604793
0.764809,-0.255425,0.387178;0.648745,-0.350643,0.672606,0.0614895
0.764652,-0.245239,0.383688;0.66227,-0.330007,0.669762,0.0625551
0.764735,-0.235216,0.381121;0.67646,-0.307423,0.666213,0.0636659
0.765175,-0.225089,0.379836;0.692222,-0.281087,0.661519,0.0648902
0.766216,-0.215183,0.38084;0.710254,-0.249129,0.655043,0.0662765
0.768294,-0.206777,0.386152;0.730949,-0.209603,0.645892,0.0678455
0.771001,-0.203057,0.395204;0.748447,-0.173291,0.636409,0.0691497
0.773759,-0.203029,0.405556;0.761521,-0.144023,0.628034,0.0701077
0.776189,-0.204853,0.415238;0.770779,-0.121967,0.621301,0.0707758
