0.997418,0.0113711,0.343508;0.654336,0.595323,-0.324971,-0.334408
0.995203,0.00306842,0.349184;0.663176,0.58282,-0.328263,-0.335798
0.99306,-0.00494153,0.354805;0.671853,0.570174,-0.331474,-0.337106
0.990695,-0.0137417,0.361164;0.681566,0.555548,-0.335043,-0.338498
0.98842,-0.022169,0.367451;0.691058,0.540743,-0.338503,-0.339781
0.986233,-0.0302287,0.373669;0.700327,0.525763,-0.341855,-0.340955
0.984134,-0.0379257,0.379816;0.70937,0.510614,-0.345096,-0.342018
0.981874,-0.0461578,0.386649;0.71927,0.493374,-0.348609,-0.343082
0.97972,-0.0539447,0.393393;0.728875,0.475932,-0.351979,-0.344005
0.977672,-0.0612936,0.400051;0.738183,0.458296,-0.355206,-0.344789
0.975515,-0.0689543,0.407346;0.748171,0.438481,-0.358621,-0.345494
0.973484,-0.0760931,0.414535;0.757782,0.418444,-0.361854,-0.346024
0.971389,-0.0833551,0.422319;0.767911,0.396161,-0.365201,-0.346406
0.969438,-0.0900111,0.429977;0.777572,0.373636,-0.368324,-0.346577
0.967469,-0.0965965,0.438185;0.78757,0.348803,-0.371475,-0.346522
0.965662,-0.102494,0.446244;0.796995,0.323717,-0.374356,-0.346215
0.963883,-0.108126,0.454806;0.806552,0.296275,-0.37717,-0.345598
0.962167,-0.113335,0.463833;0.816075,0.266441,-0.37984,-0.344605
0.960552,-0.117962,0.473284;0.825382,0.234184,-0.382285,-0.343162
0.959158,-0.121635,0.482507;0.833753,0.201661,-0.384295,-0.34133
0.957906,-0.124538,0.492097;0.841638,0.166719,-0.385959,-0.338949
0.956829,-0.126521,0.502008;0.848824,0.129358,-0.387181,-0.335939
0.95596,-0.127435,0.512193;0.855084,0.0895947,-0.387859,-0.332219
0.955328,-0.127142,0.522603;0.860176,0.0474649,-0.387886,-0.327703
0.954972,-0.125622,0.532667;0.8637,0.00524856,-0.387208,-0.32259
0.954874,-0.122945,0.542388;0.865652,-0.0369773,-0.385824,-0.316889
0.955016,-0.119179,0.551771;0.866027,-0.0791358,-0.383738,-0.310612
0.95538,-0.114392,0.56082;0.864825,-0.12115,-0.380952,-0.303768
0.955949,-0.108652,0.569538;0.862048,-0.162944,-0.377473,-0.296372
0.956659,-0.102398,0.577497;0.857969,-0.202266,-0.373543,-0.288866
0.957522,-0.0954075,0.585166;0.852487,-0.241257,-0.369002,-0.280889
0.958462,-0.0881824,0.592147;0.84603,-0.27772,-0.364159,-0.272933
0.959512,-0.0804019,0.598875;0.83834,-0.313779,-0.358786,-0.264578
0.960658,-0.0721148,0.605354;0.829427,-0.34938,-0.352889,-0.255838
0.961813,-0.0638963,0.611227;0.819934,-0.382423,-0.346869,-0.247272
0.963031,-0.0553131,0.616885;0.809381,-0.414972,-0.340401,-0.238386
0.964302,-0.0464061,0.622328;0.797783,-0.446985,-0.333493,-0.229191
0.965615,-0.0372161,0.627561;0.785155,-0.47842,-0.326155,-0.219701
0.966874,-0.0283797,0.632278;0.772395,-0.50733,-0.318892,-0.210547
0.968152,-0.0193639,0.636813;0.758758,-0.535665,-0.311268,-0.201153
0.969439,-0.0102025,0.641168;0.744259,-0.563391,-0.30329,-0.19153
0.970728,-0.000928875,0.645346;0.728916,-0.590478,-0.294968,-0.181691
0.972009,0.00842322,0.649349;0.712745,-0.616894,-0.286311,-0.171645
0.973274,0.0178202,0.653179;0.695765,-0.642611,-0.277329,-0.161404
0.974512,0.0272285,0.656837;0.677995,-0.667597,-0.268032,-0.15098
0.975817,0.0374021,0.660611;0.666009,-0.683003,-0.263782,-0.142683
0.977,0.0469322,0.663983;0.659034,-0.691213,-0.263132,-0.136604
0.978134,0.0564024,0.667181;0.651957,-0.699317,-0.262442,-0.130504
0.979386,0.0673571,0.670691;0.643574,-0.708637,-0.261587,-0.123363
0.980554,0.0781901,0.673965;0.635057,-0.717808,-0.260677,-0.116196
0.981626,0.0888799,0.677005;0.626407,-0.72683,-0.259712,-0.109004
0.982595,0.0994049,0.67981;0.617627,-0.735699,-0.258693,-0.10179
0.98345,0.109744,0.682382;0.608717,-0.744415,-0.25762,-0.0945547
0.984182,0.119874,0.684722;0.599681,-0.752976,-0.256494,-0.0872995
0.98478,0.129776,0.68683;0.590519,-0.761379,-0.255313,-0.080026
0.98529,0.140783,0.688958;0.579897,-0.770788,-0.253899,-0.0716932
0.985599,0.151431,0.690786;0.569117,-0.779987,-0.252416,-0.0633407
0.985693,0.161686,0.692315;0.558182,-0.788973,-0.250863,-0.054971
0.985525,0.172714,0.693681;0.545699,-0.798825,-0.249035,-0.0455373
0.985048,0.18316,0.694673;0.533026,-0.808401,-0.247121,-0.0360878
0.984128,0.194026,0.69534;0.518731,-0.818713,-0.244894,-0.0255739
0.982773,0.204054,0.69555;0.504214,-0.828677,-0.242563,-0.0150491
0.980746,0.214041,0.695257;0.487997,-0.839229,-0.23988,-0.00346465
0.977851,0.223592,0.694316;0.47002,-0.850246,-0.236811,0.00917481
0.973509,0.232824,0.692404;0.448682,-0.862439,-0.233047,0.0239132
0.967183,0.240643,0.689154;0.423838,-0.875492,-0.228508,0.0407319
0.95929,0.2453,0.684779;0.398532,-0.88759,-0.223719,0.0575061
0.950368,0.246566,0.679667;0.374412,-0.898052,-0.219007,0.0731753
0.941369,0.245069,0.674451;0.353217,-0.906423,-0.214754,0.086699
0.932787,0.241813,0.669472;0.335083,-0.912996,-0.211034,0.0980938
0.924886,0.237616,0.664906;0.319757,-0.918141,-0.207834,0.107602
0.917046,0.232548,0.660398;0.333948,-0.919897,-0.180495,0.0984387
0.909242,0.226776,0.65593;0.346939,-0.920677,-0.154695,0.0897557
0.901613,0.22054,0.651577;0.358779,-0.92065,-0.130486,0.0815776
0.894272,0.214047,0.647398;0.369518,-0.919971,-0.107914,0.0739257
0.88731,0.20748,0.643442;0.379207,-0.918785,-0.0870128,0.0668174
0.880198,0.200385,0.639407;0.388676,-0.917064,-0.0660605,0.0596701
0.873573,0.193437,0.635654;0.397156,-0.915017,-0.0468201,0.0530878
0.86687,0.186083,0.631859;0.405442,-0.912522,-0.0275568,0.0464795
0.860111,0.178341,0.628036;0.413529,-0.909581,-0.00827995,0.0398485
0.853936,0.170979,0.624546;0.420706,-0.90652,0.00924818,0.0338032
0.847751,0.163325,0.621052;0.427712,-0.903092,0.0267726,0.0277443
0.841572,0.15539,0.617563;0.434546,-0.899299,0.0442861,0.0216742
0.835415,0.147188,0.614087;0.441203,-0.895142,0.0617818,0.0155952
0.829299,0.138733,0.610635;0.447682,-0.890623,0.0792524,0.00951001
0.823842,0.130917,0.607554;0.453358,-0.886248,0.0949488,0.00402994
0.818443,0.122917,0.604507;0.458886,-0.881582,0.110614,-0.00145145
0.813115,0.114741,0.601499;0.464263,-0.876627,0.126243,-0.00693236
0.80787,0.1064,0.598536;0.469488,-0.871385,0.141831,-0.012411
0.80272,0.0979022,0.595627;0.474559,-0.865857,0.157372,-0.0178856
0.797677,0.0892586,0.592776;0.479475,-0.860045,0.172861,-0.0233543
0.792754,0.0804783,0.589991;0.484233,-0.853952,0.188294,-0.0288153
0.787963,0.0715711,0.587279;0.488833,-0.847578,0.203665,-0.0342669
0.783316,0.0625466,0.584646;0.493272,-0.840927,0.21897,-0.0397073
0.778826,0.0534146,0.582099;0.49755,-0.834,0.234202,-0.0451347
0.774505,0.0441847,0.579644;0.501665,-0.8268,0.249358,-0.0505473
0.770365,0.0348665,0.577289;0.505615,-0.819328,0.264432,-0.0559433
0.766418,0.0254698,0.575039;0.5094,-0.811589,0.27942,-0.0613209
0.762677,0.0160042,0.572901;0.513017,-0.803583,0.294316,-0.0666785
0.759155,0.00647943,0.570883;0.516467,-0.795314,0.309115,-0.0720142
0.755862,-0.0030949,0.56899;0.519747,-0.786784,0.323813,-0.0773263
0.752813,-0.0127091,0.567229;0.522857,-0.777996,0.338405,-0.0826131
0.750018,-0.0223534,0.565608;0.525795,-0.768953,0.352886,-0.0878728
0.747491,-0.0320183,0.564132;0.528561,-0.759658,0.367251,-0.0931036
0.745243,-0.041694,0.562808;0.531154,-0.750115,0.381496,-0.098304
0.743088,-0.0524457,0.561524;0.533831,-0.739222,0.397177,-0.104044
0.741311,-0.0631856,0.560446;0.536292,-0.728031,0.412698,-0.109743
0.739927,-0.0739003,0.559581;0.538535,-0.716544,0.428051,-0.115396
0.738955,-0.0845767,0.558941;0.540561,-0.704768,0.443231,-0.121003
0.73841,-0.0952014,0.558532;0.542368,-0.692707,0.458231,-0.126562
0.73831,-0.105761,0.558366;0.543956,-0.680365,0.473046,-0.132069
0.738671,-0.116243,0.558451;0.545323,-0.667748,0.48767,-0.137522
0.739511,-0.126633,0.558795;0.54647,-0.654861,0.502097,-0.14292
0.740846,-0.136918,0.559409;0.547396,-0.641709,0.51632,-0.14826
0.742694,-0.147086,0.560301;0.5481,-0.628297,0.530334,-0.15354
0.74507,-0.157122,0.56148;0.548582,-0.614631,0.544134,-0.158758
0.747998,-0.167033,0.562958;0.548453,-0.610388,0.548161,-0.161696
0.751481,-0.176811,0.564737;0.547497,-0.622081,0.536078,-0.160883
0.755481,-0.186422,0.566796;0.546385,-0.633596,0.523843,-0.160026
0.75997,-0.195859,0.569116;0.545118,-0.644932,0.511458,-0.159122
0.764914,-0.205111,0.57168;0.543696,-0.656084,0.498929,-0.158174
0.770284,-0.214169,0.574468;0.542119,-0.667049,0.486257,-0.15718
0.776047,-0.223026,0.577464;0.540389,-0.677825,0.473447,-0.156142
0.782173,-0.231672,0.580648;0.538504,-0.688409,0.460503,-0.155059
0.788631,-0.240097,0.584003;0.536467,-0.698796,0.447428,-0.153933
0.795389,-0.248294,0.58751;0.534277,-0.708985,0.434225,-0.152762
0.802416,-0.256253,0.591151;0.531935,-0.718973,0.420899,-0.151549
0.809681,-0.263966,0.594907;0.529442,-0.728756,0.407453,-0.150292
0.817153,-0.271423,0.598762;0.526799,-0.738331,0.393892,-0.148992
0.824801,-0.278615,0.602695;0.524006,-0.747697,0.380219,-0.14765
0.832593,-0.285535,0.60669;0.521063,-0.756851,0.366437,-0.146266
0.840499,-0.292171,0.610728;0.517973,-0.765789,0.352552,-0.14484
0.848487,-0.298517,0.614791;0.514735,-0.774509,0.338566,-0.143374
0.856526,-0.304563,0.618859;0.511351,-0.78301,0.324483,-0.141866
0.864585,-0.310299,0.622917;0.507822,-0.791287,0.310309,-0.140318
0.872633,-0.315718,0.626944;0.504148,-0.79934,0.296047,-0.13873
0.880638,-0.32081,0.630923;0.500331,-0.807166,0.2817,-0.137103
0.88857,-0.325566,0.634836;0.496372,-0.814762,0.267273,-0.135437
0.897367,-0.330504,0.639135;0.491749,-0.82303,0.250952,-0.133517
0.905986,-0.334993,0.643302;0.48695,-0.831003,0.234541,-0.131548
0.914384,-0.339021,0.647309;0.481975,-0.838676,0.218045,-0.129533
0.923402,-0.34294,0.651544;0.476244,-0.846848,0.199625,-0.127238
0.932031,-0.346255,0.655515;0.470301,-0.854644,0.181117,-0.124887
0.941001,-0.349185,0.659536;0.463523,-0.862781,0.160664,-0.122237
0.95007,-0.351499,0.663453;0.455845,-0.871129,0.138255,-0.119271
0.959571,-0.352994,0.667325;0.446519,-0.880163,0.111999,-0.115715
0.969312,-0.353,0.670881;0.434673,-0.890102,0.0799891,-0.111261
0.978536,-0.349932,0.673348;0.418516,-0.901267,0.0384175,-0.105287
0.983693,-0.341596,0.672678;0.398266,-0.911963,-0.010812,-0.0979349
0.982946,-0.332111,0.669392;0.382707,-0.918049,-0.0467753,-0.0923753
0.979678,-0.32321,0.665297;0.370849,-0.921592,-0.0732298,-0.0881835
0.975371,-0.315042,0.661012;0.361305,-0.923813,-0.0939719,-0.0848358
0.970425,-0.30724,0.656579;0.347437,-0.928552,-0.104912,-0.0779199
0.965124,-0.299741,0.652098;0.332342,-0.933977,-0.111182,-0.0698119
0.959586,-0.292423,0.647588;0.318514,-0.938616,-0.116847,-0.0624189
0.953409,-0.284639,0.642691;0.304591,-0.942973,-0.122477,-0.0550073
0.947339,-0.277245,0.637976;0.291983,-0.946653,-0.127513,-0.0483226
0.941564,-0.270369,0.633558;0.280715,-0.949731,-0.131963,-0.0423708
0.935456,-0.263213,0.628941;0.269394,-0.952628,-0.136388,-0.0364109
0.929037,-0.255784,0.624139;0.258022,-0.955341,-0.140787,-0.030444
0.922329,-0.248085,0.619167;0.246599,-0.957872,-0.145158,-0.0244713
0.916241,-0.241133,0.614689;0.236566,-0.959936,-0.148961,-0.0192413
0.909964,-0.233983,0.610102;0.226498,-0.961859,-0.152742,-0.0140084
0.903513,-0.226639,0.605414;0.216397,-0.963641,-0.1565,-0.0087735
0.896904,-0.219104,0.600637;0.206264,-0.965281,-0.160235,-0.00353731
0.890151,-0.211382,0.595779;0.196101,-0.96678,-0.163947,0.0016994
0.88327,-0.203477,0.590851;0.185909,-0.968137,-0.167635,0.00693586
0.877281,-0.196559,0.586578;0.177151,-0.969186,-0.170776,0.0114235
0.871218,-0.18951,0.582266;0.168375,-0.970132,-0.173899,0.0159099
0.865091,-0.182335,0.577922;0.15958,-0.970973,-0.177003,0.0203945
0.858908,-0.175034,0.573551;0.150767,-0.971709,-0.180088,0.024877
0.85268,-0.16761,0.56916;0.141939,-0.972341,-0.183154,0.0293568
0.846417,-0.160066,0.564754;0.133095,-0.972867,-0.1862,0.0338334
0.840126,-0.152404,0.56034;0.124237,-0.973289,-0.189226,0.0383064
0.833819,-0.144627,0.555924;0.115366,-0.973606,-0.192231,0.0427752
0.827504,-0.136735,0.551512;0.106482,-0.973818,-0.195216,0.0472395
0.821191,-0.128733,0.54711;0.0975862,-0.973925,-0.19818,0.0516986
0.814889,-0.120621,0.542725;0.0886803,-0.973926,-0.201122,0.0561522
0.808608,-0.112403,0.538361;0.0797648,-0.973823,-0.204043,0.0605997
0.802358,-0.10408,0.534026;0.0708407,-0.973615,-0.206941,0.0650407
0.796147,-0.0956557,0.529726;0.061909,-0.973302,-0.209818,0.0694746
0.789985,-0.0871315,0.525466;0.0529706,-0.972884,-0.212671,0.0739011
0.783882,-0.0785098,0.521252;0.0440265,-0.972361,-0.215502,0.0783196
0.777847,-0.069793,0.517092;0.0350776,-0.971734,-0.21831,0.0827297
0.77189,-0.0609834,0.51299;0.026125,-0.971001,-0.221094,0.0871308
0.766021,-0.0520833,0.508953;0.0171695,-0.970164,-0.223854,0.0915226
0.760247,-0.0430949,0.504988;0.0082122,-0.969222,-0.22659,0.0959045
0.75458,-0.0340207,0.501099;-0.000745987,-0.968176,-0.229302,0.100276
0.749028,-0.0248628,0.497294;-0.0097041,-0.967025,-0.231989,0.104637
0.743602,-0.0156237,0.493578;-0.0186612,-0.965771,-0.234651,0.108986
0.738309,-0.00630552,0.489957;-0.0276162,-0.964412,-0.237287,0.113324
0.733161,0.00308935,0.486439;-0.0365683,-0.962949,-0.239898,0.117649
0.728166,0.0125586,0.483027;-0.0455164,-0.961382,-0.242483,0.121962
0.723335,0.0221,0.47973;-0.0544596,-0.959712,-0.245042,0.126262
0.718675,0.0317112,0.476552;-0.063397,-0.957938,-0.247575,0.130548
0.714197,0.0413898,0.4735;-0.0723275,-0.956061,-0.250081,0.13482
0.709911,0.0511337,0.47058;-0.0812502,-0.95408,-0.25256,0.139077
0.705826,0.0609405,0.467798;-0.0901642,-0.951997,-0.255012,0.14332
0.70195,0.0708078,0.465161;-0.0990685,-0.949812,-0.257436,0.147547
0.698295,0.0807335,0.462674;-0.107962,-0.947524,-0.259832,0.151758
0.694869,0.0907151,0.460343;-0.116844,-0.945133,-0.262201,0.155953
0.691681,0.10075,0.458175;-0.125713,-0.942641,-0.264541,0.160131
0.688741,0.110837,0.456175;-0.134569,-0.940047,-0.266853,0.164291
0.68606,0.120973,0.45435;-0.14341,-0.937352,-0.269136,0.168434
0.683645,0.131156,0.452706;-0.152236,-0.934556,-0.27139,0.172559
0.681507,0.141383,0.451249;-0.161046,-0.931659,-0.273614,0.176665
0.679655,0.151652,0.449985;-0.169838,-0.928662,-0.275809,0.180752
0.678098,0.161961,0.44892;-0.178611,-0.925565,-0.277975,0.18482
0.676846,0.172308,0.44806;-0.187366,-0.922367,-0.28011,0.188868
0.675909,0.18269,0.447411;-0.1961,-0.919071,-0.282215,0.192895
0.675296,0.193105,0.44698;-0.204813,-0.915675,-0.28429,0.196902
0.675016,0.20355,0.446772;-0.213504,-0.91218,-0.286334,0.200887
0.675079,0.214024,0.446794;-0.222172,-0.908588,-0.288348,0.204851
0.675494,0.224524,0.447051;-0.230816,-0.904897,-0.29033,0.208792
0.676272,0.235048,0.447551;-0.239435,-0.901108,-0.292281,0.212711
0.67742,0.245593,0.448298;-0.248029,-0.897223,-0.2942,0.216607
0.678949,0.256158,0.449299;-0.256595,-0.893241,-0.296088,0.22048
0.680869,0.266739,0.45056;-0.265134,-0.889162,-0.297944,0.224329
0.683188,0.277335,0.452087;-0.273645,-0.884988,-0.299767,0.228154
0.685916,0.287943,0.453887;-0.282126,-0.880718,-0.301559,0.231954
0.689063,0.298561,0.455965;-0.290576,-0.876354,-0.303318,0.23573
0.692638,0.309187,0.458327;-0.298995,-0.871894,-0.305044,0.239479
0.696651,0.319818,0.46098;-0.307382,-0.867341,-0.306737,0.243203
0.701111,0.330452,0.46393;-0.315736,-0.862694,-0.308397,0.246901
0.705176,0.339315,0.466619;-0.322672,-0.858751,-0.309755,0.249962
0.709563,0.348177,0.469522;-0.329583,-0.854744,-0.31109,0.253005
0.714278,0.357036,0.472642;-0.33647,-0.850672,-0.312402,0.256028
0.719327,0.365892,0.475982;-0.343331,-0.846537,-0.31369,0.259033
0.724715,0.374743,0.479548;-0.350167,-0.842338,-0.314955,0.262018
