0.76143,0.294826,0.629664;0.503123,0.813867,-0.289493,-0.026099
0.771955,0.293428,0.632585;0.48678,0.824722,-0.285898,-0.0337842
0.782077,0.291704,0.635394;0.470214,0.8352,-0.282173,-0.0414539
0.7918,0.289658,0.638093;0.453433,0.845296,-0.278319,-0.0491048
0.802042,0.287047,0.640936;0.434735,0.855956,-0.273933,-0.0574946
0.811816,0.284067,0.643649;0.415797,0.866142,-0.269395,-0.0658527
0.821132,0.280727,0.646233;0.396629,0.87585,-0.264708,-0.0741744
0.83078,0.276684,0.648908;0.375469,0.885888,-0.259429,-0.0832056
0.839901,0.272237,0.651434;0.354061,0.895342,-0.253979,-0.0921821
0.848505,0.267397,0.653813;0.332421,0.904208,-0.248361,-0.101098
0.857255,0.261725,0.656228;0.308731,0.913141,-0.242092,-0.110682
0.865423,0.255623,0.658476;0.284802,0.921369,-0.235635,-0.12018
0.873023,0.249107,0.660561;0.260654,0.928885,-0.228997,-0.129585
0.880067,0.242191,0.662484;0.236304,0.935684,-0.222181,-0.13889
0.887046,0.234316,0.664379;0.209878,0.942198,-0.21465,-0.148791
0.893412,0.226015,0.666093;0.183264,0.947869,-0.206926,-0.158559
0.899181,0.217309,0.667631;0.156486,0.95269,-0.199017,-0.168185
0.904369,0.208218,0.668996;0.129567,0.956658,-0.19093,-0.17766
0.908993,0.198759,0.670191;0.102533,0.95977,-0.182672,-0.186976
0.913069,0.188955,0.67122;0.0754064,0.962022,-0.17425,-0.196124
0.916612,0.178823,0.672086;0.0482126,0.963412,-0.165673,-0.205097
0.91944,0.169139,0.672748;0.022922,0.963931,-0.157575,-0.213265
0.921836,0.159205,0.673275;-0.00238625,0.963705,-0.149355,-0.221268
0.923813,0.149037,0.673671;-0.0276927,0.962736,-0.14102,-0.2291
0.925384,0.138652,0.673938;-0.0529777,0.961022,-0.132576,-0.236755
0.926562,0.128063,0.674078;-0.0782219,0.958567,-0.124029,-0.244227
0.92736,0.117288,0.674095;-0.103406,0.955372,-0.115387,-0.251511
0.927771,0.107189,0.674004;-0.126582,0.951767,-0.107331,-0.258063
0.927879,0.0969568,0.673812;-0.149675,0.947537,-0.0992036,-0.264444
0.927694,0.0866032,0.673522;-0.172669,0.942682,-0.0910111,-0.270652
0.927228,0.0761406,0.673136;-0.19555,0.937208,-0.0827588,-0.276681
0.926489,0.0655814,0.672655;-0.218302,0.931117,-0.074452,-0.282528
0.925489,0.0549378,0.672083;-0.24091,0.924413,-0.0660962,-0.28819
0.924238,0.0442223,0.671421;-0.26336,0.917102,-0.057697,-0.293662
0.922745,0.0334471,0.670672;-0.285637,0.909186,-0.0492598,-0.29894
0.921173,0.0235278,0.669911;-0.305892,0.901405,-0.041497,-0.303607
0.919414,0.0135783,0.669079;-0.325979,0.893125,-0.0337114,-0.308105
0.917478,0.00360798,0.668179;-0.345885,0.884352,-0.0259071,-0.312433
0.91537,-0.00637369,0.667213;-0.3656,0.87509,-0.0180884,-0.316588
0.9131,-0.0163572,0.666182;-0.385113,0.865343,-0.0102598,-0.320568
0.910675,-0.0263331,0.665087;-0.404413,0.855119,-0.00242552,-0.324371
0.908103,-0.0362918,0.663932;-0.423489,0.844421,0.00541013,-0.327994
0.905391,-0.046224,0.662716;-0.442331,0.833257,0.0132428,-0.331437
0.902549,-0.05612,0.661442;-0.460929,0.821632,0.0210681,-0.334696
0.899582,-0.0659704,0.660112;-0.479272,0.809553,0.0288818,-0.337769
0.896501,-0.0757657,0.658727;-0.497349,0.797027,0.0366795,-0.340657
0.893311,-0.0854964,0.657289;-0.515152,0.784059,0.0444569,-0.343356
0.890021,-0.0951531,0.655799;-0.53267,0.770658,0.0522098,-0.345865
0.88664,-0.104726,0.65426;-0.549894,0.756831,0.0599338,-0.348182
0.883174,-0.114206,0.652673;-0.566813,0.742586,0.0676246,-0.350308
0.879632,-0.123584,0.65104;-0.58342,0.72793,0.0752781,-0.352239
0.876021,-0.132849,0.649362;-0.599703,0.712872,0.08289,-0.353976
0.87235,-0.141993,0.647641;-0.615655,0.697419,0.090456,-0.355517
0.868285,-0.151819,0.645716;-0.632669,0.680123,0.0986526,-0.356974
0.864168,-0.161476,0.643745;-0.649266,0.662378,0.106784,-0.358197
0.860008,-0.170953,0.641729;-0.665437,0.644198,0.114846,-0.359183
0.855899,-0.180054,0.639712;-0.680192,0.63518,0.121545,-0.345125
0.851582,-0.189352,0.637563;-0.695049,0.627006,0.128262,-0.327595
0.847242,-0.198436,0.635372;-0.709461,0.618432,0.134896,-0.309854
0.842883,-0.207302,0.633139;-0.723419,0.609461,0.141444,-0.291916
0.838112,-0.21672,0.630655;-0.738118,0.599231,0.148484,-0.272133
0.833331,-0.225865,0.628124;-0.752254,0.588544,0.155411,-0.252144
0.828545,-0.234732,0.625545;-0.765818,0.577409,0.16222,-0.231963
0.823761,-0.243313,0.62292;-0.778798,0.565834,0.168904,-0.211604
0.818588,-0.25228,0.620026;-0.792191,0.552808,0.176001,-0.189368
0.813432,-0.260895,0.61708;-0.804875,0.539289,0.182941,-0.166963
0.808301,-0.269151,0.614083;-0.81684,0.525287,0.189716,-0.144409
0.802812,-0.27763,0.610801;-0.828908,0.509684,0.196824,-0.119976
0.797372,-0.285671,0.607464;-0.840117,0.493552,0.203727,-0.0954179
0.791608,-0.29379,0.603828;-0.851161,0.475701,0.210889,-0.0689972
0.785922,-0.301381,0.600132;-0.861191,0.457283,0.2178,-0.0424943
0.779957,-0.308884,0.596126;-0.87076,0.437039,0.224885,-0.0141696
0.773749,-0.316164,0.5918;-0.879635,0.414881,0.23208,0.0159456
0.76734,-0.323076,0.587144;-0.887567,0.39073,0.239311,0.0478047
0.76078,-0.32946,0.58215;-0.894289,0.364512,0.246499,0.0813437
0.754131,-0.335138,0.576807;-0.89952,0.336162,0.253556,0.116479
0.747153,-0.340115,0.570836;-0.903077,0.304159,0.260699,0.15484
0.740273,-0.343854,0.564492;-0.904323,0.269871,0.267453,0.19452
0.733328,-0.346166,0.55749;-0.902809,0.231747,0.273946,0.23703
0.726513,-0.346545,0.54981;-0.897823,0.189717,0.27994,0.282056
0.720479,-0.344653,0.542021;-0.889376,0.146956,0.284855,0.325995
0.715296,-0.340414,0.534134;-0.8775,0.103629,0.288672,0.368677
0.711317,-0.33433,0.526753;-0.863488,0.063151,0.291214,0.406934
0.708513,-0.32721,0.520203;-0.848794,0.0273534,0.292656,0.439492
0.706565,-0.319267,0.514209;-0.83355,-0.00525313,0.293316,0.468116
0.705325,-0.310895,0.508787;-0.818322,-0.0345914,0.29338,0.493033
0.70462,-0.301903,0.503645;-0.802651,-0.0622463,0.292979,0.51579
0.704386,-0.292459,0.498789;-0.786782,-0.0881882,0.292192,0.536489
0.704535,-0.283404,0.49453;-0.772022,-0.110791,0.291179,0.554006
0.705024,-0.273598,0.490262;-0.756461,-0.133278,0.289864,0.570949
0.705791,-0.263811,0.486292;-0.741309,-0.154036,0.288374,0.586152
0.706833,-0.253664,0.482429;-0.740939,-0.171173,0.286894,0.582581
0.708064,-0.243652,0.478828;-0.745058,-0.186166,0.285469,0.573357
0.709382,-0.234209,0.475593;-0.748556,-0.199608,0.284105,0.564893
0.710891,-0.224375,0.472369;-0.751855,-0.212996,0.282666,0.55628
0.712589,-0.214168,0.46916;-0.754953,-0.226328,0.281152,0.547518
0.71447,-0.203605,0.465971;-0.75785,-0.2396,0.279563,0.53861
0.716291,-0.193931,0.463156;-0.760255,-0.251343,0.278087,0.530571
0.718249,-0.184003,0.460364;-0.762501,-0.263034,0.276554,0.522421
0.720342,-0.173833,0.457598;-0.764586,-0.274669,0.274962,0.514161
0.722564,-0.163433,0.454861;-0.76651,-0.286247,0.273312,0.505793
0.724913,-0.152815,0.452156;-0.768273,-0.297764,0.271604,0.497318
0.727386,-0.141993,0.449486;-0.769874,-0.309218,0.26984,0.488738
0.729649,-0.132364,0.447181;-0.771142,-0.319188,0.268249,0.481147
0.732,-0.122597,0.444908;-0.772285,-0.329106,0.266615,0.473478
0.73444,-0.112698,0.442669;-0.773305,-0.33897,0.264939,0.465732
0.736964,-0.102677,0.440465;-0.774199,-0.348781,0.263219,0.457912
0.73957,-0.0925418,0.4383;-0.774969,-0.358535,0.261457,0.450018
0.742257,-0.0823005,0.436175;-0.775614,-0.368231,0.259653,0.442051
0.745022,-0.0719614,0.434092;-0.776134,-0.377868,0.257807,0.434013
0.747863,-0.061533,0.432054;-0.776529,-0.387444,0.25592,0.425905
0.750777,-0.0510235,0.430063;-0.776799,-0.396958,0.253991,0.417728
0.753762,-0.0404412,0.42812;-0.776943,-0.406407,0.252022,0.409484
0.756816,-0.0297944,0.426228;-0.776963,-0.415791,0.250011,0.401174
0.759937,-0.0190914,0.42439;-0.776857,-0.425108,0.247961,0.3928
0.763122,-0.00834051,0.422606;-0.776626,-0.434357,0.24587,0.384362
0.766368,0.00244993,0.42088;-0.776269,-0.443536,0.24374,0.375862
0.769674,0.0132716,0.419214;-0.775788,-0.452643,0.241571,0.367302
0.773037,0.0241163,0.417609;-0.775182,-0.461677,0.239363,0.358682
0.776456,0.0349757,0.416069;-0.774451,-0.470637,0.237116,0.350005
0.779926,0.0458414,0.414594;-0.773594,-0.479521,0.234831,0.341271
0.783448,0.0567051,0.413187;-0.772614,-0.488327,0.232508,0.332482
0.787017,0.0675587,0.411851;-0.771509,-0.497055,0.230147,0.32364
0.790632,0.0783936,0.410587;-0.770279,-0.505703,0.22775,0.314746
0.79429,0.0892018,0.409397;-0.768925,-0.514269,0.225316,0.3058
0.797989,0.0999748,0.408284;-0.767448,-0.522753,0.222845,0.296806
0.801727,0.110704,0.407251;-0.765846,-0.531152,0.220339,0.287763
0.805502,0.121382,0.406298;-0.764121,-0.539466,0.217797,0.278675
0.809311,0.132,0.405428;-0.762274,-0.547693,0.21522,0.269541
0.813152,0.142549,0.404644;-0.760303,-0.555831,0.212608,0.260364
0.817022,0.153022,0.403947;-0.75821,-0.56388,0.209962,0.251145
0.820919,0.16341,0.40334;-0.755994,-0.571838,0.207282,0.241885
0.824841,0.173704,0.402824;-0.753657,-0.579704,0.204569,0.232587
0.828786,0.183897,0.402403;-0.751198,-0.587476,0.201823,0.223251
0.832752,0.19398,0.402077;-0.748618,-0.595154,0.199044,0.213879
0.836735,0.203945,0.40185;-0.745918,-0.602736,0.196233,0.204473
0.840734,0.213783,0.401723;-0.743097,-0.61022,0.193391,0.195033
0.844746,0.223486,0.401698;-0.740157,-0.617607,0.190517,0.185562
0.84877,0.233047,0.401778;-0.737097,-0.624893,0.187613,0.176062
0.852802,0.242456,0.401965;-0.733919,-0.632079,0.184678,0.166533
0.856841,0.251705,0.402261;-0.730622,-0.639164,0.181714,0.156977
0.861461,0.26207,0.402736;-0.72671,-0.647134,0.17829,0.146025
0.866084,0.272202,0.403358;-0.722645,-0.654968,0.174829,0.135042
0.870705,0.282091,0.404132;-0.718428,-0.662664,0.171331,0.124031
0.875321,0.291723,0.405061;-0.71406,-0.67022,0.167797,0.112994
0.879929,0.301086,0.406148;-0.709541,-0.677635,0.164228,0.101933
0.884525,0.310167,0.407395;-0.704874,-0.684908,0.160624,0.0908503
0.889106,0.318955,0.408807;-0.700057,-0.692037,0.156987,0.0797487
0.894236,0.328474,0.410596;-0.694463,-0.699882,0.152855,0.0672395
0.899339,0.337589,0.412602;-0.688684,-0.707541,0.148682,0.0547124
0.904408,0.34628,0.414829;-0.682721,-0.715012,0.14447,0.0421707
0.909994,0.35542,0.417568;-0.675882,-0.723089,0.139745,0.0282224
0.915527,0.363992,0.420592;-0.668822,-0.730928,0.134973,0.0142649
0.920999,0.371972,0.423907;-0.661541,-0.738527,0.130158,0.000302629
0.92694,0.380037,0.427897;-0.653281,-0.746606,0.124811,-0.0150558
0.932726,0.387248,0.432206;-0.647848,-0.751728,0.120132,-0.0276755
0.939288,0.39461,0.437628;-0.65591,-0.744981,0.117884,-0.0298161
0.94572,0.400971,0.443504;-0.663894,-0.738143,0.115621,-0.0319532
0.952021,0.406373,0.449805;-0.671798,-0.731217,0.113345,-0.0340865
0.958187,0.410855,0.456499;-0.679621,-0.724204,0.111055,-0.0362157
0.965209,0.414978,0.464768;-0.688644,-0.715911,0.108367,-0.0386942
0.972044,0.417971,0.473486;-0.697555,-0.707501,0.105661,-0.0411663
0.978687,0.419898,0.482605;-0.706352,-0.698975,0.102937,-0.0436318
0.985136,0.420823,0.492079;-0.715034,-0.690335,0.100197,-0.0460901
0.991388,0.420813,0.501858;-0.723598,-0.681583,0.0974402,-0.0485409
0.996588,0.420108,0.510449;-0.730845,-0.673991,0.0950647,-0.0506352
1.00164,0.418804,0.519201;-0.738004,-0.666319,0.0926777,-0.0527235
1.00654,0.416942,0.528083;-0.745074,-0.658567,0.0902796,-0.0548054
1.01128,0.414561,0.537066;-0.752055,-0.650736,0.0878707,-0.0568807
1.01587,0.411704,0.54612;-0.758945,-0.642826,0.0854512,-0.0589493
1.02031,0.40841,0.555216;-0.765744,-0.634839,0.0830214,-0.0610107
1.02458,0.404721,0.564323;-0.772452,-0.626776,0.0805816,-0.0630648
1.02869,0.400677,0.573412;-0.779066,-0.618637,0.0781322,-0.0651113
1.03264,0.396319,0.582452;-0.785587,-0.610425,0.0756734,-0.06715
1.03643,0.391688,0.591415;-0.792013,-0.602138,0.0732055,-0.0691806
1.04005,0.386825,0.600269;-0.798344,-0.59378,0.0707287,-0.0712029
1.0435,0.381771,0.608986;-0.804579,-0.58535,0.0682435,-0.0732167
1.04678,0.376566,0.617535;-0.810718,-0.57685,0.0657501,-0.0752216
1.04988,0.371251,0.625887;-0.816759,-0.56828,0.0632488,-0.0772175
1.05281,0.365866,0.634012;-0.822701,-0.559642,0.0607399,-0.0792042
1.05601,0.359552,0.643163;-0.82951,-0.54948,0.0578036,-0.0815099
1.05896,0.353264,0.651918;-0.836183,-0.539228,0.0548579,-0.0838022
1.06166,0.347066,0.660228;-0.842718,-0.528887,0.0519032,-0.0860809
1.06412,0.341025,0.668046;-0.849117,-0.51846,0.04894,-0.0883454
1.06662,0.334394,0.676317;-0.856259,-0.50644,0.0455437,-0.0909158
1.06902,0.327399,0.684692;-0.864075,-0.492788,0.0417113,-0.0937842
1.07119,0.320366,0.692725;-0.872485,-0.477463,0.0374399,-0.0969416
1.07308,0.31321,0.700406;-0.882193,-0.458863,0.0322978,-0.100688
1.07441,0.305781,0.707427;-0.895958,-0.430552,0.0245564,-0.106215
1.07074,0.30446,0.70273;-0.949324,-0.306381,0.000602392,-0.0701063
1.06613,0.307092,0.693902;-0.967282,-0.248168,-0.00999973,-0.0517566
1.06112,0.308997,0.684935;-0.978515,-0.201958,-0.0182559,-0.0372671
1.05591,0.309902,0.676307;-0.986031,-0.16274,-0.0251562,-0.0250213
1.05037,0.309786,0.667839;-0.991309,-0.127004,-0.0313607,-0.0139025
1.04436,0.308552,0.659395;-0.994968,-0.0929765,-0.0371964,-0.00334988
1.03839,0.306311,0.651662;-0.99712,-0.0626253,-0.0423429,0.0060344
1.03223,0.303051,0.644311;-0.998196,-0.0341114,-0.0471277,0.0148266
1.02598,0.298855,0.637438;-0.998377,-0.00746972,-0.0515548,0.0230207
1.01973,0.293844,0.631103;-0.997833,0.0172748,-0.055629,0.0306131
1.01357,0.288175,0.625345;-0.996722,0.0401057,-0.0593559,0.037603
1.00759,0.282025,0.620178;-0.995191,0.0610137,-0.0627417,0.0439912
1.00128,0.2749,0.615153;-0.993171,0.0818918,-0.0660968,0.0503577
0.99526,0.267523,0.610735;-0.990911,0.100837,-0.0691186,0.056124
0.989604,0.260111,0.606901;-0.988532,0.117853,-0.0718143,0.0612943
0.983719,0.251931,0.603221;-0.985828,0.13483,-0.0744864,0.0664444
0.978293,0.243988,0.600093;-0.983152,0.149884,-0.076841,0.0710039
0.972681,0.235387,0.597114;-0.980221,0.164899,-0.0791756,0.075545
0.966882,0.226103,0.594295;-0.977034,0.179871,-0.0814896,0.0800664
0.961652,0.217401,0.59197;-0.974037,0.192933,-0.083497,0.0840056
0.956276,0.208143,0.589787;-0.970846,0.205957,-0.0854877,0.0879281
0.95075,0.198311,0.587752;-0.967462,0.218939,-0.0874615,0.0918331
0.945895,0.189415,0.586134;-0.964408,0.230033,-0.0891394,0.0951657
0.940929,0.180076,0.584637;-0.961213,0.241093,-0.0908043,0.0984843
0.935851,0.170283,0.583266;-0.957877,0.252117,-0.0924559,0.101789
0.93066,0.160027,0.582028;-0.954401,0.263105,-0.094094,0.105078
0.925355,0.149297,0.580926;-0.950785,0.274054,-0.0957183,0.108352
0.920847,0.139987,0.580117;-0.947666,0.283148,-0.0970612,0.111068
0.916258,0.130334,0.579409;-0.94445,0.292212,-0.0983942,0.113773
0.911588,0.120333,0.578807;-0.941139,0.301248,-0.0997173,0.116467
0.906837,0.109978,0.578312;-0.937731,0.310252,-0.10103,0.119148
0.902005,0.0992643,0.577929;-0.934229,0.319225,-0.102333,0.121818
0.897089,0.0881844,0.57766;-0.930631,0.328166,-0.103625,0.124475
0.892091,0.0767331,0.577508;-0.926939,0.337073,-0.104907,0.127119
0.888032,0.0673005,0.577473;-0.923918,0.344175,-0.105924,0.129225
0.88392,0.0576234,0.577516;-0.920837,0.351254,-0.106935,0.131323
0.879753,0.0476988,0.57764;-0.917695,0.35831,-0.107939,0.133412
0.875533,0.0375235,0.577845;-0.914494,0.365342,-0.108936,0.135493
0.871257,0.0270946,0.578133;-0.911234,0.372351,-0.109926,0.137565
0.866927,0.016409,0.578507;-0.907914,0.379336,-0.110908,0.139628
0.862542,0.00546383,0.578967;-0.904535,0.386296,-0.111884,0.141682
0.858101,-0.00574407,0.579514;-0.901097,0.393231,-0.112852,0.143726
0.853605,-0.0172177,0.580152;-0.897601,0.40014,-0.113813,0.145761
0.849052,-0.02896,0.58088;-0.894047,0.407024,-0.114766,0.147787
0.844444,-0.0409741,0.581701;-0.890434,0.413881,-0.115712,0.149803
0.840247,-0.0520228,0.58252;-0.887133,0.42003,-0.116557,0.15161
