0.882428,-0.106546,0.269029;0.727956,0.671578,-0.134765,-0.0300231
0.8822,-0.0964888,0.267621;0.731734,0.66902,-0.127674,-0.0260143
0.881912,-0.0843695,0.265982;0.736367,0.665741,-0.118794,-0.0210001
0.881623,-0.0727464,0.264477;0.740899,0.662371,-0.109898,-0.0159831
0.881331,-0.0616125,0.263104;0.745331,0.658911,-0.100986,-0.0109639
0.881037,-0.0509606,0.261861;0.749661,0.655361,-0.0920615,-0.00594321
0.880741,-0.0407838,0.260746;0.753889,0.651722,-0.0831241,-0.000921713
0.880383,-0.0291886,0.259574;0.758826,0.647238,-0.0723844,0.00510419
0.880021,-0.0182551,0.25858;0.763615,0.642627,-0.0616305,0.0111291
0.879656,-0.00797096,0.257762;0.768255,0.63789,-0.0508645,0.0171518
0.879225,0.00322275,0.257024;0.773476,0.632205,-0.0382917,0.024174
0.878789,0.0135686,0.256515;0.778492,0.626352,-0.0257086,0.0311897
0.878284,0.0243791,0.256206;0.783969,0.619458,-0.0113198,0.0391973
0.877707,0.0352837,0.256197;0.789804,0.611444,0.00487206,0.0481895
0.877055,0.0458868,0.256596;0.795879,0.602223,0.0228602,0.0581556
0.876257,0.0565854,0.257621;0.802595,0.590725,0.0444287,0.0700727
0.875302,0.0663985,0.259537;0.809636,0.576726,0.0695467,0.0839058
0.873891,0.0757267,0.26354;0.818191,0.555664,0.105294,0.103508
0.87174,0.080295,0.271765;0.827427,0.522984,0.1567,0.13152
0.869777,0.0766653,0.280902;0.832347,0.492884,0.200447,0.155189
0.868297,0.0702384,0.288512;0.834136,0.470167,0.231532,0.171909
0.867019,0.0627144,0.295442;0.834502,0.450601,0.257125,0.185611
0.865877,0.0547572,0.301837;0.833992,0.433195,0.279053,0.197303
0.864793,0.0463413,0.308031;0.83284,0.416774,0.299066,0.207934
0.863773,0.0378097,0.313931;0.83121,0.401434,0.317205,0.217537
0.862824,0.0294407,0.319462;0.829252,0.387259,0.333515,0.226142
0.861854,0.0205465,0.325136;0.826842,0.372872,0.349642,0.234624
0.860862,0.0111836,0.330938;0.823982,0.358283,0.36558,0.242978
0.85995,0.002403,0.336257;0.821024,0.344985,0.379753,0.250383
0.85902,-0.00667012,0.341656;0.817704,0.331535,0.393759,0.257679
0.85807,-0.0159946,0.347125;0.814023,0.317939,0.407591,0.26486
0.857102,-0.0255291,0.352652;0.809983,0.304202,0.421243,0.271925
0.856113,-0.0352324,0.358226;0.805585,0.290331,0.434709,0.278869
0.855218,-0.043966,0.363211;0.801378,0.277894,0.446519,0.284939
0.854307,-0.0527714,0.368217;0.796891,0.26536,0.458172,0.290909
0.853379,-0.0616197,0.373237;0.792126,0.252733,0.469666,0.296778
0.852435,-0.0704819,0.378261;0.787084,0.240018,0.480996,0.302544
0.851473,-0.079329,0.383283;0.781769,0.227219,0.492158,0.308204
0.850495,-0.0881321,0.388295;0.776181,0.214341,0.503148,0.313756
0.849271,-0.0988267,0.394416;0.771848,0.204089,0.510978,0.31859
0.84814,-0.108377,0.399925;0.773839,0.20659,0.506637,0.319081
0.846984,-0.117783,0.405396;0.775806,0.209085,0.502282,0.319563
0.845801,-0.127023,0.410826;0.777751,0.211575,0.497912,0.320035
0.84459,-0.136081,0.416209;0.779673,0.214058,0.493527,0.320498
0.843347,-0.144937,0.421541;0.781573,0.216535,0.489128,0.320952
0.842071,-0.153572,0.426816;0.783449,0.219005,0.484715,0.321396
0.840315,-0.16471,0.433753;0.785915,0.222289,0.478808,0.321974
0.838492,-0.175379,0.440569;0.788341,0.225562,0.472877,0.322534
0.836595,-0.185532,0.447253;0.790725,0.228822,0.466921,0.323079
0.834621,-0.195127,0.453793;0.793068,0.232071,0.46094,0.323606
0.832563,-0.204119,0.460178;0.795369,0.235308,0.454936,0.324116
0.830418,-0.212463,0.466396;0.79763,0.238532,0.448908,0.32461
0.82818,-0.220114,0.472435;0.799848,0.241744,0.442856,0.325086
0.825243,-0.228637,0.479716;0.802563,0.245741,0.435259,0.325658
0.822143,-0.235923,0.486677;0.805213,0.249719,0.427627,0.326203
0.818194,-0.242909,0.494577;0.808305,0.254464,0.418422,0.326823
0.813249,-0.248448,0.503118;0.811794,0.259964,0.407622,0.327497
0.807119,-0.251044,0.511914;0.815622,0.266197,0.395199,0.328204
0.800439,-0.249315,0.519592;0.81928,0.272376,0.382693,0.328842
0.794111,-0.243975,0.525319;0.822342,0.277735,0.371685,0.329344
0.788307,-0.236365,0.529443;0.824861,0.282294,0.362203,0.329733
0.783189,-0.22777,0.532296;0.826887,0.286068,0.354268,0.330027
0.777806,-0.217035,0.534595;0.828845,0.289818,0.346305,0.330295
0.7733,-0.206847,0.53602;0.830363,0.292801,0.339914,0.330489
0.768613,-0.195189,0.537064;0.831838,0.295769,0.333505,0.330667
0.764976,-0.185454,0.53759;0.832916,0.297985,0.328687,0.330788
0.761231,-0.174848,0.53789;0.833969,0.300193,0.32386,0.330901
0.757377,-0.163352,0.53796;0.834998,0.302391,0.319023,0.331003
0.753411,-0.150949,0.537794;0.836002,0.304581,0.314176,0.331096
0.749816,-0.139229,0.537449;0.83733,0.306039,0.311219,0.329183
0.746338,-0.127487,0.536951;0.839281,0.306684,0.310478,0.324277
0.743507,-0.117653,0.536436;0.840825,0.307193,0.309879,0.320346
0.74064,-0.107444,0.535822;0.842352,0.307697,0.309275,0.316408
0.737741,-0.0968769,0.535112;0.843865,0.308195,0.308665,0.312465
0.734816,-0.0859672,0.534309;0.845361,0.308687,0.308049,0.308516
0.731869,-0.0747309,0.533416;0.846843,0.309174,0.307427,0.304562
0.728906,-0.0631839,0.532436;0.848308,0.309654,0.3068,0.300602
0.725933,-0.0513421,0.531373;0.849758,0.31013,0.306167,0.296636
0.722954,-0.0392215,0.53023;0.851192,0.310599,0.305528,0.292665
0.719974,-0.026838,0.52901;0.852611,0.311063,0.304884,0.288688
0.716999,-0.0142075,0.527716;0.854013,0.311521,0.304234,0.284706
0.714034,-0.00134602,0.526351;0.8554,0.311973,0.303579,0.280719
0.71182,0.00844216,0.525284;0.85643,0.312309,0.303083,0.277725
0.709617,0.0183446,0.52418;0.857451,0.312641,0.302585,0.274729
0.707427,0.0283546,0.523041;0.858463,0.31297,0.302083,0.271729
0.705252,0.0384655,0.521868;0.859466,0.313295,0.301579,0.268727
0.703094,0.0486705,0.520663;0.86046,0.313618,0.301071,0.265722
0.700956,0.0589629,0.519427;0.861446,0.313937,0.30056,0.262714
0.69884,0.069336,0.518161;0.862422,0.314253,0.300046,0.259703
0.696747,0.0797831,0.516867;0.86339,0.314565,0.299529,0.25669
0.694681,0.0902974,0.515546;0.864348,0.314875,0.299008,0.253674
0.692643,0.100872,0.514199;0.865297,0.315181,0.298485,0.250655
0.690635,0.111501,0.512828;0.866238,0.315484,0.297958,0.247634
0.688661,0.122177,0.511434;0.867169,0.315783,0.297429,0.24461
0.686721,0.132893,0.510019;0.868092,0.31608,0.296896,0.241584
0.684818,0.143643,0.508584;0.869005,0.316373,0.29636,0.238555
0.682955,0.154419,0.50713;0.86991,0.316662,0.295821,0.235524
0.681133,0.165216,0.505659;0.870805,0.316949,0.295279,0.23249
0.679355,0.176027,0.504171;0.871692,0.317232,0.294734,0.229454
0.677622,0.186844,0.502669;0.872569,0.317512,0.294186,0.226415
0.675938,0.197661,0.501153;0.873437,0.317788,0.293635,0.223374
0.674305,0.208472,0.499626;0.874297,0.318062,0.293081,0.220331
0.672723,0.219269,0.498088;0.875147,0.318332,0.292524,0.217286
0.671197,0.230046,0.496541;0.875988,0.318598,0.291964,0.214238
0.669727,0.240796,0.494986;0.87682,0.318862,0.2914,0.211188
0.668317,0.251513,0.493424;0.877643,0.319122,0.290834,0.208136
0.666967,0.262189,0.491857;0.878456,0.319378,0.290265,0.205081
0.665682,0.272819,0.490287;0.879261,0.319632,0.289693,0.202025
0.664462,0.283395,0.488714;0.880056,0.319882,0.289117,0.198966
0.663309,0.29391,0.48714;0.880843,0.320129,0.288539,0.195906
0.662227,0.304358,0.485566;0.88162,0.320372,0.287958,0.192843
0.661218,0.314733,0.483994;0.882388,0.320612,0.287373,0.189778
0.660282,0.325027,0.482425;0.883147,0.320849,0.286786,0.186712
0.659424,0.335233,0.480861;0.883897,0.321082,0.286196,0.183643
0.658644,0.345346,0.479302;0.884637,0.321313,0.285602,0.180573
0.657946,0.355357,0.47775;0.885369,0.321539,0.285006,0.1775
0.65733,0.365262,0.476207;0.886091,0.321763,0.284407,0.174426
0.656643,0.378289,0.474165;0.887039,0.322055,0.283603,0.170324
0.656113,0.391097,0.472144;0.887972,0.322342,0.282795,0.166219
0.655746,0.40367,0.470146;0.888888,0.322623,0.281981,0.162111
0.655546,0.415993,0.468176;0.889787,0.322898,0.281162,0.158
0.655519,0.428049,0.466236;0.89067,0.323167,0.280337,0.153887
0.65567,0.439822,0.46433;0.891537,0.32343,0.279508,0.14977
0.656004,0.451297,0.46246;0.892387,0.323687,0.278673,0.14565
0.656527,0.462457,0.460631;0.89322,0.323938,0.277833,0.141528
0.657243,0.473287,0.458845;0.894038,0.324183,0.276988,0.137404
0.658158,0.483771,0.457106;0.894838,0.324422,0.276138,0.133276
0.659277,0.493892,0.455416;0.895622,0.324655,0.275283,0.129146
0.660971,0.50601,0.453379;0.896579,0.324938,0.274207,0.123981
0.663002,0.517506,0.451431;0.89751,0.325212,0.273123,0.118812
0.66538,0.528349,0.449578;0.898416,0.325476,0.272031,0.113639
0.668116,0.538507,0.447827;0.899295,0.325731,0.270932,0.108463
0.67122,0.547951,0.446184;0.900148,0.325976,0.269824,0.103284
0.675444,0.558295,0.444364;0.901138,0.326258,0.268485,0.0970658
0.68023,0.56751,0.442719;0.90209,0.326526,0.267134,0.0908431
0.686546,0.576764,0.441037;0.903154,0.326823,0.265545,0.0835785
0.693679,0.584322,0.439626;0.904167,0.3271,0.26394,0.0763092
0.702867,0.590776,0.438367;0.905262,0.327395,0.262088,0.0679962
0.713273,0.59482,0.437502;0.90518,0.335139,0.253984,0.0618357
0.723456,0.596397,0.437065;0.904666,0.343861,0.245154,0.0569044
0.734433,0.596179,0.436925;0.903991,0.352522,0.236281,0.0519629
0.744634,0.594601,0.437031;0.903268,0.360049,0.228482,0.0476314
0.755341,0.591803,0.43734;0.902421,0.367526,0.220651,0.0432934
0.764886,0.58849,0.437757;0.901597,0.373895,0.213916,0.0395704
0.774738,0.584378,0.438308;0.900682,0.380227,0.207158,0.0358434
0.784866,0.579514,0.438984;0.899677,0.386521,0.20038,0.0321128
0.795242,0.573942,0.439778;0.898581,0.392775,0.193582,0.028379
0.804055,0.568792,0.440526;0.897599,0.397957,0.187902,0.0252653
0.813001,0.563208,0.441346;0.896555,0.403112,0.182209,0.0221498
0.822063,0.557217,0.442236;0.895447,0.408238,0.176503,0.0190328
0.831224,0.550845,0.44319;0.894278,0.413336,0.170785,0.0159144
0.840466,0.544118,0.444206;0.893046,0.418405,0.165055,0.012795
0.849772,0.537063,0.445277;0.891751,0.423444,0.159314,0.00967461
0.859124,0.529705,0.446401;0.890395,0.428455,0.153561,0.00655358
0.868505,0.522071,0.447573;0.888976,0.433435,0.147797,0.0034321
0.877898,0.514187,0.448789;0.887495,0.438385,0.142024,0.00031038
0.887285,0.506079,0.450045;0.885953,0.443304,0.13624,-0.00281136
0.894779,0.499449,0.451075;0.884674,0.447218,0.131606,-0.00530863
0.902249,0.492707,0.452126;0.883356,0.451111,0.126967,-0.00780565
0.909687,0.485864,0.453196;0.881998,0.454984,0.122321,-0.0103023
0.917083,0.478936,0.454282;0.880601,0.458837,0.117671,-0.0127986
0.924429,0.471935,0.455382;0.879165,0.462669,0.113015,-0.0152942
0.931715,0.464874,0.456494;0.877689,0.466481,0.108353,-0.0177892
0.938934,0.457768,0.457617;0.876175,0.470272,0.103688,-0.0202833
0.946076,0.450629,0.458747;0.874621,0.474042,0.099017,-0.0227766
0.953131,0.443471,0.459883;0.873028,0.47779,0.094342,-0.0252688
0.960092,0.436308,0.461022;0.871396,0.481518,0.0896628,-0.02776
0.968646,0.427366,0.462448;0.869301,0.486147,0.0838083,-0.0308721
0.977021,0.418462,0.463872;0.867146,0.490742,0.0779478,-0.0339821
0.985199,0.409623,0.46529;0.86493,0.495303,0.0720819,-0.0370897
0.993163,0.400875,0.466698;0.862654,0.499829,0.066211,-0.0401947
1.0009,0.392244,0.468091;0.860318,0.50432,0.0603355,-0.043297
1.00838,0.383757,0.469465;0.857921,0.508776,0.0544558,-0.0463962
1.0156,0.375438,0.470817;0.855465,0.513197,0.0485723,-0.0494921
1.02253,0.367315,0.472142;0.852949,0.517582,0.0426853,-0.0525846
1.02916,0.359415,0.473436;0.850374,0.521931,0.0367954,-0.0556735
1.03548,0.351762,0.474694;0.847739,0.526243,0.030903,-0.0587584
1.04261,0.342943,0.476151;0.844499,0.531369,0.0238292,-0.062455
1.04923,0.334564,0.477544;0.841174,0.536442,0.016753,-0.0661452
1.05531,0.326671,0.478866;0.837765,0.541461,0.00967517,-0.0698288
1.06167,0.318137,0.480309;0.833681,0.547248,0.0014165,-0.0741174
1.06792,0.309361,0.481812;0.828875,0.553769,-0.00802215,-0.0790063
1.07357,0.300861,0.483297;0.82329,0.560988,-0.0186388,-0.0844893
1.07867,0.292047,0.484897;0.815555,0.570415,-0.0327875,-0.0917701
1.07841,0.284594,0.486636;0.796237,0.591514,-0.0657398,-0.10861
1.06941,0.290166,0.486136;0.791757,0.596773,-0.0750335,-0.106546
1.0603,0.297511,0.485253;0.793144,0.596289,-0.0752269,-0.0984983
1.0509,0.305554,0.484251;0.79426,0.595856,-0.0753843,-0.0917871
1.04229,0.313075,0.483311;0.795125,0.595489,-0.0755076,-0.0864151
1.0328,0.321433,0.482274;0.795967,0.595104,-0.0756287,-0.0810405
1.02515,0.328177,0.481449;0.796583,0.594804,-0.0757181,-0.077008
1.01708,0.335271,0.480594;0.797186,0.594494,-0.0758062,-0.0729742
1.00862,0.342666,0.47972;0.797775,0.594174,-0.075893,-0.0689391
0.999797,0.350309,0.478838;0.798351,0.593844,-0.0759785,-0.0649029
0.990647,0.358149,0.477958;0.798913,0.593504,-0.0760628,-0.0608657
0.981199,0.366137,0.47709;0.799462,0.593155,-0.0761458,-0.0568274
0.971486,0.37422,0.476246;0.799998,0.592795,-0.0762275,-0.0527881
0.961538,0.382347,0.475436;0.800521,0.592425,-0.076308,-0.048748
0.951387,0.390468,0.47467;0.80103,0.592046,-0.0763871,-0.044707
0.941064,0.398531,0.473959;0.801525,0.591656,-0.076465,-0.0406654
0.930602,0.406485,0.473314;0.802007,0.591257,-0.0765416,-0.036623
0.92003,0.414279,0.472745;0.802476,0.590847,-0.076617,-0.03258
0.90938,0.421862,0.472262;0.802931,0.590428,-0.076691,-0.0285365
0.898685,0.429183,0.471877;0.803373,0.589999,-0.0767638,-0.0244924
0.887974,0.436191,0.471599;0.803801,0.58956,-0.0768353,-0.020448
0.87728,0.442835,0.47144;0.804216,0.589112,-0.0769055,-0.0164033
0.866633,0.449064,0.47141;0.804618,0.588653,-0.0769744,-0.0123582
0.856066,0.454826,0.471519;0.805006,0.588184,-0.077042,-0.00831297
0.845609,0.460071,0.471778;0.80538,0.587706,-0.0771083,-0.00426759
0.835294,0.464747,0.472197;0.805742,0.587218,-0.0771733,-0.000222132
0.825152,0.468804,0.472788;0.806089,0.58672,-0.0772371,0.00382333
0.815215,0.47219,0.47356;0.806423,0.586212,-0.0772995,0.00786872
0.805514,0.474854,0.474525;0.806744,0.585694,-0.0773607,0.011914
0.793,0.477195,0.476128;0.80715,0.584989,-0.0774402,0.0173074
0.781035,0.478042,0.478117;0.807533,0.584266,-0.0775175,0.0227002
0.769694,0.477272,0.480517;0.807891,0.583526,-0.0775924,0.0280924
0.759051,0.474765,0.483352;0.808225,0.582768,-0.077665,0.0334837
0.74918,0.4704,0.486647;0.808536,0.581993,-0.0777353,0.0388741
0.740156,0.464056,0.490428;0.808822,0.581201,-0.0778033,0.0442632
0.732053,0.455611,0.49472;0.809084,0.580391,-0.0778689,0.0496511
0.726625,0.447826,0.49829;0.809265,0.579773,-0.0779167,0.053691
0.721787,0.438741,0.502171;0.809432,0.579145,-0.0779631,0.0577301
0.717573,0.428304,0.506374;0.809586,0.578507,-0.0780082,0.0617682
0.714012,0.416464,0.51091;0.809726,0.577859,-0.078052,0.0658052
0.711137,0.40317,0.51579;0.809853,0.577202,-0.0780946,0.0698411
0.709616,0.393475,0.51924;0.80993,0.576758,-0.0781222,0.0725311
0.708423,0.383095,0.52285;0.810001,0.57631,-0.0781492,0.0752206
0.707567,0.372017,0.526623;0.810065,0.575858,-0.0781757,0.0779094
0.707057,0.360224,0.530564;0.810124,0.575402,-0.0782015,0.0805977
0.706903,0.347701,0.534674;0.810177,0.574941,-0.0782268,0.0832854
0.707114,0.334435,0.538957;0.810224,0.574476,-0.0782515,0.0859725
0.707699,0.320408,0.543417;0.810264,0.574007,-0.0782756,0.088659
0.708667,0.305607,0.548055;0.810299,0.573534,-0.0782992,0.0913448
0.710029,0.290016,0.552876;0.810328,0.573056,-0.0783221,0.0940299
0.711792,0.273619,0.557883;0.81035,0.572574,-0.0783445,0.0967143
0.713967,0.256403,0.563078;0.810367,0.572087,-0.0783663,0.0993979
0.716563,0.238351,0.568465;0.810378,0.571597,-0.0783875,0.102081
0.719588,0.219449,0.574047;0.810382,0.571102,-0.0784082,0.104763
0.721265,0.209674,0.576913;0.810382,0.570853,-0.0784183,0.106104
0.723053,0.199681,0.579828;0.810381,0.570603,-0.0784282,0.107444
0.724953,0.189467,0.582793;0.810378,0.570352,-0.078438,0.108785
0.726966,0.179032,0.585809;0.810373,0.5701,-0.0784477,0.110125
0.729094,0.168373,0.588876;0.810367,0.569846,-0.0784572,0.111465
