1.02503,-0.0746538,0.565527;0.56352,0.803225,0.168005,0.0951264
1.01706,-0.0681399,0.56668;0.548423,0.813397,0.164727,0.102388
1.00922,-0.0617404,0.567807;0.533108,0.823248,0.161384,0.109608
1.0015,-0.055454,0.568909;0.517584,0.832773,0.157977,0.116786
0.993076,-0.0486006,0.570104;0.500095,0.842972,0.154119,0.124706
0.984801,-0.041884,0.571268;0.482362,0.852759,0.150185,0.132566
0.976678,-0.0353027,0.572403;0.464393,0.862131,0.146178,0.140361
0.968706,-0.0288552,0.573507;0.446199,0.871082,0.1421,0.148088
0.960882,-0.02254,0.574582;0.427787,0.879609,0.137952,0.155743
0.952445,-0.0157442,0.57573;0.407293,0.888493,0.133313,0.164075
0.944186,-0.00910458,0.576844;0.386559,0.896853,0.128594,0.172311
0.9361,-0.00261912,0.577923;0.365597,0.904683,0.1238,0.180444
0.928187,0.00371422,0.578968;0.344419,0.911981,0.118933,0.188472
0.91975,0.0104522,0.580071;0.321085,0.919327,0.113543,0.197102
0.911513,0.0170142,0.581133;0.297526,0.926029,0.108074,0.205594
0.903474,0.0234028,0.582157;0.273757,0.93208,0.102528,0.213941
0.895631,0.0296207,0.583143;0.249797,0.937478,0.0969112,0.222139
0.887353,0.0361671,0.584169;0.223642,0.942582,0.0907492,0.230843
0.879298,0.0425196,0.585152;0.197303,0.946909,0.0845125,0.239357
0.871464,0.0486815,0.586092;0.170801,0.950457,0.0782061,0.247674
0.86327,0.0551081,0.587057;0.142105,0.953401,0.0713427,0.256402
0.855325,0.0613217,0.587975;0.113272,0.955435,0.0644112,0.264886
0.847083,0.0677475,0.588907;0.0822605,0.956601,0.0569164,0.273694
0.839117,0.0739388,0.589787;0.0511588,0.956718,0.0493592,0.282202
0.830919,0.08029,0.590668;0.0179227,0.955685,0.0412388,0.290936
0.823023,0.0863865,0.591493;-0.0153358,0.953461,0.0330668,0.299307
0.814958,0.0925917,0.592309;-0.050651,0.949793,0.0243392,0.307791
0.806776,0.0988645,0.593106;-0.0879648,0.944452,0.015061,0.316302
0.798529,0.105163,0.593876;-0.1272,0.937195,0.00524191,0.324743
0.79027,0.111447,0.594609;-0.168256,0.927776,-0.00510365,0.333011
0.782051,0.117676,0.595296;-0.211011,0.915939,-0.0159554,0.340993
0.773925,0.123811,0.595929;-0.255314,0.901427,-0.0272867,0.348569
0.765942,0.129815,0.5965;-0.300985,0.883982,-0.0390639,0.35561
0.75784,0.135887,0.597019;-0.349744,0.862436,-0.0517499,0.362222
0.749738,0.14194,0.597467;-0.401202,0.836219,-0.0652725,0.368124
0.741491,0.148087,0.597836;-0.456698,0.803608,-0.0800237,0.373146
0.733294,0.154193,0.598095;-0.515421,0.763671,-0.095842,0.37678
0.725131,0.160286,0.598219;-0.577994,0.714084,-0.112969,0.378476
0.717094,0.166334,0.598167;-0.64433,0.652045,-0.131491,0.377342
0.709088,0.17248,0.597871;-0.716037,0.570929,-0.152056,0.371766
0.712174,0.167507,0.601183;-0.709944,0.615639,-0.149707,0.307499
0.717632,0.160159,0.605487;-0.679211,0.682574,-0.140658,0.230175
0.723968,0.153184,0.609164;-0.635933,0.74772,-0.128715,0.141199
0.732593,0.148589,0.609545;-0.568655,0.814613,-0.111091,0.0263983
0.740459,0.150433,0.604013;-0.503413,0.856077,-0.0946433,-0.0689194
0.74589,0.155136,0.596802;-0.457939,0.875615,-0.0834357,-0.128953
0.750085,0.160599,0.589409;-0.423072,0.886432,-0.0749569,-0.172135
0.753752,0.166611,0.58171;-0.392955,0.893233,-0.0677028,-0.207695
0.757001,0.172846,0.573977;-0.366651,0.89742,-0.0614152,-0.237554
0.759972,0.17926,0.566189;-0.342941,0.899892,-0.0557834,-0.263578
0.762631,0.185545,0.558671;-0.322037,0.901105,-0.0508446,-0.285862
0.765156,0.191971,0.55107;-0.302466,0.901457,-0.0462423,-0.306188
0.767533,0.198408,0.543523;-0.284308,0.901133,-0.0419902,-0.3246
0.769971,0.205386,0.535404;-0.265955,0.900189,-0.0377093,-0.34279
0.7722,0.21208,0.52766;-0.284196,0.895802,-0.0494137,-0.338126
0.774261,0.218506,0.520254;-0.306661,0.890587,-0.0627353,-0.329968
0.776359,0.225242,0.512502;-0.328888,0.88468,-0.0760082,-0.321554
0.778326,0.23171,0.505058;-0.349179,0.878618,-0.088208,-0.313565
0.780322,0.238394,0.497356;-0.369239,0.871976,-0.100349,-0.305369
0.782343,0.245272,0.489414;-0.389055,0.864757,-0.112425,-0.296972
0.784216,0.251726,0.481937;-0.406995,0.857637,-0.123428,-0.289101
0.786109,0.258307,0.474286;-0.424708,0.850041,-0.134364,-0.28107
0.788019,0.264995,0.466474;-0.442185,0.841972,-0.145224,-0.272883
0.789945,0.271773,0.458516;-0.459417,0.833436,-0.156004,-0.264544
0.791886,0.278623,0.450424;-0.476393,0.824437,-0.166697,-0.256058
0.79384,0.285528,0.442212;-0.493105,0.81498,-0.177298,-0.24743
0.795627,0.291838,0.434653;-0.50806,0.805989,-0.186849,-0.239467
0.797422,0.298165,0.427017;-0.522781,0.796629,-0.196315,-0.231394
0.799226,0.304495,0.419314;-0.537263,0.786902,-0.205691,-0.223214
0.801036,0.310817,0.411552;-0.551498,0.776815,-0.214972,-0.214933
0.802852,0.317115,0.403744;-0.56548,0.76637,-0.224155,-0.206552
0.804673,0.323378,0.395898;-0.579202,0.755574,-0.233234,-0.198077
0.806497,0.329591,0.388025;-0.592658,0.744431,-0.242207,-0.189511
0.808324,0.335741,0.380135;-0.605842,0.732946,-0.251068,-0.180857
0.810153,0.341815,0.372238;-0.618748,0.721125,-0.259814,-0.172121
0.811982,0.3478,0.364345;-0.63137,0.708973,-0.268441,-0.163306
0.813811,0.353682,0.356465;-0.643702,0.696495,-0.276945,-0.154415
0.81582,0.360018,0.347824;-0.656926,0.6824,-0.286151,-0.144554
0.817827,0.366196,0.339226;-0.669785,0.667926,-0.295199,-0.134613
0.819829,0.372198,0.330684;-0.682271,0.653081,-0.304083,-0.124597
0.821825,0.378006,0.32221;-0.694379,0.637873,-0.312798,-0.114511
0.823813,0.383603,0.31382;-0.706101,0.622311,-0.321339,-0.104362
0.825793,0.388972,0.305525;-0.71743,0.606403,-0.329702,-0.0941554
0.827941,0.394546,0.296602;-0.729335,0.588665,-0.338616,-0.0829611
0.830076,0.399804,0.287827;-0.740758,0.570538,-0.347306,-0.0717119
0.832195,0.404722,0.279217;-0.751691,0.552034,-0.355766,-0.0604154
0.83447,0.40964,0.270097;-0.762973,0.531576,-0.364666,-0.0481326
0.836723,0.414104,0.261214;-0.773664,0.510706,-0.373283,-0.0358124
0.839121,0.418368,0.251939;-0.784506,0.487788,-0.382239,-0.0225138
0.841656,0.422273,0.242367;-0.795339,0.462746,-0.391452,-0.00824304
0.84415,0.425447,0.233206;-0.80535,0.437226,-0.400261,0.0060362
0.846924,0.428102,0.223365;-0.815689,0.407759,-0.409745,0.022211
0.849794,0.429755,0.213625;-0.825457,0.375969,-0.419193,0.0393047
0.852896,0.430099,0.203693;-0.83487,0.339994,-0.428959,0.058228
0.856192,0.428542,0.193944;-0.843452,0.299703,-0.438792,0.0789188
0.859497,0.424596,0.185184;-0.850421,0.25687,-0.448029,0.100362
0.862644,0.418121,0.178009;-0.855325,0.213413,-0.456177,0.121561
0.86537,0.409862,0.172947;-0.857988,0.173279,-0.46265,0.140661
0.867706,0.400353,0.169673;-0.858901,0.136663,-0.4677,0.157697
0.86973,0.389882,0.167821;-0.864686,0.114276,-0.462865,0.158163
0.87146,0.379023,0.167076;-0.87351,0.1016,-0.452333,0.148504
0.872956,0.368066,0.167111;-0.881195,0.0900384,-0.442585,0.139666
0.874241,0.357385,0.167686;-0.887837,0.0796043,-0.433673,0.131668
0.875335,0.347283,0.168604;-0.89352,0.0703096,-0.425643,0.124526
0.876384,0.336647,0.169882;-0.898994,0.0609985,-0.417513,0.117354
0.877389,0.325516,0.171497;-0.904257,0.051673,-0.409286,0.110155
0.878233,0.315399,0.173171;-0.908688,0.0435033,-0.402009,0.103835
0.879044,0.304956,0.175072;-0.912957,0.0353257,-0.394659,0.0974965
0.879823,0.294213,0.177186;-0.917062,0.0271418,-0.387239,0.0911402
0.880569,0.283193,0.179498;-0.921003,0.0189531,-0.379749,0.0847676
0.881284,0.271923,0.181994;-0.924778,0.0107609,-0.372191,0.0783798
0.881871,0.262083,0.184268;-0.927882,0.00373748,-0.36566,0.0728934
0.882436,0.252092,0.186657;-0.930864,-0.00328645,-0.35908,0.0673973
0.882979,0.241967,0.189152;-0.933724,-0.01031,-0.352453,0.0618923
0.883499,0.231724,0.191744;-0.93646,-0.0173321,-0.34578,0.0563792
0.883997,0.221378,0.194423;-0.939073,-0.0243519,-0.339061,0.0508587
0.884474,0.210945,0.19718;-0.941562,-0.0313686,-0.332298,0.0453314
0.884929,0.200441,0.200006;-0.943927,-0.0383811,-0.325491,0.0397982
0.885363,0.189881,0.202892;-0.946168,-0.0453886,-0.318641,0.0342598
0.885776,0.179282,0.205829;-0.948284,-0.0523901,-0.311749,0.0287168
0.886168,0.168659,0.208807;-0.950276,-0.0593846,-0.304815,0.02317
0.88654,0.158028,0.211817;-0.952142,-0.0663714,-0.297842,0.0176202
0.886892,0.147405,0.21485;-0.953883,-0.0733494,-0.29083,0.0120681
0.887224,0.136805,0.217897;-0.955498,-0.0803178,-0.283779,0.00651442
0.887536,0.126245,0.220948;-0.956987,-0.0872755,-0.276691,0.000959847
0.887829,0.11574,0.223995;-0.95835,-0.0942218,-0.269566,-0.00459485
0.888102,0.105305,0.227028;-0.959587,-0.101156,-0.262406,-0.0101489
0.888357,0.0949576,0.230038;-0.960698,-0.108076,-0.255211,-0.0157017
0.888593,0.0847121,0.233015;-0.961682,-0.114983,-0.247983,-0.0212524
0.88881,0.0745848,0.235952;-0.962539,-0.121874,-0.240722,-0.0268003
0.88901,0.0645915,0.238837;-0.96327,-0.128749,-0.233429,-0.0323446
0.889191,0.0547479,0.241663;-0.963873,-0.135607,-0.226106,-0.0378847
0.889355,0.0450698,0.24442;-0.96435,-0.142447,-0.218752,-0.0434198
0.889524,0.0340088,0.247537;-0.964746,-0.150404,-0.210137,-0.0498702
0.88967,0.0232197,0.250533;-0.964968,-0.158333,-0.201484,-0.0563116
0.889793,0.0127273,0.253393;-0.965018,-0.166235,-0.192795,-0.0627429
0.889894,0.00255686,0.256103;-0.964894,-0.174106,-0.184072,-0.0691629
0.889973,-0.00726667,0.258648;-0.964598,-0.181946,-0.175315,-0.0755706
0.890036,-0.0180366,0.261335;-0.964047,-0.190866,-0.16527,-0.082877
0.890072,-0.0282833,0.263767;-0.963271,-0.199742,-0.155185,-0.0901639
0.89008,-0.0391389,0.266169;-0.962128,-0.209671,-0.143797,-0.0983364
0.890054,-0.0492316,0.268188;-0.9607,-0.219537,-0.132366,-0.10648
0.889988,-0.0594864,0.269945;-0.958779,-0.230424,-0.119619,-0.115491
0.88987,-0.0695159,0.271236;-0.956262,-0.242302,-0.105546,-0.125354
0.889672,-0.0795504,0.27182;-0.95274,-0.2562,-0.088856,-0.136939
0.889297,-0.0899068,0.270779;-0.946892,-0.275181,-0.0656577,-0.152838
0.888497,-0.0969262,0.26435;-0.935567,-0.304051,-0.0294269,-0.177203
0.887699,-0.0937673,0.254661;-0.924785,-0.326126,-0.00089541,-0.195993
0.887119,-0.0873901,0.24614;-0.91707,-0.339876,0.017265,-0.207773
