0.758869,-0.113823,0.394726;0.400185,-0.635115,-0.180676,0.635481
0.759301,-0.101643,0.398329;0.399161,-0.638043,-0.181114,0.633063
0.759731,-0.0895774,0.401903;0.39813,-0.640961,-0.18155,0.630635
0.76016,-0.0776273,0.405446;0.397093,-0.643869,-0.181983,0.628198
0.760587,-0.0657919,0.40896;0.396049,-0.646767,-0.182413,0.62575
0.761012,-0.0540707,0.412445;0.395,-0.649655,-0.18284,0.623292
0.761435,-0.0424633,0.4159;0.393944,-0.652532,-0.183265,0.620825
0.761856,-0.0309694,0.419326;0.392882,-0.6554,-0.183686,0.618348
0.762276,-0.0195885,0.422722;0.391814,-0.658257,-0.184105,0.615862
0.762695,-0.00832026,0.42609;0.39074,-0.661103,-0.18452,0.613365
0.763111,0.00283576,0.429429;0.389659,-0.66394,-0.184933,0.61086
0.763526,0.0138799,0.432738;0.388573,-0.666766,-0.185343,0.608344
0.763939,0.0248127,0.436019;0.38748,-0.669581,-0.18575,0.605819
0.764351,0.0356344,0.439272;0.386382,-0.672386,-0.186154,0.603285
0.764761,0.0463455,0.442495;0.385277,-0.675181,-0.186556,0.600741
0.765169,0.0569464,0.445691;0.384166,-0.677965,-0.186954,0.598188
0.765576,0.0674374,0.448858;0.383049,-0.680738,-0.187349,0.595625
0.765981,0.0778191,0.451996;0.381927,-0.683501,-0.187742,0.593053
0.766384,0.0880917,0.455107;0.380798,-0.686253,-0.188131,0.590472
0.766786,0.0982556,0.458189;0.379663,-0.688994,-0.188518,0.587881
0.767186,0.108311,0.461244;0.378523,-0.691724,-0.188901,0.585281
0.767585,0.118259,0.46427;0.377376,-0.694444,-0.189282,0.582672
0.767982,0.1281,0.467269;0.376224,-0.697153,-0.189659,0.580054
0.768378,0.137833,0.47024;0.375065,-0.699851,-0.190034,0.577427
0.768772,0.14746,0.473184;0.373901,-0.702537,-0.190406,0.574791
0.76936,0.161702,0.477548;0.372144,-0.706547,-0.190958,0.57082
0.769944,0.175705,0.481851;0.370373,-0.710532,-0.191503,0.566829
0.770525,0.189473,0.486092;0.36859,-0.714491,-0.192041,0.562817
0.771103,0.203005,0.490273;0.366793,-0.718426,-0.192573,0.558786
0.771677,0.216304,0.494394;0.364984,-0.722335,-0.193098,0.554736
0.772247,0.229371,0.498454;0.363162,-0.726219,-0.193616,0.550665
0.772815,0.242207,0.502455;0.361327,-0.730077,-0.194127,0.546576
0.773379,0.254813,0.506396;0.359479,-0.733909,-0.194632,0.542467
0.77394,0.267192,0.510279;0.357619,-0.737716,-0.195129,0.538339
0.774497,0.279343,0.514103;0.355746,-0.741497,-0.19562,0.534192
0.775051,0.291269,0.517868;0.35386,-0.745251,-0.196104,0.530026
0.775602,0.302971,0.521576;0.351962,-0.748979,-0.196581,0.525841
0.77615,0.31445,0.525225;0.350051,-0.752681,-0.197051,0.521638
0.776694,0.325708,0.528818;0.348129,-0.756356,-0.197514,0.517417
0.777235,0.336746,0.532354;0.346194,-0.760005,-0.19797,0.513177
0.777774,0.347566,0.535832;0.344246,-0.763627,-0.198419,0.508919
0.778309,0.358168,0.539255;0.342287,-0.767221,-0.198861,0.504644
0.778841,0.368554,0.542622;0.340315,-0.770789,-0.199296,0.50035
0.779369,0.378725,0.545933;0.338332,-0.77433,-0.199724,0.496039
0.779895,0.388683,0.549189;0.336337,-0.777843,-0.200146,0.49171
0.780418,0.398429,0.55239;0.334329,-0.781329,-0.200559,0.487364
0.780938,0.407965,0.555537;0.33231,-0.784788,-0.200966,0.483001
0.781626,0.420355,0.559648;0.3296,-0.789356,-0.201498,0.477157
0.78231,0.432375,0.563664;0.326869,-0.793875,-0.202017,0.471284
0.782988,0.44403,0.567585;0.324118,-0.798344,-0.202523,0.46538
0.783661,0.455323,0.571412;0.321346,-0.802763,-0.203017,0.459448
0.784328,0.466257,0.575146;0.318555,-0.807132,-0.203498,0.453487
0.784991,0.476836,0.578788;0.315743,-0.81145,-0.203966,0.447497
0.785649,0.487061,0.582338;0.312911,-0.815717,-0.204421,0.441479
0.786302,0.496937,0.585797;0.31006,-0.819934,-0.204864,0.435434
0.786951,0.506467,0.589167;0.30719,-0.824098,-0.205293,0.429361
0.787754,0.517898,0.593254;0.303575,-0.829232,-0.205812,0.421733
0.78855,0.528799,0.597204;0.29993,-0.834284,-0.206311,0.414063
0.78934,0.539177,0.601017;0.296255,-0.839255,-0.20679,0.406352
0.790121,0.549038,0.604697;0.292552,-0.844143,-0.207248,0.398602
0.790896,0.558388,0.608243;0.28882,-0.848949,-0.207686,0.390813
0.791817,0.568942,0.612326;0.284304,-0.854606,-0.208185,0.381415
0.792729,0.578781,0.616223;0.279749,-0.860143,-0.208655,0.371964
0.79378,0.58937,0.620538;0.274384,-0.86645,-0.209166,0.360871
0.794818,0.599017,0.624607;0.268967,-0.87259,-0.209636,0.34971
0.79599,0.60891,0.628963;0.262712,-0.879402,-0.210125,0.336871
0.797289,0.618629,0.633496;0.255597,-0.886802,-0.210611,0.322327
0.798711,0.627716,0.638087;0.247597,-0.894695,-0.211074,0.306048
0.800387,0.636313,0.642993;0.237869,-0.903703,-0.21152,0.286354
0.802709,0.644342,0.64886;0.223859,-0.915591,-0.211947,0.258182
0.806925,0.647058,0.656658;0.196814,-0.93515,-0.212101,0.204385
0.810221,0.638287,0.660114;0.174253,-0.948284,-0.211599,0.160061
0.812198,0.628414,0.661061;0.160137,-0.955121,-0.211012,0.132567
0.81378,0.618055,0.661215;0.148548,-0.959972,-0.21038,0.110129
0.815102,0.60774,0.660934;0.138666,-0.96358,-0.209736,0.0910853
0.816292,0.597192,0.660369;0.129624,-0.966464,-0.209064,0.0737353
0.817354,0.586786,0.659618;0.121444,-0.968736,-0.208389,0.0580954
0.818292,0.576843,0.658765;0.114139,-0.970498,-0.207734,0.0441777
0.819225,0.566272,0.657745;0.106807,-0.972017,-0.207027,0.0302489
0.820152,0.555101,0.656565;0.099447,-0.973292,-0.206268,0.0163125
0.82096,0.544854,0.655406;0.0929869,-0.974208,-0.205561,0.00411465
0.821765,0.534183,0.654132;0.0865089,-0.974937,-0.204815,-0.00808395
0.822566,0.523106,0.65275;0.0800144,-0.975478,-0.20403,-0.020281
0.823365,0.511641,0.651263;0.0735045,-0.975833,-0.203206,-0.0324742
0.824048,0.501517,0.649907;0.0679133,-0.975988,-0.202468,-0.0429206
0.82473,0.491131,0.648481;0.0623126,-0.976005,-0.201702,-0.0533609
0.82541,0.480493,0.646987;0.056703,-0.975885,-0.200907,-0.0637938
0.826089,0.469615,0.645426;0.0510855,-0.975627,-0.200084,-0.0742176
0.826768,0.458508,0.643803;0.0454607,-0.975232,-0.199233,-0.084631
0.827445,0.447181,0.64212;0.0398296,-0.974699,-0.198354,-0.0950325
0.828123,0.435647,0.640379;0.0341928,-0.974029,-0.197446,-0.105421
0.828799,0.423916,0.638584;0.0285513,-0.973221,-0.196511,-0.115794
0.829363,0.413997,0.637048;0.0238468,-0.972444,-0.195711,-0.124426
0.829927,0.403955,0.635478;0.0191401,-0.971571,-0.194891,-0.133045
0.830492,0.393796,0.633874;0.0144314,-0.970603,-0.194053,-0.141652
0.831056,0.383526,0.63224;0.0097214,-0.96954,-0.193195,-0.150245
0.831621,0.373153,0.630576;0.00501041,-0.968382,-0.192318,-0.158823
0.832186,0.362681,0.628884;0.000298924,-0.967129,-0.191423,-0.167386
0.832758,0.352003,0.627146;-3.49806e-05,-0.966206,-0.189526,-0.174714
0.833299,0.341839,0.625482;0.00875289,-0.966136,-0.185716,-0.178925
0.833841,0.331598,0.623795;0.0175398,-0.96596,-0.181885,-0.183115
0.834384,0.321285,0.622087;0.0263248,-0.965678,-0.178034,-0.187286
0.834927,0.310902,0.620358;0.0351069,-0.965291,-0.174164,-0.191436
0.835472,0.300451,0.618609;0.0438852,-0.964798,-0.170274,-0.195565
0.836018,0.289936,0.616841;0.0526586,-0.964199,-0.166366,-0.199673
0.836566,0.27936,0.615054;0.0614263,-0.963495,-0.16244,-0.203759
0.837115,0.268726,0.613248;0.0701873,-0.962685,-0.158496,-0.207823
0.837665,0.258036,0.611426;0.0789406,-0.96177,-0.154535,-0.211864
0.838218,0.247293,0.609586;0.0876852,-0.960749,-0.150556,-0.215881
0.838772,0.2365,0.607731;0.0964203,-0.959624,-0.146562,-0.219875
0.839328,0.225661,0.60586;0.105145,-0.958393,-0.142551,-0.223845
0.839886,0.214777,0.603975;0.113858,-0.957057,-0.138524,-0.227791
0.840447,0.203852,0.602076;0.122558,-0.955617,-0.134483,-0.231711
0.841009,0.192889,0.600164;0.131245,-0.954072,-0.130427,-0.235606
0.841575,0.18189,0.598239;0.139918,-0.952422,-0.126356,-0.239476
0.842142,0.170859,0.596302;0.148576,-0.950669,-0.122272,-0.243319
0.842713,0.159799,0.594355;0.157217,-0.948811,-0.118174,-0.247135
0.843286,0.148711,0.592396;0.165841,-0.946849,-0.114063,-0.250925
0.843862,0.1376,0.590429;0.174446,-0.944784,-0.10994,-0.254687
0.844442,0.126467,0.588452;0.183033,-0.942615,-0.105805,-0.258421
0.845024,0.115317,0.586466;0.1916,-0.940343,-0.101658,-0.262127
0.84561,0.104151,0.584473;0.200145,-0.937968,-0.0974997,-0.265804
0.846199,0.0929727,0.582473;0.208669,-0.93549,-0.093331,-0.269452
0.846791,0.0817851,0.580467;0.21717,-0.93291,-0.0891521,-0.27307
0.847388,0.0705908,0.578455;0.225647,-0.930228,-0.0849635,-0.276659
0.847988,0.0593929,0.576439;0.2341,-0.927444,-0.0807656,-0.280217
0.848592,0.0481941,0.574418;0.242526,-0.924559,-0.0765588,-0.283745
0.849199,0.0369974,0.572394;0.250927,-0.921572,-0.0723436,-0.287241
0.849811,0.0258057,0.570366;0.259299,-0.918484,-0.0681206,-0.290706
0.850428,0.0146217,0.568337;0.267644,-0.915296,-0.06389,-0.29414
0.851048,0.00344843,0.566306;0.275959,-0.912008,-0.0596525,-0.297541
0.851673,-0.00771126,0.564275;0.284244,-0.908619,-0.0554084,-0.300909
0.852303,-0.0188545,0.562243;0.292498,-0.905131,-0.0511583,-0.304245
0.852937,-0.0299784,0.560213;0.300719,-0.901545,-0.0469026,-0.307547
0.853576,-0.04108,0.558183;0.308908,-0.897859,-0.0426417,-0.310816
0.85422,-0.0521566,0.556156;0.317063,-0.894075,-0.0383762,-0.31405
0.854869,-0.0632051,0.554131;0.325183,-0.890194,-0.0341064,-0.317251
0.855523,-0.0742228,0.55211;0.333268,-0.886214,-0.029833,-0.320416
0.856183,-0.0852067,0.550093;0.341316,-0.882138,-0.0255562,-0.323547
0.856848,-0.096154,0.548081;0.349327,-0.877965,-0.0212767,-0.326641
0.857518,-0.107062,0.546074;0.3573,-0.873697,-0.0169948,-0.329701
0.858194,-0.117927,0.544073;0.365233,-0.869332,-0.0127111,-0.332724
0.858876,-0.128747,0.54208;0.373127,-0.864872,-0.00842601,-0.33571
0.859564,-0.139519,0.540093;0.380979,-0.860318,-0.00413998,-0.33866
0.860258,-0.15024,0.538116;0.38879,-0.855669,0.000146512,-0.341573
0.860958,-0.160907,0.536147;0.396559,-0.850927,0.00443299,-0.344449
0.861664,-0.171517,0.534188;0.404283,-0.846092,0.00871897,-0.347286
0.862376,-0.182068,0.532239;0.411964,-0.841164,0.013004,-0.350086
0.863095,-0.192555,0.530301;0.4196,-0.836143,0.0172876,-0.352848
0.863821,-0.202978,0.528375;0.427189,-0.831032,0.0215693,-0.35557
0.864553,-0.213332,0.526462;0.434732,-0.825829,0.0258487,-0.358254
0.865292,-0.223615,0.524561;0.442228,-0.820536,0.0301252,-0.360899
0.866038,-0.233823,0.522675;0.449674,-0.815153,0.0343984,-0.363504
0.866791,-0.243955,0.520803;0.457072,-0.809681,0.0386679,-0.366069
0.867552,-0.254007,0.518946;0.46442,-0.80412,0.0429331,-0.368594
0.868319,-0.263976,0.517105;0.471716,-0.798471,0.0471937,-0.371079
0.869094,-0.27386,0.515281;0.478962,-0.792735,0.051449,-0.373524
0.870008,-0.285278,0.513174;0.487348,-0.785933,0.0564065,-0.376324
0.870932,-0.296572,0.511092;0.495662,-0.779014,0.0613555,-0.379067
0.871867,-0.307736,0.509036;0.503901,-0.771979,0.0662954,-0.381755
0.872813,-0.318766,0.507007;0.512066,-0.764829,0.0712254,-0.384385
0.873769,-0.329657,0.505006;0.520155,-0.757565,0.0761448,-0.386958
0.874737,-0.340404,0.503034;0.528165,-0.750188,0.0810528,-0.389474
0.875716,-0.351004,0.501092;0.536098,-0.742699,0.0859488,-0.391932
0.876707,-0.361451,0.499181;0.54395,-0.7351,0.090832,-0.394331
0.87771,-0.371741,0.497302;0.551721,-0.727391,0.0957016,-0.396671
0.878724,-0.38187,0.495457;0.55941,-0.719573,0.100557,-0.398952
0.879751,-0.391832,0.493647;0.567016,-0.711648,0.105397,-0.401174
0.88079,-0.401623,0.491872;0.574537,-0.703618,0.110222,-0.403336
0.881993,-0.412598,0.489889;0.583028,-0.694312,0.115716,-0.405733
0.883212,-0.423337,0.487955;0.591405,-0.68487,0.121187,-0.408052
0.884449,-0.433833,0.486073;0.599668,-0.675296,0.126635,-0.41029
0.885702,-0.44408,0.484243;0.607813,-0.66559,0.132058,-0.412449
0.886973,-0.454071,0.482468;0.61584,-0.655754,0.137455,-0.414528
0.888424,-0.464995,0.480539;0.624728,-0.644536,0.143495,-0.41677
0.889898,-0.475576,0.478683;0.633461,-0.63316,0.1495,-0.41891
0.891396,-0.485804,0.476903;0.642038,-0.621628,0.155467,-0.420946
0.892916,-0.495671,0.475201;0.650457,-0.609943,0.161397,-0.422879
0.894635,-0.506196,0.473404;0.659624,-0.596783,0.167938,-0.424904
0.896383,-0.516249,0.47171;0.66859,-0.583441,0.174429,-0.4268
0.898342,-0.526746,0.469969;0.678218,-0.568561,0.181507,-0.428735
0.900339,-0.536636,0.46836;0.687596,-0.553472,0.188519,-0.430513
0.902562,-0.546714,0.466761;0.697538,-0.536778,0.196088,-0.432272
0.905023,-0.556767,0.465219;0.707964,-0.518429,0.204192,-0.433964
0.907736,-0.566555,0.463786;0.718784,-0.498371,0.212801,-0.435536
0.910919,-0.576378,0.462451;0.730626,-0.475083,0.222485,-0.437015
0.914607,-0.585624,0.461348;0.743267,-0.448444,0.233172,-0.438272
0.91946,-0.594501,0.460586;0.752046,-0.433724,0.242297,-0.43313
0.92657,-0.601632,0.460713;0.752158,-0.448955,0.247304,-0.414171
0.936184,-0.602369,0.462827;0.751605,-0.468454,0.253621,-0.388996
0.944194,-0.596518,0.466059;0.750554,-0.484142,0.258623,-0.367954
0.95044,-0.588344,0.46944;0.749352,-0.496225,0.262423,-0.351235
0.955463,-0.579589,0.472705;0.748122,-0.50595,0.265447,-0.337441
0.959828,-0.570415,0.47595;0.746843,-0.514468,0.268068,-0.325096
0.963546,-0.561424,0.479032;0.745582,-0.521823,0.270311,-0.314231
0.967149,-0.551632,0.482321;0.744186,-0.529085,0.272505,-0.30331
0.97062,-0.541129,0.4858;0.742658,-0.536252,0.274651,-0.292335
0.973474,-0.531631,0.488919;0.741243,-0.542319,0.276451,-0.282886
0.976205,-0.521737,0.492153;0.73973,-0.548315,0.278214,-0.273401
0.978801,-0.511504,0.495489;0.73812,-0.554238,0.279941,-0.263879
0.981249,-0.500989,0.498918;0.736413,-0.560089,0.281632,-0.254322
0.983537,-0.490252,0.502427;0.734609,-0.565867,0.283285,-0.244732
0.985655,-0.47935,0.506006;0.732709,-0.57157,0.284901,-0.23511
0.987589,-0.46834,0.509642;0.730713,-0.577198,0.28648,-0.225457
0.989328,-0.457281,0.513324;0.72862,-0.58275,0.288021,-0.215775
0.99086,-0.44623,0.517041;0.726432,-0.588226,0.289524,-0.206064
0.992174,-0.435245,0.520783;0.724149,-0.593624,0.29099,-0.196326
0.993256,-0.424385,0.524536;0.72177,-0.598945,0.292417,-0.186562
0.994096,-0.413706,0.52829;0.719297,-0.604187,0.293805,-0.176774
0.994681,-0.403266,0.532034;0.716729,-0.609349,0.295155,-0.166962
0.994999,-0.393125,0.535756;0.714067,-0.614432,0.296467,-0.157129
0.995039,-0.383338,0.539445;0.711311,-0.619433,0.297739,-0.147275
0.994788,-0.373965,0.54309;0.708462,-0.624354,0.298972,-0.137402
0.994113,-0.363628,0.54727;0.705021,-0.629991,0.300361,-0.12586
0.993007,-0.354025,0.551356;0.701453,-0.635515,0.301697,-0.114296
0.991192,-0.344065,0.555888;0.697222,-0.641689,0.303157,-0.101055
0.988762,-0.335319,0.560246;0.692829,-0.647713,0.304546,-0.0877901
0.985257,-0.327103,0.564908;0.687693,-0.65431,0.306024,-0.072843
0.97981,-0.319668,0.570205;0.68114,-0.66211,0.307708,-0.0545455
0.972324,-0.315222,0.575405;0.673648,-0.670285,0.30939,-0.0345575
0.962918,-0.315018,0.580023;0.659954,-0.688368,0.29989,-0.0259983
0.953695,-0.318084,0.583381;0.646575,-0.705675,0.28895,-0.0217017
0.94433,-0.323173,0.586063;0.63396,-0.721158,0.278764,-0.0177513
0.936093,-0.328756,0.588001;0.623395,-0.733549,0.270323,-0.0145122
0.927399,-0.335453,0.589729;0.612613,-0.745685,0.261788,-0.0112681
0.919334,-0.342219,0.591103;0.60285,-0.756255,0.254125,-0.00838109
0.910991,-0.349637,0.592339;0.592922,-0.766618,0.246393,-0.00549182
0.903494,-0.35658,0.593317;0.584102,-0.775514,0.239571,-0.00296245
0.895842,-0.363869,0.594208;0.575159,-0.784246,0.232699,-0.000432457
0.88806,-0.371433,0.595021;0.566096,-0.792815,0.225779,0.00209763
0.880176,-0.3792,0.595764;0.556914,-0.801216,0.218811,0.00462727
0.872215,-0.387098,0.596447;0.547614,-0.80945,0.211797,0.00715595
0.864204,-0.395056,0.597079;0.5382,-0.817514,0.204738,0.00968312
0.85617,-0.403002,0.597667;0.528673,-0.825406,0.197637,0.0122083
0.848138,-0.410865,0.598222;0.519035,-0.833125,0.190494,0.0147308
0.840135,-0.418572,0.598752;0.509288,-0.840669,0.183311,0.0172503
0.832188,-0.426052,0.599265;0.499435,-0.848037,0.17609,0.0197662
0.824322,-0.433233,0.599771;0.489476,-0.855227,0.168832,0.0222779
0.816565,-0.440044,0.600278;0.479415,-0.862237,0.161538,0.024785
0.807867,-0.447283,0.600871;0.467793,-0.870027,0.153161,0.0276437
0.799383,-0.453838,0.60149;0.456043,-0.877579,0.144742,0.030495
0.791154,-0.459601,0.60215;0.444168,-0.88489,0.136284,0.0333378
0.78225,-0.465005,0.602955;0.430663,-0.892825,0.126723,0.0365251
0.772862,-0.469492,0.603951;0.415483,-0.901278,0.116049,0.0400516
0.763237,-0.472339,0.605201;0.39858,-0.910131,0.10425,0.0439108
0.752947,-0.472515,0.606929;0.378337,-0.919985,0.0902365,0.0484423
0.743365,-0.46834,0.609158;0.356232,-0.929851,0.0750725,0.053283
0.736544,-0.460735,0.611424;0.337046,-0.937688,0.0620241,0.0573967
0.731944,-0.451284,0.613598;0.320898,-0.943777,0.0511209,0.0607979
0.729029,-0.441534,0.615541;0.307881,-0.948357,0.0423824,0.0635002
0.72707,-0.431314,0.617402;0.296421,-0.952151,0.0347265,0.0658505
0.725851,-0.421245,0.619124;0.286549,-0.955245,0.0281585,0.067854
0.725074,-0.409917,0.620968;0.276633,-0.958191,0.0215862,0.069847
0.724777,-0.399484,0.622603;0.268336,-0.960533,0.0161066,0.0714997
0.724808,-0.388121,0.62433;0.260011,-0.962773,0.0106254,0.0731447
0.725178,-0.3758,0.626152;0.251658,-0.964909,0.00514295,0.0747818
0.725702,-0.365581,0.627631;0.256666,-0.963912,0.00560398,0.0704598
0.726466,-0.35432,0.629233;0.267108,-0.961544,0.00823888,0.0633879
0.727447,-0.34247,0.630892;0.277504,-0.959012,0.0108724,0.0563052
0.728424,-0.332171,0.632315;0.286131,-0.956775,0.0130655,0.0503955
0.729541,-0.321507,0.633771;0.294724,-0.954425,0.0152571,0.0444798
0.730794,-0.310499,0.635257;0.303282,-0.951961,0.0174469,0.0385587
0.732178,-0.299165,0.636771;0.311804,-0.949383,0.0196347,0.0326331
0.73369,-0.287527,0.63831;0.320288,-0.946692,0.02182,0.0267036
0.735325,-0.275604,0.639871;0.328735,-0.943889,0.0240028,0.0207709
0.737078,-0.263415,0.641451;0.337142,-0.940973,0.0261827,0.0148358
0.738563,-0.253487,0.642727;0.343839,-0.938559,0.0279244,0.0100863
0.740119,-0.243412,0.644012;0.35051,-0.936074,0.029664,0.00533615
0.741743,-0.2332,0.645305;0.357154,-0.933518,0.0314013,0.000585536
0.743434,-0.222862,0.646605;0.36377,-0.93089,0.0331362,-0.00416512
0.745189,-0.212408,0.647909;0.370359,-0.928191,0.0348686,-0.00891545
0.747007,-0.201847,0.649216;0.37692,-0.925422,0.0365983,-0.0136651
0.748884,-0.191191,0.650526;0.383452,-0.922582,0.0383252,-0.0184137
0.750818,-0.180449,0.651836;0.389955,-0.919671,0.0400492,-0.0231609
0.752808,-0.169632,0.653145;0.396428,-0.91669,0.0417702,-0.0279064
0.75485,-0.158749,0.654452;0.402871,-0.91364,0.043488,-0.0326497
0.756944,-0.147811,0.655755;0.409283,-0.91052,0.0452024,-0.0373905
0.759086,-0.136828,0.657052;0.415664,-0.90733,0.0469134,-0.0421285
0.761275,-0.125811,0.658343;0.422013,-0.904071,0.0486208,-0.0468633
0.763508,-0.114769,0.659627;0.42833,-0.900744,0.0503246,-0.0515944
0.765783,-0.103712,0.6609;0.434614,-0.897347,0.0520244,-0.0563217
0.768097,-0.0926518,0.662163;0.440865,-0.893882,0.0537203,-0.0610447
0.770449,-0.0815972,0.663413;0.447083,-0.890349,0.0554122,-0.065763
0.772837,-0.0705587,0.66465;0.453266,-0.886748,0.0570998,-0.0704762
0.775257,-0.0595467,0.665871;0.459415,-0.88308,0.058783,-0.0751841
0.777708,-0.0485712,0.667075;0.465529,-0.879344,0.0604617,-0.0798863
0.780188,-0.0376425,0.668262;0.471607,-0.875541,0.0621359,-0.0845824
0.782694,-0.0267707,0.669429;0.477649,-0.871671,0.0638053,-0.089272
0.785224,-0.015966,0.670575;0.483655,-0.867735,0.0654698,-0.0939549
0.787777,-0.00523859,0.671698;0.489624,-0.863732,0.0671294,-0.0986305
0.790349,0.00540132,0.672798;0.495556,-0.859664,0.0687838,-0.103299
0.792938,0.0159436,0.673873;0.50145,-0.85553,0.070433,-0.107959
0.795543,0.026378,0.674921;0.507306,-0.851331,0.0720768,-0.112611
0.79816,0.0366943,0.67594;0.513123,-0.847067,0.0737151,-0.117254
0.800789,0.0468824,0.67693;0.518901,-0.842738,0.0753478,-0.121889
0.803426,0.0569321,0.67789;0.524639,-0.838346,0.0769747,-0.126514
0.806069,0.0668332,0.678816;0.530337,-0.833889,0.0785958,-0.13113
0.808717,0.0765756,0.679709;0.535995,-0.829368,0.0802109,-0.135735
0.812029,0.0885147,0.680776;0.54301,-0.823629,0.0822211,-0.141478
0.815339,0.10017,0.681784;0.54996,-0.817791,0.0842215,-0.147203
0.818644,0.111521,0.682732;0.556844,-0.811856,0.0862119,-0.152911
0.821938,0.122549,0.683616;0.563662,-0.805824,0.088192,-0.158601
0.825218,0.133233,0.684434;0.570413,-0.799697,0.0901617,-0.164271
0.82848,0.143554,0.685182;0.577096,-0.793473,0.0921205,-0.169923
0.831718,0.153491,0.685859;0.58371,-0.787156,0.0940684,-0.175554
0.834929,0.163025,0.686461;0.590255,-0.780744,0.0960051,-0.181164
0.83874,0.173905,0.687081;0.598016,-0.772928,0.098314,-0.187867
0.842497,0.184142,0.687584;0.605674,-0.764979,0.100606,-0.194539
0.846194,0.193701,0.687966;0.613228,-0.756898,0.102881,-0.201177
0.85042,0.203949,0.688252;0.621908,-0.747307,0.105512,-0.208877
0.85454,0.213174,0.688359;0.630443,-0.737541,0.108119,-0.216529
0.859106,0.222392,0.688251;0.640017,-0.72617,0.111068,-0.225212
0.864572,0.231808,0.687756;0.651709,-0.711644,0.114705,-0.235968
0.87073,0.239809,0.686602;0.665329,-0.693766,0.118998,-0.248727
0.879023,0.244491,0.683648;0.6849,-0.66606,0.125284,-0.267543
0.886003,0.239563,0.679109;0.703414,-0.637326,0.131375,-0.285946
0.889826,0.23048,0.675137;0.715154,-0.617621,0.135325,-0.29797
0.892215,0.22043,0.671635;0.723638,-0.602562,0.138226,-0.306855
0.893772,0.21061,0.66859;0.730044,-0.590689,0.140445,-0.313684
0.894886,0.200753,0.665748;0.735398,-0.580402,0.142322,-0.319479
0.89579,0.189531,0.662689;0.740627,-0.570016,0.144173,-0.325219
0.896376,0.17911,0.65997;0.744887,-0.561286,0.145698,-0.32996
0.896806,0.167698,0.657093;0.749058,-0.552489,0.147205,-0.334661
0.897034,0.157841,0.654676;0.752331,-0.545404,0.148398,-0.338394
0.897158,0.147325,0.652155;0.755547,-0.538277,0.14958,-0.342101
0.897175,0.136142,0.649528;0.758705,-0.531109,0.15075,-0.345781
0.897082,0.12428,0.646795;0.761805,-0.523901,0.151909,-0.349435
0.896878,0.11173,0.643953;0.764846,-0.516653,0.153056,-0.353063
0.89665,0.10186,0.64175;0.76709,-0.511191,0.153909,-0.355766
0.896358,0.0915919,0.639484;0.7693,-0.505707,0.154755,-0.358454
0.895999,0.0809225,0.637156;0.771477,-0.500201,0.155594,-0.361126
0.895574,0.0698473,0.634764;0.773621,-0.494674,0.156427,-0.363783
0.89508,0.058362,0.632307;0.775732,-0.489126,0.157253,-0.366425
0.894518,0.0464621,0.629786;0.77781,-0.483557,0.158073,-0.36905
0.893887,0.0341436,0.6272;0.779854,-0.477967,0.158885,-0.37166
0.893185,0.021402,0.624547;0.781865,-0.472356,0.159691,-0.374254
0.892411,0.00823298,0.621828;0.783842,-0.466725,0.16049,-0.376832
0.891565,-0.00536763,0.619042;0.785786,-0.461074,0.161282,-0.379393
0.890645,-0.0194042,0.616188;0.787696,-0.455404,0.162067,-0.381938
0.889651,-0.033881,0.613266;0.789572,-0.449714,0.162845,-0.384467
0.888947,-0.0437789,0.611279;0.790804,-0.445909,0.16336,-0.386144
0.888209,-0.0538756,0.609262;0.792021,-0.442097,0.163872,-0.387814
0.887437,-0.0641725,0.607213;0.793223,-0.438276,0.164381,-0.389476
0.886631,-0.0746708,0.605134;0.794409,-0.434446,0.164886,-0.39113
0.88579,-0.0853717,0.603023;0.795581,-0.430608,0.165388,-0.392777
0.884914,-0.0962765,0.60088;0.796737,-0.426762,0.165888,-0.394417
0.884003,-0.107387,0.598706;0.797878,-0.422908,0.166384,-0.396049
0.883056,-0.118703,0.596499;0.799004,-0.419046,0.166877,-0.397674
0.882074,-0.130227,0.594261;0.800115,-0.415176,0.167366,-0.399291
0.881064,-0.141877,0.592006;0.801203,-0.411325,0.167849,-0.400889
