0.770203,-0.139994,0.655529;0.916464,-0.0774308,-0.127878,0.371141
0.770141,-0.15075,0.652013;0.916389,-0.0913234,-0.124266,0.369389
0.77011,-0.16121,0.648578;0.916123,-0.105197,-0.120629,0.36756
0.770109,-0.171375,0.645223;0.915666,-0.119049,-0.116966,0.365654
0.770137,-0.181249,0.641948;0.915016,-0.132875,-0.113279,0.363671
0.770195,-0.190834,0.638752;0.914176,-0.146674,-0.109568,0.361613
0.7703,-0.201654,0.635122;0.912954,-0.162734,-0.10521,0.359116
0.770443,-0.212088,0.631598;0.911472,-0.178747,-0.100822,0.356516
0.770624,-0.222141,0.628177;0.90973,-0.19471,-0.0964047,0.353815
0.770843,-0.231815,0.62486;0.90773,-0.210617,-0.0919604,0.351014
0.771138,-0.242413,0.621193;0.905127,-0.228723,-0.0868491,0.34769
0.771481,-0.252528,0.617657;0.902188,-0.246744,-0.0817056,0.344236
0.77187,-0.262167,0.61425;0.898913,-0.264673,-0.0765317,0.340655
0.772361,-0.272448,0.61057;0.89483,-0.284725,-0.0706772,0.336475
0.772909,-0.282141,0.607049;0.890326,-0.304644,-0.0647894,0.332136
0.773581,-0.292233,0.60332;0.88483,-0.326607,-0.0582117,0.327132
0.774319,-0.301621,0.599781;0.87882,-0.34838,-0.0516003,0.321938
0.775204,-0.31115,0.596103;0.87162,-0.372097,-0.0442932,0.316009
0.776254,-0.320609,0.592342;0.863066,-0.39767,-0.0362866,0.309288
0.777588,-0.330435,0.588278;0.852175,-0.427084,-0.0269075,0.301119
0.779139,-0.339553,0.584301;0.83943,-0.458059,-0.0168249,0.291988
0.781161,-0.348623,0.580027;0.822689,-0.494434,-0.00469787,0.280527
0.783981,-0.357343,0.575327;0.79905,-0.539551,0.0108076,0.265117
0.788447,-0.364495,0.569998;0.760865,-0.601355,0.0329845,0.241598
0.796183,-0.364012,0.564776;0.692484,-0.689259,0.0667979,0.202301
0.802135,-0.355963,0.563078;0.637857,-0.745118,0.0900889,0.172687
0.806454,-0.34695,0.562767;0.597072,-0.780635,0.105875,0.151343
0.810174,-0.337364,0.563012;0.561131,-0.808284,0.11884,0.132987
0.813417,-0.32777,0.563563;0.529177,-0.830338,0.129712,0.11698
0.816331,-0.318232,0.5643;0.499936,-0.848632,0.139172,0.102566
0.819083,-0.308471,0.56519;0.471846,-0.864636,0.147853,0.0889143
0.821664,-0.298681,0.566182;0.445072,-0.878554,0.155781,0.0760672
0.824066,-0.289031,0.567236;0.419756,-0.890583,0.162985,0.0640598
0.82647,-0.278868,0.56841;0.394027,-0.901737,0.170028,0.0519896
0.828686,-0.269055,0.569592;0.369934,-0.911248,0.176381,0.0408023
0.830897,-0.258846,0.570864;0.345532,-0.919997,0.182587,0.0295808
0.833098,-0.248263,0.57222;0.32084,-0.927976,0.18864,0.0183346
0.835106,-0.23825,0.57353;0.29797,-0.934609,0.19405,0.00801194
0.837101,-0.227954,0.574901;0.274891,-0.940585,0.199324,-0.0023164
0.839081,-0.21739,0.576328;0.251618,-0.945899,0.204458,-0.0126431
0.840865,-0.207568,0.57767;0.230307,-0.950154,0.209001,-0.0220235
0.842633,-0.19755,0.579051;0.208862,-0.953857,0.213422,-0.0313911
0.844382,-0.187346,0.580468;0.187296,-0.957005,0.217719,-0.0407405
0.846112,-0.17697,0.581916;0.165621,-0.959598,0.221889,-0.0500662
0.847819,-0.166431,0.583394;0.14385,-0.961633,0.225931,-0.0593628
0.849502,-0.155742,0.584896;0.121996,-0.96311,0.229841,-0.068625
0.851129,-0.145113,0.586392;0.123435,-0.965087,0.221478,-0.0657122
0.852654,-0.134885,0.587833;0.125913,-0.966917,0.212909,-0.0623495
0.854155,-0.124547,0.589291;0.12838,-0.968655,0.20432,-0.0589809
0.855633,-0.114103,0.590764;0.130835,-0.970303,0.195712,-0.0556068
0.857087,-0.103559,0.592251;0.133277,-0.971858,0.187085,-0.0522275
0.858518,-0.0929193,0.59375;0.135707,-0.973323,0.178441,-0.0488432
0.859924,-0.0821895,0.595261;0.138124,-0.974695,0.16978,-0.0454544
0.861306,-0.0713743,0.596782;0.140528,-0.975976,0.161103,-0.0420612
0.862664,-0.0604787,0.598313;0.142918,-0.977164,0.152411,-0.0386641
0.863997,-0.0495077,0.599851;0.145295,-0.978261,0.143704,-0.0352634
0.865305,-0.0384662,0.601396;0.147659,-0.979266,0.134984,-0.0318593
0.866587,-0.0273594,0.602947;0.150009,-0.980178,0.126251,-0.0284522
0.867844,-0.0161921,0.604502;0.152344,-0.980998,0.117507,-0.0250425
0.869076,-0.00496936,0.606059;0.154665,-0.981725,0.108751,-0.0216304
0.870281,0.00630382,0.607619;0.156972,-0.98236,0.0999848,-0.0182162
0.87146,0.0176225,0.609179;0.159263,-0.982902,0.0912094,-0.0148003
0.872613,0.0289816,0.610739;0.16154,-0.983352,0.0824253,-0.0113831
0.873739,0.0403762,0.612297;0.163802,-0.983709,0.0736335,-0.00796473
0.874838,0.0518013,0.613852;0.166048,-0.983974,0.0648347,-0.00454564
0.87591,0.0632519,0.615403;0.168278,-0.984145,0.0560298,-0.00112613
0.876955,0.074723,0.616948;0.170493,-0.984224,0.0472197,0.0022935
0.877972,0.0862097,0.618487;0.172691,-0.98421,0.0384051,0.0057129
0.878962,0.0977069,0.620018;0.174874,-0.984104,0.0295869,0.00913177
0.879923,0.10921,0.621539;0.177039,-0.983905,0.0207659,0.0125498
0.880856,0.120713,0.623051;0.179188,-0.983613,0.0119429,0.0159666
0.88176,0.132212,0.624551;0.181321,-0.983228,0.00311882,0.0193819
0.882636,0.143701,0.626038;0.183436,-0.982751,-0.00570557,0.0227954
0.883482,0.155176,0.627512;0.185534,-0.982181,-0.0145294,0.0262068
0.8843,0.166632,0.62897;0.187614,-0.981519,-0.0233519,0.0296156
0.885088,0.178063,0.630412;0.189677,-0.980764,-0.0321722,0.0330217
0.885846,0.189465,0.631837;0.191722,-0.979916,-0.0409894,0.0364247
0.886574,0.200832,0.633242;0.193748,-0.978977,-0.0498028,0.0398242
0.887272,0.21216,0.634628;0.195757,-0.977945,-0.0586115,0.04322
0.88794,0.223444,0.635993;0.197747,-0.976821,-0.0674146,0.0466118
0.888577,0.234678,0.637335;0.199718,-0.975605,-0.0762115,0.0499991
0.889183,0.245858,0.638654;0.201671,-0.974297,-0.0850011,0.0533817
0.889757,0.256979,0.639948;0.203604,-0.972897,-0.0937827,0.0567593
0.890301,0.268035,0.641216;0.205519,-0.971405,-0.102555,0.0601315
0.890813,0.279022,0.642456;0.207414,-0.969822,-0.111319,0.0634981
0.891293,0.289935,0.643668;0.209289,-0.968148,-0.120071,0.0668587
0.891741,0.300769,0.644851;0.211145,-0.966383,-0.128813,0.070213
0.892157,0.311518,0.646003;0.212981,-0.964526,-0.137542,0.0735607
0.89254,0.322178,0.647123;0.214797,-0.962578,-0.146258,0.0769014
0.89289,0.332744,0.648209;0.216592,-0.96054,-0.15496,0.0802349
0.893208,0.34321,0.649261;0.218368,-0.958411,-0.163648,0.0835608
0.893492,0.353572,0.650277;0.220122,-0.956192,-0.172321,0.0868789
0.893743,0.363825,0.651256;0.221856,-0.953883,-0.180977,0.0901888
0.893959,0.373964,0.652198;0.223569,-0.951484,-0.189616,0.0934901
0.894142,0.383984,0.6531;0.225261,-0.948996,-0.198237,0.0967827
0.894313,0.395516,0.6541;0.227208,-0.945979,-0.208272,0.100613
0.894436,0.406871,0.655044;0.229126,-0.942841,-0.21828,0.104429
0.894512,0.418041,0.655929;0.231014,-0.939583,-0.228259,0.108233
0.89454,0.429019,0.656753;0.232873,-0.936204,-0.23821,0.112022
0.894521,0.439795,0.657514;0.234702,-0.932704,-0.24813,0.115798
0.894453,0.450363,0.65821;0.236501,-0.929085,-0.258018,0.119558
0.894336,0.460715,0.65884;0.23827,-0.925347,-0.267873,0.123303
0.89417,0.470842,0.6594;0.240008,-0.921491,-0.277694,0.127032
0.89392,0.48213,0.659955;0.241956,-0.916938,-0.288874,0.131274
0.893604,0.493104,0.660414;0.243864,-0.912233,-0.300005,0.135494
0.893223,0.503749,0.660776;0.245732,-0.907374,-0.311086,0.139692
0.892775,0.514056,0.661037;0.247558,-0.902363,-0.322116,0.143866
0.89221,0.524902,0.661203;0.268152,-0.896406,-0.321438,0.145698
0.891537,0.535743,0.661246;0.29485,-0.88948,-0.316803,0.146712
0.890778,0.546132,0.661158;0.321318,-0.881857,-0.311919,0.147612
0.889858,0.55688,0.660916;0.349706,-0.87282,-0.306352,0.148456
0.888836,0.567102,0.660526;0.377773,-0.86298,-0.300504,0.149164
0.887621,0.577528,0.659941;0.40761,-0.851497,-0.293898,0.149772
0.886188,0.588031,0.659129;0.439095,-0.838186,-0.286472,0.150247
0.884509,0.598478,0.658054;0.472086,-0.822857,-0.278164,0.150551
0.882556,0.608729,0.656683;0.506417,-0.805316,-0.268914,0.150644
0.880296,0.618637,0.654979;0.541899,-0.785363,-0.258659,0.150485
0.877555,0.628513,0.652789;0.580201,-0.761572,-0.24673,0.149996
0.874258,0.638014,0.65003;0.620872,-0.733491,-0.23299,0.149082
0.870325,0.646764,0.646614;0.663373,-0.700657,-0.217302,0.147638
0.865479,0.654618,0.642283;0.708696,-0.6611,-0.198842,0.14546
0.859571,0.660903,0.636891;0.755752,-0.614082,-0.17741,0.142365
0.85266,0.664816,0.630499;0.801863,-0.560623,-0.153595,0.138296
0.845363,0.665899,0.623709;0.842279,-0.505854,-0.129707,0.133619
0.838,0.664534,0.616855;0.876106,-0.452221,-0.106745,0.128612
0.830956,0.661385,0.610318;0.903031,-0.40237,-0.0857392,0.123622
0.824081,0.656883,0.603973;0.924941,-0.355036,-0.066068,0.118611
0.817772,0.651703,0.598188;0.941737,-0.312702,-0.0486838,0.113922
0.811508,0.645704,0.592488;0.955635,-0.271684,-0.0320182,0.109202
0.805657,0.639426,0.587204;0.966365,-0.234261,-0.0169586,0.10475
0.799945,0.632738,0.582087;0.974936,-0.198536,-0.00270781,0.100376
0.794403,0.625778,0.577163;0.981603,-0.164627,0.010709,0.0961154
0.788729,0.618214,0.572163;0.98596,-0.139295,0.0231339,0.0891338
0.783007,0.610169,0.567159;0.987414,-0.134627,0.0331812,0.0760819
0.777761,0.602424,0.562591;0.988473,-0.130393,0.0422156,0.0643159
0.772447,0.594211,0.557971;0.989296,-0.126127,0.0512398,0.0525344
0.76709,0.585541,0.55331;0.989882,-0.121831,0.0602518,0.0407405
0.762309,0.577459,0.549139;0.990205,-0.117987,0.0682504,0.0302486
0.757528,0.569032,0.54495;0.99034,-0.114122,0.0762361,0.0197511
0.752764,0.560268,0.540748;0.990289,-0.110235,0.0842075,0.00924987
0.748033,0.551173,0.536542;0.99005,-0.106327,0.0921629,-0.00125313
0.74335,0.541756,0.532337;0.989624,-0.102399,0.100101,-0.0117559
0.739306,0.533258,0.528664;0.989098,-0.098946,0.107031,-0.0209441
0.735323,0.524523,0.525002;0.988429,-0.0954788,0.113946,-0.0301292
0.731413,0.515557,0.521356;0.987617,-0.0919978,0.120844,-0.03931
0.727585,0.506364,0.51773;0.986662,-0.0885035,0.127725,-0.0484851
0.723852,0.496951,0.514128;0.985565,-0.0849964,0.134588,-0.0576531
0.720223,0.487321,0.510556;0.984325,-0.081477,0.14143,-0.0668129
0.716711,0.477481,0.507017;0.982942,-0.0779458,0.148253,-0.075963
0.713326,0.467434,0.503516;0.981417,-0.0744033,0.155054,-0.085102
0.710079,0.457186,0.500058;0.979751,-0.07085,0.161832,-0.0942288
0.70698,0.446742,0.496647;0.977942,-0.0672866,0.168588,-0.103342
0.704042,0.436107,0.493288;0.975992,-0.0637133,0.175318,-0.11244
0.701275,0.425285,0.489985;0.973901,-0.0601309,0.182024,-0.121522
0.699047,0.415866,0.487202;0.971997,-0.0570533,0.18775,-0.129293
0.69696,0.406317,0.484467;0.969989,-0.0539696,0.193457,-0.137049
0.695021,0.396641,0.481782;0.967878,-0.0508802,0.199143,-0.144792
0.693236,0.386841,0.47915;0.965665,-0.0477854,0.204808,-0.152519
0.691612,0.376921,0.476575;0.963348,-0.0446855,0.210451,-0.160229
0.690156,0.366884,0.474058;0.96093,-0.0415809,0.216072,-0.167923
0.688876,0.356733,0.471603;0.958409,-0.0384718,0.22167,-0.175599
0.687778,0.346471,0.469213;0.955786,-0.0353587,0.227244,-0.183256
0.686869,0.336102,0.46689;0.953062,-0.0322418,0.232794,-0.190894
0.686155,0.325628,0.464638;0.950236,-0.0291215,0.238319,-0.198511
0.685645,0.315052,0.462459;0.94731,-0.0259981,0.243819,-0.206107
0.685344,0.304379,0.460356;0.944283,-0.0228719,0.249294,-0.213682
0.68526,0.29361,0.458332;0.941155,-0.0197433,0.254741,-0.221233
0.685399,0.282749,0.45639;0.937928,-0.0166125,0.260162,-0.228761
0.685769,0.2718,0.454532;0.9346,-0.0134801,0.265555,-0.236265
0.686377,0.260765,0.452762;0.931174,-0.0103461,0.270919,-0.243744
0.687228,0.249648,0.451082;0.927648,-0.00721113,0.276255,-0.251197
0.688331,0.238452,0.449495;0.924024,-0.00407536,0.281562,-0.258623
0.689692,0.227179,0.448005;0.920302,-0.000939145,0.286838,-0.266022
0.691319,0.215834,0.446613;0.916482,0.00219717,0.292085,-0.273392
0.693217,0.204418,0.445323;0.912564,0.00533324,0.2973,-0.280733
0.695394,0.192937,0.444138;0.90855,0.00846875,0.302483,-0.288045
0.697856,0.181391,0.44306;0.904439,0.0116034,0.307635,-0.295326
0.700612,0.169786,0.442092;0.900231,0.0147367,0.312753,-0.302575
0.703137,0.160071,0.441373;0.896652,0.0173467,0.316993,-0.308592
0.705874,0.150318,0.440733;0.893007,0.0199554,0.32121,-0.314586
0.708827,0.140529,0.440175;0.889296,0.0225626,0.325403,-0.320556
0.712097,0.130415,0.439688;0.887698,0.0354847,0.327532,-0.321645
0.715355,0.120949,0.439312;0.88656,0.0499274,0.328949,-0.321421
0.718804,0.11147,0.439012;0.885234,0.0643596,0.330295,-0.321129
0.72244,0.101988,0.438787;0.88372,0.0787782,0.331571,-0.320769
0.726253,0.0925134,0.438635;0.88202,0.09318,0.332778,-0.320341
0.730239,0.0830549,0.438555;0.880132,0.107562,0.333913,-0.319845
0.73439,0.0736228,0.438547;0.878057,0.121921,0.334978,-0.319281
0.7387,0.0642269,0.438609;0.875797,0.136255,0.335972,-0.318649
0.743162,0.0548771,0.43874;0.873351,0.15056,0.336895,-0.31795
0.747769,0.0455831,0.43894;0.870719,0.164832,0.337746,-0.317184
0.752516,0.0363549,0.439207;0.867904,0.17907,0.338526,-0.316351
0.757395,0.0272022,0.439539;0.864904,0.19327,0.339234,-0.31545
0.762399,0.0181349,0.439937;0.861721,0.207429,0.33987,-0.314482
0.767523,0.00916277,0.440399;0.858355,0.221543,0.340434,-0.313448
0.772759,0.000295739,0.440924;0.854808,0.235611,0.340925,-0.312348
0.778101,-0.0084564,0.44151;0.851079,0.249629,0.341345,-0.311181
0.783543,-0.0170838,0.442158;0.84717,0.263594,0.341692,-0.309948
0.789077,-0.0255767,0.442865;0.843081,0.277504,0.341967,-0.30865
0.794697,-0.0339251,0.443631;0.838814,0.291354,0.342169,-0.307286
0.800396,-0.0421194,0.444455;0.834368,0.305143,0.342299,-0.305857
0.806999,-0.0512828,0.445465;0.829072,0.320822,0.342359,-0.304144
0.813686,-0.0602172,0.446549;0.823546,0.336412,0.342324,-0.302348
0.820449,-0.068908,0.447703;0.817792,0.351909,0.342194,-0.300467
0.827278,-0.0773404,0.448926;0.811811,0.367309,0.341969,-0.298504
0.834162,-0.0854999,0.450217;0.805606,0.382607,0.341649,-0.296458
0.841092,-0.0933716,0.451574;0.799177,0.397799,0.341235,-0.294329
0.848058,-0.100941,0.452995;0.792528,0.412881,0.340727,-0.29212
0.85505,-0.108193,0.45448;0.785659,0.427849,0.340124,-0.289829
0.862935,-0.115955,0.456223;0.777672,0.444546,0.339334,-0.287156
0.870826,-0.123276,0.458042;0.769412,0.461087,0.338424,-0.284383
0.878709,-0.130135,0.459935;0.760882,0.477466,0.337396,-0.28151
0.886571,-0.136512,0.461898;0.752086,0.493679,0.33625,-0.278538
0.895264,-0.143006,0.46416;0.742004,0.511489,0.334838,-0.275122
0.903893,-0.14885,0.466504;0.731601,0.529079,0.333281,-0.271587
0.91244,-0.154015,0.468927;0.720881,0.546439,0.33158,-0.267934
0.921723,-0.158878,0.471679;0.70873,0.565262,0.329544,-0.263782
0.930856,-0.162846,0.474519;0.696207,0.58379,0.327335,-0.259493
0.94062,-0.166111,0.477713;0.682131,0.603653,0.32473,-0.254658
0.950143,-0.168217,0.481;0.66763,0.62314,0.321922,-0.249665
0.960148,-0.169132,0.484661;0.651452,0.643812,0.318655,-0.24408
0.969789,-0.168566,0.48842;0.634797,0.664014,0.315154,-0.238317
0.979023,-0.166455,0.49227;0.617679,0.683731,0.311424,-0.23238
0.987808,-0.162737,0.496203;0.600109,0.702948,0.307465,-0.226272
0.996101,-0.157348,0.500214;0.5821,0.721651,0.303282,-0.22
1.00328,-0.150836,0.503979;0.565098,0.738447,0.299224,-0.214067
1.00944,-0.143527,0.507478;0.549204,0.75344,0.29534,-0.208511
1.01516,-0.134897,0.51102;0.533023,0.768039,0.291301,-0.202846
1.01996,-0.125873,0.514272;0.51807,0.780962,0.287498,-0.197604
1.02394,-0.116767,0.517224;0.504421,0.792304,0.283968,-0.192813
1.02757,-0.106708,0.520196;0.490595,0.803368,0.280339,-0.187955
1.03051,-0.0969479,0.522854;0.47816,0.812967,0.277031,-0.183581
1.03316,-0.0864033,0.525524;0.465594,0.82234,0.273646,-0.179156
1.03524,-0.0765213,0.52787;0.454492,0.830356,0.270621,-0.175243
1.03706,-0.0661189,0.530202;0.4434,0.838122,0.267569,-0.171331
