0.88858,0.0459009,0.656483;0.956738,0.203062,-0.15376,-0.140626
0.886708,0.0334,0.651591;0.956627,0.20412,-0.151361,-0.142442
0.88485,0.0210291,0.646757;0.956506,0.205176,-0.148959,-0.144256
0.883007,0.00878782,0.641982;0.956376,0.20623,-0.146557,-0.146069
0.881179,-0.00332456,0.637265;0.956235,0.207282,-0.144152,-0.14788
0.879365,-0.0153086,0.632605;0.956085,0.208332,-0.141747,-0.14969
0.877567,-0.0271648,0.628002;0.955925,0.209379,-0.13934,-0.151498
0.875782,-0.0388939,0.623457;0.955756,0.210425,-0.136931,-0.153305
0.874012,-0.0504963,0.618969;0.955576,0.211468,-0.134521,-0.15511
0.872257,-0.0619726,0.614537;0.955387,0.212509,-0.13211,-0.156913
0.870516,-0.0733235,0.610161;0.955189,0.213548,-0.129697,-0.158715
0.86879,-0.0845494,0.605842;0.95498,0.214585,-0.127283,-0.160516
0.867078,-0.095651,0.601578;0.954762,0.21562,-0.124868,-0.162314
0.86538,-0.106629,0.597369;0.954534,0.216652,-0.122451,-0.164111
0.863696,-0.117484,0.593216;0.954296,0.217683,-0.120033,-0.165907
0.862027,-0.128216,0.589118;0.954049,0.218711,-0.117614,-0.1677
0.860372,-0.138826,0.585074;0.953792,0.219737,-0.115194,-0.169492
0.858731,-0.149314,0.581084;0.953525,0.22076,-0.112772,-0.171282
0.857104,-0.159682,0.577149;0.953248,0.221781,-0.11035,-0.173071
0.855491,-0.16993,0.573267;0.952962,0.222801,-0.107926,-0.174858
0.853892,-0.180057,0.569439;0.952666,0.223817,-0.105501,-0.176643
0.852307,-0.190066,0.565664;0.95236,0.224832,-0.103075,-0.178426
0.850736,-0.199956,0.561941;0.952045,0.225844,-0.100648,-0.180207
0.849179,-0.209728,0.558272;0.95172,0.226854,-0.0982204,-0.181986
0.847635,-0.219382,0.554655;0.951385,0.227862,-0.0957914,-0.183764
0.846105,-0.22892,0.551089;0.951041,0.228867,-0.0933615,-0.18554
0.844589,-0.238342,0.547576;0.950687,0.22987,-0.0909306,-0.187314
0.843087,-0.247647,0.544114;0.950323,0.230871,-0.0884988,-0.189086
0.840859,-0.26139,0.539017;0.949759,0.232367,-0.0848494,-0.19174
0.838662,-0.274876,0.534035;0.949173,0.233858,-0.081198,-0.19439
0.836494,-0.288107,0.529166;0.948566,0.235344,-0.0775448,-0.197035
0.834357,-0.301085,0.524409;0.947937,0.236825,-0.0738898,-0.199676
0.83225,-0.313811,0.519764;0.947286,0.2383,-0.0702331,-0.202313
0.830173,-0.326289,0.515229;0.946613,0.239769,-0.0665748,-0.204944
0.828126,-0.338518,0.510804;0.945919,0.241233,-0.062915,-0.207571
0.826108,-0.350503,0.506487;0.945203,0.242692,-0.0592537,-0.210194
0.82412,-0.362244,0.502278;0.944465,0.244145,-0.0555911,-0.212811
0.822161,-0.373743,0.498176;0.943706,0.245592,-0.0519272,-0.215424
0.82023,-0.385003,0.49418;0.942925,0.247034,-0.0482621,-0.218031
0.818329,-0.396025,0.490288;0.942122,0.24847,-0.0445959,-0.220634
0.816457,-0.406812,0.486501;0.941298,0.249901,-0.0409287,-0.223231
0.814613,-0.417365,0.482816;0.940452,0.251325,-0.0372606,-0.225824
0.812798,-0.427686,0.479233;0.939585,0.252744,-0.0335916,-0.228411
0.811011,-0.437777,0.475752;0.938696,0.254157,-0.0299218,-0.230993
0.809252,-0.447641,0.47237;0.937786,0.255565,-0.0262513,-0.23357
0.807521,-0.457278,0.469088;0.936854,0.256966,-0.0225803,-0.236141
0.805818,-0.466691,0.465904;0.935901,0.258362,-0.0189087,-0.238707
0.80359,-0.478897,0.46181;0.934596,0.260213,-0.0140126,-0.24212
0.801412,-0.490713,0.457886;0.933254,0.262054,-0.00911591,-0.245523
0.799281,-0.502143,0.454131;0.931873,0.263884,-0.00421886,-0.248916
0.797199,-0.513193,0.450542;0.930455,0.265704,0.000678353,-0.252299
0.795165,-0.523866,0.447117;0.928998,0.267513,0.00557554,-0.255671
0.793178,-0.534167,0.443854;0.927504,0.26931,0.0104725,-0.259033
0.791238,-0.544101,0.440751;0.925972,0.271097,0.015369,-0.262385
0.789345,-0.553672,0.437804;0.924402,0.272873,0.0202649,-0.265726
0.787043,-0.565134,0.434339;0.922387,0.275077,0.0263836,-0.269887
0.784813,-0.576045,0.431111;0.920313,0.277263,0.0325007,-0.27403
0.782654,-0.586415,0.428117;0.918181,0.279432,0.0386156,-0.278156
0.780565,-0.596253,0.425352;0.91599,0.281583,0.0447281,-0.282265
0.77815,-0.607368,0.42233;0.913283,0.284141,0.0520593,-0.287171
0.775833,-0.617746,0.419624;0.910493,0.286672,0.0593857,-0.292051
0.773614,-0.627401,0.417226;0.90762,0.289178,0.0667067,-0.296905
0.771147,-0.637773,0.414809;0.904163,0.292067,0.0752401,-0.302532
0.768486,-0.64848,0.412532;0.900073,0.295324,0.0849809,-0.308918
0.76599,-0.658,0.410756;0.895837,0.298534,0.094708,-0.315253
0.763098,-0.668286,0.409214;0.890336,0.302477,0.106845,-0.323099
0.759956,-0.678357,0.40831;0.883437,0.307107,0.121373,-0.332406
0.756305,-0.688135,0.408613;0.873733,0.313104,0.140673,-0.344626
0.751631,-0.695832,0.412437;0.856754,0.322414,0.171836,-0.363999
0.748058,-0.693563,0.421267;0.835331,0.332465,0.207421,-0.385572
0.746737,-0.686784,0.428901;0.82077,0.338438,0.229718,-0.398781
0.746178,-0.678898,0.435855;0.808741,0.342933,0.247172,-0.408951
0.746023,-0.67046,0.442444;0.79794,0.346671,0.262186,-0.417576
0.746121,-0.662281,0.448366;0.788533,0.349717,0.274801,-0.424733
0.746421,-0.65325,0.454558;0.778883,0.352656,0.287332,-0.43176
0.746862,-0.644383,0.460381;0.769901,0.355232,0.298647,-0.438032
0.747391,-0.635928,0.46575;0.76165,0.357474,0.308765,-0.443582
0.748082,-0.62657,0.471522;0.754968,0.359369,0.318012,-0.446929
0.748847,-0.617467,0.476995;0.761923,0.358688,0.318287,-0.435328
0.749724,-0.608059,0.482522;0.768738,0.357942,0.318503,-0.423646
0.750711,-0.598374,0.488092;0.775412,0.357129,0.31866,-0.411887
0.751807,-0.588441,0.493691;0.781943,0.356251,0.31876,-0.400052
0.75301,-0.57829,0.499308;0.788332,0.355308,0.3188,-0.388144
0.754124,-0.569437,0.504125;0.793692,0.354447,0.318789,-0.37788
0.755314,-0.560462,0.508937;0.798946,0.353539,0.318734,-0.367565
0.756578,-0.551384,0.513736;0.804092,0.352583,0.318636,-0.357201
0.757916,-0.542221,0.518514;0.809129,0.351579,0.318496,-0.346789
0.759326,-0.532992,0.523262;0.814057,0.350529,0.318312,-0.336329
0.760807,-0.523714,0.527973;0.818876,0.34943,0.318086,-0.325825
0.762358,-0.514406,0.532638;0.823584,0.348285,0.317817,-0.315276
0.763977,-0.505085,0.53725;0.828181,0.347093,0.317504,-0.304685
0.765664,-0.495771,0.5418;0.832667,0.345854,0.31715,-0.294053
0.767417,-0.486481,0.54628;0.83704,0.344568,0.316752,-0.283382
0.769235,-0.477233,0.550682;0.8413,0.343236,0.316311,-0.272672
0.771116,-0.468046,0.554998;0.845447,0.341858,0.315828,-0.261925
0.77306,-0.458938,0.559221;0.84948,0.340433,0.315303,-0.251143
0.775066,-0.449927,0.563341;0.853399,0.338963,0.314734,-0.240327
0.777482,-0.439562,0.568008;0.857825,0.33719,0.314018,-0.227668
0.779977,-0.429382,0.572513;0.862093,0.335355,0.313244,-0.214967
0.782551,-0.419417,0.576841;0.866204,0.333458,0.312412,-0.202226
0.785202,-0.409695,0.580982;0.870155,0.3315,0.311523,-0.189448
0.787926,-0.400246,0.584921;0.873947,0.329482,0.310577,-0.176636
0.790723,-0.391098,0.588647;0.877578,0.327403,0.309574,-0.163791
0.794006,-0.38105,0.592626;0.881531,0.324953,0.308358,-0.149075
0.797378,-0.371477,0.596289;0.885273,0.322426,0.307068,-0.134322
0.800836,-0.362421,0.599619;0.888803,0.319821,0.305705,-0.119538
0.804827,-0.352905,0.60294;0.892518,0.316799,0.304083,-0.102871
0.808919,-0.344161,0.605787;0.895964,0.313681,0.30237,-0.0861735
0.81358,-0.335425,0.60836;0.899473,0.310105,0.300358,-0.06759
0.818841,-0.327103,0.610429;0.902944,0.306037,0.298015,-0.0471192
0.825227,-0.319157,0.611782;0.906519,0.301051,0.295073,-0.0228995
0.833322,-0.312445,0.611705;0.91013,0.294653,0.291195,0.00692749
0.842712,-0.309348,0.609142;0.91315,0.287118,0.286499,0.0404735
0.851827,-0.311177,0.604125;0.914985,0.279682,0.281744,0.0721115
0.858943,-0.315955,0.59847;0.915721,0.27379,0.277903,0.0962544
0.864901,-0.322248,0.592552;0.918183,0.266316,0.272385,0.108735
0.870213,-0.329589,0.586379;0.927033,0.251848,0.260471,0.0966341
0.874667,-0.336887,0.580597;0.934,0.23968,0.250428,0.0865074
0.878689,-0.344296,0.574931;0.939951,0.228646,0.241304,0.0773636
0.882715,-0.352437,0.568856;0.945598,0.217538,0.232101,0.0681947
0.886292,-0.360235,0.563134;0.95036,0.207606,0.223858,0.060026
0.889863,-0.368517,0.55713;0.954879,0.19762,0.215558,0.0518419
0.893422,-0.377237,0.550862;0.959153,0.187584,0.207202,0.0436445
0.896522,-0.385193,0.545177;0.962692,0.178762,0.199847,0.0364625
0.899607,-0.39342,0.539318;0.966042,0.169906,0.192453,0.0292734
0.902673,-0.401889,0.533298;0.969203,0.161016,0.185021,0.0220786
0.905716,-0.410571,0.52713;0.972173,0.152095,0.177553,0.0148795
0.908733,-0.419435,0.520826;0.974953,0.143144,0.17005,0.00767739
0.911721,-0.428452,0.514401;0.977542,0.134165,0.162514,0.000473805
0.914677,-0.437591,0.507866;0.97994,0.125159,0.154946,-0.00672987
0.917182,-0.4455,0.502187;0.981842,0.117421,0.148435,-0.0129034
0.919659,-0.453459,0.496445;0.983602,0.109665,0.141903,-0.0190752
0.922106,-0.461448,0.490649;0.985221,0.101894,0.13535,-0.0252441
0.92452,-0.46945,0.484807;0.986698,0.094108,0.128777,-0.0314095
0.9269,-0.477445,0.478926;0.988033,0.0863086,0.122186,-0.0375703
0.929243,-0.485414,0.473015;0.989226,0.0784967,0.115578,-0.0437257
0.931548,-0.493339,0.467082;0.990276,0.0706735,0.108953,-0.0498748
0.933812,-0.501201,0.461134;0.991184,0.0628401,0.102312,-0.0560167
0.936033,-0.508981,0.455181;0.991949,0.0549977,0.0956563,-0.0621506
0.938567,-0.517929,0.44824;0.992661,0.0458382,0.0878741,-0.0692954
0.941038,-0.52671,0.441314;0.993178,0.0366698,0.0800747,-0.0764266
0.94344,-0.535295,0.434418;0.9935,0.0274942,0.0722595,-0.0835428
0.945772,-0.543653,0.427563;0.993628,0.0183132,0.0644302,-0.0906427
0.94803,-0.551755,0.420763;0.993561,0.00912867,0.0565883,-0.0977248
0.95021,-0.559571,0.414031;0.9933,-5.77006e-05,0.0487353,-0.104788
0.952309,-0.567071,0.40738;0.992843,-0.00924406,0.0408727,-0.11183
0.954605,-0.575217,0.399893;0.992084,-0.0197404,0.0318772,-0.119852
0.956787,-0.582868,0.392548;0.99107,-0.0302317,0.0228735,-0.127842
0.958849,-0.589978,0.385364;0.989802,-0.0407153,0.013864,-0.135801
0.961019,-0.597275,0.377498;0.988073,-0.0524967,0.00372415,-0.144712
0.963025,-0.603768,0.369887;0.986024,-0.0642612,-0.00641691,-0.153576
0.965053,-0.609962,0.361763;0.983373,-0.0773081,-0.0176822,-0.163367
0.967027,-0.615436,0.353275;0.980002,-0.0916239,-0.0300656,-0.174061
0.968997,-0.619941,0.343916;0.975407,-0.108485,-0.0446814,-0.186591
0.970756,-0.622258,0.334123;0.969286,-0.127848,-0.0615075,-0.200891
0.972095,-0.620568,0.323968;0.960789,-0.15093,-0.0816245,-0.217811
0.97254,-0.614062,0.316162;0.951621,-0.172551,-0.100527,-0.233532
0.972274,-0.604815,0.311168;0.943245,-0.190208,-0.116008,-0.246277
0.971646,-0.594918,0.308227;0.936144,-0.203977,-0.128108,-0.256156
0.970848,-0.585009,0.306502;0.929997,-0.215169,-0.137962,-0.264147
0.969918,-0.574778,0.305507;0.92428,-0.22506,-0.146684,-0.271178
0.968887,-0.564265,0.305059;0.919648,-0.233017,-0.154566,-0.27579
0.967747,-0.553233,0.305044;0.919822,-0.234519,-0.161878,-0.269673
0.966647,-0.542976,0.305337;0.919903,-0.23579,-0.168135,-0.26441
0.965438,-0.532012,0.305902;0.919921,-0.237044,-0.174379,-0.259129
0.964125,-0.520369,0.306729;0.919876,-0.238281,-0.180612,-0.25383
0.962953,-0.510168,0.30761;0.91979,-0.2393,-0.185796,-0.249401
0.961715,-0.499534,0.308661;0.919661,-0.240308,-0.190972,-0.244961
0.960411,-0.488482,0.309874;0.919488,-0.241304,-0.196139,-0.240508
0.959045,-0.477029,0.311245;0.919271,-0.242289,-0.201296,-0.236044
0.957618,-0.465193,0.312766;0.91901,-0.243262,-0.206443,-0.231569
0.956134,-0.45299,0.314432;0.918706,-0.244224,-0.211581,-0.227083
0.954906,-0.442975,0.315866;0.918431,-0.244985,-0.215684,-0.223487
0.953644,-0.432745,0.317385;0.918129,-0.245738,-0.219781,-0.219883
0.952349,-0.422308,0.318988;0.917798,-0.246484,-0.223871,-0.216273
0.951023,-0.411673,0.32067;0.917439,-0.247223,-0.227954,-0.212656
0.949666,-0.400849,0.32243;0.917053,-0.247954,-0.23203,-0.209033
0.948279,-0.389844,0.324263;0.916639,-0.248678,-0.236099,-0.205404
0.946864,-0.378667,0.326166;0.916196,-0.249393,-0.240161,-0.201768
0.945423,-0.367327,0.328138;0.915726,-0.250102,-0.244215,-0.198126
0.943955,-0.355832,0.330174;0.915228,-0.250803,-0.248262,-0.194478
0.942463,-0.344191,0.332272;0.914702,-0.251496,-0.252302,-0.190824
0.940948,-0.332412,0.334429;0.914148,-0.252181,-0.256333,-0.187165
0.939411,-0.320505,0.336641;0.913567,-0.252859,-0.260358,-0.183499
0.937853,-0.308478,0.338906;0.912958,-0.253529,-0.264374,-0.179828
0.936276,-0.296339,0.34122;0.91232,-0.254191,-0.268382,-0.176152
0.93468,-0.284097,0.343581;0.911656,-0.254846,-0.272382,-0.17247
0.933067,-0.271761,0.345985;0.910963,-0.255493,-0.276373,-0.168783
0.931438,-0.25934,0.348429;0.910243,-0.256132,-0.280356,-0.165091
0.929794,-0.246841,0.350911;0.909495,-0.256763,-0.284331,-0.161394
0.928137,-0.234275,0.353427;0.908719,-0.257387,-0.288297,-0.157691
0.926467,-0.221648,0.355975;0.907916,-0.258002,-0.292254,-0.153985
0.924787,-0.208971,0.35855;0.907085,-0.25861,-0.296203,-0.150273
0.923097,-0.196251,0.361151;0.906226,-0.25921,-0.300142,-0.146557
0.921398,-0.183498,0.363774;0.90534,-0.259802,-0.304072,-0.142836
0.919692,-0.17072,0.366416;0.904426,-0.260386,-0.307993,-0.139111
0.91798,-0.157925,0.369075;0.903485,-0.260963,-0.311905,-0.135382
0.916262,-0.145123,0.371746;0.902517,-0.261531,-0.315807,-0.131649
0.914541,-0.132321,0.374427;0.90152,-0.262091,-0.3197,-0.127911
0.912818,-0.11953,0.377115;0.900497,-0.262644,-0.323582,-0.12417
0.911093,-0.106756,0.379807;0.899446,-0.263188,-0.327455,-0.120425
0.909369,-0.094009,0.3825;0.898368,-0.263724,-0.331318,-0.116677
0.907645,-0.0812977,0.385191;0.897262,-0.264253,-0.335171,-0.112924
0.905924,-0.0686305,0.387876;0.896129,-0.264773,-0.339014,-0.109169
0.904207,-0.0560161,0.390554;0.894969,-0.265285,-0.342846,-0.10541
0.902494,-0.0434631,0.39322;0.893781,-0.265789,-0.346668,-0.101648
0.900788,-0.0309802,0.395871;0.892567,-0.266285,-0.35048,-0.0978824
0.899088,-0.0185761,0.398506;0.891325,-0.266773,-0.35428,-0.0941141
0.897398,-0.00625934,0.40112;0.890056,-0.267253,-0.35807,-0.090343
0.895717,0.00596138,0.40371;0.88876,-0.267725,-0.361849,-0.0865692
0.894047,0.0180774,0.406274;0.887437,-0.268189,-0.365618,-0.0827927
0.892389,0.0300802,0.408809;0.886087,-0.268644,-0.369374,-0.0790137
0.890745,0.0419609,0.41131;0.88471,-0.269091,-0.37312,-0.0752323
0.889115,0.0537111,0.413777;0.883306,-0.26953,-0.376854,-0.0714486
0.887502,0.0653219,0.416204;0.881875,-0.269961,-0.380577,-0.0676627
0.885905,0.0767849,0.41859;0.880417,-0.270384,-0.384289,-0.0638748
0.884327,0.0880913,0.420931;0.878933,-0.270798,-0.387988,-0.0600849
0.882768,0.0992325,0.423225;0.877422,-0.271204,-0.391676,-0.0562932
0.88123,0.1102,0.425467;0.875884,-0.271602,-0.395352,-0.0524998
0.879714,0.120985,0.427656;0.874319,-0.271992,-0.399016,-0.0487048
0.878221,0.131578,0.429788;0.872728,-0.272373,-0.402668,-0.0449083
0.876752,0.141972,0.43186;0.871111,-0.272747,-0.406307,-0.0411105
0.875309,0.152158,0.433869;0.869467,-0.273111,-0.409934,-0.0373114
0.873893,0.162126,0.435812;0.867796,-0.273468,-0.413549,-0.0335111
0.872505,0.171869,0.437686;0.866099,-0.273816,-0.417151,-0.0297099
0.870812,0.183717,0.439927;0.863941,-0.27424,-0.421635,-0.024957
0.869167,0.195181,0.442049;0.861741,-0.27465,-0.4261,-0.020203
0.867572,0.206246,0.444046;0.859501,-0.275047,-0.430544,-0.015448
0.86603,0.216894,0.445914;0.85722,-0.275432,-0.434968,-0.0106923
0.864544,0.227108,0.447644;0.854898,-0.275803,-0.439372,-0.00593608
0.862837,0.238768,0.449533;0.852058,-0.276231,-0.444628,-0.000228258
0.861217,0.24975,0.451206;0.849159,-0.27664,-0.449854,0.00547958
0.859688,0.260025,0.452654;0.846203,-0.277031,-0.455049,0.011187
0.858026,0.27108,0.454045;0.84268,-0.277462,-0.46107,0.0178448
0.8565,0.281086,0.455098;0.839079,-0.277868,-0.467049,0.0245008
0.854932,0.291177,0.455868;0.834868,-0.2783,-0.473828,0.0321049
0.85325,0.301675,0.456145;0.829462,-0.278792,-0.482221,0.0416044
0.851554,0.311597,0.455291;0.822197,-0.279352,-0.492995,0.0539416
0.849986,0.317689,0.449076;0.806879,-0.280204,-0.514063,0.0785602
0.850405,0.310837,0.441438;0.7963,-0.280566,-0.527483,0.0946043
0.85124,0.302376,0.435427;0.799237,-0.308939,-0.508339,0.0858451
0.852214,0.29336,0.429881;0.800958,-0.331703,-0.492212,0.0785305
0.853238,0.284276,0.424717;0.801892,-0.35075,-0.478245,0.0722898
0.854321,0.27493,0.419674;0.802325,-0.367884,-0.465299,0.0665788
0.855414,0.265682,0.414871;0.802376,-0.38315,-0.453452,0.0614107
0.856614,0.255685,0.409835;0.802106,-0.398262,-0.441422,0.0562181
0.857767,0.246206,0.405175;0.801596,-0.411561,-0.430581,0.0515834
0.858997,0.236199,0.400356;0.800833,-0.42473,-0.419604,0.0469325
0.860135,0.227033,0.396016;0.799958,-0.436143,-0.40989,0.0428507
0.861327,0.217506,0.391571;0.798889,-0.447451,-0.400077,0.0387585
0.862572,0.207639,0.387027;0.797627,-0.45865,-0.390167,0.0346569
0.863868,0.19745,0.382393;0.796172,-0.469738,-0.380163,0.030547
0.865211,0.18696,0.377676;0.794524,-0.480712,-0.370066,0.0264297
0.8664,0.177744,0.373572;0.792958,-0.490027,-0.361341,0.0228954
0.86762,0.168334,0.369418;0.791251,-0.499254,-0.352551,0.0193571
0.868872,0.158743,0.365219;0.789404,-0.508392,-0.343699,0.0158153
0.870154,0.148984,0.360978;0.787416,-0.51744,-0.334785,0.0122707
0.871463,0.139068,0.356702;0.785289,-0.526396,-0.325812,0.00872388
0.8728,0.129009,0.352394;0.783021,-0.535258,-0.316781,0.00517555
0.874162,0.118819,0.348061;0.780614,-0.544025,-0.307694,0.00162629
0.875548,0.10851,0.343706;0.778069,-0.552695,-0.298552,-0.00192325
0.876957,0.0980965,0.339334;0.775385,-0.561267,-0.289356,-0.00547245
0.878388,0.0875895,0.334951;0.772563,-0.569739,-0.28011,-0.00902068
0.879838,0.0770021,0.330561;0.769604,-0.57811,-0.270813,-0.0125673
0.881307,0.0663468,0.326169;0.766508,-0.586378,-0.261469,-0.0161117
0.882793,0.0556363,0.32178;0.763276,-0.594542,-0.252078,-0.0196532
0.884295,0.0448832,0.317398;0.759908,-0.6026,-0.242642,-0.0231912
0.885812,0.0341,0.313029;0.756405,-0.610551,-0.233163,-0.0267251
0.887342,0.0232994,0.308678;0.752767,-0.618393,-0.223642,-0.0302543
0.888883,0.012494,0.304348;0.748996,-0.626126,-0.214082,-0.0337781
0.890435,0.00169641,0.300046;0.745091,-0.633747,-0.204483,-0.0372958
0.891995,-0.00908083,0.295775;0.741054,-0.641255,-0.194849,-0.040807
0.893563,-0.0198251,0.291542;0.736885,-0.648649,-0.185179,-0.0443108
0.895138,-0.0305237,0.28735;0.732585,-0.655928,-0.175477,-0.0478068
0.896717,-0.0411641,0.283204;0.728154,-0.663091,-0.165744,-0.0512943
0.8983,-0.0517338,0.27911;0.723595,-0.670135,-0.155981,-0.0547727
0.899884,-0.06222,0.275072;0.718906,-0.67706,-0.14619,-0.0582413
0.90147,-0.0726102,0.271094;0.71409,-0.683865,-0.136373,-0.0616996
0.903054,-0.0828918,0.267183;0.709146,-0.690548,-0.126532,-0.0651469
0.904637,-0.0930521,0.263342;0.704077,-0.697109,-0.116669,-0.0685826
0.906216,-0.103079,0.259577;0.698882,-0.703545,-0.106784,-0.0720062
0.90779,-0.112959,0.255892;0.693563,-0.709856,-0.0968812,-0.0754169
0.909358,-0.12268,0.252293;0.688121,-0.716041,-0.0869607,-0.0788142
0.910918,-0.132229,0.248783;0.682557,-0.722099,-0.0770248,-0.0821975
0.91247,-0.141594,0.245369;0.676871,-0.728029,-0.0670752,-0.0855662
0.914266,-0.152271,0.241511;0.670085,-0.734782,-0.0554524,-0.089477
0.916047,-0.162659,0.237797;0.663137,-0.741358,-0.0438162,-0.0933662
0.917809,-0.17274,0.234235;0.656028,-0.747755,-0.0321693,-0.0972328
0.91955,-0.182492,0.230831;0.648761,-0.753971,-0.0205147,-0.101076
0.921268,-0.191897,0.227593;0.641337,-0.760004,-0.00885506,-0.104894
0.923201,-0.202193,0.224107;0.632662,-0.766673,0.00447266,-0.109227
0.925098,-0.211978,0.22086;0.623787,-0.773101,0.017799,-0.113526
0.927185,-0.22234,0.217508;0.613568,-0.780039,0.0327841,-0.118319
0.929217,-0.231975,0.214488;0.603102,-0.786665,0.0477562,-0.123064
0.931406,-0.241776,0.211544;0.591191,-0.793658,0.0643691,-0.128279
0.933722,-0.251392,0.208831;0.577752,-0.800898,0.0826063,-0.133942
0.936323,-0.261077,0.206375;0.561425,-0.808837,0.104095,-0.140531
0.939482,-0.270796,0.204466;0.53937,-0.818198,0.132061,-0.14897
0.944434,-0.279038,0.205126;0.497191,-0.832254,0.182546,-0.163803
0.948281,-0.273132,0.212023;0.45118,-0.84262,0.233747,-0.178298
0.949583,-0.264789,0.217634;0.428812,-0.846015,0.257357,-0.184787
0.950374,-0.255366,0.223288;0.410574,-0.848054,0.27604,-0.18983
0.950814,-0.24663,0.228233;0.396702,-0.849188,0.289924,-0.193524
0.95109,-0.237625,0.233151;0.384239,-0.84991,0.302168,-0.196743
0.951241,-0.228764,0.237866;0.373234,-0.850322,0.312804,-0.199508
0.951304,-0.218966,0.242974;0.362138,-0.850528,0.323363,-0.202225
0.951287,-0.209807,0.247672;0.352558,-0.85054,0.332352,-0.204515
0.951203,-0.199932,0.252668;0.342914,-0.850402,0.341282,-0.206769
0.95105,-0.189329,0.257968;0.33321,-0.850112,0.350151,-0.208985
0.950869,-0.179927,0.262621;0.325078,-0.849755,0.357495,-0.210804
0.950639,-0.170004,0.267491;0.316906,-0.849293,0.364794,-0.212597
0.950359,-0.159551,0.272581;0.308695,-0.848726,0.372049,-0.214364
0.950028,-0.148563,0.277894;0.300445,-0.848054,0.379257,-0.216104
0.949725,-0.13938,0.282307;0.293819,-0.847441,0.38499,-0.217477
0.94939,-0.129846,0.286866;0.287169,-0.846762,0.390692,-0.218833
0.94902,-0.119957,0.291572;0.280497,-0.846015,0.396364,-0.220172
0.948616,-0.109709,0.296427;0.273803,-0.845201,0.402005,-0.221493
0.948177,-0.0990971,0.301432;0.267087,-0.844321,0.407613,-0.222796
0.947703,-0.088119,0.306588;0.260349,-0.843374,0.413189,-0.224082
0.947193,-0.0767706,0.311898;0.253592,-0.84236,0.418733,-0.225351
0.946647,-0.065048,0.317362;0.246814,-0.84128,0.424244,-0.226601
0.946065,-0.0529475,0.322982;0.240017,-0.840133,0.429721,-0.227834
0.945605,-0.043622,0.327301;0.234906,-0.83923,0.433806,-0.228746
0.945123,-0.0340802,0.331708;0.229785,-0.838289,0.437873,-0.229649
0.944621,-0.0243206,0.336206;0.224654,-0.83731,0.44192,-0.230541
0.944143,-0.015211,0.340394;0.219957,-0.836384,0.4456,-0.231347
