0.846874,-0.615762,0.502674;0.851265,-0.491683,0.117125,-0.140988
0.839744,-0.617622,0.511815;0.852517,-0.487414,0.121491,-0.144507
0.832819,-0.619182,0.520654;0.853725,-0.483121,0.125851,-0.148019
0.826095,-0.620447,0.529196;0.854889,-0.478802,0.130205,-0.151523
0.819571,-0.62142,0.537444;0.85601,-0.474459,0.134552,-0.155019
0.813244,-0.622107,0.545401;0.857087,-0.470092,0.138892,-0.158508
0.805608,-0.62257,0.554944;0.858371,-0.464599,0.144307,-0.162857
0.798273,-0.622601,0.564046;0.859587,-0.459069,0.14971,-0.167193
0.791233,-0.622208,0.572714;0.860733,-0.453502,0.155102,-0.171516
0.784483,-0.621401,0.580955;0.861811,-0.447898,0.160481,-0.175825
0.77802,-0.620188,0.588775;0.86282,-0.442259,0.165847,-0.18012
0.770636,-0.61821,0.597616;0.863939,-0.435446,0.172269,-0.185255
0.76365,-0.615675,0.605875;0.864959,-0.428582,0.178671,-0.190369
0.757054,-0.612599,0.613564;0.865879,-0.421669,0.185053,-0.195461
0.750841,-0.608996,0.620695;0.866699,-0.414707,0.191413,-0.20053
0.744065,-0.604149,0.628326;0.86753,-0.406524,0.198805,-0.206414
0.737786,-0.598629,0.635234;0.868224,-0.398278,0.206166,-0.212267
0.731993,-0.592463,0.641438;0.868782,-0.389969,0.213495,-0.218086
0.726672,-0.585672,0.646959;0.869204,-0.381599,0.22079,-0.22387
0.721812,-0.578283,0.651815;0.86949,-0.373169,0.22805,-0.22962
0.7174,-0.570318,0.656026;0.869639,-0.364681,0.235275,-0.235334
0.713423,-0.561801,0.659612;0.869651,-0.356135,0.242463,-0.24101
0.70987,-0.552757,0.662591;0.869528,-0.347533,0.249613,-0.246649
0.706728,-0.54321,0.664984;0.869267,-0.338877,0.256723,-0.252249
0.703984,-0.533184,0.66681;0.868871,-0.330168,0.263794,-0.25781
0.701627,-0.522702,0.668088;0.868338,-0.321407,0.270822,-0.26333
0.699643,-0.511789,0.668837;0.867668,-0.312595,0.277809,-0.268809
0.698021,-0.500469,0.669078;0.866863,-0.303735,0.284752,-0.274246
0.696909,-0.490461,0.668894;0.866064,-0.296102,0.290667,-0.278871
0.696046,-0.480186,0.668364;0.865166,-0.288435,0.296549,-0.283465
0.695423,-0.469659,0.667498;0.864167,-0.280735,0.302397,-0.288026
0.695034,-0.458897,0.666309;0.863069,-0.273002,0.30821,-0.292554
0.69487,-0.447914,0.66481;0.861872,-0.265238,0.313987,-0.297048
0.694924,-0.436725,0.663013;0.860575,-0.257444,0.319728,-0.301507
0.695187,-0.425345,0.66093;0.859179,-0.24962,0.325433,-0.305932
0.695652,-0.41379,0.658573;0.857684,-0.241767,0.3311,-0.310322
0.696188,-0.404038,0.656409;0.856363,-0.235201,0.335793,-0.313953
0.696855,-0.394183,0.65407;0.854973,-0.228617,0.340459,-0.317558
0.697647,-0.384234,0.651564;0.853515,-0.222014,0.345098,-0.321139
0.698561,-0.3742,0.648898;0.851988,-0.215394,0.34971,-0.324693
0.699592,-0.36409,0.646079;0.850393,-0.208756,0.354293,-0.328222
0.700734,-0.353912,0.643113;0.84873,-0.202101,0.358848,-0.331724
0.701985,-0.343675,0.640009;0.846999,-0.195431,0.363374,-0.3352
0.703339,-0.333388,0.636772;0.8452,-0.188745,0.367872,-0.338649
0.704792,-0.32306,0.633411;0.843334,-0.182043,0.372339,-0.34207
0.706339,-0.3127,0.629933;0.8414,-0.175327,0.376777,-0.345465
0.707975,-0.302315,0.626343;0.839398,-0.168597,0.381185,-0.348831
0.709697,-0.291916,0.622651;0.83733,-0.161854,0.385563,-0.35217
0.7115,-0.28151,0.618861;0.835194,-0.155098,0.389909,-0.355481
0.713379,-0.271107,0.614983;0.832992,-0.148329,0.394224,-0.358763
0.715329,-0.260716,0.611022;0.830723,-0.141548,0.398508,-0.362016
0.717347,-0.250344,0.606986;0.828387,-0.134756,0.40276,-0.36524
0.719428,-0.240001,0.602883;0.825985,-0.127953,0.406979,-0.368436
0.721566,-0.229695,0.598718;0.823517,-0.12114,0.411166,-0.371601
0.723759,-0.219436,0.594499;0.820983,-0.114317,0.41532,-0.374737
0.726,-0.209232,0.590234;0.818383,-0.107486,0.419441,-0.377843
0.728286,-0.199092,0.585929;0.815718,-0.100645,0.423528,-0.380919
0.730613,-0.189024,0.581592;0.812987,-0.0937965,0.427581,-0.383964
0.732975,-0.179038,0.577229;0.810192,-0.0869404,0.4316,-0.386978
0.735368,-0.169142,0.572847;0.807331,-0.0800774,0.435585,-0.389962
0.737763,-0.159444,0.5685;0.808285,-0.0670881,0.430466,-0.396072
0.74002,-0.150483,0.564436;0.81107,-0.0514329,0.420422,-0.403442
0.742295,-0.141614,0.560369;0.813524,-0.0357567,0.410206,-0.410647
0.744842,-0.131869,0.55585;0.815861,-0.0183219,0.398659,-0.418456
0.747407,-0.122244,0.551334;0.817788,-0.000877822,0.386911,-0.426055
0.749988,-0.112741,0.546827;0.819302,0.0165667,0.374967,-0.433438
0.752583,-0.103363,0.54233;0.820404,0.0340028,0.362836,-0.440604
0.755188,-0.0941155,0.537848;0.821092,0.0514218,0.350521,-0.447547
0.757802,-0.0850003,0.533385;0.821367,0.068815,0.33803,-0.454265
0.760423,-0.0760211,0.528945;0.821228,0.0861734,0.325368,-0.460754
0.763047,-0.0671814,0.52453;0.820675,0.103488,0.312543,-0.467011
0.765672,-0.0584844,0.520146;0.819709,0.120751,0.29956,-0.473033
0.768559,-0.0490868,0.515362;0.81817,0.13967,0.285105,-0.479381
0.771442,-0.0398706,0.510623;0.816131,0.158503,0.270476,-0.485437
0.774317,-0.0308403,0.505935;0.813595,0.17724,0.255682,-0.491198
0.777181,-0.0220004,0.501303;0.810564,0.195869,0.240732,-0.496659
0.780032,-0.0133553,0.496732;0.807038,0.214379,0.225635,-0.501817
0.783121,-0.00415199,0.49182;0.802631,0.234421,0.20901,-0.507095
0.786187,0.00480821,0.486993;0.797641,0.254294,0.192233,-0.512006
0.789224,0.0135194,0.482256;0.792073,0.273982,0.175317,-0.516545
0.792228,0.0219758,0.477618;0.78593,0.293471,0.158273,-0.520709
0.795441,0.0308425,0.47271;0.778632,0.314344,0.13968,-0.524794
0.798605,0.0393958,0.467932;0.770672,0.33495,0.120968,-0.528432
0.801952,0.0482481,0.462942;0.761365,0.356821,0.100702,-0.531847
0.805231,0.0567191,0.458123;0.751307,0.378339,0.0803361,-0.534737
0.808659,0.0653614,0.453161;0.739707,0.40098,0.0584284,-0.537247
0.811993,0.0735439,0.44842;0.727269,0.423166,0.0364545,-0.539149
0.815436,0.0817522,0.44362;0.713094,0.446302,0.0129707,-0.540503
0.818955,0.0898706,0.438829;0.697025,0.470252,-0.0119985,-0.541179
0.822704,0.0981889,0.433871;0.677867,0.496209,-0.0398828,-0.541001
0.826603,0.106428,0.428909;0.655259,0.523846,-0.070616,-0.539661
0.830717,0.114579,0.423949;0.627643,0.554004,-0.105543,-0.536661
0.835012,0.122321,0.419185;0.593128,0.58715,-0.145898,-0.531195
0.839996,0.129799,0.414533;0.541183,0.629428,-0.201112,-0.520092
0.846383,0.131118,0.413909;0.403002,0.709556,-0.324524,-0.478335
0.846327,0.122802,0.419576;0.328782,0.737932,-0.380172,-0.450364
0.845104,0.114466,0.425292;0.28086,0.751808,-0.412876,-0.430623
0.843404,0.105883,0.431215;0.270769,0.75504,-0.419316,-0.425174
0.841519,0.0975526,0.436982;0.293031,0.750697,-0.404392,-0.432497
0.839559,0.0894717,0.442571;0.312138,0.746453,-0.391198,-0.438568
0.837497,0.0813335,0.448186;0.329611,0.742142,-0.378812,-0.443941
0.835207,0.0725709,0.454208;0.346917,0.737455,-0.366235,-0.449089
0.832921,0.0640127,0.460062;0.362626,0.732831,-0.354543,-0.453608
0.830697,0.0558139,0.465642;0.376774,0.728357,-0.343783,-0.457549
0.828343,0.0472323,0.471451;0.39079,0.723626,-0.332902,-0.461329
0.825869,0.0382832,0.477472;0.404668,0.718641,-0.321904,-0.464947
0.823545,0.0299277,0.48306;0.417037,0.713939,-0.311909,-0.468064
0.821136,0.0212982,0.488794;0.429287,0.709034,-0.301826,-0.471047
0.818648,0.0124061,0.494663;0.441414,0.703926,-0.291656,-0.473897
0.816088,0.00326254,0.500655;0.453417,0.698618,-0.281403,-0.476611
0.813756,-0.00506711,0.506075;0.463977,0.693733,-0.272222,-0.47891
0.811376,-0.0135787,0.511574;0.474433,0.688692,-0.26298,-0.481101
0.808952,-0.0222643,0.517143;0.484782,0.683496,-0.253679,-0.483184
0.806489,-0.0311161,0.522776;0.495022,0.678146,-0.24432,-0.485158
0.803992,-0.0401261,0.528462;0.505151,0.672644,-0.234907,-0.487023
0.801463,-0.0492865,0.534194;0.515166,0.66699,-0.225441,-0.488779
0.798908,-0.0585895,0.539963;0.525066,0.661186,-0.215924,-0.490424
0.796332,-0.068027,0.545762;0.534847,0.655234,-0.206358,-0.491959
0.794063,-0.0763891,0.550852;0.543307,0.649904,-0.19795,-0.493212
0.791784,-0.084843,0.555952;0.551673,0.644463,-0.189508,-0.494379
0.789497,-0.0933833,0.561057;0.559944,0.638911,-0.181034,-0.495462
0.787205,-0.102005,0.566161;0.568119,0.633248,-0.172528,-0.496459
0.784912,-0.110702,0.571258;0.576196,0.627477,-0.163992,-0.49737
0.78262,-0.11947,0.576342;0.584174,0.621597,-0.155428,-0.498196
0.780333,-0.128304,0.581408;0.592051,0.615611,-0.146838,-0.498936
0.778052,-0.137197,0.586451;0.599826,0.609518,-0.138222,-0.499591
0.775782,-0.146145,0.591464;0.607498,0.60332,-0.129582,-0.500159
0.773524,-0.155143,0.596442;0.615065,0.597019,-0.12092,-0.500641
0.771283,-0.164185,0.601379;0.622527,0.590615,-0.112237,-0.501037
0.76906,-0.173266,0.60627;0.629881,0.584109,-0.103535,-0.501346
0.766859,-0.182381,0.611109;0.637126,0.577502,-0.094815,-0.501569
0.764683,-0.191523,0.615891;0.644262,0.570796,-0.0860786,-0.501706
0.762534,-0.200689,0.62061;0.651287,0.563991,-0.0773275,-0.501756
0.760416,-0.209873,0.62526;0.6582,0.55709,-0.068563,-0.50172
0.758332,-0.21907,0.629835;0.664999,0.550092,-0.0597867,-0.501597
0.756284,-0.228273,0.63433;0.671684,0.543,-0.0510001,-0.501389
0.754275,-0.237479,0.63874;0.678253,0.535814,-0.0422047,-0.501093
0.752309,-0.246681,0.643059;0.684706,0.528536,-0.0334021,-0.500712
0.750387,-0.255875,0.64728;0.69104,0.521167,-0.0245937,-0.500244
0.748514,-0.265055,0.651399;0.697255,0.513708,-0.015781,-0.49969
0.746692,-0.274215,0.65541;0.703351,0.506161,-0.00696568,-0.49905
0.744924,-0.283351,0.659307;0.709325,0.498526,0.00185087,-0.498324
0.743213,-0.292458,0.663084;0.715177,0.490806,0.0106671,-0.497512
0.741331,-0.302822,0.667248;0.721714,0.481879,0.0207405,-0.496479
0.739531,-0.313133,0.67124;0.728088,0.472844,0.0308092,-0.495335
0.737819,-0.323382,0.675052;0.734299,0.463702,0.0408709,-0.494079
0.736197,-0.333562,0.678675;0.740345,0.454456,0.0509235,-0.492712
0.734672,-0.343664,0.682101;0.746224,0.445108,0.0609646,-0.491234
0.733246,-0.353682,0.685322;0.751936,0.43566,0.070992,-0.489646
0.731925,-0.363606,0.68833;0.757478,0.426114,0.0810034,-0.487947
0.730712,-0.373429,0.691115;0.76285,0.416472,0.0909966,-0.486139
0.729613,-0.383144,0.693669;0.76805,0.406736,0.100969,-0.484222
0.728517,-0.393933,0.696257;0.773693,0.395674,0.112161,-0.481934
0.727576,-0.404563,0.69853;0.779117,0.3845,0.123322,-0.479509
0.726796,-0.415024,0.700477;0.784318,0.373215,0.134447,-0.476948
0.726184,-0.425302,0.702086;0.789296,0.361825,0.145533,-0.474251
0.725745,-0.435389,0.703344;0.79405,0.350332,0.156579,-0.471419
0.725468,-0.446356,0.704317;0.799066,0.337444,0.168799,-0.468115
0.725423,-0.457056,0.704826;0.803802,0.324438,0.18096,-0.464646
0.725608,-0.467284,0.704862;0.811155,0.309534,0.182574,-0.461393
0.726082,-0.478412,0.704371;0.819591,0.292394,0.182616,-0.457633
0.726825,-0.489197,0.703342;0.827716,0.275143,0.182589,-0.4537
0.727825,-0.499636,0.7018;0.835528,0.257787,0.182492,-0.449595
0.72907,-0.509731,0.699769;0.843023,0.240334,0.182326,-0.44532
0.73055,-0.519479,0.697275;0.850198,0.22279,0.182091,-0.440876
0.732453,-0.529905,0.69399;0.857792,0.203198,0.181749,-0.435742
0.734615,-0.539903,0.690198;0.864985,0.18351,0.181322,-0.430404
0.737018,-0.549473,0.685933;0.871773,0.163737,0.18081,-0.424865
0.739646,-0.558613,0.681228;0.878153,0.143887,0.180213,-0.419127
0.742484,-0.567324,0.676118;0.884122,0.12397,0.179532,-0.413192
0.745515,-0.575604,0.670637;0.889677,0.103994,0.178767,-0.407065
0.748723,-0.583453,0.664818;0.894816,0.0839704,0.177919,-0.400746
0.752091,-0.59087,0.658697;0.899536,0.0639071,0.176987,-0.394241
0.755604,-0.597855,0.652308;0.903836,0.0438139,0.175972,-0.387551
0.759246,-0.604407,0.645683;0.907712,0.0237003,0.174875,-0.380679
0.76338,-0.611113,0.638166;0.911485,0.00156278,0.173573,-0.372915
0.767629,-0.617294,0.630451;0.914742,-0.0205756,0.172174,-0.364939
0.77197,-0.622948,0.622584;0.917481,-0.0427023,0.170677,-0.356757
0.776382,-0.628075,0.614611;0.9197,-0.0648049,0.169083,-0.348372
0.780844,-0.632673,0.606577;0.921398,-0.0868707,0.167393,-0.339791
0.785334,-0.636743,0.598527;0.922575,-0.108887,0.165609,-0.331017
0.790239,-0.640578,0.58978;0.923263,-0.132835,0.163556,-0.321232
0.795124,-0.643782,0.581127;0.923329,-0.156693,0.161392,-0.31123
0.79996,-0.646353,0.572627;0.922772,-0.180445,0.15912,-0.301019
0.805113,-0.648423,0.563661;0.921467,-0.206039,0.156537,-0.289728
0.81014,-0.649748,0.555017;0.919434,-0.23147,0.15383,-0.278207
0.815374,-0.650339,0.546157;0.916431,-0.258652,0.150779,-0.265555
0.820725,-0.65001,0.537283;0.91228,-0.287511,0.147357,-0.251729
0.826079,-0.648558,0.528651;0.906795,-0.31796,0.143536,-0.23669
0.831295,-0.645769,0.520574;0.899776,-0.349894,0.139288,-0.2204
0.836453,-0.641126,0.513084;0.890492,-0.385023,0.134317,-0.201842
0.8412,-0.634117,0.506965;0.878481,-0.423091,0.12856,-0.180935
0.844801,-0.62513,0.503421;0.864658,-0.460285,0.122537,-0.159655
0.84698,-0.615049,0.502708;0.851194,-0.492177,0.1171,-0.139707
0.847915,-0.605117,0.504148;0.850128,-0.498507,0.11676,-0.123042
0.848115,-0.594822,0.50696;0.848904,-0.50421,0.116413,-0.107623
0.847832,-0.584411,0.510596;0.847579,-0.509316,0.116068,-0.0934636
0.847257,-0.574122,0.514632;0.846206,-0.513858,0.11573,-0.0805727
0.846532,-0.564176,0.518753;0.844834,-0.517863,0.115408,-0.0689578
0.84576,-0.55478,0.522725;0.843506,-0.521356,0.115107,-0.0586246
0.8449,-0.544855,0.526921;0.842076,-0.524786,0.114792,-0.0482842
0.843982,-0.534392,0.531277;0.840544,-0.528152,0.114463,-0.037938
0.843157,-0.52479,0.535167;0.83912,-0.531046,0.114163,-0.0288813
0.842332,-0.514765,0.539087;0.837619,-0.53389,0.113854,-0.0198219
0.841529,-0.504312,0.542991;0.83604,-0.536685,0.113533,-0.0107607
0.840767,-0.493425,0.546837;0.834384,-0.539431,0.113202,-0.0016985
0.840163,-0.483745,0.550054;0.832903,-0.541744,0.11291,0.00606927
0.839618,-0.473739,0.553169;0.831365,-0.544021,0.112611,0.0138366
0.839146,-0.463404,0.556154;0.829771,-0.546261,0.112304,0.021603
0.838758,-0.452737,0.558982;0.828121,-0.548463,0.111989,0.029368
0.838469,-0.441735,0.561626;0.826414,-0.550628,0.111666,0.0371309
0.838291,-0.430394,0.564059;0.824651,-0.552756,0.111336,0.0448914
0.838237,-0.418711,0.566252;0.822832,-0.554846,0.110998,0.0526487
0.838296,-0.408712,0.567877;0.821274,-0.55656,0.110711,0.0591105
0.838459,-0.398471,0.569301;0.819676,-0.558246,0.110419,0.0655695
0.838731,-0.387986,0.570508;0.81804,-0.559907,0.110121,0.0720254
0.839122,-0.377256,0.571483;0.816366,-0.561541,0.109819,0.0784779
0.839638,-0.366278,0.572209;0.814653,-0.563148,0.109511,0.0849266
0.840287,-0.355051,0.57267;0.812901,-0.564729,0.109198,0.0913714
0.841077,-0.343572,0.572852;0.811111,-0.566284,0.108879,0.0978119
0.842015,-0.331841,0.572737;0.809283,-0.567811,0.108556,0.104248
0.843109,-0.319854,0.572311;0.807416,-0.569312,0.108227,0.110679
0.844365,-0.307611,0.571557;0.805512,-0.570786,0.107894,0.117104
0.845493,-0.29763,0.570707;0.803961,-0.571946,0.107623,0.122241
0.846735,-0.287482,0.569628;0.802385,-0.573088,0.107349,0.127374
0.848093,-0.277167,0.568314;0.800786,-0.574213,0.107072,0.132503
0.849572,-0.266683,0.566756;0.799162,-0.575321,0.106792,0.137628
0.851176,-0.256029,0.564945;0.797514,-0.576411,0.106508,0.142749
0.852908,-0.245205,0.562874;0.795842,-0.577484,0.106221,0.147865
0.854773,-0.234209,0.560534;0.794146,-0.57854,0.105931,0.152978
0.856774,-0.223041,0.557917;0.792426,-0.579578,0.105638,0.158085
0.858916,-0.211699,0.555015;0.790682,-0.580598,0.105342,0.163188
0.861201,-0.200183,0.551821;0.788914,-0.581601,0.105042,0.168286
0.863635,-0.188492,0.548325;0.787123,-0.582587,0.10474,0.173378
0.86622,-0.176624,0.544521;0.785307,-0.583555,0.104434,0.178466
0.86896,-0.164578,0.540399;0.783468,-0.584505,0.104125,0.183548
0.871861,-0.152354,0.535951;0.781605,-0.585438,0.103813,0.188624
0.874143,-0.143069,0.532397;0.780193,-0.586125,0.103576,0.192428
0.876519,-0.133682,0.528652;0.778767,-0.586803,0.103338,0.196228
0.87899,-0.124193,0.524713;0.777328,-0.587471,0.103099,0.200025
0.881557,-0.114603,0.520575;0.775875,-0.588129,0.102857,0.203819
0.884223,-0.10491,0.516237;0.77441,-0.588777,0.102614,0.207609
0.886989,-0.0951135,0.511693;0.772931,-0.589415,0.102369,0.211396
0.889857,-0.085214,0.506941;0.771439,-0.590043,0.102122,0.215179
0.892828,-0.0752108,0.501978;0.769934,-0.590661,0.101874,0.218958
0.895904,-0.0651033,0.4968;0.768416,-0.591268,0.101624,0.222734
0.899087,-0.0548913,0.491404;0.766885,-0.591866,0.101372,0.226506
0.902378,-0.0445743,0.485785;0.765341,-0.592454,0.101118,0.230274
0.905778,-0.0341518,0.479941;0.763784,-0.593032,0.100863,0.234038
0.90929,-0.0236235,0.473869;0.762214,-0.593599,0.100606,0.237798
0.912915,-0.012989,0.467564;0.760631,-0.594157,0.100347,0.241555
0.916655,-0.00224778,0.461024;0.759035,-0.594704,0.100087,0.245307
0.920511,0.00860047,0.454245;0.757426,-0.595241,0.0998245,0.249055
0.924485,0.0195562,0.447224;0.755805,-0.595769,0.0995607,0.252798
0.928579,0.0306198,0.439957;0.75417,-0.596286,0.0992951,0.256538
0.932794,0.0417918,0.43244;0.752523,-0.596793,0.0990279,0.260272
0.937132,0.0530724,0.424671;0.750863,-0.597289,0.098759,0.264003
0.941594,0.0644622,0.416646;0.74919,-0.597776,0.0984884,0.267729
0.946182,0.0759615,0.408361;0.747504,-0.598252,0.0982161,0.271451
0.949312,0.0836888,0.402692;0.746373,-0.598564,0.0980337,0.273929
0.952499,0.091465,0.396905;0.745237,-0.598872,0.0978505,0.276405
0.955744,0.0992904,0.390999;0.744095,-0.599175,0.0976666,0.27888
0.959047,0.107165,0.384973;0.742947,-0.599473,0.0974819,0.281352
