0.748742,0.0572933,0.577582;0.398419,0.873793,-0.19667,-0.19766
0.75575,0.0556854,0.566129;0.39843,0.875161,-0.192494,-0.195685
0.76259,0.054268,0.554892;0.398431,0.87651,-0.188313,-0.193705
0.769263,0.0530389,0.543868;0.398423,0.877838,-0.184127,-0.191721
0.775772,0.0519956,0.533056;0.398406,0.879146,-0.179937,-0.189732
0.782116,0.0511357,0.522455;0.39838,0.880433,-0.175743,-0.187739
0.788299,0.0504567,0.512062;0.398344,0.8817,-0.171545,-0.185741
0.794322,0.0499562,0.501875;0.398299,0.882946,-0.167343,-0.18374
0.800186,0.0496318,0.491894;0.398245,0.884172,-0.163138,-0.181734
0.805892,0.049481,0.482116;0.398182,0.885377,-0.158928,-0.179723
0.811443,0.0495015,0.47254;0.39811,0.886562,-0.154714,-0.177709
0.816839,0.0496907,0.463163;0.398028,0.887726,-0.150497,-0.17569
0.822083,0.0500463,0.453985;0.397937,0.888869,-0.146277,-0.173668
0.827175,0.0505659,0.445003;0.397836,0.889992,-0.142053,-0.171641
0.832118,0.051247,0.436216;0.397727,0.891095,-0.137826,-0.16961
0.838479,0.0524021,0.424799;0.397567,0.892532,-0.132185,-0.166897
0.844579,0.0538343,0.413722;0.39739,0.893933,-0.126538,-0.164176
0.850424,0.0555377,0.402979;0.397196,0.895296,-0.120886,-0.161449
0.856017,0.0575068,0.392568;0.396987,0.896623,-0.11523,-0.158715
0.86136,0.0597356,0.382483;0.396761,0.897913,-0.109568,-0.155974
0.866459,0.0622184,0.37272;0.396519,0.899166,-0.103902,-0.153227
0.871316,0.0649495,0.363277;0.39626,0.900381,-0.0982314,-0.150474
0.875936,0.0679231,0.354147;0.395985,0.90156,-0.092557,-0.147714
0.880321,0.0711335,0.345328;0.395693,0.902701,-0.0868787,-0.144949
0.884476,0.0745749,0.336816;0.395386,0.903805,-0.0811968,-0.142177
0.889351,0.0791928,0.326599;0.394978,0.905132,-0.0740898,-0.138705
0.893878,0.0841513,0.316847;0.394545,0.906401,-0.066978,-0.135223
0.898066,0.0894393,0.307551;0.394086,0.907612,-0.0598619,-0.131732
0.90192,0.0950455,0.298704;0.393602,0.908764,-0.0527419,-0.128234
0.905448,0.100959,0.290297;0.393093,0.909857,-0.0456185,-0.124726
0.908658,0.107168,0.282322;0.392558,0.910892,-0.0384922,-0.121211
0.911556,0.113661,0.274771;0.391998,0.911868,-0.0313634,-0.117688
0.914149,0.120428,0.267637;0.391413,0.912785,-0.0242325,-0.114157
0.916869,0.128893,0.259614;0.390677,0.913808,-0.0156735,-0.109911
0.919173,0.137716,0.252165;0.389905,0.914746,-0.00711302,-0.105654
0.921072,0.146877,0.245277;0.389097,0.915599,0.00144811,-0.101388
0.922581,0.156357,0.238936;0.388252,0.916367,0.0100091,-0.097112
0.92371,0.166137,0.233127;0.387372,0.91705,0.0185692,-0.0928271
0.924472,0.176197,0.227838;0.386455,0.917648,0.0271275,-0.0885335
0.92488,0.186517,0.223054;0.385503,0.918161,0.0356834,-0.0842318
0.924945,0.19708,0.218761;0.384515,0.918588,0.0442359,-0.0799222
0.924681,0.207863,0.214947;0.383491,0.91893,0.0527843,-0.0756052
0.924098,0.21885,0.211596;0.382432,0.919187,0.0613278,-0.0712812
0.923211,0.230019,0.208695;0.381337,0.919358,0.0698656,-0.0669505
0.92203,0.241352,0.206231;0.380206,0.919444,0.0783969,-0.0626137
0.920568,0.252829,0.204189;0.379041,0.919444,0.086921,-0.058271
0.918838,0.264431,0.202556;0.37784,0.919359,0.0954369,-0.0539229
0.916852,0.276138,0.201318;0.376604,0.919189,0.103944,-0.0495698
0.91501,0.285961,0.200578;0.375547,0.918982,0.111026,-0.0459387
0.913006,0.295832,0.200095;0.374466,0.918715,0.118101,-0.0423046
0.910846,0.30574,0.199861;0.373361,0.91839,0.125168,-0.0386678
0.908539,0.315674,0.199867;0.372232,0.918005,0.132227,-0.0350285
0.90609,0.325622,0.200106;0.371079,0.91756,0.139277,-0.031387
0.903508,0.335574,0.200571;0.369902,0.917057,0.146319,-0.0277434
0.900799,0.345519,0.201251;0.368701,0.916495,0.153351,-0.024098
0.897971,0.355444,0.202141;0.367476,0.915873,0.160373,-0.0204511
0.89503,0.365339,0.203232;0.366227,0.915193,0.167385,-0.0168028
0.891984,0.375192,0.204516;0.364955,0.914453,0.174386,-0.0131535
0.888839,0.384993,0.205984;0.36366,0.913654,0.181376,-0.00950332
0.885604,0.394729,0.20763;0.362341,0.912797,0.188354,-0.00585252
0.882284,0.40439,0.209444;0.360998,0.91188,0.19532,-0.00220135
0.878888,0.413965,0.21142;0.359633,0.910905,0.202274,0.00144996
0.875422,0.423442,0.213548;0.358244,0.909871,0.209214,0.00510118
0.871894,0.43281,0.215821;0.356832,0.908778,0.216141,0.00875207
0.868309,0.442058,0.218232;0.355397,0.907627,0.223054,0.0124024
0.864677,0.451174,0.220772;0.353939,0.906417,0.229952,0.0160519
0.860649,0.461001,0.223694;0.352565,0.905731,0.234608,0.0175677
0.85689,0.469916,0.226514;0.35204,0.907212,0.230013,0.0113294
0.852148,0.48083,0.230195;0.351354,0.908983,0.224248,0.00353055
0.847363,0.491479,0.234039;0.350634,0.910666,0.218461,-0.00426861
0.842543,0.501852,0.238035;0.349879,0.91226,0.212653,-0.0120674
0.837693,0.511938,0.242174;0.34909,0.913764,0.206824,-0.0198649
0.832822,0.521726,0.246444;0.348267,0.91518,0.200976,-0.0276606
0.827936,0.531205,0.250837;0.34741,0.916506,0.195107,-0.0354535
0.823042,0.540366,0.255341;0.34652,0.917742,0.189219,-0.043243
0.818147,0.549196,0.259946;0.345595,0.918889,0.183313,-0.0510282
0.813258,0.557686,0.264643;0.344636,0.919946,0.177389,-0.0588085
0.808382,0.565824,0.269421;0.343644,0.920913,0.171448,-0.066583
0.803526,0.5736,0.27427;0.342618,0.92179,0.16549,-0.074351
0.798696,0.581002,0.27918;0.341559,0.922578,0.159515,-0.0821117
0.792946,0.589378,0.285136;0.340244,0.923404,0.152326,-0.091414
0.787255,0.597182,0.291148;0.338881,0.9241,0.145115,-0.100703
0.781638,0.604395,0.297197;0.337471,0.924666,0.137883,-0.109979
0.776104,0.611001,0.303266;0.336013,0.925101,0.130632,-0.119238
0.770667,0.616978,0.309337;0.334508,0.925407,0.123363,-0.128481
0.764462,0.623135,0.316399;0.332692,0.9256,0.11486,-0.139242
0.758423,0.628382,0.323411;0.330813,0.925615,0.106336,-0.149976
0.75257,0.632691,0.330346;0.32887,0.925453,0.0977909,-0.160681
0.746132,0.636429,0.33814;0.326573,0.925051,0.0880024,-0.172878
0.73999,0.638858,0.345756;0.324194,0.924417,0.0781919,-0.185031
0.733468,0.639972,0.354056;0.321422,0.923429,0.0671318,-0.198649
0.727397,0.639312,0.362017;0.318547,0.922148,0.0560505,-0.212203
0.721229,0.636419,0.370392;0.315235,0.920382,0.0437173,-0.227184
0.715722,0.631172,0.378192;0.311799,0.918257,0.031367,-0.242077
0.711377,0.624365,0.384653;0.308603,0.916038,0.0202411,-0.2554
0.707654,0.615518,0.390523;0.305309,0.913529,0.00910887,-0.268642
0.704898,0.60589,0.395196;0.302301,0.911056,-0.000789017,-0.280341
0.702938,0.596068,0.398831;0.299606,0.908705,-0.00944959,-0.290521
0.701419,0.584911,0.402011;0.296854,0.90618,-0.0181083,-0.300645
0.700482,0.574261,0.404355;0.294449,0.903878,-0.0255275,-0.309277
0.699895,0.562591,0.406328;0.292004,0.901449,-0.032943,-0.317865
0.699682,0.552071,0.407675;0.289934,0.899328,-0.0391191,-0.324988
0.699728,0.540819,0.408741;0.287837,0.897119,-0.0452913,-0.33208
0.700038,0.528822,0.409517;0.285711,0.894822,-0.0514592,-0.339138
0.700482,0.518682,0.409922;0.28399,0.892922,-0.0563899,-0.344762
0.701098,0.508126,0.410129;0.291198,0.892455,-0.0536641,-0.340364
0.701899,0.496949,0.410145;0.301311,0.8923,-0.0484558,-0.332663
0.702741,0.486792,0.410007;0.310114,0.892026,-0.0438911,-0.325873
0.703711,0.476299,0.409734;0.318871,0.891623,-0.03932,-0.319036
0.704806,0.465486,0.409331;0.327582,0.891091,-0.0347432,-0.312153
0.706023,0.454366,0.408806;0.336246,0.890431,-0.0301614,-0.305225
0.707357,0.442955,0.408164;0.344862,0.889641,-0.0255753,-0.298253
0.708591,0.432953,0.407526;0.352207,0.888863,-0.0216413,-0.292242
0.709908,0.422758,0.406811;0.359514,0.88799,-0.0177051,-0.2862
0.711304,0.412377,0.406024;0.366784,0.887022,-0.013767,-0.280128
0.712778,0.401822,0.405167;0.374014,0.885961,-0.00982737,-0.274027
0.714326,0.391101,0.404246;0.381205,0.884805,-0.00588673,-0.267896
0.715948,0.380224,0.403264;0.388355,0.883556,-0.00194548,-0.261737
0.717641,0.369199,0.402225;0.395464,0.882212,0.00199599,-0.255549
0.719403,0.358036,0.401133;0.402531,0.880775,0.00593724,-0.249335
0.721231,0.346745,0.399992;0.409556,0.879245,0.00987787,-0.243095
0.723123,0.335335,0.398807;0.416537,0.877621,0.0138174,-0.236828
0.725078,0.323815,0.397581;0.423473,0.875904,0.0177556,-0.230537
0.727092,0.312195,0.396318;0.430365,0.874094,0.0216918,-0.22422
0.729165,0.300484,0.395022;0.437211,0.872191,0.0256257,-0.217881
0.730934,0.290661,0.39392;0.442881,0.870535,0.0289019,-0.21258
0.732741,0.280788,0.392801;0.448518,0.868814,0.032176,-0.207263
0.734584,0.270868,0.391666;0.454122,0.86703,0.0354477,-0.201931
0.736462,0.260908,0.390518;0.459692,0.865181,0.0387168,-0.196584
0.738373,0.250912,0.389359;0.465229,0.863269,0.041983,-0.191223
0.740317,0.240887,0.388192;0.470731,0.861293,0.0452462,-0.185848
0.742291,0.230837,0.387019;0.476198,0.859254,0.048506,-0.180459
0.744295,0.220769,0.385842;0.481631,0.857151,0.0517622,-0.175056
0.746328,0.210687,0.384664;0.487028,0.854985,0.0550146,-0.169641
0.748388,0.200597,0.383487;0.492389,0.852756,0.058263,-0.164213
0.750474,0.190504,0.382312;0.497713,0.850464,0.061507,-0.158773
0.752585,0.180414,0.381144;0.503001,0.84811,0.0647466,-0.153322
0.754719,0.170332,0.379983;0.508252,0.845692,0.0679813,-0.147859
0.756875,0.160263,0.378832;0.513466,0.843213,0.0712111,-0.142385
0.759053,0.150213,0.377694;0.518642,0.840671,0.0744355,-0.136901
0.761249,0.140188,0.37657;0.523779,0.838068,0.0776546,-0.131406
0.763465,0.130192,0.375464;0.528878,0.835403,0.0808678,-0.125902
0.765697,0.120231,0.374377;0.533937,0.832676,0.0840752,-0.120389
0.767945,0.110311,0.373312;0.538958,0.829887,0.0872763,-0.114867
0.770208,0.100437,0.372271;0.543939,0.827038,0.090471,-0.109336
0.772484,0.0906143,0.371256;0.548879,0.824127,0.093659,-0.103797
0.774772,0.0808482,0.370271;0.553779,0.821156,0.0968401,-0.0982509
0.777071,0.0711442,0.369316;0.558639,0.818124,0.100014,-0.0926973
0.779842,0.059589,0.368214;0.564415,0.814407,0.103813,-0.0860239
0.782624,0.0481404,0.367164;0.570132,0.810602,0.107601,-0.0793414
0.785416,0.0368078,0.366171;0.575788,0.806712,0.111378,-0.0726505
0.788215,0.0256005,0.365237;0.581384,0.802736,0.115142,-0.0659519
0.791019,0.0145277,0.364367;0.586917,0.798675,0.118895,-0.0592462
0.793826,0.00359896,0.363566;0.592388,0.794529,0.122635,-0.0525343
0.796633,-0.0071765,0.362836;0.597797,0.790299,0.126362,-0.0458168
0.799439,-0.0177893,0.362183;0.603141,0.785985,0.130075,-0.0390944
0.802241,-0.0282302,0.36161;0.608422,0.781588,0.133775,-0.0323679
0.805037,-0.0384897,0.36112;0.613638,0.777107,0.13746,-0.025638
0.807824,-0.0485585,0.360719;0.618789,0.772544,0.141131,-0.0189053
0.810602,-0.0584274,0.36041;0.623875,0.767899,0.144787,-0.0121706
0.813367,-0.0680869,0.360197;0.628894,0.763172,0.148428,-0.00543465
0.816574,-0.0790793,0.360075;0.634665,0.757556,0.152655,0.00242466
0.819757,-0.0897592,0.360096;0.640345,0.75183,0.15686,0.0102836
0.822914,-0.100112,0.360266;0.645932,0.745995,0.161043,0.0181411
0.82604,-0.110122,0.360591;0.651425,0.740052,0.165202,0.0259959
0.829132,-0.119776,0.361078;0.656825,0.734003,0.169338,0.033847
0.832619,-0.130352,0.361841;0.66288,0.726959,0.174034,0.0428137
0.836053,-0.140421,0.362832;0.668809,0.719779,0.178697,0.0517722
0.839428,-0.149959,0.364062;0.674613,0.712462,0.183327,0.060721
0.843147,-0.160029,0.365743;0.680989,0.70407,0.188494,0.0707746
0.846777,-0.169369,0.367751;0.687203,0.69551,0.193616,0.0808113
0.850698,-0.178852,0.370382;0.693915,0.685804,0.199253,0.0919404
0.854861,-0.188145,0.373785;0.701061,0.674895,0.205385,0.104151
0.859209,-0.196858,0.378133;0.708572,0.662718,0.211992,0.117429
0.863671,-0.204535,0.383628;0.716369,0.64921,0.219047,0.131757
0.868164,-0.210646,0.390503;0.724366,0.634301,0.226523,0.147114
0.872586,-0.214581,0.399027;0.732471,0.617921,0.234387,0.163473
0.876484,-0.215683,0.408569;0.72506,0.623301,0.238257,0.170342
0.879583,-0.214388,0.418019;0.699313,0.653887,0.236878,0.16517
0.882226,-0.211302,0.427761;0.673871,0.681883,0.235217,0.160022
0.884346,-0.207127,0.437009;0.650428,0.705933,0.233452,0.15525
0.886149,-0.202057,0.446137;0.627768,0.727741,0.231552,0.150613
0.887676,-0.196371,0.455023;0.606044,0.74743,0.229567,0.146147
0.888967,-0.190311,0.463561;0.585391,0.765121,0.227542,0.141885
0.890054,-0.184085,0.471664;0.565932,0.780934,0.225519,0.137854
0.891045,-0.177284,0.479962;0.546105,0.796241,0.22335,0.133734
0.891873,-0.170572,0.48772;0.527618,0.809818,0.221234,0.129881
0.892627,-0.163427,0.495608;0.508844,0.822954,0.218997,0.125957
0.893251,-0.156577,0.502879;0.491535,0.834506,0.21686,0.12233
0.893819,-0.149407,0.510233;0.474005,0.845682,0.214626,0.118649
0.894335,-0.141935,0.517658;0.456261,0.856476,0.212294,0.114913
0.894799,-0.134179,0.525143;0.438311,0.866885,0.209867,0.111126
0.895215,-0.126158,0.532676;0.420164,0.876903,0.207345,0.107289
0.89555,-0.118727,0.539487;0.40367,0.885581,0.204996,0.103794
0.895849,-0.111108,0.54632;0.387028,0.893936,0.202572,0.100261
0.896115,-0.103316,0.553164;0.370245,0.901965,0.200073,0.0966913
0.896349,-0.0953619,0.560013;0.353326,0.909664,0.197502,0.0930865
0.896552,-0.0872602,0.566858;0.336279,0.917031,0.194858,0.0894477
0.896728,-0.0790237,0.57369;0.319108,0.924063,0.192144,0.0857763
0.896877,-0.0706656,0.5805;0.301822,0.930758,0.189359,0.0820735
0.897001,-0.062199,0.587281;0.284425,0.937113,0.186505,0.0783408
0.897102,-0.0536371,0.594023;0.266924,0.943126,0.183583,0.0745795
0.897182,-0.0449931,0.600719;0.249326,0.948795,0.180594,0.070791
0.897243,-0.03628,0.607359;0.231636,0.954117,0.177539,0.0669766
0.897286,-0.027511,0.613936;0.213863,0.95909,0.174419,0.0631377
0.897314,-0.0186993,0.620441;0.196011,0.963714,0.171236,0.0592758
0.897327,-0.00985803,0.626864;0.178087,0.967986,0.16799,0.0553923
0.897328,-0.00100032,0.633199;0.160098,0.971904,0.164682,0.0514885
0.897319,0.00786068,0.639436;0.142051,0.975467,0.161315,0.0475659
0.897301,0.0167118,0.645567;0.123953,0.978674,0.157888,0.043626
0.897276,0.0255399,0.651583;0.105809,0.981524,0.154404,0.0396702
0.897246,0.0343319,0.657476;0.0876257,0.984016,0.150864,0.0356998
0.897213,0.0430745,0.663238;0.069411,0.986148,0.147268,0.0317164
0.897178,0.0517547,0.66886;0.0511709,0.98792,0.143619,0.0277215
0.897144,0.0603592,0.674333;0.0329121,0.989332,0.139918,0.0237164
0.897112,0.068875,0.679649;0.0146413,0.990382,0.136165,0.0197026
0.897081,0.0782169,0.685361;-0.00566551,0.991125,0.131937,0.0152345
0.897057,0.087415,0.690858;-0.0259698,0.991421,0.127649,0.0107596
0.897042,0.0964512,0.696127;-0.0462624,0.99127,0.123304,0.00627978
0.89704,0.105307,0.701156;-0.0665342,0.990672,0.118904,0.00179715
0.897055,0.11482,0.706399;-0.0887981,0.989499,0.114001,-0.00313461
0.89709,0.124069,0.711323;-0.111014,0.987786,0.109037,-0.00806466
0.89715,0.13303,0.715912;-0.133169,0.985535,0.104012,-0.0129903
0.897246,0.14245,0.720519;-0.157254,0.982465,0.0984669,-0.0183556
0.897392,0.152201,0.725016;-0.183232,0.978421,0.0923873,-0.0241544
0.897587,0.16144,0.728976;-0.209069,0.973631,0.0862373,-0.0299348
0.897858,0.170772,0.732609;-0.236716,0.967643,0.0795409,-0.0361342
0.898253,0.180592,0.735921;-0.268054,0.959754,0.0718022,-0.0431799
0.898818,0.190473,0.738517;-0.302939,0.949555,0.0629975,-0.0510463
0.899702,0.200723,0.73997;-0.344969,0.935208,0.0521126,-0.0605584
0.901175,0.210577,0.738901;-0.397362,0.914002,0.0380979,-0.072471
0.903723,0.217399,0.732336;-0.462637,0.882004,0.0198882,-0.0874052
0.906381,0.217584,0.722462;-0.513272,0.852473,0.00512973,-0.0990683
0.908563,0.2147,0.713108;-0.547071,0.830218,-0.00506321,-0.106896
0.910555,0.210459,0.703928;-0.542487,0.832993,-0.000686215,-0.108767
0.912472,0.205343,0.694653;-0.534767,0.837808,0.00463284,-0.109913
0.914164,0.200175,0.686158;-0.528287,0.841749,0.00906501,-0.110858
0.915932,0.194241,0.677006;-0.521766,0.845624,0.0134965,-0.111794
0.917763,0.187594,0.667237;-0.515205,0.849433,0.0179269,-0.112722
0.919267,0.1818,0.659004;-0.509927,0.852432,0.0214702,-0.113458
0.9208,0.175612,0.650421;-0.504623,0.855389,0.0250125,-0.114188
0.922356,0.169057,0.641508;-0.499295,0.858303,0.0285535,-0.114912
0.92393,0.162163,0.632285;-0.493941,0.861175,0.0320931,-0.115631
0.925516,0.154958,0.622771;-0.488562,0.864003,0.0356311,-0.116344
0.927109,0.147468,0.612988;-0.48316,0.866788,0.0391673,-0.117051
0.928703,0.139721,0.602953;-0.477733,0.86953,0.0427015,-0.117752
0.930294,0.131744,0.592689;-0.472282,0.872228,0.0462337,-0.118448
0.93148,0.125628,0.584851;-0.468178,0.874224,0.0488812,-0.118965
0.93266,0.11941,0.576904;-0.464061,0.876194,0.0515275,-0.11948
0.933829,0.113101,0.568854;-0.459932,0.87814,0.0541722,-0.119991
0.934985,0.106713,0.560712;-0.455789,0.880062,0.0568155,-0.120498
0.936128,0.100257,0.552485;-0.451633,0.881958,0.0594571,-0.121002
0.937253,0.0937464,0.544181;-0.447465,0.88383,0.0620971,-0.121503
0.938359,0.0871912,0.53581;-0.443284,0.885677,0.0647353,-0.122001
0.939443,0.0806033,0.527379;-0.439091,0.887499,0.0673717,-0.122495
0.940504,0.0739944,0.518897;-0.434886,0.889297,0.0700062,-0.122985
0.941538,0.067376,0.510372;-0.430668,0.891069,0.0726388,-0.123472
0.942544,0.0607596,0.501813;-0.426438,0.892816,0.0752693,-0.123956
0.943519,0.054157,0.493228;-0.422196,0.894538,0.0778977,-0.124436
0.944461,0.0475796,0.484626;-0.417942,0.896235,0.0805239,-0.124913
0.945368,0.041039,0.476014;-0.413677,0.897907,0.0831478,-0.125386
0.946237,0.0345467,0.467402;-0.4094,0.899553,0.0857694,-0.125855
0.947066,0.0281145,0.458797;-0.405111,0.901174,0.0883886,-0.126321
0.947853,0.0217537,0.450209;-0.400811,0.90277,0.0910053,-0.126784
0.948595,0.0154761,0.441645;-0.3965,0.904341,0.0936195,-0.127243
0.94929,0.0092931,0.433115;-0.392177,0.905886,0.096231,-0.127698
0.949936,0.00321639,0.424625;-0.387844,0.907406,0.0988398,-0.12815
0.95053,-0.0027425,0.416186;-0.3835,0.9089,0.101446,-0.128598
0.951071,-0.00857199,0.407804;-0.379145,0.910369,0.104049,-0.129043
0.951555,-0.0142605,0.399489;-0.374779,0.911812,0.106649,-0.129484
0.95211,-0.0216059,0.388521;-0.368941,0.913696,0.110112,-0.130066
0.952554,-0.0286527,0.377706;-0.363086,0.915535,0.113569,-0.130642
0.952885,-0.0353734,0.367065;-0.357212,0.917328,0.11702,-0.131211
0.953094,-0.0417406,0.356616;-0.35132,0.919075,0.120465,-0.131773
0.953178,-0.0477269,0.346381;-0.345411,0.920776,0.123904,-0.13233
0.953131,-0.0533048,0.336379;-0.339484,0.922431,0.127337,-0.132879
0.952946,-0.058447,0.326629;-0.333541,0.92404,0.130764,-0.133422
0.95262,-0.0631259,0.317153;-0.32758,0.925603,0.134184,-0.133958
0.952145,-0.0673141,0.307969;-0.321604,0.92712,0.137598,-0.134487
0.951337,-0.0718176,0.296932;-0.314111,0.92895,0.141855,-0.13514
0.950278,-0.0754581,0.286422;-0.306593,0.930709,0.146101,-0.135782
0.948958,-0.0781818,0.276479;-0.299051,0.932394,0.150336,-0.136413
0.947015,-0.0801648,0.26535;-0.28997,0.934321,0.155402,-0.137156
0.944663,-0.080658,0.255161;-0.280857,0.936142,0.160451,-0.137885
0.941376,-0.079227,0.24455;-0.270185,0.938135,0.166318,-0.138714
0.937478,-0.0754952,0.235415;-0.259471,0.939983,0.17216,-0.139523
0.932939,-0.0693156,0.227865;-0.248718,0.941688,0.177976,-0.14031
0.928516,-0.061959,0.222734;-0.239471,0.943035,0.182939,-0.140968
0.923582,-0.0526034,0.218913;-0.230197,0.944276,0.187882,-0.14161
0.919067,-0.0432133,0.216777;-0.222448,0.945229,0.191984,-0.142132
0.914174,-0.0323171,0.215636;-0.214683,0.946108,0.196072,-0.142644
0.909979,-0.0224797,0.215466;-0.208458,0.946758,0.199331,-0.143045
0.905531,-0.0116167,0.215977;-0.202223,0.947361,0.20258,-0.143439
0.900822,0.000299311,0.21719;-0.195978,0.947916,0.205819,-0.143826
0.897117,0.00994391,0.218572;-0.191287,0.948302,0.208242,-0.144112
0.89326,0.0202079,0.220368;-0.186592,0.948661,0.210659,-0.144393
0.889249,0.0311027,0.222586;-0.181891,0.948993,0.21307,-0.144671
0.885082,0.0426401,0.225236;-0.177185,0.949298,0.215474,-0.144944
0.880756,0.0548315,0.228326;-0.172474,0.949577,0.217873,-0.145213
0.87627,0.0676886,0.231863;-0.167758,0.94983,0.220266,-0.145479
0.87162,0.0812229,0.235856;-0.163037,0.950055,0.222652,-0.14574
0.868429,0.0906277,0.238776;-0.159888,0.950191,0.22424,-0.145911
0.865163,0.100342,0.241905;-0.156736,0.950314,0.225824,-0.146081
0.861823,0.110369,0.245245;-0.153583,0.950426,0.227406,-0.14625
0.858406,0.120713,0.2488;-0.150427,0.950526,0.228985,-0.146416
0.854914,0.131377,0.25257;-0.14727,0.950614,0.230562,-0.14658
0.851345,0.142364,0.25656;-0.144111,0.95069,0.232135,-0.146743
0.847698,0.153677,0.260772;-0.14095,0.950755,0.233705,-0.146904
0.843972,0.165321,0.265207;-0.137787,0.950807,0.235273,-0.147063
0.840168,0.177298,0.269869;-0.134622,0.950848,0.236837,-0.14722
0.836284,0.189613,0.274759;-0.131456,0.950876,0.238399,-0.147375
0.83232,0.202267,0.279881;-0.128288,0.950893,0.239957,-0.147529
0.828274,0.215266,0.285237;-0.125119,0.950898,0.241513,-0.14768
0.824147,0.228612,0.29083;-0.121948,0.950891,0.243066,-0.14783
