0.812973,-0.52756,0.42382;0.634059,0.749144,0.18148,-0.0617936
0.814421,-0.511048,0.425236;0.633497,0.750073,0.180193,-0.060022
0.815872,-0.494736,0.426611;0.632931,0.750998,0.178905,-0.05825
0.817327,-0.478623,0.427947;0.632362,0.751919,0.177616,-0.0564778
0.818786,-0.462709,0.429243;0.631788,0.752835,0.176326,-0.0547051
0.820249,-0.446992,0.4305;0.631211,0.753746,0.175035,-0.0529322
0.821716,-0.431472,0.431718;0.63063,0.754653,0.173743,-0.0511589
0.823187,-0.416147,0.432897;0.630046,0.755556,0.17245,-0.0493853
0.824661,-0.401016,0.434038;0.629457,0.756454,0.171156,-0.0476114
0.826138,-0.386079,0.435141;0.628865,0.757347,0.169861,-0.0458373
0.827619,-0.371333,0.436206;0.628269,0.758236,0.168565,-0.0440628
0.829104,-0.356779,0.437233;0.627669,0.759121,0.167267,-0.0422881
0.830591,-0.342414,0.438223;0.627066,0.760001,0.165969,-0.0405132
0.832082,-0.328239,0.439176;0.626459,0.760876,0.16467,-0.038738
0.833575,-0.314251,0.440092;0.625848,0.761747,0.16337,-0.0369626
0.835072,-0.300451,0.440972;0.625233,0.762613,0.162069,-0.0351869
0.836571,-0.286836,0.441815;0.624615,0.763475,0.160767,-0.0334111
0.838073,-0.273406,0.442623;0.623993,0.764332,0.159464,-0.031635
0.839578,-0.26016,0.443394;0.623367,0.765185,0.15816,-0.0298588
0.841085,-0.247097,0.444131;0.622737,0.766033,0.156855,-0.0280823
0.842595,-0.234215,0.444832;0.622104,0.766876,0.155549,-0.0263057
0.844107,-0.221513,0.445498;0.621467,0.767715,0.154242,-0.024529
0.845621,-0.208992,0.44613;0.620826,0.768549,0.152934,-0.0227521
0.847138,-0.196648,0.446727;0.620182,0.769379,0.151626,-0.0209751
0.848656,-0.184482,0.44729;0.619534,0.770204,0.150316,-0.0191979
0.850177,-0.172493,0.447819;0.618882,0.771025,0.149006,-0.0174207
0.851699,-0.160679,0.448315;0.618226,0.771841,0.147694,-0.0156433
0.853224,-0.149039,0.448778;0.617567,0.772652,0.146382,-0.0138658
0.85475,-0.137572,0.449207;0.616904,0.773459,0.145069,-0.0120883
0.856278,-0.126277,0.449604;0.616238,0.774261,0.143755,-0.0103106
0.857807,-0.115154,0.449969;0.615567,0.775058,0.14244,-0.00853295
0.859337,-0.104201,0.450301;0.614893,0.775851,0.141125,-0.00675522
0.860869,-0.0934161,0.450601;0.614216,0.776639,0.139808,-0.00497744
0.862403,-0.0827997,0.45087;0.613534,0.777422,0.138491,-0.00319964
0.863937,-0.0723502,0.451107;0.612849,0.778201,0.137173,-0.00142181
0.865472,-0.0620666,0.451313;0.612161,0.778976,0.135854,0.000356019
0.867009,-0.0519477,0.451488;0.611469,0.779745,0.134534,0.00213385
0.868546,-0.0419926,0.451633;0.610773,0.78051,0.133213,0.00391167
0.870854,-0.0273647,0.451793;0.609722,0.781649,0.131231,0.00657835
0.873163,-0.0130994,0.451886;0.608663,0.782777,0.129247,0.00924494
0.875473,0.000807024,0.451913;0.607596,0.783894,0.127261,0.0119114
0.877783,0.014358,0.451874;0.60652,0.785001,0.125273,0.0145777
0.880095,0.027557,0.451771;0.605437,0.786098,0.123284,0.0172438
0.882407,0.0404078,0.451604;0.604345,0.787184,0.121293,0.0199097
0.884718,0.0529137,0.451374;0.603246,0.788259,0.1193,0.0225753
0.887029,0.0650784,0.451082;0.602138,0.789324,0.117306,0.0252406
0.88934,0.0769054,0.45073;0.601022,0.790378,0.11531,0.0279056
0.891649,0.0883983,0.450318;0.599898,0.791422,0.113313,0.0305702
0.893957,0.0995605,0.449846;0.598766,0.792454,0.111314,0.0332344
0.896263,0.110396,0.449317;0.597626,0.793477,0.109314,0.0358981
0.898568,0.120907,0.44873;0.596478,0.794488,0.107312,0.0385614
0.90087,0.131099,0.448086;0.595322,0.795489,0.105309,0.0412241
0.903169,0.140975,0.447388;0.594157,0.796479,0.103304,0.0438863
0.90623,0.153656,0.446372;0.592593,0.797783,0.100629,0.0474349
0.909286,0.165789,0.445261;0.591014,0.799067,0.0979515,0.0509824
0.912335,0.177383,0.444057;0.589421,0.800333,0.0952717,0.0545287
0.915376,0.188446,0.442763;0.587814,0.801579,0.0925896,0.0580737
0.918409,0.198987,0.441381;0.586193,0.802806,0.0899053,0.0616173
0.921433,0.209013,0.439913;0.584558,0.804014,0.0872189,0.0651595
0.924448,0.218534,0.43836;0.582909,0.805203,0.0845304,0.0687001
0.928202,0.229736,0.436305;0.580828,0.806662,0.0811669,0.0731235
0.931937,0.240178,0.434126;0.578725,0.808091,0.0778004,0.0775441
0.935654,0.249876,0.431828;0.576601,0.809489,0.074431,0.0819619
0.940087,0.260554,0.428919;0.574024,0.811128,0.0703841,0.0872592
0.944488,0.270212,0.425851;0.571416,0.812723,0.0663333,0.0925518
0.948854,0.278879,0.422632;0.568777,0.814274,0.062279,0.0978394
0.953901,0.287776,0.418695;0.565659,0.816028,0.0575448,0.104002
0.958893,0.295408,0.414573;0.5625,0.817723,0.0528064,0.110156
0.964527,0.302638,0.409652;0.55884,0.819586,0.0473863,0.11718
0.970766,0.308951,0.403867;0.554658,0.821589,0.0412833,0.125069
0.977566,0.313815,0.39716;0.549933,0.823697,0.0344964,0.133816
0.984215,0.316544,0.390191;0.545125,0.825683,0.0277043,0.142543
0.991341,0.317236,0.382264;0.539743,0.827725,0.0202283,0.152118
0.998255,0.315678,0.374106;0.534264,0.829617,0.0127487,0.161666
1.00434,0.312456,0.366527;0.529198,0.831207,0.00594696,0.170321
1.01023,0.30765,0.358829;0.524054,0.832673,-0.000855655,0.17895
1.01536,0.30208,0.351825;0.519357,0.833886,-0.00697793,0.186693
1.0203,0.295429,0.344777;0.514597,0.834998,-0.0130994,0.194414
1.02453,0.288688,0.338494;0.510314,0.835901,-0.0185393,0.201257
1.02861,0.281236,0.332211;0.505982,0.836725,-0.0239775,0.208081
1.03253,0.27314,0.325947;0.501602,0.837469,-0.0294134,0.214885
1.03629,0.264469,0.319719;0.497174,0.838133,-0.0348465,0.221669
1.0395,0.256275,0.31419;0.511568,0.829756,-0.0293217,0.221232
1.04265,0.247485,0.308577;0.529711,0.819026,-0.0215955,0.219399
1.04538,0.239168,0.303524;0.545973,0.808911,-0.0145621,0.217635
1.04798,0.23056,0.298523;0.562005,0.798456,-0.00752262,0.215781
1.05045,0.221679,0.29358;0.577802,0.787667,-0.000479952,0.213836
1.05279,0.212543,0.288699;0.593356,0.776547,0.00656291,0.211801
1.05499,0.203171,0.283884;0.608662,0.765102,0.013603,0.209677
1.05705,0.193581,0.279141;0.623712,0.753336,0.0206374,0.207466
1.05898,0.183792,0.274474;0.638501,0.741254,0.0276632,0.205167
1.06059,0.174827,0.270343;0.651582,0.730115,0.0339765,0.203025
1.06208,0.165729,0.26628;0.664442,0.718727,0.0402783,0.200814
1.06345,0.15651,0.26229;0.677076,0.707095,0.0465665,0.198535
1.0647,0.147186,0.258376;0.68948,0.695223,0.0528388,0.196188
1.06583,0.137768,0.254541;0.70165,0.683115,0.0590931,0.193774
1.06683,0.128271,0.250789;0.713582,0.670775,0.0653274,0.191295
1.06771,0.118708,0.247123;0.725271,0.658207,0.0715395,0.188751
1.06846,0.109093,0.243546;0.736714,0.645416,0.0777273,0.186142
1.06907,0.0994378,0.240063;0.747907,0.632405,0.0838887,0.183471
1.06956,0.0897571,0.236675;0.758846,0.61918,0.0900216,0.180737
1.06991,0.080064,0.233388;0.769527,0.605744,0.096124,0.177942
1.07012,0.0703719,0.230204;0.779946,0.592102,0.102194,0.175086
1.0702,0.0606942,0.227126;0.790101,0.57826,0.108229,0.172171
1.07013,0.0510444,0.224159;0.799987,0.564221,0.114227,0.169197
1.06993,0.0414358,0.221305;0.809602,0.54999,0.120186,0.166166
1.06953,0.0308243,0.218272;0.819962,0.533959,0.12676,0.162732
1.06896,0.0202988,0.215388;0.829979,0.517704,0.13328,0.15923
1.0682,0.00987759,0.212657;0.839647,0.501233,0.139745,0.155661
1.06725,-0.000420899,0.210085;0.848963,0.484551,0.146151,0.152026
1.06612,-0.0105783,0.207677;0.857924,0.467666,0.152495,0.148328
1.0648,-0.0205761,0.205436;0.866524,0.450584,0.158776,0.144568
1.06329,-0.0303959,0.203369;0.874761,0.433314,0.16499,0.140747
1.0614,-0.0409703,0.201299;0.883398,0.414107,0.171746,0.136476
1.05927,-0.0512826,0.199451;0.891587,0.394691,0.178414,0.132135
1.0569,-0.0613083,0.197829;0.899324,0.375073,0.184992,0.127728
1.05428,-0.0710229,0.196442;0.906604,0.355266,0.191476,0.123256
1.05114,-0.0812372,0.195201;0.914021,0.333453,0.198439,0.118306
1.04769,-0.0910202,0.194255;0.920887,0.311438,0.205282,0.113284
1.04395,-0.10034,0.19361;0.927196,0.289235,0.212,0.108194
1.03954,-0.109878,0.19326;0.933399,0.264985,0.219135,0.102607
1.03476,-0.118794,0.193285;0.938941,0.240548,0.226113,0.0969464
1.02919,-0.127655,0.193742;0.944165,0.214041,0.23345,0.0907739
1.02318,-0.135699,0.194657;0.948613,0.187357,0.240594,0.0845268
1.01625,-0.143352,0.196162;0.952514,0.158598,0.248029,0.0777566
1.00879,-0.149946,0.198223;0.955515,0.129689,0.255231,0.070913
1.00079,-0.15542,0.200858;0.957616,0.100657,0.262191,0.0640025
0.992121,-0.159768,0.204137;0.960205,0.0765283,0.263041,0.0544044
0.983024,-0.162832,0.20797;0.967362,0.0745332,0.239679,0.0347786
0.973448,-0.164711,0.212358;0.973565,0.0724647,0.216081,0.0151184
0.964134,-0.165438,0.21692;0.978489,0.0704696,0.193863,-0.00324488
0.955202,-0.16526,0.221527;0.982308,0.0685627,0.173083,-0.0202944
0.946039,-0.164292,0.226464;0.9854,0.066605,0.152174,-0.0373288
0.93741,-0.162723,0.231292;0.987606,0.0647542,0.132774,-0.0530287
0.928649,-0.160532,0.236358;0.989189,0.0628624,0.11329,-0.0686951
0.919787,-0.157741,0.24164;0.990147,0.060931,0.0937338,-0.0843181
0.911602,-0.154677,0.246654;0.990477,0.0591267,0.0757553,-0.0985927
0.903381,-0.151149,0.251816;0.990281,0.057291,0.0577367,-0.112815
0.89515,-0.147175,0.257109;0.98956,0.055425,0.0396875,-0.126978
0.886932,-0.142774,0.262518;0.988315,0.0535295,0.0216172,-0.141073
0.878751,-0.137964,0.268025;0.986545,0.0516057,0.00353547,-0.155093
0.871366,-0.133253,0.273104;0.984482,0.049833,-0.0129044,-0.167768
0.86405,-0.128233,0.278239;0.981987,0.0480384,-0.0293385,-0.180369
0.856821,-0.122918,0.283418;0.979062,0.0462228,-0.0457598,-0.192891
0.849696,-0.117323,0.288629;0.975708,0.044387,-0.0621611,-0.205328
0.842694,-0.111461,0.293859;0.971926,0.0425316,-0.0785351,-0.217675
0.835832,-0.105347,0.299096;0.967719,0.0406577,-0.0948747,-0.229927
0.829129,-0.0989942,0.304328;0.963087,0.0387659,-0.111173,-0.242079
0.822603,-0.0924166,0.309543;0.958033,0.0368571,-0.127422,-0.254124
0.816271,-0.0856283,0.314728;0.952559,0.0349322,-0.143615,-0.266058
0.810152,-0.0786433,0.319872;0.946667,0.0329919,-0.159746,-0.277875
0.804264,-0.0714754,0.324961;0.940361,0.0310372,-0.175806,-0.28957
0.798624,-0.0641387,0.329984;0.933642,0.0290689,-0.19179,-0.301138
0.793251,-0.0566471,0.334929;0.926514,0.0270879,-0.207689,-0.312575
0.788163,-0.0490146,0.339782;0.91898,0.0250949,-0.223497,-0.323874
0.783378,-0.0412551,0.344533;0.911043,0.023091,-0.239208,-0.335032
0.778913,-0.0333826,0.349169;0.902707,0.021077,-0.254813,-0.346042
0.774787,-0.0254111,0.353677;0.893976,0.0190537,-0.270307,-0.356901
0.770661,-0.0165447,0.358474;0.883918,0.0168185,-0.287213,-0.368665
0.766991,-0.00759387,0.363086;0.873392,0.0145743,-0.303967,-0.380234
0.763801,0.00142271,0.367497;0.862403,0.0123225,-0.320559,-0.3916
0.761114,0.0104865,0.371689;0.850956,0.0100641,-0.336982,-0.40276
0.758955,0.0195789,0.375647;0.839058,0.00780032,-0.353226,-0.413705
0.75723,0.0295087,0.379679;0.825571,0.00532611,-0.370732,-0.425395
0.756192,0.0394264,0.383392;0.811563,0.00284853,-0.388005,-0.436817
0.755873,0.0493078,0.386764;0.797043,0.00036916,-0.405033,-0.447963
0.756304,0.0591287,0.389775;0.78202,-0.00211045,-0.421805,-0.458826
0.757516,0.0688652,0.392404;0.766503,-0.00458872,-0.438311,-0.469399
0.759539,0.0784929,0.394628;0.750502,-0.0070641,-0.45454,-0.479677
0.762406,0.0879879,0.396428;0.734028,-0.00953502,-0.470482,-0.489651
0.766108,0.0972375,0.39777;0.717255,-0.0119764,-0.485979,-0.499226
0.770854,0.10662,0.398685;0.727732,0.0170208,-0.482712,-0.486935
0.776085,0.1152,0.399118;0.73678,0.0440684,-0.479178,-0.474975
0.782039,0.123605,0.399168;0.745114,0.0710733,-0.47518,-0.462555
0.788665,0.13183,0.398852;0.752727,0.0980093,-0.470721,-0.449687
0.795375,0.139302,0.398252;0.759142,0.122937,-0.466173,-0.437347
0.802579,0.146611,0.397371;0.764924,0.147762,-0.461235,-0.424642
0.810238,0.153753,0.396226;0.770066,0.172463,-0.455911,-0.411582
0.818312,0.160725,0.394834;0.774565,0.19702,-0.450207,-0.398178
0.826096,0.167005,0.393344;0.778144,0.219543,-0.444607,-0.38551
0.834167,0.173133,0.391669;0.781168,0.241909,-0.438691,-0.372567
0.842492,0.179107,0.389824;0.783637,0.264103,-0.432463,-0.359359
0.85104,0.184922,0.38782;0.785547,0.28611,-0.425926,-0.345895
0.859778,0.190577,0.38567;0.786899,0.307912,-0.419087,-0.332185
0.868675,0.196067,0.383388;0.78769,0.329495,-0.411949,-0.318239
0.877699,0.201391,0.380986;0.78792,0.350844,-0.404518,-0.304066
0.886818,0.206545,0.378478;0.787589,0.371943,-0.396799,-0.289676
0.896001,0.211525,0.375875;0.786698,0.392777,-0.388797,-0.275081
0.905214,0.21633,0.37319;0.785247,0.413331,-0.380519,-0.260289
0.914427,0.220956,0.370438;0.783237,0.433591,-0.371969,-0.245312
0.923607,0.225399,0.367629;0.780669,0.453543,-0.363155,-0.23016
0.932723,0.229658,0.364778;0.777545,0.473171,-0.354083,-0.214845
0.941743,0.233728,0.361897;0.773868,0.492463,-0.344758,-0.199377
0.950634,0.237608,0.358999;0.769639,0.511404,-0.335188,-0.183766
0.960085,0.241591,0.355856;0.764441,0.531513,-0.324551,-0.166708
0.969308,0.245343,0.352723;0.758603,0.551177,-0.313643,-0.14951
0.978261,0.248859,0.349619;0.752132,0.570381,-0.302473,-0.132188
0.987557,0.252378,0.346325;0.74446,0.590528,-0.290162,-0.113409
0.99706,0.255834,0.342876;0.73544,0.611479,-0.276659,-0.0931684
1.00603,0.258961,0.339534;0.725602,0.63175,-0.262849,-0.0728237
1.01548,0.262098,0.335907;0.713478,0.653874,-0.246844,-0.0496697
1.02454,0.264939,0.332294;0.699529,0.676279,-0.229515,-0.0250771
1.03377,0.267617,0.328428;0.681841,0.701048,-0.208834,0.00366224
1.04292,0.269959,0.324262;0.657887,0.72959,-0.182604,0.0392264
1.05153,0.271391,0.31939;0.615681,0.769612,-0.140036,0.0949957
1.04616,0.267009,0.31722;0.530722,0.823637,-0.0637796,0.189442
1.03682,0.26317,0.318822;0.496529,0.838222,-0.0356322,0.222648
1.027,0.259486,0.32095;0.509772,0.828723,-0.018534,0.230235
1.01769,0.256089,0.323132;0.519957,0.820901,-0.00509119,0.236096
1.00812,0.252608,0.325458;0.529044,0.813519,0.00713138,0.241346
0.998665,0.249149,0.327798;0.537081,0.806657,0.0181299,0.246007
0.988484,0.245376,0.330344;0.544981,0.79959,0.0291238,0.250606
0.978873,0.241753,0.332756;0.551888,0.793137,0.03889,0.254639
0.968777,0.237874,0.335289;0.558683,0.786525,0.0486484,0.258622
0.959579,0.234266,0.337588;0.564537,0.78061,0.0571791,0.262064
0.950072,0.230456,0.339952;0.570304,0.774574,0.0657009,0.265466
0.940285,0.226442,0.342368;0.575983,0.768419,0.0742126,0.268827
0.930246,0.22222,0.344821;0.581573,0.762146,0.082713,0.272147
0.919984,0.217789,0.3473;0.587074,0.755756,0.0912006,0.275425
0.911032,0.213822,0.349435;0.591718,0.750186,0.0984645,0.278201
0.901955,0.209697,0.35157;0.596294,0.744532,0.105717,0.280945
0.892772,0.205413,0.353698;0.600803,0.738793,0.112958,0.283658
0.8835,0.200968,0.35581;0.605244,0.73297,0.120186,0.286338
0.874157,0.19636,0.357899;0.609617,0.727065,0.127401,0.288986
0.864763,0.191589,0.359955;0.61392,0.721077,0.134601,0.291602
0.855334,0.186651,0.36197;0.618155,0.715008,0.141786,0.294184
0.845888,0.181547,0.363938;0.622319,0.708859,0.148955,0.296734
0.836445,0.176273,0.365848;0.626413,0.702629,0.156107,0.299249
0.827022,0.170829,0.367693;0.630436,0.696319,0.163241,0.301731
0.817636,0.165213,0.369465;0.634388,0.689931,0.170357,0.304179
0.808307,0.159423,0.371155;0.638269,0.683465,0.177454,0.306592
0.799052,0.153457,0.372756;0.642077,0.676922,0.18453,0.308971
0.789889,0.147315,0.374259;0.645812,0.670302,0.191586,0.311315
0.780837,0.140994,0.375656;0.649475,0.663606,0.19862,0.313624
0.771913,0.134492,0.376938;0.653064,0.656835,0.205632,0.315897
0.763135,0.127809,0.378098;0.656579,0.64999,0.21262,0.318134
0.754523,0.120942,0.379127;0.66002,0.643072,0.219584,0.320336
0.746093,0.113889,0.380017;0.663387,0.63608,0.226524,0.322501
0.737863,0.10665,0.38076;0.666678,0.629017,0.233438,0.32463
0.729853,0.0992232,0.381347;0.669894,0.621883,0.240325,0.326722
0.72208,0.0916059,0.381771;0.673034,0.614679,0.247186,0.328777
0.714561,0.0837969,0.382023;0.676098,0.607405,0.254018,0.330795
0.707316,0.0757947,0.382095;0.679086,0.600062,0.260822,0.332776
0.700362,0.0675977,0.381978;0.681997,0.592651,0.267596,0.334719
0.693717,0.0592041,0.381666;0.684831,0.585174,0.27434,0.336624
0.6874,0.0506125,0.381148;0.687588,0.57763,0.281053,0.338491
0.681428,0.0418211,0.380417;0.690266,0.570021,0.287734,0.34032
0.67582,0.0328283,0.379465;0.692867,0.562348,0.294383,0.34211
0.670594,0.0236326,0.378284;0.695389,0.554611,0.300998,0.343862
0.665767,0.0142323,0.376865;0.697833,0.546811,0.307579,0.345574
0.661358,0.00462579,0.375201;0.700198,0.53895,0.314126,0.347248
0.657384,-0.00518856,0.373282;0.702484,0.531027,0.320637,0.348883
0.653865,-0.0152124,0.371101;0.70469,0.523045,0.327112,0.350478
0.650818,-0.0254472,0.368649;0.706816,0.515003,0.333549,0.352033
0.648261,-0.0358948,0.365919;0.708863,0.506903,0.33995,0.353549
0.646212,-0.0465566,0.362902;0.71083,0.498746,0.346311,0.355024
0.64469,-0.0574344,0.35959;0.712716,0.490532,0.352634,0.35646
0.643712,-0.0685298,0.355975;0.714522,0.482263,0.358916,0.357855
0.643297,-0.0798443,0.352048;0.716246,0.47394,0.365158,0.35921
0.643393,-0.0894416,0.348531;0.717622,0.466963,0.370329,0.360307
0.643903,-0.0991932,0.344788;0.718941,0.459949,0.37547,0.361377
0.644837,-0.1091,0.340813;0.720204,0.452899,0.380581,0.362418
0.646206,-0.119163,0.336602;0.72141,0.445813,0.385663,0.363431
0.64802,-0.129383,0.33215;0.72256,0.438693,0.390715,0.364415
0.650289,-0.139761,0.327452;0.723652,0.431538,0.395735,0.365371
0.653025,-0.150298,0.322503;0.724688,0.424349,0.400725,0.366298
0.656236,-0.160995,0.317299;0.725667,0.417127,0.405683,0.367196
0.659156,-0.169668,0.312949;0.72641,0.411325,0.409627,0.367894
0.662392,-0.178445,0.308429;0.727115,0.405503,0.41355,0.368574
0.665951,-0.187325,0.303739;0.727785,0.399661,0.417453,0.369234
0.669837,-0.19631,0.298875;0.728417,0.393798,0.421334,0.369877
0.674057,-0.2054,0.293834;0.729013,0.387916,0.425194,0.3705
0.678615,-0.214595,0.288615;0.729573,0.382014,0.429033,0.371105
0.683517,-0.223896,0.283215;0.730096,0.376093,0.43285,0.371692
0.688767,-0.233303,0.277631;0.730582,0.370153,0.436646,0.37226
0.694373,-0.242817,0.271861;0.731031,0.364195,0.44042,0.372809
0.700338,-0.252438,0.265903;0.731444,0.358218,0.444171,0.373339
0.706668,-0.262167,0.259754;0.73182,0.352223,0.4479,0.37385
