0.74572,-0.309128,0.564046;0.91707,-0.354887,-0.171486,0.0602604
0.753111,-0.30371,0.568598;0.924896,-0.344591,-0.154218,0.0451874
0.76,-0.296614,0.572287;0.933777,-0.331386,-0.132486,0.0263034
0.765071,-0.288142,0.573972;0.94262,-0.315988,-0.107683,0.0048681
0.767908,-0.278136,0.572991;0.950953,-0.298259,-0.0797868,-0.0190956
0.768473,-0.268141,0.569561;0.957324,-0.280985,-0.0532303,-0.0417681
0.767748,-0.25884,0.564698;0.961735,-0.265263,-0.0295536,-0.0618679
0.766519,-0.250384,0.559203;0.964624,-0.251237,-0.00880564,-0.0793936
0.765147,-0.242267,0.553184;0.966492,-0.238,0.0104682,-0.0956008
0.763888,-0.234552,0.546938;0.967519,-0.22561,0.0282522,-0.110493
0.762824,-0.226624,0.540114;0.967876,-0.213063,0.0460166,-0.125308
0.762176,-0.219172,0.533422;0.967615,-0.201432,0.062273,-0.138813
0.761979,-0.211815,0.526629;0.971861,-0.157678,0.0808983,-0.155174
0.76228,-0.204424,0.519678;0.975798,-0.0864042,0.101357,-0.173431
0.763081,-0.197118,0.512724;0.974167,-0.0168035,0.120631,-0.190168
0.764374,-0.189917,0.505824;0.967479,0.0507141,0.138672,-0.205385
0.766211,-0.1826,0.498803;0.955798,0.11797,0.155996,-0.219542
0.76854,-0.175416,0.491926;0.939797,0.18248,0.171997,-0.232165
0.771338,-0.16838,0.485234;0.92001,0.244005,0.186674,-0.243301
0.774702,-0.161261,0.478528;0.896069,0.304428,0.200509,-0.253338
0.778515,-0.154311,0.472069;0.869112,0.361466,0.213008,-0.261944
0.782743,-0.147545,0.465881;0.839651,0.415028,0.224211,-0.269198
0.787536,-0.14072,0.459757;0.806903,0.466965,0.234537,-0.275399
0.792706,-0.134095,0.453942;0.77238,0.515253,0.243613,-0.280351
0.798211,-0.12768,0.448449;0.736539,0.559921,0.251507,-0.284153
0.804259,-0.121225,0.443071;0.698226,0.602711,0.258556,-0.287001
0.810592,-0.114994,0.438035;0.659239,0.641887,0.264507,-0.288829
0.817162,-0.108993,0.43334;0.61996,0.677569,0.269442,-0.289742
0.824236,-0.102967,0.42879;0.578921,0.711326,0.273612,-0.289832
0.831488,-0.0971805,0.424587;0.538125,0.741725,0.276873,-0.289148
0.838866,-0.09164,0.420723;0.497877,0.768945,0.279315,-0.287794
0.847014,-0.0858664,0.416873;0.463375,0.792491,0.275598,-0.285109
0.854837,-0.0805971,0.413522;0.4459,0.808152,0.262478,-0.281368
0.863008,-0.0752944,0.410303;0.428097,0.823218,0.249165,-0.27742
0.871479,-0.0699429,0.407207;0.409978,0.837677,0.235669,-0.273268
0.880203,-0.0645273,0.404222;0.391557,0.851519,0.221999,-0.268914
0.88844,-0.0594582,0.401558;0.374297,0.86374,0.209235,-0.264719
0.896815,-0.0543093,0.398973;0.356801,0.875418,0.196339,-0.260358
0.90529,-0.0490686,0.396458;0.339082,0.886547,0.183321,-0.255833
0.91383,-0.043724,0.394006;0.32115,0.89712,0.170187,-0.251148
0.922395,-0.0382635,0.391609;0.303017,0.907129,0.156947,-0.246305
0.93095,-0.0326749,0.389259;0.284693,0.916568,0.143608,-0.241308
0.939457,-0.0269463,0.386947;0.26619,0.925433,0.130178,-0.236159
0.947878,-0.0210656,0.384666;0.24752,0.933716,0.116668,-0.230862
0.956177,-0.0150206,0.382408;0.228695,0.941413,0.103083,-0.22542
0.964315,-0.00879943,0.380164;0.209726,0.948519,0.0894345,-0.219836
0.972257,-0.00238988,0.377927;0.190626,0.95503,0.0757295,-0.214114
0.979964,0.00422007,0.375689;0.171406,0.960941,0.061977,-0.208258
0.9874,0.0110425,0.373441;0.152078,0.966249,0.0481855,-0.202272
0.994527,0.0180894,0.371175;0.132655,0.97095,0.0343638,-0.196158
1.00131,0.025373,0.368884;0.113149,0.975042,0.0205206,-0.189921
1.00771,0.0329052,0.36656;0.0935716,0.978521,0.00666439,-0.183565
1.01368,0.0406981,0.364194;0.0739355,0.981387,-0.00719595,-0.177093
1.0192,0.0487638,0.361778;0.0542529,0.983636,-0.0210518,-0.170511
1.02423,0.0571144,0.359305;0.0345363,0.985268,-0.0348944,-0.163821
1.02872,0.0657619,0.356767;0.014798,0.986281,-0.0487151,-0.157029
1.03264,0.0747183,0.354155;-0.00494959,0.986675,-0.0625052,-0.150138
1.03596,0.0839959,0.351461;-0.0246941,0.986449,-0.0762561,-0.143153
1.03863,0.0936065,0.348677;-0.0444231,0.985605,-0.0899591,-0.136077
1.04055,0.103148,0.345916;-0.0770752,0.983208,-0.09448,-0.135777
1.04185,0.113045,0.343061;-0.127519,0.977443,-0.0877244,-0.143696
1.04252,0.122784,0.340273;-0.17545,0.969472,-0.0810417,-0.150909
1.04267,0.132767,0.337452;-0.222951,0.959118,-0.0741599,-0.157751
1.04233,0.142503,0.334749;-0.267783,0.947036,-0.0674206,-0.163921
1.04156,0.152423,0.332054;-0.312015,0.932832,-0.0605303,-0.169724
1.04038,0.162507,0.329385;-0.355548,0.91654,-0.0535045,-0.175147
1.03888,0.172246,0.326886;-0.39627,0.899115,-0.0467016,-0.179947
1.03706,0.182101,0.324445;-0.436187,0.879864,-0.0398038,-0.184382
1.03492,0.192054,0.322077;-0.475218,0.858825,-0.0328252,-0.188442
1.03261,0.201587,0.31991;-0.511404,0.837222,-0.0261336,-0.191945
1.03005,0.211179,0.317838;-0.546653,0.814084,-0.019394,-0.195095
1.02726,0.220818,0.315875;-0.580899,0.789453,-0.0126189,-0.197889
1.02426,0.230489,0.314034;-0.614081,0.763376,-0.00582069,-0.200319
1.02105,0.240178,0.31233;-0.646137,0.735899,0.000988217,-0.202382
1.01766,0.249871,0.310776;-0.677009,0.707073,0.00779532,-0.204074
1.01411,0.259554,0.309386;-0.706639,0.676951,0.0145881,-0.205392
1.01041,0.269212,0.308174;-0.734974,0.645587,0.0213542,-0.206334
1.00657,0.278832,0.307153;-0.761962,0.613041,0.0280811,-0.206897
1.00263,0.2884,0.306338;-0.787553,0.57937,0.0347566,-0.207081
0.998581,0.297901,0.305742;-0.8117,0.544637,0.0413683,-0.206885
0.994455,0.307321,0.305379;-0.834359,0.508906,0.0479042,-0.20631
0.990264,0.316647,0.305264;-0.855489,0.472242,0.0543522,-0.205357
0.986026,0.325864,0.305409;-0.87505,0.434713,0.0607007,-0.204028
0.981758,0.334958,0.305829;-0.893008,0.396386,0.0669378,-0.202324
0.977251,0.344382,0.306583;-0.910141,0.355259,0.0733705,-0.20013
0.972749,0.353638,0.307673;-0.925425,0.313409,0.0796541,-0.19753
0.968271,0.36271,0.309114;-0.93883,0.270924,0.0857759,-0.194528
0.963837,0.37158,0.310924;-0.950328,0.227888,0.0917235,-0.191132
0.95925,0.38066,0.313238;-0.960323,0.182203,0.0977678,-0.187147
0.954757,0.38948,0.315994;-0.968167,0.136111,0.103593,-0.182744
0.95038,0.398023,0.319211;-0.973843,0.0897137,0.109186,-0.177931
0.945943,0.406653,0.323096;-0.97745,0.0408934,0.114784,-0.172462
0.941684,0.414936,0.327529;-0.978655,-0.00802744,0.120099,-0.16657
0.937571,0.42296,0.332596;-0.975933,0.0211936,0.139288,-0.166449
0.933702,0.43052,0.338123;-0.970687,0.064158,0.160434,-0.167067
0.929997,0.437748,0.344115;-0.963188,0.106973,0.181208,-0.167298
0.926433,0.444664,0.350514;-0.953454,0.14954,0.201562,-0.16714
0.922985,0.45129,0.357262;-0.941507,0.191761,0.221447,-0.166595
0.91963,0.457647,0.364301;-0.927374,0.233535,0.240819,-0.165663
0.916345,0.463759,0.371573;-0.91109,0.274768,0.259632,-0.164346
0.913104,0.469645,0.379019;-0.89269,0.315364,0.277842,-0.162648
0.909731,0.475594,0.386945;-0.871193,0.357105,0.296227,-0.160464
0.906354,0.481345,0.394932;-0.847476,0.397937,0.313857,-0.157871
0.902946,0.486923,0.402914;-0.821601,0.437756,0.330688,-0.154877
0.899479,0.492352,0.410824;-0.793633,0.476459,0.346676,-0.151487
0.895925,0.497658,0.418594;-0.763644,0.513948,0.361782,-0.147712
0.892087,0.5031,0.426497;-0.730213,0.551741,0.376588,-0.143364
0.888093,0.508463,0.434099;-0.694749,0.587997,0.390345,-0.138616
0.883725,0.514004,0.441628;-0.655682,0.624083,0.403542,-0.13325
0.879118,0.519523,0.448659;-0.614628,0.658277,0.415515,-0.12748
0.874026,0.525282,0.455361;-0.569883,0.691772,0.426648,-0.12106
0.86837,0.531321,0.461553;-0.521363,0.724193,0.436736,-0.11396
0.862302,0.537452,0.466843;-0.470988,0.754036,0.445271,-0.106455
0.855777,0.543715,0.471121;-0.418938,0.781198,0.452222,-0.0985717
0.84875,0.550151,0.474276;-0.365397,0.80558,0.457564,-0.0903375
0.841174,0.556802,0.476199;-0.310556,0.827096,0.461278,-0.0817818
0.833332,0.563438,0.476783;-0.256781,0.845011,0.463303,-0.0732805
0.825597,0.569783,0.47614;-0.206557,0.85904,0.463819,-0.0652457
0.817704,0.576094,0.474394;-0.157977,0.870221,0.463104,-0.05739
0.810085,0.582059,0.471789;-0.113461,0.878462,0.461431,-0.050121
0.802437,0.587943,0.468371;-0.0709476,0.884579,0.458942,-0.0431175
