0.786561,0.0826937,0.161436;-0.357358,0.884547,-0.11235,-0.277939
0.780471,0.0820523,0.169559;-0.349811,0.887559,-0.116605,-0.276177
0.77323,0.081311,0.179315;-0.340334,0.891217,-0.121909,-0.273941
0.766395,0.0806359,0.188638;-0.330811,0.894752,-0.127196,-0.271668
0.75996,0.080026,0.197534;-0.321243,0.898166,-0.132467,-0.269358
0.753917,0.07948,0.206011;-0.31163,0.901457,-0.137719,-0.26701
0.747176,0.0789079,0.21564;-0.30004,0.905245,-0.143997,-0.264146
0.74098,0.0784244,0.224689;-0.28839,0.908854,-0.150246,-0.26123
0.735318,0.0780278,0.233171;-0.276684,0.912286,-0.156466,-0.258262
0.729371,0.0776722,0.242366;-0.262959,0.916062,-0.163684,-0.254736
0.723423,0.0774035,0.251977;-0.247187,0.920079,-0.171879,-0.250622
0.718352,0.0772773,0.260658;-0.231328,0.923774,-0.180014,-0.246421
0.713208,0.0773131,0.270251;-0.211393,0.92794,-0.190095,-0.24105
0.708715,0.0776284,0.279991;-0.187318,0.932271,-0.202054,-0.23443
0.705546,0.0784182,0.2896;-0.157021,0.936654,-0.216779,-0.225898
0.705712,0.0805266,0.299513;-0.10816,0.941277,-0.239778,-0.211674
0.713591,0.0843082,0.303556;-0.048681,0.942918,-0.266557,-0.193605
0.723292,0.0875983,0.301992;-0.0075144,0.941531,-0.284321,-0.180621
0.732558,0.0903819,0.298819;0.0233762,0.939143,-0.297239,-0.170623
0.741814,0.092988,0.294856;0.0501262,0.936142,-0.308141,-0.161788
0.751265,0.0955356,0.290315;0.0747781,0.932605,-0.317952,-0.1535
0.760611,0.0979773,0.285499;0.0973245,0.92872,-0.326726,-0.145797
0.769614,0.100275,0.280647;0.117766,0.924657,-0.334516,-0.138711
0.779044,0.102638,0.275405;0.138143,0.920089,-0.342123,-0.131549
0.787854,0.104814,0.270402;0.156419,0.915549,-0.34881,-0.125041
0.796929,0.107029,0.265174;0.174625,0.910604,-0.355343,-0.118479
0.80623,0.109277,0.259765;0.192754,0.905258,-0.361719,-0.111864
0.81572,0.111551,0.254217;0.210798,0.899511,-0.367936,-0.1052
0.824283,0.11359,0.249205;0.22676,0.89407,-0.373325,-0.0992369
0.832937,0.115641,0.244147;0.242642,0.888316,-0.378584,-0.0932394
0.841656,0.117698,0.239075;0.258439,0.882253,-0.383711,-0.0872094
0.850582,0.119798,0.233921;0.271303,0.876605,-0.388905,-0.0819166
0.859187,0.121818,0.229002;0.236111,0.88318,-0.395137,-0.0900682
0.86779,0.123832,0.224141;0.200591,0.888529,-0.400821,-0.0980948
0.876376,0.12584,0.219351;0.164793,0.892645,-0.405949,-0.105985
0.885468,0.127961,0.214355;0.126508,0.895663,-0.41078,-0.114208
0.894511,0.130068,0.209471;0.0880247,0.897278,-0.414969,-0.122251
0.90349,0.132157,0.204716;0.049404,0.897488,-0.418507,-0.130104
0.912389,0.134224,0.200106;0.0107058,0.896292,-0.42139,-0.137752
0.921193,0.136267,0.195657;-0.028009,0.893694,-0.423614,-0.145185
0.930394,0.138399,0.19114;-0.0689522,0.889417,-0.425245,-0.152807
0.939451,0.140495,0.186842;-0.109774,0.883579,-0.426129,-0.160161
0.948836,0.142666,0.182562;-0.152654,0.875734,-0.426252,-0.167618
0.958019,0.144788,0.178571;-0.195235,0.866177,-0.42554,-0.174747
0.967443,0.146965,0.174706;-0.239643,0.854287,-0.423892,-0.181882
0.976593,0.149077,0.171211;-0.283531,0.840545,-0.421326,-0.188622
0.985878,0.15122,0.167969;-0.328951,0.824157,-0.417649,-0.19526
0.995219,0.153377,0.165076;-0.37569,0.804877,-0.412726,-0.201713
1.00492,0.155617,0.162549;-0.425549,0.781439,-0.406122,-0.208149
1.0148,0.157902,0.160602;-0.47806,0.753299,-0.397539,-0.214388
1.02465,0.160184,0.159492;-0.532648,0.719912,-0.386668,-0.220228
1.03452,0.162477,0.159542;-0.590436,0.679389,-0.37272,-0.225602
1.04423,0.164746,0.161333;-0.651972,0.629398,-0.354644,-0.230257
1.05311,0.166842,0.165665;-0.715428,0.568791,-0.331737,-0.233644
1.05988,0.168477,0.172866;-0.774387,0.501769,-0.305406,-0.235118
1.06388,0.169489,0.182195;-0.822961,0.43589,-0.278688,-0.234668
1.06543,0.16994,0.192112;-0.858974,0.378184,-0.254704,-0.232951
1.06537,0.170023,0.202393;-0.886704,0.32631,-0.23273,-0.230468
1.06422,0.169854,0.212409;-0.907567,0.281096,-0.213283,-0.227633
1.06213,0.169476,0.223218;-0.913711,0.256945,-0.21163,-0.233077
1.05956,0.168977,0.233435;-0.913618,0.244415,-0.21752,-0.241348
1.05672,0.168403,0.243134;-0.913336,0.233224,-0.222707,-0.248647
1.0534,0.16771,0.253368;-0.912866,0.221986,-0.227849,-0.255896
1.04963,0.166899,0.264089;-0.912209,0.210701,-0.232944,-0.263091
1.04599,0.166095,0.273836;-0.91148,0.200792,-0.237363,-0.269343
1.04205,0.165205,0.283891;-0.910608,0.190851,-0.241745,-0.275552
1.03783,0.164231,0.294224;-0.909592,0.18088,-0.246088,-0.281718
1.03336,0.163173,0.304805;-0.908433,0.17088,-0.250393,-0.28784
1.02935,0.162202,0.314049;-0.907326,0.162288,-0.254052,-0.293051
1.02517,0.161173,0.323434;-0.906115,0.153677,-0.257681,-0.298229
1.02086,0.160086,0.33294;-0.904798,0.145048,-0.26128,-0.303372
1.01642,0.158942,0.342548;-0.903377,0.136402,-0.264849,-0.308479
1.01186,0.157743,0.35224;-0.901851,0.127741,-0.268388,-0.313551
1.0072,0.15649,0.361995;-0.900221,0.119064,-0.271895,-0.318587
1.00246,0.155184,0.371795;-0.898488,0.110374,-0.275372,-0.323586
0.997648,0.153825,0.381621;-0.89665,0.101672,-0.278816,-0.328548
0.992775,0.152415,0.391454;-0.894708,0.092957,-0.282228,-0.333472
0.987858,0.150956,0.401274;-0.892664,0.0842317,-0.285607,-0.338357
0.98291,0.149447,0.411062;-0.890516,0.0754967,-0.288954,-0.343203
0.977947,0.147891,0.420799;-0.888265,0.0667529,-0.292267,-0.348009
0.972981,0.146287,0.430466;-0.885911,0.0580014,-0.295546,-0.352775
0.968027,0.144638,0.440044;-0.883455,0.0492433,-0.298791,-0.357501
0.963098,0.142944,0.449513;-0.880897,0.0404794,-0.302001,-0.362185
0.958209,0.141207,0.458855;-0.878237,0.0317109,-0.305177,-0.366827
0.953373,0.139427,0.46805;-0.875475,0.0229387,-0.308317,-0.371426
0.948605,0.137606,0.477079;-0.872612,0.0141638,-0.311422,-0.375983
0.943918,0.135744,0.485923;-0.869649,0.0053873,-0.31449,-0.380497
0.938572,0.133522,0.495982;-0.866064,-0.00485267,-0.318025,-0.385707
0.933378,0.131248,0.505732;-0.862343,-0.0150919,-0.321509,-0.390856
0.928358,0.128924,0.515144;-0.858487,-0.0253287,-0.324942,-0.395943
0.923535,0.126551,0.524186;-0.854495,-0.0355615,-0.328325,-0.400969
0.91893,0.124132,0.532829;-0.850369,-0.0457888,-0.331655,-0.405931
0.913963,0.121312,0.542178;-0.84549,-0.0574681,-0.335398,-0.411524
0.909344,0.118436,0.55092;-0.840437,-0.0691357,-0.339072,-0.417033
0.904604,0.115135,0.559972;-0.834546,-0.0822446,-0.343121,-0.423127
0.899959,0.111393,0.568983;-0.827746,-0.0967848,-0.347516,-0.42977
0.895682,0.10719,0.57752;-0.819959,-0.112743,-0.352221,-0.436917
0.891864,0.102115,0.585593;-0.810346,-0.131546,-0.357606,-0.445145
0.889118,0.0953202,0.592549;-0.797112,-0.156024,-0.364354,-0.455539
0.889874,0.0858452,0.594888;-0.79551,-0.219168,-0.371299,-0.425755
0.894128,0.0776653,0.590975;-0.795405,-0.279828,-0.374654,-0.385566
0.899164,0.0712355,0.584939;-0.792515,-0.324811,-0.375873,-0.353747
0.904398,0.0656478,0.578078;-0.788222,-0.361838,-0.376012,-0.326181
0.90979,0.060425,0.570628;-0.782877,-0.394671,-0.375441,-0.300636
0.915049,0.0556028,0.563079;-0.776927,-0.423461,-0.37437,-0.277329
0.9203,0.0509244,0.555306;-0.770328,-0.450013,-0.372881,-0.255036
0.925428,0.0464059,0.547504;-0.763267,-0.474396,-0.371062,-0.233847
0.930343,0.0420654,0.539835;-0.755922,-0.496685,-0.368998,-0.213839
0.935339,0.0375989,0.531848;-0.747855,-0.518499,-0.36658,-0.193626
0.940371,0.0329998,0.5236;-0.739073,-0.539818,-0.363813,-0.173228
0.945036,0.0286044,0.515755;-0.730286,-0.559153,-0.360932,-0.154139
0.949659,0.0240832,0.507776;-0.720897,-0.578027,-0.357753,-0.134923
0.954203,0.0194308,0.499708;-0.710915,-0.596425,-0.35428,-0.115595
0.958633,0.0146418,0.491595;-0.700347,-0.614332,-0.350515,-0.0961728
0.962914,0.00971075,0.483481;-0.689202,-0.631732,-0.346462,-0.076671
0.96701,0.00463216,0.475411;-0.67749,-0.648613,-0.342123,-0.057106
0.970886,-0.000599384,0.46743;-0.665219,-0.664959,-0.337502,-0.037494
0.974506,-0.00598934,0.459581;-0.652401,-0.680757,-0.332603,-0.0178511
0.977835,-0.0115431,0.45191;-0.639045,-0.695994,-0.32743,0.00180656
0.981053,-0.0177136,0.443897;-0.624073,-0.711762,-0.321558,0.0229742
0.983849,-0.0240873,0.436196;-0.608505,-0.726851,-0.315378,0.0441199
0.986176,-0.0306708,0.428863;-0.592356,-0.741244,-0.308898,0.0652234
0.988101,-0.0379653,0.421477;-0.574425,-0.75588,-0.301627,0.0877646
0.989384,-0.045517,0.414645;-0.555865,-0.769687,-0.294025,0.11021
0.989969,-0.0533342,0.408435;-0.536695,-0.782649,-0.286101,0.132534
0.989765,-0.0619746,0.402574;-0.515599,-0.79553,-0.277302,0.156185
0.98864,-0.0709367,0.39758;-0.493859,-0.807417,-0.268158,0.179642
0.986528,-0.0802308,0.393537;-0.471503,-0.818298,-0.25868,0.202875
0.983363,-0.089867,0.390528;-0.448559,-0.828157,-0.248878,0.225854
0.97938,-0.0992205,0.388719;-0.42654,-0.836462,-0.239407,0.247142
0.974728,-0.108237,0.387977;-0.405567,-0.843386,-0.23033,0.266766
0.969287,-0.117314,0.388165;-0.382022,-0.855646,-0.228037,0.264439
0.963699,-0.125672,0.389055;-0.360591,-0.866245,-0.225964,0.26179
0.957515,-0.134202,0.390564;-0.33895,-0.876339,-0.223759,0.258988
0.95143,-0.142086,0.39242;-0.319104,-0.885072,-0.221641,0.25631
0.944952,-0.150078,0.394691;-0.299105,-0.893379,-0.219416,0.253508
0.93813,-0.15816,0.397328;-0.278962,-0.901255,-0.217086,0.250585
0.931736,-0.165497,0.399978;-0.260717,-0.907973,-0.214899,0.24785
0.925139,-0.172881,0.402855;-0.242371,-0.914336,-0.212629,0.245019
0.918371,-0.180301,0.405924;-0.223931,-0.920343,-0.210275,0.242092
0.91147,-0.187743,0.409153;-0.205403,-0.92599,-0.207839,0.23907
0.90447,-0.195196,0.412506;-0.186795,-0.931276,-0.205322,0.235956
0.897407,-0.202648,0.415952;-0.168114,-0.936199,-0.202725,0.232749
0.890314,-0.210086,0.419455;-0.149367,-0.940756,-0.200049,0.229451
0.883228,-0.217498,0.422983;-0.130562,-0.944946,-0.197295,0.226064
0.876184,-0.224872,0.426501;-0.111706,-0.948767,-0.194464,0.222589
0.869217,-0.232196,0.429975;-0.0928066,-0.952219,-0.191557,0.219026
0.862361,-0.239458,0.433373;-0.0738709,-0.955298,-0.188576,0.215379
0.855653,-0.246644,0.43666;-0.0549064,-0.958005,-0.18552,0.211647
0.849126,-0.253744,0.439802;-0.0359204,-0.960338,-0.182393,0.207832
0.842131,-0.261516,0.443083;-0.0148088,-0.96249,-0.178834,0.203499
0.835453,-0.269149,0.446098;0.00630991,-0.964179,-0.175189,0.199068
0.829139,-0.276626,0.4488;0.0274256,-0.965403,-0.17146,0.194541
0.822673,-0.284651,0.451356;0.0506372,-0.966213,-0.167262,0.189453
0.816264,-0.293142,0.453577;0.0759249,-0.966453,-0.162572,0.183776
0.810609,-0.301328,0.455128;0.10116,-0.966024,-0.157769,0.177972
0.805077,-0.310457,0.455985;0.130511,-0.964675,-0.152028,0.171045
0.800564,-0.319683,0.455625;0.161821,-0.96222,-0.145717,0.163444
0.79742,-0.329375,0.453428;0.197091,-0.958176,-0.138374,0.154616
0.796628,-0.338665,0.448785;0.234137,-0.952441,-0.130389,0.145034
0.798522,-0.346435,0.441976;0.268789,-0.945659,-0.122661,0.135777
0.802181,-0.352042,0.434434;0.297048,-0.939085,-0.116168,0.12801
0.806934,-0.356241,0.426477;0.321047,-0.932744,-0.110515,0.121257
0.812677,-0.359572,0.417899;0.342851,-0.926363,-0.105266,0.114992
0.818409,-0.361913,0.409924;0.360543,-0.92074,-0.100925,0.109817
0.825107,-0.363895,0.401051;0.378094,-0.914758,-0.0965453,0.104598
0.831901,-0.365344,0.392383;0.393571,-0.909141,-0.0926202,0.0999254
0.838515,-0.366366,0.384176;0.407015,-0.903996,-0.0891623,0.0958113
0.84577,-0.36715,0.375372;0.420362,-0.898638,-0.0856833,0.0916745
0.852512,-0.367629,0.367338;0.431723,-0.893876,-0.0826852,0.0881114
0.859748,-0.367926,0.358843;0.44301,-0.888959,-0.0796728,0.084533
0.867489,-0.368037,0.349878;0.45422,-0.883888,-0.0766465,0.08094
0.874332,-0.367985,0.34204;0.463501,-0.879545,-0.0741145,0.077935
0.881539,-0.3678,0.333862;0.472727,-0.875096,-0.0715735,0.0749207
0.889115,-0.36748,0.325339;0.481895,-0.870542,-0.0690239,0.0718974
0.897067,-0.367022,0.316465;0.491006,-0.865883,-0.066466,0.0688654
0.9054,-0.366424,0.307234;0.500058,-0.861119,-0.0639001,0.065825
0.912345,-0.365843,0.299589;0.507255,-0.857234,-0.0618418,0.0633871
0.919542,-0.365171,0.291708;0.514414,-0.853282,-0.0597787,0.0609442
0.926993,-0.364406,0.28359;0.521533,-0.849265,-0.057711,0.0584967
