0.840352,-0.498121,0.708337;-0.343476,0.762772,-0.391461,0.383355
0.840192,-0.487387,0.706146;-0.343186,0.765219,-0.388781,0.381461
0.840032,-0.476768,0.70397;-0.34289,0.767653,-0.386094,0.379561
0.839874,-0.466262,0.701809;-0.342589,0.770074,-0.383401,0.377654
0.839716,-0.455869,0.699663;-0.342281,0.772482,-0.380702,0.37574
0.839558,-0.44559,0.697531;-0.341968,0.774877,-0.377996,0.373821
0.839401,-0.435422,0.695414;-0.34165,0.777259,-0.375284,0.371895
0.839245,-0.425367,0.693312;-0.341325,0.779628,-0.372565,0.369963
0.83909,-0.415422,0.691224;-0.340995,0.781984,-0.36984,0.368024
0.838935,-0.405589,0.68915;-0.340659,0.784327,-0.367109,0.36608
0.838704,-0.391046,0.686068;-0.340144,0.787816,-0.363,0.363151
0.838475,-0.37675,0.683017;-0.339616,0.791275,-0.358878,0.360209
0.838247,-0.3627,0.679999;-0.339076,0.794705,-0.354743,0.357253
0.83802,-0.348893,0.677013;-0.338522,0.798104,-0.350594,0.354284
0.837795,-0.335328,0.67406;-0.337956,0.801473,-0.346431,0.351301
0.837571,-0.322004,0.671138;-0.337377,0.804811,-0.342256,0.348305
0.837349,-0.308919,0.668247;-0.336785,0.808119,-0.338067,0.345296
0.837129,-0.296071,0.665389;-0.336181,0.811397,-0.333866,0.342273
0.83691,-0.283459,0.662562;-0.335563,0.814644,-0.329652,0.339238
0.836692,-0.271081,0.659766;-0.334933,0.81786,-0.325426,0.33619
0.836476,-0.258936,0.657001;-0.334291,0.821045,-0.321187,0.333129
0.836262,-0.247022,0.654268;-0.333635,0.824198,-0.316936,0.330055
0.836049,-0.235338,0.651565;-0.332967,0.827321,-0.312673,0.326969
0.835838,-0.223881,0.648893;-0.332287,0.830412,-0.308398,0.323871
0.835628,-0.212651,0.646251;-0.331593,0.833472,-0.304112,0.32076
0.83542,-0.201646,0.64364;-0.330887,0.8365,-0.299814,0.317637
0.835213,-0.190863,0.641059;-0.330169,0.839496,-0.295504,0.314502
0.835008,-0.180303,0.638508;-0.329438,0.842461,-0.291184,0.311355
0.834805,-0.169962,0.635988;-0.328695,0.845394,-0.286852,0.308197
0.834603,-0.159839,0.633497;-0.327939,0.848294,-0.282509,0.305026
0.834403,-0.149934,0.631036;-0.327171,0.851163,-0.278156,0.301844
0.834138,-0.137061,0.6278;-0.326127,0.854937,-0.272336,0.297584
0.833876,-0.124567,0.624617;-0.325062,0.858654,-0.266497,0.293304
0.833618,-0.112448,0.621485;-0.323974,0.862313,-0.26064,0.289004
0.833362,-0.100701,0.618405;-0.322865,0.865914,-0.254765,0.284684
0.833109,-0.0893209,0.615376;-0.321734,0.869457,-0.248874,0.280345
0.832859,-0.0783049,0.612398;-0.320581,0.872941,-0.242965,0.275988
0.832612,-0.067649,0.60947;-0.319407,0.876366,-0.237041,0.271611
0.832368,-0.0573494,0.606593;-0.318211,0.879733,-0.2311,0.267217
0.832127,-0.0474024,0.603765;-0.316994,0.88304,-0.225144,0.262804
0.83183,-0.0354587,0.600299;-0.315442,0.88709,-0.217677,0.257264
0.831538,-0.0240528,0.596911;-0.313858,0.891046,-0.210187,0.251696
0.83125,-0.0131772,0.593598;-0.31224,0.894909,-0.202676,0.246102
0.830967,-0.00282471,0.59036;-0.310589,0.898678,-0.195143,0.240482
0.83069,0.00701211,0.587197;-0.308906,0.902352,-0.187589,0.234837
0.830362,0.0181459,0.583498;-0.306843,0.906636,-0.178499,0.22803
0.830042,0.0285603,0.579905;-0.304733,0.910782,-0.169381,0.221188
0.829729,0.0382681,0.576416;-0.302578,0.91479,-0.160238,0.214313
0.829373,0.0487175,0.572475;-0.300005,0.91929,-0.149541,0.206251
0.829027,0.0582424,0.568672;-0.29737,0.923602,-0.138813,0.198147
0.828644,0.0680218,0.564493;-0.294284,0.928295,-0.126517,0.188835
0.828228,0.0776492,0.56;-0.290717,0.933276,-0.112643,0.178298
0.827785,0.0866895,0.555264;-0.286638,0.938438,-0.0971837,0.166519
0.827282,0.095316,0.549927;-0.281583,0.94411,-0.0785786,0.152293
0.826659,0.103214,0.543386;-0.274579,0.950781,-0.0536996,0.133182
0.825828,0.107826,0.534759;-0.263521,0.958866,-0.016281,0.104253
0.824995,0.102854,0.526137;-0.249308,0.965531,0.0289774,0.068966
0.824554,0.0939813,0.521498;-0.239515,0.968045,0.0585838,0.0457069
0.824265,0.0841508,0.518371;-0.231526,0.968991,0.0818966,0.0272937
0.824059,0.0737817,0.516029;-0.224424,0.969069,0.102039,0.011314
0.823916,0.0637672,0.514303;-0.21829,0.968596,0.119027,-0.00221401
0.823811,0.0537461,0.512933;-0.212616,0.967737,0.134417,-0.0145114
0.823732,0.0429123,0.511745;-0.206854,0.966472,0.149752,-0.0268027
0.823681,0.0325155,0.510828;-0.201593,0.964985,0.163499,-0.0378554
0.823651,0.0215507,0.510051;-0.196263,0.963169,0.17719,-0.0488951
0.823642,0.011362,0.509474;-0.19147,0.961279,0.189309,-0.0586943
0.823649,0.000788434,0.509002;-0.186624,0.959129,0.201378,-0.0684777
0.823672,-0.01014,0.508632;-0.181729,0.956722,0.213392,-0.0782427
0.823713,-0.0213933,0.508361;-0.176784,0.954056,0.225349,-0.0879866
0.823762,-0.0314827,0.508203;-0.172418,0.951513,0.235761,-0.0964931
0.823823,-0.0417777,0.508117;-0.168017,0.948774,0.246125,-0.10498
0.823898,-0.0522581,0.508101;-0.163581,0.945839,0.256438,-0.113445
0.823986,-0.0629038,0.508153;-0.159112,0.942709,0.266698,-0.121886
0.824088,-0.0736946,0.508272;-0.154609,0.939384,0.276903,-0.130303
0.824202,-0.0846105,0.508455;-0.150075,0.935865,0.287051,-0.138692
0.82433,-0.0956312,0.5087;-0.14551,0.932154,0.29714,-0.147053
0.824471,-0.106737,0.509006;-0.140915,0.92825,0.307167,-0.155384
0.824626,-0.117907,0.509372;-0.13629,0.924154,0.317131,-0.163682
0.824796,-0.129213,0.509798;-0.125142,0.925408,0.315937,-0.167759
0.824966,-0.139766,0.510245;-0.111707,0.928973,0.309508,-0.169517
0.825149,-0.150336,0.51074;-0.0982444,0.932316,0.303006,-0.171235
0.825343,-0.160916,0.511282;-0.0847587,0.935439,0.296432,-0.172912
0.825549,-0.171496,0.511869;-0.0712529,0.938338,0.289788,-0.174548
0.825767,-0.182067,0.512501;-0.0577301,0.941015,0.283074,-0.176143
0.825996,-0.19262,0.513177;-0.0441936,0.943469,0.276294,-0.177696
0.826236,-0.203146,0.513895;-0.0306467,0.945698,0.269447,-0.179206
0.826488,-0.213637,0.514655;-0.0170924,0.947702,0.262537,-0.180674
0.826752,-0.224084,0.515454;-0.00353409,0.949481,0.255564,-0.182099
0.827026,-0.234477,0.516293;0.0100251,0.951034,0.248531,-0.183481
0.827312,-0.244808,0.51717;0.0235818,0.952362,0.241438,-0.184819
0.827608,-0.255068,0.518084;0.037133,0.953463,0.234289,-0.186114
0.827916,-0.265248,0.519034;0.0506754,0.954338,0.227083,-0.187364
0.828235,-0.275339,0.520019;0.0642057,0.954985,0.219824,-0.188569
0.828564,-0.285332,0.521038;0.0777207,0.955406,0.212512,-0.18973
0.828953,-0.296621,0.522242;0.0931437,0.955609,0.204094,-0.191001
0.829356,-0.307757,0.523487;0.108538,0.955515,0.195612,-0.192213
0.829773,-0.318728,0.524772;0.123898,0.955125,0.18707,-0.193366
0.830204,-0.329519,0.526094;0.13922,0.954438,0.17847,-0.194458
0.830648,-0.340117,0.527453;0.154499,0.953455,0.169815,-0.19549
0.831105,-0.350509,0.528847;0.169729,0.952176,0.161106,-0.196461
0.831576,-0.360682,0.530273;0.184907,0.950602,0.152348,-0.197371
0.832059,-0.370623,0.531731;0.200028,0.948732,0.143543,-0.19822
0.832619,-0.381512,0.533407;0.216964,0.946277,0.133583,-0.199102
0.833195,-0.39207,0.535118;0.233816,0.94345,0.123571,-0.199906
0.833787,-0.402279,0.536863;0.250575,0.940253,0.113511,-0.20063
0.834394,-0.412121,0.538638;0.267236,0.936686,0.103406,-0.201277
0.835088,-0.422601,0.540644;0.285624,0.932291,0.0921308,-0.201902
0.835801,-0.432578,0.542681;0.303874,0.927444,0.0808109,-0.202429
0.836607,-0.44294,0.544956;0.323779,0.921593,0.068314,-0.202895
0.837511,-0.453472,0.547473;0.345276,0.914594,0.0546355,-0.203268
0.838442,-0.463156,0.550021;0.366531,0.906955,0.0409188,-0.2035
0.839561,-0.473321,0.553026;0.391005,0.897244,0.0248806,-0.20359
0.840799,-0.482782,0.556274;0.416814,0.885893,0.00767102,-0.203472
0.842335,-0.49206,0.560197;0.447182,0.870997,-0.0129899,-0.203037
0.844467,-0.500663,0.565441;0.486572,0.849011,-0.0405005,-0.201961
0.847937,-0.504715,0.573458;0.544597,0.810494,-0.0826639,-0.199199
0.851108,-0.49832,0.58022;0.591881,0.772834,-0.118697,-0.195743
0.853166,-0.48926,0.584316;0.619955,0.747336,-0.14093,-0.193088
0.854747,-0.479757,0.587304;0.640224,0.727259,-0.157428,-0.190851
0.856141,-0.469568,0.589826;0.657227,0.709215,-0.171587,-0.188744
0.857339,-0.459484,0.591906;0.671194,0.693493,-0.183459,-0.18684
0.858442,-0.449125,0.59375;0.683549,0.678847,-0.194159,-0.185014
0.859445,-0.438807,0.595369;0.694385,0.665384,-0.203708,-0.183293
0.860346,-0.428829,0.596773;0.703789,0.653197,-0.212129,-0.181704
0.861254,-0.418079,0.598143;0.712974,0.640807,-0.220484,-0.180058
0.862055,-0.408028,0.599313;0.72083,0.629803,-0.227738,-0.178572
0.862911,-0.396717,0.600521;0.728803,0.622536,-0.22644,-0.173264
0.863706,-0.385678,0.60161;0.736059,0.616085,-0.224531,-0.168056
0.864507,-0.374095,0.602673;0.743222,0.609557,-0.222593,-0.162828
0.865196,-0.363751,0.603565;0.749289,0.603901,-0.22091,-0.15833
0.865889,-0.353035,0.604439;0.755286,0.59819,-0.219207,-0.153817
0.866584,-0.341963,0.605296;0.761215,0.592423,-0.217484,-0.149291
0.867282,-0.330546,0.606136;0.767073,0.586603,-0.215741,-0.144751
0.867981,-0.318799,0.60696;0.772861,0.580728,-0.213978,-0.140197
0.868566,-0.308767,0.607635;0.77763,0.575791,-0.212493,-0.136392
0.869151,-0.298522,0.608299;0.782349,0.570818,-0.210996,-0.132579
0.869738,-0.288072,0.608953;0.787019,0.565809,-0.209484,-0.128758
0.870325,-0.277425,0.609597;0.791638,0.560763,-0.20796,-0.124928
0.870913,-0.266588,0.610232;0.796207,0.555682,-0.206422,-0.12109
0.871502,-0.25557,0.610858;0.800725,0.550565,-0.204871,-0.117244
0.87209,-0.244377,0.611474;0.805192,0.545413,-0.203307,-0.113391
0.872679,-0.233018,0.612082;0.809607,0.540226,-0.20173,-0.109531
0.873268,-0.2215,0.612682;0.813971,0.535005,-0.20014,-0.105664
0.873857,-0.209831,0.613274;0.818283,0.52975,-0.198537,-0.10179
0.874446,-0.198018,0.613857;0.822543,0.524461,-0.196922,-0.0979092
0.875034,-0.18607,0.614434;0.82675,0.519138,-0.195294,-0.0940224
0.875621,-0.173994,0.615004;0.830905,0.513782,-0.193653,-0.0901297
0.876208,-0.161798,0.615566;0.835006,0.508394,-0.192,-0.0862312
0.876793,-0.149489,0.616123;0.839055,0.502973,-0.190335,-0.0823272
0.877378,-0.137075,0.616673;0.843049,0.49752,-0.188658,-0.0784179
0.877844,-0.127074,0.617109;0.846207,0.493135,-0.187308,-0.0752869
0.87831,-0.117015,0.617541;0.849329,0.488729,-0.18595,-0.0721528
0.878775,-0.106901,0.61797;0.852417,0.484304,-0.184584,-0.0690158
0.879239,-0.096737,0.618396;0.85547,0.479859,-0.183211,-0.0658759
0.879702,-0.0865266,0.618818;0.858488,0.475394,-0.18183,-0.0627334
0.880163,-0.0762737,0.619238;0.861472,0.47091,-0.180442,-0.0595883
0.880623,-0.0659823,0.619655;0.86442,0.466407,-0.179047,-0.0564408
0.881082,-0.0556563,0.620069;0.867332,0.461885,-0.177644,-0.0532909
0.88154,-0.0452997,0.620481;0.87021,0.457343,-0.176234,-0.0501389
0.881996,-0.0349165,0.62089;0.873051,0.452783,-0.174817,-0.0469848
0.88245,-0.0245105,0.621297;0.875857,0.448205,-0.173393,-0.0438289
0.882902,-0.0140857,0.621703;0.878628,0.443608,-0.171961,-0.0406711
0.883353,-0.00364608,0.622106;0.881362,0.438994,-0.170523,-0.0375117
0.883802,0.00680444,0.622508;0.884061,0.434361,-0.169078,-0.0343507
0.884249,0.0172619,0.622908;0.886723,0.42971,-0.167625,-0.0311883
0.884694,0.0277224,0.623307;0.889349,0.425042,-0.166166,-0.0280247
0.885137,0.038182,0.623705;0.891939,0.420357,-0.1647,-0.0248599
0.885577,0.0486366,0.624102;0.894493,0.415655,-0.163228,-0.0216941
0.886016,0.0590825,0.624497;0.89701,0.410935,-0.161748,-0.0185275
0.886452,0.0695156,0.624893;0.89949,0.406199,-0.160262,-0.01536
0.886885,0.079932,0.625287;0.901934,0.401446,-0.15877,-0.012192
0.887317,0.0903277,0.625681;0.904341,0.396677,-0.157271,-0.0090234
0.887745,0.100699,0.626075;0.90671,0.391892,-0.155766,-0.00585447
0.888171,0.111041,0.626469;0.909043,0.38709,-0.154254,-0.0026853
0.888594,0.121352,0.626863;0.911339,0.382273,-0.152736,0.000483977
0.889014,0.131625,0.627257;0.913598,0.37744,-0.151212,0.00365323
0.889432,0.141859,0.627652;0.915819,0.372592,-0.149681,0.00682234
0.889846,0.152048,0.628047;0.918003,0.367728,-0.148145,0.00999117
0.890257,0.162188,0.628443;0.920149,0.36285,-0.146602,0.0131596
0.890666,0.172277,0.628839;0.922258,0.357957,-0.145054,0.0163275
0.891071,0.182309,0.629237;0.924329,0.353049,-0.143499,0.0194947
0.891572,0.194765,0.629736;0.926865,0.346894,-0.141548,0.0234526
0.892068,0.207119,0.630237;0.929342,0.340717,-0.139587,0.027409
0.892559,0.219364,0.63074;0.931759,0.334518,-0.137618,0.0313636
0.893044,0.231491,0.631246;0.934117,0.328297,-0.13564,0.0353163
0.893523,0.243494,0.631756;0.936416,0.322056,-0.133653,0.0392667
0.893996,0.255365,0.632268;0.938655,0.315794,-0.131658,0.0432145
0.894463,0.267095,0.632785;0.940834,0.309512,-0.129655,0.0471597
0.894924,0.278678,0.633305;0.942952,0.303211,-0.127643,0.0511018
0.895379,0.290105,0.63383;0.945011,0.29689,-0.125623,0.0550407
0.895826,0.301369,0.63436;0.947009,0.29055,-0.123595,0.058976
0.896267,0.312462,0.634894;0.948948,0.284191,-0.121559,0.0629076
0.896701,0.323377,0.635434;0.950825,0.277815,-0.119515,0.0668352
0.897128,0.334105,0.635979;0.952642,0.27142,-0.117464,0.0707585
0.897548,0.344639,0.63653;0.954398,0.265009,-0.115405,0.0746773
0.897961,0.354971,0.637087;0.956093,0.25858,-0.113339,0.0785913
0.898365,0.365094,0.637651;0.957727,0.252135,-0.111265,0.0825003
0.898841,0.376954,0.638336;0.959608,0.24438,-0.108768,0.0871842
0.899305,0.388488,0.639032;0.9614,0.236602,-0.106261,0.0918601
0.899758,0.399683,0.639739;0.963104,0.228803,-0.103743,0.0965275
0.900198,0.410526,0.640457;0.964719,0.220982,-0.101217,0.101186
0.900627,0.421002,0.641188;0.966246,0.213142,-0.0986808,0.105835
0.901043,0.431099,0.64193;0.967684,0.205281,-0.0961357,0.110475
0.901512,0.442382,0.642813;0.96925,0.196087,-0.0931553,0.115875
0.901963,0.45311,0.643715;0.970694,0.186869,-0.0901633,0.12126
0.902397,0.463261,0.644635;0.972017,0.177627,-0.08716,0.12663
0.902869,0.474129,0.645713;0.97338,0.167037,-0.0837143,0.132748
0.903316,0.484185,0.646818;0.974584,0.15642,-0.080255,0.138845
0.903789,0.494488,0.648096;0.975748,0.144446,-0.0763476,0.145676
0.904274,0.504629,0.649561;0.976806,0.131107,-0.0719875,0.153231
0.904801,0.514897,0.651386;0.977745,0.115055,-0.0667314,0.162245
0.90537,0.524664,0.653774;0.978415,0.0949322,-0.0601269,0.173429
0.906174,0.533143,0.658762;0.978116,0.0558834,-0.0472638,0.194762
0.906571,0.525609,0.664689;0.975476,0.0140112,-0.0334021,0.217103
0.906584,0.515841,0.667662;0.974634,-0.013635,-0.0326012,0.220997
0.906519,0.505825,0.670004;0.973722,-0.0365684,-0.0333452,0.222298
0.906414,0.495683,0.672038;0.972548,-0.0559589,-0.033961,0.223306
0.906279,0.485201,0.673923;0.971161,-0.0735685,-0.0345097,0.22415
0.906125,0.474784,0.675646;0.969653,-0.0893976,-0.0349942,0.224849
0.905962,0.464775,0.677195;0.968106,-0.103449,-0.0354175,0.225423
0.905775,0.454089,0.678759;0.966365,-0.11748,-0.0358337,0.225951
0.905564,0.442754,0.680335;0.96443,-0.131487,-0.0362427,0.226435
0.905358,0.432323,0.681722;0.962579,-0.143721,-0.0365946,0.22682
0.905135,0.421434,0.683116;0.96058,-0.155934,-0.036941,0.227171
0.904892,0.410104,0.684514;0.958433,-0.168123,-0.0372816,0.227487
0.904669,0.400056,0.685714;0.956477,-0.17855,-0.037569,0.22773
0.904433,0.389709,0.686917;0.954412,-0.188957,-0.0378522,0.227947
0.904182,0.379074,0.688119;0.95224,-0.199342,-0.0381312,0.228139
0.903918,0.368163,0.689322;0.949961,-0.209706,-0.0384058,0.228305
0.90364,0.356988,0.690522;0.947574,-0.220045,-0.0386761,0.228445
0.903348,0.345559,0.69172;0.945081,-0.23036,-0.0389421,0.22856
0.903042,0.333889,0.692915;0.942481,-0.240649,-0.0392036,0.228649
0.902723,0.321988,0.694106;0.939775,-0.25091,-0.0394608,0.228712
0.902446,0.311903,0.695094;0.93744,-0.25944,-0.0396717,0.228745
0.902159,0.301672,0.696078;0.93503,-0.26795,-0.0398795,0.22876
0.901863,0.291303,0.697057;0.932548,-0.276438,-0.0400841,0.228757
0.901558,0.280801,0.69803;0.929993,-0.284905,-0.0402857,0.228736
0.901242,0.270173,0.698998;0.927364,-0.29335,-0.040484,0.228697
0.900917,0.259427,0.69996;0.924664,-0.301771,-0.0406792,0.22864
0.900582,0.248568,0.700914;0.921891,-0.31017,-0.0408713,0.228566
0.900238,0.237604,0.701861;0.919045,-0.318543,-0.0410601,0.228473
0.899884,0.22654,0.7028;0.916128,-0.326892,-0.0412457,0.228363
0.89952,0.215383,0.70373;0.913139,-0.335215,-0.0414281,0.228235
0.899147,0.204141,0.704652;0.910079,-0.343512,-0.0416072,0.228089
0.898764,0.192819,0.705563;0.906947,-0.351783,-0.0417831,0.227925
0.898371,0.181425,0.706464;0.903745,-0.360025,-0.0419557,0.227743
0.897969,0.169964,0.707355;0.900472,-0.36824,-0.0421251,0.227543
0.897557,0.158444,0.708234;0.897128,-0.376425,-0.0422911,0.227326
0.897135,0.146871,0.709101;0.893714,-0.384581,-0.0424538,0.227091
0.896703,0.135252,0.709955;0.89023,-0.392708,-0.0426132,0.226838
0.896262,0.123593,0.710797;0.886677,-0.400803,-0.0427693,0.226567
0.895811,0.1119,0.711625;0.883054,-0.408867,-0.042922,0.226279
0.89535,0.100182,0.712439;0.879362,-0.416899,-0.0430714,0.225972
0.89488,0.0884434,0.713238;0.875601,-0.424898,-0.0432174,0.225649
0.894399,0.0766916,0.714022;0.871771,-0.432864,-0.04336,0.225307
0.89391,0.0649332,0.714791;0.867874,-0.440796,-0.0434992,0.224948
0.89341,0.0531748,0.715543;0.863908,-0.448694,-0.043635,0.224571
0.8929,0.0414229,0.716278;0.859875,-0.456557,-0.0437674,0.224177
0.892381,0.0296842,0.716996;0.855775,-0.464384,-0.0438964,0.223765
0.891852,0.0179654,0.717696;0.851607,-0.472174,-0.0440219,0.223336
0.891313,0.0062729,0.718377;0.847373,-0.479928,-0.044144,0.222889
0.890765,-0.00538656,0.719039;0.843073,-0.487644,-0.0442627,0.222425
0.890206,-0.0170064,0.719682;0.838706,-0.495322,-0.0443778,0.221943
0.889638,-0.02858,0.720305;0.834274,-0.502961,-0.0444895,0.221444
0.88906,-0.0401007,0.720907;0.829777,-0.51056,-0.0445977,0.220927
0.888472,-0.051562,0.721487;0.825215,-0.51812,-0.0447025,0.220394
0.887875,-0.0629572,0.722046;0.820588,-0.525639,-0.0448037,0.219843
0.887267,-0.0742798,0.722582;0.815897,-0.533118,-0.0449014,0.219275
0.88665,-0.085523,0.723096;0.811142,-0.540554,-0.0449956,0.218689
0.886023,-0.0966804,0.723586;0.806324,-0.547948,-0.0450863,0.218087
0.885386,-0.107745,0.724052;0.801442,-0.555299,-0.0451735,0.217468
0.884739,-0.118711,0.724494;0.796498,-0.562607,-0.0452571,0.216831
0.884083,-0.129571,0.724911;0.791492,-0.569871,-0.0453372,0.216178
0.883416,-0.140319,0.725301;0.786423,-0.57709,-0.0454137,0.215507
0.88274,-0.150947,0.725666;0.781293,-0.584264,-0.0454867,0.21482
0.882054,-0.16145,0.726004;0.776102,-0.591392,-0.0455561,0.214116
0.881358,-0.171821,0.726315;0.77085,-0.598474,-0.045622,0.213395
0.880652,-0.182054,0.726598;0.765538,-0.605509,-0.0456843,0.212658
0.879936,-0.19214,0.726852;0.760166,-0.612497,-0.045743,0.211903
0.879064,-0.204043,0.727119;0.753641,-0.620819,-0.0458087,0.210977
0.878178,-0.215716,0.727344;0.747031,-0.629071,-0.0458693,0.210026
0.877277,-0.227147,0.727525;0.740337,-0.637252,-0.0459247,0.209052
0.876362,-0.238325,0.727661;0.733559,-0.645361,-0.0459749,0.208054
0.875433,-0.249238,0.727752;0.726699,-0.653397,-0.0460199,0.207032
0.87449,-0.259875,0.727797;0.719757,-0.66136,-0.0460598,0.205988
0.873532,-0.270225,0.727794;0.712734,-0.669249,-0.0460944,0.20492
0.87256,-0.280276,0.727743;0.70563,-0.677062,-0.0461239,0.203829
0.871408,-0.291609,0.727621;0.697242,-0.68608,-0.0461517,0.202527
0.870236,-0.302502,0.72743;0.688747,-0.694994,-0.0461724,0.201194
0.869045,-0.312936,0.72717;0.680147,-0.7038,-0.0461861,0.19983
0.867834,-0.322893,0.726838;0.671442,-0.712499,-0.0461926,0.198436
0.866427,-0.333666,0.726368;0.661368,-0.722307,-0.0461915,0.196805
0.864993,-0.343765,0.725802;0.651161,-0.73197,-0.046181,0.195135
0.86335,-0.354289,0.725044;0.639522,-0.742665,-0.0461582,0.193209
0.861487,-0.364894,0.724051;0.6264,-0.754328,-0.0461192,0.191012
0.859391,-0.375179,0.722768;0.61174,-0.766884,-0.0460596,0.188526
0.856851,-0.385372,0.720986;0.594116,-0.781348,-0.0459666,0.185496
0.853631,-0.394839,0.718387;0.571994,-0.798582,-0.0458188,0.181632
0.848609,-0.40222,0.713609;0.537957,-0.823229,-0.0455283,0.175565
0.842455,-0.399616,0.706627;0.497027,-0.850105,-0.0450857,0.168087
0.838564,-0.391677,0.701611;0.471574,-0.865409,-0.044763,0.163345
0.83551,-0.382166,0.697362;0.451822,-0.876584,-0.0444888,0.159618
0.833151,-0.372904,0.6939;0.443785,-0.881418,-0.0416247,0.156282
0.830967,-0.362907,0.69056;0.447633,-0.880431,-0.0348128,0.152491
0.828752,-0.351497,0.687053;0.451448,-0.879377,-0.0279982,0.148688
0.826959,-0.341397,0.684131;0.454474,-0.878485,-0.022545,0.145637
0.825148,-0.330473,0.681111;0.457478,-0.877549,-0.0170907,0.142579
0.82332,-0.318758,0.677996;0.46046,-0.876571,-0.0116356,0.139514
0.821476,-0.306288,0.674789;0.463419,-0.87555,-0.00617987,0.136443
0.820083,-0.296462,0.672327;0.465624,-0.874756,-0.00208787,0.134134
0.818681,-0.286245,0.669818;0.467815,-0.873938,0.00200418,0.131822
0.817272,-0.275653,0.667263;0.469994,-0.873096,0.00609618,0.129507
0.815854,-0.264701,0.664663;0.47216,-0.87223,0.010188,0.127188
0.81443,-0.253403,0.662021;0.474313,-0.871339,0.0142796,0.124865
0.812998,-0.241775,0.659338;0.476452,-0.870425,0.0183707,0.122539
0.81156,-0.22983,0.656615;0.478579,-0.869487,0.0224614,0.12021
0.810115,-0.217585,0.653854;0.480692,-0.868524,0.0265514,0.117877
0.808665,-0.205054,0.651058;0.482793,-0.867538,0.0306407,0.115541
0.807209,-0.192251,0.648227;0.484879,-0.866528,0.0347292,0.113202
0.805747,-0.179191,0.645362;0.486953,-0.865494,0.0388167,0.11086
0.804281,-0.16589,0.642467;0.489013,-0.864436,0.0429031,0.108515
0.80281,-0.152362,0.639541;0.49106,-0.863355,0.0469883,0.106166
0.801334,-0.138622,0.636588;0.493093,-0.862249,0.0510723,0.103815
0.799855,-0.124684,0.633608;0.495112,-0.86112,0.0551548,0.101461
0.798372,-0.110565,0.630603;0.497118,-0.859967,0.0592359,0.0991041
0.796885,-0.0962774,0.627574;0.49911,-0.85879,0.0633153,0.0967444
0.795396,-0.0818374,0.624524;0.501089,-0.85759,0.0673929,0.0943822
0.793904,-0.0672596,0.621454;0.503053,-0.856366,0.0714687,0.0920173
0.792908,-0.0574718,0.619396;0.504355,-0.855537,0.0741848,0.0904393
0.791911,-0.0476337,0.617331;0.505651,-0.854697,0.0769,0.0888602
0.790913,-0.0377497,0.615259;0.506941,-0.853847,0.0796142,0.08728
0.789915,-0.0278242,0.61318;0.508224,-0.852987,0.0823275,0.0856987
0.788916,-0.0178616,0.611094;0.509501,-0.852116,0.0850398,0.0841164
0.787916,-0.00786627,0.609003;0.510772,-0.851234,0.087751,0.082533
0.786916,0.00215736,0.606906;0.512037,-0.850343,0.0904612,0.0809487
0.785916,0.0122049,0.604805;0.513295,-0.84944,0.0931702,0.0793633
0.784915,0.022272,0.602699;0.514547,-0.848528,0.0958781,0.077777
0.783914,0.0323542,0.600589;0.515793,-0.847605,0.0985849,0.0761897
0.782914,0.0424471,0.598476;0.517033,-0.846671,0.10129,0.0746015
0.781913,0.0525464,0.596359;0.518266,-0.845727,0.103995,0.0730124
0.780913,0.0626476,0.59424;0.519493,-0.844773,0.106698,0.0714223
0.779912,0.0727463,0.592119;0.520713,-0.843809,0.109399,0.0698315
0.778912,0.0828382,0.589997;0.521927,-0.842834,0.1121,0.0682397
0.777913,0.0929189,0.587873;0.523135,-0.841849,0.114799,0.0666471
0.776914,0.102984,0.585749;0.524336,-0.840853,0.117496,0.0650537
0.775916,0.113029,0.583624;0.525531,-0.839847,0.120192,0.0634595
0.774919,0.123049,0.5815;0.52672,-0.838831,0.122887,0.0618645
0.773922,0.133041,0.579377;0.527902,-0.837805,0.12558,0.0602688
0.772927,0.143,0.577255;0.529077,-0.836768,0.128272,0.0586723
0.771932,0.152921,0.575135;0.530246,-0.835722,0.130962,0.0570751
0.770939,0.1628,0.573017;0.531409,-0.834664,0.13365,0.0554772
0.769947,0.172632,0.570902;0.532565,-0.833597,0.136337,0.0538787
0.768956,0.182414,0.56879;0.533714,-0.83252,0.139022,0.0522794
0.767967,0.19214,0.566681;0.534857,-0.831432,0.141706,0.0506796
0.766486,0.206617,0.563527;0.536559,-0.829781,0.145728,0.0482786
0.765008,0.220945,0.560383;0.538247,-0.828108,0.149746,0.0458763
0.763536,0.235109,0.557252;0.539919,-0.826411,0.153759,0.0434728
0.762067,0.249094,0.554135;0.541577,-0.824692,0.157769,0.041068
0.760604,0.262886,0.551033;0.543219,-0.82295,0.161774,0.0386621
0.759145,0.27647,0.54795;0.544847,-0.821186,0.165775,0.0362552
0.757692,0.289831,0.544885;0.54646,-0.819398,0.169771,0.0338472
0.756245,0.302953,0.54184;0.548058,-0.817589,0.173762,0.0314383
0.754804,0.315823,0.538818;0.54964,-0.815756,0.177749,0.0290286
0.75337,0.328426,0.53582;0.551208,-0.813901,0.181731,0.026618
0.751943,0.340746,0.532847;0.55276,-0.812024,0.185707,0.0242067
0.750522,0.352769,0.529901;0.554297,-0.810125,0.189679,0.0217948
0.74911,0.364479,0.526983;0.555818,-0.808203,0.193646,0.0193822
0.747705,0.375863,0.524096;0.557325,-0.806258,0.197607,0.0169691
0.746308,0.386905,0.521241;0.558816,-0.804292,0.201562,0.0145556
0.74492,0.397591,0.518419;0.560292,-0.802303,0.205512,0.0121416
0.743541,0.407905,0.515632;0.561752,-0.800293,0.209457,0.00972732
0.742171,0.417832,0.512882;0.563196,-0.79826,0.213395,0.00731276
0.740359,0.430443,0.509275;0.565099,-0.795515,0.218638,0.00409304
0.738565,0.442305,0.505739;0.566973,-0.792732,0.223869,0.000873127
0.73679,0.453384,0.50228;0.56882,-0.789909,0.22909,-0.00234683
0.735033,0.463645,0.498899;0.570638,-0.787048,0.234299,-0.00556668
0.733297,0.473052,0.495602;0.572429,-0.784148,0.239497,-0.00878625
0.731157,0.483556,0.491604;0.574628,-0.78047,0.245978,-0.0128101
0.729051,0.492603,0.487749;0.576783,-0.776731,0.25244,-0.016833
0.726571,0.501439,0.483323;0.579311,-0.772167,0.260169,-0.0216587
0.723349,0.509596,0.477781;0.582582,-0.765948,0.27043,-0.0280891
0.718336,0.513344,0.469728;0.587653,-0.755524,0.286989,-0.0385263
0.714326,0.506548,0.463917;0.591707,-0.746398,0.300885,-0.0473424
0.711893,0.497108,0.460737;0.594173,-0.740446,0.309671,-0.0529438
0.709885,0.485678,0.45835;0.596215,-0.735255,0.317164,-0.0577386
0.708269,0.47371,0.45661;0.597867,-0.730868,0.323382,-0.0617295
0.707014,0.462485,0.455386;0.599156,-0.727319,0.328338,-0.0649188
0.705794,0.449757,0.454316;0.600415,-0.723733,0.333278,-0.0681049
0.704903,0.439202,0.453617;0.60134,-0.72102,0.336973,-0.0704923
0.704031,0.427767,0.453008;0.602248,-0.718288,0.340658,-0.0728778
0.703181,0.415436,0.45249;0.60314,-0.715536,0.344334,-0.0752613
0.702351,0.402195,0.452066;0.604016,-0.712764,0.348,-0.0776427
0.701543,0.388028,0.451737;0.604874,-0.709973,0.351657,-0.0800219
0.700757,0.372922,0.451505;0.605716,-0.707162,0.355304,-0.082399
0.700245,0.362321,0.451405;0.606268,-0.705277,0.35773,-0.0839824
0.699743,0.351292,0.451349;0.606813,-0.703383,0.360151,-0.0855648
0.69925,0.339829,0.451337;0.60735,-0.701481,0.362569,-0.0871462
0.698768,0.327929,0.451371;0.60788,-0.69957,0.364981,-0.0887265
0.698297,0.315587,0.45145;0.608402,-0.697651,0.367389,-0.0903057
0.697835,0.302799,0.451575;0.608917,-0.695723,0.369793,-0.0918838
0.697384,0.289559,0.451746;0.609424,-0.693787,0.372192,-0.0934607
0.696943,0.275865,0.451965;0.609924,-0.691842,0.374587,-0.0950366
0.696513,0.261711,0.452231;0.610416,-0.689889,0.376977,-0.0966112
0.696094,0.247093,0.452545;0.610901,-0.687927,0.379363,-0.0981847
0.695685,0.232007,0.452908;0.611379,-0.685957,0.381743,-0.099757
0.695288,0.216448,0.453319;0.611849,-0.683978,0.384119,-0.101328
0.694901,0.200412,0.45378;0.612311,-0.681991,0.386491,-0.102898
0.694526,0.183895,0.454291;0.612766,-0.679996,0.388858,-0.104466
0.694161,0.166891,0.454852;0.613214,-0.677992,0.391219,-0.106034
0.693808,0.149397,0.455463;0.613654,-0.67598,0.393577,-0.1076
0.693467,0.131409,0.456126;0.614086,-0.67396,0.395929,-0.109164
0.693136,0.112921,0.456841;0.614511,-0.671931,0.398276,-0.110728
0.692818,0.0939302,0.457608;0.614929,-0.669894,0.400619,-0.11229
0.692511,0.0744312,0.458428;0.615338,-0.667849,0.402956,-0.11385
0.692304,0.0605584,0.45903;0.615619,-0.666421,0.404581,-0.114935
