0.735881,-0.311356,0.71264;0.947064,-0.023204,0.310685,0.0774963
0.732465,-0.322843,0.710527;0.946289,-0.0313205,0.313996,0.0704399
0.729246,-0.333775,0.708447;0.945394,-0.0394331,0.317267,0.0633747
0.726224,-0.34416,0.706399;0.944379,-0.0475406,0.320498,0.0563013
0.723394,-0.354006,0.704382;0.943243,-0.0556421,0.323688,0.0492208
0.720247,-0.365121,0.702003;0.941722,-0.0653545,0.327461,0.040716
0.717368,-0.375485,0.699669;0.940028,-0.0750549,0.331175,0.0322037
0.714752,-0.38511,0.697379;0.938162,-0.0847415,0.334828,0.0236855
0.712024,-0.395426,0.694761;0.935768,-0.0960228,0.339012,0.0137423
0.709325,-0.406036,0.691841;0.932746,-0.108886,0.34369,0.00237451
0.70706,-0.415419,0.688996;0.929421,-0.121714,0.348256,-0.00899402
0.704822,-0.425471,0.685542;0.924838,-0.137693,0.353804,-0.0232001
0.702973,-0.435158,0.681545;0.918718,-0.156774,0.360224,-0.0402312
0.701861,-0.44422,0.676458;0.909511,-0.182035,0.368372,-0.0628914
0.703118,-0.450172,0.668757;0.892029,-0.222563,0.380585,-0.0995263
0.708044,-0.445889,0.661458;0.870628,-0.263838,0.391882,-0.137206
0.71315,-0.437715,0.656961;0.854561,-0.29082,0.398608,-0.162052
0.718022,-0.428691,0.653656;0.841089,-0.311477,0.403385,-0.181194
0.722772,-0.419245,0.650952;0.828874,-0.328937,0.40716,-0.197458
0.727103,-0.410249,0.648786;0.81823,-0.343302,0.410078,-0.210901
0.73127,-0.401334,0.646901;0.808294,-0.356083,0.412526,-0.222909
0.735673,-0.391691,0.645076;0.798025,-0.368716,0.414804,-0.234825
0.739772,-0.382546,0.643503;0.788621,-0.379818,0.416685,-0.245335
0.744031,-0.372895,0.641974;0.778959,-0.390797,0.41843,-0.255766
0.748439,-0.362769,0.640489;0.769045,-0.401648,0.420039,-0.266113
0.752408,-0.353545,0.639223;0.760163,-0.411036,0.421335,-0.275096
0.756474,-0.344004,0.637988;0.751093,-0.420321,0.422526,-0.284011
0.760627,-0.334168,0.636784;0.741835,-0.429501,0.423611,-0.292854
0.764861,-0.324058,0.635609;0.732392,-0.438574,0.424591,-0.301625
0.769166,-0.313696,0.634462;0.722766,-0.447538,0.425465,-0.31032
0.773534,-0.303103,0.633342;0.71296,-0.45639,0.426232,-0.318938
0.777323,-0.293856,0.632404;0.704414,-0.463888,0.426806,-0.326261
0.781147,-0.284469,0.631484;0.695738,-0.4713,0.427301,-0.333525
0.785002,-0.274956,0.630583;0.686935,-0.478625,0.427718,-0.340728
0.788881,-0.26533,0.6297;0.678006,-0.485864,0.428057,-0.347868
0.792781,-0.255604,0.628834;0.668953,-0.493013,0.428317,-0.354944
0.796696,-0.245793,0.627984;0.659777,-0.500071,0.428499,-0.361956
0.80062,-0.23591,0.627151;0.65048,-0.507039,0.428602,-0.368901
0.804548,-0.225968,0.626333;0.641064,-0.513913,0.428626,-0.375779
0.808477,-0.215982,0.62553;0.631531,-0.520693,0.428572,-0.382587
0.812399,-0.205964,0.624741;0.621882,-0.527378,0.42844,-0.389326
0.81631,-0.195928,0.623967;0.612119,-0.533966,0.428229,-0.395993
0.820205,-0.185889,0.623205;0.602244,-0.540456,0.42794,-0.402588
0.824162,-0.175644,0.622441;0.615331,-0.528779,0.425233,-0.40117
0.827848,-0.166053,0.621735;0.631352,-0.514424,0.422089,-0.398251
0.83151,-0.156482,0.621041;0.647068,-0.499821,0.418743,-0.39514
0.835144,-0.146937,0.620356;0.662474,-0.484978,0.415196,-0.391839
0.838749,-0.137422,0.619682;0.67756,-0.469901,0.411448,-0.38835
0.842321,-0.127942,0.619017;0.692321,-0.454598,0.407503,-0.384673
0.845859,-0.118503,0.618361;0.706749,-0.439077,0.403361,-0.380812
0.849359,-0.109109,0.617714;0.720836,-0.423344,0.399026,-0.376767
0.853164,-0.0988347,0.617012;0.735932,-0.405803,0.394035,-0.372109
0.856918,-0.0886278,0.616319;0.750599,-0.388026,0.388815,-0.367234
0.860617,-0.0784954,0.615635;0.764829,-0.370023,0.383369,-0.362145
0.864259,-0.0684442,0.61496;0.778613,-0.351804,0.377699,-0.356845
0.86784,-0.0584809,0.614292;0.791945,-0.333381,0.37181,-0.351338
0.871356,-0.0486123,0.613632;0.804815,-0.314763,0.365704,-0.345626
0.874806,-0.038845,0.612978;0.817217,-0.295963,0.359385,-0.339713
0.878185,-0.0291858,0.612331;0.829144,-0.27699,0.352857,-0.333602
0.88149,-0.0196414,0.611689;0.840587,-0.257855,0.346123,-0.327296
0.885007,-0.00936808,0.610995;0.852512,-0.236811,0.338548,-0.320201
0.888429,0.00075193,0.610306;0.863847,-0.215602,0.330738,-0.312883
0.89175,0.0107099,0.609621;0.874584,-0.194244,0.322699,-0.305349
0.894967,0.0204972,0.608941;0.884714,-0.172752,0.314436,-0.297604
0.898075,0.030105,0.608263;0.894231,-0.15114,0.305956,-0.289652
0.901315,0.0403009,0.607533;0.903843,-0.127609,0.29653,-0.280811
0.904417,0.0502648,0.606804;0.912719,-0.103974,0.286862,-0.271742
0.907376,0.0599858,0.606076;0.920853,-0.0802547,0.276962,-0.262452
0.910396,0.0701701,0.605292;0.928776,-0.0546384,0.266048,-0.252208
0.913238,0.0800458,0.604508;0.935822,-0.0289707,0.254883,-0.241727
0.916076,0.090269,0.603665;0.942393,-0.00143988,0.242655,-0.230245
0.918693,0.100105,0.602818;0.947943,0.0260925,0.230164,-0.218514
0.921231,0.110151,0.60191;0.952732,0.0554285,0.216565,-0.205739
0.923631,0.120298,0.600936;0.956535,0.0865224,0.201826,-0.19189
0.925824,0.130423,0.599894;0.959111,0.119313,0.185913,-0.176935
0.927737,0.140389,0.598778;0.960209,0.153723,0.168803,-0.160851
0.929351,0.150499,0.597523;0.959483,0.191442,0.149551,-0.142749
0.930488,0.16043,0.596118;0.956351,0.232284,0.128104,-0.122578
0.930945,0.170483,0.594421;0.949571,0.279468,0.102515,-0.0985045
0.930148,0.180279,0.592267;0.936766,0.335789,0.0707605,-0.0686208
0.926394,0.189035,0.589088;0.910749,0.4113,0.025915,-0.0263997
0.917968,0.191471,0.585126;0.869308,0.493069,-0.0260528,0.022552
0.909042,0.187784,0.582058;0.836696,0.544593,-0.0310796,0.0489149
0.900747,0.181969,0.579629;0.81428,0.577551,0.00519595,0.0579231
0.893184,0.175487,0.577621;0.794397,0.602917,0.0344891,0.065074
0.885758,0.168332,0.575787;0.775074,0.624856,0.0609362,0.0714349
0.8787,0.160948,0.574146;0.756735,0.643642,0.0845182,0.0770301
0.871746,0.153198,0.572611;0.738593,0.660572,0.106615,0.0822064
0.864988,0.145264,0.571189;0.720825,0.675767,0.127222,0.0869748
0.858501,0.137306,0.569882;0.703595,0.689343,0.146341,0.0913475
0.852348,0.129462,0.568693;0.68705,0.701415,0.163982,0.0953371
0.846091,0.121205,0.567532;0.669993,0.712963,0.1815,0.0992555
0.839752,0.112555,0.566404;0.652434,0.723979,0.198882,0.1031
0.833845,0.104241,0.565396;0.635794,0.733668,0.214796,0.10658
0.827904,0.0956287,0.564424;0.61875,0.74289,0.230573,0.109993
0.821945,0.0867356,0.563491;0.601312,0.75164,0.246204,0.113335
0.816481,0.0783513,0.562675;0.58499,0.759241,0.260395,0.116336
0.811028,0.0697587,0.561898;0.568356,0.766436,0.274446,0.119275
0.805601,0.0609711,0.561164;0.551419,0.773221,0.288351,0.122149
0.800211,0.0520016,0.560475;0.534186,0.779593,0.302102,0.124959
0.794872,0.0428637,0.559835;0.516668,0.785548,0.315691,0.127702
0.789597,0.0335706,0.559246;0.498874,0.791083,0.329112,0.130376
0.784398,0.0241356,0.558711;0.480813,0.796196,0.342356,0.132981
0.779289,0.014572,0.558234;0.462495,0.800882,0.355418,0.135514
0.774283,0.0048931,0.557817;0.44393,0.805141,0.368289,0.137976
0.769392,-0.00488778,0.557463;0.425127,0.808969,0.380964,0.140363
0.76463,-0.0147574,0.557176;0.406097,0.812365,0.393435,0.142676
0.760009,-0.0247023,0.556957;0.386851,0.815327,0.405696,0.144912
0.755543,-0.0347094,0.556811;0.367397,0.817853,0.41774,0.14707
0.751244,-0.0447653,0.556739;0.347747,0.819941,0.429561,0.149151
0.747126,-0.0548568,0.556746;0.327911,0.821592,0.441152,0.151151
0.743201,-0.0649704,0.556833;0.3079,0.822803,0.452507,0.153071
0.739483,-0.075093,0.557005;0.287725,0.823574,0.46362,0.154908
0.735984,-0.0852112,0.557263;0.267395,0.823905,0.474486,0.156663
0.732717,-0.0953117,0.55761;0.246923,0.823796,0.485097,0.158334
0.729695,-0.105381,0.558051;0.226318,0.823246,0.49545,0.159921
0.726932,-0.115407,0.558587;0.205593,0.822257,0.505538,0.161422
0.724439,-0.125374,0.559222;0.184757,0.820828,0.515355,0.162837
0.722231,-0.135271,0.559958;0.163823,0.81896,0.524897,0.164165
0.72032,-0.145084,0.560799;0.142802,0.816654,0.534159,0.165405
0.71859,-0.155677,0.561839;0.119782,0.813641,0.543936,0.166657
0.717245,-0.166137,0.56301;0.0966869,0.81011,0.553368,0.167803
0.716303,-0.176447,0.564318;0.0735298,0.806064,0.562447,0.168842
0.715781,-0.186588,0.565764;0.050326,0.801505,0.571169,0.169773
0.715695,-0.196545,0.567354;0.0270901,0.796436,0.579527,0.170597
0.716113,-0.207103,0.569242;0.00189899,0.790374,0.588166,0.171367
0.717085,-0.217401,0.571307;-0.0232936,0.783721,0.596366,0.172009
0.718586,-0.227173,0.573497;-0.0287955,0.783374,0.596721,0.171524
0.720635,-0.236677,0.575861;-0.0038251,0.793108,0.58506,0.169322
0.72342,-0.246601,0.578589;0.0230691,0.802829,0.57194,0.166787
0.726768,-0.256204,0.581494;0.0499404,0.81175,0.55825,0.164086
0.730643,-0.26549,0.584565;0.0767619,0.819863,0.544004,0.161222
0.735007,-0.27446,0.587788;0.103507,0.827158,0.529216,0.158197
0.739821,-0.283117,0.591152;0.130149,0.83363,0.5139,0.155014
0.74505,-0.291462,0.594644;0.156661,0.83927,0.498073,0.151677
0.750655,-0.299499,0.598254;0.183017,0.844075,0.481749,0.148189
0.756598,-0.307229,0.601968;0.209191,0.848038,0.464946,0.144553
0.762843,-0.314655,0.605774;0.235156,0.851157,0.447679,0.140773
0.769351,-0.321779,0.609661;0.260887,0.853427,0.429966,0.136853
0.776086,-0.328603,0.613616;0.286358,0.854848,0.411825,0.132797
0.783009,-0.33513,0.617628;0.311544,0.855416,0.393273,0.128608
0.790084,-0.341362,0.621683;0.33642,0.855132,0.37433,0.124291
0.797272,-0.347301,0.625771;0.36096,0.853996,0.355013,0.11985
0.804537,-0.352949,0.629879;0.38514,0.852009,0.335343,0.11529
0.812363,-0.358681,0.634288;0.410622,0.848939,0.313897,0.110277
0.820187,-0.364085,0.638692;0.435633,0.844897,0.292093,0.105138
0.827963,-0.369164,0.643075;0.460147,0.839889,0.269954,0.099878
0.835646,-0.37392,0.647423;0.484134,0.833921,0.247507,0.0945041
0.843685,-0.378641,0.652005;0.509109,0.826503,0.223252,0.088653
0.851509,-0.383001,0.656511;0.533422,0.81801,0.198706,0.0826865
0.859523,-0.387243,0.661196;0.558493,0.80782,0.172344,0.0762294
0.867601,-0.3913,0.666018;0.584143,0.795737,0.144156,0.0692707
0.875586,-0.395103,0.670925;0.610174,0.781562,0.114145,0.0618017
0.883652,-0.39874,0.676094;0.637641,0.764227,0.0807332,0.0534153
0.891738,-0.402177,0.681624;0.667278,0.742321,0.0423316,0.0436852
0.899402,-0.405233,0.687489;0.699379,0.714021,-0.00261905,0.0321738
0.906361,-0.40781,0.694429;0.739423,0.66989,-0.0651724,0.0159366
0.905465,-0.407631,0.702602;0.797464,0.576524,-0.177422,-0.0138508
0.896019,-0.404931,0.704173;0.80981,0.540911,-0.22465,-0.0339995
0.886325,-0.402196,0.703985;0.789281,0.569021,-0.223897,-0.0558759
0.876666,-0.399322,0.703205;0.771682,0.591074,-0.223009,-0.0735179
0.866985,-0.39624,0.702094;0.755444,0.609989,-0.222021,-0.0890173
0.857105,-0.392858,0.700733;0.7397,0.627169,-0.220926,-0.103414
0.84731,-0.389249,0.699214;0.724582,0.6427,-0.21976,-0.116714
0.837823,-0.38549,0.697614;0.710211,0.656667,-0.218558,-0.128923
0.827987,-0.381297,0.695842;0.695447,0.670272,-0.217235,-0.141062
0.818729,-0.377052,0.694083;0.681576,0.682418,-0.215917,-0.15212
0.8093,-0.372406,0.692208;0.667389,0.694247,-0.214499,-0.163108
0.799759,-0.367339,0.690232;0.652892,0.705754,-0.212981,-0.17402
0.791037,-0.362354,0.688359;0.63945,0.715931,-0.211515,-0.18387
0.782314,-0.356993,0.686424;0.625763,0.725833,-0.209968,-0.19365
0.773635,-0.351243,0.684438;0.611835,0.735458,-0.208341,-0.203356
0.765044,-0.345091,0.68241;0.597674,0.7448,-0.206634,-0.212983
0.756583,-0.338524,0.680351;0.583283,0.753856,-0.204848,-0.222529
0.748299,-0.331527,0.678271;0.568668,0.762624,-0.202983,-0.23199
0.741029,-0.324852,0.676391;0.555329,0.770265,-0.201238,-0.240428
0.73397,-0.317809,0.67451;0.541816,0.777666,-0.19943,-0.248792
0.727152,-0.310387,0.672635;0.528136,0.784826,-0.197561,-0.257079
0.720608,-0.302578,0.670776;0.514292,0.791743,-0.19563,-0.265286
0.71437,-0.294372,0.668938;0.500287,0.798413,-0.193639,-0.27341
0.708471,-0.285757,0.66713;0.486128,0.804836,-0.191587,-0.281449
0.702942,-0.276726,0.665358;0.471817,0.811008,-0.189476,-0.289401
0.697815,-0.267267,0.663632;0.45736,0.816929,-0.187306,-0.297264
0.693122,-0.257372,0.661958;0.442761,0.822596,-0.185078,-0.305033
0.689342,-0.248202,0.66052;0.429668,0.827418,-0.183049,-0.311861
0.685953,-0.238671,0.659134;0.41647,0.832038,-0.180975,-0.318611
0.682977,-0.228774,0.657807;0.40317,0.836454,-0.178857,-0.325283
0.680438,-0.218504,0.656542;0.389771,0.840664,-0.176695,-0.331876
0.678357,-0.207853,0.655346;0.376276,0.844668,-0.174489,-0.338387
0.676757,-0.196815,0.654224;0.362689,0.848465,-0.172241,-0.344815
0.67577,-0.186833,0.653307;0.350727,0.851616,-0.170239,-0.35037
0.675184,-0.176545,0.652455;0.338699,0.854608,-0.168205,-0.35586
0.675013,-0.165946,0.651669;0.326608,0.857438,-0.166139,-0.361282
0.675273,-0.155032,0.650956;0.314455,0.860108,-0.164043,-0.366637
0.67598,-0.143797,0.650317;0.302243,0.862616,-0.161915,-0.371922
0.677148,-0.132237,0.649756;0.289974,0.864962,-0.159757,-0.377138
0.678527,-0.122067,0.649341;0.279415,0.866844,-0.157883,-0.381552
0.680266,-0.111651,0.648988;0.268817,0.868605,-0.155988,-0.385914
0.682373,-0.100988,0.648699;0.258182,0.870247,-0.154071,-0.390223
0.684859,-0.0900742,0.648478;0.247511,0.871769,-0.152133,-0.394477
0.687733,-0.0789066,0.648326;0.236806,0.873171,-0.150174,-0.398677
0.691004,-0.0674824,0.648245;0.226068,0.874452,-0.148194,-0.402822
0.694041,-0.0577641,0.648234;0.217097,0.875427,-0.146528,-0.406234
0.697365,-0.047864,0.648275;0.208104,0.876318,-0.144848,-0.409607
0.700983,-0.0377803,0.64837;0.199091,0.877126,-0.143155,-0.41294
0.7049,-0.0275114,0.648521;0.190059,0.877849,-0.141448,-0.416234
0.709122,-0.0170556,0.648727;0.181009,0.878488,-0.139727,-0.419488
0.713654,-0.00641121,0.648991;0.171942,0.879043,-0.137993,-0.422702
0.718502,0.00442346,0.649314;0.162858,0.879514,-0.136245,-0.425876
0.72367,0.0154501,0.649698;0.153759,0.8799,-0.134485,-0.429008
0.729165,0.0266703,0.650142;0.144645,0.880202,-0.132711,-0.4321
0.7338,0.0357871,0.650543;0.137343,0.880383,-0.131283,-0.434543
0.73865,0.0450297,0.650985;0.130033,0.88051,-0.129847,-0.43696
0.743719,0.054399,0.651469;0.122716,0.880582,-0.128404,-0.439349
0.749008,0.0638959,0.651994;0.11539,0.880601,-0.126952,-0.441712
0.754521,0.0735213,0.652563;0.108058,0.880566,-0.125492,-0.444048
0.760261,0.0832759,0.653175;0.100719,0.880477,-0.124025,-0.446357
0.76623,0.0931607,0.653831;0.0933738,0.880333,-0.12255,-0.448638
0.772431,0.103177,0.654532;0.0860229,0.880136,-0.121068,-0.450891
