0.954925,-0.144409,0.500935;0.771338,-0.457054,-0.0344976,0.44153
0.955497,-0.130283,0.503705;0.770336,-0.459076,-0.0344647,0.441184
0.956016,-0.116342,0.506437;0.769329,-0.461097,-0.0344316,0.440837
0.956482,-0.102584,0.509131;0.768319,-0.463114,-0.0343983,0.440486
0.956897,-0.0890084,0.511787;0.767304,-0.46513,-0.0343648,0.440134
0.95726,-0.075614,0.514406;0.766285,-0.467143,-0.0343312,0.439779
0.957572,-0.0623997,0.516987;0.765263,-0.469153,-0.0342974,0.439422
0.957834,-0.0493648,0.519532;0.764236,-0.471161,-0.0342634,0.439063
0.958045,-0.036508,0.522039;0.763206,-0.473167,-0.0342292,0.438701
0.958208,-0.0238285,0.52451;0.762171,-0.47517,-0.0341948,0.438337
0.958322,-0.0113252,0.526944;0.761132,-0.477171,-0.0341603,0.437971
0.958387,0.00100286,0.529343;0.76009,-0.479169,-0.0341256,0.437603
0.958405,0.0131567,0.531705;0.759043,-0.481164,-0.0340907,0.437232
0.958375,0.0251373,0.534031;0.757993,-0.483157,-0.0340556,0.436859
0.958299,0.0369458,0.536322;0.756939,-0.485148,-0.0340204,0.436484
0.958176,0.048583,0.538578;0.75588,-0.487136,-0.0339849,0.436106
0.958008,0.0600501,0.540799;0.754818,-0.489122,-0.0339493,0.435726
0.957794,0.0713479,0.542985;0.753752,-0.491105,-0.0339136,0.435344
0.957536,0.0824776,0.545136;0.752681,-0.493085,-0.0338776,0.43496
0.957233,0.0934401,0.547253;0.751607,-0.495063,-0.0338415,0.434573
0.956888,0.104236,0.549335;0.750529,-0.497038,-0.0338052,0.434184
0.956498,0.114868,0.551384;0.749447,-0.499011,-0.0337687,0.433793
0.956067,0.125335,0.553399;0.748362,-0.500981,-0.033732,0.433399
0.955593,0.135638,0.55538;0.747272,-0.502949,-0.0336952,0.433004
0.955078,0.14578,0.557328;0.746178,-0.504914,-0.0336582,0.432606
0.954522,0.155761,0.559243;0.745081,-0.506876,-0.033621,0.432205
0.953925,0.165581,0.561126;0.743979,-0.508835,-0.0335836,0.431803
0.952955,0.180014,0.563888;0.74232,-0.51177,-0.0335272,0.431195
0.951897,0.194091,0.566578;0.740652,-0.514698,-0.0334704,0.430582
0.950752,0.207818,0.569196;0.738975,-0.51762,-0.0334133,0.429964
0.949523,0.221197,0.571742;0.737289,-0.520537,-0.0333557,0.429341
0.948211,0.234231,0.574219;0.735595,-0.523447,-0.0332978,0.428712
0.946818,0.246924,0.576626;0.733892,-0.526351,-0.0332394,0.428079
0.945345,0.259279,0.578963;0.732181,-0.529249,-0.0331807,0.427441
0.943794,0.271301,0.581233;0.730461,-0.53214,-0.0331216,0.426798
0.942168,0.282991,0.583436;0.728732,-0.535026,-0.0330621,0.42615
0.940468,0.294353,0.585572;0.726995,-0.537905,-0.0330022,0.425496
0.938695,0.305392,0.587642;0.72525,-0.540778,-0.0329419,0.424838
0.936852,0.31611,0.589647;0.723496,-0.543644,-0.0328812,0.424175
0.934939,0.32651,0.591587;0.721733,-0.546504,-0.0328202,0.423507
0.93296,0.336597,0.593465;0.719962,-0.549358,-0.0327588,0.422833
0.930916,0.346373,0.595279;0.718182,-0.552205,-0.0326969,0.422155
0.928091,0.35893,0.597601;0.715796,-0.555991,-0.0326139,0.421243
0.925157,0.37095,0.599816;0.713396,-0.559766,-0.0325302,0.420323
0.922119,0.382439,0.601923;0.71098,-0.563529,-0.0324458,0.419393
0.91898,0.393406,0.603925;0.708549,-0.56728,-0.0323607,0.418455
0.915744,0.40386,0.605824;0.706104,-0.571019,-0.032275,0.417508
0.912417,0.413808,0.607622;0.703644,-0.574746,-0.0321886,0.416552
0.909001,0.423258,0.60932;0.701169,-0.578462,-0.0321015,0.415588
0.904614,0.434382,0.611306;0.698055,-0.583089,-0.0319917,0.41437
0.900105,0.444757,0.613142;0.694918,-0.587697,-0.0318809,0.413139
0.89548,0.454398,0.614832;0.691759,-0.592286,-0.031769,0.411894
0.890749,0.463321,0.616379;0.688577,-0.596856,-0.0316561,0.410636
0.884942,0.473103,0.618054;0.684729,-0.602314,-0.0315192,0.409109
0.879008,0.4819,0.619534;0.680849,-0.607744,-0.0313809,0.407563
0.871941,0.490956,0.621024;0.676282,-0.614042,-0.0312176,0.405734
0.864742,0.498751,0.622267;0.671671,-0.620302,-0.0310523,0.40388
0.856382,0.506173,0.623399;0.66635,-0.627407,-0.030861,0.401729
0.84791,0.512071,0.624237;0.660973,-0.63446,-0.0306672,0.399544
0.83829,0.516963,0.624844;0.654858,-0.64233,-0.030446,0.397047
0.828619,0.520098,0.625117;0.648673,-0.650134,-0.0302216,0.394508
0.817872,0.521632,0.625052;0.641721,-0.658723,-0.0299686,0.391637
0.807187,0.521236,0.624627;0.634686,-0.667227,-0.0297116,0.388716
0.796629,0.519036,0.62387;0.627567,-0.675643,-0.0294508,0.385744
0.786262,0.515156,0.622809;0.620367,-0.683972,-0.0291861,0.382722
0.777404,0.510486,0.621653;0.614003,-0.691183,-0.0289515,0.380037
0.768903,0.504797,0.620324;0.62324,-0.671744,-0.0411597,0.398294
0.761194,0.498568,0.618926;0.631329,-0.653028,-0.0525192,0.414995
0.753715,0.491496,0.617386;0.638898,-0.633774,-0.0638354,0.431353
0.746989,0.484215,0.615837;0.645455,-0.615427,-0.0742964,0.446226
0.740484,0.476283,0.614183;0.651554,-0.596643,-0.0847046,0.460781
0.734212,0.467734,0.612431;0.65719,-0.577436,-0.0950527,0.475009
0.728636,0.459327,0.610735;0.661979,-0.559342,-0.104545,0.487844
0.723276,0.450454,0.608969;0.666366,-0.540909,-0.113974,0.500383
0.718139,0.441143,0.607139;0.670351,-0.522149,-0.123334,0.512619
0.713634,0.432247,0.605412;0.673647,-0.504674,-0.131849,0.523564
0.70933,0.423028,0.603641;0.676601,-0.486943,-0.140296,0.534242
0.705234,0.413507,0.601833;0.67921,-0.468964,-0.148673,0.544648
0.701352,0.403708,0.599992;0.681475,-0.450747,-0.156973,0.554778
0.697691,0.39365,0.598122;0.683392,-0.432301,-0.165194,0.564625
0.69456,0.384301,0.596402;0.684834,-0.41534,-0.172595,0.573329
0.691621,0.374774,0.594667;0.685988,-0.398205,-0.179923,0.581791
0.68888,0.365083,0.592919;0.686854,-0.380903,-0.187176,0.590009
0.686341,0.355246,0.591164;0.687431,-0.36344,-0.19435,0.597978
0.684009,0.34528,0.589404;0.687719,-0.345825,-0.201442,0.605697
0.681889,0.335199,0.587643;0.687718,-0.328064,-0.208449,0.613161
0.679986,0.325021,0.585886;0.687428,-0.310166,-0.215369,0.620367
0.678305,0.314761,0.584135;0.68685,-0.292137,-0.222199,0.627313
0.67685,0.304437,0.582394;0.685982,-0.273985,-0.228935,0.633995
0.675627,0.294064,0.580668;0.684827,-0.255719,-0.235575,0.64041
0.67464,0.283658,0.578959;0.683383,-0.237344,-0.242116,0.646556
0.673894,0.273236,0.577271;0.681652,-0.21887,-0.248555,0.652431
0.673395,0.262815,0.575609;0.679635,-0.200304,-0.254889,0.658031
0.673146,0.252409,0.573976;0.677333,-0.181654,-0.261117,0.663355
0.673153,0.242037,0.572375;0.674745,-0.162928,-0.267235,0.6684
0.67342,0.231713,0.570811;0.671874,-0.144133,-0.27324,0.673165
0.673953,0.221455,0.569286;0.668721,-0.125278,-0.279131,0.677646
0.674757,0.211278,0.567806;0.665286,-0.106369,-0.284904,0.681842
0.675835,0.201199,0.566372;0.661572,-0.0874166,-0.290558,0.685752
0.677194,0.191234,0.56499;0.65758,-0.068427,-0.296089,0.689374
0.678837,0.181399,0.563662;0.653312,-0.0494086,-0.301497,0.692706
0.680979,0.170751,0.562269;0.6483,-0.0284648,-0.307298,0.696035
0.683479,0.160301,0.560952;0.642958,-0.00750649,-0.312943,0.69901
0.686342,0.150073,0.559716;0.637289,0.0134556,-0.318429,0.70163
0.689575,0.140087,0.558565;0.631296,0.0344109,-0.323753,0.703893
0.693185,0.130365,0.557504;0.624982,0.0553487,-0.328912,0.705798
0.697112,0.12107,0.556552;0.632985,0.0459245,-0.320074,0.703402
0.701476,0.111898,0.555674;0.647523,0.0218038,-0.304131,0.698386
0.706194,0.102999,0.554879;0.661367,-0.00234031,-0.287861,0.692621
0.711247,0.0943634,0.554157;0.674502,-0.0264819,-0.271283,0.686113
0.716984,0.0854271,0.553459;0.687715,-0.052201,-0.25328,0.678361
0.723057,0.0767613,0.552823;0.700088,-0.0778564,-0.234967,0.66978
0.729441,0.0683515,0.55224;0.711607,-0.103417,-0.216368,0.660383
0.736114,0.0601836,0.551698;0.722258,-0.128851,-0.197505,0.650179
0.743053,0.0522431,0.551187;0.732027,-0.154128,-0.1784,0.639183
0.750233,0.0445158,0.550696;0.740903,-0.179217,-0.159078,0.627406
0.757631,0.0369874,0.550214;0.748875,-0.204087,-0.139562,0.614863
0.765225,0.0296435,0.549731;0.755933,-0.228708,-0.119876,0.601571
0.77299,0.0224699,0.549236;0.762069,-0.25305,-0.100043,0.587544
0.780903,0.0154522,0.548718;0.767275,-0.277084,-0.080088,0.5728
0.788941,0.00857612,0.548166;0.771544,-0.300779,-0.0600355,0.557357
0.79708,0.00182735,0.54757;0.774872,-0.324107,-0.0399096,0.541235
0.805297,-0.00480843,0.546919;0.777255,-0.34704,-0.0197351,0.524451
0.813568,-0.0113455,0.546202;0.778689,-0.369549,0.000463451,0.507028
0.821871,-0.0177982,0.545408;0.779172,-0.391607,0.0206615,0.488986
0.830181,-0.0241809,0.544528;0.778705,-0.413187,0.0408343,0.470347
0.838475,-0.0305078,0.543549;0.777288,-0.434263,0.0609573,0.451135
0.84673,-0.0367932,0.542462;0.774922,-0.45481,0.0810059,0.431372
0.854923,-0.0430515,0.541255;0.771611,-0.474801,0.100956,0.411082
0.863029,-0.049297,0.539918;0.767358,-0.494213,0.120782,0.390291
0.871026,-0.055544,0.53844;0.762169,-0.513021,0.140461,0.369024
0.87889,-0.0618068,0.53681;0.756049,-0.531204,0.159969,0.347306
0.886598,-0.0680997,0.535018;0.749007,-0.548739,0.179282,0.325164
0.894127,-0.0744371,0.533053;0.741051,-0.565604,0.198375,0.302626
0.901902,-0.0812351,0.530763;0.731608,-0.582766,0.218397,0.278275
0.90942,-0.0881167,0.528253;0.721156,-0.599125,0.238117,0.253541
0.916653,-0.0950989,0.525509;0.709711,-0.614659,0.25751,0.228457
0.923573,-0.102199,0.52252;0.697288,-0.629347,0.276548,0.203059
0.93015,-0.109434,0.519271;0.683905,-0.643167,0.295204,0.177381
0.936358,-0.116821,0.515751;0.66958,-0.656102,0.313455,0.151459
0.942168,-0.124377,0.511945;0.654332,-0.668132,0.331273,0.125328
0.947552,-0.13212,0.507842;0.638183,-0.679243,0.348635,0.099024
0.952483,-0.140067,0.503429;0.621154,-0.689417,0.365517,0.072584
0.956794,-0.147963,0.498852;0.607098,-0.70337,0.364753,0.0604742
0.960803,-0.156396,0.493766;0.595924,-0.723591,0.342094,0.0652872
0.964334,-0.164977,0.488387;0.584112,-0.743036,0.31907,0.0700303
0.967201,-0.173023,0.483155;0.572584,-0.760381,0.297383,0.0743676
0.969686,-0.181097,0.477721;0.560528,-0.777025,0.275422,0.0786363
0.971805,-0.189148,0.472107;0.547954,-0.792951,0.253207,0.0828324
0.973574,-0.197129,0.466339;0.534874,-0.808145,0.230759,0.086952
0.975104,-0.20559,0.459982;0.520237,-0.823674,0.206346,0.0912988
0.976264,-0.213853,0.453502;0.505043,-0.838322,0.181712,0.0955477
0.977072,-0.221856,0.446931;0.489308,-0.852072,0.156883,0.0996945
0.977548,-0.229541,0.440297;0.47305,-0.86491,0.131887,0.103734
0.977711,-0.237351,0.433155;0.455069,-0.877637,0.104949,0.10794
0.977537,-0.244651,0.426014;0.436529,-0.889286,0.0778826,0.112012
0.977007,-0.25179,0.418438;0.416162,-0.900507,0.0489068,0.116205
0.976085,-0.258546,0.410484;0.393886,-0.91105,0.0180461,0.120481
0.974744,-0.264649,0.40223;0.369622,-0.920646,-0.0146599,0.124802
0.972963,-0.26978,0.393772;0.343302,-0.929008,-0.0491537,0.129122
0.970615,-0.273704,0.384817;0.313426,-0.936118,-0.0871628,0.133601
0.967523,-0.275689,0.375214;0.278363,-0.941484,-0.13034,0.138326
0.963789,-0.274492,0.365739;0.239393,-0.943955,-0.176648,0.142953
0.95993,-0.269707,0.357713;0.201087,-0.943046,-0.220562,0.146905
0.956404,-0.26227,0.351667;0.166806,-0.939584,-0.258589,0.149968
0.953319,-0.253229,0.347305;0.136841,-0.934595,-0.290884,0.152295
0.950731,-0.243616,0.344308;0.111397,-0.928964,-0.317637,0.154021
0.948496,-0.233629,0.342231;0.0890032,-0.922972,-0.340684,0.155356
0.946618,-0.223849,0.340878;0.0697322,-0.917049,-0.360149,0.156367
0.944938,-0.213863,0.340003;0.0520186,-0.910987,-0.377743,0.157186
0.943453,-0.20391,0.339522;0.0358852,-0.904953,-0.393522,0.157841
0.942015,-0.193102,0.339353;0.0197322,-0.898424,-0.409085,0.158409
0.940767,-0.182625,0.339476;0.00518506,-0.892129,-0.422902,0.158847
0.939568,-0.171421,0.339868;-0.0093644,-0.88544,-0.436531,0.159214
0.938547,-0.160839,0.340448;-0.022294,-0.879165,-0.448485,0.159482
0.937573,-0.149658,0.341253;-0.0352158,-0.872582,-0.460281,0.159693
0.93676,-0.139372,0.342147;-0.0375445,-0.86941,-0.465758,0.16058
0.936038,-0.129369,0.343138;-0.0211458,-0.872078,-0.460972,0.162904
0.935345,-0.118979,0.344277;-0.00474077,-0.87448,-0.456046,0.165178
0.934678,-0.108217,0.345558;0.0116657,-0.876617,-0.45098,0.167403
0.934033,-0.0971004,0.346976;0.0280687,-0.878486,-0.445777,0.169576
0.933476,-0.0869338,0.348347;0.0426421,-0.879924,-0.441039,0.171465
0.932931,-0.0765113,0.349819;0.0572052,-0.88115,-0.436194,0.173312
0.932396,-0.0658442,0.351386;0.0717546,-0.882164,-0.431245,0.175118
0.931867,-0.0549442,0.353045;0.0862867,-0.882966,-0.426192,0.176881
0.931344,-0.0438229,0.354793;0.100798,-0.883555,-0.421036,0.178602
0.930887,-0.0339193,0.356392;0.113476,-0.883897,-0.416442,0.180073
0.93043,-0.0238627,0.358053;0.126133,-0.884075,-0.411771,0.181511
0.929972,-0.013661,0.359774;0.138766,-0.884091,-0.407024,0.182915
0.92951,-0.00332195,0.361551;0.151374,-0.883945,-0.402202,0.184285
0.929042,0.00714679,0.363383;0.163954,-0.883635,-0.397306,0.185622
0.928567,0.0177375,0.365267;0.176504,-0.883163,-0.392338,0.186924
0.928084,0.0284423,0.367199;0.189022,-0.882528,-0.387296,0.188192
0.92759,0.0392536,0.369179;0.201504,-0.881731,-0.382184,0.189425
0.927084,0.0501635,0.371202;0.21395,-0.880771,-0.377001,0.190624
0.926563,0.0611644,0.373267;0.226356,-0.87965,-0.371749,0.191787
0.926028,0.0722485,0.375371;0.238721,-0.878366,-0.366428,0.192915
0.925475,0.0834081,0.377511;0.251041,-0.87692,-0.36104,0.194008
0.924902,0.0946354,0.379684;0.263316,-0.875314,-0.355585,0.195064
0.924309,0.105923,0.381889;0.275541,-0.873546,-0.350065,0.196085
0.923694,0.117262,0.384122;0.287717,-0.871617,-0.344481,0.19707
0.923054,0.128646,0.386381;0.299839,-0.869527,-0.338833,0.198019
0.922389,0.140067,0.388663;0.311906,-0.867278,-0.333122,0.198931
0.921796,0.14988,0.390636;0.322203,-0.865223,-0.328179,0.199683
0.921182,0.159709,0.392622;0.332457,-0.86305,-0.323191,0.200409
0.920546,0.169549,0.394621;0.342666,-0.860761,-0.31816,0.201107
0.919886,0.179397,0.39663;0.352829,-0.858356,-0.313085,0.201778
0.919201,0.189246,0.398647;0.362943,-0.855835,-0.307968,0.202422
0.918491,0.199092,0.400671;0.373009,-0.853197,-0.30281,0.203039
0.917754,0.20893,0.402701;0.383025,-0.850445,-0.29761,0.203628
0.916989,0.218755,0.404735;0.392988,-0.847577,-0.29237,0.20419
0.916195,0.228563,0.406771;0.402898,-0.844595,-0.287091,0.204724
0.915371,0.238348,0.408807;0.412754,-0.841498,-0.281773,0.20523
0.914516,0.248106,0.410843;0.422554,-0.838288,-0.276416,0.205708
0.913478,0.259448,0.413214;0.433915,-0.834399,-0.27012,0.206231
0.912394,0.270739,0.415579;0.445196,-0.830356,-0.263774,0.206717
0.911263,0.281971,0.417935;0.456395,-0.826161,-0.25738,0.207164
0.910083,0.293135,0.420279;0.467511,-0.821814,-0.250938,0.207573
0.908852,0.304224,0.422609;0.47854,-0.817315,-0.24445,0.207943
0.907569,0.315231,0.424923;0.489481,-0.812666,-0.237917,0.208276
0.906231,0.326147,0.427218;0.500331,-0.807867,-0.23134,0.20857
0.904838,0.336965,0.429491;0.51109,-0.802919,-0.22472,0.208825
0.903387,0.347678,0.431739;0.521755,-0.797824,-0.218059,0.209043
0.901877,0.358276,0.43396;0.532323,-0.792582,-0.211358,0.209221
0.900306,0.368753,0.436152;0.542794,-0.787194,-0.204618,0.209362
0.898673,0.379101,0.438312;0.553164,-0.781661,-0.197841,0.209463
0.896975,0.389312,0.440437;0.563433,-0.775984,-0.191027,0.209526
0.895211,0.399378,0.442524;0.573598,-0.770164,-0.184177,0.209551
0.893378,0.409292,0.444572;0.583658,-0.764202,-0.177294,0.209537
0.891477,0.419046,0.446577;0.59361,-0.7581,-0.170379,0.209484
0.889216,0.429988,0.448813;0.604849,-0.750955,-0.162437,0.209377
0.88686,0.440698,0.450987;0.615944,-0.743629,-0.154455,0.209219
0.884406,0.451166,0.453094;0.62689,-0.736125,-0.146437,0.209011
0.88185,0.461381,0.45513;0.637685,-0.728443,-0.138384,0.208753
0.879192,0.471329,0.457092;0.648327,-0.720587,-0.130297,0.208444
0.876427,0.481001,0.458975;0.658814,-0.712557,-0.122179,0.208086
0.873187,0.491536,0.460996;0.670421,-0.703319,-0.113011,0.207622
0.869807,0.50169,0.462908;0.681824,-0.693866,-0.103809,0.207096
0.866281,0.511445,0.464704;0.69302,-0.684203,-0.0945748,0.206507
0.862608,0.520786,0.466381;0.704005,-0.674331,-0.0853122,0.205854
0.858348,0.530659,0.468095;0.71596,-0.663122,-0.0749901,0.205056
0.853896,0.539976,0.469647;0.727645,-0.651663,-0.0646397,0.204181
0.84877,0.549558,0.471156;0.740182,-0.638777,-0.0532265,0.203129
0.843398,0.558411,0.472449;0.752384,-0.625599,-0.041789,0.201985
0.837251,0.567203,0.473601;0.765304,-0.6109,-0.0292903,0.200633
0.830794,0.575053,0.474471;0.77781,-0.59587,-0.0167757,0.199172
0.823441,0.582449,0.475079;0.790883,-0.579224,-0.00320827,0.197468
0.815093,0.58907,0.475327;0.8044,-0.560887,0.0114049,0.195492
0.806287,0.594236,0.475133;0.817324,-0.542137,0.0260096,0.193372
0.797008,0.597886,0.474476;0.829647,-0.522987,0.0405952,0.19111
0.787243,0.599957,0.473335;0.841358,-0.503452,0.0551509,0.188707
0.776978,0.600388,0.47169;0.85245,-0.483547,0.069666,0.186166
0.766987,0.599266,0.469693;0.862188,-0.464744,0.0830986,0.183683
0.757362,0.596884,0.467434;0.870691,-0.447125,0.0954513,0.181287
0.748192,0.593532,0.465;0.878072,-0.430762,0.106729,0.179005
0.738683,0.58903,0.462209;0.885053,-0.414203,0.117959,0.176642
0.729739,0.583915,0.459354;0.891051,-0.398986,0.128121,0.174423
0.721442,0.57846,0.456519;0.896163,-0.385162,0.137226,0.172371
