0.865543,0.0610944,0.283125;0.980587,-0.11501,0.0803411,-0.136996
0.871124,0.054926,0.291664;0.979147,-0.125837,0.0785897,-0.138778
0.876622,0.0488653,0.300055;0.977585,-0.136649,0.0768284,-0.140542
0.882035,0.0429117,0.308299;0.9759,-0.147443,0.0750575,-0.142288
0.887366,0.0370644,0.316397;0.974093,-0.158219,0.0732771,-0.144017
0.892615,0.0313228,0.32435;0.972163,-0.168975,0.0714876,-0.145727
0.897782,0.0256861,0.33216;0.970111,-0.17971,0.0696891,-0.147419
0.902867,0.0201536,0.339826;0.967937,-0.190422,0.0678818,-0.149093
0.907872,0.0147245,0.347351;0.965642,-0.201111,0.066066,-0.150748
0.912796,0.00939814,0.354735;0.963226,-0.211774,0.064242,-0.152384
0.917641,0.00417379,0.361979;0.960689,-0.22241,0.0624098,-0.154
0.923351,-0.00196179,0.370489;0.957485,-0.235137,0.0602009,-0.155915
0.928948,-0.00795279,0.378801;0.954108,-0.247821,0.0579811,-0.157802
0.934432,-0.0138004,0.386917;0.950558,-0.260461,0.0557509,-0.15966
0.939805,-0.019506,0.394838;0.946837,-0.273053,0.0535105,-0.161489
0.945069,-0.0250707,0.402567;0.942944,-0.285597,0.0512605,-0.163289
0.950222,-0.0304959,0.410105;0.938881,-0.298088,0.0490013,-0.165059
0.955268,-0.0357827,0.417453;0.934649,-0.310526,0.0467331,-0.166799
0.960206,-0.0409324,0.424614;0.930247,-0.322907,0.0444565,-0.16851
0.965833,-0.0467689,0.432735;0.924899,-0.337278,0.0417904,-0.170467
0.971316,-0.0524224,0.440605;0.919324,-0.351566,0.039114,-0.172382
0.976657,-0.0578951,0.448228;0.913522,-0.365768,0.0364279,-0.174254
0.981857,-0.0631888,0.455607;0.907496,-0.379879,0.0337329,-0.176084
0.986919,-0.0683056,0.462745;0.901246,-0.393897,0.0310296,-0.17787
0.992535,-0.0739394,0.47061;0.893832,-0.409799,0.0279308,-0.179858
0.997973,-0.0793475,0.478168;0.886131,-0.425569,0.024823,-0.181789
1.00324,-0.0845332,0.485422;0.878145,-0.441202,0.0217072,-0.18366
1.00895,-0.0901047,0.493226;0.868823,-0.45862,0.0181937,-0.185695
1.01445,-0.0954025,0.500657;0.859148,-0.475851,0.0146727,-0.187655
1.01973,-0.100431,0.507722;0.849124,-0.492889,0.0111458,-0.189538
1.02536,-0.105707,0.515148;0.837581,-0.511584,0.0072218,-0.19154
1.03073,-0.110662,0.522138;0.825617,-0.530023,0.00329414,-0.193446
1.03635,-0.115747,0.529332;0.811979,-0.549997,-0.00102811,-0.19543
1.04215,-0.120868,0.5366;0.796538,-0.571406,-0.0057425,-0.197459
1.04803,-0.125924,0.543809;0.77916,-0.594132,-0.010845,-0.199496
1.05392,-0.130813,0.550817;0.759707,-0.618042,-0.0163295,-0.201501
1.06011,-0.135711,0.557897;0.736561,-0.644621,-0.0225776,-0.203548
1.06639,-0.140374,0.564716;0.709391,-0.673531,-0.0295715,-0.205539
1.07284,-0.144723,0.5712;0.676237,-0.70587,-0.0376696,-0.207439
1.07982,-0.148669,0.577325;0.631422,-0.745144,-0.0479563,-0.209206
1.08804,-0.151398,0.582315;0.555348,-0.802006,-0.0639614,-0.210438
1.09475,-0.147199,0.579038;0.4148,-0.881252,-0.0896975,-0.208062
1.09503,-0.140482,0.571492;0.328664,-0.916292,-0.103461,-0.204167
1.0938,-0.133829,0.56372;0.263177,-0.936968,-0.113038,-0.20013
1.09192,-0.12728,0.555959;0.20726,-0.950826,-0.120653,-0.195999
1.08969,-0.120837,0.548273;0.157203,-0.960397,-0.127048,-0.19179
1.08722,-0.114484,0.54067;0.11113,-0.966909,-0.132593,-0.187501
1.08454,-0.108067,0.532981;0.0670211,-0.97112,-0.137601,-0.183031
1.08171,-0.101683,0.525333;0.0249916,-0.973314,-0.142102,-0.178444
1.07881,-0.0954122,0.51783;-0.0148688,-0.973765,-0.14613,-0.173799
1.07585,-0.08922,0.510436;-0.0434188,-0.973031,-0.149745,-0.170003
1.07265,-0.0827013,0.502672;-0.00998987,-0.973097,-0.153087,-0.171893
1.06952,-0.0765003,0.495307;0.0212215,-0.972164,-0.156049,-0.173481
1.06627,-0.0702017,0.487847;0.0524119,-0.970272,-0.158858,-0.174898
1.06292,-0.0638207,0.480313;0.0835506,-0.967423,-0.16151,-0.176142
1.05946,-0.0573723,0.472723;0.114607,-0.96362,-0.164003,-0.177213
1.05592,-0.0508717,0.465097;0.14555,-0.958867,-0.166334,-0.178109
1.05229,-0.0443338,0.457455;0.17635,-0.953168,-0.168501,-0.178829
1.0486,-0.0377739,0.449816;0.206976,-0.946528,-0.170502,-0.179372
1.04485,-0.0312069,0.442201;0.237397,-0.938955,-0.172334,-0.179739
1.04105,-0.0246479,0.434627;0.267585,-0.930456,-0.173997,-0.179929
1.03721,-0.0181121,0.427116;0.297508,-0.92104,-0.175488,-0.179941
1.03335,-0.0116144,0.419687;0.327138,-0.910715,-0.176806,-0.179776
1.02946,-0.00517003,0.412359;0.356446,-0.899491,-0.177949,-0.179433
1.02557,0.001206,0.405152;0.385402,-0.887381,-0.178917,-0.178913
1.02169,0.00749862,0.398085;0.413977,-0.874395,-0.179709,-0.178217
1.01781,0.0136927,0.391179;0.442145,-0.860546,-0.180323,-0.177345
1.01369,0.0202029,0.383979;0.47184,-0.844768,-0.180784,-0.176217
1.0096,0.026564,0.377009;0.501,-0.828032,-0.18104,-0.174889
1.00531,0.0331643,0.369856;0.531479,-0.809148,-0.181087,-0.173255
1.00108,0.0395514,0.363022;0.561272,-0.789222,-0.180901,-0.171397
0.996693,0.0460792,0.356142;0.592135,-0.766937,-0.180448,-0.169181
0.992177,0.0526711,0.349325;0.623874,-0.742126,-0.179683,-0.166567
0.98758,0.0592375,0.342696;0.656272,-0.714625,-0.178557,-0.163513
0.982958,0.0656742,0.3364;0.689085,-0.684275,-0.177021,-0.159978
0.978164,0.07214,0.330348;0.723576,-0.649301,-0.17492,-0.155717
0.972944,0.0788735,0.324478;0.76206,-0.605938,-0.171889,-0.150194
0.967276,0.0856746,0.319336;0.805853,-0.549754,-0.167357,-0.142697
0.96059,0.0924287,0.316418;0.863695,-0.460263,-0.158952,-0.130087
0.955576,0.0938459,0.323522;0.928376,-0.324617,-0.143919,-0.109681
0.955335,0.0903213,0.333107;0.954129,-0.242055,-0.130937,-0.117912
0.956124,0.0860801,0.342315;0.968093,-0.180691,-0.120644,-0.124863
0.957358,0.0814566,0.351526;0.976895,-0.127493,-0.111424,-0.130413
0.958811,0.0767515,0.360452;0.982173,-0.0806225,-0.103079,-0.134946
0.96039,0.0720266,0.369132;0.98499,-0.0380521,-0.0953224,-0.138778
0.962088,0.0671901,0.377811;0.985938,0.00234549,-0.0878075,-0.142167
0.963959,0.0620486,0.386867;0.985208,0.0427391,-0.0801433,-0.145313
0.965859,0.0569535,0.395705;0.98298,0.0808231,-0.0727795,-0.148058
0.967748,0.0519803,0.404224;0.979521,0.116556,-0.0657477,-0.150436
0.969714,0.0468669,0.412893;0.974745,0.152132,-0.0586276,-0.152612
0.971741,0.0416449,0.421662;0.96866,0.187504,-0.0514287,-0.154583
0.97381,0.0363459,0.430487;0.961272,0.222623,-0.0441607,-0.156347
0.975903,0.0310016,0.439319;0.952593,0.257444,-0.0368334,-0.1579
0.978003,0.0256434,0.448113;0.942634,0.291918,-0.0294565,-0.159241
0.980091,0.020303,0.456821;0.931408,0.326,-0.0220401,-0.160368
0.982149,0.0150119,0.465397;0.91893,0.359645,-0.014594,-0.161279
0.984159,0.00980187,0.473795;0.905217,0.392805,-0.00712837,-0.161974
0.986222,0.0043902,0.482468;0.889315,0.427459,0.000814173,-0.162473
0.98819,-0.000856532,0.490831;0.872063,0.461465,0.00875548,-0.162726
0.990145,-0.00619001,0.499286;0.852355,0.496706,0.0171492,-0.162725
0.992038,-0.0115234,0.50769;0.82998,0.532988,0.0259773,-0.162424
0.99389,-0.0170014,0.516265;0.803422,0.571911,0.0356767,-0.161733
0.995582,-0.0224171,0.524676;0.772204,0.613019,0.0462043,-0.160546
0.997051,-0.0278723,0.533059;0.732826,0.659095,0.0583969,-0.158585
0.997996,-0.0333793,0.541362;0.675989,0.716579,0.0742982,-0.155027
0.994323,-0.0362892,0.544809;0.520473,0.83469,0.110437,-0.14214
0.989069,-0.0314958,0.536708;0.487504,0.852766,0.122477,-0.141876
0.984628,-0.0264872,0.528441;0.498194,0.845022,0.127376,-0.146685
0.980605,-0.021657,0.520469;0.506432,0.838869,0.131167,-0.150404
0.97613,-0.0161122,0.511275;0.514602,0.832604,0.134941,-0.154101
0.971964,-0.010862,0.50251;0.52155,0.827145,0.138161,-0.157255
0.96752,-0.00521504,0.493005;0.528447,0.821604,0.141367,-0.160393
0.963623,-0.000248997,0.484572;0.534155,0.816925,0.144028,-0.162995
0.959565,0.00491709,0.475719;0.539826,0.812191,0.14668,-0.165587
0.955362,0.0102489,0.466488;0.54546,0.807401,0.149321,-0.168167
0.951027,0.0157122,0.456922;0.551058,0.802555,0.151953,-0.170736
0.946576,0.0212727,0.447062;0.556617,0.797655,0.154573,-0.173293
0.942023,0.0268961,0.436951;0.562138,0.792701,0.157184,-0.175839
0.938317,0.031417,0.42871;0.566528,0.788698,0.159264,-0.177866
0.934563,0.0359386,0.420357;0.570893,0.784661,0.161338,-0.179886
0.930768,0.0404435,0.411913;0.575232,0.780589,0.163404,-0.181898
0.926941,0.044914,0.403401;0.579547,0.776484,0.165464,-0.183902
0.923087,0.0493325,0.394843;0.583836,0.772344,0.167516,-0.185898
0.919215,0.0536816,0.386259;0.5881,0.768171,0.169561,-0.187886
0.915333,0.0579436,0.377672;0.592338,0.763964,0.171598,-0.189866
0.911448,0.062101,0.369102;0.59655,0.759723,0.173628,-0.191837
0.907567,0.0661363,0.360573;0.600736,0.75545,0.17565,-0.1938
0.903698,0.0700319,0.352105;0.604896,0.751143,0.177665,-0.195754
0.89889,0.0746781,0.34164;0.610059,0.745714,0.180172,-0.198185
0.894128,0.0790443,0.331347;0.615179,0.740233,0.182667,-0.200603
0.889425,0.0830962,0.321268;0.620258,0.734702,0.18515,-0.203007
0.884797,0.0867996,0.311447;0.625294,0.729121,0.18762,-0.205397
0.880258,0.09012,0.301925;0.630288,0.72349,0.190077,-0.207773
0.875823,0.0930232,0.292744;0.635239,0.71781,0.192521,-0.210134
0.871507,0.095475,0.283947;0.640146,0.71208,0.194952,-0.212482
0.866505,0.0977729,0.273958;0.645977,0.705141,0.197851,-0.215279
0.861721,0.0993121,0.264655;0.651744,0.698132,0.200731,-0.218056
0.856447,0.10007,0.254768;0.658392,0.689868,0.204066,-0.221268
0.851545,0.0996199,0.246032;0.664951,0.681512,0.207374,-0.22445
0.846448,0.0975066,0.237606;0.672338,0.67185,0.21112,-0.22805
0.84143,0.0929222,0.23032;0.680508,0.660841,0.215291,-0.232053
0.836846,0.0848532,0.22524;0.689409,0.648436,0.219869,-0.23644
0.833707,0.0746946,0.22365;0.697259,0.63712,0.223937,-0.240333
0.831967,0.0647631,0.224531;0.703258,0.628222,0.227068,-0.243324
0.830995,0.0547989,0.226834;0.713996,0.61783,0.221681,-0.243626
0.830502,0.0445802,0.230123;0.724916,0.607559,0.214856,-0.243323
0.830352,0.0348341,0.233851;0.73431,0.598436,0.208836,-0.243004
0.83044,0.0244032,0.2383;0.743551,0.589189,0.202772,-0.242634
0.830688,0.0149656,0.242639;0.751349,0.581166,0.197542,-0.242278
0.83108,0.00511124,0.247416;0.759032,0.573054,0.192281,-0.241884
0.831601,-0.00511982,0.252592;0.7666,0.564854,0.18699,-0.241453
0.832237,-0.0156877,0.258122;0.77405,0.556568,0.181672,-0.240985
0.832845,-0.0247229,0.262971;0.780168,0.549598,0.177218,-0.240567
0.833514,-0.0339411,0.268014;0.786204,0.54257,0.172746,-0.240124
0.834236,-0.0433194,0.273225;0.792156,0.535485,0.168255,-0.239655
0.835003,-0.0528347,0.27858;0.798025,0.528342,0.163746,-0.239161
0.835806,-0.0624639,0.284056;0.803809,0.521144,0.159221,-0.238642
0.836637,-0.0721838,0.289627;0.809507,0.51389,0.154678,-0.238097
0.837488,-0.0819715,0.295269;0.81512,0.506582,0.150119,-0.237527
0.838351,-0.0918038,0.300957;0.820646,0.49922,0.145544,-0.236931
0.839216,-0.101658,0.306668;0.826085,0.491805,0.140953,-0.236311
0.840076,-0.11151,0.312377;0.831437,0.484338,0.136348,-0.235665
0.840922,-0.121338,0.31806;0.836701,0.47682,0.131728,-0.234995
0.841746,-0.131117,0.323691;0.841876,0.469251,0.127094,-0.2343
0.842539,-0.140827,0.329248;0.846961,0.461632,0.122446,-0.233579
0.843294,-0.150442,0.334705;0.851957,0.453965,0.117786,-0.232834
0.844001,-0.15994,0.340038;0.856862,0.446249,0.113113,-0.232065
0.844653,-0.169298,0.345223;0.861677,0.438486,0.108428,-0.231271
0.845241,-0.178493,0.350235;0.8664,0.430676,0.103732,-0.230452
0.845757,-0.187502,0.35505;0.871032,0.422821,0.0990248,-0.229609
0.846269,-0.198034,0.360534;0.876467,0.413336,0.0933622,-0.228565
0.84665,-0.208225,0.365656;0.881769,0.403788,0.0876854,-0.227486
0.846886,-0.218035,0.370376;0.886937,0.394177,0.0819951,-0.226372
0.846963,-0.227424,0.37465;0.891969,0.384507,0.0762924,-0.225224
0.846832,-0.237792,0.379017;0.897667,0.373151,0.0696245,-0.223841
0.846442,-0.247469,0.382654;0.903179,0.361718,0.0629422,-0.222412
0.845648,-0.257601,0.385831;0.909248,0.348559,0.0552893,-0.220721
0.844272,-0.267705,0.388035;0.915781,0.333642,0.046662,-0.218748
0.841826,-0.278003,0.388561;0.923338,0.315256,0.036096,-0.216234
0.837736,-0.286946,0.385772;0.931659,0.293318,0.0235854,-0.213121
0.83221,-0.292008,0.378882;0.939311,0.271171,0.011058,-0.209855
0.826302,-0.29296,0.369531;0.945261,0.252278,0.000451285,-0.206973
0.821242,-0.291584,0.360545;0.949283,0.238456,-0.00726313,-0.204811
0.816257,-0.288867,0.351084;0.952591,0.226309,-0.0140117,-0.202873
0.811551,-0.285365,0.341734;0.95527,0.215859,-0.0197939,-0.201179
0.807314,-0.281588,0.333035;0.95739,0.207126,-0.0246102,-0.199743
0.80278,-0.277006,0.323486;0.959409,0.19837,-0.0294238,-0.198287
0.798935,-0.272745,0.315218;0.960951,0.191351,-0.0332725,-0.197106
0.79489,-0.267943,0.306378;0.962428,0.184319,-0.0371189,-0.195912
0.790641,-0.262587,0.296952;0.963839,0.177274,-0.0409628,-0.194705
0.786185,-0.256666,0.28693;0.965185,0.170217,-0.044804,-0.193485
0.781517,-0.250167,0.276297;0.966466,0.163148,-0.0486421,-0.192251
0.777874,-0.244907,0.267915;0.967383,0.15784,-0.0515185,-0.191318
0.774108,-0.239311,0.259178;0.968263,0.152525,-0.0543929,-0.190377
0.770216,-0.233374,0.25008;0.969107,0.147205,-0.0572653,-0.189428
0.766198,-0.22709,0.240616;0.969913,0.141879,-0.0601355,-0.188473
0.76205,-0.220455,0.230781;0.970683,0.136547,-0.0630034,-0.18751
0.757772,-0.213464,0.220569;0.971415,0.13121,-0.0658689,-0.18654
0.753361,-0.206112,0.209976;0.972111,0.125869,-0.0687319,-0.185564
