1.02369,0.345562,0.595123;0.691986,-0.559471,-0.325921,0.319253
1.01423,0.349617,0.598113;0.680974,-0.568552,-0.331911,0.320715
1.00493,0.353495,0.601049;0.669797,-0.577496,-0.33782,0.322098
0.995798,0.357199,0.603931;0.658459,-0.5863,-0.343648,0.323404
0.986835,0.360729,0.606759;0.646961,-0.594963,-0.349393,0.324632
0.976792,0.364554,0.609926;0.633629,-0.604686,-0.355854,0.325938
0.966962,0.368158,0.613024;0.620098,-0.614219,-0.362204,0.327142
0.957343,0.371543,0.616054;0.60637,-0.623558,-0.368439,0.328243
0.947934,0.374712,0.619015;0.592451,-0.6327,-0.374558,0.32924
0.938732,0.377667,0.621909;0.578345,-0.641642,-0.380558,0.330133
0.928625,0.38074,0.625084;0.562258,-0.651459,-0.387165,0.331013
0.918776,0.383549,0.628176;0.545946,-0.661017,-0.393618,0.331761
0.909181,0.386098,0.631185;0.529416,-0.67031,-0.399912,0.332376
0.899837,0.38839,0.634111;0.512674,-0.679335,-0.406047,0.332859
0.889748,0.390642,0.637266;0.493832,-0.689044,-0.412674,0.333239
0.879962,0.392586,0.640322;0.474747,-0.698414,-0.419097,0.333454
0.870475,0.394229,0.643279;0.455427,-0.707439,-0.425313,0.333505
0.860382,0.395693,0.646419;0.433916,-0.716963,-0.431908,0.333372
0.850642,0.396805,0.649442;0.412146,-0.726059,-0.438245,0.333039
0.840413,0.397623,0.652609;0.388117,-0.735488,-0.44486,0.332449
0.830592,0.398038,0.65564;0.363812,-0.744394,-0.451159,0.331623
0.820406,0.398043,0.658774;0.337191,-0.753446,-0.457621,0.330462
0.810681,0.397595,0.661753;0.310289,-0.761869,-0.463701,0.329026
0.800717,0.396621,0.66479;0.281028,-0.770229,-0.469817,0.327173
0.790613,0.395024,0.667853;0.249377,-0.778361,-0.475865,0.324836
0.78109,0.392873,0.670719;0.217449,-0.785628,-0.481385,0.322139
0.771556,0.389986,0.673566;0.183127,-0.792418,-0.486684,0.318867
0.762117,0.38627,0.676355;0.146407,-0.798536,-0.491641,0.314951
0.75337,0.381911,0.678908;0.109479,-0.803516,-0.495897,0.310585
0.744843,0.376622,0.681358;0.0702099,-0.80754,-0.499632,0.30548
0.73705,0.370668,0.683556;0.0308283,-0.810273,-0.502569,0.299887
0.729595,0.363694,0.685607;-0.0107933,-0.811753,-0.504797,0.293463
0.722907,0.356046,0.68739;-0.0523957,-0.811787,-0.506127,0.286516
0.716959,0.347758,0.688912;-0.0939047,-0.810376,-0.506555,0.27906
0.711727,0.338865,0.690181;-0.135247,-0.807522,-0.506081,0.271106
0.707183,0.3294,0.691203;-0.176348,-0.80323,-0.504706,0.26267
0.703491,0.319936,0.69195;-0.214997,-0.797844,-0.502574,0.254246
0.700372,0.31002,0.692489;-0.253303,-0.791183,-0.499639,0.245415
0.697932,0.300265,0.692812;-0.289109,-0.78373,-0.496134,0.236715
0.695966,0.290156,0.69296;-0.324504,-0.77516,-0.491921,0.227677
0.694453,0.279717,0.692937;-0.359436,-0.765486,-0.487007,0.218315
0.693428,0.269614,0.692765;-0.391846,-0.755383,-0.481748,0.209219
0.692773,0.259261,0.692451;-0.423761,-0.744326,-0.47588,0.199858
0.692474,0.248679,0.692;-0.455141,-0.732329,-0.469412,0.190246
0.692501,0.238568,0.691456;-0.484039,-0.720242,-0.462809,0.181015
0.692814,0.228291,0.690798;-0.512399,-0.707355,-0.455692,0.171584
0.6934,0.217864,0.690031;-0.540191,-0.693683,-0.44807,0.161962
0.694246,0.207304,0.689157;-0.567382,-0.679241,-0.43995,0.15216
0.69526,0.197343,0.688248;-0.592194,-0.665082,-0.431931,0.14286
0.696478,0.187294,0.687253;-0.616433,-0.650279,-0.423494,0.133421
0.69789,0.177172,0.686174;-0.640076,-0.634847,-0.414647,0.123853
0.699488,0.166989,0.685014;-0.6631,-0.618802,-0.4054,0.114165
0.701311,0.156473,0.683741;-0.674186,-0.604524,-0.408512,0.114636
0.703293,0.146011,0.6824;-0.683344,-0.590543,-0.413199,0.116476
0.705442,0.135514,0.680983;-0.692293,-0.576383,-0.417761,0.118279
0.707754,0.124989,0.679492;-0.701031,-0.562046,-0.422195,0.120047
0.710221,0.114442,0.67793;-0.709555,-0.547539,-0.426501,0.121779
0.712839,0.10388,0.676298;-0.717863,-0.532865,-0.430676,0.123473
0.715601,0.093309,0.6746;-0.725953,-0.518028,-0.434721,0.125129
0.718501,0.0827351,0.672837;-0.733821,-0.503034,-0.438632,0.126748
0.721534,0.072165,0.671011;-0.741466,-0.487886,-0.442411,0.128328
0.724693,0.0616049,0.669126;-0.748885,-0.472589,-0.446054,0.129869
0.727972,0.0510612,0.667183;-0.756076,-0.457149,-0.449562,0.13137
0.731366,0.0405402,0.665184;-0.763036,-0.441569,-0.452933,0.132831
0.734868,0.0300484,0.663133;-0.769764,-0.425855,-0.456165,0.134252
0.738068,0.0207519,0.661266;-0.775548,-0.411778,-0.458922,0.13548
0.741345,0.0114879,0.659361;-0.781145,-0.397602,-0.461568,0.136676
0.744694,0.00226083,0.65742;-0.786554,-0.38333,-0.464104,0.137839
0.748544,-0.00806985,0.655193;-0.792412,-0.367164,-0.466822,0.139108
0.752474,-0.0183417,0.652925;-0.798029,-0.350886,-0.469399,0.140334
0.75648,-0.0285485,0.650616;-0.803403,-0.334501,-0.471832,0.141518
0.760555,-0.0386837,0.648269;-0.808532,-0.318014,-0.474122,0.142658
0.764692,-0.0487411,0.645888;-0.813415,-0.30143,-0.476267,0.143755
0.768887,-0.0587142,0.643473;-0.81805,-0.284754,-0.478267,0.144808
0.773133,-0.0685968,0.641027;-0.822436,-0.267992,-0.480121,0.145817
0.777424,-0.0783824,0.638553;-0.826572,-0.251148,-0.481829,0.146782
0.781755,-0.0880647,0.636053;-0.830455,-0.234228,-0.48339,0.147702
0.786119,-0.0976374,0.633529;-0.834085,-0.217236,-0.484804,0.148577
0.79051,-0.107094,0.630984;-0.837462,-0.200178,-0.486071,0.149406
0.794923,-0.116428,0.628419;-0.840583,-0.183059,-0.487189,0.150191
0.799351,-0.125634,0.625837;-0.843448,-0.165884,-0.488158,0.150929
0.803789,-0.134704,0.623241;-0.846056,-0.148659,-0.488979,0.151621
0.808231,-0.143633,0.620633;-0.848406,-0.131388,-0.489652,0.152268
0.812671,-0.152414,0.618015;-0.850498,-0.114077,-0.490174,0.152867
0.817102,-0.161041,0.615389;-0.852331,-0.0967318,-0.490548,0.153421
0.822009,-0.170439,0.612465;-0.854063,-0.0774248,-0.490788,0.153981
0.826891,-0.179629,0.609537;-0.855473,-0.0580886,-0.490843,0.154482
0.831739,-0.188603,0.606609;-0.856562,-0.0387306,-0.490713,0.154926
0.836545,-0.197353,0.603685;-0.857328,-0.0193581,-0.490399,0.155312
0.841301,-0.20587,0.600766;-0.857773,2.17908e-05,-0.489901,0.155639
0.846465,-0.21496,0.597566;-0.857888,0.0213393,-0.48914,0.155931
0.851548,-0.223745,0.594382;-0.857614,0.0426472,-0.488156,0.156153
0.856539,-0.232214,0.591217;-0.856949,0.0639356,-0.48695,0.156303
0.861427,-0.240356,0.588076;-0.855894,0.0851949,-0.485522,0.156382
0.866629,-0.24885,0.584682;-0.854299,0.108342,-0.483713,0.156387
0.871682,-0.256927,0.581327;-0.852241,0.131431,-0.481642,0.156308
0.876972,-0.265187,0.577742;-0.849491,0.156363,-0.479103,0.156126
0.882138,-0.273049,0.574155;-0.853162,0.16852,-0.470792,0.148561
0.8877,-0.281254,0.57018;-0.866919,0.162821,-0.453045,0.129192
0.893367,-0.28929,0.565982;-0.88085,0.156518,-0.433471,0.108201
0.899071,-0.296975,0.561571;-0.894742,0.149581,-0.411991,0.085585
0.904741,-0.304113,0.556952;-0.908363,0.141982,-0.388529,0.061347
0.91061,-0.310828,0.551847;-0.922185,0.133199,-0.361494,0.0339797
0.916785,-0.316894,0.545992;-0.936272,0.122659,-0.329158,0.00197946
0.922962,-0.321478,0.539399;-0.949643,0.110257,-0.291248,-0.0345936
0.929194,-0.323649,0.531515;-0.961858,0.0948186,-0.244243,-0.0786321
0.934385,-0.321859,0.52311;-0.97009,0.0778413,-0.192778,-0.125308
0.93789,-0.316304,0.51519;-0.97324,0.0615923,-0.143723,-0.16839
0.939818,-0.308846,0.50854;-0.972507,0.0479303,-0.102622,-0.203474
0.940761,-0.300637,0.5029;-0.969588,0.0364298,-0.0681231,-0.232232
0.941101,-0.291689,0.497727;-0.965171,0.0260113,-0.036946,-0.257688
0.941001,-0.282489,0.493036;-0.959828,0.0167118,-0.00917712,-0.279939
0.940569,-0.272793,0.488548;-0.953616,0.00797221,0.0168685,-0.300448
0.939931,-0.263548,0.48458;-0.947294,0.000389711,0.0394259,-0.317929
0.939051,-0.253518,0.480531;-0.940109,-0.00719314,0.0619473,-0.33512
0.938025,-0.243561,0.476718;-0.932716,-0.014187,0.0826867,-0.350717
0.936906,-0.233841,0.473153;-0.925302,-0.0205885,0.101642,-0.364776
0.935617,-0.223554,0.469517;-0.917284,-0.0269766,0.12053,-0.378597
0.934281,-0.213575,0.466103;-0.912392,-0.0248391,0.128379,-0.387869
0.932913,-0.203876,0.462875;-0.915622,-0.000253521,0.108831,-0.38703
0.931426,-0.193789,0.459604;-0.917938,0.0243323,0.0891745,-0.385806
0.929935,-0.184046,0.45652;-0.919273,0.0472576,0.0707478,-0.384316
0.928345,-0.174006,0.453415;-0.919809,0.0701419,0.0522597,-0.382492
0.926784,-0.164434,0.45052;-0.919591,0.0913375,0.0350511,-0.380501
0.925143,-0.154637,0.44762;-0.918684,0.112465,0.0178162,-0.378224
0.923425,-0.144633,0.444722;-0.917089,0.133507,0.000568025,-0.375664
0.921632,-0.134435,0.441833;-0.914806,0.15445,-0.0166806,-0.372823
0.919911,-0.124865,0.43918;-0.91209,0.173679,-0.0325916,-0.369952
0.918129,-0.115156,0.436544;-0.908792,0.192798,-0.0484818,-0.366845
0.916289,-0.10532,0.433931;-0.904914,0.211793,-0.0643411,-0.363503
0.914391,-0.0953707,0.431347;-0.900458,0.230653,-0.0801592,-0.35993
0.912438,-0.0853195,0.428797;-0.895427,0.249366,-0.0959262,-0.356126
0.910431,-0.0751788,0.426285;-0.889824,0.26792,-0.111632,-0.352095
0.908372,-0.064961,0.423816;-0.883652,0.286302,-0.127266,-0.34784
0.906262,-0.0546783,0.421397;-0.876917,0.304502,-0.14282,-0.343362
0.904104,-0.044343,0.419032;-0.869622,0.322508,-0.158281,-0.338665
0.901899,-0.0339674,0.416727;-0.861771,0.340307,-0.173642,-0.333752
0.899648,-0.0235639,0.414486;-0.85337,0.357889,-0.188892,-0.328625
0.897354,-0.0131446,0.412314;-0.844424,0.375242,-0.204022,-0.323289
0.895018,-0.00272197,0.410217;-0.834939,0.392356,-0.219021,-0.317747
0.892641,0.00769183,0.408201;-0.824921,0.40922,-0.23388,-0.312001
0.890227,0.0180845,0.406269;-0.814376,0.425822,-0.24859,-0.306056
0.887775,0.0284436,0.404428;-0.803311,0.442152,-0.263141,-0.299916
0.885289,0.0387571,0.402682;-0.791733,0.4582,-0.277525,-0.293584
0.882769,0.0490125,0.401037;-0.77965,0.473955,-0.29173,-0.287065
0.880217,0.0591975,0.399497;-0.767068,0.489408,-0.30575,-0.280363
0.877636,0.0693,0.398069;-0.753997,0.504548,-0.319575,-0.273481
0.875026,0.0793076,0.396756;-0.740445,0.519366,-0.333195,-0.266425
0.87239,0.0892079,0.395565;-0.726419,0.533852,-0.346603,-0.259199
0.869729,0.0989888,0.3945;-0.71193,0.547997,-0.359789,-0.251807
0.867045,0.108638,0.393567;-0.696986,0.561793,-0.372745,-0.244254
0.864113,0.118928,0.392711;-0.680295,0.576333,-0.386513,-0.235897
0.861158,0.129034,0.392022;-0.663094,0.590441,-0.399991,-0.227362
0.858182,0.138939,0.391506;-0.645396,0.604106,-0.413169,-0.218657
0.855188,0.148628,0.391171;-0.627215,0.617319,-0.426037,-0.209788
0.851946,0.158803,0.391018;-0.607109,0.631031,-0.439538,-0.200062
0.848687,0.16869,0.391091;-0.586476,0.644194,-0.452657,-0.190161
0.845414,0.17827,0.391397;-0.565334,0.656797,-0.465382,-0.180095
0.841895,0.18817,0.391992;-0.542136,0.669667,-0.478568,-0.169137
0.838368,0.197671,0.392874;-0.518397,0.681869,-0.491276,-0.15801
0.834599,0.207337,0.394143;-0.492507,0.694134,-0.50429,-0.145968
0.830827,0.216493,0.395762;-0.466057,0.705611,-0.516732,-0.13376
0.826822,0.225628,0.397879;-0.437375,0.716928,-0.529309,-0.120623
0.822587,0.234597,0.400583;-0.406396,0.727908,-0.541886,-0.106545
0.818144,0.243217,0.403959;-0.387012,0.746545,-0.532133,-0.0986238
0.813438,0.251467,0.408128;-0.371865,0.769054,-0.511469,-0.0931157
0.808479,0.2592,0.413156;-0.35522,0.792052,-0.488756,-0.0871181
0.803308,0.266219,0.419077;-0.337006,0.815309,-0.463896,-0.0806163
0.798268,0.272015,0.425507;-0.318276,0.837315,-0.438325,-0.0739908
0.793111,0.276831,0.432776;-0.297913,0.859217,-0.410518,-0.0668523
0.787908,0.280452,0.440851;-0.275864,0.880732,-0.380403,-0.0591927
0.782744,0.282658,0.449665;-0.252084,0.901558,-0.347916,-0.0510079
0.777953,0.283234,0.458663;-0.22777,0.92047,-0.314691,-0.0427148
0.773587,0.282195,0.467703;-0.202973,0.93743,-0.280799,-0.0343311
0.769696,0.27956,0.476645;-0.177745,0.952401,-0.246311,-0.0258746
0.766331,0.275345,0.485347;-0.15214,0.965352,-0.211301,-0.0173632
0.763545,0.269566,0.493668;-0.126212,0.976254,-0.175842,-0.008815
0.761481,0.262644,0.501091;-0.101331,0.984694,-0.141809,-0.000676569
0.76009,0.254811,0.507578;-0.0775806,0.99095,-0.109316,0.00703497
0.759314,0.246287,0.513123;-0.0550263,0.995295,-0.078455,0.0143072
0.759091,0.237273,0.517748;-0.0337211,0.997991,-0.0492985,0.0211318
0.759352,0.227958,0.521493;-0.0137053,0.999288,-0.0219026,0.027504
0.76009,0.217813,0.524607;0.00632682,0.999392,0.00551932,0.0338434
0.761229,0.207603,0.526891;0.0250171,0.998413,0.0311079,0.0397239
0.762691,0.197485,0.52843;0.0423496,0.996575,0.0548403,0.0451475
0.764398,0.187606,0.52932;0.0583154,0.994085,0.076704,0.050118
0.766461,0.177212,0.529667;0.0742367,0.990835,0.0985091,0.0550503
0.768674,0.167235,0.529484;0.0887817,0.987192,0.118431,0.0595348
0.771203,0.156832,0.528797;0.10327,0.982915,0.138278,0.063981
0.773784,0.147007,0.527715;0.116383,0.978479,0.156243,0.0679874
0.776641,0.136833,0.526179;0.129435,0.973524,0.174126,0.0719578
0.779452,0.127381,0.524394;0.141123,0.968623,0.190141,0.0754986
0.782496,0.117651,0.522214;0.152751,0.963306,0.206075,0.0790069
