0.957178,0.592194,0.380704;0.337459,0.855969,0.351019,-0.173851
0.956273,0.581073,0.37892;0.336901,0.859703,0.343142,-0.172229
0.95536,0.570024,0.3772;0.336317,0.863368,0.335238,-0.170592
0.954437,0.559049,0.375544;0.335706,0.866966,0.327308,-0.168943
0.953506,0.548145,0.373949;0.335068,0.870495,0.319352,-0.16728
0.952566,0.537314,0.372417;0.334404,0.873955,0.31137,-0.165604
0.951617,0.526555,0.370947;0.333713,0.877347,0.303365,-0.163915
0.95066,0.515869,0.369537;0.332997,0.880669,0.295335,-0.162213
0.949695,0.505254,0.368188;0.332253,0.883922,0.287282,-0.160498
0.948721,0.494712,0.366899;0.331484,0.887105,0.279206,-0.15877
0.947739,0.484242,0.365669;0.330689,0.890217,0.271108,-0.15703
0.94675,0.473843,0.364498;0.329867,0.89326,0.262989,-0.155278
0.945752,0.463517,0.363385;0.329019,0.896232,0.254848,-0.153513
0.944746,0.453262,0.36233;0.328146,0.899134,0.246688,-0.151736
0.943733,0.443079,0.361333;0.327246,0.901964,0.238509,-0.149947
0.942712,0.432967,0.360392;0.326321,0.904723,0.23031,-0.148147
0.941684,0.422926,0.359508;0.32537,0.907411,0.222094,-0.146334
0.940649,0.412958,0.358679;0.324393,0.910027,0.21386,-0.14451
0.939397,0.401089,0.357757;0.323187,0.913072,0.203956,-0.142307
0.938134,0.389323,0.356914;0.321945,0.916013,0.19403,-0.140087
0.936862,0.377659,0.356149;0.320665,0.91885,0.184082,-0.137851
0.93558,0.366097,0.35546;0.31935,0.921582,0.174112,-0.135599
0.934288,0.354637,0.354847;0.317998,0.92421,0.164123,-0.133332
0.932987,0.343279,0.354309;0.31661,0.926732,0.154115,-0.13105
0.931677,0.332023,0.353845;0.315186,0.929149,0.14409,-0.128753
0.930357,0.320869,0.353455;0.313726,0.931461,0.134048,-0.126442
0.929029,0.309816,0.353136;0.31223,0.933667,0.123991,-0.124116
0.927692,0.298864,0.352889;0.310699,0.935766,0.11392,-0.121776
0.926347,0.288013,0.352712;0.309133,0.93776,0.103836,-0.119422
0.924994,0.277263,0.352605;0.307531,0.939646,0.0937405,-0.117054
0.923632,0.266614,0.352566;0.305895,0.941426,0.0836341,-0.114674
0.922263,0.256066,0.352595;0.304224,0.943099,0.0735182,-0.11228
0.920886,0.245618,0.35269;0.302518,0.944665,0.0633939,-0.109873
0.919502,0.23527,0.352852;0.300778,0.946123,0.0532624,-0.107454
0.91811,0.225023,0.353078;0.299003,0.947474,0.0431249,-0.105023
0.916712,0.214875,0.353368;0.297195,0.948717,0.0329825,-0.10258
0.915306,0.204828,0.353722;0.295353,0.949853,0.0228363,-0.100125
0.913894,0.19488,0.354137;0.293477,0.95088,0.0126875,-0.0976586
0.912238,0.1834,0.3547;0.291247,0.951942,0.000845513,-0.0947673
0.910574,0.172056,0.355344;0.288971,0.952857,-0.0109966,-0.0918614
0.908902,0.160846,0.356069;0.286651,0.953624,-0.022837,-0.0889412
0.907222,0.149772,0.356873;0.284287,0.954244,-0.0346739,-0.0860073
0.905535,0.138832,0.357755;0.281878,0.954716,-0.0465054,-0.0830601
0.90384,0.128026,0.358712;0.279426,0.955041,-0.0583298,-0.0801
0.902138,0.117354,0.359745;0.276931,0.955217,-0.0701451,-0.0771275
0.90043,0.106817,0.360851;0.274393,0.955246,-0.0819495,-0.0741431
0.898716,0.0964123,0.362029;0.271812,0.955128,-0.0937413,-0.0711472
0.896995,0.0861415,0.363277;0.269189,0.954861,-0.105519,-0.0681403
0.895269,0.0760038,0.364594;0.266525,0.954447,-0.11728,-0.0651229
0.893538,0.065999,0.365979;0.263819,0.953885,-0.129022,-0.0620954
0.891801,0.0561269,0.36743;0.261073,0.953176,-0.140745,-0.0590583
0.89006,0.0463871,0.368945;0.258286,0.952319,-0.152446,-0.0560121
0.888065,0.0354178,0.370754;0.255052,0.951159,-0.16579,-0.0525201
0.886065,0.0246207,0.372644;0.251767,0.949807,-0.1791,-0.0490175
0.88406,0.0139955,0.374612;0.248431,0.948263,-0.192374,-0.045505
0.88205,0.00354186,0.376656;0.245045,0.946528,-0.205609,-0.0419833
0.880037,-0.00674063,0.378774;0.241609,0.944601,-0.218803,-0.0384531
0.87802,-0.0168523,0.380963;0.238124,0.942484,-0.231952,-0.0349151
0.876,-0.0267935,0.383223;0.234591,0.940176,-0.245055,-0.0313701
0.873978,-0.0365646,0.38555;0.231011,0.937678,-0.258108,-0.0278188
0.871954,-0.046166,0.387942;0.227384,0.934991,-0.271108,-0.0242618
0.869675,-0.0567652,0.390708;0.223249,0.931742,-0.285669,-0.0202544
0.867395,-0.0671505,0.393551;0.219057,0.928255,-0.300156,-0.0162418
0.865114,-0.0773224,0.396468;0.214809,0.92453,-0.314567,-0.012225
0.862833,-0.0872816,0.399456;0.210506,0.920569,-0.328897,-0.00820515
0.860553,-0.0970284,0.402512;0.206149,0.916372,-0.343143,-0.00418317
0.858275,-0.106564,0.405632;0.201739,0.911942,-0.357301,-0.00016013
0.855998,-0.115887,0.408813;0.197278,0.907278,-0.371368,0.00386296
0.853472,-0.126,0.412417;0.192262,0.901823,-0.386886,0.00833185
0.85095,-0.135853,0.416088;0.187185,0.896084,-0.402282,0.0127981
0.848434,-0.145447,0.419823;0.182049,0.890062,-0.417552,0.0172603
0.845923,-0.154783,0.423618;0.176856,0.883759,-0.432689,0.0217171
0.84342,-0.163862,0.427468;0.171606,0.877178,-0.44769,0.026167
0.840675,-0.173553,0.431761;0.16577,0.869618,-0.464027,0.0310523
0.837941,-0.182933,0.436111;0.15987,0.861726,-0.480187,0.0359258
0.83522,-0.192005,0.440512;0.153909,0.853504,-0.496164,0.0407855
0.832511,-0.200769,0.444957;0.147889,0.844957,-0.511951,0.0456296
0.829573,-0.20998,0.449852;0.141258,0.835265,-0.52895,0.0508942
0.826654,-0.218827,0.454786;0.134562,0.825193,-0.545709,0.0561357
0.823755,-0.227312,0.459752;0.127805,0.814746,-0.56222,0.0613516
0.82064,-0.236095,0.46516;0.12042,0.80301,-0.579817,0.0669706
0.817415,-0.244818,0.470831;0.111808,0.801987,-0.583629,0.0607753
0.814058,-0.253498,0.476811;0.102254,0.807034,-0.579629,0.0476453
0.810737,-0.261673,0.4828;0.0926696,0.811836,-0.575451,0.0345007
0.807452,-0.269345,0.488792;0.0830565,0.81639,-0.571098,0.0213456
0.803804,-0.277379,0.495526;0.0722117,0.821215,-0.565993,0.00653849
0.800205,-0.284784,0.502245;0.061339,0.825723,-0.560669,-0.00827113
0.796659,-0.291563,0.508938;0.0504425,0.829913,-0.555129,-0.0230776
0.79278,-0.298366,0.516333;0.0383127,0.834191,-0.548722,-0.0395184
0.78897,-0.304406,0.52367;0.0261647,0.838072,-0.542053,-0.0559405
0.78486,-0.310177,0.531658;0.0127876,0.84188,-0.534418,-0.0739736
0.780837,-0.315038,0.539543;-0.000596858,0.845201,-0.526476,-0.0919641
0.776551,-0.319311,0.548005;-0.0151974,0.848269,-0.517465,-0.111529
0.772034,-0.322739,0.556982;-0.0310026,0.850935,-0.507303,-0.132638
0.767652,-0.324927,0.565732;-0.0467828,0.852915,-0.496731,-0.15364
0.76309,-0.325911,0.574867;-0.0637343,0.854279,-0.4849,-0.176118
0.758389,-0.325401,0.584282;-0.0818302,0.854855,-0.47172,-0.200019
0.753888,-0.323289,0.593267;-0.0998382,0.854513,-0.458035,-0.223705
0.749594,-0.319593,0.601776;-0.117739,0.853255,-0.443858,-0.247151
0.745515,-0.314331,0.609765;-0.135514,0.851081,-0.429205,-0.270333
0.741908,-0.308021,0.61671;-0.151973,0.848229,-0.415113,-0.291707
0.7385,-0.300375,0.623125;-0.16829,0.844584,-0.400633,-0.312809
0.735519,-0.292092,0.628574;-0.183301,0.840492,-0.386852,-0.332142
0.732927,-0.283444,0.633144;-0.197026,0.836114,-0.373855,-0.349751
0.730495,-0.273844,0.637248;-0.210616,0.831162,-0.3606,-0.36712
0.728407,-0.264215,0.640581;-0.222947,0.826122,-0.348232,-0.382821
0.726457,-0.253799,0.643485;-0.235149,0.820604,-0.335664,-0.3983
0.724808,-0.243654,0.645738;-0.246124,0.815178,-0.32407,-0.412173
0.723279,-0.23287,0.647608;-0.256982,0.809362,-0.312321,-0.42585
0.722005,-0.222622,0.648952;-0.26665,0.803799,-0.30162,-0.437985
0.72088,-0.212335,0.649931;-0.287339,0.80029,-0.302799,-0.430448
0.719851,-0.201678,0.650613;-0.311221,0.796855,-0.307275,-0.416827
0.718981,-0.191496,0.650997;-0.333049,0.793128,-0.311192,-0.403962
0.718187,-0.181016,0.651157;-0.354653,0.788868,-0.3149,-0.390827
0.717468,-0.170271,0.651105;-0.37602,0.784079,-0.318397,-0.377429
0.716874,-0.160217,0.65088;-0.395384,0.779227,-0.321415,-0.364924
0.716342,-0.149993,0.650495;-0.414526,0.773935,-0.324251,-0.352214
0.715871,-0.139624,0.649959;-0.433433,0.768206,-0.326905,-0.339305
0.715462,-0.129136,0.649281;-0.452096,0.762044,-0.329374,-0.326205
0.715113,-0.118554,0.648469;-0.470505,0.755453,-0.331658,-0.312921
0.714824,-0.107902,0.647532;-0.488647,0.748435,-0.333754,-0.299461
0.714596,-0.0972067,0.646479;-0.506515,0.740996,-0.335662,-0.285831
0.714426,-0.0864923,0.645319;-0.524096,0.733138,-0.337381,-0.27204
0.714315,-0.0757843,0.644061;-0.541382,0.724867,-0.33891,-0.258096
0.714262,-0.0651079,0.642713;-0.558363,0.716187,-0.340247,-0.244006
0.714268,-0.0544882,0.641284;-0.575029,0.707103,-0.341393,-0.229779
0.71433,-0.0439505,0.639783;-0.59137,0.69762,-0.342346,-0.215422
0.71445,-0.0335199,0.63822;-0.607378,0.687744,-0.343106,-0.200944
0.714626,-0.0232215,0.636601;-0.623043,0.67748,-0.343672,-0.186352
0.714857,-0.0130807,0.634938;-0.638357,0.666834,-0.344045,-0.171655
0.715145,-0.00312245,0.633237;-0.653311,0.655812,-0.344223,-0.156862
0.715521,0.00750317,0.631351;-0.669204,0.643366,-0.344197,-0.140622
0.715962,0.0178488,0.629442;-0.684648,0.630489,-0.343939,-0.124289
0.716467,0.0278817,0.627524;-0.699632,0.617188,-0.34345,-0.107872
0.717086,0.0383598,0.625447;-0.715334,0.602311,-0.342661,-0.0900055
0.717779,0.048391,0.623386;-0.730474,0.586961,-0.341602,-0.0720682
0.718607,0.0586464,0.6212;-0.746133,0.569912,-0.34016,-0.0526881
0.719587,0.0689466,0.618919;-0.762155,0.551069,-0.338271,-0.0318707
0.720738,0.079079,0.616578;-0.778363,0.530333,-0.335864,-0.00962912
0.722077,0.0887934,0.614225;-0.794567,0.507608,-0.332869,0.0140145
0.723805,0.0987116,0.611678;-0.812258,0.479999,-0.32877,0.0418039
0.72609,0.108255,0.609007;-0.831486,0.445693,-0.323044,0.0750439
0.729831,0.117046,0.606048;-0.855512,0.393544,-0.313144,0.123133
0.737479,0.115588,0.604318;-0.885614,0.297741,-0.292105,0.204239
0.741713,0.10624,0.605356;-0.894094,0.259089,-0.290902,0.221009
0.74498,0.096111,0.606791;-0.899224,0.230674,-0.289689,0.23295
0.747742,0.0860289,0.608296;-0.902745,0.20742,-0.288495,0.242485
0.75015,0.0763175,0.609761;-0.905269,0.187638,-0.28734,0.250432
0.752393,0.066629,0.611214;-0.907201,0.169578,-0.286174,0.257555
0.754684,0.05619,0.612756;-0.908786,0.151454,-0.284898,0.26458
0.756785,0.0462081,0.614198;-0.909916,0.135093,-0.283658,0.270816
0.758922,0.0357204,0.615672;-0.910764,0.11869,-0.282329,0.276969
0.761092,0.0247754,0.617159;-0.911331,0.10225,-0.280913,0.283036
0.763048,0.0147016,0.618476;-0.911597,0.0876104,-0.279582,0.288355
0.765028,0.00433868,0.619775;-0.911641,0.0729491,-0.278182,0.293604
0.76703,-0.00627948,0.621043;-0.911463,0.05827,-0.276714,0.298781
0.769053,-0.0171189,0.622266;-0.911061,0.0435767,-0.275178,0.303885
0.771095,-0.0281455,0.623431;-0.910437,0.0288727,-0.273576,0.308914
0.773157,-0.0393254,0.624524;-0.90959,0.0141616,-0.271906,0.313868
0.774975,-0.0492069,0.625412;-0.908666,0.00128645,-0.27039,0.31814
0.776805,-0.0591569,0.626226;-0.907573,-0.0115889,-0.268824,0.322353
0.778647,-0.0691528,0.626958;-0.906309,-0.0244622,-0.267208,0.326505
0.780499,-0.0791717,0.627598;-0.904876,-0.0373308,-0.265541,0.330596
0.782361,-0.0891909,0.628137;-0.903274,-0.0501924,-0.263825,0.334625
0.784232,-0.0991877,0.628567;-0.901502,-0.0630447,-0.26206,0.338591
0.786111,-0.109139,0.628879;-0.899562,-0.0758852,-0.260245,0.342494
0.787998,-0.119023,0.629064;-0.897453,-0.0887114,-0.258382,0.346333
0.790161,-0.130206,0.629107;-0.894838,-0.10335,-0.256193,0.350641
0.792331,-0.141236,0.62896;-0.892004,-0.117962,-0.253942,0.354863
0.794507,-0.15208,0.628608;-0.888951,-0.132546,-0.251628,0.358999
0.796687,-0.162704,0.628038;-0.885682,-0.147098,-0.249253,0.363047
0.79887,-0.173073,0.627237;-0.882196,-0.161614,-0.246818,0.367006
0.801055,-0.183154,0.626192;-0.878494,-0.17609,-0.244321,0.370875
0.80324,-0.192912,0.624889;-0.874577,-0.190523,-0.241765,0.374654
0.805698,-0.203463,0.623099;-0.869916,-0.206704,-0.238819,0.378795
0.808152,-0.213514,0.620947;-0.864985,-0.222822,-0.2358,0.382819
0.810602,-0.223017,0.618413;-0.859786,-0.23887,-0.232707,0.386725
0.813316,-0.232875,0.615129;-0.853698,-0.256615,-0.229186,0.390924
0.81602,-0.24193,0.611325;-0.847284,-0.274262,-0.225577,0.394974
0.818979,-0.250886,0.606509;-0.839855,-0.293552,-0.221509,0.399255
0.821918,-0.258702,0.600999;-0.832038,-0.312706,-0.217337,0.403351
0.825099,-0.265825,0.594154;-0.823071,-0.333437,-0.212673,0.407607
0.828248,-0.271372,0.586396;-0.813652,-0.353984,-0.207891,0.411639
0.831411,-0.275296,0.577541;-0.800852,-0.380098,-0.189764,0.422079
0.834548,-0.277586,0.567698;-0.785678,-0.407858,-0.166252,0.434422
0.837452,-0.278382,0.557664;-0.770116,-0.433437,-0.143785,0.445398
0.840121,-0.278061,0.547659;-0.754398,-0.45691,-0.12244,0.45511
0.842558,-0.276937,0.537865;-0.738738,-0.478357,-0.102278,0.463659
0.844922,-0.275126,0.527744;-0.722204,-0.499238,-0.0819944,0.471657
0.847056,-0.272911,0.518066;-0.705999,-0.518193,-0.0629754,0.478619
0.849112,-0.270278,0.508223;-0.689065,-0.536613,-0.0438913,0.485087
0.851084,-0.267316,0.498275;-0.671421,-0.55448,-0.0247619,0.491054
0.852964,-0.264111,0.48828;-0.653083,-0.571774,-0.005607,0.496514
0.854745,-0.260751,0.478296;-0.634071,-0.588478,0.0135537,0.501462
0.856421,-0.257323,0.468382;-0.614405,-0.604575,0.0327004,0.505892
0.857984,-0.253915,0.458596;-0.594105,-0.620047,0.0518134,0.5098
0.859427,-0.250614,0.448997;-0.573192,-0.63488,0.0708729,0.513182
0.860832,-0.247296,0.438985;-0.550129,-0.650045,0.0912121,0.516217
0.862083,-0.244309,0.429327;-0.526414,-0.66444,0.111443,0.518641
0.863237,-0.241609,0.419496;-0.500431,-0.678926,0.132877,0.52055
0.86425,-0.239433,0.409678;-0.472087,-0.693314,0.155453,0.521808
0.865104,-0.238034,0.399597;-0.439559,-0.708146,0.180404,0.522275
0.865705,-0.238054,0.389286;-0.400856,-0.723636,0.208864,0.521576
0.865851,-0.240627,0.379618;-0.355641,-0.738998,0.240553,0.519168
0.865321,-0.247002,0.371995;-0.305498,-0.752857,0.273886,0.514649
0.864211,-0.256299,0.368005;-0.259937,-0.762751,0.302637,0.508973
0.862881,-0.266386,0.36691;-0.223302,-0.768945,0.324752,0.503384
0.861438,-0.276925,0.367519;-0.192119,-0.773028,0.342897,0.497935
0.860041,-0.28696,0.369109;-0.16659,-0.775578,0.357301,0.493013
0.858566,-0.29746,0.371492;-0.142893,-0.777319,0.370315,0.488081
0.857199,-0.307159,0.374177;-0.123062,-0.77832,0.380946,0.483687
0.855858,-0.316652,0.377155;-0.105158,-0.778871,0.390343,0.479515
0.854412,-0.326894,0.380681;-0.0872099,-0.779089,0.399573,0.475138
0.853035,-0.336646,0.384289;-0.0712242,-0.779004,0.407634,0.471078
0.851572,-0.347024,0.388352;-0.0552145,-0.778656,0.415558,0.466858
0.85022,-0.356632,0.392291;-0.0411905,-0.778137,0.422377,0.463037
0.848799,-0.366742,0.396595;-0.0271559,-0.777417,0.429087,0.459097
0.847309,-0.377366,0.401272;-0.0131143,-0.776496,0.435686,0.455038
0.845977,-0.38689,0.405582;-0.00107587,-0.775547,0.441253,0.451465
0.844592,-0.396807,0.410176;0.0109628,-0.774452,0.446736,0.447807
0.843155,-0.407122,0.415058;0.0229994,-0.773209,0.452135,0.444064
0.841665,-0.417844,0.420233;0.0350317,-0.77182,0.457448,0.440237
