0.971579,0.402695,0.491836;-0.269272,0.938224,-0.0834467,0.200659
0.970008,0.392731,0.49559;-0.277175,0.935067,-0.0848584,0.204019
0.968451,0.382874,0.49926;-0.285053,0.931829,-0.0862628,0.207361
0.966909,0.373124,0.502847;-0.292907,0.928511,-0.0876598,0.210685
0.965381,0.36348,0.506353;-0.300736,0.925114,-0.0890494,0.213991
0.963866,0.353942,0.509778;-0.30854,0.921637,-0.0904312,0.217279
0.962366,0.344508,0.513123;-0.316316,0.918082,-0.0918054,0.220548
0.960584,0.333325,0.517032;-0.325613,0.913712,-0.0934439,0.224446
0.958821,0.322289,0.520829;-0.334869,0.909228,-0.095071,0.228316
0.957079,0.311401,0.524514;-0.344084,0.904633,-0.0966863,0.232158
0.955356,0.300657,0.528089;-0.353256,0.899926,-0.0982897,0.235972
0.953652,0.290058,0.531555;-0.362385,0.895108,-0.0998809,0.239756
0.951968,0.279602,0.534914;-0.371469,0.890179,-0.10146,0.243511
0.950303,0.269287,0.538167;-0.380507,0.885141,-0.103026,0.247236
0.948657,0.259112,0.541315;-0.389498,0.879993,-0.10458,0.25093
0.947031,0.249076,0.544361;-0.398441,0.874737,-0.106121,0.254593
0.945423,0.239177,0.547305;-0.407335,0.869373,-0.107648,0.258225
0.943834,0.229414,0.550148;-0.416179,0.863902,-0.109163,0.261825
0.942263,0.219786,0.552892;-0.424972,0.858324,-0.110664,0.265393
0.940455,0.208722,0.555971;-0.435163,0.851682,-0.112397,0.269514
0.938671,0.197837,0.558919;-0.445281,0.844898,-0.114112,0.273589
0.936912,0.18713,0.561739;-0.455325,0.837971,-0.115808,0.277619
0.935178,0.176598,0.564432;-0.465292,0.830904,-0.117485,0.281602
0.933468,0.166238,0.567002;-0.475181,0.823697,-0.119141,0.285538
0.931783,0.15605,0.569449;-0.48499,0.816352,-0.120778,0.289425
0.930121,0.14603,0.571777;-0.494718,0.80887,-0.122394,0.293265
0.928484,0.136178,0.573988;-0.504362,0.801252,-0.12399,0.297054
0.92687,0.126489,0.576084;-0.513922,0.793499,-0.125565,0.300794
0.925055,0.115615,0.578341;-0.524742,0.784475,-0.127339,0.305007
0.92327,0.104951,0.580453;-0.535446,0.77528,-0.129085,0.309152
0.921515,0.0944917,0.582425;-0.546034,0.765915,-0.130803,0.31323
0.91979,0.0842352,0.584259;-0.556501,0.756381,-0.132492,0.317239
0.918095,0.0741782,0.585958;-0.566846,0.746682,-0.134152,0.321178
0.916429,0.0643174,0.587527;-0.577067,0.736818,-0.135782,0.325047
0.914589,0.0534546,0.589138;-0.588414,0.725529,-0.137581,0.329314
0.912786,0.0428316,0.590593;-0.599598,0.714038,-0.139342,0.33349
0.911018,0.0324439,0.591896;-0.610615,0.702349,-0.141064,0.337573
0.909286,0.0222869,0.59305;-0.621463,0.690465,-0.142746,0.341563
0.90759,0.0123562,0.594062;-0.632138,0.678389,-0.144389,0.345457
0.905745,0.00158193,0.595024;-0.643794,0.664751,-0.146168,0.349672
0.903943,-0.00892483,0.595822;-0.655228,0.650885,-0.147897,0.353767
0.902183,-0.0191703,0.596462;-0.666438,0.636796,-0.149574,0.357741
0.900463,-0.0291606,0.59695;-0.67742,0.622488,-0.151201,0.361592
0.898619,-0.0398627,0.59732;-0.689231,0.606504,-0.15293,0.365685
0.896824,-0.0502719,0.597523;-0.700757,0.590268,-0.154596,0.369626
0.895076,-0.0603964,0.597567;-0.711992,0.573787,-0.156198,0.373414
0.893222,-0.0711264,0.597445;-0.723911,0.555537,-0.157872,0.37737
0.891424,-0.0815381,0.597155;-0.735473,0.537012,-0.159467,0.381139
0.88968,-0.0916424,0.59671;-0.746672,0.518223,-0.160984,0.38472
0.88785,-0.102254,0.596064;-0.758388,0.497579,-0.162538,0.388386
0.886081,-0.112531,0.595261;-0.769665,0.476647,-0.163997,0.391826
0.884372,-0.122487,0.594317;-0.780496,0.455439,-0.165362,0.39504
0.882598,-0.132865,0.593157;-0.791655,0.432305,-0.166724,0.398244
0.880779,-0.143558,0.591777;-0.802276,0.410781,-0.167429,0.399474
0.879107,-0.153447,0.590335;-0.808654,0.407483,-0.164894,0.390956
0.877244,-0.164578,0.588517;-0.815961,0.403569,-0.161908,0.380954
0.875475,-0.175289,0.586571;-0.823123,0.399583,-0.158894,0.370884
0.873801,-0.185602,0.584512;-0.830139,0.395525,-0.155852,0.360749
0.872222,-0.195537,0.582359;-0.837007,0.391398,-0.152782,0.350549
0.870537,-0.206453,0.579803;-0.844674,0.386596,-0.149241,0.338816
0.868979,-0.216932,0.57717;-0.852146,0.381704,-0.145664,0.327004
0.86755,-0.227005,0.574486;-0.859419,0.376723,-0.142054,0.315117
0.866251,-0.236701,0.571776;-0.866494,0.371655,-0.138411,0.303156
0.864946,-0.247196,0.568728;-0.874212,0.365851,-0.134274,0.289616
0.863811,-0.257296,0.565714;-0.881673,0.359939,-0.130098,0.275992
0.862845,-0.267044,0.562772;-0.888875,0.353922,-0.125884,0.262286
0.861973,-0.277516,0.55963;-0.896571,0.347113,-0.121157,0.246967
0.861316,-0.287665,0.556669;-0.903943,0.34018,-0.116388,0.231559
0.860877,-0.297552,0.55394;-0.910986,0.333122,-0.111575,0.216066
0.860647,-0.308194,0.551263;-0.918352,0.32522,-0.106235,0.198934
0.860687,-0.31867,0.548992;-0.925316,0.317175,-0.100849,0.181715
0.861,-0.329057,0.547192;-0.931873,0.308991,-0.0954178,0.164416
0.861589,-0.339434,0.545929;-0.938022,0.300671,-0.089945,0.147045
0.862457,-0.349881,0.545268;-0.943759,0.292219,-0.0844328,0.12961
0.86128,-0.345315,0.543513;-0.947635,0.273546,-0.0933444,0.135824
0.859339,-0.335718,0.541188;-0.9502,0.252211,-0.106323,0.149012
0.857271,-0.325539,0.538684;-0.952002,0.230674,-0.119215,0.16208
0.855246,-0.315592,0.536208;-0.952989,0.210508,-0.131102,0.174099
0.853295,-0.306012,0.533803;-0.953314,0.191764,-0.141993,0.185086
0.851272,-0.296068,0.531289;-0.953076,0.172906,-0.152801,0.195963
0.849186,-0.285781,0.528675;-0.952275,0.153946,-0.163518,0.206725
0.847223,-0.276067,0.526196;-0.951046,0.136486,-0.173257,0.216483
0.845218,-0.266096,0.523645;-0.949345,0.118958,-0.182911,0.226133
0.843175,-0.255886,0.521027;-0.947173,0.101371,-0.192473,0.235672
0.841099,-0.245449,0.518347;-0.944531,0.0837343,-0.20194,0.245093
0.839189,-0.235779,0.515862;-0.941722,0.0676643,-0.21046,0.253552
0.837261,-0.225948,0.513336;-0.938526,0.0515664,-0.218893,0.261907
0.835319,-0.215965,0.510772;-0.934946,0.0354474,-0.227236,0.270155
0.833367,-0.205844,0.508175;-0.930982,0.0193139,-0.235487,0.278292
0.831409,-0.195596,0.505548;-0.926635,0.00317246,-0.24364,0.286315
0.829449,-0.185232,0.502897;-0.921909,-0.0129703,-0.251694,0.29422
0.82749,-0.174764,0.500226;-0.916805,-0.0291077,-0.259644,0.302005
0.825538,-0.164203,0.497538;-0.911324,-0.0452332,-0.267488,0.309665
0.823789,-0.154629,0.495109;-0.906072,-0.0597305,-0.274453,0.316451
0.822051,-0.144998,0.492673;-0.900518,-0.0742079,-0.281328,0.323132
0.820327,-0.135318,0.490233;-0.894666,-0.0886607,-0.288109,0.329706
0.81862,-0.125598,0.487793;-0.888516,-0.103084,-0.294794,0.33617
0.816933,-0.115846,0.485356;-0.88207,-0.117473,-0.301381,0.342522
0.815268,-0.10607,0.482924;-0.875332,-0.131823,-0.307868,0.34876
0.81363,-0.0962797,0.480502;-0.868303,-0.146129,-0.314253,0.354883
0.812019,-0.0864826,0.478091;-0.860985,-0.160387,-0.320534,0.360887
0.81044,-0.0766873,0.475695;-0.853381,-0.174591,-0.326707,0.366772
0.808896,-0.0669024,0.473318;-0.845493,-0.188737,-0.332773,0.372535
0.807388,-0.0571361,0.470962;-0.837324,-0.202821,-0.338727,0.378174
0.805921,-0.047397,0.46863;-0.828878,-0.216837,-0.344569,0.383687
0.804497,-0.0376935,0.466326;-0.820155,-0.230781,-0.350297,0.389073
0.80312,-0.028034,0.464052;-0.81116,-0.244649,-0.355908,0.394329
0.801646,-0.0173631,0.461565;-0.80085,-0.259961,-0.362004,0.400016
0.800238,-0.00676855,0.459125;-0.790211,-0.275167,-0.367951,0.405538
0.798897,0.00373817,0.456734;-0.779248,-0.29026,-0.373748,0.410895
0.79763,0.0141454,0.454398;-0.767965,-0.305235,-0.379391,0.416082
0.796439,0.0244417,0.45212;-0.756367,-0.320083,-0.384878,0.421099
0.795328,0.0346154,0.449905;-0.744459,-0.334801,-0.390207,0.425943
0.794302,0.044655,0.447757;-0.732245,-0.349381,-0.395377,0.430613
0.793364,0.0545489,0.445681;-0.719731,-0.363818,-0.400384,0.435105
0.79244,0.0652501,0.443484;-0.705625,-0.379526,-0.405702,0.439841
0.791634,0.0757456,0.441385;-0.691168,-0.395045,-0.410819,0.444358
0.790949,0.08602,0.439388;-0.676368,-0.410368,-0.415731,0.448655
0.790393,0.096058,0.4375;-0.661233,-0.425488,-0.420438,0.452729
0.789939,0.106721,0.435571;-0.644347,-0.441741,-0.425334,0.456917
0.78965,0.117064,0.433785;-0.627081,-0.457733,-0.429978,0.460835
0.789534,0.127067,0.43215;-0.609444,-0.473454,-0.434369,0.464481
0.789612,0.137498,0.430556;-0.589931,-0.49017,-0.438836,0.468121
0.789908,0.14748,0.429158;-0.57001,-0.506546,-0.442999,0.471437
0.790483,0.157702,0.42788;-0.548114,-0.523788,-0.447138,0.474641
0.791405,0.168008,0.426787;-0.524166,-0.541795,-0.451174,0.477651
0.792753,0.178224,0.425951;-0.498089,-0.56045,-0.45502,0.480376
0.794616,0.188146,0.425456;-0.469809,-0.579625,-0.458582,0.482718
0.797309,0.198265,0.425405;-0.484398,-0.58228,-0.44718,0.475751
0.800813,0.207653,0.425927;-0.513439,-0.578924,-0.430054,0.46506
0.805482,0.216629,0.427156;-0.545566,-0.574238,-0.40999,0.452235
0.811463,0.22473,0.429222;-0.580425,-0.567899,-0.38678,0.437034
0.818481,0.231255,0.432045;-0.615847,-0.559985,-0.361503,0.420078
0.826474,0.236133,0.43556;-0.651551,-0.550323,-0.334091,0.40126
0.835334,0.239346,0.439656;-0.687225,-0.538741,-0.304488,0.380482
0.844482,0.240906,0.443976;-0.721034,-0.525697,-0.274058,0.358671
0.853702,0.241106,0.448315;-0.752885,-0.511225,-0.242885,0.335887
0.862782,0.240238,0.452468;-0.782692,-0.495366,-0.211052,0.312191
0.871892,0.238505,0.45639;-0.811581,-0.477348,-0.17716,0.286512
0.88107,0.236049,0.459896;-0.840248,-0.456159,-0.139729,0.257639
0.890366,0.233004,0.462592;-0.869806,-0.429582,-0.0957043,0.223021
0.899756,0.229706,0.463104;-0.903064,-0.39067,-0.0358247,0.174839
0.904804,0.229518,0.455725;-0.936827,-0.330214,0.0490209,0.104453
0.902456,0.233063,0.446692;-0.948577,-0.29481,0.0950417,0.065237
0.898539,0.237336,0.438371;-0.953753,-0.27037,0.12547,0.0388978
