0.784923,-0.462048,0.479915;0.842798,0.496272,-0.0331704,-0.205682
0.781293,-0.453657,0.484404;0.84176,0.497274,-0.03594,-0.207042
0.777734,-0.445353,0.488827;0.840713,0.49827,-0.0387091,-0.208399
0.772526,-0.433057,0.49534;0.839123,0.499753,-0.042862,-0.210431
0.767476,-0.420952,0.501709;0.837512,0.501224,-0.0470137,-0.212458
0.762581,-0.409039,0.507935;0.835879,0.502681,-0.0511643,-0.214479
0.75784,-0.397314,0.514018;0.834224,0.504125,-0.0553134,-0.216494
0.753251,-0.385778,0.519961;0.832547,0.505556,-0.0594612,-0.218503
0.748814,-0.374428,0.525765;0.830848,0.506973,-0.0636074,-0.220507
0.744526,-0.363264,0.53143;0.829128,0.508378,-0.0677519,-0.222506
0.740386,-0.352283,0.536958;0.827386,0.509769,-0.0718947,-0.224498
0.736394,-0.341485,0.542351;0.825622,0.511147,-0.0760355,-0.226484
0.732546,-0.330869,0.547609;0.823837,0.512511,-0.0801744,-0.228465
0.728842,-0.320433,0.552734;0.822031,0.513862,-0.0843112,-0.23044
0.725281,-0.310175,0.557728;0.820203,0.5152,-0.0884458,-0.232408
0.72186,-0.300095,0.562591;0.818353,0.516524,-0.0925781,-0.234371
0.718579,-0.290191,0.567324;0.816483,0.517835,-0.096708,-0.236327
0.715436,-0.280461,0.571929;0.814591,0.519132,-0.100835,-0.238277
0.71243,-0.270905,0.576408;0.812677,0.520416,-0.10496,-0.240221
0.709559,-0.261521,0.580761;0.810743,0.521686,-0.109082,-0.242159
0.706821,-0.252308,0.58499;0.808787,0.522943,-0.113201,-0.244091
0.704216,-0.243265,0.589096;0.80681,0.524186,-0.117317,-0.246016
0.701741,-0.23439,0.59308;0.804812,0.525415,-0.121431,-0.247934
0.698643,-0.222815,0.598204;0.802116,0.527032,-0.12691,-0.250482
0.695771,-0.211534,0.603118;0.799382,0.528625,-0.132383,-0.253019
0.693122,-0.200544,0.607823;0.796611,0.530194,-0.13785,-0.255544
0.690693,-0.18984,0.612324;0.793803,0.531738,-0.143311,-0.258057
0.68848,-0.179421,0.616622;0.790958,0.533257,-0.148765,-0.260558
0.68648,-0.169283,0.62072;0.788077,0.534752,-0.154212,-0.263046
0.684689,-0.159422,0.624623;0.785159,0.536222,-0.159652,-0.265523
0.683104,-0.149836,0.628332;0.782205,0.537667,-0.165085,-0.267987
0.681721,-0.140522,0.631851;0.779214,0.539086,-0.17051,-0.270439
0.680273,-0.129257,0.635987;0.775425,0.540826,-0.17728,-0.273486
0.679128,-0.118405,0.639837;0.77158,0.542527,-0.184037,-0.276514
0.678281,-0.10796,0.643405;0.767678,0.544188,-0.190781,-0.279521
0.677725,-0.0979164,0.646699;0.763721,0.54581,-0.197511,-0.282508
0.677453,-0.0882678,0.649723;0.759709,0.547392,-0.204227,-0.285475
0.677492,-0.0772023,0.653005;0.754822,0.549238,-0.212266,-0.289007
0.67792,-0.0666863,0.655918;0.749855,0.551027,-0.220284,-0.292509
0.678723,-0.0567093,0.658473;0.744811,0.552758,-0.228278,-0.295981
0.680121,-0.0457366,0.661012;0.738827,0.554705,-0.237574,-0.299993
0.681996,-0.0354663,0.663094;0.732738,0.556573,-0.246837,-0.303961
0.684331,-0.0258817,0.664732;0.726546,0.558362,-0.256064,-0.307887
0.687539,-0.015746,0.666083;0.719342,0.560309,-0.266565,-0.31232
0.691296,-0.00645899,0.666901;0.712005,0.562153,-0.277017,-0.316694
0.696144,0.00300566,0.667214;0.703592,0.564102,-0.288713,-0.321546
0.701612,0.0114635,0.666916;0.695015,0.565918,-0.300342,-0.326321
0.708369,0.0197236,0.665911;0.685293,0.567781,-0.31318,-0.331538
0.71579,0.0268336,0.664241;0.675372,0.569479,-0.325927,-0.336658
0.723821,0.0328424,0.661954;0.665255,0.571011,-0.338579,-0.341681
0.732409,0.0377988,0.659095;0.654946,0.572378,-0.351134,-0.346604
0.7415,0.0417517,0.655713;0.644446,0.573579,-0.363586,-0.351428
0.751041,0.04475,0.651853;0.633759,0.574614,-0.375933,-0.356149
0.760978,0.0468426,0.647562;0.622889,0.575482,-0.388171,-0.360767
0.770215,0.0479919,0.643371;0.612951,0.576121,-0.399089,-0.364833
0.77969,0.0484828,0.638904;0.60287,0.576624,-0.409914,-0.368814
0.789365,0.0483508,0.634194;0.592646,0.576992,-0.420642,-0.372708
0.799198,0.0476317,0.629275;0.582284,0.577224,-0.431271,-0.376515
0.809153,0.046361,0.624182;0.571784,0.57732,-0.441799,-0.380233
0.818071,0.0447973,0.619536;0.562339,0.577292,-0.45107,-0.383464
0.826948,0.0428695,0.614845;0.552872,0.577159,-0.460178,-0.386596
0.835805,0.0405969,0.610107;0.546928,0.595221,-0.44674,-0.383413
0.844657,0.037988,0.605318;0.540682,0.612954,-0.433055,-0.380018
0.853489,0.0350555,0.600489;0.534137,0.630349,-0.419131,-0.376414
0.862286,0.0318122,0.59563;0.527297,0.647396,-0.404975,-0.372602
0.871034,0.0282709,0.590753;0.520165,0.664085,-0.390596,-0.368584
0.879718,0.0244443,0.585867;0.512747,0.680407,-0.376001,-0.364362
0.888323,0.0203452,0.580983;0.505045,0.696354,-0.361198,-0.35994
0.896835,0.0159863,0.576112;0.497065,0.711916,-0.346196,-0.355318
0.90524,0.0113804,0.571265;0.48881,0.727084,-0.331003,-0.3505
0.913522,0.00654035,0.566452;0.480285,0.741852,-0.315627,-0.345489
0.921666,0.00147881,0.561683;0.471494,0.756209,-0.300076,-0.340287
0.929659,-0.00379142,0.55697;0.462444,0.770149,-0.28436,-0.334897
0.937485,-0.00925758,0.552324;0.453138,0.783663,-0.268487,-0.329322
0.945129,-0.0149069,0.547754;0.443581,0.796745,-0.252465,-0.323565
0.952578,-0.0207266,0.543271;0.43378,0.809387,-0.236304,-0.317629
0.959816,-0.026704,0.538886;0.423739,0.821582,-0.220013,-0.311518
0.966829,-0.0328262,0.53461;0.413464,0.833322,-0.2036,-0.305235
0.973602,-0.0390806,0.530453;0.402961,0.844603,-0.187075,-0.298783
0.9807,-0.0460391,0.526067;0.391249,0.856377,-0.168929,-0.291557
0.987476,-0.0531232,0.521849;0.37928,0.867588,-0.150673,-0.284139
0.99391,-0.0603161,0.517813;0.367062,0.878229,-0.132318,-0.276534
0.999985,-0.0676013,0.513974;0.354602,0.888293,-0.113876,-0.268748
1.00614,-0.0755786,0.510051;0.340842,0.898536,-0.0938123,-0.260113
1.01182,-0.0836237,0.506392;0.326818,0.908086,-0.0736768,-0.251278
1.01701,-0.0917156,0.503015;0.312543,0.916936,-0.0534844,-0.242249
1.02202,-0.100458,0.499712;0.2969,0.925675,-0.0316931,-0.232317
1.0264,-0.109204,0.496778;0.280992,0.933586,-0.00987337,-0.222177
1.03035,-0.118548,0.494068;0.263668,0.941136,0.0135142,-0.211092
1.03351,-0.127834,0.491834;0.246074,0.947719,0.0368878,-0.199791
1.03597,-0.137638,0.490004;0.227029,0.953667,0.0617774,-0.18751
1.03748,-0.147898,0.488723;0.206503,0.958767,0.0881427,-0.174222
1.03782,-0.157949,0.488163;0.185705,0.962602,0.114392,-0.160704
1.03684,-0.168312,0.4884;0.163417,0.965278,0.14202,-0.146161
1.03442,-0.178333,0.489535;0.140888,0.966527,0.169438,-0.131401
1.03075,-0.187432,0.491476;0.119418,0.966395,0.195103,-0.117282
1.02576,-0.196024,0.494258;0.106113,0.96576,0.208956,-0.111285
1.01959,-0.203972,0.497793;0.112096,0.966239,0.195758,-0.124483
1.01304,-0.210757,0.501629;0.117445,0.966351,0.183816,-0.136321
1.00562,-0.217175,0.506037;0.122757,0.966163,0.171816,-0.148117
0.998368,-0.222558,0.510401;0.127447,0.965743,0.161105,-0.158563
0.990557,-0.227626,0.515151;0.132105,0.965086,0.150354,-0.16897
0.982249,-0.232368,0.520257;0.136731,0.964191,0.139566,-0.179336
0.973504,-0.236771,0.525688;0.141324,0.963059,0.128743,-0.189658
0.965541,-0.240337,0.530681;0.145314,0.961874,0.119248,-0.198651
0.957328,-0.243626,0.535878;0.149276,0.960508,0.109729,-0.207607
0.948907,-0.246632,0.541259;0.15321,0.958961,0.100191,-0.216523
0.940316,-0.249345,0.546801;0.157116,0.957233,0.0906331,-0.225399
0.931598,-0.251759,0.552485;0.160992,0.955325,0.0810584,-0.234232
0.92279,-0.253864,0.55829;0.164837,0.953237,0.0714684,-0.243022
0.913935,-0.255654,0.564195;0.168652,0.95097,0.0618649,-0.251765
0.905071,-0.257121,0.570178;0.172435,0.948523,0.0522498,-0.260461
0.896238,-0.258255,0.57622;0.176185,0.945898,0.0426249,-0.269108
0.887478,-0.259051,0.582299;0.179902,0.943094,0.0329919,-0.277705
0.87883,-0.259498,0.588394;0.183585,0.940113,0.0233527,-0.286249
0.870334,-0.259591,0.594485;0.187234,0.936955,0.0137092,-0.294739
0.86203,-0.25932,0.600552;0.190847,0.93362,0.00406299,-0.303174
0.853958,-0.258678,0.606572;0.194424,0.93011,-0.00558394,-0.311551
0.84507,-0.25748,0.61337;0.198468,0.925883,-0.0166076,-0.321053
0.836597,-0.255775,0.620049;0.202463,0.921429,-0.0276272,-0.330477
0.8286,-0.253551,0.626579;0.206407,0.916748,-0.03864,-0.339819
0.821138,-0.250796,0.632929;0.210302,0.911841,-0.0496433,-0.349077
0.813458,-0.247049,0.639818;0.214621,0.906053,-0.0620072,-0.35939
0.806617,-0.242598,0.646396;0.218873,0.899983,-0.0743519,-0.369591
0.800699,-0.237427,0.652617;0.223057,0.893632,-0.0866734,-0.379677
0.795312,-0.230816,0.659059;0.227624,0.88625,-0.100332,-0.390745
0.791287,-0.223273,0.664945;0.232104,0.878527,-0.113952,-0.401663
0.788743,-0.214773,0.670217;0.236495,0.870466,-0.127529,-0.412426
0.787795,-0.205295,0.674812;0.240794,0.862071,-0.141056,-0.423031
0.788403,-0.195908,0.678319;0.244585,0.854232,-0.153184,-0.432436
0.790485,-0.185693,0.681186;0.2483,0.846127,-0.165265,-0.441706
0.793772,-0.175529,0.683226;0.247793,0.849585,-0.161663,-0.436656
0.79801,-0.16536,0.684619;0.245919,0.856519,-0.153142,-0.427138
0.802645,-0.155831,0.68545;0.24421,0.862528,-0.145539,-0.4186
0.808034,-0.145863,0.685913;0.242459,0.86839,-0.137912,-0.409991
0.81332,-0.136796,0.686029;0.240893,0.873399,-0.131219,-0.402401
0.819097,-0.127423,0.685884;0.239295,0.878294,-0.124509,-0.394759
0.825325,-0.117759,0.685488;0.237667,0.883075,-0.117783,-0.387065
0.830992,-0.109253,0.684957;0.236247,0.887082,-0.112006,-0.380431
0.836935,-0.100551,0.684255;0.234804,0.891004,-0.106217,-0.37376
0.843129,-0.0916627,0.683388;0.233338,0.894841,-0.100419,-0.367054
0.849548,-0.0825967,0.682364;0.231851,0.898593,-0.094611,-0.360312
0.856168,-0.0733617,0.681187;0.230341,0.902259,-0.0887941,-0.353536
0.862963,-0.0639667,0.679864;0.22881,0.905838,-0.0829686,-0.346726
0.869908,-0.0544204,0.678401;0.227256,0.909332,-0.0771353,-0.339883
0.875791,-0.046356,0.67708;0.225945,0.912176,-0.0722685,-0.334156
0.881746,-0.0381978,0.67567;0.224619,0.914961,-0.0673969,-0.328407
0.887758,-0.029951,0.674174;0.223278,0.917684,-0.0625209,-0.322636
0.893812,-0.0216207,0.672596;0.221922,0.920347,-0.0576407,-0.316843
0.899894,-0.013212,0.670939;0.220551,0.922949,-0.0527567,-0.31103
0.905989,-0.00473001,0.669208;0.219166,0.925489,-0.0478692,-0.305196
0.912082,0.00382012,0.667405;0.217766,0.927968,-0.0429785,-0.299341
0.918159,0.0124333,0.665535;0.216352,0.930386,-0.038085,-0.293467
0.924206,0.0211043,0.6636;0.214923,0.932742,-0.0331889,-0.287574
0.930206,0.0298282,0.661605;0.213481,0.935036,-0.0282907,-0.281661
0.936146,0.0385997,0.659554;0.212024,0.937268,-0.0233905,-0.275729
0.942012,0.0474137,0.657448;0.210553,0.939438,-0.0184889,-0.26978
0.947788,0.0562652,0.655293;0.209068,0.941546,-0.0135859,-0.263812
0.953459,0.065149,0.653092;0.207569,0.943591,-0.00868214,-0.257827
0.959012,0.0740599,0.650848;0.206056,0.945574,-0.00377776,-0.251825
0.964431,0.0829929,0.648565;0.20453,0.947494,0.00112687,-0.245806
0.969702,0.0919428,0.646246;0.20299,0.949352,0.00603143,-0.239771
0.97481,0.100904,0.643896;0.201437,0.951146,0.0109356,-0.23372
0.979741,0.109873,0.641517;0.199871,0.952877,0.015839,-0.227653
0.984479,0.118843,0.639114;0.198291,0.954545,0.0207414,-0.221572
0.989011,0.127809,0.63669;0.196698,0.95615,0.0256424,-0.215476
0.993321,0.136767,0.634247;0.195092,0.957691,0.0305417,-0.209365
0.997394,0.145711,0.631791;0.193473,0.959169,0.035439,-0.20324
1.00122,0.154636,0.629325;0.191841,0.960584,0.0403339,-0.197103
1.00545,0.165314,0.626357;0.189866,0.962197,0.0462043,-0.18972
1.00928,0.175948,0.623384;0.187873,0.963718,0.0520703,-0.182319
1.01268,0.18653,0.620415;0.185862,0.965147,0.0579312,-0.174901
1.01561,0.197051,0.617454;0.183833,0.966484,0.0637867,-0.167466
1.01807,0.207501,0.614508;0.181787,0.967729,0.069636,-0.160015
1.02001,0.217873,0.611584;0.179723,0.968882,0.0754788,-0.152548
1.02142,0.228157,0.608686;0.177643,0.969941,0.0813143,-0.145068
1.02227,0.238345,0.605822;0.175545,0.970909,0.087142,-0.137573
1.02254,0.248427,0.602998;0.17343,0.971783,0.0929614,-0.130065
1.02219,0.258395,0.60022;0.171299,0.972565,0.098772,-0.122545
1.02121,0.268239,0.597494;0.169152,0.973254,0.104573,-0.115013
1.01957,0.277952,0.594826;0.166988,0.97385,0.110364,-0.10747
1.01725,0.287524,0.592222;0.164809,0.974354,0.116145,-0.0999172
1.01421,0.296946,0.589689;0.162614,0.974764,0.121914,-0.0923545
1.01043,0.30621,0.587233;0.160403,0.975081,0.127672,-0.084783
1.00589,0.315306,0.58486;0.158177,0.975305,0.133418,-0.0772034
1.00057,0.324226,0.582576;0.155935,0.975436,0.139151,-0.0696165
0.994428,0.332961,0.580388;0.153679,0.975473,0.144871,-0.0620229
0.987627,0.341309,0.578346;0.153779,0.975035,0.149217,-0.0582517
0.979152,0.350391,0.576176;0.154393,0.974425,0.153784,-0.0548487
0.969793,0.359245,0.574104;0.155002,0.973784,0.158346,-0.0514439
0.962232,0.365736,0.572605;0.155455,0.973281,0.161765,-0.0488891
0.954238,0.372101,0.571147;0.155905,0.97276,0.16518,-0.0463335
0.945838,0.378339,0.569724;0.156353,0.972221,0.168592,-0.043777
0.93706,0.384451,0.568331;0.156797,0.971664,0.172001,-0.0412196
0.927931,0.390438,0.566961;0.157239,0.971089,0.175407,-0.0386615
0.918479,0.396301,0.565608;0.157677,0.970496,0.17881,-0.0361027
0.90873,0.402041,0.564268;0.158113,0.969884,0.182209,-0.0335432
0.898713,0.407657,0.562933;0.158545,0.969255,0.185605,-0.0309831
0.888455,0.413152,0.561599;0.158975,0.968607,0.188997,-0.0284224
0.877983,0.418524,0.560258;0.159402,0.967941,0.192386,-0.0258612
0.867326,0.423776,0.558906;0.159826,0.967257,0.195771,-0.0232995
0.856509,0.428908,0.557536;0.160246,0.966555,0.199153,-0.0207373
0.845562,0.43392,0.556143;0.160664,0.965835,0.20253,-0.0181748
0.83451,0.438814,0.554721;0.161079,0.965098,0.205904,-0.0156119
0.823383,0.443589,0.553263;0.161491,0.964342,0.209275,-0.0130487
0.812207,0.448247,0.551765;0.161899,0.963568,0.212641,-0.0104853
0.801009,0.452788,0.55022;0.162305,0.962776,0.216003,-0.00792172
0.789818,0.457213,0.548622;0.162708,0.961966,0.219362,-0.00535796
0.77866,0.461523,0.546965;0.163108,0.961138,0.222716,-0.00279411
0.767563,0.465718,0.545245;0.163504,0.960292,0.226066,-0.000230202
0.756555,0.4698,0.543453;0.163898,0.959428,0.229412,0.00233371
0.745663,0.473767,0.541586;0.164288,0.958546,0.232753,0.00489758
0.734914,0.477623,0.539637;0.164676,0.957647,0.236091,0.00746135
0.724336,0.481366,0.5376;0.16506,0.956729,0.239423,0.010025
0.713957,0.484998,0.535469;0.165441,0.955794,0.242752,0.0125884
0.703803,0.488519,0.533239;0.16582,0.954841,0.246075,0.0151516
0.693903,0.491931,0.530904;0.166195,0.95387,0.249395,0.0177146
0.684284,0.495233,0.528457;0.166567,0.952881,0.252709,0.0202772
0.674973,0.498427,0.525893;0.166936,0.951875,0.256019,0.0228394
0.663085,0.502518,0.522282;0.167423,0.950505,0.260425,0.026255
0.651859,0.506419,0.518438;0.167904,0.949103,0.264822,0.0296698
0.64136,0.510132,0.514349;0.16838,0.947671,0.26921,0.0330835
0.631654,0.513657,0.509999;0.16885,0.946206,0.273589,0.0364962
0.622804,0.516998,0.505374;0.169315,0.944711,0.27796,0.0399077
0.613048,0.520916,0.499187;0.169888,0.942797,0.283409,0.0441701
0.604859,0.52455,0.492523;0.170452,0.940834,0.288844,0.0484303
0.598366,0.527903,0.485355;0.171007,0.938823,0.294265,0.0526879
0.592992,0.531562,0.476049;0.171662,0.936345,0.300748,0.0577935
0.590462,0.534827,0.465931;0.172304,0.933797,0.30721,0.0628947
0.590996,0.537704,0.454954;0.172933,0.93118,0.313649,0.0679912
0.59394,0.539809,0.445117;0.173447,0.928946,0.318996,0.0722345
0.599292,0.541651,0.434623;0.173952,0.926663,0.324327,0.076474
0.605392,0.542937,0.425738;0.17435,0.924802,0.32858,0.0798628
0.61318,0.54406,0.416401;0.174742,0.922911,0.332822,0.0832489
0.620167,0.544795,0.409094;0.175032,0.921472,0.335996,0.0857866
0.628167,0.545438,0.40152;0.175319,0.920016,0.339164,0.0883228
0.637208,0.545992,0.393672;0.175603,0.918543,0.342325,0.0908573
0.647318,0.546456,0.385546;0.175883,0.917053,0.34548,0.0933902
0.658523,0.546832,0.377134;0.17616,0.915546,0.348629,0.0959212
0.670851,0.547119,0.368431;0.176434,0.914022,0.351771,0.0984505
0.679707,0.547262,0.362465;0.176614,0.912996,0.353863,0.100136
0.689082,0.547366,0.356365;0.176794,0.911963,0.355951,0.10182
0.698986,0.547432,0.35013;0.176971,0.910922,0.358036,0.103504
0.709425,0.547459,0.343757;0.177148,0.909873,0.360118,0.105186
0.720408,0.547448,0.337246;0.177322,0.908817,0.362198,0.106868
