1.00386,-0.114756,0.715629;-0.434684,0.866394,-0.241418,-0.046134
0.997684,-0.109925,0.707977;-0.438524,0.864532,-0.239977,-0.0518908
0.991606,-0.105146,0.700387;-0.442341,0.862623,-0.238523,-0.0576448
0.985625,-0.100417,0.69286;-0.446135,0.860668,-0.237057,-0.0633958
0.97974,-0.0957386,0.685395;-0.449905,0.858667,-0.235577,-0.0691434
0.973953,-0.0911108,0.677992;-0.45365,0.85662,-0.234085,-0.0748872
0.96826,-0.0865334,0.670651;-0.457372,0.854527,-0.232581,-0.0806271
0.962662,-0.0820061,0.663372;-0.461068,0.852389,-0.231064,-0.0863627
0.957158,-0.0775287,0.656155;-0.464741,0.850205,-0.229535,-0.0920936
0.951748,-0.0731012,0.648999;-0.468388,0.847976,-0.227993,-0.0978197
0.945114,-0.0676366,0.640141;-0.472912,0.845125,-0.226049,-0.10497
0.938624,-0.0622494,0.631378;-0.477397,0.842205,-0.224086,-0.112111
0.932275,-0.0569392,0.622712;-0.481842,0.839213,-0.222105,-0.119243
0.926066,-0.0517057,0.61414;-0.486246,0.836152,-0.220105,-0.126365
0.919996,-0.0465486,0.605664;-0.49061,0.833021,-0.218086,-0.133477
0.914064,-0.0414676,0.597283;-0.494933,0.82982,-0.216049,-0.140577
0.908267,-0.0364625,0.588996;-0.499215,0.82655,-0.213995,-0.147666
0.902605,-0.0315329,0.580804;-0.503455,0.823212,-0.211922,-0.154742
0.897075,-0.0266785,0.572706;-0.507653,0.819804,-0.209832,-0.161805
0.891677,-0.021899,0.564701;-0.511808,0.816328,-0.207724,-0.168855
0.886409,-0.0171941,0.556791;-0.515921,0.812783,-0.205599,-0.175891
0.88127,-0.0125636,0.548974;-0.519991,0.809171,-0.203456,-0.182912
0.876258,-0.00800707,0.541251;-0.524017,0.805492,-0.201297,-0.189918
0.871372,-0.00352428,0.53362;-0.528,0.801745,-0.199121,-0.196908
0.865672,0.00175817,0.524586;-0.532721,0.79716,-0.196488,-0.205274
0.860149,0.00693542,0.515684;-0.537377,0.792479,-0.193831,-0.213616
0.8548,0.012008,0.506916;-0.54197,0.787704,-0.19115,-0.221932
0.849623,0.0169763,0.49828;-0.546497,0.782833,-0.188447,-0.230221
0.844615,0.021841,0.489776;-0.550958,0.777868,-0.185721,-0.238482
0.839773,0.0266026,0.481404;-0.555353,0.77281,-0.182973,-0.246715
0.835095,0.0312615,0.473162;-0.559681,0.767659,-0.180203,-0.254918
0.830579,0.0358184,0.465052;-0.563942,0.762416,-0.177411,-0.263091
0.826222,0.0402736,0.457072;-0.568135,0.757081,-0.174598,-0.271231
0.821336,0.0453437,0.447926;-0.572941,0.750741,-0.171289,-0.280688
0.81666,0.050277,0.438956;-0.577653,0.744279,-0.167953,-0.290098
0.812188,0.0550744,0.430162;-0.582271,0.737695,-0.164589,-0.299461
0.807919,0.0597367,0.421542;-0.586793,0.730991,-0.161198,-0.308775
0.803846,0.0642647,0.413097;-0.591219,0.724167,-0.15778,-0.318039
0.799967,0.0686593,0.404826;-0.595548,0.717224,-0.154337,-0.32725
0.795765,0.0735192,0.395585;-0.600376,0.709146,-0.150371,-0.337712
0.791805,0.0782072,0.386568;-0.605077,0.700916,-0.146373,-0.348101
0.78808,0.0827243,0.377776;-0.609647,0.692536,-0.142343,-0.358416
0.784586,0.0870719,0.369207;-0.614088,0.684009,-0.138284,-0.368655
0.780921,0.0917618,0.359832;-0.618926,0.67424,-0.133681,-0.380078
0.777532,0.0962404,0.350736;-0.623598,0.66429,-0.129042,-0.3914
0.774408,0.100509,0.341919;-0.6281,0.654159,-0.124368,-0.402615
0.77124,0.105009,0.332447;-0.632903,0.642696,-0.119136,-0.414948
0.768379,0.109255,0.323315;-0.637495,0.631018,-0.113864,-0.427143
0.765573,0.113634,0.31366;-0.642301,0.617929,-0.108021,-0.440393
0.763109,0.117712,0.304412;-0.646846,0.60459,-0.102134,-0.453464
0.760793,0.121821,0.294784;-0.651507,0.58976,-0.0956646,-0.467515
0.758847,0.125578,0.285634;-0.655855,0.574646,-0.0891495,-0.481341
0.757131,0.129258,0.276256;-0.660208,0.557962,-0.0820432,-0.496057
0.755713,0.132772,0.266775;-0.66448,0.539642,-0.0743386,-0.511592
0.754652,0.136028,0.257321;-0.668574,0.519621,-0.0660299,-0.527865
0.753976,0.139091,0.247482;-0.672607,0.496461,-0.0565536,-0.545828
0.753814,0.141739,0.237573;-0.676346,0.470009,-0.0458983,-0.56528
0.754309,0.143805,0.227518;-0.679656,0.438675,-0.0334923,-0.58695
0.755678,0.144897,0.217572;-0.682151,0.400734,-0.0187624,-0.611334
0.758384,0.144227,0.207849;-0.73838,0.401666,-0.00692917,-0.541674
0.763107,0.14008,0.200162;-0.810144,0.40623,0.0071769,-0.422601
0.768817,0.132361,0.19799;-0.866862,0.40273,0.0213727,-0.293089
0.773707,0.123825,0.200269;-0.899781,0.394017,0.0324765,-0.184636
0.777593,0.115668,0.204592;-0.917608,0.3834,0.0410183,-0.0965259
0.780858,0.107644,0.210144;-0.926964,0.371555,0.0481907,-0.019035
0.783566,0.0999049,0.2164;-0.930383,0.359162,0.0542693,0.0494546
0.785811,0.092446,0.223105;-0.929567,0.346503,0.0595137,0.110898
0.787684,0.0851482,0.230209;-0.925527,0.333556,0.0641598,0.167403
0.789201,0.0781218,0.237497;-0.919031,0.320643,0.068242,0.21889
0.79044,0.0711374,0.245135;-0.910344,0.307428,0.0719632,0.267551
0.791366,0.0645777,0.252639;-0.900366,0.294711,0.075182,0.311181
0.79208,0.0578298,0.260671;-0.888431,0.281352,0.0782373,0.354134
0.792545,0.0512553,0.268787;-0.875301,0.268095,0.0809822,0.394227
0.79278,0.0448888,0.276908;-0.861277,0.255049,0.0834362,0.431497
0.792806,0.0387604,0.284959;-0.846638,0.242315,0.0856188,0.466
0.792629,0.0325269,0.29338;-0.830669,0.229201,0.087667,0.49977
0.792266,0.0265706,0.301638;-0.814446,0.216528,0.0894688,0.530838
0.791704,0.0205334,0.310218;-0.797089,0.203554,0.0911461,0.561166
0.790988,0.0148055,0.31855;-0.779809,0.191132,0.0926033,0.58889
0.79008,0.00901668,0.32716;-0.761574,0.178478,0.0939472,0.615893
0.788973,0.00317188,0.336046;-0.742408,0.165604,0.0951762,0.642143
0.787752,-0.00232948,0.344586;-0.723699,0.153406,0.0962182,0.665935
0.786344,-0.00787138,0.353362;-0.704218,0.141044,0.0971576,0.689016
0.784749,-0.0134292,0.362339;-0.695368,0.122448,0.0998747,0.701067
0.783092,-0.0186405,0.370908;-0.696837,0.0995031,0.104039,0.702633
0.78128,-0.0238776,0.379652;-0.697924,0.0765036,0.108147,0.703813
0.779323,-0.0291378,0.388552;-0.698629,0.0534622,0.112195,0.704608
0.777231,-0.0344184,0.397592;-0.69895,0.0303914,0.116182,0.705016
0.775013,-0.0397168,0.406753;-0.698888,0.00730399,0.120105,0.705037
0.772679,-0.0450304,0.416018;-0.698443,-0.0157874,0.123962,0.704672
0.770465,-0.0498717,0.424516;-0.697705,-0.0367725,0.12741,0.704004
0.768171,-0.0547214,0.433072;-0.696652,-0.0577408,0.1308,0.703017
0.765803,-0.0595774,0.441673;-0.695283,-0.078683,0.13413,0.701712
0.76337,-0.0644376,0.450306;-0.693598,-0.0995895,0.1374,0.700089
0.760879,-0.0693002,0.458957;-0.6916,-0.120451,0.140607,0.698148
0.758336,-0.0741631,0.467613;-0.689288,-0.141258,0.143751,0.695891
0.755749,-0.0790243,0.47626;-0.686663,-0.162001,0.14683,0.693319
0.753126,-0.0838818,0.484886;-0.683727,-0.18267,0.149842,0.690432
0.750474,-0.0887336,0.493478;-0.680481,-0.203256,0.152786,0.687232
0.7478,-0.0935778,0.502021;-0.676927,-0.223751,0.155661,0.683721
0.745111,-0.0984122,0.510503;-0.673066,-0.244144,0.158465,0.6799
0.742415,-0.103235,0.518911;-0.6689,-0.264426,0.161197,0.675771
0.739449,-0.108524,0.528057;-0.663968,-0.286598,0.164119,0.670875
0.736494,-0.113794,0.537079;-0.658671,-0.308613,0.16695,0.665612
0.733558,-0.119042,0.54596;-0.653013,-0.330458,0.16969,0.659983
0.730651,-0.124266,0.554682;-0.646996,-0.352122,0.172336,0.653992
0.727783,-0.129462,0.563227;-0.640625,-0.373593,0.174889,0.647643
0.724964,-0.134629,0.571577;-0.633903,-0.394859,0.177345,0.640938
0.722203,-0.139763,0.579715;-0.626833,-0.415909,0.179704,0.633882
0.719269,-0.145324,0.588331;-0.618728,-0.438612,0.182165,0.625788
0.716429,-0.150839,0.59665;-0.61022,-0.461028,0.184507,0.617286
0.713695,-0.156306,0.60465;-0.601313,-0.483144,0.186729,0.608381
0.710868,-0.162169,0.612929;-0.591221,-0.506746,0.188998,0.598286
0.708197,-0.167966,0.620778;-0.580677,-0.52996,0.191122,0.587732
0.705513,-0.174131,0.628715;-0.568824,-0.554505,0.193247,0.575864
0.702881,-0.18064,0.636587;-0.555564,-0.580256,0.195332,0.56258
0.700379,-0.187466,0.644211;-0.540796,-0.607071,0.197337,0.547779
0.698098,-0.194576,0.651381;-0.524418,-0.63479,0.199216,0.531357
0.696053,-0.202339,0.658179;-0.505301,-0.664784,0.201007,0.51218
0.694471,-0.210676,0.664095;-0.483212,-0.696668,0.202604,0.490011
0.693618,-0.219869,0.668649;-0.456787,-0.731399,0.203934,0.463479
0.693997,-0.229751,0.67074;-0.425637,-0.768184,0.204793,0.432187
0.696036,-0.239444,0.669247;-0.39185,-0.803651,0.204969,0.39823
0.699505,-0.247784,0.664369;-0.357103,-0.833604,0.202525,0.369549
0.703532,-0.254191,0.657796;-0.306365,-0.855509,0.183824,0.374772
0.707951,-0.259531,0.650116;-0.260377,-0.872518,0.166669,0.378335
0.71241,-0.263894,0.642082;-0.219553,-0.885462,0.151286,0.380612
0.716882,-0.267569,0.633833;-0.182223,-0.89559,0.137097,0.381991
0.72147,-0.270794,0.625217;-0.146571,-0.903781,0.123439,0.382699
0.726092,-0.273593,0.616415;-0.112693,-0.910252,0.110367,0.382832
0.730676,-0.275995,0.607582;-0.0806674,-0.915211,0.0979267,0.382481
0.735163,-0.278032,0.598852;-0.0505541,-0.918859,0.0861561,0.381733
0.739814,-0.27985,0.58972;-0.0203874,-0.921533,0.0742942,0.380581
0.744291,-0.281342,0.580861;0.00778842,-0.923148,0.0631519,0.379142
0.748884,-0.282625,0.571704;0.035957,-0.923911,0.0519513,0.377354
0.75358,-0.283694,0.562275;0.0640924,-0.923822,0.0407028,0.375217
0.758022,-0.284486,0.553297;0.0901658,-0.922977,0.0302239,0.372922
0.76253,-0.285078,0.544127;0.116167,-0.921396,0.019721,0.370331
0.767095,-0.285465,0.534784;0.142077,-0.919083,0.00920231,0.367446
0.771706,-0.285639,0.52529;0.167873,-0.916038,-0.00132365,0.364267
0.776351,-0.285594,0.515663;0.193535,-0.912265,-0.0118486,0.3608
0.781021,-0.285324,0.505925;0.219044,-0.907766,-0.022364,0.357045
0.785344,-0.284868,0.496855;0.242436,-0.902972,-0.032055,0.353326
0.78967,-0.28421,0.487724;0.265664,-0.897565,-0.0417243,0.349369
0.793991,-0.283344,0.478547;0.288712,-0.89155,-0.0513653,0.345174
0.798299,-0.282264,0.46934;0.311564,-0.884931,-0.0609714,0.340745
0.802585,-0.280967,0.46012;0.334205,-0.877712,-0.0705363,0.336086
0.80684,-0.279445,0.450902;0.356619,-0.869898,-0.0800533,0.331198
0.811057,-0.277696,0.441703;0.378791,-0.861494,-0.089516,0.326086
0.815227,-0.275712,0.432538;0.400707,-0.852506,-0.0989181,0.320753
0.819341,-0.27349,0.423424;0.422351,-0.84294,-0.108253,0.315203
0.823392,-0.271023,0.414376;0.443709,-0.832803,-0.117515,0.309439
0.82737,-0.268308,0.40541;0.464766,-0.822101,-0.126697,0.303465
0.831268,-0.265338,0.396544;0.485507,-0.810842,-0.135793,0.297285
0.835077,-0.262109,0.387791;0.50592,-0.799033,-0.144797,0.290904
0.838789,-0.258615,0.379169;0.52599,-0.786682,-0.153702,0.284325
0.84269,-0.254525,0.369994;0.547329,-0.772701,-0.163233,0.276981
0.846457,-0.250113,0.361012;0.568233,-0.758105,-0.172633,0.269417
0.850079,-0.24537,0.352242;0.588685,-0.742906,-0.181896,0.261638
0.853544,-0.240292,0.343705;0.608669,-0.727116,-0.191014,0.253651
0.856843,-0.234871,0.335422;0.628168,-0.710747,-0.199981,0.245463
0.859965,-0.229101,0.327412;0.647167,-0.693813,-0.208788,0.237079
0.862898,-0.222974,0.319696;0.665652,-0.676326,-0.217429,0.228506
0.865633,-0.216486,0.312294;0.683607,-0.658302,-0.225897,0.219752
0.868159,-0.209629,0.305227;0.701018,-0.639754,-0.234185,0.210822
0.870465,-0.202396,0.298515;0.717871,-0.620697,-0.242287,0.201725
0.87254,-0.194781,0.292178;0.734154,-0.601146,-0.250197,0.192468
0.874374,-0.186778,0.286237;0.749852,-0.581117,-0.257907,0.183057
0.875957,-0.17838,0.280712;0.764953,-0.560625,-0.265412,0.173501
0.877276,-0.169581,0.275623;0.779446,-0.539688,-0.272706,0.163807
0.878323,-0.160373,0.270991;0.793319,-0.518321,-0.279783,0.153982
0.879085,-0.150751,0.266836;0.806561,-0.496541,-0.286637,0.144035
0.879553,-0.140708,0.263179;0.81916,-0.474367,-0.293263,0.133973
0.879717,-0.130171,0.26002;0.82804,-0.461623,-0.291161,0.128375
0.879584,-0.119474,0.257434;0.834045,-0.456743,-0.282424,0.126457
0.879178,-0.108394,0.255317;0.839934,-0.4518,-0.273646,0.12452
0.878514,-0.0969535,0.253643;0.845706,-0.446793,-0.264831,0.122567
0.877753,-0.0868758,0.25254;0.850558,-0.442452,-0.257245,0.120879
0.876825,-0.0765616,0.251728;0.855324,-0.438065,-0.249633,0.119178
0.87574,-0.0660242,0.25119;0.860001,-0.433634,-0.241995,0.117465
0.87451,-0.0552771,0.250909;0.86459,-0.429158,-0.234333,0.11574
0.873143,-0.0443336,0.250871;0.86909,-0.424637,-0.226646,0.114004
0.871652,-0.0332069,0.251057;0.873501,-0.420073,-0.218936,0.112255
0.870044,-0.0219105,0.251454;0.877822,-0.415466,-0.211204,0.110495
0.868332,-0.0104576,0.252043;0.882053,-0.410816,-0.203449,0.108724
0.866525,0.00113829,0.252809;0.886193,-0.406124,-0.195674,0.106941
0.864634,0.0128639,0.253737;0.890242,-0.40139,-0.187879,0.105147
0.863001,0.0227248,0.25462;0.893547,-0.397414,-0.181368,0.103644
0.861322,0.0326588,0.255596;0.896787,-0.393409,-0.174844,0.102134
0.859604,0.0426581,0.256653;0.899964,-0.389376,-0.168308,0.100616
0.857852,0.0527151,0.257782;0.903076,-0.385316,-0.16176,0.0990917
0.856072,0.0628221,0.258974;0.906124,-0.381228,-0.1552,0.0975598
0.85427,0.0729712,0.260221;0.909107,-0.377112,-0.148629,0.096021
0.852453,0.0831549,0.261511;0.912025,-0.37297,-0.142048,0.0944753
0.850626,0.0933654,0.262837;0.914879,-0.368801,-0.135456,0.0929228
0.848795,0.103595,0.264188;0.917666,-0.364606,-0.128855,0.0913638
0.846966,0.113836,0.265556;0.920389,-0.360385,-0.122244,0.0897982
0.845145,0.12408,0.266931;0.923045,-0.356138,-0.115625,0.0882262
0.843337,0.134321,0.268303;0.925636,-0.351865,-0.108998,0.0866479
0.84155,0.144549,0.269664;0.928161,-0.347568,-0.102362,0.0850634
0.839789,0.154758,0.271003;0.930619,-0.343245,-0.0957197,0.0834729
0.838059,0.16494,0.272313;0.933012,-0.338899,-0.0890703,0.0818764
0.836367,0.175086,0.273582;0.935337,-0.334528,-0.0824146,0.080274
0.834719,0.18519,0.274802;0.937596,-0.330133,-0.075753,0.0786659
0.833121,0.195244,0.275964;0.939787,-0.325714,-0.0690859,0.0770522
0.831578,0.205239,0.277058;0.941912,-0.321273,-0.0624139,0.075433
0.830096,0.215169,0.278075;0.943969,-0.316808,-0.0557375,0.0738085
0.828682,0.225025,0.279006;0.94596,-0.312321,-0.0490571,0.0721786
0.827083,0.236744,0.279995;0.948258,-0.306907,-0.041036,0.070216
0.825599,0.248333,0.28083;0.95046,-0.301461,-0.0330107,0.0682462
0.824242,0.259778,0.281494;0.952564,-0.295984,-0.024982,0.0662693
0.823022,0.271065,0.281972;0.95457,-0.290477,-0.0169508,0.0642857
0.821948,0.282183,0.282248;0.956477,-0.28494,-0.00891779,0.0622954
0.821032,0.293116,0.282304;0.958287,-0.279374,-0.000883879,0.0602987
0.820283,0.303852,0.282126;0.959998,-0.273779,0.00715012,0.0582959
0.819711,0.314378,0.281696;0.96161,-0.268156,0.0151834,0.056287
0.819328,0.32468,0.280999;0.963123,-0.262506,0.0232151,0.0542724
0.819142,0.334745,0.280018;0.964538,-0.256828,0.0312444,0.0522522
0.819191,0.34617,0.278495;0.966062,-0.250171,0.0406078,0.0498885
0.819539,0.357232,0.276538;0.967452,-0.243479,0.0499656,0.0475178
0.820204,0.367912,0.274121;0.968706,-0.236752,0.0593163,0.0451405
0.821202,0.378186,0.27122;0.969825,-0.229993,0.0686588,0.0427568
0.822548,0.388035,0.267808;0.970808,-0.223201,0.0779916,0.0403672
0.824261,0.397437,0.263861;0.971656,-0.216379,0.0873136,0.0379719
0.826355,0.406371,0.259351;0.972367,-0.209526,0.0966233,0.0355713
0.828847,0.414815,0.254254;0.972942,-0.202643,0.105919,0.0331658
0.831753,0.42275,0.248544;0.973382,-0.195733,0.115201,0.0307556
0.835091,0.430152,0.242195;0.973685,-0.188794,0.124466,0.0283411
0.838875,0.437001,0.235182;0.973851,-0.18183,0.133714,0.0259226
0.843123,0.443277,0.227479;0.973882,-0.17484,0.142943,0.0235005
0.84785,0.448957,0.219059;0.973776,-0.167826,0.152152,0.0210751
0.853074,0.454021,0.209899;0.973534,-0.160788,0.16134,0.0186468
0.857958,0.457855,0.201438;0.973218,-0.154737,0.169198,0.0165633
0.863229,0.461207,0.192396;0.972803,-0.148671,0.177038,0.0144781
0.868898,0.464064,0.182759;0.972287,-0.142589,0.184859,0.0123914
0.873932,0.466057,0.174262;0.971781,-0.13751,0.191363,0.0106515
0.879255,0.467689,0.16533;0.971205,-0.132421,0.197853,0.00891081
