0.808631,-0.119725,0.572765;0.628992,0.599308,-0.489558,-0.074374
0.809821,-0.109577,0.572761;0.631327,0.598977,-0.486999,-0.0740616
0.81101,-0.0995248,0.572753;0.633654,0.598637,-0.484434,-0.0737484
0.812199,-0.0895684,0.57274;0.635974,0.598291,-0.481863,-0.0734342
0.813981,-0.0748126,0.572714;0.639439,0.597758,-0.477996,-0.0729612
0.815762,-0.0602703,0.572678;0.642887,0.597208,-0.474115,-0.0724862
0.817541,-0.0459403,0.572632;0.646317,0.596642,-0.470221,-0.0720092
0.819319,-0.0318215,0.572578;0.649729,0.596059,-0.466315,-0.0715303
0.821095,-0.0179126,0.572514;0.653123,0.59546,-0.462395,-0.0710494
0.822869,-0.0042123,0.572441;0.6565,0.594845,-0.458463,-0.0705665
0.824642,0.00928052,0.572359;0.659858,0.594213,-0.454518,-0.0700817
0.826413,0.0225671,0.572268;0.663198,0.593565,-0.450561,-0.069595
0.828182,0.0356487,0.572169;0.66652,0.592901,-0.446592,-0.0691064
0.829949,0.0485264,0.57206;0.669824,0.59222,-0.44261,-0.0686158
0.831713,0.0612016,0.571943;0.673109,0.591523,-0.438616,-0.0681234
0.833475,0.0736754,0.571817;0.676376,0.59081,-0.43461,-0.0676291
0.835235,0.085949,0.571683;0.679624,0.590081,-0.430592,-0.067133
0.836993,0.0980237,0.57154;0.682853,0.589335,-0.426562,-0.066635
0.838748,0.109901,0.571389;0.686064,0.588573,-0.42252,-0.0661351
0.8405,0.121581,0.57123;0.689256,0.587795,-0.418467,-0.0656335
0.842249,0.133066,0.571062;0.692429,0.587001,-0.414403,-0.0651301
0.843996,0.144358,0.570886;0.695583,0.586191,-0.410327,-0.0646248
0.845739,0.155456,0.570703;0.698718,0.585365,-0.406239,-0.0641178
0.84748,0.166362,0.570511;0.701834,0.584522,-0.402141,-0.063609
0.849217,0.177079,0.570311;0.70493,0.583664,-0.398031,-0.0630985
0.850951,0.187606,0.570103;0.708007,0.582789,-0.393911,-0.0625863
0.852682,0.197945,0.569888;0.711064,0.581899,-0.38978,-0.0620723
0.854409,0.208097,0.569665;0.714102,0.580992,-0.385638,-0.0615566
0.856133,0.218064,0.569434;0.717121,0.58007,-0.381485,-0.0610392
0.858425,0.231066,0.569114;0.721115,0.578815,-0.375932,-0.0603468
0.860711,0.243744,0.568782;0.725073,0.577532,-0.370361,-0.0596514
0.86299,0.2561,0.568436;0.728996,0.576221,-0.364771,-0.0589531
0.865262,0.268136,0.568078;0.732884,0.574882,-0.359164,-0.058252
0.867526,0.279857,0.567707;0.736736,0.573514,-0.353539,-0.0575479
0.869783,0.291264,0.567323;0.740552,0.572119,-0.347897,-0.0568411
0.872032,0.302361,0.566927;0.744331,0.570696,-0.342238,-0.0561315
0.874272,0.31315,0.566519;0.748075,0.569244,-0.336562,-0.0554192
0.876505,0.323635,0.566099;0.751782,0.567765,-0.330869,-0.0547041
0.878729,0.333818,0.565667;0.755452,0.566258,-0.325161,-0.0539864
0.880943,0.343702,0.565224;0.759085,0.564724,-0.319437,-0.053266
0.883699,0.355641,0.564654;0.763574,0.562767,-0.312259,-0.0523619
0.886441,0.367124,0.564067;0.768005,0.560767,-0.305058,-0.0514538
0.889167,0.378155,0.563462;0.772378,0.558725,-0.297834,-0.0505418
0.891878,0.388741,0.562841;0.776691,0.55664,-0.290587,-0.0496259
0.894573,0.398887,0.562203;0.780945,0.554512,-0.283317,-0.0487062
0.897252,0.408598,0.561549;0.78514,0.552342,-0.276026,-0.0477828
0.900444,0.419687,0.560745;0.790094,0.549682,-0.26725,-0.04667
0.903611,0.430168,0.559918;0.794962,0.546962,-0.258443,-0.045552
0.906752,0.440051,0.55907;0.799742,0.544182,-0.249609,-0.044429
0.910383,0.450839,0.558054;0.805208,0.540863,-0.239267,-0.0431126
0.913976,0.460842,0.557012;0.810553,0.537463,-0.228889,-0.0417898
0.918036,0.471333,0.555788;0.816514,0.533479,-0.216988,-0.0402704
0.922043,0.480842,0.554532;0.822315,0.529391,-0.205043,-0.0387432
0.926486,0.490395,0.553082;0.828649,0.524668,-0.191558,-0.037016
0.931339,0.499625,0.551426;0.835446,0.519268,-0.17652,-0.0350861
0.936572,0.508149,0.549555;0.842629,0.513146,-0.159915,-0.0329509
0.942606,0.516101,0.547282;0.850716,0.505665,-0.140216,-0.0304119
0.9498,0.522873,0.5444;0.860066,0.496101,-0.115872,-0.0272656
0.958408,0.526923,0.540685;0.870808,0.483602,-0.0853176,-0.023303
0.967353,0.526116,0.536478;0.881396,0.469172,-0.0515887,-0.0189115
0.974976,0.520989,0.53257;0.889892,0.455451,-0.0208586,-0.0148948
0.981053,0.51362,0.529203;0.896259,0.44335,0.00528345,-0.0114661
0.986092,0.505009,0.52621;0.901221,0.432348,0.0283469,-0.00843231
0.990204,0.496068,0.523606;0.905021,0.422573,0.04832,-0.00579825
0.993783,0.486689,0.521201;0.908115,0.413356,0.0667348,-0.00336412
0.996876,0.477208,0.518999;0.910599,0.404747,0.0835895,-0.00113151
0.999783,0.466946,0.516804;0.912748,0.395989,0.100413,0.00110152
1.00223,0.457142,0.514846;0.915401,0.388227,0.106198,0.00661002
1.00452,0.446762,0.512895;0.919116,0.380612,0.100436,0.0165088
1.00642,0.437088,0.511171;0.922263,0.373778,0.0952968,0.025305
1.0082,0.427006,0.509459;0.925261,0.366884,0.0901425,0.0340971
1.00984,0.416527,0.507759;0.928111,0.359932,0.0849736,0.0428837
1.01136,0.405665,0.506074;0.930812,0.352921,0.0797912,0.0516635
1.01274,0.394432,0.504405;0.933364,0.345854,0.074596,0.060435
1.01383,0.384308,0.502959;0.935474,0.339625,0.0700403,0.0681021
1.01482,0.373917,0.501527;0.937469,0.333355,0.065476,0.0757609
1.0157,0.363268,0.50011;0.939349,0.327043,0.0609037,0.0834104
1.01648,0.352369,0.498709;0.941114,0.320691,0.0563239,0.0910496
1.01714,0.341228,0.497325;0.942763,0.3143,0.0517372,0.0986777
1.01769,0.329854,0.495959;0.944296,0.30787,0.0471442,0.106294
1.01808,0.319925,0.494803;0.945518,0.302328,0.0432026,0.112811
1.01838,0.309836,0.493662;0.946655,0.29676,0.0392572,0.119319
1.01859,0.299592,0.492535;0.947706,0.291164,0.0353082,0.125815
1.01872,0.289198,0.491425;0.948672,0.285542,0.031356,0.132301
1.01877,0.278659,0.490331;0.949552,0.279895,0.027401,0.138774
1.01872,0.267981,0.489254;0.950347,0.274222,0.0234436,0.145235
1.01859,0.257169,0.488194;0.951056,0.268525,0.019484,0.151683
1.01837,0.246228,0.487152;0.951679,0.262803,0.0155227,0.158117
1.01806,0.235163,0.486129;0.952216,0.257058,0.0115599,0.164536
1.01766,0.22398,0.485126;0.952667,0.251289,0.00759615,0.170941
1.01717,0.212683,0.484142;0.953033,0.245498,0.00363169,0.177331
1.01659,0.201278,0.483179;0.953312,0.239684,-0.000333105,0.183704
1.01591,0.189771,0.482237;0.953506,0.233849,-0.00429787,0.190061
1.01514,0.178165,0.481317;0.953613,0.227993,-0.00826224,0.196401
1.01427,0.166467,0.480419;0.953634,0.222116,-0.0122259,0.202723
1.01331,0.154682,0.479544;0.953569,0.216219,-0.0161884,0.209027
1.01225,0.142815,0.478692;0.953419,0.210303,-0.0201495,0.215312
1.01129,0.132866,0.478001;0.953227,0.205358,-0.023449,0.220535
1.01027,0.122868,0.477327;0.952976,0.200401,-0.026747,0.225744
1.00917,0.112822,0.47667;0.952666,0.195431,-0.0300434,0.230938
1.00801,0.102731,0.476032;0.952295,0.190448,-0.0333379,0.236118
1.00678,0.0925997,0.475411;0.951865,0.185454,-0.0366303,0.241284
1.00547,0.0824297,0.474809;0.951375,0.180448,-0.0399204,0.246434
1.0041,0.0722245,0.474225;0.950826,0.175431,-0.043208,0.251569
1.00265,0.061987,0.473661;0.950217,0.170402,-0.0464929,0.256688
1.00113,0.0517203,0.473117;0.949549,0.165364,-0.0497749,0.261791
0.999544,0.0414273,0.472592;0.948821,0.160314,-0.0530537,0.266878
0.997881,0.0311111,0.472087;0.948033,0.155255,-0.0563293,0.271948
0.996145,0.0207747,0.471603;0.947187,0.150186,-0.0596013,0.277001
0.994335,0.0104212,0.47114;0.946281,0.145107,-0.0628696,0.282036
0.99245,5.34462e-05,0.470698;0.945315,0.14002,-0.0661339,0.287054
0.990491,-0.0103254,0.470278;0.944291,0.134923,-0.0693941,0.292054
0.988456,-0.0207124,0.46988;0.943207,0.129819,-0.07265,0.297035
0.986346,-0.0311046,0.469504;0.942064,0.124706,-0.0759012,0.301998
0.984159,-0.0414988,0.469151;0.940862,0.119585,-0.0791478,0.306942
0.981895,-0.0518921,0.468821;0.939601,0.114457,-0.0823894,0.311867
0.979554,-0.0622815,0.468514;0.938282,0.109321,-0.0856258,0.316772
0.977134,-0.072664,0.468231;0.936903,0.104179,-0.0888569,0.321658
0.974637,-0.0830365,0.467972;0.935466,0.0990304,-0.0920823,0.326523
0.97206,-0.093396,0.467737;0.93397,0.0938755,-0.0953021,0.331368
0.969404,-0.10374,0.467527;0.932416,0.0887146,-0.0985158,0.336192
0.966669,-0.114064,0.467342;0.930803,0.0835482,-0.101723,0.340995
0.963852,-0.124367,0.467183;0.929132,0.0783766,-0.104925,0.345777
0.960955,-0.134644,0.467049;0.927403,0.0732,-0.108119,0.350537
0.957977,-0.144893,0.466942;0.925616,0.0680189,-0.111307,0.355275
0.954916,-0.155112,0.466861;0.92377,0.0628335,-0.114488,0.35999
0.951773,-0.165296,0.466806;0.921867,0.0576441,-0.117662,0.364683
0.948547,-0.175443,0.466779;0.919906,0.0524512,-0.120828,0.369354
0.945238,-0.18555,0.46678;0.917888,0.0472549,-0.123987,0.374001
0.941845,-0.195614,0.466808;0.915811,0.0420557,-0.127138,0.378625
0.938367,-0.205632,0.466865;0.913678,0.0368539,-0.130281,0.383225
0.934804,-0.2156,0.46695;0.911487,0.0316498,-0.133416,0.387801
0.931145,-0.225546,0.467064;0.914654,0.0249814,-0.123228,0.384187
0.927592,-0.234947,0.467199;0.917771,0.0185664,-0.112863,0.38028
0.923968,-0.244291,0.467358;0.92073,0.0121481,-0.10248,0.376307
0.919657,-0.255112,0.467574;0.923979,0.00465758,-0.0903427,0.37159
0.915262,-0.265841,0.46782;0.92701,-0.00283406,-0.0781845,0.366785
0.910789,-0.276469,0.468095;0.929822,-0.010325,-0.0660078,0.361893
0.906245,-0.286989,0.468398;0.932415,-0.0178136,-0.0538155,0.356916
0.901635,-0.297393,0.468727;0.934787,-0.0252979,-0.0416105,0.351855
0.896966,-0.307673,0.46908;0.936939,-0.0327762,-0.0293956,0.34671
0.892244,-0.317821,0.469457;0.938869,-0.0402468,-0.0171739,0.341483
0.887475,-0.327829,0.469856;0.940577,-0.0477079,-0.00494802,0.336176
0.882665,-0.33769,0.470275;0.942063,-0.0551577,0.00727899,0.330789
0.87782,-0.347396,0.470713;0.943327,-0.0625945,0.0195043,0.325325
0.872947,-0.356938,0.471169;0.944367,-0.0700165,0.031725,0.319783
0.868052,-0.36631,0.47164;0.945185,-0.077422,0.0439381,0.314166
0.86314,-0.375502,0.472126;0.94578,-0.0848092,0.0561409,0.308475
0.858218,-0.384508,0.472625;0.946151,-0.0921763,0.0683305,0.30271
0.853292,-0.39332,0.473136;0.946298,-0.0995217,0.0805039,0.296875
0.847666,-0.403142,0.473732;0.946193,-0.107888,0.0943929,0.290119
0.842051,-0.412689,0.474339;0.945796,-0.11622,0.108253,0.283275
0.836458,-0.421948,0.474954;0.945107,-0.124517,0.122079,0.276343
0.830895,-0.430907,0.475577;0.944126,-0.132775,0.135868,0.269325
0.825372,-0.439556,0.476204;0.942855,-0.140992,0.149615,0.262225
0.819217,-0.4489,0.476912;0.941076,-0.150185,0.165025,0.25414
0.813136,-0.457818,0.47762;0.93893,-0.159318,0.18037,0.245956
0.807144,-0.466296,0.478324;0.936418,-0.16839,0.195645,0.237676
0.800604,-0.475177,0.479099;0.933197,-0.178392,0.212528,0.228368
0.794207,-0.483469,0.479863;0.929526,-0.188308,0.229308,0.218949
0.787356,-0.491884,0.480683;0.924971,-0.199111,0.247637,0.208467
0.780723,-0.499529,0.481478;0.919877,-0.209797,0.265823,0.197863
0.773763,-0.506955,0.482309;0.913707,-0.221316,0.285484,0.186163
0.766584,-0.51388,0.483159;0.906308,-0.23362,0.30656,0.173344
0.758816,-0.520357,0.484063;0.896853,-0.247581,0.330567,0.158377
0.750306,-0.525888,0.485019;0.884225,-0.263977,0.3589,0.140191
0.740878,-0.529194,0.485999;0.866081,-0.284325,0.394281,0.116639
0.731356,-0.526736,0.486791;0.839105,-0.309769,0.438907,0.0854813
0.725988,-0.517969,0.486949;0.812777,-0.330737,0.476049,0.0581732
0.724016,-0.508067,0.48673;0.792993,-0.344627,0.500861,0.0391512
0.723549,-0.497308,0.486321;0.775559,-0.355791,0.520942,0.0232516
0.723991,-0.487004,0.485836;0.761005,-0.364445,0.536601,0.0105129
0.725059,-0.476199,0.485261;0.7472,-0.372155,0.550628,-0.0011709
0.726603,-0.465219,0.484624;0.734271,-0.378977,0.563101,-0.0117921
0.728474,-0.454377,0.483956;0.722333,-0.38496,0.574096,-0.0213465
0.73053,-0.443961,0.483283;0.711484,-0.390152,0.58368,-0.0298323
0.732967,-0.4328,0.482533;0.700415,-0.395224,0.593084,-0.038309
0.735418,-0.422415,0.481813;0.690552,-0.399562,0.601163,-0.0457165
0.738281,-0.411023,0.481;0.69352,-0.397925,0.598815,-0.0458949
0.741309,-0.399584,0.480166;0.699576,-0.394841,0.593918,-0.0442169
0.744046,-0.389644,0.479428;0.704585,-0.392249,0.589803,-0.0428162
0.74697,-0.379347,0.478654;0.709557,-0.389637,0.585659,-0.0414132
0.750074,-0.368706,0.477844;0.714494,-0.387006,0.581485,-0.0400082
0.753352,-0.357737,0.477002;0.719394,-0.384354,0.577281,-0.0386011
0.756797,-0.346452,0.476128;0.724258,-0.381684,0.573049,-0.0371921
0.760403,-0.334864,0.475224;0.729085,-0.378993,0.568787,-0.0357812
0.764164,-0.322989,0.474292;0.733875,-0.376284,0.564496,-0.0343684
0.767279,-0.31329,0.473528;0.737681,-0.374103,0.561043,-0.033237
0.770485,-0.303422,0.472747;0.741462,-0.37191,0.557572,-0.0321045
0.773779,-0.293392,0.471952;0.74522,-0.369704,0.554082,-0.0309709
0.777158,-0.283207,0.471142;0.748953,-0.367487,0.550575,-0.0298364
0.780618,-0.272874,0.470319;0.752662,-0.365258,0.547049,-0.0287008
0.784156,-0.262401,0.469484;0.756346,-0.363016,0.543506,-0.0275644
0.787768,-0.251793,0.468637;0.760006,-0.360764,0.539946,-0.026427
0.791452,-0.241059,0.467779;0.763642,-0.358499,0.536368,-0.0252888
0.795204,-0.230204,0.466912;0.767252,-0.356223,0.532772,-0.0241498
0.79902,-0.219237,0.466036;0.770838,-0.353935,0.529159,-0.0230099
0.802897,-0.208164,0.465152;0.774399,-0.351636,0.525529,-0.0218694
0.806832,-0.196991,0.46426;0.777934,-0.349325,0.521882,-0.0207281
0.810821,-0.185727,0.463363;0.781444,-0.347003,0.518218,-0.0195862
0.814862,-0.174377,0.46246;0.784929,-0.34467,0.514537,-0.0184436
0.81895,-0.16295,0.461553;0.788389,-0.342325,0.51084,-0.0173004
0.823083,-0.151451,0.460642;0.791823,-0.33997,0.507126,-0.0161567
0.827257,-0.139889,0.459728;0.795231,-0.337603,0.503395,-0.0150124
0.831469,-0.128269,0.458813;0.798613,-0.335225,0.499648,-0.0138676
0.835715,-0.1166,0.457896;0.80197,-0.332837,0.495885,-0.0127224
0.839993,-0.104887,0.45698;0.8053,-0.330438,0.492106,-0.0115768
0.844298,-0.0931378,0.456064;0.808605,-0.328028,0.488311,-0.0104308
0.848627,-0.0813598,0.45515;0.811883,-0.325607,0.4845,-0.0092845
0.852978,-0.0695596,0.454239;0.815135,-0.323176,0.480673,-0.00813786
0.857346,-0.0577443,0.453331;0.81836,-0.320734,0.476831,-0.00699097
0.861729,-0.0459208,0.452428;0.821559,-0.318282,0.472973,-0.00584385
0.866123,-0.0340961,0.45153;0.824731,-0.31582,0.4691,-0.00469654
0.870524,-0.0222773,0.450638;0.827876,-0.313347,0.465212,-0.00354907
0.87493,-0.0104713,0.449753;0.830995,-0.310864,0.461308,-0.0024015
0.879337,0.00131499,0.448876;0.834086,-0.308372,0.45739,-0.00125384
0.883741,0.0130745,0.448008;0.837151,-0.305869,0.453457,-0.000106142
0.88814,0.0248001,0.447149;0.840188,-0.303356,0.449509,0.00104156
0.89253,0.0364851,0.446301;0.843198,-0.300833,0.445546,0.00218923
0.896908,0.0481223,0.445464;0.846181,-0.298301,0.441569,0.00333682
0.90127,0.0597048,0.44464;0.849136,-0.295759,0.437578,0.00448431
0.905613,0.0712255,0.443829;0.852064,-0.293207,0.433572,0.00563165
0.909933,0.0826775,0.443032;0.854964,-0.290646,0.429553,0.00677881
0.914228,0.0940539,0.44225;0.857836,-0.288075,0.425519,0.00792575
0.918494,0.105348,0.441484;0.860681,-0.285495,0.421472,0.00907243
0.922727,0.116552,0.440734;0.863497,-0.282906,0.417411,0.0102188
0.926925,0.127659,0.440002;0.866286,-0.280308,0.413337,0.0113649
0.931084,0.138663,0.439289;0.869046,-0.2777,0.409249,0.0125106
0.9352,0.149556,0.438595;0.871779,-0.275084,0.405148,0.0136558
0.939271,0.160331,0.437922;0.874483,-0.272458,0.401033,0.0148007
0.943292,0.170982,0.437269;0.877158,-0.269824,0.396906,0.015945
0.947261,0.181501,0.436639;0.879805,-0.267181,0.392766,0.0170889
0.951174,0.191882,0.436031;0.882424,-0.264529,0.388613,0.0182322
0.955028,0.202117,0.435447;0.885014,-0.261869,0.384447,0.0193749
0.95882,0.2122,0.434888;0.887575,-0.2592,0.380269,0.0205169
0.962546,0.222123,0.434355;0.890108,-0.256523,0.376079,0.0216583
0.966203,0.231879,0.433848;0.892611,-0.253837,0.371876,0.022799
0.969787,0.241462,0.433368;0.895086,-0.251144,0.367661,0.023939
0.973295,0.250864,0.432917;0.897532,-0.248442,0.363435,0.0250782
0.977569,0.262353,0.432393;0.900548,-0.245053,0.358135,0.026501
0.981713,0.273535,0.431917;0.903518,-0.241652,0.352817,0.0279225
0.98572,0.284397,0.43149;0.906443,-0.238239,0.347481,0.0293426
0.989584,0.294924,0.431114;0.909321,-0.234813,0.342128,0.0307611
0.993297,0.305105,0.43079;0.912154,-0.231376,0.336757,0.0321782
0.996855,0.314924,0.43052;0.91494,-0.227927,0.331369,0.0335936
1.00025,0.324368,0.430306;0.91768,-0.224466,0.325964,0.0350072
1.0041,0.335187,0.430125;0.920907,-0.220298,0.319457,0.0367013
1.00769,0.345423,0.43003;0.924066,-0.216115,0.312926,0.0383927
1.01102,0.355052,0.430024;0.927158,-0.211915,0.306373,0.0400813
1.01455,0.365489,0.430133;0.930679,-0.206996,0.298699,0.0420476
1.01769,0.37503,0.430372;0.934108,-0.202056,0.290995,0.0440098
1.02076,0.384789,0.43081;0.937914,-0.196386,0.282155,0.0462469
1.02381,0.395191,0.431615;0.942499,-0.189263,0.271054,0.0490348
1.02621,0.404891,0.432977;0.947749,-0.180665,0.257661,0.052367
1.02691,0.414023,0.43647;0.95627,-0.165493,0.234044,0.0581612
1.02092,0.410187,0.442915;0.965635,-0.146505,0.204516,0.0652622
1.01489,0.401535,0.447047;0.967787,-0.140284,0.198658,0.0651445
1.00943,0.39274,0.450319;0.967098,-0.139335,0.203845,0.0612743
1.00399,0.383498,0.453351;0.966474,-0.138516,0.208285,0.0579549
0.99896,0.374649,0.456029;0.965931,-0.13783,0.21198,0.0551873
0.993493,0.364802,0.458834;0.965366,-0.137142,0.21567,0.0524185
0.988824,0.356231,0.461166;0.964899,-0.136589,0.218618,0.0502026
0.983906,0.347068,0.463571;0.964418,-0.136033,0.221564,0.047986
0.97875,0.337333,0.466045;0.963923,-0.135476,0.224506,0.0457688
0.973369,0.327047,0.468584;0.963415,-0.134918,0.227445,0.0435509
0.967775,0.31623,0.471184;0.962894,-0.134357,0.230381,0.0413323
0.96198,0.304904,0.473841;0.962359,-0.133794,0.233314,0.0391132
0.957509,0.296088,0.475869;0.961948,-0.133371,0.235511,0.0374485
0.952937,0.287005,0.477925;0.96153,-0.132946,0.237707,0.0357835
0.948268,0.277666,0.480007;0.961105,-0.132521,0.2399,0.0341182
0.943509,0.268077,0.482114;0.960671,-0.132095,0.242092,0.0324527
0.938664,0.258249,0.484244;0.96023,-0.131667,0.244282,0.0307868
0.933737,0.24819,0.486395;0.959782,-0.131239,0.24647,0.0291208
0.928736,0.237909,0.488566;0.959326,-0.130809,0.248655,0.0274545
0.923663,0.227415,0.490755;0.958862,-0.130378,0.250839,0.025788
0.918525,0.216715,0.49296;0.95839,-0.129947,0.253021,0.0241213
0.913327,0.20582,0.495179;0.957911,-0.129514,0.255201,0.0224544
0.908073,0.194738,0.497411;0.957425,-0.12908,0.257379,0.0207873
0.902769,0.183478,0.499654;0.956931,-0.128646,0.259555,0.01912
0.89742,0.172048,0.501907;0.956429,-0.12821,0.261729,0.0174526
0.892031,0.160458,0.504167;0.955919,-0.127773,0.2639,0.0157851
0.886607,0.148715,0.506434;0.955402,-0.127335,0.26607,0.0141174
0.881153,0.136829,0.508704;0.954878,-0.126896,0.268237,0.0124497
0.875675,0.124809,0.510977;0.954345,-0.126457,0.270403,0.0107818
0.870176,0.112664,0.513251;0.953805,-0.126016,0.272566,0.00911383
0.864663,0.100401,0.515525;0.953258,-0.125574,0.274727,0.00744579
0.859141,0.0880308,0.517795;0.952703,-0.125131,0.276886,0.0057777
0.853615,0.0755611,0.520062;0.952141,-0.124687,0.279042,0.00410956
0.848089,0.063001,0.522323;0.95157,-0.124242,0.281197,0.00244139
0.842569,0.0503591,0.524576;0.950993,-0.123797,0.283349,0.000773201
0.83706,0.0376444,0.526819;0.950407,-0.12335,0.285499,-0.000894996
0.831567,0.0248655,0.529052;0.949815,-0.122902,0.287647,-0.00256319
0.826095,0.0120313,0.531272;0.949214,-0.122453,0.289792,-0.00423135
0.820649,-0.000849404,0.533477;0.948606,-0.122004,0.291935,-0.00589949
0.815235,-0.0137679,0.535667;0.947991,-0.121553,0.294076,-0.00756758
0.809857,-0.0267154,0.537839;0.947368,-0.121101,0.296214,-0.00923561
0.804521,-0.0396831,0.539991;0.946738,-0.120649,0.29835,-0.0109036
0.799231,-0.0526623,0.542122;0.9461,-0.120195,0.300484,-0.0125714
0.793993,-0.0656441,0.54423;0.945454,-0.119741,0.302615,-0.0142392
0.788812,-0.0786197,0.546313;0.944801,-0.119285,0.304744,-0.0159069
0.783693,-0.0915805,0.54837;0.944141,-0.118829,0.306871,-0.0175744
0.778641,-0.104518,0.550399;0.943472,-0.118371,0.308995,-0.0192418
0.773661,-0.117422,0.552398;0.942797,-0.117913,0.311116,-0.020909
0.768758,-0.130285,0.554366;0.942114,-0.117454,0.313235,-0.0225761
0.763938,-0.143099,0.556301;0.941423,-0.116994,0.315352,-0.024243
0.759204,-0.155853,0.558201;0.940725,-0.116532,0.317466,-0.0259097
0.754564,-0.16854,0.560064;0.94002,-0.11607,0.319578,-0.0275762
0.750021,-0.18115,0.56189;0.939307,-0.115607,0.321687,-0.0292424
0.745581,-0.193676,0.563675;0.938586,-0.115144,0.323793,-0.0309085
0.741248,-0.206107,0.565419;0.937859,-0.114679,0.325897,-0.0325743
0.737029,-0.218435,0.567119;0.937123,-0.114213,0.327998,-0.0342398
0.732927,-0.230653,0.568775;0.936381,-0.113746,0.330097,-0.0359051
0.728949,-0.242749,0.570383;0.93563,-0.113279,0.332193,-0.03757
0.725099,-0.254717,0.571944;0.934873,-0.11281,0.334287,-0.0392347
0.721382,-0.266547,0.573454;0.934108,-0.112341,0.336378,-0.0408991
0.717803,-0.27823,0.574912;0.933335,-0.111871,0.338466,-0.0425631
0.714369,-0.289758,0.576317;0.932555,-0.1114,0.340551,-0.0442268
0.711082,-0.301121,0.577666;0.931768,-0.110928,0.342634,-0.0458902
0.707949,-0.312312,0.578959;0.930973,-0.110455,0.344714,-0.0475532
0.704976,-0.323321,0.580193;0.930171,-0.109981,0.346791,-0.0492158
0.702166,-0.334139,0.581367;0.929361,-0.109507,0.348866,-0.050878
0.699524,-0.344758,0.582479;0.928544,-0.109031,0.350937,-0.0525398
0.697058,-0.355169,0.583527;0.92772,-0.108555,0.353006,-0.0542012
0.69477,-0.365363,0.584509;0.926888,-0.108078,0.355072,-0.0558622
0.692666,-0.375331,0.585425;0.926049,-0.1076,0.357136,-0.0575227
0.690157,-0.388256,0.586538;0.924919,-0.106961,0.359882,-0.059736
0.687997,-0.400743,0.587525;0.923776,-0.10632,0.362624,-0.0619485
0.686197,-0.412772,0.588382;0.92262,-0.105679,0.365361,-0.0641601
0.684771,-0.424321,0.589104;0.92145,-0.105035,0.368092,-0.0663708
0.683729,-0.435371,0.589687;0.920268,-0.104391,0.370818,-0.0685806
0.683084,-0.445899,0.590129;0.919073,-0.103744,0.373539,-0.0707893
0.682856,-0.458296,0.590473;0.91756,-0.102935,0.376933,-0.0735489
0.68329,-0.469805,0.590582;0.916028,-0.102122,0.380318,-0.0763069
0.68441,-0.480387,0.590445;0.914475,-0.101308,0.383695,-0.0790631
0.686695,-0.491803,0.589947;0.912585,-0.100328,0.387736,-0.0823683
0.690042,-0.501754,0.589072;0.910665,-0.0993445,0.391765,-0.0856709
0.695346,-0.511419,0.587556;0.90839,-0.0981933,0.396449,-0.0895205
0.702218,-0.518884,0.585486;0.906075,-0.0970378,0.401117,-0.0933662
0.710722,-0.524035,0.582841;0.903721,-0.095878,0.405767,-0.0972078
0.720924,-0.526763,0.5796;0.901328,-0.0947142,0.410399,-0.101045
0.731068,-0.527088,0.57633;0.899245,-0.0937133,0.414356,-0.104331
