0.769068,0.262163,0.276082;0.614128,-0.557514,0.508649,0.230871
0.769586,0.25074,0.27551;0.618722,-0.558391,0.500411,0.23446
0.770156,0.239571,0.275055;0.623253,-0.55921,0.492122,0.238026
0.770778,0.228655,0.274715;0.62772,-0.559972,0.483781,0.241567
0.771451,0.217987,0.274488;0.632122,-0.560677,0.475392,0.245083
0.772174,0.207567,0.274373;0.63646,-0.561324,0.466953,0.248574
0.772947,0.197392,0.274367;0.640732,-0.561913,0.458467,0.25204
0.773938,0.185501,0.274501;0.645772,-0.562545,0.448221,0.256164
0.774998,0.173955,0.274786;0.650716,-0.563093,0.437909,0.260251
0.776125,0.16275,0.275219;0.655565,-0.563558,0.427532,0.264299
0.777318,0.151881,0.275794;0.660316,-0.563939,0.417092,0.268308
0.778576,0.141345,0.276511;0.66497,-0.564237,0.406591,0.272278
0.779898,0.131138,0.277363;0.669526,-0.564452,0.396029,0.276207
0.781281,0.121255,0.278349;0.673982,-0.564584,0.385409,0.280095
0.782971,0.110129,0.279663;0.679056,-0.564632,0.372947,0.284579
0.784742,0.0994333,0.281148;0.683992,-0.564566,0.36041,0.289006
0.78659,0.0891601,0.282798;0.688792,-0.564387,0.3478,0.293375
0.788515,0.0793035,0.284607;0.693452,-0.564094,0.335121,0.297685
0.790805,0.0685403,0.286863;0.698608,-0.56362,0.320547,0.302537
0.793188,0.0583028,0.289312;0.70358,-0.562999,0.30589,0.30731
0.795661,0.0485813,0.291945;0.708367,-0.562229,0.291152,0.312001
0.798546,0.0382493,0.295117;0.71353,-0.561187,0.27448,0.317182
0.801537,0.0285443,0.2985;0.718456,-0.559958,0.257718,0.322256
0.804629,0.0194523,0.302082;0.723143,-0.558543,0.240869,0.327224
0.808177,0.0100524,0.30628;0.728069,-0.556753,0.222055,0.332616
0.811837,0.00137332,0.310693;0.732696,-0.554734,0.20315,0.337871
0.815985,-0.00736371,0.315776;0.737438,-0.55225,0.182258,0.343492
0.820253,-0.0152767,0.321076;0.741814,-0.549493,0.161276,0.348942
0.824633,-0.022391,0.326573;0.745821,-0.546462,0.140214,0.354219
0.829529,-0.0292706,0.332767;0.74977,-0.542846,0.117157,0.359774
0.834536,-0.0352626,0.339141;0.753276,-0.538909,0.0940319,0.365117
0.840075,-0.0407901,0.346215;0.756571,-0.534285,0.068917,0.370662
0.845719,-0.0453559,0.353431;0.759341,-0.52929,0.0437542,0.375949
0.851898,-0.0492452,0.361319;0.761736,-0.523501,0.0166225,0.381352
0.858166,-0.0521196,0.369284;0.763517,-0.51729,-0.0105227,0.386447
0.864505,-0.0540311,0.377281;0.764685,-0.510663,-0.0376594,0.391232
0.870898,-0.0550319,0.385266;0.765237,-0.503625,-0.0647657,0.395702
0.877328,-0.0551739,0.393194;0.765173,-0.496182,-0.09182,0.399853
0.883777,-0.0545093,0.401019;0.764494,-0.48834,-0.1188,0.403683
0.890229,-0.0530901,0.408698;0.763199,-0.480104,-0.145685,0.407188
0.896665,-0.0509684,0.416185;0.761291,-0.471483,-0.172453,0.410365
0.90307,-0.0481963,0.423434;0.75877,-0.462482,-0.199082,0.413213
0.909501,-0.044782,0.430484;0.758777,-0.453615,-0.218505,0.413216
0.916285,-0.0405132,0.437639;0.770858,-0.446339,-0.210133,0.402993
0.922981,-0.0356158,0.444393;0.782652,-0.438897,-0.201683,0.392619
0.929579,-0.0301065,0.450717;0.794153,-0.43129,-0.193158,0.382099
0.936067,-0.0240016,0.456585;0.805358,-0.423523,-0.18456,0.371436
0.942433,-0.0173179,0.46197;0.816262,-0.415598,-0.175894,0.360634
0.948665,-0.0100717,0.466845;0.826861,-0.407517,-0.167161,0.349697
0.954753,-0.0022798,0.471184;0.837151,-0.399284,-0.158367,0.33863
0.960684,0.00604144,0.474958;0.847129,-0.390902,-0.149513,0.327437
0.966447,0.0148754,0.478141;0.85679,-0.382374,-0.140603,0.316121
0.971482,0.0232507,0.480478;0.865211,-0.374576,-0.13254,0.305836
0.976362,0.0320158,0.482295;0.873371,-0.366665,-0.124436,0.295458
0.98108,0.0411587,0.483572;0.881267,-0.358644,-0.116295,0.284991
0.985628,0.0506674,0.484289;0.888895,-0.350513,-0.108118,0.274437
0.989998,0.0605297,0.484427;0.896255,-0.342277,-0.0999089,0.263801
0.99418,0.0707336,0.483965;0.903344,-0.333937,-0.0916693,0.253085
0.997733,0.0800807,0.483036;0.909416,-0.326439,-0.084322,0.243495
1.00113,0.0896798,0.481604;0.915271,-0.318863,-0.0769545,0.233846
1.00435,0.0995223,0.479656;0.920906,-0.311211,-0.0695685,0.224142
1.00741,0.1096,0.477177;0.926322,-0.303484,-0.062166,0.214385
1.01028,0.119904,0.474154;0.931516,-0.295685,-0.0547486,0.204576
1.01298,0.130426,0.470573;0.936487,-0.287815,-0.0473181,0.194718
1.01518,0.139804,0.466971;0.940654,-0.280872,-0.0408071,0.186054
1.01723,0.149338,0.462922;0.944648,-0.273878,-0.0342886,0.177356
1.01913,0.159021,0.458416;0.948469,-0.266834,-0.0277638,0.168626
1.02087,0.168847,0.453445;0.952117,-0.259741,-0.021234,0.159865
1.02245,0.178811,0.447999;0.955591,-0.2526,-0.0147003,0.151074
1.02367,0.187457,0.442946;0.958429,-0.246443,-0.00909773,0.143518
1.02477,0.196196,0.437531;0.961138,-0.240252,-0.00349398,0.135942
1.02574,0.205025,0.431749;0.963718,-0.234029,0.00211024,0.128347
1.02658,0.21394,0.425594;0.966169,-0.227775,0.00771418,0.120736
1.02729,0.222828,0.419141;0.968462,-0.221567,0.0132487,0.113201
1.02781,0.230834,0.413061;0.970377,-0.212804,0.0245906,0.111707
1.02823,0.238882,0.406701;0.972087,-0.203996,0.0359274,0.11019
1.02855,0.246957,0.400081;0.973592,-0.195145,0.0472566,0.10865
1.02877,0.255038,0.39322;0.97489,-0.186253,0.0585757,0.107086
1.0289,0.263108,0.386138;0.975983,-0.177321,0.0698825,0.1055
1.02893,0.271148,0.378855;0.97687,-0.168352,0.0811746,0.103891
1.02887,0.27914,0.371391;0.97755,-0.159347,0.0924494,0.102261
1.02873,0.287067,0.363765;0.978024,-0.150309,0.103705,0.100609
1.0285,0.294909,0.355998;0.978291,-0.141238,0.114938,0.0989357
1.02819,0.302648,0.348108;0.978351,-0.132138,0.126147,0.0972415
1.02779,0.310267,0.340116;0.978204,-0.12301,0.13733,0.0955268
1.02732,0.317746,0.332041;0.977851,-0.113856,0.148483,0.0937919
1.02677,0.325069,0.323903;0.977291,-0.104678,0.159605,0.0920371
1.02615,0.332215,0.315723;0.976525,-0.0954783,0.170694,0.0902629
1.02546,0.339168,0.307519;0.975552,-0.0862579,0.181746,0.0884696
1.02469,0.345909,0.299311;0.974373,-0.0770194,0.19276,0.0866577
1.02386,0.352419,0.29112;0.972988,-0.0677646,0.203733,0.0848274
1.02297,0.358681,0.282965;0.971397,-0.0584954,0.214663,0.0829792
1.02201,0.364676,0.274865;0.969601,-0.0492139,0.225548,0.0811134
1.02084,0.371177,0.265702;0.967298,-0.0385938,0.237929,0.0789602
1.0196,0.377278,0.256667;0.964728,-0.0279631,0.250244,0.0767851
1.01829,0.382953,0.247789;0.961891,-0.0173247,0.262491,0.0745889
1.0169,0.388173,0.239098;0.958789,-0.00668144,0.274665,0.0723721
1.01527,0.393469,0.229582;0.954983,0.00529424,0.28827,0.0698543
1.01357,0.398117,0.220381;0.950844,0.0172681,0.301774,0.0673121
1.01158,0.402475,0.21058;0.945854,0.0305651,0.316655,0.0644599
1.00952,0.405931,0.201278;0.940457,0.0438489,0.331399,0.0615799
1.00716,0.408628,0.191692;0.934052,0.058439,0.347452,0.0583813
1.0045,0.410171,0.182093;0.926509,0.0743205,0.364758,0.0548572
1.00128,0.410004,0.172157;0.916982,0.0927898,0.384661,0.0507029
0.997731,0.407317,0.16319;0.905914,0.112491,0.405624,0.0462044
0.993843,0.401394,0.155755;0.89314,0.133385,0.427551,0.0413566
0.99013,0.392784,0.150985;0.880268,0.152839,0.447679,0.0367703
0.986878,0.382788,0.148729;0.868421,0.169581,0.464772,0.0327664
0.984111,0.372401,0.14828;0.857902,0.18365,0.478972,0.0293598
0.981845,0.362533,0.148966;0.848963,0.195091,0.490404,0.0265611
0.979834,0.352695,0.150407;0.840767,0.205204,0.500423,0.0240655
0.977827,0.341823,0.152661;0.83234,0.215259,0.510303,0.0215633
0.976079,0.331442,0.155325;0.824777,0.224009,0.518833,0.0193689
0.974581,0.32184,0.158147;0.831073,0.21849,0.511395,0.00736134
0.973137,0.312007,0.161328;0.837362,0.212655,0.503569,-0.00458425
0.971697,0.301657,0.164937;0.843418,0.206761,0.495603,-0.0165286
0.970419,0.292046,0.168494;0.848605,0.201474,0.488406,-0.027142
0.96914,0.28207,0.172365;0.853606,0.196142,0.481103,-0.0377495
0.96786,0.271749,0.176542;0.85842,0.190768,0.473693,-0.0483486
0.966739,0.262452,0.180436;0.862477,0.186031,0.467125,-0.0576143
0.965615,0.25292,0.184548;0.86639,0.181263,0.460478,-0.0668703
0.964487,0.243167,0.18887;0.870157,0.176464,0.453754,-0.0761151
0.963355,0.233207,0.193393;0.873779,0.171636,0.446954,-0.0853471
0.962219,0.223053,0.198111;0.877253,0.166779,0.440079,-0.0945648
0.961077,0.21272,0.203015;0.88058,0.161894,0.43313,-0.103767
0.960092,0.20373,0.207362;0.883314,0.157685,0.427115,-0.11164
0.959103,0.194626,0.211836;0.88594,0.153457,0.421048,-0.1195
0.958108,0.185418,0.216433;0.888456,0.149209,0.414929,-0.127345
0.957106,0.176114,0.221147;0.890862,0.144944,0.408759,-0.135174
0.956098,0.166722,0.225975;0.893159,0.14066,0.402539,-0.142986
0.955082,0.157251,0.23091;0.895345,0.136359,0.396268,-0.150781
0.954059,0.14771,0.235949;0.897421,0.132042,0.389949,-0.158558
0.953028,0.138107,0.241087;0.899386,0.127708,0.383582,-0.166314
0.951987,0.128451,0.246319;0.90124,0.123358,0.377168,-0.174051
0.950938,0.118751,0.25164;0.902983,0.118993,0.370706,-0.181765
0.949879,0.109015,0.257046;0.904615,0.114613,0.3642,-0.189458
0.948809,0.099252,0.262532;0.906135,0.110219,0.357648,-0.197127
0.947729,0.0894702,0.268093;0.907543,0.105812,0.351052,-0.204771
0.946638,0.0796786,0.273724;0.90884,0.101392,0.344413,-0.212391
0.945535,0.0698857,0.279422;0.910024,0.0969587,0.337731,-0.219984
0.94442,0.0601001,0.28518;0.911096,0.0925138,0.331008,-0.22755
0.943292,0.0503305,0.290995;0.912056,0.0880574,0.324244,-0.235088
0.942151,0.0405855,0.296861;0.912903,0.0835903,0.31744,-0.242597
0.940996,0.0308736,0.302774;0.913637,0.0791128,0.310597,-0.250076
0.939827,0.0212037,0.308729;0.914259,0.0746255,0.303715,-0.257524
0.938643,0.0115842,0.314722;0.914768,0.0701291,0.296796,-0.264941
0.937445,0.00202379,0.320747;0.915164,0.065624,0.28984,-0.272324
0.93623,-0.00746889,0.326801;0.915447,0.0611108,0.282849,-0.279675
0.935,-0.0168852,0.332878;0.915618,0.0565901,0.275823,-0.28699
0.933752,-0.0262166,0.338973;0.915675,0.0520624,0.268762,-0.294271
0.932488,-0.0354544,0.345082;0.91562,0.0475282,0.261669,-0.301514
0.931206,-0.0445899,0.3512;0.915451,0.0429882,0.254543,-0.308721
0.929906,-0.0536146,0.357323;0.91517,0.0384429,0.247386,-0.31589
0.928587,-0.0625198,0.363446;0.914776,0.0338929,0.240198,-0.32302
0.927249,-0.0712969,0.369563;0.914268,0.0293387,0.232981,-0.33011
0.925891,-0.0799373,0.37567;0.913649,0.0247808,0.225735,-0.337159
0.924514,-0.0884323,0.381764;0.912916,0.0202199,0.218461,-0.344166
0.923115,-0.0967734,0.387837;0.912071,0.0156565,0.21116,-0.351131
0.921696,-0.104952,0.393887;0.911113,0.0110912,0.203833,-0.358053
0.920255,-0.112959,0.399909;0.910043,0.00652451,0.196481,-0.364931
0.918546,-0.122073,0.406891;0.908652,0.00119572,0.187873,-0.372898
0.916805,-0.130928,0.413821;0.90711,-0.00413326,0.179234,-0.380802
0.915034,-0.139511,0.42069;0.905414,-0.00946156,0.170564,-0.388643
0.91323,-0.147809,0.427491;0.903567,-0.0147883,0.161866,-0.396418
0.911392,-0.155806,0.434217;0.901568,-0.0201125,0.153141,-0.404126
0.909521,-0.163491,0.44086;0.899418,-0.0254333,0.14439,-0.411767
0.907614,-0.170848,0.447413;0.897117,-0.0307499,0.135614,-0.419339
0.905392,-0.178838,0.454781;0.894302,-0.0368196,0.125558,-0.427906
0.903122,-0.186363,0.462011;0.891291,-0.0428813,0.115473,-0.436379
0.900804,-0.193403,0.46909;0.888085,-0.0489335,0.105364,-0.444756
0.898136,-0.200715,0.47686;0.884246,-0.0557294,0.093963,-0.454064
0.895402,-0.207358,0.484411;0.880161,-0.0625098,0.0825361,-0.463246
0.892287,-0.213918,0.492523;0.875336,-0.0700231,0.0698129,-0.473298
0.889087,-0.219575,0.500321;0.87021,-0.0775125,0.0570657,-0.483187
0.885467,-0.224707,0.508511;0.864228,-0.08572,0.0430214,-0.493873
0.881394,-0.228942,0.516949;0.857294,-0.094633,0.0276801,-0.505298
0.876833,-0.231847,0.525463;0.849304,-0.104236,0.0110453,-0.517393
0.871369,-0.232911,0.534414;0.839475,-0.115241,-0.00815605,-0.530976
0.865296,-0.231199,0.542853;0.828277,-0.126881,-0.0286302,-0.545013
0.859366,-0.226782,0.549646;0.817118,-0.137693,-0.0478023,-0.557739
0.853616,-0.220085,0.554943;0.806136,-0.147689,-0.0656633,-0.569229
0.848519,-0.212279,0.558636;0.796291,-0.156178,-0.080938,-0.578773
0.843902,-0.20378,0.561206;0.79384,-0.155302,-0.0895608,-0.5811
0.839493,-0.194489,0.563028;0.801551,-0.141449,-0.0900653,-0.573931
0.835443,-0.185041,0.564219;0.808282,-0.128944,-0.0904959,-0.56733
0.831323,-0.17461,0.56501;0.814815,-0.116408,-0.0909044,-0.56059
0.827608,-0.164551,0.565394;0.820455,-0.105241,-0.0912488,-0.554484
0.82385,-0.153782,0.565496;0.825935,-0.0940531,-0.0915754,-0.548269
0.820529,-0.143803,0.565365;0.830599,-0.0842487,-0.0918467,-0.542745
0.817181,-0.133326,0.56504;0.83514,-0.0744319,-0.0921043,-0.537139
0.813811,-0.122373,0.564532;0.839556,-0.064604,-0.0923482,-0.531454
0.810907,-0.112621,0.563958;0.843243,-0.0561724,-0.0925464,-0.526518
0.80799,-0.102547,0.563265;0.846837,-0.0477346,-0.0927345,-0.521525
0.805064,-0.0921657,0.562458;0.850339,-0.0392917,-0.0929125,-0.516475
0.80213,-0.0814895,0.561544;0.853749,-0.0308445,-0.0930803,-0.511369
0.799191,-0.0705319,0.56053;0.857065,-0.0223939,-0.093238,-0.506206
0.796248,-0.0593061,0.559423;0.860288,-0.0139408,-0.0933855,-0.500989
0.793304,-0.0478254,0.558229;0.863417,-0.00548629,-0.0935228,-0.495717
0.790851,-0.038073,0.557173;0.865952,0.00155967,-0.0936295,-0.491282
0.7884,-0.0281606,0.556065;0.868422,0.00860551,-0.093729,-0.48681
0.785953,-0.0180957,0.55491;0.870826,0.0156507,-0.0938215,-0.482301
0.78351,-0.00788619,0.55371;0.873164,0.0226947,-0.0939068,-0.477756
0.781072,0.00246036,0.55247;0.875436,0.029737,-0.0939851,-0.473174
0.778642,0.0129362,0.551195;0.877642,0.036777,-0.0940562,-0.468557
0.77622,0.0235337,0.549887;0.879781,0.0438143,-0.0941202,-0.463904
0.773808,0.0342452,0.54855;0.881854,0.0508482,-0.094177,-0.459216
0.771406,0.0450629,0.547189;0.883859,0.0578783,-0.0942268,-0.454493
0.769017,0.0559792,0.545807;0.885798,0.064904,-0.0942693,-0.449736
0.766641,0.0669863,0.544409;0.88767,0.0719247,-0.0943048,-0.444945
0.764279,0.0780766,0.542997;0.889474,0.0789401,-0.0943331,-0.44012
0.761934,0.0892424,0.541577;0.891211,0.0859494,-0.0943543,-0.435261
0.759605,0.100476,0.540151;0.892881,0.0929523,-0.0943683,-0.43037
0.757295,0.11177,0.538724;0.894483,0.099948,-0.0943751,-0.425446
0.755004,0.123116,0.5373;0.896017,0.106936,-0.0943748,-0.42049
0.752735,0.134507,0.535882;0.897483,0.113916,-0.0943674,-0.415502
0.750488,0.145935,0.534474;0.898882,0.120888,-0.0943528,-0.410482
0.748264,0.157392,0.53308;0.900212,0.12785,-0.0943311,-0.405432
0.746064,0.168871,0.531705;0.901474,0.134803,-0.0943022,-0.40035
0.743891,0.180364,0.530352;0.902667,0.141745,-0.0942662,-0.395239
0.741745,0.191863,0.529024;0.903793,0.148677,-0.094223,-0.390097
0.739628,0.203361,0.527726;0.90485,0.155597,-0.0941727,-0.384926
0.73754,0.214849,0.526462;0.905838,0.162506,-0.0941153,-0.379726
0.735483,0.226321,0.525235;0.906758,0.169402,-0.0940507,-0.374497
0.733459,0.237769,0.524049;0.907609,0.176286,-0.093979,-0.369239
0.731468,0.249184,0.522909;0.908391,0.183156,-0.0939002,-0.363954
0.729512,0.260559,0.521817;0.909104,0.190012,-0.0938143,-0.358641
0.727592,0.271887,0.520779;0.909749,0.196854,-0.0937212,-0.353301
0.72571,0.28316,0.519797;0.910325,0.203681,-0.0936211,-0.347934
0.723866,0.294369,0.518876;0.910831,0.210493,-0.0935139,-0.342541
0.722062,0.305508,0.51802;0.911269,0.217288,-0.0933996,-0.337121
0.720299,0.316569,0.517232;0.911638,0.224068,-0.0932782,-0.331677
0.718578,0.327544,0.516516;0.911937,0.23083,-0.0931498,-0.326207
0.716901,0.338425,0.515877;0.912168,0.237574,-0.0930143,-0.320712
0.715269,0.349204,0.515317;0.912329,0.244301,-0.0928717,-0.315193
0.713684,0.359875,0.514842;0.912422,0.251009,-0.0927221,-0.309651
0.712145,0.370429,0.514454;0.912445,0.257698,-0.0925655,-0.304084
0.710656,0.380858,0.514158;0.912399,0.264368,-0.0924019,-0.298495
0.709216,0.391155,0.513957;0.912284,0.271018,-0.0922313,-0.292883
0.707828,0.401312,0.513856;0.9121,0.277647,-0.0920537,-0.287249
0.706492,0.411322,0.513859;0.911847,0.284255,-0.0918691,-0.281594
0.70496,0.423128,0.514003;0.911452,0.292156,-0.0916384,-0.274778
0.703508,0.434698,0.514309;0.910957,0.300025,-0.0913977,-0.267933
0.702137,0.446017,0.514782;0.910363,0.307862,-0.0911471,-0.261059
0.700851,0.457073,0.51543;0.90967,0.315665,-0.0908865,-0.254156
0.69965,0.467852,0.516258;0.908878,0.323433,-0.090616,-0.247226
0.698538,0.478342,0.517275;0.907986,0.331167,-0.0903356,-0.240268
0.697517,0.488528,0.518486;0.906996,0.338864,-0.0900454,-0.233285
0.696588,0.498397,0.519898;0.905906,0.346524,-0.0897453,-0.226276
0.695625,0.509494,0.521809;0.90451,0.355413,-0.0893828,-0.218067
0.694794,0.520121,0.524014;0.90298,0.36425,-0.0890071,-0.209827
0.694099,0.530256,0.526522;0.901316,0.373032,-0.0886182,-0.201555
0.693544,0.53988,0.529346;0.899517,0.381759,-0.0882161,-0.193253
0.693085,0.550223,0.532972;0.897299,0.391663,-0.0877405,-0.18373
0.692818,0.559839,0.537039;0.894906,0.401491,-0.087248,-0.174171
0.692753,0.569747,0.542161;0.892007,0.412454,-0.0866736,-0.163378
0.692946,0.578649,0.547884;0.888889,0.423316,-0.0860779,-0.152544
0.693402,0.5865,0.55423;0.885553,0.434075,-0.0854612,-0.141673
0.694229,0.593936,0.562041;0.881591,0.445903,-0.0847513,-0.129553
0.6954,0.599957,0.570679;0.877363,0.457597,-0.0840157,-0.117394
0.696928,0.604503,0.580178;0.872868,0.469152,-0.0832547,-0.105199
0.698821,0.607511,0.590566;0.868109,0.480564,-0.0824684,-0.0929727
0.700846,0.608852,0.600703;0.863601,0.490712,-0.0817394,-0.0819447
0.703182,0.608854,0.611609;0.85888,0.500738,-0.0809903,-0.0708966
0.705527,0.607694,0.621967;0.854508,0.509548,-0.0803078,-0.0610613
0.70779,0.605757,0.631556;0.850546,0.517175,-0.0796978,-0.0524457
0.710253,0.602937,0.641646;0.846457,0.524725,-0.079076,-0.0438223
0.71292,0.599212,0.652249;0.842243,0.532198,-0.0784424,-0.0351924
0.71537,0.595284,0.661752;0.838532,0.53854,-0.0778901,-0.0277911
