0.778074,-0.494144,0.629847;0.967096,0.22287,-0.056548,0.108887
0.779982,-0.48406,0.629366;0.96806,0.219076,-0.054629,0.109002
0.781862,-0.474032,0.62887;0.969005,0.215278,-0.052709,0.109115
0.783714,-0.464061,0.62836;0.969932,0.211476,-0.050788,0.109226
0.785539,-0.454146,0.627836;0.97084,0.207671,-0.048866,0.109335
0.787336,-0.444286,0.627298;0.97173,0.203861,-0.0469431,0.109442
0.78969,-0.431228,0.626559;0.972888,0.198775,-0.0443778,0.109581
0.791995,-0.41827,0.625796;0.974013,0.193683,-0.0418111,0.109717
0.794254,-0.40541,0.625009;0.975105,0.188584,-0.0392429,0.109849
0.796464,-0.39265,0.624199;0.976164,0.183478,-0.0366734,0.109977
0.798629,-0.379989,0.623366;0.97719,0.178367,-0.0341026,0.110101
0.800746,-0.367427,0.62251;0.978183,0.173249,-0.0315307,0.110222
0.802818,-0.354963,0.621631;0.979143,0.168126,-0.0289578,0.110339
0.804844,-0.342598,0.620731;0.98007,0.162996,-0.0263838,0.110452
0.806825,-0.330332,0.619809;0.980963,0.157862,-0.023809,0.110562
0.808761,-0.318163,0.618866;0.981824,0.152722,-0.0212334,0.110667
0.810653,-0.306093,0.617903;0.982651,0.147577,-0.018657,0.110769
0.812501,-0.29412,0.616918;0.983445,0.142426,-0.01608,0.110868
0.814306,-0.282245,0.615914;0.984206,0.137271,-0.0135025,0.110962
0.816067,-0.270467,0.61489;0.984934,0.132112,-0.0109245,0.111053
0.817786,-0.258786,0.613847;0.985628,0.126948,-0.00834614,0.11114
0.819463,-0.247203,0.612784;0.986289,0.121779,-0.0057675,0.111223
0.821098,-0.235717,0.611703;0.986917,0.116607,-0.00318867,0.111303
0.822691,-0.224327,0.610604;0.987511,0.111431,-0.000609724,0.111379
0.824243,-0.213034,0.609487;0.988072,0.10625,0.00196924,0.111451
0.825755,-0.201837,0.608353;0.988599,0.101067,0.00454813,0.111519
0.827227,-0.190736,0.607201;0.989093,0.0958794,0.00712687,0.111583
0.828658,-0.179732,0.606033;0.989554,0.090689,0.00970537,0.111644
0.830051,-0.168823,0.604848;0.989981,0.0854955,0.0122835,0.111701
0.831404,-0.15801,0.603647;0.990375,0.0802991,0.0148613,0.111754
0.832719,-0.147292,0.602431;0.990735,0.0751,0.0174386,0.111803
0.833996,-0.13667,0.601199;0.991062,0.0698983,0.0200152,0.111849
0.835236,-0.126143,0.599953;0.991355,0.0646943,0.0225912,0.111891
0.836438,-0.115711,0.598692;0.991615,0.0594881,0.0251664,0.111929
0.837603,-0.105374,0.597416;0.991841,0.0542799,0.0277408,0.111963
0.838732,-0.0951311,0.596127;0.992034,0.0490699,0.0303142,0.111993
0.839824,-0.0849829,0.594825;0.992193,0.0438582,0.0328867,0.11202
0.840881,-0.0749289,0.59351;0.992318,0.038645,0.035458,0.112043
0.841903,-0.064969,0.592182;0.99241,0.0334305,0.0380281,0.112062
0.84289,-0.0551031,0.590841;0.992469,0.0282149,0.0405969,0.112077
0.844076,-0.0429024,0.589149;0.992495,0.021694,0.043806,0.112091
0.845209,-0.0308479,0.587439;0.992468,0.015172,0.0470127,0.112099
0.846289,-0.0189391,0.585711;0.992389,0.00864923,0.050217,0.112101
0.847319,-0.00717582,0.583968;0.992258,0.00212598,0.0534186,0.112097
0.848298,0.00444241,0.582208;0.992074,-0.00439739,0.0566174,0.112087
0.849227,0.0159159,0.580434;0.991838,-0.0109205,0.0598133,0.112071
0.850108,0.027245,0.578645;0.99155,-0.0174431,0.0630059,0.112049
0.85094,0.03843,0.576842;0.991209,-0.0239647,0.0661952,0.112022
0.851725,0.0494713,0.575027;0.990816,-0.0304851,0.0693811,0.111988
0.852464,0.0603693,0.5732;0.99037,-0.0370038,0.0725632,0.111949
0.853158,0.0711242,0.571361;0.989872,-0.0435206,0.0757416,0.111903
0.853806,0.0817365,0.569511;0.989322,-0.0500351,0.0789159,0.111852
0.854411,0.0922064,0.567652;0.98872,-0.056547,0.0820861,0.111795
0.854972,0.102534,0.565783;0.988065,-0.0630559,0.0852519,0.111731
0.855491,0.112721,0.563906;0.987358,-0.0695614,0.0884132,0.111662
0.855969,0.122766,0.562021;0.986599,-0.0760633,0.0915699,0.111588
0.856405,0.13267,0.560129;0.985788,-0.0825611,0.0947217,0.111507
0.856877,0.144369,0.557851;0.984746,-0.0903528,0.0984973,0.111402
0.857292,0.155866,0.555564;0.983629,-0.0981375,0.102265,0.111289
0.857653,0.167162,0.553271;0.982437,-0.105915,0.106026,0.111167
0.857961,0.178258,0.550972;0.981171,-0.113684,0.109778,0.111037
0.858216,0.189153,0.54867;0.979829,-0.121445,0.113522,0.110898
0.858421,0.199849,0.546364;0.978414,-0.129196,0.117257,0.110751
0.858577,0.210346,0.544057;0.976924,-0.136938,0.120983,0.110596
0.858686,0.220644,0.541749;0.975359,-0.144669,0.1247,0.110432
0.858748,0.230745,0.539443;0.973721,-0.152389,0.128408,0.11026
0.858765,0.240649,0.537138;0.972008,-0.160097,0.132106,0.110079
0.85873,0.251955,0.534454;0.969916,-0.169075,0.136407,0.109858
0.858639,0.262995,0.531776;0.967725,-0.178035,0.140695,0.109625
0.858492,0.273768,0.529107;0.965432,-0.186977,0.144968,0.109381
0.858293,0.284278,0.526449;0.96304,-0.1959,0.149225,0.109125
0.858044,0.294523,0.523803;0.960549,-0.204802,0.153468,0.108859
0.857747,0.304506,0.521171;0.957957,-0.213683,0.157694,0.108581
0.857404,0.314227,0.518556;0.955267,-0.222542,0.161904,0.108292
0.856958,0.325017,0.515591;0.952071,-0.232638,0.166695,0.107947
0.856459,0.335468,0.512652;0.948747,-0.242703,0.171464,0.107588
0.85591,0.345581,0.509744;0.945294,-0.252735,0.176209,0.107215
0.855314,0.355357,0.506868;0.941713,-0.262733,0.18093,0.106827
0.854591,0.365955,0.503676;0.937533,-0.273938,0.186213,0.106374
0.853817,0.376131,0.500535;0.933192,-0.285096,0.191463,0.105902
0.852998,0.385887,0.497447;0.928691,-0.296205,0.196681,0.105412
0.852039,0.396236,0.494085;0.923504,-0.30849,0.202439,0.104846
0.851037,0.406072,0.4908;0.918122,-0.320708,0.208154,0.104258
0.84989,0.416302,0.487283;0.911978,-0.334071,0.21439,0.103587
0.848707,0.425918,0.483876;0.9056,-0.347348,0.220571,0.102888
0.84731,0.43622,0.480101;0.899811,-0.367361,0.214695,0.0963955
0.845806,0.446205,0.476304;0.893312,-0.388497,0.207631,0.0891756
0.844116,0.456191,0.472342;0.885555,-0.411481,0.199718,0.0811729
0.842241,0.465919,0.468289;0.876369,-0.436219,0.190923,0.0723768
0.840181,0.475114,0.464232;0.865577,-0.462598,0.181213,0.0627783
0.837786,0.484033,0.460004;0.852051,-0.49246,0.169784,0.0516259
0.83475,0.49281,0.455385;0.833295,-0.52934,0.154985,0.0374029
0.830505,0.500635,0.450338;0.803593,-0.579787,0.133394,0.0170613
0.822942,0.501399,0.446177;0.736762,-0.66973,0.0902763,-0.0222457
0.818633,0.492224,0.447957;0.685085,-0.72433,0.0604,-0.0485408
0.816376,0.482828,0.451144;0.65004,-0.755992,0.0413831,-0.0649013
0.81484,0.473199,0.455012;0.619979,-0.780292,0.0257333,-0.0781512
0.813799,0.463913,0.459138;0.594019,-0.799404,0.0126529,-0.0890796
0.813042,0.454259,0.463754;0.569077,-0.816282,0.000429015,-0.0991728
0.812569,0.445262,0.468316;0.547172,-0.829998,-0.0100495,-0.107733
0.81227,0.435626,0.473451;0.524801,-0.843007,-0.0205196,-0.116202
0.812157,0.426254,0.478674;0.503901,-0.854302,-0.0301019,-0.123878
0.812195,0.417307,0.483859;0.484589,-0.86404,-0.0387947,-0.13078
0.812371,0.407968,0.489469;0.46499,-0.873268,-0.0474645,-0.137604
0.812677,0.398651,0.49526;0.448702,-0.880247,-0.0540932,-0.144585
0.813078,0.389807,0.500923;0.456067,-0.875091,-0.0466912,-0.155041
0.813593,0.380688,0.506893;0.463321,-0.869721,-0.0392779,-0.165459
0.814146,0.372356,0.512433;0.469673,-0.864768,-0.0326801,-0.174686
0.814788,0.363815,0.518171;0.475935,-0.859648,-0.026076,-0.183879
0.815516,0.355068,0.524085;0.482104,-0.854362,-0.0194668,-0.193036
0.81633,0.346121,0.530154;0.48818,-0.84891,-0.0128539,-0.202156
0.81723,0.336975,0.536357;0.494161,-0.843294,-0.00623844,-0.211237
0.818213,0.327636,0.542672;0.500047,-0.837515,0.000378186,-0.220277
0.819141,0.319309,0.548273;0.505118,-0.832325,0.00616772,-0.228152
0.820131,0.310838,0.55393;0.510114,-0.827011,0.0119563,-0.235993
0.821184,0.302227,0.559628;0.515034,-0.821576,0.0177432,-0.2438
0.822297,0.293478,0.565353;0.519878,-0.816018,0.0235274,-0.25157
0.823471,0.284595,0.57109;0.524645,-0.81034,0.0293081,-0.259302
0.824705,0.275578,0.576827;0.529335,-0.804541,0.0350845,-0.266997
0.825997,0.266431,0.582547;0.533945,-0.798623,0.0408557,-0.274652
0.827348,0.257157,0.588237;0.538477,-0.792587,0.0466208,-0.282266
0.828756,0.247758,0.593883;0.542929,-0.786434,0.0523791,-0.289838
0.830221,0.238236,0.59947;0.547301,-0.780164,0.0581295,-0.297368
0.831742,0.228595,0.604984;0.551591,-0.773778,0.0638714,-0.304853
0.833318,0.218836,0.610411;0.5558,-0.767278,0.0696038,-0.312293
0.834948,0.208962,0.615737;0.559926,-0.760664,0.0753258,-0.319687
0.836633,0.198976,0.620948;0.563969,-0.753937,0.0810368,-0.327033
0.83837,0.188881,0.626028;0.567929,-0.747099,0.0867357,-0.334331
0.84016,0.178678,0.630964;0.571804,-0.740149,0.0924217,-0.34158
0.842001,0.168371,0.635742;0.575595,-0.733091,0.0980941,-0.348778
0.843893,0.157962,0.640347;0.579301,-0.725923,0.103752,-0.355924
0.845835,0.147453,0.644765;0.58292,-0.718648,0.109394,-0.363017
0.847827,0.136847,0.648982;0.586454,-0.711267,0.115021,-0.370057
0.849867,0.126147,0.652983;0.5899,-0.70378,0.12063,-0.377042
0.851955,0.115355,0.656755;0.593259,-0.696188,0.126221,-0.383971
0.85409,0.104474,0.660283;0.59653,-0.688494,0.131794,-0.390843
0.856272,0.0935065,0.663552;0.599713,-0.680698,0.137347,-0.397657
0.858499,0.0824546,0.666549;0.602807,-0.6728,0.142879,-0.404412
0.860444,0.0729165,0.66889;0.605388,-0.665952,0.147605,-0.410155
0.862422,0.0633201,0.671012;0.607902,-0.659031,0.152314,-0.415853
0.864431,0.0536669,0.672905;0.610351,-0.652038,0.157007,-0.421505
0.866473,0.0439587,0.67456;0.612733,-0.644974,0.161683,-0.427112
0.868545,0.0341969,0.675968;0.615049,-0.63784,0.166341,-0.432672
0.870649,0.0243833,0.677121;0.617297,-0.630637,0.170981,-0.438185
0.872782,0.0145193,0.67801;0.619479,-0.623365,0.175603,-0.443651
0.874946,0.00460672,0.678625;0.621593,-0.616025,0.180205,-0.449068
0.877138,-0.00535297,0.678957;0.623639,-0.608618,0.184788,-0.454436
0.87936,-0.0153581,0.678998;0.625617,-0.601145,0.18935,-0.459755
0.88161,-0.0254071,0.678738;0.627528,-0.593606,0.193892,-0.465023
0.883888,-0.0354984,0.678169;0.629369,-0.586003,0.198413,-0.470241
0.886193,-0.0456303,0.677281;0.631143,-0.578336,0.202913,-0.475408
0.888526,-0.0558012,0.676066;0.632848,-0.570606,0.20739,-0.480523
0.890885,-0.0660095,0.674515;0.634483,-0.562814,0.211844,-0.485586
0.89327,-0.0762537,0.672618;0.63605,-0.55496,0.216276,-0.490596
0.895542,-0.0859416,0.670506;0.638794,-0.547604,0.220241,-0.493524
0.897925,-0.0960352,0.667975;0.650776,-0.540558,0.222991,-0.484317
0.90033,-0.106147,0.665113;0.662572,-0.533358,0.225677,-0.474971
0.902752,-0.116264,0.661934;0.674179,-0.526006,0.228299,-0.465489
0.905188,-0.126376,0.658453;0.685594,-0.518503,0.230855,-0.455874
0.907636,-0.136469,0.654683;0.696812,-0.510853,0.233346,-0.446129
0.910093,-0.146533,0.650638;0.707832,-0.503056,0.23577,-0.436257
0.912554,-0.156554,0.646334;0.71865,-0.495116,0.238127,-0.426261
0.915018,-0.166521,0.641783;0.729262,-0.487035,0.240415,-0.416142
0.917481,-0.176422,0.637001;0.739666,-0.478814,0.242635,-0.405905
0.919941,-0.186244,0.632001;0.749859,-0.470457,0.244786,-0.395552
0.922393,-0.195977,0.626798;0.759838,-0.461965,0.246867,-0.385085
0.924835,-0.205607,0.621405;0.7696,-0.453342,0.248877,-0.374509
0.927264,-0.215123,0.615837;0.779142,-0.444589,0.250816,-0.363826
0.929676,-0.224512,0.610108;0.788462,-0.435709,0.252684,-0.353039
0.93207,-0.233763,0.604233;0.797556,-0.426705,0.254479,-0.342152
0.934441,-0.242864,0.598224;0.806423,-0.417579,0.256202,-0.331166
0.936786,-0.251802,0.592098;0.815059,-0.408333,0.257852,-0.320086
0.939102,-0.260566,0.585867;0.823463,-0.398971,0.259428,-0.308915
0.941387,-0.269143,0.579546;0.831631,-0.389495,0.26093,-0.297655
0.943637,-0.277522,0.573149;0.839562,-0.379908,0.262357,-0.28631
0.94585,-0.28569,0.56669;0.847254,-0.370212,0.26371,-0.274884
0.948021,-0.293636,0.560183;0.854703,-0.360411,0.264987,-0.263379
0.950148,-0.301347,0.553644;0.861908,-0.350507,0.266188,-0.251799
0.952228,-0.308812,0.547085;0.868868,-0.340502,0.267314,-0.240147
0.954508,-0.3169,0.5397;0.8764,-0.329131,0.268489,-0.226957
0.95672,-0.324643,0.53233;0.883616,-0.317641,0.269567,-0.213684
0.958859,-0.332024,0.524993;0.890512,-0.306037,0.270547,-0.200335
0.960922,-0.339027,0.517711;0.897087,-0.294321,0.27143,-0.186913
0.963118,-0.346343,0.509707;0.904011,-0.28118,0.272296,-0.171921
0.965208,-0.353147,0.501823;0.910533,-0.267913,0.27304,-0.156852
0.967186,-0.359415,0.494086;0.916648,-0.254526,0.273662,-0.141713
0.969225,-0.365663,0.485778;0.922902,-0.23967,0.274206,-0.124987
0.971277,-0.371671,0.476999;0.929156,-0.223316,0.27463,-0.106664
0.973138,-0.376795,0.468563;0.934814,-0.206818,0.274878,-0.0882729
0.975055,-0.381604,0.45922;0.940654,-0.187404,0.274944,-0.0667455
0.976787,-0.385287,0.449885;0.946,-0.166421,0.274748,-0.0436161
0.978322,-0.387527,0.440269;0.950909,-0.14244,0.274192,-0.0173512
0.979548,-0.387292,0.429996;0.955281,-0.112567,0.273017,0.015121
0.97998,-0.382983,0.421068;0.957912,-0.0795959,0.271115,0.0506492
0.979434,-0.374644,0.4151;0.958314,-0.0478819,0.268696,0.0845221
0.978246,-0.364577,0.412298;0.957104,-0.021854,0.266285,0.112104
0.976836,-0.354632,0.411525;0.955205,-0.00158634,0.264144,0.133446
0.975275,-0.344582,0.411905;0.952914,0.0157877,0.262125,0.151648
0.973549,-0.334096,0.413142;0.950275,0.0317053,0.260126,0.168247
0.971812,-0.323957,0.414938;0.949876,0.0348916,0.257557,0.173729
0.969919,-0.313238,0.417317;0.952742,0.0216624,0.253894,0.16538
0.968047,-0.302865,0.419965;0.955105,0.00975116,0.250539,0.157829
0.966252,-0.29309,0.422701;0.957032,-0.000838484,0.247511,0.151088
0.96434,-0.282813,0.425777;0.958796,-0.011428,0.244441,0.144321
0.962573,-0.273424,0.428731;0.960205,-0.0206923,0.241721,0.13838
0.960721,-0.263678,0.431919;0.961489,-0.0299538,0.23897,0.132421
0.958788,-0.253587,0.435327;0.962647,-0.0392115,0.236187,0.126444
0.956776,-0.243166,0.438942;0.96368,-0.0484641,0.233373,0.120451
0.954687,-0.232426,0.442753;0.964587,-0.0577103,0.230529,0.114443
0.952838,-0.222976,0.446164;0.965265,-0.0656297,0.228067,0.109281
0.950937,-0.21331,0.449702;0.96585,-0.0735428,0.225583,0.104108
0.948985,-0.203436,0.453358;0.966342,-0.0814488,0.223078,0.0989251
0.946985,-0.193361,0.457125;0.966741,-0.089347,0.220551,0.0937329
0.944938,-0.183094,0.460993;0.967048,-0.0972367,0.218003,0.0885318
0.942845,-0.172643,0.464956;0.967262,-0.105117,0.215434,0.0833221
0.940709,-0.162016,0.469005;0.967383,-0.112987,0.212845,0.0781045
0.93853,-0.151221,0.473132;0.967412,-0.120847,0.210235,0.0728794
0.936312,-0.140265,0.47733;0.967348,-0.128695,0.207605,0.0676472
0.934434,-0.131019,0.480876;0.967223,-0.135225,0.205398,0.0632822
0.93253,-0.121673,0.484461;0.967035,-0.141747,0.203178,0.0589129
0.930602,-0.11223,0.48808;0.966782,-0.148259,0.200944,0.0545397
0.92865,-0.102695,0.491729;0.966464,-0.154761,0.198696,0.0501628
0.926675,-0.0930741,0.495403;0.966082,-0.161253,0.196435,0.0457827
0.924679,-0.0833707,0.499097;0.965636,-0.167734,0.194162,0.0413994
0.922662,-0.0735898,0.502807;0.965125,-0.174204,0.191875,0.0370134
0.920626,-0.0637361,0.506528;0.964551,-0.180662,0.189575,0.032625
0.918571,-0.0538143,0.510255;0.963912,-0.187108,0.187263,0.0282344
0.916498,-0.043829,0.513985;0.963209,-0.193542,0.184939,0.0238419
0.914408,-0.0337849,0.517712;0.962441,-0.199963,0.182602,0.0194478
0.912303,-0.0236866,0.521432;0.96161,-0.206371,0.180253,0.0150524
0.910184,-0.0135389,0.52514;0.960714,-0.212765,0.177892,0.010656
0.90805,-0.00334632,0.528832;0.959755,-0.219144,0.175519,0.00625889
0.905904,0.00688635,0.532502;0.958732,-0.22551,0.173134,0.00186138
0.903747,0.0171545,0.536147;0.957645,-0.23186,0.170738,-0.00253626
0.901579,0.0274534,0.539762;0.956494,-0.238194,0.168331,-0.00693373
0.899401,0.0377784,0.543342;0.955279,-0.244513,0.165912,-0.0113307
0.897214,0.0481249,0.546882;0.954001,-0.250816,0.163482,-0.015727
0.89502,0.0584882,0.550379;0.952659,-0.257102,0.161041,-0.0201222
0.89282,0.0688636,0.553827;0.951254,-0.26337,0.15859,-0.0245161
0.890614,0.0792464,0.557221;0.949785,-0.269622,0.156128,-0.0289083
0.888403,0.089632,0.560558;0.948254,-0.275855,0.153656,-0.0332986
0.886189,0.100016,0.563832;0.946659,-0.28207,0.151173,-0.0376867
0.883972,0.110393,0.56704;0.945001,-0.288266,0.148681,-0.0420723
0.881753,0.120759,0.570176;0.94328,-0.294443,0.146178,-0.0464551
0.879534,0.131109,0.573235;0.941496,-0.3006,0.143666,-0.0508348
0.877316,0.141438,0.576214;0.93965,-0.306737,0.141144,-0.0552111
0.875098,0.151742,0.579107;0.937741,-0.312854,0.138613,-0.0595837
0.872884,0.162017,0.581911;0.93577,-0.31895,0.136072,-0.0639523
0.870672,0.172256,0.584619;0.933736,-0.325025,0.133523,-0.0683167
0.868465,0.182457,0.587229;0.93164,-0.331078,0.130965,-0.0726766
0.866264,0.192613,0.589734;0.929482,-0.337109,0.128398,-0.0770316
0.864069,0.202721,0.592132;0.927263,-0.343118,0.125822,-0.0813815
0.861881,0.212776,0.594416;0.924981,-0.349104,0.123238,-0.085726
0.859702,0.222772,0.596582;0.922638,-0.355066,0.120646,-0.0900647
0.857532,0.232706,0.598627;0.920233,-0.361005,0.118045,-0.0943975
0.855373,0.242573,0.600544;0.917768,-0.36692,0.115437,-0.0987239
0.853225,0.252368,0.60233;0.915241,-0.372811,0.112821,-0.103044
0.85109,0.262086,0.60398;0.912653,-0.378676,0.110198,-0.107357
0.848545,0.273641,0.605775;0.909467,-0.385682,0.10704,-0.112523
0.846022,0.28507,0.607358;0.906194,-0.39265,0.103872,-0.117678
0.843521,0.296366,0.608724;0.902835,-0.399581,0.100694,-0.122823
0.841045,0.30752,0.609862;0.899388,-0.406473,0.0975069,-0.127955
0.838596,0.318525,0.610767;0.895856,-0.413327,0.09431,-0.133075
0.836174,0.329373,0.61143;0.892237,-0.420141,0.0911041,-0.138182
0.833782,0.340056,0.611842;0.888533,-0.426914,0.0878894,-0.143276
0.831422,0.350565,0.611996;0.884744,-0.433647,0.0846663,-0.148357
0.829095,0.360892,0.611884;0.88087,-0.440338,0.0814351,-0.153423
0.826803,0.37103,0.611498;0.876912,-0.446987,0.0781961,-0.158474
0.824548,0.38097,0.61083;0.872869,-0.453593,0.0749495,-0.16351
0.822331,0.390704,0.609872;0.868743,-0.460155,0.0716958,-0.168531
0.819796,0.401789,0.608377;0.863824,-0.467756,0.0678911,-0.174368
0.817318,0.412571,0.606465;0.858792,-0.475295,0.0640776,-0.180182
0.8149,0.423036,0.604121;0.853648,-0.482773,0.0602557,-0.185972
0.812545,0.433171,0.601334;0.848392,-0.490187,0.056426,-0.191738
0.810256,0.442964,0.598092;0.843026,-0.497537,0.0525888,-0.19748
0.808036,0.452402,0.594381;0.83755,-0.504823,0.0487449,-0.203195
0.805886,0.461471,0.590188;0.831964,-0.512042,0.0448945,-0.208884
0.803811,0.47016,0.585502;0.82627,-0.519195,0.0410383,-0.214546
0.801533,0.479608,0.579525;0.819631,-0.527287,0.0366247,-0.220982
0.79936,0.488522,0.572869;0.812851,-0.535288,0.0322048,-0.22738
0.797295,0.496884,0.565513;0.805934,-0.543199,0.0277795,-0.23374
0.795342,0.504674,0.557439;0.798878,-0.551017,0.0233494,-0.24006
0.793729,0.511007,0.54977;0.792593,-0.55778,0.0194698,-0.245556
0.792209,0.516875,0.541525;0.786205,-0.564471,0.0155876,-0.251021
