0.760076,0.203564,0.412015;-0.391514,0.814637,0.385546,-0.185575
0.748962,0.199322,0.409664;-0.383718,0.815432,0.392407,-0.18398
0.738485,0.195114,0.407309;-0.375879,0.816136,0.399223,-0.182365
0.728635,0.190941,0.40495;-0.367998,0.816751,0.405996,-0.18073
0.719399,0.186803,0.402588;-0.360077,0.817274,0.412723,-0.179074
0.70911,0.181883,0.399751;-0.350519,0.817782,0.420735,-0.177061
0.699669,0.177016,0.396912;-0.340905,0.81816,0.42868,-0.17502
0.691054,0.172201,0.394073;-0.331236,0.818406,0.436557,-0.17295
0.68202,0.16665,0.390763;-0.319889,0.818529,0.445658,-0.170501
0.674051,0.161172,0.387456;-0.308472,0.818473,0.454662,-0.168015
0.666206,0.155003,0.383686;-0.295342,0.818192,0.46483,-0.165129
0.658931,0.148181,0.379458;-0.280471,0.817597,0.476112,-0.161826
0.652692,0.140749,0.374784;-0.26383,0.816591,0.488447,-0.158088
0.647962,0.132759,0.369679;-0.245389,0.815066,0.501764,-0.153895
0.645207,0.124269,0.364163;-0.225122,0.812903,0.515984,-0.149227
0.644867,0.115342,0.358263;-0.203004,0.809973,0.531017,-0.144062
0.647077,0.106706,0.352457;-0.180734,0.806435,0.545651,-0.138789
0.651197,0.0989957,0.347193;-0.160056,0.802632,0.558796,-0.133829
0.657148,0.0915437,0.342033;-0.139275,0.798316,0.571584,-0.128784
0.66407,0.0849439,0.337404;-0.120148,0.793911,0.582986,-0.124086
0.67147,0.0791394,0.333288;-0.102703,0.789536,0.593079,-0.119758
0.679828,0.0735243,0.329265;-0.0852131,0.784811,0.602909,-0.115376
0.68809,0.0686352,0.325732;-0.0694393,0.78026,0.611527,-0.111389
0.696981,0.0639043,0.322284;-0.0536404,0.775429,0.619925,-0.107362
0.706432,0.059334,0.318929;-0.0378223,0.770318,0.6281,-0.103296
0.715247,0.055408,0.316027;-0.0237502,0.765543,0.635177,-0.0996506
0.724401,0.0516122,0.313204;-0.00967128,0.76055,0.642074,-0.0959769
0.733845,0.0479482,0.310465;0.00441037,0.755341,0.648788,-0.0922759
0.743532,0.0444177,0.307812;0.0184908,0.749917,0.655318,-0.0885487
0.752864,0.0412055,0.305389;0.0210654,0.754361,0.650132,-0.0884565
0.762886,0.0379401,0.302916;0.0179611,0.764173,0.63842,-0.0902113
0.773043,0.0348077,0.300541;0.0148525,0.773796,0.62655,-0.0919439
0.783309,0.0318067,0.298266;0.0117402,0.78323,0.614526,-0.0936539
0.793656,0.0289358,0.296096;0.008625,0.79247,0.602351,-0.0953408
0.80406,0.0261934,0.294033;0.00550768,0.801515,0.590028,-0.0970042
0.814493,0.0235783,0.292081;0.002389,0.810364,0.577559,-0.0986438
0.824929,0.0210889,0.290244;-0.00073026,0.819012,0.564948,-0.100259
0.835342,0.0187237,0.288526;-0.00384934,0.827459,0.552199,-0.10185
0.845706,0.0164814,0.28693;-0.00696748,0.835702,0.539313,-0.103415
0.855994,0.0143605,0.285461;-0.0100839,0.84374,0.526294,-0.104955
0.86618,0.0123596,0.28412;-0.0131978,0.85157,0.513146,-0.106469
0.876238,0.0104772,0.282913;-0.0163085,0.85919,0.499872,-0.107958
0.886142,0.00871186,0.281843;-0.0194152,0.866599,0.486474,-0.109419
0.897066,0.00686403,0.280807;-0.0229045,0.874678,0.471259,-0.111031
0.907724,0.00516051,0.279954;-0.0263866,0.882486,0.455897,-0.112608
0.918079,0.00359925,0.27929;-0.0298605,0.890018,0.440393,-0.11415
0.928093,0.00217819,0.278818;-0.0333251,0.897273,0.424752,-0.115657
0.938774,0.000761186,0.278528;-0.0371624,0.905006,0.407218,-0.117289
0.948937,-0.000488072,0.278489;-0.0409854,0.912391,0.389527,-0.118876
0.959456,-0.00167186,0.278747;-0.0451725,0.920109,0.369894,-0.120568
0.970065,-0.00274006,0.279396;-0.0497162,0.92804,0.348281,-0.12235
0.980438,-0.00363992,0.280549;-0.0546073,0.936052,0.324649,-0.124205
0.990814,-0.00435353,0.282478;-0.0602067,0.944541,0.29712,-0.126244
1.00078,-0.00476345,0.285673;-0.0668567,0.953647,0.263749,-0.128547
1.00914,-0.00460066,0.29118;-0.112158,0.952405,0.236296,-0.156553
1.01306,-0.00316324,0.300181;-0.211199,0.92758,0.216227,-0.219629
1.01107,-0.0003125,0.30969;-0.301583,0.891659,0.194408,-0.27604
1.00621,0.0033508,0.317672;-0.37393,0.852765,0.174263,-0.320313
1.00005,0.00777217,0.32441;-0.436148,0.811105,0.15477,-0.357674
0.993215,0.0130213,0.330006;-0.491959,0.766255,0.135309,-0.390539
0.986322,0.0189927,0.334279;-0.541535,0.719428,0.116175,-0.419126
0.97961,0.0257999,0.337225;-0.586551,0.670059,0.0969924,-0.444489
0.973236,0.0336789,0.338733;-0.628356,0.617022,0.0772786,-0.467418
0.967735,0.0423857,0.338581;-0.665539,0.562476,0.0577967,-0.487173
0.963492,0.0515248,0.336799;-0.697168,0.508959,0.0393441,-0.503358
0.960563,0.0609295,0.333555;-0.723752,0.457223,0.0220505,-0.516375
0.958973,0.0699201,0.329336;-0.750406,0.41468,0.00717301,-0.514664
0.958349,0.0787123,0.324372;-0.784311,0.383472,-0.00570524,-0.48762
0.958353,0.0872065,0.319015;-0.813312,0.353844,-0.0174961,-0.461533
0.958766,0.0956421,0.313301;-0.839069,0.324724,-0.02871,-0.435537
0.959439,0.103922,0.307417;-0.861797,0.296291,-0.0393286,-0.409843
0.960253,0.111965,0.301517;-0.881714,0.268703,-0.0493401,-0.384635
0.961165,0.12014,0.295397;-0.899962,0.240607,-0.0592583,-0.3587
0.962101,0.128405,0.289138;-0.916506,0.212055,-0.0690642,-0.332085
0.962991,0.136719,0.282822;-0.931314,0.183101,-0.0787394,-0.304842
0.963761,0.145041,0.276532;-0.944359,0.153801,-0.0882654,-0.277021
0.964339,0.153329,0.270349;-0.955616,0.124209,-0.0976244,-0.248676
0.964654,0.161544,0.264354;-0.965064,0.0943824,-0.106799,-0.21986
0.96462,0.170066,0.258337;-0.973034,0.0627939,-0.116237,-0.189079
0.96413,0.178412,0.252715;-0.978963,0.0310737,-0.125431,-0.157901
0.963032,0.186934,0.247341;-0.982978,-0.00230152,-0.134801,-0.124808
0.961135,0.195537,0.24241;-0.984746,-0.037259,-0.144283,-0.0898318
0.958217,0.204107,0.238157;-0.983921,-0.0737029,-0.153804,-0.0530232
0.953812,0.212847,0.234746;-0.979929,-0.113081,-0.163668,-0.0128504
0.947964,0.220897,0.232777;-0.972724,-0.152088,-0.172996,0.0273645
0.940838,0.227889,0.232418;-0.962808,-0.189067,-0.181417,0.0658882
0.932484,0.233836,0.233636;-0.950576,-0.223971,-0.188974,0.102621
0.923904,0.238348,0.236051;-0.937794,-0.253821,-0.195119,0.134335
0.915064,0.241845,0.239386;-0.924607,-0.280232,-0.200301,0.162639
0.906264,0.244475,0.243334;-0.911566,-0.30331,-0.204621,0.187567
0.897219,0.246501,0.247891;-0.894231,-0.335404,-0.217519,0.201348
0.888076,0.248026,0.25289;-0.874234,-0.370538,-0.233973,0.208983
0.8794,0.249101,0.257917;-0.854885,-0.401359,-0.248308,0.215467
0.870862,0.249873,0.263085;-0.835446,-0.429792,-0.261442,0.221261
0.862013,0.250423,0.268639;-0.814845,-0.457626,-0.274213,0.226746
0.853479,0.250746,0.274164;-0.7945,-0.483142,-0.28584,0.231602
0.844756,0.25089,0.279965;-0.773182,-0.508068,-0.297116,0.236175
0.836478,0.250871,0.285603;-0.752432,-0.530771,-0.307313,0.240182
0.828104,0.250709,0.291431;-0.730879,-0.552909,-0.317182,0.243933
0.819666,0.250412,0.297425;-0.708547,-0.574457,-0.326713,0.247424
0.811197,0.249986,0.303559;-0.68546,-0.595392,-0.335896,0.250651
0.80273,0.249437,0.30981;-0.661642,-0.615693,-0.344721,0.253611
0.794298,0.248771,0.316152;-0.637119,-0.635338,-0.353178,0.256301
0.785933,0.247996,0.322562;-0.611917,-0.654305,-0.361259,0.258717
0.777669,0.247118,0.329014;-0.586062,-0.672575,-0.368955,0.260858
0.769538,0.246143,0.335483;-0.559582,-0.690128,-0.376257,0.26272
0.761574,0.245078,0.341947;-0.532506,-0.706945,-0.383158,0.264302
0.753809,0.24393,0.348378;-0.504863,-0.723008,-0.389651,0.265603
0.745748,0.242613,0.355207;-0.474648,-0.739363,-0.396146,0.266682
0.737995,0.241216,0.361941;-0.443852,-0.754813,-0.402157,0.267435
0.730589,0.239747,0.36855;-0.412513,-0.76934,-0.407675,0.267861
0.723117,0.238108,0.375428;-0.37853,-0.783797,-0.413012,0.267954
0.715718,0.236297,0.382501;-0.341846,-0.797961,-0.418051,0.267644
0.708553,0.234314,0.38968;-0.30242,-0.81159,-0.422671,0.266857
0.701812,0.232162,0.396853;-0.260227,-0.824425,-0.426739,0.265516
0.695442,0.229734,0.404226;-0.213001,-0.836727,-0.43026,0.263428
0.689488,0.226802,0.41213;-0.156123,-0.848754,-0.433106,0.260118
0.684829,0.223161,0.420415;-0.0848796,-0.859657,-0.43459,0.254788
0.684059,0.218108,0.428798;0.0169119,-0.867411,-0.432798,0.244946
0.691582,0.213169,0.432577;0.123123,-0.865758,-0.426057,0.231902
0.701218,0.210338,0.431953;0.189431,-0.859594,-0.419282,0.222297
0.711271,0.208379,0.429767;0.239172,-0.852294,-0.412861,0.214331
0.721354,0.206917,0.426805;0.279407,-0.844651,-0.406798,0.207392
0.731089,0.205806,0.423489;0.312563,-0.837145,-0.401198,0.20133
0.740539,0.204929,0.419967;0.34099,-0.82981,-0.395947,0.195876
0.750121,0.204195,0.416163;0.366953,-0.822362,-0.390777,0.190682
0.759648,0.203588,0.412197;0.3905,-0.814969,-0.385769,0.18579
