0.702639,0.0115106,0.126658;0.0751848,0.69724,0.155063,-0.695816
0.703012,0.00741121,0.122457;0.0768261,0.698495,0.155105,-0.694367
0.703383,0.00332899,0.118315;0.0784668,0.699746,0.155145,-0.692913
0.703753,-0.000736017,0.114232;0.080107,0.700992,0.155184,-0.691455
0.704121,-0.0047838,0.110207;0.0817467,0.702234,0.155222,-0.689993
0.704488,-0.00881436,0.106241;0.0833859,0.703472,0.15526,-0.688527
0.704853,-0.0128277,0.102333;0.0850245,0.704704,0.155296,-0.687056
0.705216,-0.0168238,0.0984819;0.0866627,0.705933,0.155331,-0.68558
0.705578,-0.0208026,0.0946886;0.0883002,0.707157,0.155365,-0.684101
0.705938,-0.0247641,0.0909525;0.0899372,0.708376,0.155399,-0.682617
0.706297,-0.0287084,0.0872732;0.0915736,0.709591,0.155431,-0.681128
0.706654,-0.0326354,0.0836505;0.0932095,0.710802,0.155462,-0.679635
0.70701,-0.0365451,0.0800841;0.0948447,0.712008,0.155493,-0.678138
0.707364,-0.0404375,0.0765737;0.0964794,0.713209,0.155522,-0.676637
0.707717,-0.0443126,0.073119;0.0981134,0.714406,0.15555,-0.675131
0.708068,-0.0481704,0.0697198;0.0997468,0.715598,0.155578,-0.673621
0.708418,-0.0520109,0.0663757;0.10138,0.716786,0.155604,-0.672107
0.708766,-0.055834,0.0630866;0.103012,0.717969,0.15563,-0.670588
0.709113,-0.0596398,0.059852;0.104643,0.719147,0.155654,-0.669065
0.709574,-0.0646872,0.0556237;0.106817,0.720712,0.155685,-0.667028
0.710031,-0.0697037,0.0514913;0.10899,0.722268,0.155714,-0.664984
0.710487,-0.0746894,0.0474541;0.111162,0.723816,0.155742,-0.662932
0.710939,-0.0796441,0.0435116;0.113333,0.725356,0.155767,-0.660872
0.711389,-0.084568,0.0396629;0.115502,0.726887,0.155791,-0.658805
0.711837,-0.0894609,0.0359075;0.11767,0.72841,0.155813,-0.65673
0.712282,-0.0943228,0.0322447;0.119837,0.729925,0.155834,-0.654648
0.712725,-0.0991537,0.0286738;0.122002,0.731432,0.155852,-0.652558
0.713166,-0.103954,0.0251942;0.124166,0.732931,0.155869,-0.650462
0.713604,-0.108723,0.0218051;0.126328,0.734421,0.155884,-0.648357
0.71404,-0.11346,0.018506;0.128489,0.735903,0.155898,-0.646246
0.714473,-0.118167,0.0152962;0.130649,0.737376,0.155909,-0.644127
0.714904,-0.122843,0.0121749;0.132807,0.738842,0.155919,-0.642001
0.715333,-0.127488,0.00914161;0.134964,0.740298,0.155927,-0.639867
0.715759,-0.132101,0.00619556;0.137119,0.741747,0.155933,-0.637726
0.716184,-0.136683,0.00333611;0.139272,0.743187,0.155938,-0.635578
0.716606,-0.141235,0.0005626;0.141424,0.744619,0.15594,-0.633423
0.717026,-0.145755,-0.00212564;0.143575,0.746042,0.155941,-0.631261
0.717443,-0.150243,-0.00472926;0.145723,0.747457,0.155941,-0.629091
0.717859,-0.154701,-0.00724895;0.14787,0.748863,0.155938,-0.626915
0.718272,-0.159127,-0.00968535;0.150016,0.750261,0.155934,-0.624731
0.718683,-0.163522,-0.0120391;0.152159,0.75165,0.155928,-0.62254
0.719195,-0.168972,-0.0148662;0.154837,0.753375,0.155917,-0.619792
0.719702,-0.174373,-0.0175666;0.157511,0.755086,0.155905,-0.617033
0.720207,-0.179725,-0.0201414;0.160183,0.756784,0.155889,-0.614262
0.720709,-0.185028,-0.0225922;0.162852,0.758468,0.155871,-0.611481
0.721207,-0.190282,-0.0249201;0.165518,0.76014,0.155849,-0.608689
0.721703,-0.195487,-0.0271264;0.168181,0.761797,0.155826,-0.605887
0.722195,-0.200642,-0.0292125;0.170841,0.763442,0.155799,-0.603073
0.722684,-0.205749,-0.0311796;0.173498,0.765072,0.155769,-0.600249
0.723171,-0.210806,-0.0330291;0.176152,0.766689,0.155737,-0.597414
0.723654,-0.215814,-0.0347622;0.178802,0.768293,0.155702,-0.594569
0.724135,-0.220773,-0.0363803;0.18145,0.769883,0.155665,-0.591713
0.724613,-0.225683,-0.0378846;0.184095,0.77146,0.155624,-0.588847
0.725088,-0.230543,-0.0392764;0.186736,0.773022,0.155581,-0.58597
0.72556,-0.235354,-0.0405571;0.189374,0.774571,0.155535,-0.583083
0.726123,-0.241061,-0.041949;0.192535,0.776412,0.155476,-0.579605
0.726683,-0.246698,-0.043185;0.195691,0.778233,0.155414,-0.576112
0.727238,-0.252263,-0.0442672;0.198842,0.780034,0.155347,-0.572604
0.727791,-0.257757,-0.045198;0.201988,0.781816,0.155276,-0.569082
0.728339,-0.263179,-0.0459795;0.205129,0.783577,0.155202,-0.565545
0.728884,-0.26853,-0.0466141;0.208265,0.785318,0.155123,-0.561994
0.729426,-0.273809,-0.0471039;0.211395,0.78704,0.155041,-0.558429
0.729964,-0.279016,-0.0474512;0.21452,0.788741,0.154954,-0.554849
0.730499,-0.284152,-0.0476583;0.21764,0.790422,0.154864,-0.551256
0.73103,-0.289216,-0.0477274;0.220754,0.792083,0.154769,-0.547648
0.731559,-0.294208,-0.0476607;0.223862,0.793724,0.154671,-0.544026
0.732172,-0.299941,-0.0474143;0.227482,0.795613,0.154551,-0.539783
0.73278,-0.305576,-0.0469898;0.231093,0.797474,0.154426,-0.535521
0.733385,-0.311113,-0.0463906;0.234696,0.799308,0.154296,-0.531241
0.733986,-0.316552,-0.0456204;0.238291,0.801114,0.15416,-0.526943
0.734583,-0.321893,-0.0446827;0.241878,0.802892,0.154019,-0.522626
0.735177,-0.327135,-0.0435812;0.245457,0.804642,0.153873,-0.518291
0.735767,-0.332278,-0.0423192;0.249027,0.806364,0.153721,-0.513938
0.736354,-0.337323,-0.0409005;0.252588,0.808059,0.153564,-0.509567
0.736937,-0.342269,-0.0393286;0.256141,0.809725,0.153401,-0.505178
0.737517,-0.347116,-0.037607;0.259685,0.811363,0.153234,-0.500772
0.738095,-0.351865,-0.0357393;0.263219,0.812973,0.153061,-0.496349
0.738669,-0.356514,-0.033729;0.266745,0.814555,0.152882,-0.491908
0.739241,-0.361064,-0.0315798;0.270261,0.816109,0.152699,-0.487451
0.73981,-0.365514,-0.0292952;0.273768,0.817634,0.15251,-0.482976
0.740376,-0.369866,-0.0268788;0.277266,0.819131,0.152315,-0.478485
0.74102,-0.374717,-0.0239603;0.281251,0.820807,0.152087,-0.473331
0.741661,-0.379437,-0.0208796;0.285224,0.822446,0.151852,-0.468157
0.7423,-0.384028,-0.0176419;0.289184,0.824048,0.151609,-0.462961
0.742936,-0.388488,-0.0142527;0.29313,0.825612,0.15136,-0.457744
0.743569,-0.392817,-0.0107172;0.297063,0.827139,0.151104,-0.452506
0.7442,-0.397016,-0.00704077;0.300983,0.828628,0.150842,-0.447248
0.744828,-0.401083,-0.00322871;0.304889,0.83008,0.150572,-0.44197
0.745455,-0.40502,0.000713665;0.308782,0.831495,0.150295,-0.436671
0.74608,-0.408825,0.00478103;0.31266,0.832871,0.150012,-0.431353
0.746703,-0.412499,0.00896806;0.316525,0.83421,0.149722,-0.426015
0.747325,-0.416041,0.0132694;0.320374,0.835511,0.149425,-0.420658
0.747945,-0.419452,0.0176799;0.32421,0.836774,0.149122,-0.415282
0.748564,-0.42273,0.022194;0.328031,0.838,0.148811,-0.409887
0.749183,-0.425877,0.0268065;0.331836,0.839187,0.148494,-0.404474
0.7498,-0.428891,0.0315121;0.335627,0.840336,0.14817,-0.399042
0.750417,-0.431773,0.0363054;0.339403,0.841448,0.14784,-0.393592
0.751034,-0.434522,0.0411812;0.343163,0.842521,0.147503,-0.388125
0.75165,-0.437139,0.0461341;0.346908,0.843556,0.147159,-0.382639
0.752266,-0.439622,0.0511587;0.350637,0.844553,0.146808,-0.377137
0.752882,-0.441973,0.0562499;0.35435,0.845511,0.146451,-0.371617
0.753498,-0.44419,0.0614022;0.358047,0.846431,0.146087,-0.366081
0.754115,-0.446274,0.0666103;0.361728,0.847313,0.145716,-0.360527
0.754733,-0.448225,0.071869;0.365392,0.848157,0.145339,-0.354958
0.755305,-0.449912,0.0767784;0.370383,0.846785,0.145914,-0.352818
0.755869,-0.451459,0.081643;0.376912,0.843238,0.147416,-0.353773
0.756433,-0.452897,0.08654;0.383419,0.839642,0.148909,-0.354707
0.756999,-0.454225,0.0914673;0.389903,0.835997,0.150394,-0.355621
0.757564,-0.455443,0.0964228;0.396365,0.832303,0.15187,-0.356513
0.758131,-0.456552,0.101404;0.402804,0.82856,0.153338,-0.357386
0.758699,-0.457553,0.10641;0.409219,0.824769,0.154796,-0.358237
0.759267,-0.458445,0.111438;0.41561,0.82093,0.156245,-0.359067
0.759836,-0.45923,0.116486;0.421977,0.817043,0.157685,-0.359876
0.760406,-0.459908,0.121552;0.42832,0.813108,0.159116,-0.360665
0.760977,-0.460479,0.126633;0.434637,0.809126,0.160537,-0.361432
0.761549,-0.460944,0.131729;0.440929,0.805097,0.16195,-0.362178
0.762121,-0.461303,0.136836;0.447195,0.80102,0.163352,-0.362903
0.762695,-0.461556,0.141953;0.453435,0.796897,0.164746,-0.363607
0.763269,-0.461705,0.147077;0.459649,0.792728,0.166129,-0.36429
0.763845,-0.461749,0.152208;0.465836,0.788512,0.167503,-0.364951
0.764421,-0.461689,0.157341;0.471995,0.78425,0.168867,-0.365591
0.764998,-0.461526,0.162477;0.478128,0.779942,0.170222,-0.36621
0.765576,-0.461259,0.167611;0.484232,0.775588,0.171566,-0.366807
0.766155,-0.460889,0.172743;0.490308,0.77119,0.1729,-0.367383
0.766735,-0.460418,0.17787;0.496355,0.766746,0.174224,-0.367937
0.767317,-0.459844,0.182991;0.502373,0.762258,0.175538,-0.36847
0.767899,-0.459169,0.188103;0.508362,0.757725,0.176842,-0.368982
0.768482,-0.458394,0.193204;0.514322,0.753148,0.178136,-0.369472
0.769066,-0.457517,0.198292;0.520251,0.748527,0.179419,-0.36994
0.769652,-0.456541,0.203365;0.52615,0.743862,0.180691,-0.370387
0.770238,-0.455465,0.208421;0.532018,0.739154,0.181953,-0.370812
0.770826,-0.45429,0.213458;0.537855,0.734402,0.183205,-0.371216
0.771415,-0.453017,0.218473;0.543661,0.729608,0.184446,-0.371597
0.772005,-0.451645,0.223466;0.549435,0.724771,0.185676,-0.371957
0.772596,-0.450175,0.228433;0.555177,0.719892,0.186895,-0.372296
0.773188,-0.448608,0.233373;0.560886,0.714971,0.188103,-0.372613
0.773781,-0.446944,0.238284;0.566563,0.710008,0.1893,-0.372908
0.774376,-0.445184,0.243163;0.572207,0.705004,0.190486,-0.373181
0.774972,-0.443328,0.248009;0.577817,0.699958,0.191661,-0.373432
0.775569,-0.441376,0.252819;0.583394,0.694872,0.192825,-0.373662
0.776167,-0.439329,0.257591;0.588936,0.689745,0.193978,-0.373869
0.776767,-0.437187,0.262324;0.594444,0.684578,0.195119,-0.374055
0.777368,-0.434951,0.267015;0.599918,0.679371,0.196249,-0.37422
0.77797,-0.432622,0.271663;0.605356,0.674124,0.197368,-0.374362
0.778573,-0.430199,0.276264;0.610759,0.668838,0.198475,-0.374482
0.779178,-0.427683,0.280818;0.616127,0.663513,0.19957,-0.374581
0.779784,-0.425075,0.285321;0.621458,0.658149,0.200654,-0.374657
0.780392,-0.422375,0.289773;0.626753,0.652746,0.201726,-0.374712
0.781001,-0.419583,0.294171;0.632012,0.647306,0.202786,-0.374745
0.781611,-0.416701,0.298512;0.637233,0.641828,0.203834,-0.374756
0.782222,-0.413727,0.302796;0.642418,0.636312,0.204871,-0.374745
0.782836,-0.410664,0.307019;0.647565,0.630759,0.205895,-0.374713
0.78345,-0.407511,0.31118;0.652674,0.62517,0.206908,-0.374658
0.784066,-0.404268,0.315276;0.657745,0.619543,0.207908,-0.374582
0.784684,-0.400937,0.319306;0.662778,0.613881,0.208896,-0.374483
0.785303,-0.397517,0.323268;0.667772,0.608183,0.209872,-0.374363
0.785923,-0.39401,0.327159;0.672727,0.602449,0.210836,-0.374221
0.786545,-0.390415,0.330977;0.677643,0.59668,0.211788,-0.374057
0.787168,-0.386732,0.334721;0.682519,0.590877,0.212727,-0.373872
0.787794,-0.382964,0.338388;0.687355,0.585039,0.213654,-0.373664
0.78842,-0.379109,0.341977;0.692151,0.579166,0.214568,-0.373435
0.789048,-0.375168,0.345485;0.696907,0.57326,0.21547,-0.373184
0.789678,-0.371142,0.348909;0.701622,0.56732,0.216359,-0.372911
0.79031,-0.367032,0.352249;0.706296,0.561348,0.217235,-0.372616
0.790943,-0.362837,0.355502;0.710929,0.555342,0.218099,-0.3723
0.791577,-0.358558,0.358666;0.715521,0.549304,0.21895,-0.371961
0.792214,-0.354196,0.361739;0.720071,0.543234,0.219789,-0.371602
0.792852,-0.34975,0.364719;0.724578,0.537133,0.220614,-0.37122
0.793491,-0.345222,0.367603;0.729043,0.531,0.221427,-0.370817
0.794133,-0.340612,0.37039;0.733466,0.524836,0.222227,-0.370392
0.794776,-0.335921,0.373078;0.737846,0.518641,0.223013,-0.369945
0.79542,-0.331148,0.375665;0.742183,0.512416,0.223787,-0.369477
0.796067,-0.326294,0.378148;0.746477,0.506161,0.224548,-0.368988
0.796715,-0.32136,0.380525;0.750727,0.499877,0.225295,-0.368476
0.797366,-0.316346,0.382795;0.754933,0.493563,0.22603,-0.367944
0.798017,-0.311253,0.384956;0.759095,0.487221,0.226751,-0.367389
0.798671,-0.30608,0.387004;0.763213,0.48085,0.227459,-0.366814
0.799327,-0.30083,0.388939;0.767286,0.474451,0.228153,-0.366217
0.799984,-0.295501,0.390759;0.771314,0.468024,0.228835,-0.365598
0.800643,-0.290094,0.39246;0.775298,0.46157,0.229503,-0.364958
0.801222,-0.2853,0.393851;0.778746,0.455901,0.230076,-0.364381
0.801802,-0.280447,0.395148;0.78216,0.450211,0.23064,-0.363787
0.802383,-0.275536,0.396351;0.785538,0.444502,0.231192,-0.363178
0.802984,-0.270412,0.397491;0.787259,0.445072,0.232051,-0.35817
0.80361,-0.265024,0.398568;0.7885,0.447551,0.23302,-0.351666
0.804237,-0.259574,0.39954;0.7897,0.450006,0.233977,-0.345143
0.804866,-0.254062,0.400407;0.79086,0.452438,0.234921,-0.338603
0.805496,-0.248492,0.401173;0.79198,0.454848,0.235854,-0.332046
0.806128,-0.242865,0.40184;0.793059,0.457234,0.236775,-0.325472
0.806682,-0.237896,0.402345;0.79397,0.459303,0.237571,-0.319706
0.807236,-0.232887,0.402777;0.794851,0.461354,0.238358,-0.313927
0.807792,-0.227839,0.403138;0.7957,0.463387,0.239135,-0.308137
0.808348,-0.222753,0.403429;0.796519,0.465402,0.239903,-0.302334
0.808906,-0.217631,0.403653;0.797306,0.467398,0.240662,-0.296519
0.809464,-0.212474,0.403812;0.798062,0.469377,0.241411,-0.290693
0.810023,-0.207284,0.403905;0.798788,0.471337,0.242151,-0.284856
0.810582,-0.202062,0.403936;0.799481,0.473279,0.242881,-0.279007
0.811142,-0.196809,0.403905;0.800144,0.475202,0.243602,-0.273148
0.811703,-0.191526,0.403815;0.800776,0.477107,0.244314,-0.267278
0.812264,-0.186216,0.403667;0.801376,0.478993,0.245016,-0.261397
0.812826,-0.180879,0.403462;0.801946,0.480861,0.245708,-0.255507
0.813388,-0.175518,0.403203;0.802483,0.48271,0.246391,-0.249606
0.813951,-0.170132,0.40289;0.80299,0.48454,0.247064,-0.243696
0.814514,-0.164725,0.402526;0.803465,0.486351,0.247727,-0.237776
0.815077,-0.159296,0.402111;0.803909,0.488143,0.248381,-0.231847
0.815641,-0.153849,0.401648;0.804322,0.489916,0.249026,-0.225909
0.816205,-0.148383,0.401138;0.804703,0.49167,0.24966,-0.219962
0.816769,-0.1429,0.400583;0.805053,0.493405,0.250285,-0.214006
0.817333,-0.137402,0.399984;0.805371,0.495121,0.2509,-0.208042
0.817897,-0.13189,0.399343;0.805659,0.496817,0.251505,-0.20207
0.818461,-0.126366,0.398662;0.805914,0.498494,0.2521,-0.19609
0.819026,-0.120831,0.397941;0.806138,0.500151,0.252686,-0.190103
0.81959,-0.115286,0.397184;0.806331,0.501789,0.253262,-0.184108
0.820154,-0.109733,0.39639;0.806493,0.503408,0.253828,-0.178106
0.820718,-0.104173,0.395563;0.806623,0.505007,0.254384,-0.172097
0.821282,-0.0986073,0.394703;0.806721,0.506586,0.25493,-0.166081
0.821846,-0.0930377,0.393812;0.806788,0.508145,0.255466,-0.160059
0.822409,-0.0874655,0.392892;0.806824,0.509685,0.255992,-0.15403
0.822973,-0.0818921,0.391944;0.806828,0.511204,0.256508,-0.147996
0.823535,-0.0763187,0.39097;0.8068,0.512704,0.257014,-0.141955
0.824098,-0.070747,0.389972;0.806742,0.514184,0.25751,-0.13591
0.82466,-0.0651781,0.38895;0.806651,0.515643,0.257996,-0.129858
0.825221,-0.0596136,0.387908;0.80653,0.517083,0.258472,-0.123802
0.825782,-0.0540549,0.386845;0.806376,0.518503,0.258938,-0.117741
0.826343,-0.0485033,0.385765;0.806192,0.519902,0.259394,-0.111676
0.826902,-0.0429602,0.384667;0.805976,0.521281,0.25984,-0.105606
0.827461,-0.0374271,0.383555;0.805728,0.522639,0.260276,-0.0995317
0.82802,-0.0319053,0.38243;0.80545,0.523978,0.260701,-0.0934538
0.828577,-0.0263963,0.381293;0.805139,0.525295,0.261116,-0.0873722
0.829134,-0.0209014,0.380146;0.804798,0.526593,0.261521,-0.0812872
0.82969,-0.0154221,0.37899;0.804424,0.527869,0.261916,-0.0751991
0.830245,-0.00995967,0.377827;0.80402,0.529126,0.262301,-0.069108
0.8308,-0.0045156,0.376659;0.803584,0.530361,0.262676,-0.0630142
0.831353,0.000908717,0.375487;0.803117,0.531576,0.26304,-0.0569179
0.831905,0.00631189,0.374313;0.802619,0.53277,0.263394,-0.0508195
0.832456,0.0116925,0.373138;0.802089,0.533944,0.263737,-0.044719
0.833006,0.0170492,0.371965;0.801528,0.535096,0.264071,-0.0386169
0.833555,0.0223806,0.370794;0.800936,0.536228,0.264394,-0.0325132
0.834103,0.0276852,0.369627;0.800312,0.537339,0.264707,-0.0264082
0.834649,0.0329616,0.368466;0.799658,0.538429,0.265009,-0.0203022
0.835194,0.0382086,0.367313;0.798972,0.539498,0.265302,-0.0141954
0.835738,0.0434245,0.366168;0.798255,0.540545,0.265583,-0.00808811
0.83628,0.0486082,0.365035;0.797507,0.541572,0.265855,-0.00198046
0.836821,0.0537581,0.363913;0.796727,0.542578,0.266116,0.00412727
0.837361,0.0588728,0.362805;0.795917,0.543562,0.266367,0.0102348
0.837899,0.063951,0.361713;0.795076,0.544526,0.266607,0.016342
0.838435,0.0689913,0.360637;0.794203,0.545468,0.266837,0.0224485
0.83897,0.0739922,0.359581;0.7933,0.546388,0.267057,0.0285542
0.839503,0.0789524,0.358544;0.792366,0.547288,0.267266,0.0346587
0.840035,0.0838704,0.357529;0.791401,0.548166,0.267464,0.0407619
0.840565,0.0887449,0.356538;0.790405,0.549023,0.267653,0.0468635
0.841168,0.0942607,0.355436;0.789229,0.549976,0.267855,0.0538345
0.841769,0.0997156,0.354368;0.788013,0.550901,0.268044,0.0608028
0.842367,0.105108,0.353339;0.786756,0.551798,0.268219,0.0677679
0.842963,0.110435,0.352349;0.78546,0.552666,0.26838,0.0747297
0.843556,0.115695,0.351401;0.784124,0.553507,0.268528,0.0816876
0.844147,0.120886,0.350497;0.782747,0.554319,0.268662,0.0886413
0.844735,0.126005,0.349641;0.781331,0.555104,0.268783,0.0955906
0.84532,0.131052,0.348834;0.779875,0.55586,0.268889,0.102535
0.845902,0.136023,0.348079;0.778379,0.556587,0.268982,0.109474
0.846553,0.141522,0.347294;0.776649,0.557372,0.269071,0.117274
0.847201,0.146921,0.346581;0.774869,0.558121,0.269142,0.125066
0.847845,0.152215,0.345943;0.773039,0.558834,0.269195,0.13285
0.848485,0.157402,0.345384;0.771159,0.55951,0.269232,0.140626
0.84912,0.16248,0.344907;0.76923,0.560151,0.26925,0.148393
0.849752,0.167444,0.344515;0.767251,0.560756,0.269252,0.15615
0.850448,0.172824,0.344185;0.764994,0.561385,0.269233,0.164757
0.85114,0.178057,0.343968;0.762676,0.56197,0.269193,0.173351
0.851825,0.183138,0.343871;0.760297,0.56251,0.269132,0.181931
0.852573,0.188548,0.343906;0.757611,0.563052,0.269039,0.191353
0.853314,0.193764,0.344098;0.754851,0.56354,0.268921,0.200756
0.854063,0.198891,0.344461;0.751502,0.564807,0.268398,0.210239
0.854839,0.204027,0.345027;0.740082,0.579919,0.261407,0.218264
0.855606,0.208932,0.345776;0.728313,0.594757,0.254292,0.226185
0.856405,0.213863,0.346756;0.715517,0.610115,0.246652,0.234431
0.857233,0.218781,0.347989;0.701641,0.625935,0.23847,0.242977
0.858088,0.223649,0.349493;0.686632,0.642152,0.229729,0.251798
0.858966,0.228428,0.351284;0.670434,0.6587,0.220413,0.260866
0.859864,0.233077,0.353378;0.652995,0.675502,0.210508,0.270149
0.860777,0.237557,0.355784;0.634262,0.69248,0.2,0.279613
0.861702,0.241825,0.358512;0.614182,0.709547,0.188875,0.289222
0.862632,0.24584,0.361565;0.592706,0.726612,0.177123,0.298936
0.863563,0.249561,0.364942;0.569786,0.743574,0.164735,0.308712
0.864487,0.252945,0.368638;0.545379,0.760331,0.151703,0.318504
0.865398,0.25595,0.372641;0.519443,0.776771,0.138023,0.328261
0.866288,0.258535,0.376935;0.491944,0.792775,0.123694,0.337932
0.86715,0.260658,0.381494;0.462852,0.808221,0.108717,0.347459
0.867973,0.26228,0.386288;0.432141,0.822978,0.0930975,0.356784
0.868725,0.263335,0.391125;0.400786,0.836507,0.0773391,0.365576
0.869423,0.263846,0.396111;0.367825,0.849152,0.0609676,0.374071
0.870055,0.263775,0.401192;0.333255,0.86077,0.0439991,0.382203
0.870594,0.263114,0.406161;0.298125,0.870939,0.0269566,0.389692
0.871049,0.261835,0.411104;0.261437,0.879875,0.00936561,0.396715
0.871397,0.259967,0.41581;0.224282,0.887241,-0.00824206,0.40303
0.871632,0.257529,0.420221;0.186728,0.893023,-0.025835,0.408625
0.871752,0.254537,0.424277;0.14884,0.897212,-0.0433819,0.413492
0.87175,0.251012,0.427917;0.110687,0.899799,-0.0608513,0.41762
0.871622,0.246971,0.431082;0.0723355,0.900781,-0.0782121,0.421004
0.871373,0.242569,0.433645;0.0349561,0.900195,-0.0949436,0.423571
0.87101,0.237862,0.435597;-0.00138092,0.898177,-0.11103,0.425381
0.870539,0.232906,0.436939;-0.0366152,0.894859,-0.126462,0.426491
0.869988,0.227921,0.437663;-0.0695988,0.890536,-0.140757,0.426954
0.869353,0.222801,0.437835;-0.101397,0.885246,-0.154402,0.42687
0.868668,0.217778,0.437499;-0.130891,0.879347,-0.166935,0.426321
0.867921,0.212715,0.436697;-0.159161,0.872783,-0.178837,0.425364
0.867154,0.207852,0.435517;-0.185119,0.865961,-0.189667,0.424109
0.866347,0.203026,0.433974;-0.209849,0.858741,-0.199897,0.422573
0.865509,0.198263,0.432103;-0.233353,0.851216,-0.209538,0.420799
0.864681,0.193767,0.430034;-0.238029,0.856802,-0.212927,0.404839
0.863832,0.189333,0.427729;-0.235481,0.867054,-0.213868,0.38344
0.862974,0.185006,0.425253;-0.232923,0.876379,-0.214652,0.362809
0.862115,0.180802,0.422656;-0.230374,0.884837,-0.215295,0.342985
0.861216,0.176522,0.419834;-0.227717,0.892878,-0.215837,0.322999
0.860326,0.172385,0.416953;-0.225093,0.900126,-0.216257,0.303872
0.85945,0.168407,0.414052;-0.222519,0.90664,-0.216571,0.285632
0.858543,0.164372,0.41099;-0.21986,0.912808,-0.216801,0.267283
0.857607,0.160284,0.407775;-0.217117,0.918627,-0.216949,0.248831
0.856694,0.156374,0.404603;-0.21445,0.923801,-0.217013,0.231318
0.855756,0.15242,0.401306;-0.211711,0.92866,-0.217002,0.213725
0.85485,0.14866,0.398094;-0.209066,0.932945,-0.216925,0.197101
0.853922,0.144863,0.394781;-0.206358,0.936948,-0.216782,0.180418
0.852971,0.14103,0.391371;-0.203589,0.940668,-0.216574,0.16368
0.851999,0.137164,0.38787;-0.200757,0.944104,-0.216301,0.146892
0.851069,0.133511,0.384508;-0.198048,0.947067,-0.215985,0.131114
0.85012,0.129831,0.381074;-0.195286,0.949779,-0.215612,0.1153
0.849154,0.126124,0.377572;-0.192472,0.952239,-0.215182,0.0994563
0.84817,0.122393,0.374005;-0.189608,0.954447,-0.214695,0.083586
0.847168,0.118639,0.370378;-0.186693,0.956401,-0.214151,0.0676935
0.846218,0.115115,0.366941;-0.183927,0.957996,-0.213592,0.0528443
0.845254,0.111572,0.363458;-0.181119,0.95937,-0.212983,0.0379829
0.844275,0.108012,0.359932;-0.17827,0.960522,-0.212326,0.0231127
0.843282,0.104436,0.356366;-0.175379,0.961453,-0.211619,0.00823711
0.842275,0.100844,0.352764;-0.172448,0.962161,-0.210864,-0.00664034
0.841255,0.0972379,0.349129;-0.169476,0.962647,-0.210059,-0.0215163
0.840221,0.0936182,0.345463;-0.166466,0.962911,-0.209207,-0.0363872
0.839175,0.0899861,0.34177;-0.163417,0.962952,-0.208305,-0.0512498
0.838115,0.0863424,0.338053;-0.160331,0.962771,-0.207356,-0.0661005
0.837044,0.0826882,0.334316;-0.157207,0.962368,-0.206359,-0.0809359
0.83596,0.0790244,0.330562;-0.154047,0.961742,-0.205314,-0.0957526
0.834863,0.0753521,0.326793;-0.150852,0.960894,-0.204222,-0.110547
0.833835,0.0719353,0.323283;-0.147853,0.959907,-0.203166,-0.124262
0.832797,0.0685127,0.319767;-0.144825,0.95873,-0.202069,-0.137953
0.831749,0.0650852,0.316246;-0.141768,0.957361,-0.200932,-0.151615
0.830692,0.0616534,0.312724;-0.138683,0.955802,-0.199754,-0.165248
0.829625,0.0582183,0.309202;-0.135571,0.954053,-0.198537,-0.178848
0.828549,0.0547806,0.305683;-0.132431,0.952113,-0.197281,-0.192412
0.827464,0.051341,0.30217;-0.129265,0.949984,-0.195985,-0.205938
0.826371,0.0479004,0.298666;-0.126073,0.947666,-0.19465,-0.219422
0.825269,0.0444595,0.295173;-0.122857,0.945159,-0.193277,-0.232864
0.824159,0.0410192,0.291693;-0.119615,0.942463,-0.191864,-0.246258
0.823041,0.0375802,0.288229;-0.11635,0.93958,-0.190414,-0.259604
0.821827,0.033879,0.28452;-0.112808,0.936266,-0.18881,-0.273918
0.820605,0.0301812,0.280836;-0.109239,0.932736,-0.187162,-0.288169
0.819375,0.0264878,0.27718;-0.105646,0.92899,-0.185471,-0.302354
0.818136,0.0227998,0.273554;-0.102028,0.925029,-0.183737,-0.316468
0.816889,0.0191182,0.269964;-0.0983866,0.920855,-0.18196,-0.33051
0.815634,0.0154439,0.266411;-0.0947223,0.916468,-0.180142,-0.344475
0.814371,0.0117779,0.262898;-0.0910362,0.911869,-0.178282,-0.35836
0.813101,0.00812119,0.25943;-0.0873291,0.90706,-0.17638,-0.372163
0.811825,0.00447479,0.256009;-0.0836018,0.902041,-0.174438,-0.38588
0.810541,0.000839647,0.252638;-0.0798552,0.896814,-0.172456,-0.399508
0.80925,-0.00278325,0.249321;-0.0760901,0.89138,-0.170434,-0.413043
0.807954,-0.00639293,0.246061;-0.0723075,0.885739,-0.168372,-0.426483
0.806558,-0.0102446,0.242635;-0.0682361,0.879469,-0.166121,-0.440774
0.805155,-0.0140789,0.239281;-0.0641467,0.872966,-0.163825,-0.454947
0.803746,-0.0178943,0.236004;-0.0600402,0.866231,-0.161485,-0.469001
0.802331,-0.0216899,0.232808;-0.0559178,0.859266,-0.159103,-0.482929
0.80091,-0.0254643,0.229696;-0.0517806,0.852074,-0.156678,-0.49673
0.799484,-0.0292164,0.226672;-0.0476297,0.844656,-0.154212,-0.510399
0.797957,-0.0331927,0.22355;-0.0431882,0.836496,-0.151537,-0.52483
0.796425,-0.0371407,0.220537;-0.0387336,0.828084,-0.148816,-0.539102
0.794887,-0.0410589,0.217639;-0.0342673,0.819422,-0.14605,-0.553212
0.793345,-0.044946,0.21486;-0.0297907,0.810512,-0.14324,-0.567155
0.791702,-0.0490403,0.212044;-0.0250245,0.800778,-0.140207,-0.581782
0.790055,-0.0530959,0.209374;-0.0202497,0.790772,-0.137126,-0.59621
0.788404,-0.0571112,0.206855;-0.0154681,0.780496,-0.133998,-0.610436
0.786652,-0.0613167,0.204361;-0.0103995,0.769325,-0.130637,-0.625272
0.784896,-0.0654729,0.202049;-0.00532687,0.757861,-0.127226,-0.639868
0.783041,-0.0698042,0.199816;2.96972e-05,0.745446,-0.123572,-0.655011
0.781182,-0.0740758,0.197802;0.00538625,0.732715,-0.119866,-0.669875
0.779224,-0.078505,0.195929;0.0110222,0.718976,-0.11591,-0.685213
0.777265,-0.0828624,0.194317;0.016653,0.704898,-0.1119,-0.700228
0.775016,-0.0877695,0.192802;0.0211251,0.694732,-0.107036,-0.710946
0.772934,-0.0922219,0.191716;0.0221514,0.695238,-0.102199,-0.711132
0.770438,-0.097435,0.190795;0.0233821,0.695822,-0.0963911,-0.711332
0.767948,-0.102493,0.190262;0.0246121,0.696381,-0.0905797,-0.711507
0.765466,-0.107383,0.190088;0.0258411,0.696916,-0.084765,-0.711657
0.762995,-0.11209,0.190243;0.0270692,0.697426,-0.0789473,-0.711781
0.760537,-0.116601,0.190698;0.0282964,0.697911,-0.0731268,-0.71188
0.75769,-0.121597,0.191568;0.0297268,0.698445,-0.066333,-0.711963
0.754868,-0.126285,0.19276;0.0311558,0.698945,-0.0595359,-0.712011
0.752077,-0.130643,0.194227;0.0325833,0.699412,-0.0527359,-0.712025
0.749319,-0.134648,0.195922;0.0340092,0.699844,-0.0459334,-0.712005
0.746215,-0.138766,0.198079;0.0356367,0.700297,-0.0381563,-0.711939
0.743166,-0.142362,0.200403;0.037262,0.700706,-0.0303769,-0.711829
0.739811,-0.145744,0.203131;0.0390877,0.701112,-0.0216227,-0.71165
0.736543,-0.148377,0.205883;0.0409102,0.701463,-0.0128669,-0.711415
0.733024,-0.150367,0.20885;0.0429313,0.701786,-0.00313692,-0.711086
0.728975,-0.151369,0.212096;0.0453511,0.702082,0.00853934,-0.710599
0.724824,-0.150625,0.214969;0.0479652,0.70229,0.0211872,-0.709957
0.720944,-0.147842,0.216881;0.0505712,0.702381,0.0338315,-0.709196
0.717892,-0.143789,0.217527;0.0527698,0.702365,0.0445262,-0.70846
0.715563,-0.139252,0.217257;0.0545639,0.70229,0.0532725,-0.707794
0.713629,-0.134256,0.216329;0.056155,0.702177,0.0610434,-0.707155
0.712046,-0.129114,0.214928;0.0575443,0.70204,0.0678398,-0.706559
0.710774,-0.124117,0.213253;0.058733,0.701897,0.0736627,-0.706021
0.709776,-0.119526,0.211499;0.0597219,0.701758,0.0785131,-0.705553
0.708836,-0.114538,0.209403;0.0607093,0.701601,0.0833616,-0.705068
0.707954,-0.109146,0.206946;0.0616953,0.701428,0.088208,-0.704565
0.707292,-0.104536,0.204711;0.0624829,0.701276,0.0920835,-0.704151
0.70667,-0.0996574,0.202225;0.0632696,0.701114,0.0959576,-0.703725
0.706089,-0.0945069,0.199481;0.0640552,0.70094,0.0998302,-0.703288
0.705548,-0.08908,0.19647;0.0648399,0.700755,0.103701,-0.70284
0.705049,-0.0833728,0.193182;0.0656235,0.70056,0.107571,-0.70238
0.704703,-0.0789059,0.19053;0.0662105,0.700406,0.110471,-0.702029
0.704381,-0.0742772,0.187715;0.066797,0.700245,0.113371,-0.701671
0.704084,-0.069485,0.184731;0.0673828,0.700079,0.11627,-0.701307
0.703812,-0.0645276,0.181577;0.0679681,0.699906,0.119168,-0.700936
0.703565,-0.0594032,0.178247;0.0685527,0.699727,0.122065,-0.700559
0.703344,-0.05411,0.174739;0.0691367,0.699541,0.124961,-0.700176
0.703148,-0.0486464,0.171049;0.0697202,0.69935,0.127855,-0.699787
0.702979,-0.0430107,0.167173;0.070303,0.699152,0.130749,-0.699392
0.702836,-0.037201,0.163108;0.0708851,0.698948,0.133641,-0.69899
0.702721,-0.0312157,0.158849;0.0714667,0.698738,0.136532,-0.698582
0.702659,-0.027127,0.1559;0.071854,0.698594,0.138459,-0.698307
0.702609,-0.022959,0.152863;0.0722411,0.698448,0.140385,-0.698029
0.702571,-0.0187112,0.149737;0.0726278,0.698299,0.142311,-0.697748
0.702546,-0.0143829,0.146519;0.0730143,0.698147,0.144236,-0.697464
0.702533,-0.00997381,0.14321;0.0734005,0.697992,0.14616,-0.697178
0.702533,-0.00548327,0.139807;0.0737864,0.697834,0.148084,-0.696889
0.702545,-0.000910822,0.136311;0.074172,0.697674,0.150008,-0.696597
0.702571,0.00374406,0.13272;0.0745573,0.697511,0.15193,-0.696302
0.702609,0.00848189,0.129032;0.0749423,0.697346,0.153852,-0.696004
