0.829456,0.217611,0.192144;0.0274651,0.780977,-0.237901,-0.576822
0.828704,0.211568,0.191811;0.0285733,0.781055,-0.236376,-0.577289
0.827956,0.205559,0.191478;0.0296814,0.78113,-0.234851,-0.577754
0.82721,0.199583,0.191147;0.0307893,0.781202,-0.233325,-0.578217
0.826466,0.19364,0.190817;0.0318972,0.781271,-0.231798,-0.578677
0.825726,0.18773,0.190488;0.0330049,0.781337,-0.23027,-0.579136
0.824987,0.181853,0.19016;0.0341125,0.781401,-0.228741,-0.579592
0.824252,0.17601,0.189833;0.03522,0.781461,-0.227212,-0.580046
0.823519,0.170199,0.189507;0.0363273,0.781518,-0.225681,-0.580498
0.822789,0.164421,0.189182;0.0374345,0.781572,-0.22415,-0.580948
0.822061,0.158676,0.188859;0.0385416,0.781624,-0.222618,-0.581395
0.821336,0.152964,0.188536;0.0396485,0.781672,-0.221085,-0.58184
0.820614,0.147284,0.188214;0.0407553,0.781717,-0.219551,-0.582284
0.819894,0.141637,0.187893;0.0418619,0.78176,-0.218016,-0.582724
0.819177,0.136022,0.187574;0.0429683,0.781799,-0.216481,-0.583163
0.818462,0.13044,0.187255;0.0440746,0.781836,-0.214945,-0.5836
0.81775,0.124891,0.186938;0.0451807,0.78187,-0.213408,-0.584034
0.817041,0.119373,0.186621;0.0462867,0.7819,-0.21187,-0.584466
0.816334,0.113888,0.186306;0.0473925,0.781928,-0.210331,-0.584896
0.81563,0.108435,0.185992;0.0484981,0.781953,-0.208791,-0.585324
0.814928,0.103014,0.185678;0.0496035,0.781975,-0.207251,-0.585749
0.814229,0.0976256,0.185366;0.0507087,0.781994,-0.20571,-0.586172
0.813533,0.0922688,0.185055;0.0518137,0.782009,-0.204168,-0.586593
0.812839,0.086944,0.184744;0.0529186,0.782022,-0.202625,-0.587012
0.812147,0.0816509,0.184435;0.0540232,0.782032,-0.201082,-0.587429
0.811458,0.0763896,0.184127;0.0551277,0.78204,-0.199538,-0.587843
0.810772,0.07116,0.18382;0.0562319,0.782044,-0.197993,-0.588255
0.810088,0.065962,0.183514;0.0573359,0.782045,-0.196447,-0.588665
0.809407,0.0607956,0.183209;0.0584397,0.782043,-0.194901,-0.589073
0.808728,0.0556607,0.182904;0.0595433,0.782038,-0.193354,-0.589479
0.808052,0.0505572,0.182601;0.0606467,0.782031,-0.191806,-0.589882
0.807379,0.0454851,0.182299;0.0617498,0.78202,-0.190257,-0.590283
0.806708,0.0404442,0.181998;0.0628527,0.782006,-0.188708,-0.590682
0.806039,0.0354345,0.181698;0.0639553,0.78199,-0.187158,-0.591078
0.805373,0.030456,0.1814;0.0650578,0.78197,-0.185607,-0.591473
0.804709,0.0255086,0.181102;0.0661599,0.781948,-0.184056,-0.591865
0.803719,0.0181455,0.180657;0.0678127,0.781908,-0.181727,-0.592449
0.802734,0.010852,0.180214;0.0694649,0.781863,-0.179397,-0.593028
0.801754,0.00362774,0.179774;0.0711165,0.78181,-0.177066,-0.593602
0.800781,-0.00352744,0.179336;0.0727675,0.781751,-0.174733,-0.594171
0.799812,-0.0106138,0.1789;0.0744179,0.781685,-0.172398,-0.594735
0.79885,-0.0176316,0.178466;0.0760677,0.781613,-0.170063,-0.595293
0.797893,-0.024581,0.178035;0.0777168,0.781534,-0.167725,-0.595847
0.796941,-0.0314623,0.177606;0.0793653,0.781448,-0.165386,-0.596396
0.795995,-0.0382757,0.177179;0.0810131,0.781355,-0.163046,-0.596939
0.795055,-0.0450214,0.176755;0.0826602,0.781256,-0.160704,-0.597478
0.79412,-0.0516998,0.176332;0.0843065,0.781151,-0.158361,-0.598011
0.79319,-0.0583109,0.175912;0.0859522,0.781038,-0.156017,-0.59854
0.792266,-0.0648551,0.175495;0.0875972,0.78092,-0.153671,-0.599063
0.791348,-0.0713326,0.175079;0.0892414,0.780794,-0.151324,-0.599581
0.790434,-0.0777436,0.174666;0.0908848,0.780662,-0.148976,-0.600094
0.789527,-0.0840883,0.174255;0.0925275,0.780523,-0.146627,-0.600602
0.788624,-0.090367,0.173846;0.0941694,0.780378,-0.144276,-0.601105
0.787727,-0.09658,0.17344;0.0958105,0.780225,-0.141924,-0.601603
0.786836,-0.102727,0.173035;0.0974507,0.780067,-0.139571,-0.602096
0.78595,-0.108809,0.172633;0.0990902,0.779901,-0.137216,-0.602583
0.785069,-0.114826,0.172233;0.100729,0.779729,-0.134861,-0.603066
0.784193,-0.120779,0.171836;0.102367,0.779551,-0.132504,-0.603543
0.783323,-0.126666,0.17144;0.104003,0.779366,-0.130146,-0.604015
0.782458,-0.132489,0.171047;0.105639,0.779174,-0.127787,-0.604482
0.781599,-0.138248,0.170656;0.107274,0.778975,-0.125427,-0.604944
0.780744,-0.143943,0.170267;0.108909,0.77877,-0.123066,-0.605401
0.779895,-0.149575,0.169881;0.110542,0.778559,-0.120704,-0.605853
0.779052,-0.155143,0.169496;0.112174,0.77834,-0.118341,-0.606299
0.778213,-0.160648,0.169114;0.113806,0.778115,-0.115977,-0.606741
0.77738,-0.166089,0.168734;0.115436,0.777884,-0.113612,-0.607177
0.776552,-0.171468,0.168356;0.117065,0.777646,-0.111246,-0.607608
0.775729,-0.176785,0.16798;0.118694,0.777401,-0.108879,-0.608034
0.774911,-0.182039,0.167607;0.120321,0.77715,-0.106511,-0.608454
0.774098,-0.187231,0.167235;0.121948,0.776892,-0.104142,-0.60887
0.773291,-0.192362,0.166866;0.123573,0.776627,-0.101772,-0.60928
0.772488,-0.197431,0.166499;0.125197,0.776356,-0.0994014,-0.609685
0.771691,-0.202438,0.166134;0.126821,0.776078,-0.0970299,-0.610085
0.770899,-0.207385,0.165771;0.128443,0.775794,-0.0946577,-0.61048
0.769851,-0.213885,0.165291;0.130604,0.775405,-0.0914933,-0.610999
0.768812,-0.220278,0.164814;0.132763,0.775003,-0.0883277,-0.611508
0.767781,-0.226564,0.164342;0.13492,0.774591,-0.0851606,-0.612008
0.76676,-0.232743,0.163873;0.137076,0.774166,-0.0819923,-0.612498
0.765748,-0.238816,0.163408;0.139229,0.77373,-0.0788228,-0.61298
0.764744,-0.244784,0.162946;0.14138,0.773282,-0.075652,-0.613452
0.76375,-0.250647,0.162489;0.143528,0.772823,-0.0724802,-0.613915
0.762764,-0.256406,0.162035;0.145675,0.772351,-0.0693072,-0.614368
0.761787,-0.26206,0.161585;0.14782,0.771869,-0.0661332,-0.614813
0.760818,-0.267612,0.161138;0.149962,0.771374,-0.0629582,-0.615248
0.759859,-0.273061,0.160696;0.152102,0.770868,-0.0597822,-0.615674
0.758908,-0.278408,0.160257;0.15424,0.77035,-0.0566053,-0.61609
0.757965,-0.283653,0.159821;0.156375,0.76982,-0.0534276,-0.616497
0.757032,-0.288797,0.15939;0.158508,0.769279,-0.050249,-0.616895
0.756106,-0.293841,0.158962;0.160639,0.768727,-0.0470698,-0.617284
0.75519,-0.298784,0.158538;0.162767,0.768162,-0.0438898,-0.617663
0.754056,-0.304825,0.158013;0.165424,0.767441,-0.0399138,-0.618124
0.752935,-0.310711,0.157494;0.168076,0.766701,-0.0359369,-0.61857
0.751828,-0.316444,0.15698;0.170725,0.765943,-0.0319592,-0.619002
0.750733,-0.322025,0.156472;0.17337,0.765167,-0.0279807,-0.619419
0.749652,-0.327455,0.15597;0.176011,0.764373,-0.0240016,-0.619821
0.748583,-0.332735,0.155473;0.178648,0.763561,-0.0200219,-0.620209
0.747528,-0.337866,0.154982;0.18128,0.762731,-0.0160417,-0.620582
0.746485,-0.34285,0.154497;0.183908,0.761882,-0.0120612,-0.620941
0.74525,-0.348638,0.153922;0.187056,0.760841,-0.00728414,-0.621352
0.744034,-0.354216,0.153355;0.190198,0.759774,-0.00250685,-0.621741
0.742835,-0.359586,0.152796;0.193333,0.758681,0.00227051,-0.62211
0.741655,-0.364752,0.152245;0.196462,0.757562,0.0070478,-0.622458
0.740493,-0.369714,0.151702;0.199584,0.756417,0.0118249,-0.622784
0.739159,-0.375247,0.151078;0.203217,0.755049,0.0173976,-0.623138
0.737849,-0.38051,0.150465;0.206842,0.753646,0.0229695,-0.623463
0.736563,-0.385504,0.149863;0.210456,0.752208,0.0285403,-0.62376
0.735123,-0.390886,0.149187;0.214576,0.750523,0.0349053,-0.624063
0.733713,-0.395925,0.148526;0.218682,0.748792,0.0412683,-0.624329
0.732162,-0.401191,0.147798;0.223286,0.74679,0.0484236,-0.624583
0.73065,-0.406035,0.147087;0.227872,0.744731,0.0555752,-0.624789
0.729014,-0.410931,0.146318;0.232948,0.742377,0.0635164,-0.624961
0.727267,-0.415734,0.145495;0.238506,0.739707,0.0722447,-0.625084
0.725273,-0.42064,0.144556;0.245039,0.736442,0.0825494,-0.625136
0.723065,-0.425288,0.143516;0.252529,0.732529,0.0944229,-0.625072
0.720546,-0.429471,0.142328;0.261446,0.727628,0.108644,-0.62482
0.717151,-0.432927,0.140728;0.274184,0.720156,0.129127,-0.624119
0.7128,-0.432845,0.138682;0.292008,0.708732,0.15813,-0.622436
0.709767,-0.42893,0.137263;0.305715,0.699137,0.18072,-0.620553
0.707862,-0.424381,0.136377;0.315028,0.692196,0.196218,-0.618968
0.706358,-0.419387,0.135682;0.32285,0.68609,0.209333,-0.617437
0.705197,-0.414528,0.13515;0.329226,0.680921,0.22009,-0.616049
0.704181,-0.409435,0.134688;0.335092,0.676009,0.230043,-0.614659
0.703295,-0.404254,0.134288;0.340459,0.671379,0.239198,-0.613288
0.702525,-0.399114,0.133944;0.345338,0.667054,0.247561,-0.611959
0.70186,-0.394126,0.13365;0.34974,0.663057,0.25514,-0.61069
0.701227,-0.388847,0.133373;0.354108,0.658997,0.262694,-0.609363
0.700685,-0.383855,0.133139;0.358011,0.655289,0.269472,-0.608119
0.700169,-0.37864,0.132919;0.361887,0.651532,0.276229,-0.606829
0.699678,-0.373209,0.132712;0.365735,0.647725,0.282965,-0.605493
0.699262,-0.368206,0.132541;0.369132,0.644299,0.288935,-0.604266
0.698866,-0.363041,0.132379;0.372507,0.640834,0.294887,-0.603003
0.698488,-0.35772,0.132229;0.375859,0.637331,0.300821,-0.601703
0.69813,-0.352246,0.132089;0.379188,0.633789,0.306737,-0.600367
0.69779,-0.346624,0.13196;0.382495,0.630208,0.312634,-0.598995
0.697507,-0.341587,0.131856;0.385369,0.627045,0.317779,-0.597764
0.697238,-0.336443,0.131759;0.388226,0.623852,0.322909,-0.596506
0.696983,-0.331195,0.131671;0.391064,0.62063,0.328025,-0.59522
0.696741,-0.325847,0.13159;0.393885,0.617379,0.333125,-0.593907
0.696512,-0.3204,0.131517;0.396687,0.6141,0.338209,-0.592566
0.696296,-0.314858,0.131452;0.399471,0.610793,0.343278,-0.591198
0.696093,-0.309225,0.131395;0.402236,0.607457,0.348331,-0.589803
0.695903,-0.303502,0.131345;0.404983,0.604093,0.353368,-0.58838
0.695725,-0.297693,0.131303;0.407711,0.600701,0.358389,-0.58693
0.695583,-0.292648,0.131273;0.410035,0.597772,0.362679,-0.585666
0.695449,-0.287543,0.131249;0.412344,0.594822,0.366957,-0.584381
0.695324,-0.282382,0.13123;0.414639,0.591853,0.371222,-0.583077
0.695208,-0.277164,0.131216;0.416921,0.588863,0.375475,-0.581753
0.6951,-0.271894,0.131209;0.419188,0.585853,0.379715,-0.580409
0.695001,-0.266571,0.131206;0.421441,0.582823,0.383942,-0.579046
0.69491,-0.261199,0.131209;0.423679,0.579773,0.388156,-0.577662
0.694827,-0.255778,0.131217;0.425904,0.576703,0.392357,-0.57626
0.694752,-0.250312,0.131231;0.428113,0.573614,0.396545,-0.574837
0.694685,-0.244801,0.131249;0.430308,0.570506,0.400719,-0.573395
0.694627,-0.239248,0.131273;0.432489,0.567378,0.404879,-0.571934
0.694575,-0.233655,0.131303;0.434655,0.564231,0.409026,-0.570453
0.694533,-0.228232,0.131336;0.435138,0.563313,0.412146,-0.568744
0.694501,-0.223148,0.131371;0.429893,0.570025,0.411962,-0.566172
0.694474,-0.218034,0.13141;0.424615,0.576692,0.411746,-0.563555
0.694453,-0.212892,0.131454;0.419303,0.583313,0.411496,-0.560894
0.694438,-0.207722,0.131502;0.413958,0.589888,0.411215,-0.558188
0.694429,-0.202525,0.131554;0.40858,0.596416,0.4109,-0.555438
0.694425,-0.197302,0.13161;0.40317,0.602897,0.410553,-0.552644
0.694428,-0.192053,0.13167;0.397727,0.60933,0.410174,-0.549807
0.694436,-0.186778,0.131734;0.392254,0.615715,0.409762,-0.546925
0.694449,-0.181479,0.131803;0.386749,0.622051,0.409318,-0.544001
0.694469,-0.176157,0.131875;0.381213,0.628338,0.408841,-0.541033
0.694494,-0.170811,0.131952;0.375648,0.634575,0.408332,-0.538022
0.694524,-0.165442,0.132033;0.370052,0.640762,0.40779,-0.534969
0.69456,-0.160052,0.132118;0.364428,0.646899,0.407216,-0.531874
0.694601,-0.154641,0.132208;0.358774,0.652983,0.40661,-0.528736
0.694648,-0.149209,0.132301;0.353092,0.659017,0.405972,-0.525557
0.694699,-0.143758,0.132399;0.347382,0.664998,0.405302,-0.522335
0.694757,-0.138287,0.1325;0.341645,0.670926,0.404599,-0.519073
0.694819,-0.132797,0.132606;0.33588,0.676801,0.403865,-0.515769
0.694886,-0.12729,0.132716;0.330089,0.682623,0.403098,-0.512425
0.694959,-0.121766,0.13283;0.324272,0.68839,0.4023,-0.50904
0.695036,-0.116225,0.132949;0.318429,0.694104,0.401469,-0.505614
0.695119,-0.110669,0.133071;0.312561,0.699762,0.400607,-0.502149
0.695206,-0.105097,0.133198;0.306668,0.705364,0.399713,-0.498644
0.695298,-0.0995105,0.133328;0.300751,0.710911,0.398788,-0.495099
0.695396,-0.0939103,0.133463;0.29481,0.716401,0.397831,-0.491515
0.695497,-0.088297,0.133602;0.288845,0.721835,0.396842,-0.487892
0.695592,-0.0832968,0.133729;0.283524,0.726617,0.395937,-0.484639
0.69569,-0.0782872,0.133859;0.278186,0.731354,0.395007,-0.481356
0.695792,-0.0732687,0.133993;0.27283,0.736044,0.394052,-0.478043
0.695898,-0.0682416,0.134129;0.267457,0.740689,0.393073,-0.4747
0.696007,-0.0632066,0.134269;0.262067,0.745288,0.392069,-0.471327
0.69612,-0.058164,0.134413;0.25666,0.749839,0.391041,-0.467925
0.696236,-0.0531143,0.134559;0.251238,0.754344,0.389988,-0.464493
0.696356,-0.048058,0.134709;0.2458,0.758802,0.38891,-0.461033
0.696479,-0.0429955,0.134862;0.240347,0.763212,0.387809,-0.457543
0.696605,-0.0379274,0.135018;0.234878,0.767574,0.386683,-0.454025
0.696735,-0.032854,0.135178;0.229395,0.771888,0.385533,-0.450479
0.696868,-0.0277759,0.135341;0.223898,0.776154,0.384358,-0.446904
0.697005,-0.0226935,0.135507;0.218386,0.780372,0.38316,-0.443301
0.697145,-0.0176073,0.135676;0.212861,0.78454,0.381938,-0.439671
0.697288,-0.0125177,0.135849;0.207322,0.78866,0.380692,-0.436013
0.697434,-0.00742521,0.136024;0.201771,0.79273,0.379422,-0.432327
0.697584,-0.00233033,0.136203;0.196207,0.79675,0.378128,-0.428615
0.697736,0.00276651,0.136386;0.19063,0.800721,0.376811,-0.424876
0.697892,0.00786483,0.136571;0.185042,0.804642,0.37547,-0.42111
0.698051,0.0129642,0.13676;0.179442,0.808512,0.374105,-0.417318
0.698212,0.0180641,0.136952;0.173831,0.812332,0.372717,-0.4135
0.698377,0.023164,0.137147;0.168209,0.8161,0.371306,-0.409656
0.698545,0.0282636,0.137346;0.162577,0.819818,0.369871,-0.405786
0.698715,0.0333624,0.137547;0.156934,0.823484,0.368414,-0.401891
0.698889,0.0384598,0.137752;0.151281,0.827099,0.366933,-0.397971
0.699065,0.0435555,0.13796;0.145619,0.830662,0.36543,-0.394026
0.699244,0.0486489,0.138172;0.139948,0.834173,0.363903,-0.390056
0.699426,0.0537395,0.138386;0.134268,0.837632,0.362354,-0.386062
0.69961,0.058827,0.138604;0.12858,0.841039,0.360782,-0.382043
0.699797,0.0639109,0.138825;0.122884,0.844393,0.359187,-0.378001
0.699987,0.0689906,0.13905;0.11718,0.847694,0.35757,-0.373935
0.70018,0.0740658,0.139277;0.111469,0.850942,0.355931,-0.369846
0.700375,0.0791359,0.139508;0.10575,0.854137,0.354269,-0.365733
0.700573,0.0842004,0.139742;0.100025,0.857278,0.352586,-0.361598
0.700773,0.089259,0.139979;0.0942941,0.860366,0.35088,-0.35744
0.700975,0.0943112,0.14022;0.0885571,0.863399,0.349152,-0.353259
0.701181,0.0993564,0.140463;0.0828144,0.866379,0.347402,-0.349057
0.701388,0.104394,0.14071;0.0770666,0.869305,0.345631,-0.344833
0.701598,0.109424,0.14096;0.071314,0.872176,0.343838,-0.340587
0.70181,0.114446,0.141214;0.0655569,0.874992,0.342023,-0.33632
0.702025,0.119459,0.14147;0.0597957,0.877754,0.340187,-0.332031
0.702241,0.124462,0.14173;0.0540308,0.880461,0.33833,-0.327722
0.70246,0.129456,0.141993;0.0482625,0.883113,0.336451,-0.323393
0.702709,0.135062,0.142293;0.0417695,0.88603,0.334313,-0.318498
0.702961,0.140655,0.142597;0.0352732,0.888877,0.332148,-0.313578
0.703215,0.146233,0.142904;0.0287742,0.891654,0.329957,-0.308633
0.703472,0.151796,0.143216;0.0222729,0.89436,0.32774,-0.303663
0.703732,0.157344,0.143532;0.0157698,0.896995,0.325496,-0.29867
0.703994,0.162875,0.143852;0.00926542,0.899559,0.323227,-0.293653
0.704259,0.16839,0.144176;0.00276034,0.902052,0.320933,-0.288612
0.704526,0.173887,0.144504;-0.00374496,0.904473,0.318613,-0.283549
0.704795,0.179366,0.144837;-0.01025,0.906823,0.316267,-0.278463
0.705066,0.184826,0.145173;-0.0167541,0.909101,0.313897,-0.273356
0.70534,0.190267,0.145513;-0.023257,0.911307,0.311502,-0.268226
0.705616,0.195687,0.145858;-0.029758,0.913441,0.309082,-0.263076
0.705895,0.201086,0.146206;-0.0362567,0.915502,0.306638,-0.257904
0.706175,0.206464,0.146558;-0.0427525,0.917491,0.304169,-0.252712
0.706457,0.21182,0.146915;-0.0492449,0.919407,0.301676,-0.2475
0.706742,0.217153,0.147275;-0.0557334,0.921251,0.29916,-0.242269
0.707028,0.222462,0.14764;-0.0622175,0.923021,0.296619,-0.237018
0.707317,0.227747,0.148009;-0.0686966,0.924719,0.294055,-0.231749
0.707607,0.233007,0.148381;-0.0751704,0.926343,0.291468,-0.226461
0.707899,0.238242,0.148758;-0.0816381,0.927894,0.288858,-0.221155
0.708192,0.243451,0.149139;-0.0880994,0.929371,0.286225,-0.215832
0.708488,0.248632,0.149524;-0.0945538,0.930775,0.283569,-0.210491
0.708785,0.253786,0.149912;-0.101001,0.932105,0.280891,-0.205134
0.709083,0.258912,0.150305;-0.107439,0.933361,0.278191,-0.199761
0.709384,0.26401,0.150702;-0.11387,0.934543,0.275468,-0.194372
0.709685,0.269077,0.151103;-0.120291,0.935651,0.272724,-0.188967
0.709988,0.274115,0.151508;-0.126703,0.936685,0.269958,-0.183548
0.710293,0.279121,0.151917;-0.133105,0.937645,0.267171,-0.178114
0.710599,0.284096,0.15233;-0.139496,0.938531,0.264362,-0.172666
0.71094,0.289587,0.152794;-0.146584,0.939428,0.261217,-0.166596
0.711283,0.295036,0.153262;-0.153658,0.940233,0.258047,-0.16051
0.711627,0.300444,0.153736;-0.160717,0.940946,0.254851,-0.154409
0.711973,0.30581,0.154214;-0.16776,0.941567,0.25163,-0.148292
0.71232,0.311132,0.154697;-0.174787,0.942096,0.248385,-0.142161
0.712668,0.31641,0.155186;-0.181797,0.942533,0.245115,-0.136016
0.713018,0.321643,0.155679;-0.188789,0.942878,0.241821,-0.129858
0.713368,0.326829,0.156177;-0.195763,0.94313,0.238504,-0.123687
0.71372,0.331969,0.156681;-0.202717,0.94329,0.235164,-0.117504
0.714072,0.337061,0.157189;-0.209652,0.943358,0.2318,-0.111309
0.714426,0.342103,0.157702;-0.216566,0.943334,0.228414,-0.105104
0.71478,0.347097,0.15822;-0.223459,0.943218,0.225005,-0.098888
0.71517,0.35253,0.158796;-0.231016,0.942983,0.221231,-0.0920396
0.715562,0.357902,0.159377;-0.238545,0.942637,0.21743,-0.0851803
0.715954,0.36321,0.159965;-0.246047,0.94218,0.213603,-0.0783109
0.716346,0.368452,0.160558;-0.253519,0.94161,0.209751,-0.0714322
0.71674,0.373629,0.161158;-0.260961,0.94093,0.205874,-0.0645451
0.717133,0.378738,0.161763;-0.268373,0.940138,0.201973,-0.0576503
0.717527,0.383779,0.162375;-0.275752,0.939235,0.198048,-0.0507487
0.717921,0.38875,0.162992;-0.283099,0.938221,0.194099,-0.0438411
0.718352,0.394091,0.163672;-0.291076,0.936988,0.189766,-0.0362997
0.718782,0.399347,0.16436;-0.299012,0.935623,0.185405,-0.0287531
0.719212,0.404515,0.165054;-0.306905,0.934126,0.181019,-0.0212026
0.719642,0.409594,0.165756;-0.314756,0.932498,0.176607,-0.013649
0.720072,0.414582,0.166464;-0.322562,0.930738,0.17217,-0.00609347
0.720537,0.419881,0.16724;-0.330967,0.928684,0.167337,0.0020926
0.721002,0.42507,0.168024;-0.339318,0.926477,0.162475,0.0102783
0.721466,0.430147,0.168816;-0.347613,0.924116,0.157587,0.0184623
0.721928,0.435109,0.169616;-0.35585,0.921603,0.152672,0.0266433
0.722426,0.440323,0.170488;-0.364655,0.918726,0.147352,0.0354486
0.722921,0.445399,0.171368;-0.37339,0.915673,0.142003,0.0442471
0.723415,0.450335,0.172259;-0.382053,0.912445,0.136627,0.0530372
0.723943,0.455465,0.173224;-0.391254,0.908792,0.130838,0.0624437
0.724467,0.460429,0.174199;-0.400369,0.904939,0.12502,0.0718366
0.725024,0.465536,0.175252;-0.409995,0.900609,0.118784,0.0818381
0.725578,0.470447,0.176317;-0.419517,0.896055,0.112518,0.0918192
0.726163,0.475444,0.177463;-0.42952,0.89097,0.10583,0.102399
0.726777,0.480484,0.178691;-0.439979,0.885311,0.0987156,0.113569
0.727419,0.485516,0.180005;-0.450868,0.879034,0.0911723,0.125321
0.728089,0.490489,0.181407;-0.462158,0.872091,0.0831973,0.137644
0.728783,0.495344,0.1829;-0.473818,0.864434,0.0747886,0.150524
0.729534,0.50022,0.184559;-0.486353,0.85562,0.0655422,0.164557
0.730336,0.504985,0.186392;-0.499693,0.845538,0.0554534,0.179713
0.73119,0.509509,0.188413;-0.512647,0.837802,0.0579823,0.17866
0.732135,0.513837,0.190742;-0.526796,0.829795,0.0646606,0.172468
0.73322,0.517881,0.193527;-0.543207,0.820007,0.0724886,0.165108
0.734533,0.521405,0.197066;-0.563353,0.807218,0.082224,0.155796
0.73605,0.523506,0.201371;-0.586968,0.791072,0.0938245,0.144468
0.737648,0.523302,0.206146;-0.612211,0.772324,0.106467,0.131827
0.739039,0.520993,0.210489;-0.634464,0.754403,0.11784,0.120185
0.740154,0.517634,0.214088;-0.652486,0.738845,0.127221,0.110384
0.741105,0.513674,0.217224;-0.66794,0.724695,0.135397,0.10169
0.741945,0.509308,0.220039;-0.681653,0.711465,0.142762,0.0937345
0.742682,0.504794,0.222536;-0.693714,0.699266,0.149332,0.0865364
0.743362,0.500052,0.224855;-0.704857,0.687494,0.155483,0.0797071
0.743949,0.495504,0.226866;-0.714487,0.676909,0.160866,0.0736583
0.744525,0.490634,0.22884;-0.723923,0.66614,0.166206,0.0675895
0.745052,0.485814,0.230645;-0.732553,0.655928,0.171149,0.0619088
0.745533,0.481116,0.232287;-0.740413,0.646306,0.175702,0.0566207
0.746006,0.476214,0.233892;-0.748122,0.636553,0.180221,0.0513212
0.746472,0.471122,0.235458;-0.75568,0.626671,0.184702,0.0460113
0.746895,0.466264,0.236868;-0.76252,0.617436,0.188806,0.0411015
0.747312,0.461262,0.238241;-0.769228,0.608094,0.192877,0.0361845
0.747723,0.456128,0.239574;-0.775802,0.598647,0.196914,0.0312614
0.748128,0.45087,0.240867;-0.782243,0.589096,0.200918,0.0263328
0.748495,0.445951,0.242014;-0.788028,0.580252,0.204557,0.0218109
0.748856,0.440943,0.243123;-0.793699,0.571323,0.208167,0.0172858
0.749214,0.435854,0.244194;-0.799254,0.562312,0.211746,0.0127582
0.749567,0.430691,0.245224;-0.804693,0.553218,0.215294,0.0082288
0.749915,0.425462,0.246211;-0.810015,0.544044,0.218812,0.00369817
0.75026,0.420174,0.247156;-0.815219,0.534791,0.222297,-0.000833002
0.7506,0.414834,0.248054;-0.820304,0.525461,0.22575,-0.00536405
0.750937,0.409451,0.248906;-0.825271,0.516053,0.22917,-0.00989432
0.75127,0.40403,0.24971;-0.830117,0.506571,0.232557,-0.0144231
0.751569,0.399076,0.250398;-0.834418,0.497887,0.235607,-0.0185385
0.751866,0.394103,0.251044;-0.838619,0.489143,0.238629,-0.0226515
0.75216,0.389117,0.251646;-0.842719,0.480341,0.241621,-0.0267619
0.752451,0.384123,0.252203;-0.846718,0.47148,0.244585,-0.0308691
0.75274,0.379127,0.252715;-0.850615,0.462563,0.247519,-0.0349725
0.753026,0.374134,0.25318;-0.85441,0.453591,0.250424,-0.0390717
0.75331,0.36915,0.253597;-0.858103,0.444563,0.253299,-0.0431663
0.75362,0.363683,0.253999;-0.862045,0.434572,0.256425,-0.0476643
0.753927,0.358242,0.25434;-0.865862,0.424517,0.259515,-0.0521553
0.754232,0.352832,0.254619;-0.869553,0.414401,0.262567,-0.0566388
0.754534,0.347461,0.254834;-0.873118,0.404224,0.26558,-0.0611141
0.754834,0.342137,0.254983;-0.876556,0.393989,0.268555,-0.0655804
0.755132,0.336867,0.255065;-0.879866,0.383696,0.271491,-0.0700372
0.755428,0.331658,0.255079;-0.883049,0.373348,0.274388,-0.0744839
0.755722,0.326518,0.255023;-0.886103,0.362945,0.277244,-0.0789197
0.756014,0.321454,0.254895;-0.889028,0.35249,0.280061,-0.083344
0.756332,0.316024,0.254672;-0.892072,0.341025,0.283087,-0.0881567
0.756647,0.310704,0.25436;-0.894961,0.329502,0.286063,-0.0929542
0.756961,0.305501,0.253958;-0.897696,0.317921,0.288991,-0.0977356
0.757274,0.300427,0.253462;-0.900275,0.306286,0.291868,-0.1025
0.757611,0.295084,0.252819;-0.902894,0.293621,0.294928,-0.107642
0.757948,0.289915,0.252061;-0.905329,0.280897,0.297929,-0.112761
0.758283,0.284931,0.251187;-0.90758,0.268115,0.300869,-0.117858
0.758644,0.279785,0.250113;-0.909799,0.25429,0.303966,-0.12332
0.759024,0.274608,0.248823;-0.912173,0.240621,0.305972,-0.128156
0.759416,0.269563,0.247325;-0.91728,0.237636,0.294891,-0.12315
0.759807,0.264813,0.245665;-0.92222,0.234608,0.283756,-0.118122
0.760228,0.25999,0.243694;-0.927381,0.231279,0.271635,-0.11265
0.760644,0.255487,0.241555;-0.932343,0.2279,0.259455,-0.107154
0.761086,0.250979,0.239075;-0.937463,0.224206,0.246277,-0.10121
0.76155,0.246523,0.236232;-0.942689,0.220187,0.232089,-0.0948126
0.762003,0.242431,0.233214;-0.947647,0.216105,0.217835,-0.0883886
0.762471,0.238444,0.229819;-0.952636,0.211683,0.202562,-0.0815085
0.762921,0.234821,0.226266;-0.957316,0.207192,0.187223,-0.0746019
0.763377,0.231339,0.222339;-0.961947,0.202346,0.170859,-0.0672371
0.763808,0.228205,0.218282;-0.966225,0.197427,0.154433,-0.0598477
0.764209,0.225387,0.214119;-0.970149,0.192434,0.137949,-0.0524362
0.764599,0.222712,0.209624;-0.973916,0.187072,0.120441,-0.044568
0.764951,0.220316,0.205069;-0.977282,0.181632,0.102884,-0.0366813
0.765259,0.218163,0.200484;-0.980245,0.176118,0.0852838,-0.0287796
0.765534,0.216111,0.195644;-0.982936,0.170218,0.0666683,-0.0204261
0.765754,0.214241,0.190839;-0.985177,0.164241,0.0480222,-0.0120633
0.765913,0.212509,0.186105;-0.986966,0.158188,0.0293541,-0.00369491
0.766012,0.210786,0.181236;-0.98836,0.151739,0.00968907,0.00511566
0.766035,0.20903,0.176294;-0.989284,0.144884,-0.0109643,0.0143639
0.765968,0.207269,0.171573;-0.989653,0.137948,-0.0316116,0.0236041
0.765796,0.205354,0.166917;-0.989446,0.130599,-0.0532228,0.03327
0.765483,0.203103,0.162239;-0.988527,0.12249,-0.076761,0.0437911
0.765008,0.200482,0.157886;-0.986801,0.113949,-0.10122,0.0547164
0.764343,0.19735,0.154006;-0.984175,0.10497,-0.126572,0.0660326
0.763457,0.193538,0.150771;-0.980554,0.0955503,-0.152783,0.0777239
0.762404,0.18921,0.148514;-0.976209,0.0863959,-0.177891,0.0889143
0.761197,0.184332,0.147223;-0.971242,0.0775236,-0.201889,0.0996024
0.759969,0.179376,0.146864;-0.966232,0.0696648,-0.222875,0.108943
0.758713,0.174271,0.147217;-0.961163,0.0624832,-0.241835,0.117376
0.757537,0.169442,0.148059;-0.95647,0.0563537,-0.257855,0.124498
0.756336,0.164456,0.149328;-0.951733,0.0505658,-0.272846,0.131159
0.755213,0.159738,0.15083;-0.947538,0.046875,-0.285036,0.136855
0.754091,0.154978,0.152585;-0.946488,0.0667401,-0.28261,0.140849
0.752976,0.150213,0.154535;-0.945133,0.0854761,-0.280211,0.144568
0.75188,0.145509,0.156616;-0.943536,0.103081,-0.277857,0.148019
0.750815,0.140921,0.158773;-0.941756,0.119555,-0.275568,0.15121
0.749788,0.136498,0.160955;-0.939849,0.134899,-0.273358,0.154148
0.748733,0.131951,0.163292;-0.937704,0.15021,-0.27108,0.157048
0.747651,0.127293,0.165776;-0.935322,0.165482,-0.268733,0.159908
0.746623,0.122877,0.168206;-0.932899,0.179626,-0.266493,0.162527
0.745575,0.118385,0.170748;-0.930273,0.193731,-0.264195,0.165111
0.744507,0.113826,0.173396;-0.927444,0.207794,-0.26184,0.167659
0.743506,0.109568,0.175928;-0.924653,0.220735,-0.259615,0.169979
0.742492,0.105268,0.178539;-0.921691,0.233635,-0.257342,0.172267
0.741464,0.100936,0.181223;-0.918557,0.246492,-0.255021,0.174523
0.740424,0.0965773,0.183975;-0.915254,0.259303,-0.252653,0.176747
0.739374,0.092201,0.18679;-0.91178,0.272065,-0.250238,0.178938
0.738314,0.0878143,0.189662;-0.908137,0.284778,-0.247776,0.181096
0.737246,0.083425,0.192586;-0.904326,0.297437,-0.245269,0.18322
0.73617,0.0790405,0.195557;-0.900346,0.310041,-0.242716,0.18531
0.735088,0.0746685,0.19857;-0.8962,0.322588,-0.240118,0.187366
0.734001,0.0703167,0.201618;-0.891887,0.335075,-0.237475,0.189387
0.73291,0.0659927,0.204697;-0.887409,0.3475,-0.234788,0.191373
0.731816,0.0617042,0.207801;-0.882766,0.35986,-0.232058,0.193323
0.73072,0.0574586,0.210925;-0.877959,0.372153,-0.229284,0.195238
0.729623,0.0532638,0.214064;-0.87299,0.384377,-0.226469,0.197116
0.728526,0.0491272,0.217212;-0.867858,0.39653,-0.223611,0.198958
0.727431,0.0450565,0.220364;-0.862565,0.40861,-0.220711,0.200762
0.726338,0.0410594,0.223515;-0.857113,0.420613,-0.217771,0.20253
0.725248,0.0371435,0.226659;-0.851501,0.432539,-0.21479,0.20426
0.724164,0.0333164,0.229791;-0.845731,0.444384,-0.211769,0.205952
0.722995,0.0292795,0.233164;-0.839303,0.457123,-0.208453,0.207742
0.721835,0.0253654,0.23651;-0.832692,0.469763,-0.20509,0.209486
0.720684,0.0215839,0.239821;-0.8259,0.4823,-0.201684,0.211185
0.719544,0.0179446,0.243092;-0.818928,0.494732,-0.198233,0.212838
0.718331,0.0141957,0.246561;-0.811221,0.508,-0.194468,0.214566
0.717133,0.0106351,0.249967;-0.803308,0.52114,-0.190655,0.21624
0.71587,0.00704299,0.253535;-0.794605,0.535072,-0.186515,0.217973
0.714547,0.00348185,0.257238;-0.785068,0.549762,-0.18204,0.219752
0.713253,0.000217587,0.260822;-0.775272,0.56427,-0.177505,0.221459
0.711834,-0.00307733,0.264696;-0.763946,0.580369,-0.172334,0.223291
0.710382,-0.0060944,0.268585;-0.751645,0.5971,-0.166797,0.225124
0.708838,-0.0088425,0.272618;-0.737642,0.615268,-0.160586,0.227028
0.707159,-0.0111782,0.276852;-0.721126,0.635602,-0.153377,0.229046
0.705327,-0.0127397,0.28123;-0.701182,0.658729,-0.144824,0.231185
0.703248,-0.0127884,0.285753;-0.675258,0.686698,-0.133926,0.23353
0.701239,-0.0101353,0.289398;-0.645117,0.716585,-0.121536,0.235709
0.699859,-0.00564978,0.291167;-0.619439,0.740062,-0.11119,0.237152
0.698963,-0.000596859,0.291713;-0.598807,0.757724,-0.103004,0.238062
0.698369,0.00447453,0.291585;-0.581954,0.771416,-0.096396,0.238652
0.697954,0.0095331,0.291062;-0.567393,0.782741,-0.0907397,0.239056
0.697658,0.0145856,0.290271;-0.554369,0.792492,-0.0857206,0.239339
0.697445,0.0198133,0.289245;-0.542068,0.801386,-0.0810137,0.239541
0.697311,0.0246971,0.288138;-0.531415,0.808848,-0.0769629,0.239665
0.697224,0.0299608,0.286814;-0.520664,0.81616,-0.0728978,0.239745
0.697185,0.0353764,0.285336;-0.511682,0.82228,-0.068442,0.239485
0.697187,0.0404493,0.283863;-0.508161,0.825248,-0.0628158,0.238313
0.697223,0.0457915,0.282235;-0.504612,0.828171,-0.0571861,0.237128
0.697281,0.0506789,0.28069;-0.501485,0.830692,-0.0522577,0.23608
0.697364,0.0557582,0.279035;-0.498336,0.833178,-0.047327,0.235023
0.697471,0.0610226,0.277275;-0.495167,0.835629,-0.0423944,0.233956
0.697601,0.0664655,0.275414;-0.491978,0.838046,-0.03746,0.232879
0.697731,0.0712679,0.273741;-0.489228,0.84009,-0.0332293,0.231948
0.697877,0.0761923,0.271999;-0.486463,0.842109,-0.0289976,0.231011
0.698039,0.0812346,0.270191;-0.483683,0.844101,-0.024765,0.230066
0.698217,0.0863904,0.268319;-0.480888,0.846068,-0.0205316,0.229114
0.69841,0.0916557,0.266385;-0.478079,0.848009,-0.0162977,0.228155
0.698618,0.0970263,0.264393;-0.475255,0.849925,-0.0120632,0.22719
0.698841,0.102498,0.262345;-0.472417,0.851814,-0.00782832,0.226217
0.699078,0.108066,0.260243;-0.469564,0.853677,-0.00359323,0.225237
0.699286,0.112777,0.258452;-0.467176,0.85521,-6.3902e-05,0.224416
0.699504,0.117551,0.256627;-0.464777,0.856725,0.00346543,0.22359
0.699731,0.122383,0.254769;-0.462369,0.858222,0.00699469,0.222758
0.699967,0.127273,0.25288;-0.459951,0.8597,0.0105238,0.221923
0.700212,0.132217,0.250961;-0.457524,0.86116,0.0140527,0.221082
0.700465,0.137213,0.249014;-0.455087,0.862602,0.0175813,0.220237
0.700727,0.14226,0.247041;-0.45264,0.864026,0.0211095,0.219387
0.700997,0.147353,0.245042;-0.450183,0.865431,0.0246373,0.218533
0.701274,0.152491,0.243019;-0.447717,0.866818,0.0281645,0.217674
0.70156,0.157672,0.240974;-0.445242,0.868187,0.0316912,0.21681
0.701854,0.162893,0.238908;-0.442757,0.869537,0.0352172,0.215942
0.702154,0.168151,0.236822;-0.440262,0.870869,0.0387424,0.215069
0.702462,0.173445,0.234718;-0.437759,0.872183,0.0422668,0.214191
0.702777,0.178771,0.232598;-0.435246,0.873478,0.0457903,0.213309
0.703098,0.184127,0.230463;-0.432724,0.874754,0.0493129,0.212423
0.703427,0.189512,0.228314;-0.430192,0.876012,0.0528344,0.211532
0.703761,0.194921,0.226153;-0.427652,0.877252,0.0563548,0.210636
0.704102,0.200354,0.223981;-0.425102,0.878472,0.059874,0.209737
0.704448,0.205807,0.2218;-0.422544,0.879674,0.0633919,0.208832
0.7048,0.211279,0.219611;-0.419977,0.880858,0.0669085,0.207923
0.705158,0.216766,0.217416;-0.4174,0.882023,0.0704236,0.20701
0.705521,0.222266,0.215216;-0.414815,0.883169,0.0739373,0.206093
0.705889,0.227778,0.213013;-0.412221,0.884297,0.0774494,0.205171
0.706262,0.233297,0.210807;-0.409618,0.885405,0.0809599,0.204244
0.70664,0.238823,0.208602;-0.407007,0.886495,0.0844686,0.203314
0.707022,0.244352,0.206397;-0.404387,0.887567,0.0879756,0.202379
0.707408,0.249882,0.204195;-0.401758,0.888619,0.0914807,0.201439
0.707799,0.255411,0.201996;-0.399121,0.889653,0.0949838,0.200496
0.708193,0.260936,0.199803;-0.396476,0.890667,0.098485,0.199548
0.708591,0.266455,0.197617;-0.393822,0.891663,0.101984,0.198596
0.708993,0.271965,0.195439;-0.39116,0.89264,0.105481,0.19764
0.709397,0.277465,0.193271;-0.388489,0.893598,0.108976,0.19668
0.709805,0.282951,0.191114;-0.38581,0.894537,0.112468,0.195715
0.710215,0.28842,0.18897;-0.383123,0.895458,0.115958,0.194747
0.710629,0.293872,0.18684;-0.380428,0.896359,0.119445,0.193774
0.711044,0.299303,0.184726;-0.377725,0.897241,0.12293,0.192797
0.711462,0.30471,0.182629;-0.375014,0.898104,0.126413,0.191816
0.711882,0.310092,0.18055;-0.372295,0.898948,0.129892,0.190831
0.712303,0.315446,0.178492;-0.369568,0.899774,0.133369,0.189842
0.712726,0.32077,0.176454;-0.366833,0.90058,0.136844,0.188849
0.71315,0.32606,0.17444;-0.36409,0.901367,0.140315,0.187851
0.713576,0.331315,0.17245;-0.36134,0.902135,0.143783,0.18685
0.714003,0.336532,0.170486;-0.358582,0.902883,0.147248,0.185845
0.71443,0.341709,0.16855;-0.355817,0.903613,0.15071,0.184836
0.714858,0.346844,0.166642;-0.353043,0.904324,0.154169,0.183823
0.715286,0.351933,0.164764;-0.350263,0.905015,0.157625,0.182807
0.715714,0.356975,0.162918;-0.347475,0.905687,0.161077,0.181786
0.716142,0.361967,0.161105;-0.34468,0.90634,0.164526,0.180761
0.71657,0.366906,0.159327;-0.341877,0.906974,0.167971,0.179733
0.716997,0.371791,0.157585;-0.339067,0.907589,0.171413,0.178701
0.717424,0.376618,0.155881;-0.33625,0.908184,0.174851,0.177665
0.71785,0.381386,0.154216;-0.333426,0.90876,0.178286,0.176625
0.718359,0.387025,0.152271;-0.330027,0.909426,0.182402,0.175373
0.718867,0.39257,0.150386;-0.326619,0.910064,0.186513,0.174115
0.719372,0.398018,0.148566;-0.323201,0.910675,0.190618,0.172851
0.719874,0.403363,0.146811;-0.319772,0.911257,0.194718,0.171583
0.720374,0.408602,0.145124;-0.316334,0.911812,0.198811,0.170309
0.72087,0.413731,0.143509;-0.312887,0.912339,0.202898,0.16903
0.721362,0.418745,0.141967;-0.30943,0.912838,0.20698,0.167746
0.72185,0.423641,0.140501;-0.305963,0.91331,0.211054,0.166457
0.722414,0.429196,0.13889;-0.301907,0.913825,0.2158,0.164946
0.722971,0.434577,0.13739;-0.297838,0.914301,0.220537,0.163429
0.723521,0.439778,0.136004;-0.293757,0.91474,0.225265,0.161905
0.724063,0.444791,0.134738;-0.289664,0.915141,0.229983,0.160374
0.724673,0.450282,0.133442;-0.284971,0.915553,0.235364,0.158616
0.72527,0.455509,0.132312;-0.280263,0.915914,0.240732,0.15685
0.725855,0.460463,0.131354;-0.275539,0.916227,0.246087,0.155075
0.726497,0.465696,0.130491;-0.270207,0.916519,0.252095,0.153068
0.727189,0.471073,0.129807;-0.264262,0.916769,0.25875,0.150826
0.727922,0.476433,0.129403;-0.257695,0.916955,0.266046,0.148345
0.728685,0.481588,0.129396;-0.250502,0.91705,0.273974,0.145621
0.729525,0.486644,0.129987;-0.242071,0.91702,0.283181,0.142421
0.730464,0.491324,0.131615;-0.23178,0.916779,0.294297,0.138503
0.731491,0.494761,0.135086;-0.218989,0.916171,0.307929,0.133617
0.732319,0.495472,0.139984;-0.206731,0.915274,0.320806,0.128917
0.732868,0.494134,0.145086;-0.196874,0.914333,0.331028,0.125125
0.733208,0.491965,0.149634;-0.189453,0.913497,0.338649,0.122264
0.733442,0.489369,0.153913;-0.183251,0.912715,0.344967,0.119868
0.733613,0.486401,0.158154;-0.177657,0.911945,0.350629,0.117703
0.733733,0.483249,0.162241;-0.172673,0.911208,0.355641,0.115771
0.733822,0.479603,0.166633;-0.16768,0.910422,0.360634,0.113834
0.733873,0.476,0.170732;-0.163304,0.909693,0.364987,0.112133
0.733897,0.4726,0.174437;-0.159548,0.909039,0.368707,0.110672
0.733902,0.468907,0.178323;-0.155786,0.908357,0.372414,0.109207
0.733887,0.464917,0.182392;-0.15202,0.907647,0.376111,0.107739
0.73386,0.461363,0.185924;-0.148878,0.907034,0.379182,0.106513
