1.0538,-0.350446,0.397707;0.835544,-0.483277,0.227718,-0.128276
1.05243,-0.342418,0.403705;0.836332,-0.481842,0.228085,-0.127884
1.04975,-0.326669,0.415469;0.837902,-0.478967,0.228817,-0.127098
1.04714,-0.311324,0.426928;0.839462,-0.476086,0.229546,-0.126311
1.0446,-0.296379,0.438083;0.841012,-0.4732,0.230272,-0.125522
1.04214,-0.28183,0.448939;0.842551,-0.470308,0.230996,-0.124732
1.03974,-0.267672,0.459498;0.844081,-0.467411,0.231717,-0.12394
1.03741,-0.253903,0.469762;0.845601,-0.464508,0.232435,-0.123147
1.03516,-0.240517,0.479735;0.847111,-0.461599,0.23315,-0.122352
1.03297,-0.22751,0.489419;0.848611,-0.458685,0.233863,-0.121556
1.03084,-0.214879,0.498818;0.8501,-0.455766,0.234573,-0.120759
1.02879,-0.202619,0.507934;0.85158,-0.452841,0.23528,-0.11996
1.0268,-0.190727,0.51677;0.853049,-0.449911,0.235984,-0.119159
1.02487,-0.179198,0.525329;0.854508,-0.446975,0.236686,-0.118357
1.02301,-0.168028,0.533613;0.855957,-0.444034,0.237384,-0.117554
1.02121,-0.157212,0.541627;0.857396,-0.441088,0.23808,-0.116749
1.01948,-0.146748,0.549372;0.858825,-0.438137,0.238773,-0.115943
1.01781,-0.13663,0.556851;0.860244,-0.43518,0.239463,-0.115136
1.0162,-0.126855,0.564067;0.861652,-0.432218,0.24015,-0.114327
1.01465,-0.117419,0.571024;0.86305,-0.429252,0.240835,-0.113517
1.01316,-0.108317,0.577723;0.864438,-0.42628,0.241517,-0.112705
1.01172,-0.0995455,0.584169;0.865816,-0.423302,0.242195,-0.111893
1.01035,-0.0911003,0.590363;0.867183,-0.42032,0.242871,-0.111078
1.00903,-0.0829772,0.596309;0.86854,-0.417333,0.243544,-0.110263
1.00717,-0.0713878,0.604768;0.870556,-0.412843,0.244548,-0.109037
1.00543,-0.0605003,0.612684;0.872549,-0.408342,0.245546,-0.107809
1.00381,-0.0503008,0.620067;0.874518,-0.40383,0.246537,-0.106577
1.00231,-0.0407756,0.626927;0.876464,-0.399308,0.247521,-0.105343
1.00093,-0.0319109,0.633273;0.878387,-0.394774,0.248499,-0.104106
0.99966,-0.0236927,0.639114;0.880286,-0.39023,0.24947,-0.102866
0.998147,-0.013717,0.646136;0.882782,-0.384156,0.250754,-0.101208
0.996828,-0.00483355,0.652301;0.885236,-0.378063,0.252026,-0.0995459
0.995444,0.00478488,0.658838;0.888243,-0.370421,0.2536,-0.0974613
0.994154,0.0142321,0.665028;0.891766,-0.361215,0.255464,-0.0949503
0.993033,0.023455,0.670598;0.896314,-0.34888,0.257906,-0.0915865
0.99301,0.0311412,0.671909;0.90744,-0.316192,0.264082,-0.0826755
0.995015,0.0247682,0.66333;0.914198,-0.294168,0.268008,-0.0766739
0.996768,0.0176427,0.655485;0.917821,-0.281504,0.270182,-0.0732241
0.998617,0.00958935,0.647045;0.920848,-0.27038,0.272042,-0.0701942
1.00041,0.00147529,0.63874;0.923336,-0.260813,0.273604,-0.0675889
1.00204,-0.00605596,0.631122;0.925334,-0.25282,0.274884,-0.0654123
1.00377,-0.0142185,0.622919;0.927263,-0.244807,0.276143,-0.0632308
1.0056,-0.0229484,0.614175;0.929123,-0.236777,0.277382,-0.0610447
1.00712,-0.0302978,0.606821;0.930561,-0.23034,0.278358,-0.0592925
1.00869,-0.0379365,0.599172;0.931956,-0.223892,0.279321,-0.0575375
1.0103,-0.0458319,0.591252;0.933306,-0.217433,0.280271,-0.0557798
1.01195,-0.053951,0.583083;0.934611,-0.210964,0.281207,-0.0540194
1.01363,-0.0622612,0.574688;0.935873,-0.204485,0.28213,-0.0522564
1.01533,-0.0707297,0.566091;0.937089,-0.197997,0.28304,-0.050491
1.01705,-0.0793237,0.557313;0.938261,-0.191499,0.283936,-0.0487231
1.01878,-0.0880104,0.548379;0.939389,-0.184991,0.284819,-0.046953
1.02022,-0.0952827,0.540845;0.942493,-0.16588,0.286153,-0.0480409
1.02169,-0.102718,0.533087;0.946154,-0.139726,0.287635,-0.0503541
1.02304,-0.109552,0.525906;0.948924,-0.115665,0.288816,-0.0524434
1.02439,-0.116395,0.518664;0.951132,-0.0915357,0.289826,-0.0545017
1.02573,-0.123239,0.511366;0.952776,-0.0673518,0.290664,-0.0565277
1.02707,-0.130077,0.50402;0.953857,-0.0431281,0.291329,-0.0585201
1.0284,-0.136901,0.496629;0.954372,-0.0188788,0.291823,-0.0604779
1.02973,-0.143703,0.489201;0.954322,0.0053817,0.292143,-0.0623999
1.03104,-0.150476,0.48174;0.953706,0.029639,0.29229,-0.0642849
1.03234,-0.157211,0.474253;0.952526,0.0538787,0.292265,-0.0661319
1.03363,-0.163902,0.466745;0.950781,0.0780866,0.292066,-0.0679396
1.03491,-0.17054,0.459223;0.948473,0.102248,0.291694,-0.0697072
1.03617,-0.177117,0.451691;0.945603,0.126349,0.291149,-0.0714334
1.03741,-0.183627,0.444156;0.942173,0.150375,0.290432,-0.0731173
1.03875,-0.190641,0.435938;0.937795,0.176484,0.289453,-0.0749049
1.04006,-0.197555,0.427731;0.932756,0.202467,0.28827,-0.0766396
1.04134,-0.204359,0.419541;0.927059,0.228309,0.286885,-0.0783204
1.0426,-0.211043,0.411376;0.920709,0.253989,0.285296,-0.0799459
1.04382,-0.217597,0.403244;0.913709,0.27949,0.283507,-0.081515
1.04502,-0.22401,0.395152;0.906066,0.304794,0.281518,-0.0830267
1.04618,-0.230273,0.387107;0.897783,0.329883,0.27933,-0.0844799
1.0473,-0.236375,0.379117;0.888868,0.35474,0.276946,-0.0858735
1.04847,-0.242794,0.370532;0.878503,0.381385,0.274142,-0.0873149
1.0496,-0.249,0.362029;0.867411,0.407715,0.271112,-0.088684
1.05067,-0.25498,0.353619;0.855601,0.433707,0.267858,-0.0899798
1.05169,-0.260722,0.34531;0.843084,0.459341,0.264381,-0.0912012
1.05273,-0.266625,0.336487;0.828824,0.486521,0.260393,-0.092432
1.05371,-0.272221,0.327804;0.813769,0.513234,0.256155,-0.0935742
1.05461,-0.277494,0.319274;0.797933,0.539454,0.251672,-0.0946266
1.05549,-0.282767,0.310318;0.780116,0.566973,0.2466,-0.0956534
1.05629,-0.287632,0.301564;0.76144,0.593867,0.241256,-0.0965749
1.05704,-0.292349,0.292467;0.740595,0.621832,0.235264,-0.0974404
1.05771,-0.2968,0.283093;0.717432,0.65069,0.228574,-0.0982263
1.05829,-0.300854,0.273518;0.6918,0.680242,0.221138,-0.0989069
1.05873,-0.304359,0.263829;0.663554,0.710264,0.212909,-0.0994551
1.059,-0.307147,0.254126;0.632556,0.740509,0.203841,-0.0998423
1.05906,-0.309092,0.244081;0.59703,0.772102,0.193405,-0.100042
1.05884,-0.309804,0.233925;0.556665,0.804478,0.1815,-0.0999904
1.05822,-0.308823,0.223935;0.511168,0.83699,0.168025,-0.0996159
1.0571,-0.305615,0.214438;0.460284,0.868903,0.152894,-0.0988441
1.05543,-0.299807,0.206082;0.405724,0.898439,0.136605,-0.0976449
1.05337,-0.292005,0.199745;0.35342,0.922617,0.120932,-0.0961671
1.05112,-0.283036,0.195352;0.305864,0.941347,0.106637,-0.0945651
1.04881,-0.273551,0.192514;0.26354,0.95556,0.09388,-0.0929446
1.04644,-0.263607,0.19079;0.224754,0.966643,0.0821631,-0.0913054
1.04407,-0.253566,0.189949;0.209131,0.970695,0.0770764,-0.0898576
1.04144,-0.242222,0.189765;0.202378,0.972458,0.0744924,-0.0884267
1.03908,-0.231993,0.190113;0.196742,0.973884,0.0723357,-0.0872305
1.03658,-0.221102,0.190896;0.191099,0.975272,0.0701762,-0.0860308
1.03396,-0.209591,0.192097;0.185447,0.976621,0.0680139,-0.0848277
1.03121,-0.197502,0.193697;0.179788,0.97793,0.0658489,-0.0836211
1.02894,-0.187443,0.195251;0.175256,0.97895,0.0641149,-0.0826535
1.0266,-0.177062,0.19704;0.170719,0.979945,0.0623794,-0.0816838
1.02419,-0.16638,0.199053;0.166178,0.980914,0.0606422,-0.080712
1.02173,-0.155419,0.201282;0.161633,0.981859,0.0589035,-0.0797381
1.01921,-0.144201,0.203717;0.157084,0.982779,0.0571633,-0.0787622
1.01665,-0.132745,0.206348;0.15253,0.983673,0.0554217,-0.0777843
1.01404,-0.121075,0.209166;0.147973,0.984542,0.0536786,-0.0768044
1.01139,-0.109211,0.212162;0.143412,0.985387,0.0519341,-0.0758225
1.0087,-0.0971745,0.215326;0.138847,0.986206,0.0501884,-0.0748387
1.00598,-0.0849868,0.218649;0.134279,0.987,0.0484413,-0.073853
1.00324,-0.0726695,0.222122;0.129707,0.987768,0.046693,-0.0728654
1.00047,-0.0602438,0.225734;0.125132,0.988512,0.0449435,-0.0718759
0.998386,-0.0508662,0.22853;0.121699,0.989053,0.0436307,-0.0711326
0.996291,-0.0414487,0.231395;0.118264,0.98958,0.0423172,-0.0703883
0.994188,-0.0320003,0.234325;0.114827,0.990093,0.0410031,-0.069643
0.992082,-0.0225299,0.237317;0.111388,0.990591,0.0396884,-0.0688966
0.989972,-0.0130466,0.240367;0.107948,0.991075,0.0383731,-0.0681493
0.987862,-0.00355934,0.243471;0.104507,0.991545,0.0370573,-0.067401
0.985752,0.00592279,0.246624;0.101063,0.992001,0.035741,-0.0666518
0.983645,0.0153908,0.249822;0.0976189,0.992443,0.0344241,-0.0659015
0.981543,0.0248357,0.253063;0.0941729,0.99287,0.0331068,-0.0651504
0.979448,0.0342486,0.256341;0.0907256,0.993283,0.031789,-0.0643983
0.97736,0.0436202,0.259653;0.0872769,0.993682,0.0304707,-0.0636452
0.975284,0.0529418,0.262994;0.0838271,0.994066,0.029152,-0.0628913
0.973219,0.0622042,0.266362;0.080376,0.994437,0.0278328,-0.0621365
0.971168,0.0713985,0.269751;0.0769237,0.994793,0.0265133,-0.0613807
0.968459,0.083536,0.274298;0.072319,0.995245,0.0247533,-0.0603717
0.965782,0.0955149,0.278866;0.0677125,0.995672,0.0229927,-0.0593611
0.963142,0.107314,0.283448;0.0631042,0.996074,0.0212315,-0.0583491
0.960544,0.118912,0.288033;0.0584943,0.99645,0.0194698,-0.0573355
0.957991,0.130287,0.292612;0.053883,0.9968,0.0177076,-0.0563205
0.955489,0.141419,0.297177;0.0492702,0.997126,0.0159449,-0.055304
0.953041,0.152285,0.301716;0.0446562,0.997426,0.0141818,-0.0542861
0.950653,0.162864,0.306221;0.0400411,0.9977,0.0124184,-0.0532669
0.948328,0.173136,0.310683;0.0354249,0.997949,0.0106546,-0.0522463
0.94607,0.183078,0.315092;0.0308078,0.998172,0.00889056,-0.0512243
0.943886,0.192669,0.319439;0.02619,0.99837,0.0071263,-0.050201
0.941777,0.201889,0.323714;0.0215715,0.998543,0.00536185,-0.0491765
0.939257,0.212858,0.328943;0.0157975,0.998723,0.0031561,-0.0478941
0.936872,0.22317,0.334026;0.010023,0.998862,0.000950234,-0.0466097
0.934631,0.232784,0.338946;0.00424804,0.998963,-0.00125568,-0.0453235
0.932542,0.241659,0.343684;-0.00152708,0.999023,-0.00346153,-0.0440355
0.93025,0.251273,0.349103;-0.00845712,0.999043,-0.00610837,-0.0424875
0.928204,0.25969,0.354203;-0.0153867,0.999005,-0.00875486,-0.0409372
0.92615,0.2679,0.359705;-0.02347,0.998888,-0.0118418,-0.0391254
0.924071,0.275733,0.365994;-0.0338601,0.998624,-0.0158093,-0.0367916
0.92214,0.28136,0.37424;-0.0511665,0.997897,-0.022417,-0.0328914
0.922673,0.274086,0.380082;0.0120945,0.999832,-0.01375,-0.000500146
0.924169,0.264275,0.381277;0.0644891,0.997647,-0.00529347,0.0226814
0.925829,0.254122,0.381482;0.1051,0.993629,0.00129758,0.0406627
0.927557,0.243816,0.381223;0.139742,0.988578,0.00694546,0.056011
0.929307,0.233513,0.3807;0.170362,0.982849,0.0119574,0.0695843
0.93111,0.222953,0.379996;0.198886,0.976425,0.0166433,0.0822351
0.93292,0.212371,0.379177;0.225323,0.969515,0.0210014,0.0939658
0.934699,0.201967,0.378301;0.249689,0.962315,0.0250313,0.104783
0.936414,0.191907,0.37741;0.27201,0.955003,0.028734,0.114696
0.938192,0.181446,0.376457;0.294149,0.947057,0.0324176,0.124532
0.93987,0.171533,0.375541;0.314273,0.939221,0.0357753,0.133477
0.941585,0.161338,0.374598;0.334222,0.930862,0.0391132,0.142347
0.943333,0.150888,0.373639;0.353984,0.921983,0.0424292,0.151137
0.945105,0.140208,0.372677;0.373548,0.91259,0.0457216,0.159844
0.946733,0.130324,0.371809;0.391154,0.90361,0.0486926,0.167681
0.948372,0.120292,0.370957;0.408579,0.894213,0.0516411,0.175442
0.950015,0.110132,0.37013;0.425816,0.884404,0.0545659,0.183121
0.95166,0.0998653,0.369338;0.442857,0.874187,0.0574655,0.190716
0.9533,0.0895111,0.368589;0.459694,0.863567,0.0603386,0.198223
0.95493,0.0790895,0.367891;0.476318,0.85255,0.0631839,0.205639
0.956547,0.0686203,0.367255;0.492724,0.841139,0.0660001,0.21296
0.958143,0.0581236,0.36669;0.508902,0.829341,0.0687859,0.220183
0.959716,0.0476194,0.366203;0.524846,0.817161,0.0715399,0.227305
0.961259,0.0371275,0.365805;0.540547,0.804604,0.074261,0.234322
0.962769,0.0266679,0.365504;0.556,0.791676,0.0769479,0.24123
0.964239,0.0162607,0.365309;0.571196,0.778383,0.0795993,0.248028
0.965665,0.00592566,0.36523;0.58613,0.764732,0.0822141,0.254711
0.967042,-0.00431714,0.365275;0.600793,0.750728,0.0847909,0.261277
0.968364,-0.0144478,0.365453;0.615179,0.736379,0.0873287,0.267722
0.969628,-0.0244463,0.365774;0.629282,0.721689,0.0898262,0.274045
0.970944,-0.0352682,0.366303;0.644459,0.705147,0.0925256,0.280853
0.972177,-0.0458796,0.367026;0.659278,0.688212,0.0951734,0.287504
0.973318,-0.0562538,0.367957;0.673728,0.670893,0.0977682,0.293996
0.974363,-0.0663642,0.369107;0.687803,0.6532,0.100308,0.300323
0.975383,-0.0770619,0.370626;0.70272,0.633484,0.103016,0.307035
0.976272,-0.0873796,0.372436;0.717171,0.613347,0.105655,0.313543
0.97702,-0.0972829,0.374552;0.731145,0.592803,0.108223,0.319842
0.977662,-0.107504,0.377209;0.745737,0.570103,0.110925,0.326427
0.978117,-0.117154,0.380264;0.759747,0.54696,0.113541,0.332758
0.978387,-0.126858,0.384021;0.774173,0.52156,0.116258,0.339286
0.978408,-0.136402,0.388612;0.788854,0.493824,0.119054,0.34594
0.978134,-0.144998,0.393818;0.802716,0.465576,0.121725,0.352235
0.977498,-0.153045,0.400084;0.816585,0.434913,0.124436,0.358547
0.976412,-0.160238,0.407587;0.830264,0.401772,0.127155,0.36479
0.974878,-0.165935,0.416005;0.842838,0.368097,0.129705,0.370547
0.972873,-0.17004,0.425382;0.85429,0.333931,0.132082,0.37581
0.970533,-0.17236,0.435124;0.864029,0.301368,0.134158,0.380307
0.967923,-0.173101,0.445098;0.872233,0.270516,0.135962,0.384116
0.965107,-0.172482,0.455168;0.879075,0.241468,0.137517,0.387311
0.961949,-0.170574,0.465877;0.884543,0.223152,0.137642,0.385799
0.959051,-0.168036,0.47532;0.888671,0.211802,0.137233,0.382846
0.955919,-0.164689,0.485217;0.892661,0.200419,0.136803,0.379834
0.95257,-0.160586,0.495532;0.896513,0.189004,0.136352,0.376763
0.949622,-0.156627,0.504424;0.899617,0.17947,0.13596,0.374159
0.946542,-0.152212,0.513561;0.902624,0.169916,0.135553,0.371515
0.943338,-0.14737,0.522923;0.905534,0.160345,0.135132,0.368831
0.940018,-0.142131,0.532491;0.908347,0.150755,0.134696,0.366108
0.936591,-0.136528,0.542243;0.911063,0.14115,0.134246,0.363345
0.933066,-0.13059,0.552159;0.91368,0.13153,0.133781,0.360543
0.92945,-0.124348,0.562219;0.916199,0.121895,0.133302,0.357703
0.926498,-0.119157,0.570356;0.918144,0.114178,0.132909,0.355403
0.923499,-0.113806,0.578561;0.920025,0.106453,0.132506,0.353078
0.920456,-0.108312,0.586824;0.921843,0.0987205,0.132094,0.350729
0.917374,-0.102691,0.595135;0.923598,0.0909813,0.131673,0.348356
0.914257,-0.0969574,0.603482;0.925289,0.0832359,0.131243,0.345959
0.91111,-0.0911278,0.611855;0.926916,0.0754848,0.130804,0.343538
0.907936,-0.0852176,0.620244;0.92848,0.0677285,0.130356,0.341094
0.904742,-0.0792427,0.628638;0.92998,0.0599675,0.1299,0.338626
0.90153,-0.0732188,0.637027;0.931416,0.0522024,0.129434,0.336135
0.898305,-0.0671616,0.645401;0.932788,0.0444337,0.128959,0.333621
0.895071,-0.0610867,0.653748;0.934095,0.036662,0.128475,0.331083
0.891833,-0.05501,0.662058;0.935339,0.0288877,0.127983,0.328523
0.888596,-0.0489471,0.670321;0.936518,0.0211114,0.127481,0.325941
0.885363,-0.0429138,0.678527;0.937632,0.0133337,0.126971,0.323336
0.882139,-0.0369258,0.686664;0.938683,0.00555511,0.126453,0.320708
0.878928,-0.0309988,0.694723;0.939668,-0.00222389,0.125925,0.318059
0.875735,-0.0251485,0.702692;0.940589,-0.0100027,0.125389,0.315388
0.872564,-0.0193906,0.710562;0.941445,-0.0177809,0.124844,0.312695
0.86942,-0.013741,0.718321;0.942237,-0.0255579,0.124291,0.309981
0.865533,-0.00685492,0.72785;0.943135,-0.0352765,0.123587,0.306558
0.861702,-0.000193144,0.737169;0.943932,-0.0449914,0.12287,0.303102
0.857937,0.00621365,0.746259;0.944628,-0.0547014,0.12214,0.299613
0.854245,0.0123348,0.755099;0.945222,-0.0644055,0.121397,0.296093
0.850636,0.0181395,0.763668;0.945714,-0.0741027,0.12064,0.29254
0.847117,0.0235972,0.771947;0.946105,-0.083792,0.119871,0.288956
0.843697,0.028677,0.779914;0.946394,-0.0934722,0.119089,0.285341
0.839737,0.034231,0.789034;0.946606,-0.105075,0.118133,0.280963
0.835946,0.0391436,0.79764;0.946673,-0.116662,0.117159,0.276541
0.831758,0.0439937,0.806985;0.946564,-0.130157,0.116,0.271328
0.827845,0.0478145,0.815527;0.946257,-0.143624,0.114817,0.266058
0.823739,0.0508127,0.824232;0.945662,-0.158978,0.113435,0.259966
0.819207,0.0523235,0.833408;0.944552,-0.178109,0.111663,0.252252
0.814419,0.0501923,0.842247;0.942502,-0.202863,0.109288,0.242061
0.810817,0.0421474,0.84748;0.939528,-0.229356,0.106642,0.23089
0.809236,0.0312155,0.848188;0.936636,-0.250038,0.1045,0.221975
0.808833,0.0205112,0.846683;0.934227,-0.264998,0.102908,0.215419
0.809029,0.00913081,0.843898;0.931908,-0.278028,0.101492,0.209634
0.809621,-0.00218706,0.840375;0.929765,-0.28915,0.100261,0.204641
0.810426,-0.0127614,0.83661;0.927868,-0.298385,0.0992228,0.200455
0.811523,-0.0244075,0.832071;0.925872,-0.307587,0.0981744,0.196247
0.812617,-0.0345166,0.827868;0.924203,-0.314926,0.0973281,0.192866
0.813907,-0.0453469,0.823146;0.922471,-0.322242,0.0964751,0.189472
0.815398,-0.0569142,0.817894;0.920675,-0.329537,0.0956154,0.186065
0.816651,-0.0660828,0.813601;0.919287,-0.334993,0.0949663,0.183501
0.818022,-0.0756814,0.808999;0.917863,-0.340436,0.0943136,0.18093
0.819511,-0.0857166,0.804085;0.916404,-0.345865,0.0936572,0.178352
0.821122,-0.0961951,0.798853;0.914909,-0.351282,0.0929972,0.175767
0.822855,-0.107124,0.7933;0.913379,-0.356685,0.0923336,0.173175
0.824714,-0.118508,0.78742;0.911813,-0.362074,0.0916664,0.170577
0.826698,-0.130357,0.78121;0.910212,-0.367449,0.0909957,0.167972
0.828812,-0.142675,0.774665;0.908576,-0.37281,0.0903214,0.16536
0.831055,-0.155469,0.767781;0.906905,-0.378156,0.0896437,0.162742
0.832624,-0.164267,0.763001;0.905772,-0.381712,0.0891899,0.160993
0.834253,-0.173281,0.758066;0.904622,-0.385262,0.0887347,0.159242
0.835941,-0.182514,0.752976;0.903458,-0.388805,0.0882778,0.157488
0.837689,-0.191967,0.74773;0.902277,-0.392341,0.0878195,0.155731
0.839498,-0.201643,0.742325;0.901081,-0.39587,0.0873597,0.153971
0.841369,-0.211544,0.736761;0.89987,-0.399393,0.0868983,0.152209
0.843302,-0.221671,0.731036;0.898643,-0.402909,0.0864355,0.150444
0.845297,-0.232026,0.725149;0.897401,-0.406418,0.0859712,0.148676
0.847356,-0.242612,0.719099;0.896143,-0.40992,0.0855053,0.146906
0.8494,-0.253036,0.713112;0.894917,-0.413289,0.0850549,0.145197
