0.834797,0.207224,0.33149;0.212699,0.953115,0.136658,-0.166298
0.833188,0.191325,0.336297;0.215058,0.952345,0.136735,-0.167611
0.831613,0.175643,0.341043;0.217416,0.951566,0.136811,-0.168922
0.830073,0.160176,0.345728;0.219772,0.950781,0.136886,-0.170232
0.828566,0.144923,0.350353;0.222126,0.949987,0.13696,-0.171541
0.827093,0.129882,0.354917;0.224478,0.949187,0.137032,-0.172848
0.825653,0.115054,0.359422;0.226829,0.948378,0.137104,-0.174154
0.824246,0.100437,0.363868;0.229177,0.947563,0.137175,-0.175459
0.822873,0.0860283,0.368254;0.231524,0.946739,0.137244,-0.176762
0.821532,0.0718284,0.372582;0.23387,0.945909,0.137313,-0.178064
0.820223,0.0578355,0.376851;0.236213,0.945071,0.13738,-0.179364
0.818947,0.0440486,0.381062;0.238554,0.944225,0.137446,-0.180663
0.817703,0.0304665,0.385215;0.240894,0.943372,0.137511,-0.181961
0.816491,0.0170879,0.389311;0.243232,0.942512,0.137575,-0.183257
0.81531,0.0039117,0.39335;0.245567,0.941644,0.137638,-0.184552
0.814161,-0.00906325,0.397331;0.247901,0.940768,0.1377,-0.185845
0.813043,-0.0218381,0.401256;0.250233,0.939886,0.137761,-0.187137
0.811956,-0.0344142,0.405125;0.252563,0.938995,0.137821,-0.188427
0.810899,-0.0467925,0.408938;0.254891,0.938098,0.137879,-0.189716
0.809873,-0.0589743,0.412696;0.257217,0.937193,0.137937,-0.191004
0.808877,-0.0709607,0.416398;0.259541,0.936281,0.137993,-0.192289
0.807911,-0.082753,0.420045;0.261863,0.935361,0.138049,-0.193574
0.806975,-0.0943522,0.423638;0.264182,0.934434,0.138103,-0.194856
0.806068,-0.10576,0.427176;0.2665,0.933499,0.138156,-0.196138
0.805191,-0.116976,0.430661;0.268816,0.932557,0.138208,-0.197417
0.804343,-0.128004,0.434091;0.271129,0.931608,0.13826,-0.198696
0.803523,-0.138843,0.437469;0.27344,0.930651,0.138309,-0.199972
0.802732,-0.149495,0.440793;0.275749,0.929687,0.138358,-0.201247
0.80197,-0.159961,0.444065;0.278056,0.928716,0.138406,-0.202521
0.801235,-0.170242,0.447284;0.280361,0.927738,0.138453,-0.203792
0.800529,-0.180339,0.450452;0.282664,0.926752,0.138498,-0.205063
0.79985,-0.190254,0.453567;0.284964,0.925759,0.138543,-0.206331
0.799199,-0.199988,0.456631;0.287262,0.924758,0.138586,-0.207598
0.798574,-0.209542,0.459644;0.289558,0.92375,0.138628,-0.208863
0.797689,-0.223537,0.464069;0.292997,0.922225,0.13869,-0.210758
0.796863,-0.237134,0.46838;0.296432,0.920683,0.138749,-0.21265
0.796096,-0.250337,0.472579;0.299861,0.919125,0.138805,-0.214537
0.795388,-0.263149,0.476668;0.303284,0.91755,0.138859,-0.21642
0.794738,-0.275574,0.480646;0.306703,0.91596,0.138911,-0.2183
0.794144,-0.287616,0.484515;0.310115,0.914353,0.13896,-0.220176
0.793606,-0.29928,0.488277;0.313523,0.91273,0.139006,-0.222048
0.793124,-0.310568,0.491932;0.316925,0.91109,0.13905,-0.223916
0.792696,-0.321486,0.495482;0.320321,0.909435,0.139092,-0.22578
0.792322,-0.332038,0.498927;0.323711,0.907763,0.139131,-0.22764
0.792,-0.342226,0.502268;0.327096,0.906075,0.139168,-0.229496
0.791731,-0.352055,0.505508;0.330475,0.904371,0.139202,-0.231348
0.791453,-0.36461,0.509669;0.334971,0.902074,0.139244,-0.233811
0.791263,-0.376542,0.513654;0.339456,0.899749,0.139282,-0.236266
0.791162,-0.387863,0.517463;0.343931,0.897395,0.139315,-0.238714
0.791146,-0.39858,0.5211;0.348395,0.895013,0.139343,-0.241155
0.791214,-0.408705,0.524567;0.352848,0.892603,0.139367,-0.243587
0.791364,-0.418245,0.527867;0.35729,0.890165,0.139387,-0.246013
0.791665,-0.429363,0.531761;0.362826,0.887077,0.139406,-0.249033
0.792088,-0.439602,0.535403;0.368345,0.883946,0.139418,-0.252041
0.792751,-0.450753,0.539447;0.374943,0.880131,0.139423,-0.255635
0.793579,-0.460696,0.543143;0.381514,0.876253,0.139418,-0.25921
0.794743,-0.470811,0.547029;0.389147,0.871651,0.1394,-0.263358
0.796325,-0.480475,0.550922;0.397824,0.866288,0.139362,-0.268067
0.798656,-0.48982,0.554999;0.408599,0.85943,0.139291,-0.273906
0.80253,-0.498062,0.559302;0.423549,0.849545,0.139145,-0.28199
0.810617,-0.500123,0.563162;0.448792,0.831838,0.138769,-0.295592
0.817678,-0.4927,0.563423;0.467392,0.817936,0.138384,-0.305574
0.822766,-0.483956,0.562474;0.479627,0.808377,0.138078,-0.312121
0.827197,-0.474566,0.561054;0.489718,0.800236,0.137794,-0.317509
0.831307,-0.464609,0.559323;0.498718,0.792774,0.137514,-0.322304
0.835041,-0.454652,0.557449;0.506651,0.786034,0.137247,-0.326524
0.838358,-0.445145,0.555567;0.51354,0.780056,0.136999,-0.330182
0.841711,-0.434952,0.553473;0.52038,0.774002,0.136738,-0.333808
0.84509,-0.424121,0.551181;0.527169,0.767874,0.136464,-0.337403
0.848,-0.414368,0.549069;0.532947,0.762562,0.136218,-0.340457
0.850717,-0.404919,0.546986;0.527227,0.765913,0.130134,-0.3442
0.853467,-0.395026,0.544772;0.506486,0.779861,0.116172,-0.348988
0.856018,-0.385554,0.542623;0.486843,0.792225,0.103119,-0.35317
0.858565,-0.375821,0.540386;0.466847,0.804014,0.0899918,-0.357096
0.861104,-0.365838,0.538065;0.446511,0.815218,0.0767989,-0.360762
0.863633,-0.355618,0.535661;0.425852,0.82583,0.0635501,-0.364166
0.865956,-0.345985,0.533372;0.406506,0.835093,0.0512793,-0.367074
0.868265,-0.33617,0.531017;0.386909,0.843839,0.0389768,-0.369754
0.87056,-0.326184,0.528598;0.367072,0.852063,0.0266501,-0.372205
0.872837,-0.316036,0.526117;0.347008,0.859759,0.014307,-0.374426
0.875095,-0.305736,0.523576;0.326729,0.866923,0.00195495,-0.376415
0.877146,-0.296169,0.521196;0.307962,0.873019,-0.00936898,-0.378034
0.879177,-0.28649,0.518769;0.289035,0.878661,-0.020688,-0.379456
0.881186,-0.276707,0.516297;0.269957,0.883845,-0.0319963,-0.38068
0.883173,-0.266827,0.51378;0.250739,0.88857,-0.043288,-0.381707
0.885135,-0.256858,0.511221;0.231391,0.892832,-0.0545571,-0.382535
0.887071,-0.246807,0.508622;0.211922,0.89663,-0.0657979,-0.383164
0.888979,-0.236682,0.505982;0.192343,0.899961,-0.0770044,-0.383594
0.890858,-0.226491,0.503305;0.172664,0.902825,-0.0881709,-0.383824
0.892705,-0.21624,0.500592;0.152895,0.905218,-0.0992915,-0.383854
0.89452,-0.205938,0.497844;0.133046,0.907141,-0.11036,-0.383685
0.8963,-0.195592,0.495063;0.113129,0.908592,-0.121372,-0.383316
0.898045,-0.185209,0.49225;0.0931521,0.90957,-0.13232,-0.382748
0.899751,-0.174798,0.489407;0.0731271,0.910075,-0.1432,-0.381981
0.901419,-0.164365,0.486536;0.0530641,0.910107,-0.154005,-0.381015
0.903046,-0.153919,0.483637;0.0329735,0.909665,-0.16473,-0.37985
0.90463,-0.143466,0.480713;0.0128657,0.90875,-0.175369,-0.378488
0.90617,-0.133015,0.477765;-0.00724876,0.907362,-0.185917,-0.37693
0.907665,-0.122573,0.474795;-0.0273595,0.905502,-0.196369,-0.375175
0.909112,-0.112147,0.471804;-0.0474559,0.903172,-0.206718,-0.373225
0.91051,-0.101745,0.468793;-0.0675277,0.900371,-0.216959,-0.371081
0.911858,-0.0913753,0.465765;-0.0875644,0.897102,-0.227088,-0.368743
0.913154,-0.0810442,0.46272;-0.107555,0.893366,-0.237099,-0.366214
0.914395,-0.0707598,0.459661;-0.127491,0.889166,-0.246986,-0.363495
0.915581,-0.0605297,0.456588;-0.147359,0.884503,-0.256745,-0.360586
0.916711,-0.0503614,0.453504;-0.167152,0.879379,-0.26637,-0.35749
0.917781,-0.0402624,0.45041;-0.186857,0.873799,-0.275857,-0.354208
0.918791,-0.0302403,0.447308;-0.206465,0.867764,-0.2852,-0.350741
0.919739,-0.0203026,0.444198;-0.225965,0.861277,-0.294395,-0.347093
0.920624,-0.0104569,0.441083;-0.245348,0.854342,-0.303436,-0.343263
0.921443,-0.000710833,0.437964;-0.264604,0.846963,-0.31232,-0.339255
0.922196,0.00892817,0.434843;-0.283722,0.839144,-0.321042,-0.335071
0.92288,0.0184525,0.43172;-0.302692,0.830887,-0.329596,-0.330712
0.923546,0.0287031,0.428315;-0.323207,0.821388,-0.338732,-0.325761
0.924127,0.0387984,0.424913;-0.343521,0.81138,-0.347659,-0.320608
0.92462,0.0487286,0.421516;-0.363623,0.800869,-0.35637,-0.315256
0.925024,0.058484,0.418125;-0.3835,0.789863,-0.364861,-0.30971
0.925336,0.0680548,0.414743;-0.40314,0.778368,-0.373126,-0.303972
0.925567,0.0782033,0.411092;-0.424134,0.765371,-0.381819,-0.297543
0.925686,0.0881112,0.407456;-0.44482,0.751818,-0.390234,-0.290898
0.925689,0.0977659,0.403838;-0.465183,0.737719,-0.398366,-0.284042
0.925574,0.107155,0.400241;-0.485208,0.723084,-0.406208,-0.276979
0.925315,0.116955,0.396392;-0.506378,0.706736,-0.414324,-0.269148
0.924912,0.126417,0.392573;-0.527122,0.689793,-0.42209,-0.261091
0.924317,0.136162,0.388518;-0.548854,0.670994,-0.430016,-0.252214
0.923549,0.145481,0.384505;-0.570055,0.651547,-0.437526,-0.243093
0.922535,0.154932,0.380274;-0.592062,0.630109,-0.445071,-0.233105
0.921231,0.164394,0.375841;-0.614729,0.606572,-0.45255,-0.222211
0.919591,0.17373,0.371224;-0.637897,0.580829,-0.459855,-0.210377
0.91756,0.182789,0.366442;-0.661387,0.552779,-0.466872,-0.197567
0.915142,0.191218,0.361628;-0.673303,0.539811,-0.468503,-0.189136
0.912085,0.199471,0.35644;-0.655909,0.569084,-0.456836,-0.192944
0.908421,0.207091,0.351076;-0.636409,0.599486,-0.443732,-0.196728
0.903858,0.214288,0.345264;-0.613339,0.632617,-0.428201,-0.200633
0.898319,0.220691,0.339106;-0.586352,0.668028,-0.409998,-0.204529
0.892068,0.225751,0.333003;-0.556546,0.703533,-0.389858,-0.208106
0.884832,0.229519,0.32678;-0.522265,0.740345,-0.366654,-0.211411
0.876995,0.231688,0.320838;-0.48478,0.776324,-0.341237,-0.214165
0.868686,0.232279,0.315292;-0.444007,0.811032,-0.313547,-0.21627
0.860078,0.231366,0.310272;-0.399892,0.843997,-0.28354,-0.217625
0.851072,0.228973,0.305777;-0.350628,0.87578,-0.249981,-0.218126
0.842293,0.225338,0.302188;-0.297921,0.904483,-0.214022,-0.217595
0.833838,0.220608,0.299634;-0.239973,0.930267,-0.174429,-0.21585
0.825664,0.214667,0.298449;-0.171016,0.953671,-0.127242,-0.21231
0.818708,0.207703,0.299862;-0.0830687,0.972795,-0.0669502,-0.205637
0.816709,0.201752,0.307024;0.0335586,0.98049,0.0131806,-0.193234
0.821209,0.201401,0.315848;0.114346,0.974146,0.0688049,-0.182294
0.827526,0.203636,0.323811;0.168923,0.96433,0.106438,-0.173791
0.834169,0.206888,0.330862;0.209363,0.954077,0.134354,-0.166891
0.840959,0.210694,0.337406;0.182237,0.958162,0.133024,-0.176125
0.848013,0.214903,0.343806;0.151581,0.96219,0.129248,-0.185766
0.85533,0.2194,0.350175;0.122823,0.965026,0.1256,-0.194585
0.8627,0.223988,0.356398;0.096017,0.96686,0.122109,-0.202613
0.869946,0.22851,0.36238;0.0712043,0.967867,0.118799,-0.209881
0.877577,0.23325,0.368565;0.046343,0.968216,0.115409,-0.217005
0.884873,0.237737,0.374394;0.0235254,0.967957,0.112232,-0.223407
0.892425,0.242315,0.380355;0.000694389,0.967144,0.108991,-0.22968
0.9002,0.246941,0.386431;-0.022137,0.965778,0.105688,-0.235822
0.907435,0.25115,0.392039;-0.0428823,0.964058,0.102632,-0.241289
0.914805,0.255329,0.397713;-0.0636072,0.961882,0.0995281,-0.246642
0.922284,0.259445,0.403439;-0.0843021,0.959251,0.096377,-0.251878
0.929849,0.263465,0.409204;-0.104957,0.956167,0.0931804,-0.256995
0.937477,0.267356,0.414993;-0.125563,0.952631,0.0899397,-0.261991
0.945142,0.271086,0.420795;-0.146109,0.948645,0.0866565,-0.266863
0.952821,0.274621,0.426593;-0.166586,0.944211,0.0833324,-0.271609
0.960489,0.277928,0.432376;-0.186984,0.93933,0.0799689,-0.276226
0.968123,0.280974,0.438128;-0.207294,0.934006,0.0765676,-0.280713
0.976452,0.283986,0.444406;-0.229522,0.927639,0.0727845,-0.285496
0.984678,0.286598,0.450612;-0.251618,0.920742,0.0689597,-0.290115
0.992769,0.288767,0.45673;-0.27357,0.913319,0.0650955,-0.294568
1.00069,0.29045,0.46274;-0.295366,0.905373,0.0611941,-0.298853
1.00911,0.29168,0.469153;-0.318951,0.896115,0.0568982,-0.303333
1.01725,0.292221,0.475392;-0.342318,0.886247,0.0525636,-0.307606
1.0257,0.291966,0.48193;-0.367369,0.874877,0.0478275,-0.311999
1.03373,0.290763,0.488206;-0.392127,0.862808,0.0430532,-0.316142
1.04183,0.288327,0.494639;-0.418439,0.84904,0.0378733,-0.320322
1.04931,0.284618,0.500697;-0.444363,0.834485,0.0326583,-0.324206
1.0561,0.279547,0.506342;-0.469875,0.819158,0.0274131,-0.327789
1.06213,0.273024,0.511538;-0.494953,0.803073,0.0221424,-0.331068
1.06734,0.264957,0.516245;-0.519571,0.786243,0.0168513,-0.334041
1.07139,0.256006,0.520147;-0.542001,0.769963,0.0119241,-0.336524
1.07439,0.246431,0.523321;-0.562322,0.75439,0.00736727,-0.338578
1.0765,0.236497,0.525849;-0.580614,0.739663,0.00318574,-0.340259
1.07785,0.226468,0.527814;-0.596955,0.725907,-0.000617297,-0.341618
1.07858,0.2166,0.5293;-0.611421,0.713234,-0.00403983,-0.342703
1.07884,0.205911,0.530509;-0.625653,0.700288,-0.00746082,-0.343657
1.07866,0.1957,0.531341;-0.638102,0.688555,-0.0104993,-0.344394
1.07808,0.184804,0.531939;-0.650359,0.676614,-0.0135347,-0.345027
1.07723,0.174695,0.532264;-0.660923,0.665997,-0.0161873,-0.345496
1.07605,0.164038,0.5324;-0.671333,0.655226,-0.0188362,-0.345884
1.07455,0.15282,0.532341;-0.681588,0.644304,-0.0214806,-0.346193
1.07298,0.142751,0.532133;-0.690252,0.634823,-0.0237434,-0.346393
1.07116,0.132254,0.531775;-0.698799,0.625234,-0.0260021,-0.346535
1.06908,0.121324,0.531265;-0.707227,0.615538,-0.0282565,-0.346618
1.06704,0.111388,0.530691;-0.712305,0.609588,-0.0309941,-0.3465
1.06487,0.101418,0.530019;-0.708283,0.614345,-0.0367396,-0.345782
1.0625,0.0911387,0.529237;-0.70421,0.619057,-0.0424824,-0.345038
1.05995,0.0805627,0.528345;-0.700086,0.623725,-0.0482222,-0.34427
1.05723,0.0697015,0.527348;-0.695911,0.628347,-0.0539585,-0.343477
1.05433,0.0585668,0.526247;-0.691686,0.632924,-0.0596908,-0.342659
1.05127,0.0471702,0.525045;-0.687411,0.637455,-0.0654189,-0.341816
1.04805,0.0355234,0.523744;-0.683086,0.64194,-0.0711422,-0.340949
1.04468,0.0236381,0.522346;-0.678711,0.646378,-0.0768604,-0.340057
1.04187,0.013966,0.52116;-0.675177,0.649895,-0.0814309,-0.339325
1.03898,0.00415476,0.519915;-0.671611,0.653382,-0.0859977,-0.338578
1.036,-0.00578973,0.518612;-0.668013,0.656839,-0.0905605,-0.337815
1.03293,-0.0158614,0.517252;-0.664385,0.660266,-0.0951191,-0.337037
1.02977,-0.0260544,0.515837;-0.660727,0.663661,-0.0996734,-0.336243
1.02654,-0.0363626,0.514368;-0.657037,0.667027,-0.104223,-0.335433
1.02324,-0.0467801,0.512845;-0.653317,0.670361,-0.108768,-0.334608
1.01986,-0.0573009,0.511271;-0.649567,0.673664,-0.113307,-0.333767
1.01641,-0.0679191,0.509646;-0.645787,0.676936,-0.117842,-0.332911
1.01289,-0.0786286,0.507972;-0.641977,0.680177,-0.122371,-0.33204
1.00931,-0.0894234,0.50625;-0.638137,0.683386,-0.126894,-0.331153
1.00566,-0.100298,0.504481;-0.634268,0.686564,-0.131412,-0.330251
1.00196,-0.111245,0.502666;-0.630369,0.689709,-0.135923,-0.329333
0.998203,-0.12226,0.500807;-0.626441,0.692823,-0.140428,-0.328401
0.994393,-0.133337,0.498905;-0.622485,0.695905,-0.144927,-0.327453
0.990534,-0.144469,0.49696;-0.618499,0.698955,-0.149419,-0.326489
0.986629,-0.15565,0.494975;-0.614485,0.701972,-0.153904,-0.325511
0.98268,-0.166875,0.492949;-0.610442,0.704957,-0.158382,-0.324518
0.978691,-0.178138,0.490886;-0.606371,0.707909,-0.162852,-0.32351
0.974665,-0.189432,0.488785;-0.602272,0.710828,-0.167315,-0.322486
0.970604,-0.200751,0.486649;-0.598145,0.713715,-0.171771,-0.321448
0.966512,-0.21209,0.484477;-0.59399,0.716568,-0.176218,-0.320395
0.962392,-0.223443,0.482273;-0.589808,0.719388,-0.180657,-0.319327
0.958246,-0.234803,0.480035;-0.585599,0.722175,-0.185088,-0.318245
0.954078,-0.246165,0.477767;-0.581362,0.724929,-0.18951,-0.317147
0.94989,-0.257523,0.475469;-0.577099,0.727649,-0.193924,-0.316035
0.945686,-0.26887,0.473142;-0.572809,0.730335,-0.198328,-0.314908
0.941469,-0.280201,0.470788;-0.568492,0.732987,-0.202723,-0.313767
0.937241,-0.29151,0.468407;-0.564149,0.735606,-0.207109,-0.312611
0.933005,-0.30279,0.466001;-0.55978,0.73819,-0.211485,-0.311441
0.928766,-0.314037,0.463572;-0.555385,0.740741,-0.215852,-0.310256
0.924525,-0.325243,0.46112;-0.550964,0.743257,-0.220209,-0.309057
0.920285,-0.336402,0.458646;-0.546518,0.745738,-0.224555,-0.307844
0.91605,-0.34751,0.456153;-0.542047,0.748185,-0.228891,-0.306616
0.911823,-0.358559,0.45364;-0.53755,0.750598,-0.233216,-0.305374
0.907606,-0.369545,0.45111;-0.533028,0.752975,-0.237531,-0.304118
0.903403,-0.38046,0.448563;-0.528482,0.755318,-0.241834,-0.302848
0.899216,-0.391299,0.446001;-0.523912,0.757626,-0.246127,-0.301564
0.895049,-0.402056,0.443425;-0.519317,0.759899,-0.250408,-0.300266
0.890905,-0.412725,0.440836;-0.514698,0.762137,-0.254677,-0.298954
0.886786,-0.4233,0.438236;-0.510055,0.764339,-0.258935,-0.297628
0.882695,-0.433774,0.435625;-0.505389,0.766506,-0.26318,-0.296289
0.878636,-0.444143,0.433004;-0.500699,0.768637,-0.267414,-0.294936
0.874612,-0.4544,0.430376;-0.495986,0.770733,-0.271635,-0.293569
0.870625,-0.464539,0.427741;-0.49125,0.772794,-0.275843,-0.292188
0.866678,-0.474554,0.4251;-0.486492,0.774818,-0.280039,-0.290794
0.862775,-0.484439,0.422455;-0.48171,0.776807,-0.284222,-0.289387
0.858919,-0.494188,0.419807;-0.476907,0.778759,-0.288391,-0.287966
0.855112,-0.503795,0.417157;-0.472081,0.780676,-0.292547,-0.286532
0.851358,-0.513254,0.414506;-0.467234,0.782556,-0.29669,-0.285084
0.847659,-0.52256,0.411856;-0.462365,0.784401,-0.300819,-0.283624
0.844019,-0.531705,0.409208;-0.457475,0.786208,-0.304934,-0.28215
0.84044,-0.540685,0.406562;-0.452563,0.78798,-0.309035,-0.280663
0.836057,-0.551668,0.403261;-0.446394,0.790143,-0.314141,-0.278786
0.831781,-0.56237,0.399969;-0.440193,0.792249,-0.319224,-0.276889
0.827617,-0.572781,0.396688;-0.43396,0.794298,-0.324285,-0.274972
0.823572,-0.582888,0.393421;-0.427695,0.796289,-0.329321,-0.273035
0.819651,-0.59268,0.39017;-0.4214,0.798222,-0.334334,-0.271078
0.81586,-0.602145,0.386937;-0.415074,0.800098,-0.339323,-0.269102
0.812205,-0.611272,0.383725;-0.408718,0.801916,-0.344287,-0.267106
0.808006,-0.62176,0.379901;-0.401052,0.804021,-0.350211,-0.264686
0.804021,-0.631725,0.376114;-0.393345,0.806043,-0.356099,-0.262238
0.800261,-0.641144,0.372369;-0.385596,0.80798,-0.36195,-0.259763
0.796735,-0.649999,0.36867;-0.377807,0.809833,-0.367762,-0.257261
0.792931,-0.659589,0.364418;-0.36867,0.811889,-0.374496,-0.254307
0.789476,-0.66835,0.360239;-0.359481,0.813829,-0.381176,-0.251318
0.785975,-0.677308,0.355563;-0.348917,0.815905,-0.388744,-0.247858
0.782636,-0.685982,0.35044;-0.336955,0.81806,-0.397172,-0.243911
0.779711,-0.693799,0.344936;-0.323572,0.82023,-0.406428,-0.239458
0.777217,-0.700945,0.338107;-0.306035,0.822696,-0.418283,-0.233566
0.776433,-0.704857,0.328868;-0.280136,0.825576,-0.435242,-0.22475
0.779335,-0.700441,0.320629;-0.253945,0.827594,-0.451745,-0.2157
0.783609,-0.69229,0.315635;-0.23587,0.828477,-0.462766,-0.209377
0.788237,-0.683034,0.312179;-0.221887,0.82888,-0.471091,-0.204443
0.792814,-0.673689,0.309671;-0.210655,0.82903,-0.477652,-0.200454
0.797477,-0.664058,0.30767;-0.200794,0.829036,-0.483321,-0.196932
0.801975,-0.654697,0.306106;-0.19232,0.828947,-0.488125,-0.193892
0.806947,-0.644292,0.304684;-0.183825,0.828772,-0.492878,-0.190831
0.81146,-0.634811,0.303611;-0.176732,0.82856,-0.4968,-0.188265
0.816314,-0.624581,0.302643;-0.169625,0.828288,-0.500687,-0.185686
0.821515,-0.613589,0.301781;-0.162507,0.827956,-0.504537,-0.183093
0.825931,-0.604239,0.30117;-0.156804,0.827648,-0.50759,-0.181009
0.830576,-0.594389,0.30063;-0.151093,0.827301,-0.51062,-0.178917
0.835453,-0.584032,0.300163;-0.145375,0.826916,-0.513627,-0.176816
