0.812876,0.355489,0.410299;0.739642,-0.662968,0.0325638,-0.111095
0.811652,0.364444,0.415094;0.745133,-0.65801,0.032083,-0.103777
0.81049,0.373228,0.419843;0.750543,-0.652981,0.0315988,-0.0964477
0.809174,0.383544,0.425479;0.756927,-0.646853,0.0310132,-0.0876388
0.807944,0.393615,0.431047;0.763193,-0.640624,0.0304228,-0.0788163
0.806797,0.403444,0.436547;0.76934,-0.634294,0.0298276,-0.0699814
0.805731,0.41303,0.441978;0.775366,-0.627866,0.0292277,-0.0611355
0.804747,0.422376,0.447341;0.781271,-0.621339,0.0286233,-0.0522801
0.803841,0.431482,0.452636;0.787055,-0.614716,0.0280144,-0.0434166
0.803012,0.44035,0.457863;0.792715,-0.607996,0.0274012,-0.0345462
0.802259,0.44898,0.46302;0.798251,-0.601181,0.0267836,-0.0256705
0.801475,0.458752,0.46895;0.804553,-0.593112,0.0260579,-0.0153105
0.80079,0.468204,0.474786;0.810683,-0.584916,0.0253266,-0.00494722
0.8002,0.477339,0.480528;0.816641,-0.576597,0.0245899,0.0054171
0.799705,0.486159,0.486176;0.822425,-0.568154,0.023848,0.0157803
0.799301,0.494666,0.491728;0.828034,-0.559591,0.023101,0.0261401
0.798948,0.504007,0.497959;0.834229,-0.549659,0.0222413,0.0379729
0.798708,0.512944,0.504065;0.840192,-0.539574,0.0213754,0.0497952
0.798577,0.52148,0.510046;0.845922,-0.529339,0.0205036,0.0616037
0.798551,0.529618,0.515903;0.851417,-0.518958,0.0196261,0.073395
0.798643,0.538301,0.522343;0.857316,-0.507106,0.0186324,0.0866357
0.79886,0.546488,0.528624;0.862914,-0.495076,0.0176321,0.099846
0.799239,0.555008,0.535416;0.868777,-0.481505,0.0165134,0.114483
0.799757,0.562926,0.542011;0.874264,-0.467726,0.0153876,0.12907
0.80048,0.570948,0.549037;0.87986,-0.452334,0.0141415,0.145051
0.801353,0.578256,0.555823;0.884995,-0.436705,0.012888,0.160955
0.802466,0.585423,0.562951;0.890066,-0.419393,0.0115128,0.178209
0.803848,0.59225,0.570348;0.894933,-0.400344,0.010015,0.196775
0.805649,0.598932,0.578463;0.899731,-0.378,0.00827758,0.218016
0.807788,0.604668,0.586618;0.903882,-0.35376,0.00641552,0.240439
0.81043,0.609432,0.595174;0.90735,-0.326021,0.00431229,0.265344
0.813772,0.612773,0.604321;0.909784,-0.293083,0.00185106,0.293925
0.817856,0.61373,0.613669;0.910433,-0.254756,-0.000965836,0.325898
0.822488,0.611409,0.622455;0.908569,-0.21252,-0.00401453,0.359613
0.827034,0.605975,0.629578;0.904262,-0.171319,-0.00693497,0.391039
0.8312,0.598279,0.634976;0.898134,-0.133001,-0.00960534,0.419015
0.834719,0.589601,0.638742;0.892932,-0.0962926,-0.0073637,0.439712
0.83776,0.580281,0.641403;0.893487,-0.0494866,0.0132544,0.446158
0.840441,0.570444,0.64326;0.8919,-0.00630595,0.0321933,0.451042
0.842771,0.560433,0.644459;0.888698,0.0331347,0.0494231,0.454615
0.844768,0.550549,0.645136;0.884366,0.0687675,0.064933,0.457113
0.84655,0.540476,0.645419;0.879008,0.102428,0.079535,0.458832
0.848126,0.530343,0.645367;0.872836,0.134091,0.0932255,0.459875
0.849505,0.520267,0.645034;0.866047,0.16374,0.106006,0.460341
0.850776,0.50968,0.644426;0.858315,0.193212,0.118672,0.460305
0.851863,0.499298,0.643606;0.850218,0.220651,0.130428,0.459817
0.85278,0.489218,0.642622;0.841926,0.246071,0.141289,0.458964
0.853598,0.478768,0.641427;0.832932,0.271285,0.152032,0.457728
0.854264,0.46874,0.640128;0.823958,0.294497,0.161894,0.456239
0.854837,0.458403,0.638648;0.814393,0.317497,0.17164,0.454422
0.855312,0.447765,0.636985;0.804242,0.340269,0.181262,0.452279
0.85566,0.437682,0.635289;0.794359,0.361072,0.190029,0.450012
0.855918,0.42735,0.633437;0.783989,0.381654,0.198679,0.447469
0.856082,0.416775,0.63143;0.773139,0.402002,0.207208,0.444652
0.856149,0.40687,0.629454;0.762777,0.420439,0.214914,0.44183
0.856132,0.396766,0.627347;0.752022,0.43866,0.22251,0.438782
0.85603,0.386468,0.62511;0.740881,0.456654,0.229992,0.435507
0.855839,0.375979,0.622742;0.729358,0.474414,0.237355,0.432008
0.855557,0.365301,0.620243;0.71746,0.491929,0.244596,0.428287
0.85522,0.355434,0.617859;0.706323,0.507633,0.251069,0.424713
0.854805,0.345416,0.615366;0.694885,0.523121,0.257436,0.420958
0.854309,0.335251,0.612765;0.683152,0.538386,0.263693,0.417024
0.85373,0.32494,0.610056;0.671129,0.553422,0.269839,0.412913
0.853067,0.314487,0.607239;0.658819,0.568223,0.275869,0.408626
0.852317,0.303893,0.604314;0.64623,0.582783,0.281782,0.404166
0.851568,0.294241,0.601589;0.634665,0.595674,0.287001,0.400004
0.850746,0.28448,0.598777;0.622881,0.60836,0.292122,0.395705
0.84985,0.27461,0.595877;0.610882,0.620837,0.297142,0.391269
0.848878,0.264634,0.592889;0.598673,0.6331,0.302059,0.386699
0.84783,0.254554,0.589813;0.586257,0.645145,0.306872,0.381995
0.846704,0.244371,0.58665;0.57364,0.656967,0.31158,0.37716
0.845499,0.234088,0.583399;0.560825,0.668563,0.31618,0.372194
0.844213,0.223706,0.580061;0.547816,0.679929,0.320672,0.367101
0.842845,0.213227,0.576635;0.534619,0.691061,0.325053,0.361881
0.841393,0.202652,0.573121;0.521238,0.701954,0.329321,0.356536
0.840032,0.193175,0.569924;0.509193,0.711435,0.333021,0.351682
0.838603,0.183624,0.566657;0.497009,0.720721,0.33663,0.346732
0.837105,0.174003,0.563321;0.48469,0.729812,0.340147,0.341688
0.835538,0.164311,0.559916;0.472239,0.738703,0.343571,0.336551
0.8339,0.154551,0.556441;0.459659,0.747394,0.346902,0.331323
0.83219,0.144724,0.552897;0.446954,0.755881,0.350139,0.326004
0.830408,0.13483,0.549284;0.434128,0.764162,0.35328,0.320596
0.828552,0.124872,0.545601;0.421183,0.772236,0.356325,0.315101
0.826587,0.114675,0.541783;0.411093,0.778712,0.358108,0.310433
0.824718,0.105269,0.538219;0.424379,0.773667,0.351042,0.313227
0.822788,0.0958135,0.534599;0.437554,0.768422,0.343884,0.31594
0.820799,0.0863134,0.530925;0.450616,0.762977,0.336637,0.318571
0.818755,0.0767734,0.527201;0.463561,0.757333,0.329303,0.321119
0.816659,0.067198,0.523431;0.476385,0.751493,0.321883,0.323583
0.814515,0.0575917,0.519616;0.489086,0.745458,0.314379,0.325964
0.812326,0.0479592,0.515762;0.50166,0.739229,0.306794,0.32826
0.810096,0.0383051,0.511871;0.514103,0.732809,0.299129,0.330471
0.807828,0.0286338,0.507946;0.526413,0.726198,0.291387,0.332595
0.805525,0.0189501,0.503991;0.538586,0.719398,0.283569,0.334634
0.803191,0.00925846,0.500009;0.55062,0.712412,0.275677,0.336586
0.800829,-0.000436534,0.496003;0.56251,0.70524,0.267714,0.33845
0.798442,-0.0101303,0.491977;0.574254,0.697885,0.259681,0.340226
0.796034,-0.0198182,0.487934;0.585849,0.69035,0.25158,0.341914
0.793608,-0.0294957,0.483878;0.597292,0.682634,0.243415,0.343513
0.791168,-0.0391583,0.47981;0.60858,0.674742,0.235186,0.345023
0.788716,-0.0488013,0.475736;0.61971,0.666674,0.226896,0.346443
0.786257,-0.0584201,0.471658;0.630679,0.658434,0.218547,0.347774
0.783794,-0.0680102,0.467579;0.641484,0.650022,0.210141,0.349014
0.78133,-0.0775671,0.463504;0.652123,0.641441,0.201681,0.350163
0.778868,-0.087086,0.459434;0.662592,0.632694,0.193168,0.351222
0.776412,-0.0965625,0.455374;0.672889,0.623783,0.184605,0.352189
0.773965,-0.105992,0.451326;0.683011,0.614709,0.175995,0.353065
0.771531,-0.11537,0.447295;0.692956,0.605476,0.167338,0.353849
0.769112,-0.124691,0.443283;0.702721,0.596086,0.158638,0.354541
0.766713,-0.133952,0.439293;0.712303,0.58654,0.149897,0.355141
0.764337,-0.143148,0.43533;0.721701,0.576843,0.141117,0.355649
0.761987,-0.152273,0.431396;0.730911,0.566996,0.132301,0.356064
0.759666,-0.161324,0.427494;0.739931,0.557001,0.123449,0.356387
0.757378,-0.170296,0.423628;0.748759,0.546862,0.114566,0.356618
0.754848,-0.180289,0.419326;0.758458,0.535286,0.104537,0.356767
0.752368,-0.19017,0.415079;0.767908,0.523533,0.0944741,0.356798
0.749943,-0.199931,0.41089;0.777105,0.511609,0.0843798,0.356712
0.747579,-0.209568,0.406765;0.786047,0.499517,0.0742577,0.356509
0.74528,-0.219072,0.402709;0.794731,0.48726,0.0641112,0.356188
0.743051,-0.228438,0.398726;0.803153,0.474843,0.0539437,0.355751
0.740896,-0.237658,0.39482;0.811312,0.462271,0.0437584,0.355197
0.738821,-0.246727,0.390997;0.819203,0.449546,0.0335587,0.354526
0.736615,-0.256619,0.386852;0.827656,0.435234,0.022213,0.353643
0.734519,-0.266305,0.382821;0.835773,0.420746,0.0108582,0.352617
0.73254,-0.275779,0.378911;0.84355,0.406087,-0.000500974,0.351448
0.730686,-0.285031,0.375128;0.850986,0.391263,-0.0118599,0.350137
0.728796,-0.294941,0.371121;0.858766,0.374773,-0.0243491,0.34853
0.727073,-0.30456,0.367285;0.866124,0.3581,-0.0368263,0.346752
0.725526,-0.313875,0.363627;0.873057,0.341251,-0.0492854,0.344804
0.724048,-0.323678,0.359851;0.880132,0.322679,-0.0628493,0.342486
0.722801,-0.33309,0.356309;0.886692,0.303919,-0.0763765,0.339968
0.721724,-0.342827,0.352749;0.893214,0.283395,-0.0909804,0.337015
0.720898,-0.352758,0.349254;0.899552,0.261076,-0.106638,0.333577
0.720417,-0.362732,0.345918;0.905549,0.236932,-0.123319,0.3296
0.72039,-0.372578,0.34285;0.911035,0.210941,-0.140987,0.325025
0.720993,-0.382632,0.340036;0.916075,0.181441,-0.160689,0.319475
0.722493,-0.39247,0.337745;0.920263,0.148384,-0.18233,0.312817
0.725366,-0.401961,0.336262;0.923231,0.110075,-0.20685,0.304533
0.730631,-0.410731,0.336231;0.924171,0.0631271,-0.236096,0.293567
0.738582,-0.416526,0.33851;0.921916,0.0126068,-0.266595,0.280783
0.747877,-0.418382,0.342715;0.923543,0.0349694,-0.264834,0.275153
0.756954,-0.417563,0.347636;0.925113,0.0729265,-0.2547,0.271984
0.765581,-0.415274,0.352772;0.925316,0.105103,-0.245773,0.268958
0.773816,-0.412086,0.357973;0.924632,0.133398,-0.237668,0.266036
0.781975,-0.408154,0.36335;0.923263,0.159701,-0.229914,0.263099
0.789918,-0.403705,0.368761;0.921361,0.184016,-0.222558,0.260192
0.797528,-0.398937,0.374086;0.919068,0.206355,-0.215637,0.257357
0.804713,-0.394025,0.379225;0.916514,0.22673,-0.209187,0.254631
0.812074,-0.388611,0.384591;0.913528,0.246999,-0.202638,0.251786
0.818899,-0.383265,0.389651;0.91044,0.265324,-0.196602,0.249096
0.825832,-0.377526,0.39487;0.906999,0.283547,-0.19049,0.24631
0.832857,-0.371406,0.400234;0.903204,0.301659,-0.184303,0.243427
0.839955,-0.364916,0.405728;0.899058,0.319653,-0.178044,0.24045
0.846393,-0.358767,0.410774;0.895028,0.335742,-0.172353,0.237691
0.852863,-0.352335,0.415905;0.890715,0.351726,-0.166606,0.234857
0.859354,-0.345628,0.42111;0.886122,0.367598,-0.160808,0.231948
0.865853,-0.338653,0.42638;0.88125,0.383355,-0.154958,0.228967
0.872346,-0.33142,0.431704;0.8761,0.398991,-0.14906,0.225914
0.878103,-0.324778,0.436474;0.87129,0.412784,-0.143778,0.223139
0.883838,-0.317944,0.441272;0.866263,0.426474,-0.13846,0.22031
0.88954,-0.310923,0.446092;0.861021,0.440058,-0.133107,0.217425
0.895202,-0.30372,0.450924;0.855565,0.453533,-0.127721,0.214487
0.900814,-0.29634,0.455764;0.849895,0.466894,-0.122304,0.211495
0.906367,-0.288791,0.460603;0.844014,0.48014,-0.116856,0.20845
0.911853,-0.281076,0.465435;0.837922,0.493265,-0.111379,0.205354
0.917262,-0.273202,0.470252;0.831622,0.506269,-0.105874,0.202206
0.922586,-0.265175,0.475047;0.825115,0.519146,-0.100343,0.199008
0.927815,-0.256999,0.479813;0.818403,0.531893,-0.0947867,0.19576
0.932941,-0.248681,0.484544;0.811486,0.544509,-0.0892069,0.192464
0.937955,-0.240226,0.489231;0.804368,0.556988,-0.0836049,0.18912
0.942848,-0.23164,0.493868;0.797049,0.569329,-0.0779822,0.185729
0.947611,-0.222928,0.498449;0.789532,0.581529,-0.07234,0.182291
0.952235,-0.214096,0.502964;0.781819,0.593583,-0.0666797,0.178808
0.956711,-0.20515,0.507409;0.77391,0.60549,-0.0610029,0.175281
0.961031,-0.196095,0.511775;0.76581,0.617246,-0.0553109,0.17171
0.965184,-0.186937,0.516055;0.757518,0.628848,-0.0496052,0.168096
0.969164,-0.177681,0.520243;0.749038,0.640294,-0.043887,0.16444
0.972959,-0.168333,0.524331;0.740371,0.65158,-0.038158,0.160743
0.976562,-0.158899,0.528312;0.73152,0.662704,-0.0324194,0.157007
0.979964,-0.149384,0.532179;0.722487,0.673663,-0.0266728,0.153231
0.983155,-0.139794,0.535925;0.713273,0.684454,-0.0209196,0.149417
0.986128,-0.130134,0.539542;0.703883,0.695075,-0.0151611,0.145566
0.988872,-0.120411,0.543025;0.694317,0.705523,-0.00939884,0.141679
0.991379,-0.110629,0.546365;0.684578,0.715795,-0.00363425,0.137756
0.99364,-0.100794,0.549556;0.674669,0.725889,0.00213124,0.133799
0.995646,-0.0909123,0.55259;0.664591,0.735803,0.0078962,0.129809
0.997389,-0.080989,0.55546;0.654349,0.745533,0.0136592,0.125786
0.998858,-0.0710297,0.55816;0.643943,0.755077,0.0194188,0.121732
1.00005,-0.0610402,0.560682;0.633377,0.764433,0.0251735,0.117648
1.00094,-0.0510259,0.563018;0.622654,0.7736,0.030922,0.113535
1.00154,-0.0409926,0.565163;0.611775,0.782573,0.0366628,0.109393
1.00183,-0.0309458,0.567109;0.600744,0.791352,0.0423945,0.105224
1.0018,-0.0208911,0.568848;0.589563,0.799933,0.0481156,0.101029
1.00145,-0.0108341,0.570374;0.578236,0.808316,0.0538247,0.0968083
1.00076,-0.000780498,0.57168;0.566765,0.816497,0.0595205,0.0925639
0.999728,0.00926417,0.572758;0.555152,0.824475,0.0652014,0.0882964
0.998341,0.0192943,0.573601;0.543401,0.832247,0.070866,0.0840069
0.996593,0.0293042,0.574203;0.531515,0.839813,0.0765131,0.0796965
0.994391,0.0396605,0.574566;0.538728,0.834612,0.0746194,0.0873308
0.991732,0.0502566,0.574671;0.5483,0.827584,0.0717564,0.0965597
0.988685,0.0608202,0.574516;0.557743,0.820361,0.0688765,0.105766
0.98527,0.0713499,0.574113;0.567056,0.812946,0.0659805,0.114947
0.981505,0.0818444,0.573476;0.576236,0.80534,0.063069,0.124102
0.977407,0.0923023,0.572615;0.585281,0.797546,0.0601427,0.133227
0.972994,0.102722,0.571545;0.594189,0.789565,0.0572023,0.142322
0.968891,0.111807,0.570445;0.601869,0.782429,0.0546185,0.150252
0.964573,0.120861,0.569201;0.609441,0.775153,0.0520248,0.158155
0.960052,0.129883,0.567822;0.616903,0.767738,0.0494218,0.16603
0.955342,0.138872,0.566317;0.624255,0.760185,0.04681,0.173875
0.950455,0.147827,0.564692;0.631495,0.752496,0.0441897,0.181689
0.945402,0.156747,0.562957;0.638622,0.744672,0.0415615,0.18947
0.940196,0.165632,0.56112;0.645634,0.736714,0.0389259,0.197217
0.934848,0.17448,0.559189;0.65253,0.728624,0.0362833,0.204929
0.929372,0.18329,0.557171;0.659309,0.720403,0.0336341,0.212604
0.92378,0.192062,0.555077;0.66597,0.712052,0.0309789,0.220241
0.918083,0.200794,0.552913;0.672511,0.703574,0.0283182,0.227838
0.912294,0.209486,0.550688;0.678931,0.69497,0.0256524,0.235394
0.906425,0.218136,0.54841;0.68523,0.686241,0.022982,0.242909
0.900489,0.226744,0.546087;0.691406,0.677389,0.0203074,0.250379
0.894497,0.235309,0.543728;0.697457,0.668415,0.0176292,0.257805
0.888462,0.24383,0.541341;0.703384,0.659322,0.0149479,0.265184
0.882395,0.252306,0.538934;0.709184,0.65011,0.0122638,0.272516
0.87631,0.260736,0.536516;0.714857,0.640781,0.00957758,0.279799
0.870219,0.269118,0.534094;0.720402,0.631337,0.00688962,0.287032
0.864133,0.277453,0.531677;0.725817,0.62178,0.00420042,0.294213
0.858064,0.28574,0.529273;0.731102,0.612112,0.00151047,0.301341
0.852026,0.293976,0.52689;0.736256,0.602333,-0.00117975,0.308416
0.84603,0.302162,0.524537;0.741278,0.592447,-0.00386976,0.315435
0.840089,0.310297,0.522221;0.746166,0.582454,-0.00655908,0.322397
0.834214,0.318378,0.519952;0.750921,0.572357,-0.00924721,0.329301
0.828418,0.326407,0.517737;0.755541,0.562157,-0.0119337,0.336147
0.822713,0.334381,0.515584;0.760026,0.551856,-0.014618,0.342932
0.816321,0.343426,0.513212;0.764984,0.539962,-0.0176826,0.350611
0.810082,0.352398,0.510943;0.769762,0.527942,-0.020743,0.358208
0.804014,0.361295,0.508792;0.774361,0.515798,-0.0237986,0.36572
0.798136,0.370116,0.50677;0.778778,0.503533,-0.0268486,0.373147
0.792466,0.378858,0.50489;0.783012,0.49115,-0.0298923,0.380487
0.787022,0.387522,0.503164;0.787063,0.478652,-0.032929,0.387737
0.781822,0.396105,0.501604;0.790929,0.466042,-0.0359579,0.394897
0.776288,0.405663,0.500063;0.795057,0.451725,-0.0393554,0.402841
0.771111,0.415115,0.498765;0.798949,0.437274,-0.0427412,0.410665
0.766319,0.42446,0.497729;0.802604,0.422693,-0.0461143,0.418367
0.761937,0.433695,0.49697;0.80602,0.407987,-0.0494738,0.425946
0.757581,0.443825,0.496476;0.809536,0.391506,-0.0531892,0.434218
0.7538,0.453814,0.496371;0.812756,0.37488,-0.0568852,0.442331
0.750628,0.463661,0.496679;0.815678,0.358118,-0.0605604,0.450282
0.748101,0.473361,0.497425;0.818301,0.341224,-0.0642133,0.458068
0.74611,0.48386,0.49878;0.82084,0.322497,-0.0682044,0.466439
0.74499,0.494176,0.500725;0.823016,0.303627,-0.0721652,0.474603
0.744789,0.504304,0.503293;0.824827,0.284622,-0.0760941,0.482557
0.745555,0.514242,0.506514;0.826272,0.265492,-0.0799892,0.490297
0.747333,0.523985,0.510422;0.827351,0.246243,-0.0838489,0.497819
0.750173,0.53353,0.515049;0.828063,0.226886,-0.0876714,0.505121
0.753716,0.542033,0.519905;0.828393,0.209201,-0.0911127,0.511565
0.75821,0.550367,0.525405;0.828419,0.191439,-0.0945207,0.517822
0.763098,0.557721,0.530926;0.828182,0.175393,-0.0975583,0.523291
0.768811,0.564933,0.537006;0.827701,0.159295,-0.100567,0.528605
0.774604,0.571223,0.542893;0.827066,0.144946,-0.103216,0.533196
0.781088,0.577399,0.549248;0.826238,0.130563,-0.105842,0.537663
0.787343,0.582708,0.555201;0.825354,0.117953,-0.108118,0.541468
