1.0311,0.57094,0.512187;0.628661,0.748704,0.174595,0.117236
1.02331,0.564233,0.513131;0.621579,0.755352,0.171556,0.116843
1.01569,0.557683,0.514061;0.614432,0.761921,0.1685,0.116438
1.00675,0.550026,0.515159;0.605772,0.769699,0.16481,0.115937
0.99805,0.54259,0.516236;0.597022,0.777362,0.161094,0.115418
0.989576,0.53537,0.517293;0.588182,0.78491,0.157355,0.114882
0.981327,0.528364,0.518331;0.579255,0.79234,0.153592,0.114328
0.973299,0.52157,0.519349;0.570241,0.799651,0.149807,0.113758
0.965491,0.514983,0.520349;0.561142,0.806844,0.145999,0.11317
0.956654,0.507557,0.521491;0.550421,0.815082,0.141528,0.112464
0.948105,0.500406,0.522608;0.539587,0.823155,0.137029,0.111734
0.939841,0.493525,0.523701;0.528644,0.83106,0.132502,0.110982
0.931855,0.48691,0.524769;0.517594,0.838797,0.127949,0.110207
0.924144,0.480554,0.525813;0.506438,0.846363,0.123369,0.10941
0.91566,0.473604,0.526979;0.493562,0.854799,0.118104,0.108472
0.907521,0.466981,0.528114;0.480556,0.863008,0.112808,0.107504
0.899719,0.460679,0.52922;0.467422,0.870988,0.107482,0.106509
0.891336,0.453963,0.530431;0.452498,0.879689,0.101456,0.105355
0.88336,0.447633,0.531606;0.437422,0.888094,0.0953957,0.104165
0.874962,0.441042,0.532873;0.420498,0.897083,0.0886248,0.102803
0.86704,0.434902,0.534098;0.403401,0.9057,0.0818172,0.101398
0.858858,0.428653,0.5354;0.3844,0.914744,0.0742897,0.0998034
0.850546,0.422419,0.536768;0.363452,0.924087,0.0660355,0.098007
0.842237,0.416326,0.538191;0.340514,0.933585,0.0570491,0.095995
0.834063,0.410499,0.539657;0.315545,0.943081,0.0473268,0.0937529
0.825655,0.404725,0.541253;0.286696,0.952995,0.036169,0.0910973
0.817317,0.399291,0.542955;0.253878,0.962937,0.0235712,0.0879942
0.80862,0.394067,0.544909;0.213309,0.973329,0.00813247,0.0840414
0.799703,0.389455,0.547217;0.161066,0.983728,-0.0115363,0.0787675
0.790564,0.38627,0.55022;0.0855681,0.993027,-0.0395537,0.0707935
0.782377,0.38817,0.554921;0.110763,0.991723,-0.0414393,0.0499969
0.782276,0.397149,0.558976;0.182443,0.982418,-0.0294031,0.0265636
0.786121,0.406196,0.561421;0.23392,0.971993,-0.0205361,0.0094145
0.79134,0.414663,0.563215;0.278366,0.960374,-0.0127237,-0.00561697
0.797619,0.422708,0.564688;0.322146,0.946453,-0.00488087,-0.020635
0.80495,0.429976,0.565936;0.369204,0.928603,0.00372166,-0.0370252
0.796279,0.428898,0.565441;0.33392,0.940008,-0.0160523,-0.0680009
0.78642,0.427248,0.564703;0.29723,0.949431,-0.0347785,-0.0950014
0.776349,0.425219,0.563694;0.261509,0.956199,-0.0525726,-0.120553
0.766636,0.422647,0.562355;0.226931,0.960607,-0.0694079,-0.144631
0.757257,0.419242,0.56055;0.191881,0.96302,-0.086099,-0.168409
0.748253,0.41454,0.55805;0.154651,0.963398,-0.103431,-0.192998
0.74062,0.408446,0.55482;0.117067,0.96157,-0.120527,-0.217146
0.734874,0.400719,0.550752;0.0792142,0.957538,-0.137346,-0.240795
0.731728,0.39212,0.546257;0.0448078,0.951999,-0.152294,-0.261718
0.730891,0.382979,0.541509;0.01395,0.945529,-0.165426,-0.280024
0.731929,0.373672,0.536703;-0.0132964,0.938641,-0.176808,-0.295828
0.734328,0.364594,0.532037;-0.0368986,0.931784,-0.186506,-0.309246
0.737541,0.356134,0.527705;-0.0568451,0.925342,-0.194584,-0.320387
0.741584,0.347556,0.523328;-0.0880319,0.922192,-0.195309,-0.321974
0.746046,0.339329,0.519139;-0.122945,0.920192,-0.192003,-0.318223
0.75087,0.331228,0.515021;-0.155537,0.917274,-0.188687,-0.314347
0.755874,0.323378,0.511033;-0.185803,0.913643,-0.185404,-0.310417
0.761306,0.315294,0.506928;-0.215892,0.909139,-0.181945,-0.306191
0.766689,0.307618,0.503029;-0.243647,0.904179,-0.178577,-0.302005
0.772354,0.299814,0.499065;-0.271202,0.898474,-0.175061,-0.29757
0.778259,0.291919,0.495051;-0.298533,0.892029,-0.171402,-0.29289
0.784361,0.283968,0.491005;-0.325618,0.884848,-0.167601,-0.287969
0.790133,0.27661,0.487256;-0.350382,0.877573,-0.16397,-0.283215
0.796003,0.269262,0.483507;-0.374901,0.869682,-0.160224,-0.278263
0.801938,0.261954,0.479771;-0.399156,0.861181,-0.156365,-0.273115
0.807905,0.254712,0.476063;-0.423131,0.852075,-0.152397,-0.267776
0.813871,0.247565,0.472394;-0.446808,0.842371,-0.148322,-0.262249
0.820294,0.239962,0.46848;-0.472105,0.831191,-0.14379,-0.256053
0.826633,0.23254,0.464645;-0.497013,0.819326,-0.139139,-0.249647
0.832847,0.225333,0.460907;-0.521511,0.806787,-0.134373,-0.243034
0.83935,0.217854,0.457008;-0.547412,0.792539,-0.129118,-0.23569
0.845605,0.21071,0.453261;-0.572791,0.777535,-0.123739,-0.22812
0.851971,0.20348,0.44944;-0.599374,0.760635,-0.117844,-0.219768
0.858308,0.196312,0.445613;-0.627005,0.741689,-0.111415,-0.210594
0.864781,0.188999,0.441652;-0.657152,0.719269,-0.104016,-0.199959
0.871025,0.181918,0.437733;-0.689429,0.693028,-0.0956027,-0.187773
0.8772,0.174803,0.433637;-0.727879,0.658333,-0.0848259,-0.172029
0.882756,0.16778,0.429009;-0.788764,0.594029,-0.0657043,-0.14375
