0.813211,-0.105676,0.37961;-0.134468,0.783613,-0.399203,-0.456625
0.815436,-0.102126,0.388719;-0.131978,0.810791,-0.356517,-0.445079
0.817531,-0.0961588,0.39696;-0.129253,0.834823,-0.314632,-0.432863
0.819329,-0.089,0.403779;-0.126605,0.854149,-0.277337,-0.42129
0.820929,-0.0810528,0.409642;-0.124,0.870233,-0.243136,-0.410127
0.822418,-0.0723056,0.414935;-0.121355,0.884218,-0.210385,-0.39896
0.823802,-0.063014,0.419706;-0.1187,0.896291,-0.179182,-0.387901
0.825084,-0.0534033,0.424;-0.116066,0.906631,-0.149609,-0.37705
0.826267,-0.0436713,0.427857;-0.113479,0.915414,-0.121733,-0.366498
0.827355,-0.0339908,0.431311;-0.110966,0.922809,-0.0956091,-0.356327
0.828351,-0.024512,0.434397;-0.108548,0.928976,-0.0712778,-0.346613
0.829333,-0.0145861,0.437368;-0.106051,0.934464,-0.0468945,-0.336646
0.830301,-0.00423686,0.440226;-0.103476,0.939271,-0.0224769,-0.326433
0.831181,0.00567135,0.442767;-0.101032,0.943098,7.73427e-05,-0.316793
0.832049,0.0159012,0.445215;-0.0985257,0.946339,0.0226316,-0.306957
0.832904,0.0264338,0.447574;-0.0959578,0.948991,0.0451717,-0.296929
0.833678,0.0363388,0.449658;-0.0935513,0.950904,0.0658092,-0.287575
0.83444,0.0464681,0.45167;-0.091096,0.952319,0.0864122,-0.27807
0.835191,0.0568072,0.453611;-0.088593,0.953236,0.10697,-0.26842
0.835932,0.0673416,0.455482;-0.0860437,0.953655,0.127472,-0.25863
0.836661,0.0780571,0.457285;-0.0834494,0.953575,0.147907,-0.248704
0.837315,0.0879432,0.458867;-0.081053,0.95307,0.166418,-0.239568
0.837959,0.0979561,0.460394;-0.0786217,0.952153,0.184857,-0.230328
0.838594,0.108085,0.461868;-0.0761563,0.950825,0.203216,-0.220989
0.839219,0.118319,0.463291;-0.0736581,0.949085,0.221487,-0.211554
0.839835,0.128647,0.464664;-0.071128,0.946936,0.239662,-0.202028
0.840442,0.139058,0.465986;-0.0685672,0.944377,0.257734,-0.192414
0.841038,0.149542,0.467261;-0.0659767,0.941411,0.275694,-0.182718
0.841625,0.160087,0.468488;-0.0633578,0.938037,0.293536,-0.172942
0.842202,0.170684,0.469668;-0.0607114,0.934258,0.31125,-0.163092
0.842769,0.18132,0.470804;-0.0580389,0.930076,0.32883,-0.153171
0.843326,0.191985,0.471896;-0.0553412,0.925491,0.346268,-0.143184
0.843873,0.202669,0.472945;-0.0526197,0.920507,0.363556,-0.133135
0.84441,0.213359,0.473953;-0.0498754,0.915125,0.380688,-0.123029
0.844936,0.224047,0.474919;-0.0471095,0.909347,0.397654,-0.112869
0.845453,0.23472,0.475847;-0.0443233,0.903177,0.414449,-0.102661
0.845959,0.245367,0.476736;-0.041518,0.896616,0.431065,-0.0924081
0.846454,0.255979,0.477587;-0.0386947,0.889668,0.447494,-0.0821154
0.846939,0.266544,0.478403;-0.0358546,0.882335,0.46373,-0.0717873
0.847413,0.277051,0.479183;-0.0329991,0.874621,0.479766,-0.0614281
0.847877,0.28749,0.47993;-0.0301293,0.866529,0.495595,-0.0510425
0.84833,0.297849,0.480644;-0.0272465,0.858063,0.511209,-0.0406347
0.848771,0.308117,0.481326;-0.024352,0.849226,0.526602,-0.0302094
0.849202,0.318285,0.481977;-0.0214469,0.840022,0.541768,-0.019771
0.849622,0.32834,0.482599;-0.0185325,0.830455,0.5567,-0.00932413
0.850072,0.339259,0.483251;-0.0153175,0.819517,0.572846,0.00217194
0.850507,0.350015,0.48387;-0.0120945,0.80815,0.588694,0.0136669
0.850929,0.360593,0.484457;-0.00886521,0.796361,0.604233,0.0251547
0.851338,0.370979,0.485015;-0.00563125,0.784156,0.619457,0.0366293
0.851732,0.381158,0.485544;-0.00239434,0.77154,0.634356,0.0480848
0.852146,0.392011,0.486091;0.0011382,0.757318,0.650232,0.0605528
0.851989,0.385328,0.486009;-0.0155831,0.756071,0.65116,0.0640676
0.851721,0.375334,0.485806;-0.0349088,0.757499,0.648623,0.0652984
0.851448,0.365043,0.485601;-0.0542212,0.758637,0.645838,0.0665041
0.851169,0.354466,0.485396;-0.0735127,0.759484,0.642805,0.0676843
0.850884,0.343617,0.485191;-0.0927761,0.76004,0.639525,0.0688385
0.850595,0.332504,0.484986;-0.112004,0.760305,0.636,0.0699664
0.850331,0.322289,0.484802;-0.129272,0.760293,0.63262,0.0709585
0.850063,0.311878,0.484618;-0.146501,0.760046,0.629042,0.0719287
0.849791,0.301281,0.484436;-0.163684,0.759562,0.625269,0.0728764
0.849517,0.290505,0.484254;-0.180816,0.758843,0.621303,0.0738015
0.84924,0.27956,0.484073;-0.197891,0.757887,0.617143,0.0747037
0.84896,0.268452,0.483893;-0.214906,0.756697,0.612791,0.0755827
0.848709,0.25845,0.483735;-0.229974,0.755441,0.608763,0.0763444
0.848456,0.248333,0.483578;-0.244985,0.754,0.604586,0.0770873
0.848202,0.238106,0.483423;-0.259937,0.752374,0.60026,0.0778112
0.847947,0.227776,0.483269;-0.274824,0.750563,0.595787,0.0785161
0.84769,0.217348,0.483118;-0.289645,0.748568,0.591167,0.0792017
0.847432,0.206828,0.482968;-0.304394,0.746389,0.586403,0.0798679
0.847173,0.196221,0.48282;-0.319068,0.744028,0.581495,0.0805145
0.846914,0.185535,0.482674;-0.333664,0.741483,0.576444,0.0811413
0.846653,0.174774,0.482531;-0.348178,0.738757,0.571251,0.0817482
0.846393,0.163945,0.482391;-0.362607,0.735849,0.565918,0.082335
0.846132,0.153053,0.482253;-0.376947,0.73276,0.560447,0.0829016
0.84587,0.142104,0.482118;-0.391194,0.729492,0.554838,0.0834479
0.845609,0.131104,0.481985;-0.405345,0.726045,0.549092,0.0839737
0.845348,0.120058,0.481856;-0.419397,0.722419,0.543212,0.0844789
0.845088,0.108974,0.481731;-0.433346,0.718617,0.537199,0.0849633
0.844828,0.0978556,0.481608;-0.447188,0.714638,0.531054,0.0854269
0.844569,0.0867098,0.48149;-0.460921,0.710483,0.524778,0.0858696
0.84431,0.0755422,0.481375;-0.474541,0.706154,0.518374,0.0862911
0.844052,0.0643586,0.481263;-0.488044,0.701652,0.511842,0.0866915
0.843796,0.0531649,0.481156;-0.501427,0.696978,0.505185,0.0870706
0.843541,0.0419669,0.481053;-0.514687,0.692132,0.498404,0.0874284
0.843287,0.0307704,0.480954;-0.527821,0.687117,0.4915,0.0877647
0.843036,0.0195813,0.48086;-0.540826,0.681933,0.484476,0.0880794
0.842785,0.00840546,0.48077;-0.553697,0.676582,0.477333,0.0883725
0.842537,-0.00275133,0.480685;-0.566433,0.671064,0.470073,0.088644
0.842291,-0.0138832,0.480605;-0.57903,0.665382,0.462697,0.0888936
0.842047,-0.0249843,0.480529;-0.591485,0.659537,0.455208,0.0891215
0.841806,-0.0360489,0.480459;-0.603794,0.653529,0.447607,0.0893275
0.841567,-0.047071,0.480395;-0.615956,0.647362,0.439897,0.0895116
0.841332,-0.0580448,0.480335;-0.627966,0.641035,0.432078,0.0896737
0.841099,-0.0689644,0.480281;-0.639822,0.634552,0.424153,0.0898137
0.840869,-0.0798242,0.480233;-0.651521,0.627912,0.416125,0.0899318
0.840642,-0.0906181,0.480191;-0.66306,0.621118,0.407994,0.0900278
0.840419,-0.10134,0.480155;-0.674436,0.614172,0.399763,0.0901016
0.840199,-0.111985,0.480125;-0.685647,0.607075,0.391433,0.0901534
0.839983,-0.122546,0.480102;-0.69669,0.599829,0.383008,0.0901831
0.839771,-0.133019,0.480084;-0.707561,0.592436,0.374489,0.0901906
0.839563,-0.143396,0.480074;-0.718259,0.584898,0.365878,0.0901759
0.839359,-0.153672,0.48007;-0.728781,0.577216,0.357177,0.0901392
0.83916,-0.163842,0.480073;-0.739124,0.569392,0.348388,0.0900803
0.838965,-0.173899,0.480083;-0.749285,0.561429,0.339514,0.0899993
0.838752,-0.185072,0.480103;-0.760497,0.552305,0.329431,0.0898818
0.838544,-0.196086,0.480132;-0.771472,0.54301,0.319246,0.0897364
0.838343,-0.206934,0.480171;-0.782208,0.533547,0.308962,0.0895631
0.838149,-0.217607,0.48022;-0.792701,0.523917,0.298581,0.0893619
0.837962,-0.228097,0.480278;-0.802947,0.514125,0.288108,0.0891331
0.837781,-0.238395,0.480346;-0.812944,0.504173,0.277546,0.0888765
0.837608,-0.248494,0.480425;-0.822689,0.494065,0.266897,0.0885923
0.837425,-0.25947,0.480525;-0.833217,0.482654,0.254968,0.0882443
0.837251,-0.270178,0.480639;-0.843425,0.471057,0.242941,0.0878624
0.837087,-0.280607,0.480765;-0.853309,0.45928,0.230821,0.0874469
0.836934,-0.290744,0.480906;-0.862867,0.447327,0.218613,0.0869978
0.836777,-0.301545,0.481077;-0.872997,0.43398,0.205087,0.0864653
0.836634,-0.311965,0.481266;-0.882723,0.420432,0.191466,0.0858926
0.836504,-0.321989,0.481472;-0.892039,0.406689,0.177756,0.0852801
0.836379,-0.332454,0.481719;-0.90173,0.391482,0.162705,0.0845668
0.836262,-0.343215,0.48201;-0.911667,0.374763,0.1463,0.0837414
0.836167,-0.353353,0.482329;-0.921012,0.357802,0.1298,0.0828617
0.836089,-0.363546,0.482702;-0.930409,0.339277,0.111936,0.0818543
0.836033,-0.373597,0.483138;-0.939701,0.319147,0.0927039,0.0807067
0.836008,-0.383852,0.483679;-0.949251,0.296,0.0708115,0.079322
0.836032,-0.3943,0.484379;-0.959139,0.268351,0.0449572,0.0775805
0.836139,-0.404407,0.485315;-0.969062,0.234632,0.0138444,0.0753338
0.836469,-0.414266,0.486923;-0.979928,0.183105,-0.0328606,0.0716536
0.838028,-0.412064,0.49145;-0.988711,0.0816573,-0.00997926,0.125235
0.838973,-0.402198,0.493513;-0.988033,0.0401287,0.00379619,0.148881
0.839788,-0.391849,0.495078;-0.985921,0.00891155,0.0141235,0.166377
0.840533,-0.381471,0.496373;-0.983112,-0.0171141,0.0227152,0.180782
0.841225,-0.371294,0.497475;-0.979909,-0.0396572,0.0301438,0.193124
0.8419,-0.360999,0.498467;-0.976321,-0.060441,0.0369817,0.204394
0.842549,-0.35086,0.499349;-0.972501,-0.0794603,0.0432298,0.214613
0.843226,-0.340102,0.500196;-0.968176,-0.0984383,0.0494555,0.22472
0.843864,-0.329828,0.500933;-0.963807,-0.115647,0.0550929,0.233808
0.844523,-0.31912,0.501632;-0.959024,-0.132806,0.0607067,0.242795
0.845134,-0.309145,0.502225;-0.954368,-0.1482,0.0657368,0.250794
0.845761,-0.298878,0.502781;-0.949379,-0.163543,0.0707441,0.258706
0.846403,-0.288346,0.503297;-0.944059,-0.178829,0.0757268,0.266528
0.84706,-0.277578,0.503768;-0.938412,-0.194053,0.0806831,0.274258
0.847731,-0.2666,0.504192;-0.932437,-0.209209,0.0856114,0.281891
0.848415,-0.25544,0.504566;-0.926139,-0.224292,0.0905098,0.289427
0.849035,-0.24539,0.504853;-0.920269,-0.237635,0.0948376,0.296041
0.849665,-0.235238,0.505094;-0.914147,-0.250911,0.0991394,0.302574
0.850304,-0.225002,0.505289;-0.907773,-0.264119,0.103414,0.309023
0.850953,-0.214702,0.505433;-0.901149,-0.277254,0.10766,0.315387
0.85161,-0.204358,0.505526;-0.894278,-0.290313,0.111876,0.321665
0.852276,-0.193989,0.505564;-0.887161,-0.303292,0.116062,0.327854
0.85295,-0.183615,0.505546;-0.8798,-0.316188,0.120216,0.333954
0.853631,-0.173254,0.505468;-0.872197,-0.328997,0.124336,0.339961
0.85432,-0.162926,0.505329;-0.864355,-0.341715,0.128423,0.345875
0.855016,-0.15265,0.505126;-0.856274,-0.35434,0.132474,0.351693
0.855718,-0.142446,0.504856;-0.847959,-0.366867,0.136489,0.357415
0.856426,-0.132333,0.504519;-0.83941,-0.379293,0.140466,0.363039
0.85714,-0.122331,0.50411;-0.83063,-0.391615,0.144405,0.368563
0.857949,-0.111234,0.503563;-0.82048,-0.405348,0.148788,0.374657
0.858765,-0.100329,0.502919;-0.810045,-0.41894,0.15312,0.380619
0.859586,-0.089644,0.502177;-0.799327,-0.432387,0.157399,0.38645
0.860412,-0.0792057,0.501331;-0.788332,-0.445683,0.161622,0.392146
0.861243,-0.0690419,0.50038;-0.777062,-0.458823,0.16579,0.397705
0.862171,-0.0581044,0.499194;-0.764223,-0.473237,0.170352,0.40372
0.863102,-0.0475776,0.497869;-0.751056,-0.487447,0.174842,0.409562
0.864037,-0.0374994,0.496399;-0.737566,-0.501448,0.179256,0.415227
0.865069,-0.0269767,0.494611;-0.722361,-0.5166,0.184023,0.421253
0.866102,-0.0170929,0.492636;-0.706781,-0.531483,0.188694,0.42706
0.867231,-0.00709826,0.490262;-0.689366,-0.547404,0.193678,0.433142
0.868454,0.00272784,0.487423;-0.670019,-0.564269,0.198942,0.439428
0.869769,0.0120522,0.484044;-0.64864,-0.581974,0.20445,0.44584
0.871266,0.0209816,0.479756;-0.623539,-0.601606,0.210533,0.452709
0.873033,0.0289874,0.474051;-0.592843,-0.624059,0.217455,0.460218
0.875197,0.0346233,0.466016;-0.560487,-0.646616,0.224028,0.466426
0.877506,0.0351881,0.456079;-0.606277,-0.622709,0.212266,0.446771
0.879433,0.0317404,0.446781;-0.643516,-0.600924,0.201783,0.429024
0.881079,0.0263671,0.438182;-0.674495,-0.581002,0.192358,0.412906
0.882542,0.0200175,0.430101;-0.701241,-0.562336,0.183646,0.397886
0.883911,0.0129743,0.422207;-0.725539,-0.544067,0.175217,0.383254
0.885188,0.00564538,0.41459;-0.747522,-0.526341,0.167123,0.369115
0.886377,-0.00165363,0.407323;-0.767323,-0.509292,0.159407,0.355564
0.887563,-0.00923397,0.399932;-0.786414,-0.491772,0.151544,0.341684
0.888663,-0.0163868,0.392981;-0.80349,-0.475095,0.144117,0.328511
0.889762,-0.0235198,0.385969;-0.819924,-0.458038,0.136575,0.315077
0.890947,-0.0310345,0.378375;-0.836889,-0.439261,0.128331,0.300328
0.892132,-0.0382218,0.370762;-0.85308,-0.420077,0.119968,0.285301
0.893321,-0.044924,0.36316;-0.868481,-0.400505,0.111494,0.27001
0.894598,-0.0513874,0.355057;-0.88409,-0.379123,0.1023,0.25335
0.895965,-0.0572496,0.346499;-0.899702,-0.355872,0.0923742,0.235282
0.897427,-0.0620526,0.337548;-0.915099,-0.330697,0.0817055,0.215774
0.899073,-0.0653419,0.327777;-0.930827,-0.302028,0.0696504,0.193624
0.900821,-0.0660149,0.317831;-0.945667,-0.271294,0.0568329,0.169952
0.90259,-0.0633748,0.308311;-0.958721,-0.240047,0.043908,0.145958
0.904202,-0.0577856,0.300175;-0.968921,-0.211536,0.0322039,0.124127
0.905652,-0.0499806,0.293335;-0.976743,-0.18592,0.0217584,0.104562
0.906843,-0.0415032,0.28808;-0.982229,-0.164939,0.0132514,0.08857
0.907953,-0.0318604,0.283489;-0.986598,-0.145456,0.00538929,0.0737456
0.908888,-0.0224181,0.279867;-0.989725,-0.129143,-0.0011655,0.0613532
0.909736,-0.0127759,0.276776;-0.992141,-0.114409,-0.00706443,0.050175
0.910591,-0.00200628,0.27385;-0.994176,-0.0996318,-0.0129607,0.0389777
0.911357,0.00854704,0.271395;-0.995666,-0.086464,-0.0181977,0.0290118
0.912032,0.0185622,0.269364;-0.996723,-0.0749206,-0.0227756,0.0202844
0.912712,0.029327,0.267445;-0.997549,-0.0633599,-0.0273482,0.0115523
0.913396,0.0408612,0.265642;-0.998144,-0.0517846,-0.0319145,0.0028175
0.913987,0.0513749,0.264191;-0.99847,-0.0418532,-0.0358227,-0.00467006
0.914582,0.0624808,0.262831;-0.998627,-0.0319147,-0.0397247,-0.0121568
0.91518,0.0741913,0.261562;-0.998613,-0.0219707,-0.04362,-0.0196415
0.915681,0.0844208,0.260577;-0.998473,-0.0136812,-0.0468604,-0.0258763
0.916185,0.0950859,0.259658;-0.998214,-0.00539001,-0.0500953,-0.032108
0.916692,0.106194,0.258807;-0.997837,0.00290178,-0.0533243,-0.0383359
0.917202,0.117752,0.258026;-0.997342,0.0111932,-0.056547,-0.0445592
0.917715,0.129767,0.257315;-0.99673,0.0194834,-0.059763,-0.0507773
0.91823,0.142247,0.256676;-0.996,0.0277712,-0.062972,-0.0569894
0.918645,0.15257,0.256217;-0.995331,0.0343991,-0.0655338,-0.0619543
0.919061,0.163198,0.255805;-0.994587,0.0410245,-0.0680907,-0.0669145
0.91948,0.174136,0.255441;-0.993768,0.0476467,-0.0706424,-0.0718697
0.9199,0.185386,0.255127;-0.992873,0.0542654,-0.0731888,-0.0768194
0.920323,0.196953,0.254861;-0.991904,0.0608799,-0.0757296,-0.0817633
0.920747,0.208841,0.254645;-0.99086,0.0674899,-0.0782648,-0.086701
0.921174,0.221052,0.25448;-0.98974,0.0740947,-0.080794,-0.0916321
0.921602,0.23359,0.254366;-0.988546,0.0806939,-0.0833171,-0.0965564
0.922033,0.24646,0.254304;-0.987277,0.0872871,-0.0858339,-0.101473
0.922465,0.259665,0.254294;-0.985934,0.0938736,-0.0883442,-0.106383
0.922791,0.269791,0.254322;-0.984877,0.0988089,-0.0902226,-0.110059
0.923119,0.280109,0.25438;-0.983779,0.10374,-0.0920971,-0.113731
0.923447,0.29062,0.254468;-0.982639,0.108667,-0.0939677,-0.117398
0.923776,0.301327,0.254587;-0.981457,0.113589,-0.0958343,-0.121061
