0.837584,0.589484,0.276638;0.616469,-0.771713,0.107804,0.113156
0.834475,0.582724,0.28676;0.611788,-0.775613,0.107692,0.111992
0.831398,0.576029,0.296778;0.607084,-0.779483,0.107577,0.110824
0.828354,0.569401,0.306693;0.602357,-0.783323,0.107457,0.109651
0.825342,0.562838,0.316506;0.597607,-0.787134,0.107333,0.108475
0.822362,0.55634,0.326216;0.592833,-0.790913,0.107205,0.107294
0.819415,0.549907,0.335824;0.588037,-0.794663,0.107073,0.106109
0.8165,0.543539,0.345331;0.583218,-0.798382,0.106937,0.104919
0.813617,0.537236,0.354736;0.578377,-0.80207,0.106796,0.103726
0.810766,0.530996,0.364041;0.573513,-0.805727,0.106652,0.102529
0.807946,0.524821,0.373246;0.568627,-0.809353,0.106503,0.101328
0.805158,0.518709,0.382351;0.56372,-0.812948,0.106351,0.100123
0.802402,0.512661,0.391357;0.55879,-0.816512,0.106194,0.0989142
0.799676,0.506675,0.400263;0.55384,-0.820045,0.106033,0.0977016
0.796982,0.500753,0.409071;0.548868,-0.823545,0.105868,0.0964851
0.794319,0.494892,0.417781;0.543874,-0.827014,0.105699,0.095265
0.791687,0.489095,0.426393;0.53886,-0.830452,0.105526,0.0940412
0.789086,0.483359,0.434908;0.533825,-0.833857,0.105349,0.0928138
0.786516,0.477685,0.443326;0.52877,-0.83723,0.105168,0.0915828
0.783976,0.472072,0.451647;0.523694,-0.840571,0.104983,0.0903483
0.781466,0.466521,0.459872;0.518598,-0.84388,0.104793,0.0891103
0.778987,0.461031,0.468002;0.513482,-0.847156,0.1046,0.0878689
0.776538,0.455601,0.476036;0.508347,-0.8504,0.104403,0.0866241
0.773319,0.448455,0.486601;0.501469,-0.854674,0.104133,0.0849592
0.770153,0.441416,0.496998;0.494557,-0.858889,0.103857,0.0832885
0.76704,0.434483,0.507228;0.48761,-0.863046,0.103573,0.0816121
0.76398,0.427655,0.517293;0.480631,-0.867143,0.103283,0.0799301
0.760971,0.420932,0.527193;0.473619,-0.871182,0.102985,0.0782426
0.758015,0.414313,0.53693;0.466574,-0.87516,0.10268,0.0765498
0.755109,0.407798,0.546503;0.459497,-0.879079,0.102368,0.0748517
0.752256,0.401385,0.555915;0.452389,-0.882938,0.102049,0.0731485
0.749453,0.395075,0.565166;0.44525,-0.886736,0.101724,0.0714404
0.7467,0.388867,0.574258;0.438081,-0.890474,0.101391,0.0697273
0.743998,0.382759,0.58319;0.430881,-0.89415,0.101051,0.0680094
0.741346,0.376751,0.591965;0.423652,-0.897766,0.100705,0.066287
0.738743,0.370844,0.600583;0.416394,-0.90132,0.100351,0.0645599
0.73619,0.365035,0.609045;0.409108,-0.904812,0.0999908,0.0628285
0.733686,0.359324,0.617352;0.401794,-0.908243,0.0996236,0.0610927
0.731231,0.353711,0.625505;0.394452,-0.911611,0.0992496,0.0593528
0.728824,0.348196,0.633505;0.387083,-0.914917,0.0988688,0.0576088
0.725883,0.341437,0.643292;0.377835,-0.918961,0.0983832,0.0554233
0.723016,0.334827,0.652843;0.368546,-0.922908,0.0978872,0.0532319
0.720224,0.328365,0.662161;0.359218,-0.926755,0.0973807,0.0510347
0.717505,0.322051,0.671247;0.349851,-0.930504,0.0968638,0.0488322
0.714858,0.315882,0.680103;0.340447,-0.934153,0.0963365,0.0466243
0.712284,0.309857,0.688731;0.331007,-0.937702,0.095799,0.0444116
0.709782,0.303976,0.697134;0.321532,-0.941151,0.0952512,0.042194
0.70735,0.298236,0.705312;0.312022,-0.944499,0.0946932,0.039972
0.704989,0.292637,0.713269;0.302478,-0.947746,0.0941251,0.0377457
0.702247,0.286102,0.722526;0.290984,-0.951509,0.0934301,0.0350688
0.699605,0.279766,0.73147;0.279444,-0.955126,0.0927207,0.0323865
0.697061,0.273626,0.740103;0.267862,-0.958595,0.091997,0.0296992
0.694614,0.26768,0.748429;0.256238,-0.961917,0.0912592,0.0270074
0.692264,0.261926,0.756452;0.244575,-0.965091,0.0905073,0.0243114
0.689642,0.255453,0.765432;0.23092,-0.968606,0.0896126,0.0211613
0.687148,0.249235,0.774008;0.217218,-0.971918,0.088699,0.0180069
0.684781,0.243269,0.782186;0.203469,-0.975027,0.0877669,0.0148486
0.682227,0.236754,0.79105;0.187705,-0.978329,0.086679,0.0112354
0.679835,0.230557,0.79941;0.171889,-0.981363,0.0855675,0.00761918
0.677599,0.224675,0.807271;0.156026,-0.98413,0.0844326,0.00400083
0.67527,0.218426,0.81553;0.13813,-0.986919,0.0831281,-7.10767e-05
0.672909,0.211931,0.823993;0.118189,-0.989618,0.081645,-0.00459532
0.670781,0.2059,0.831719;0.0981975,-0.991894,0.080127,-0.0091176
0.668704,0.199789,0.839385;0.0761588,-0.993907,0.0784177,-0.0140875
0.666598,0.193255,0.847349;0.0500632,-0.995624,0.0763453,-0.0199515
0.664623,0.186615,0.855103;0.0199091,-0.99671,0.0738856,-0.0266994
0.662875,0.179875,0.862448;-0.0162985,-0.996748,0.0708404,-0.0347624
0.661523,0.172628,0.869263;-0.0665387,-0.994511,0.066449,-0.0458788
0.66281,0.164476,0.87115;-0.182185,-0.97911,0.0555981,-0.071147
0.667044,0.165174,0.862031;-0.262452,-0.959715,0.047436,-0.0884131
0.670813,0.167883,0.852744;-0.310506,-0.944494,0.042288,-0.0986373
0.674413,0.171167,0.84348;-0.348358,-0.930498,0.0380876,-0.106628
0.67785,0.174673,0.834423;-0.380067,-0.917349,0.0344658,-0.113278
0.681151,0.178271,0.825593;-0.407656,-0.904805,0.0312345,-0.119029
0.684444,0.182023,0.816691;-0.433053,-0.892312,0.0281915,-0.124293
0.687672,0.185824,0.80789;-0.456311,-0.880042,0.0253447,-0.129089
0.691054,0.189908,0.798609;-0.47924,-0.867136,0.0224795,-0.133791
0.694304,0.19391,0.789645;-0.500097,-0.854666,0.0198202,-0.138045
0.697667,0.198115,0.780327;-0.520647,-0.841669,0.0171488,-0.142215
0.700843,0.202135,0.771498;-0.539203,-0.829301,0.0146906,-0.14596
0.704101,0.2063,0.762414;-0.55748,-0.816503,0.0122249,-0.14963
0.707434,0.210594,0.753096;-0.575469,-0.803283,0.00975284,-0.153222
0.710525,0.2146,0.74444;-0.591564,-0.790904,0.00750109,-0.156419
0.713668,0.218694,0.735622;-0.607406,-0.778186,0.00524613,-0.159549
0.716858,0.222863,0.726658;-0.622989,-0.765136,0.00298894,-0.162611
0.720051,0.227047,0.717678;-0.63522,-0.754405,-0.000635552,-0.165434
0.723216,0.231201,0.708768;-0.632512,-0.756141,-0.0111862,-0.167494
0.726413,0.235404,0.699757;-0.629725,-0.757781,-0.0217353,-0.169533
0.729642,0.239653,0.69065;-0.626859,-0.759326,-0.0322818,-0.171551
0.732898,0.243941,0.681457;-0.623914,-0.760775,-0.0428242,-0.173547
0.73618,0.248266,0.672183;-0.62089,-0.762129,-0.0533612,-0.175521
0.739485,0.252622,0.662836;-0.617788,-0.763387,-0.0638915,-0.177473
0.742811,0.257005,0.653423;-0.614608,-0.764548,-0.0744137,-0.179403
0.746154,0.261411,0.643952;-0.611351,-0.765613,-0.0849266,-0.18131
0.749512,0.265834,0.634429;-0.608017,-0.766582,-0.0954288,-0.183194
0.752883,0.27027,0.624863;-0.604607,-0.767455,-0.105919,-0.185056
0.756264,0.274716,0.615259;-0.60112,-0.76823,-0.116396,-0.186893
0.759652,0.279166,0.605627;-0.597557,-0.768909,-0.126858,-0.188708
0.763045,0.283615,0.595971;-0.59392,-0.769492,-0.137304,-0.190499
0.766441,0.28806,0.586301;-0.590207,-0.769977,-0.147733,-0.192265
0.769836,0.292496,0.576623;-0.586421,-0.770365,-0.158143,-0.194008
0.773228,0.296917,0.566944;-0.58256,-0.770657,-0.168534,-0.195726
0.776614,0.301321,0.557272;-0.578626,-0.770851,-0.178903,-0.197419
0.779993,0.305702,0.547614;-0.574619,-0.770948,-0.18925,-0.199088
0.783361,0.310055,0.537977;-0.57054,-0.770949,-0.199572,-0.200731
0.786716,0.314377,0.528368;-0.566389,-0.770852,-0.20987,-0.202349
0.790055,0.318663,0.518795;-0.562167,-0.770658,-0.220141,-0.203942
0.793375,0.322907,0.509265;-0.557874,-0.770367,-0.230385,-0.205509
0.796675,0.327106,0.499785;-0.553511,-0.769979,-0.2406,-0.20705
0.799951,0.331256,0.490362;-0.549078,-0.769494,-0.250784,-0.208566
0.803201,0.335351,0.481004;-0.544576,-0.768913,-0.260937,-0.210054
0.806422,0.339387,0.471717;-0.540005,-0.768234,-0.271056,-0.211517
0.809612,0.343359,0.462509;-0.535366,-0.767459,-0.281142,-0.212953
0.812768,0.347264,0.453388;-0.53066,-0.766587,-0.291192,-0.214362
0.815888,0.351096,0.44436;-0.525887,-0.765619,-0.301206,-0.215744
0.818968,0.354852,0.435433;-0.521048,-0.764554,-0.311182,-0.217098
0.822007,0.358526,0.426614;-0.516144,-0.763393,-0.321118,-0.218426
0.825496,0.362703,0.416471;-0.510339,-0.761917,-0.33266,-0.21994
0.828921,0.366756,0.406497;-0.504448,-0.76031,-0.344144,-0.221416
0.832278,0.370677,0.396702;-0.49847,-0.758574,-0.35557,-0.222855
0.835562,0.37446,0.387099;-0.492406,-0.756707,-0.366934,-0.224255
0.83877,0.378097,0.377698;-0.486258,-0.75471,-0.378236,-0.225616
0.841897,0.381582,0.368512;-0.480027,-0.752584,-0.389473,-0.226939
0.844939,0.384906,0.359551;-0.473714,-0.75033,-0.400643,-0.228224
0.848307,0.3885,0.349601;-0.466399,-0.747595,-0.413325,-0.229643
0.851553,0.391865,0.339979;-0.45898,-0.744694,-0.425914,-0.231012
0.85467,0.39499,0.330701;-0.451458,-0.741625,-0.438408,-0.232328
0.858016,0.398206,0.320696;-0.442875,-0.737975,-0.452346,-0.233747
0.861183,0.401089,0.311172;-0.434167,-0.734116,-0.466156,-0.2351
0.864482,0.403884,0.301186;-0.424347,-0.729584,-0.481345,-0.236525
0.867537,0.40623,0.291857;-0.414378,-0.724797,-0.496366,-0.237867
0.870602,0.408265,0.282397;-0.403246,-0.719238,-0.512689,-0.239248
0.873804,0.409898,0.272357;-0.38987,-0.712277,-0.531699,-0.240749
0.8769,0.410684,0.262399;-0.37415,-0.703722,-0.553242,-0.242304
0.879842,0.409887,0.252457;-0.353817,-0.692091,-0.579903,-0.243999
0.881985,0.405042,0.243889;-0.324161,-0.674064,-0.616523,-0.245878
0.881455,0.395019,0.242533;-0.292535,-0.653556,-0.652838,-0.247165
0.879506,0.38563,0.246063;-0.272892,-0.650451,-0.665528,-0.243957
0.877168,0.376885,0.251111;-0.258494,-0.655122,-0.668502,-0.238958
0.8745,0.36797,0.257262;-0.245477,-0.659178,-0.671029,-0.234405
0.871722,0.359282,0.263921;-0.233862,-0.662666,-0.673155,-0.230316
0.869007,0.351134,0.270604;-0.223667,-0.665626,-0.674922,-0.226706
0.866487,0.343776,0.276931;-0.214905,-0.668095,-0.676368,-0.223589
0.863804,0.336095,0.283776;-0.206123,-0.670501,-0.677749,-0.22045
0.860974,0.328116,0.291108;-0.197321,-0.672843,-0.679066,-0.217291
0.858011,0.319861,0.298897;-0.188501,-0.675122,-0.680319,-0.214111
0.855451,0.312789,0.305712;-0.181137,-0.676972,-0.681314,-0.211445
0.852818,0.305555,0.312804;-0.173761,-0.678777,-0.682265,-0.208766
0.850121,0.298172,0.320155;-0.166374,-0.680538,-0.68317,-0.206073
0.847367,0.290655,0.327746;-0.158975,-0.682255,-0.68403,-0.203366
0.844566,0.283017,0.335558;-0.151567,-0.683926,-0.684846,-0.200646
0.841727,0.275271,0.343575;-0.144148,-0.685552,-0.685616,-0.197913
0.838857,0.267431,0.351778;-0.13672,-0.687134,-0.686342,-0.195167
0.835965,0.259509,0.360148;-0.129283,-0.68867,-0.687022,-0.192408
0.83306,0.251521,0.368667;-0.121837,-0.690161,-0.687657,-0.189636
0.830151,0.243478,0.377318;-0.114384,-0.691606,-0.688247,-0.186852
0.827245,0.235395,0.386082;-0.106923,-0.693006,-0.688791,-0.184055
0.824353,0.227285,0.39494;-0.0994544,-0.694361,-0.689291,-0.181247
0.821482,0.219161,0.403876;-0.0919797,-0.695669,-0.689745,-0.178426
0.81864,0.211037,0.41287;-0.0844989,-0.696932,-0.690154,-0.175594
0.815837,0.202927,0.421905;-0.0770126,-0.69815,-0.690517,-0.172751
0.813081,0.194843,0.430962;-0.0695213,-0.699321,-0.690835,-0.169895
0.810381,0.1868,0.440023;-0.0620253,-0.700446,-0.691107,-0.167029
0.807745,0.17881,0.44907;-0.0545253,-0.701526,-0.691334,-0.164152
0.805182,0.170888,0.458085;-0.0470217,-0.702559,-0.691516,-0.161264
0.802701,0.163046,0.46705;-0.0395151,-0.703546,-0.691652,-0.158365
0.800309,0.155298,0.475946;-0.0320058,-0.704487,-0.691743,-0.155456
0.798016,0.147658,0.484755;-0.0244944,-0.705381,-0.691788,-0.152537
0.79583,0.140139,0.49346;-0.0169814,-0.706229,-0.691787,-0.149608
0.79376,0.132754,0.502042;-0.00946727,-0.707031,-0.691742,-0.146668
0.791814,0.125518,0.510482;-0.00195253,-0.707786,-0.69165,-0.14372
0.790002,0.118443,0.518763;0.00556234,-0.708494,-0.691514,-0.140761
0.78833,0.111542,0.526867;0.0130768,-0.709156,-0.691331,-0.137794
0.786809,0.10483,0.534775;0.0205905,-0.709772,-0.691104,-0.134817
0.785447,0.09832,0.54247;0.0281028,-0.71034,-0.690831,-0.131832
0.784034,0.0907931,0.551395;0.037115,-0.710961,-0.690443,-0.128238
0.782877,0.0835994,0.559955;0.0461238,-0.711515,-0.68999,-0.124632
0.78199,0.0767622,0.568119;0.0551282,-0.712001,-0.689472,-0.121014
0.781389,0.0703047,0.575854;0.0641273,-0.71242,-0.688888,-0.117385
0.781069,0.0632821,0.584295;0.0746186,-0.712823,-0.688125,-0.113137
0.781181,0.0568448,0.592061;0.0851003,-0.713134,-0.687273,-0.108874
0.781868,0.0502523,0.600046;0.0970658,-0.713378,-0.68619,-0.103985
0.783397,0.0438761,0.607804;0.110507,-0.713508,-0.684835,-0.098464
0.786423,0.0376894,0.615377;0.126904,-0.713461,-0.68298,-0.0916879
0.792252,0.0325849,0.621687;0.147713,-0.713073,-0.680305,-0.0830218
0.801844,0.0308991,0.623864;0.186555,-0.709608,-0.675487,-0.073294
0.811586,0.0327688,0.621696;0.248515,-0.699375,-0.666909,-0.0659304
0.820553,0.0361031,0.617769;0.296949,-0.689232,-0.658174,-0.059898
0.828699,0.0400007,0.613188;0.336392,-0.67952,-0.649685,-0.0547983
0.836497,0.0443061,0.608152;0.371186,-0.669823,-0.641126,-0.0501539
0.84423,0.0490192,0.602669;0.403459,-0.65984,-0.632251,-0.0457185
0.851792,0.0539837,0.596928;0.433262,-0.649737,-0.623219,-0.0415087
0.859093,0.0590642,0.591089;0.460653,-0.63967,-0.614176,-0.0375387
0.86606,0.0641442,0.585287;0.485697,-0.629777,-0.605257,-0.0338203
0.873185,0.0695511,0.579153;0.510343,-0.619369,-0.595842,-0.0300742
0.879884,0.0748139,0.573221;0.532723,-0.609311,-0.586719,-0.0265943
0.886684,0.0803201,0.567059;0.554731,-0.598829,-0.577186,-0.0230959
0.892991,0.0855669,0.561227;0.574566,-0.588853,-0.568094,-0.0198748
0.899356,0.0909912,0.555241;0.594064,-0.578532,-0.558669,-0.0166421
0.905767,0.0965799,0.549119;0.613214,-0.567872,-0.548917,-0.0133996
0.912209,0.10232,0.542882;0.632005,-0.55688,-0.538843,-0.0101493
0.918671,0.108199,0.536547;0.650425,-0.545561,-0.528454,-0.006893
0.92514,0.114203,0.530135;0.668465,-0.533922,-0.517754,-0.00363267
0.931603,0.12032,0.523665;0.686112,-0.52197,-0.506752,-0.000370225
0.937462,0.125967,0.517748;0.701807,-0.510839,-0.496491,0.00259588
0.943297,0.131687,0.511814;0.717161,-0.499461,-0.485991,0.00556072
0.949096,0.137469,0.505876;0.732169,-0.487841,-0.475255,0.00852287
0.954852,0.143305,0.499949;0.746822,-0.475985,-0.464288,0.0114809
0.960554,0.149183,0.494048;0.761113,-0.463898,-0.453097,0.0144334
0.966193,0.155095,0.488187;0.775035,-0.451587,-0.441687,0.0173788
0.972311,0.161625,0.481803;0.789917,-0.437792,-0.428888,0.0206091
0.978328,0.168171,0.475504;0.804335,-0.423741,-0.415838,0.0238273
0.984231,0.17472,0.46931;0.818282,-0.409441,-0.402545,0.0270315
0.990008,0.181258,0.463239;0.831749,-0.394901,-0.389016,0.0302198
0.995646,0.187773,0.457311;0.844729,-0.38013,-0.375259,0.0333905
1.00113,0.194252,0.451545;0.857214,-0.365137,-0.361281,0.0365416
1.00645,0.200681,0.44596;0.869197,-0.349929,-0.347093,0.0396713
1.01206,0.207624,0.440097;0.881688,-0.333105,-0.331382,0.0430589
1.01743,0.214475,0.434498;0.893564,-0.316049,-0.315441,0.0464165
1.02256,0.221219,0.429187;0.904817,-0.298772,-0.299279,0.0497417
1.02782,0.228383,0.423788;0.916295,-0.279821,-0.281536,0.0533048
1.03313,0.235911,0.418423;0.927817,-0.259157,-0.26217,0.0570931
1.03802,0.243217,0.41356;0.938459,-0.238246,-0.242556,0.0608273
1.04279,0.250768,0.408954;0.948872,-0.215592,-0.221285,0.064764
1.04755,0.258941,0.40455;0.959423,-0.189634,-0.196889,0.06914
1.05201,0.267533,0.400736;0.969626,-0.160311,-0.169297,0.0739161
1.05596,0.276682,0.397909;0.979322,-0.12601,-0.136983,0.0792844
1.0588,0.286252,0.396967;0.98782,-0.0850984,-0.098385,0.0853882
1.05936,0.29594,0.399734;0.993838,-0.0343776,-0.0504515,0.0925149
1.05668,0.302663,0.406658;0.995006,0.0133326,-0.00528216,0.0987803
1.05235,0.306102,0.415053;0.992965,0.0498821,0.0293736,0.103294
1.0472,0.307727,0.424147;0.98936,0.0799829,0.0579494,0.106823
1.04179,0.308188,0.433262;0.985319,0.106369,0.0790903,0.107593
1.03623,0.307931,0.442357;0.981326,0.131832,0.0930821,0.10467
1.03095,0.307265,0.450835;0.977281,0.153289,0.104859,0.102125
1.02517,0.306216,0.459979;0.972628,0.174651,0.11657,0.0995172
1.01951,0.304954,0.468828;0.967873,0.193977,0.127154,0.0970925
1.0141,0.303584,0.477198;0.963168,0.211285,0.136624,0.0948676
1.00841,0.302006,0.485925;0.958062,0.228506,0.146037,0.0926032
1.00246,0.300237,0.494983;0.952557,0.245631,0.155389,0.0903002
0.996959,0.298516,0.50329;0.947331,0.260768,0.163648,0.0882216
0.991272,0.296665,0.511818;0.941793,0.275819,0.171852,0.0861139
0.98541,0.294694,0.520549;0.935946,0.290779,0.180001,0.0839778
0.979386,0.292615,0.529465;0.92979,0.305644,0.18809,0.0818142
0.97321,0.290437,0.538546;0.923329,0.320408,0.196117,0.0796236
0.966893,0.288172,0.547774;0.916564,0.335067,0.20408,0.0774069
0.961259,0.286125,0.555955;0.910397,0.347803,0.210993,0.0754463
0.955533,0.284026,0.564221;0.904001,0.360452,0.217852,0.0734667
0.949724,0.281882,0.572561;0.897377,0.37301,0.224657,0.0714686
0.943837,0.279699,0.580961;0.890527,0.385473,0.231405,0.0694525
0.937882,0.277484,0.58941;0.883453,0.39784,0.238094,0.067419
0.931865,0.275245,0.597894;0.876156,0.410107,0.244724,0.0653684
0.925793,0.272987,0.606402;0.868639,0.42227,0.251292,0.0633014
0.919675,0.27072,0.614921;0.860903,0.434327,0.257797,0.0612184
0.913518,0.268448,0.623438;0.85295,0.446274,0.264236,0.05912
0.907329,0.266179,0.63194;0.844782,0.458109,0.27061,0.0570068
0.901116,0.263921,0.640417;0.836401,0.469829,0.276915,0.0548791
0.894886,0.261679,0.648854;0.82781,0.48143,0.28315,0.0527377
0.888647,0.259462,0.657239;0.81901,0.49291,0.289314,0.0505829
0.882406,0.257276,0.665561;0.810004,0.504266,0.295405,0.0484155
0.876171,0.255127,0.673806;0.800794,0.515495,0.301422,0.0462358
0.869949,0.253024,0.681962;0.791383,0.526595,0.307363,0.0440445
0.863748,0.250972,0.690016;0.781772,0.537561,0.313226,0.041842
0.857575,0.248979,0.697957;0.771964,0.548392,0.319011,0.0396291
0.851438,0.247052,0.70577;0.761961,0.559085,0.324715,0.0374062
0.844478,0.244939,0.71453;0.750295,0.571133,0.331134,0.0348542
0.837585,0.242931,0.723089;0.738382,0.582993,0.337444,0.0322907
0.830771,0.241039,0.731429;0.726226,0.594661,0.343642,0.0297166
0.824046,0.239273,0.739532;0.713831,0.606134,0.349728,0.0271328
0.817423,0.237644,0.747379;0.701202,0.617407,0.355699,0.02454
0.810913,0.236161,0.754951;0.688342,0.628478,0.361553,0.0219391
0.803736,0.234682,0.763118;0.673603,0.640684,0.367996,0.0190046
0.796732,0.233416,0.770887;0.658585,0.652624,0.374286,0.0160621
0.789916,0.232379,0.778232;0.643292,0.664292,0.38042,0.013113
0.782583,0.231513,0.785863;0.625986,0.676932,0.38705,0.00982977
0.774834,0.230932,0.793571;0.606578,0.690434,0.394113,0.0062125
0.767445,0.230766,0.800513;0.586793,0.703507,0.400931,0.00259137
0.759829,0.231089,0.807155;0.564793,0.717268,0.408084,-0.00136072
0.751581,0.232179,0.813596;0.5386,0.732652,0.416047,-0.00597002
0.743066,0.23443,0.819108;0.508002,0.749329,0.424635,-0.0112301
0.734337,0.238609,0.822895;0.470802,0.76785,0.434105,-0.0174568
0.726607,0.245287,0.823311;0.428673,0.786662,0.443635,-0.0243007
0.721511,0.253345,0.820005;0.389716,0.802147,0.451392,-0.0304458
0.718733,0.261721,0.814317;0.356347,0.814034,0.457274,-0.0355773
0.717559,0.269659,0.80763;0.328887,0.822904,0.461611,-0.0397125
0.717364,0.277204,0.800463;0.305427,0.829852,0.464968,-0.0431846
0.717847,0.284746,0.792702;0.283935,0.83572,0.467769,-0.0463179
0.718839,0.292108,0.784674;0.264468,0.840634,0.470084,-0.0491176
0.720176,0.29912,0.776684;0.24707,0.844708,0.471978,-0.051589
0.721707,0.305626,0.769019;0.23178,0.848045,0.473507,-0.0537376
0.723584,0.312485,0.760713;0.216432,0.851169,0.474917,-0.0558727
0.725812,0.319704,0.751752;0.20103,0.854078,0.476208,-0.0579937
0.728009,0.326183,0.74354;0.187787,0.856401,0.477219,-0.0598001
0.730475,0.332937,0.734831;0.17451,0.858565,0.478141,-0.0615954
0.733215,0.339968,0.725617;0.1612,0.86057,0.478975,-0.0633794
0.73571,0.346043,0.717546;0.150086,0.862119,0.479603,-0.064857
0.738402,0.352318,0.709113;0.138952,0.863557,0.480169,-0.0663264
0.741293,0.358793,0.700315;0.127801,0.864885,0.480673,-0.0677872
0.744386,0.365472,0.691147;0.116633,0.866101,0.481115,-0.0692393
0.747683,0.372358,0.681604;0.10545,0.867206,0.481495,-0.0706825
0.750469,0.378017,0.673697;0.096494,0.86801,0.481755,-0.0718305
0.75339,0.383811,0.665544;0.08753,0.868742,0.481975,-0.0729726
0.756446,0.389742,0.657144;0.0785588,0.869403,0.482156,-0.0741088
0.759638,0.39581,0.648494;0.0695811,0.869993,0.482297,-0.0752388
0.762969,0.402017,0.639593;0.0605976,0.870511,0.482398,-0.0763626
0.76644,0.408364,0.630436;0.0516092,0.870957,0.482459,-0.0774802
0.770051,0.414852,0.621023;0.0426166,0.871332,0.482481,-0.0785914
0.773805,0.421484,0.611351;0.0336205,0.871635,0.482463,-0.0796961
0.777702,0.428259,0.601417;0.0246215,0.871866,0.482406,-0.0807943
0.781745,0.43518,0.591219;0.0156206,0.872026,0.482309,-0.0818858
0.785934,0.442248,0.580756;0.00661838,0.872114,0.482172,-0.0829706
0.789173,0.447646,0.572732;-0.000133689,0.872133,0.482043,-0.0837797
0.792495,0.453128,0.564556;-0.00688575,0.872111,0.481892,-0.0845849
0.795903,0.458694,0.556228;-0.0136375,0.872049,0.481719,-0.0853863
0.799395,0.464345,0.547745;-0.0203886,0.871947,0.481523,-0.0861836
0.802972,0.470081,0.539107;-0.0271388,0.871805,0.481305,-0.086977
0.806636,0.475903,0.530314;-0.0338877,0.871622,0.481065,-0.0877664
