0.944556,-0.0271117,0.487491;0.0931231,0.884286,-0.364244,-0.276936
0.942218,-0.0255207,0.501349;0.0887197,0.884933,-0.363748,-0.276964
0.939868,-0.0242758,0.514672;0.0843145,0.885564,-0.363245,-0.276986
0.937505,-0.0233706,0.527465;0.0799077,0.886176,-0.362735,-0.277002
0.935131,-0.0227988,0.539738;0.0754992,0.886771,-0.362218,-0.277013
0.932745,-0.0225541,0.551498;0.0710893,0.887347,-0.361693,-0.277018
0.930348,-0.02263,0.562753;0.0666779,0.887906,-0.361161,-0.277018
0.92794,-0.0230202,0.573511;0.0622652,0.888448,-0.360622,-0.277012
0.925523,-0.0237183,0.583779;0.0578512,0.888971,-0.360075,-0.277001
0.923097,-0.0247181,0.593566;0.0534361,0.889477,-0.359522,-0.276984
0.919849,-0.0265092,0.605878;0.0475476,0.890123,-0.358772,-0.276953
0.916588,-0.0288102,0.617367;0.0416574,0.890738,-0.35801,-0.276912
0.913313,-0.0316059,0.62805;0.0357657,0.89132,-0.357235,-0.276861
0.910028,-0.0348812,0.637946;0.0298727,0.891871,-0.356447,-0.2768
0.906733,-0.038621,0.647073;0.0239787,0.892391,-0.355647,-0.276729
0.902602,-0.0439263,0.65743;0.01661,0.892995,-0.354629,-0.276627
0.89846,-0.0499044,0.66665;0.00924038,0.89355,-0.35359,-0.27651
0.894311,-0.056526,0.67477;0.00187024,0.894054,-0.352533,-0.276376
0.890157,-0.0637616,0.681827;-0.00550001,0.894509,-0.351455,-0.276228
0.885999,-0.0715819,0.687855;-0.0128699,0.894915,-0.350358,-0.276064
0.881842,-0.0799573,0.692892;-0.0202392,0.89527,-0.349242,-0.275885
0.877687,-0.0888585,0.696974;-0.0276073,0.895575,-0.348106,-0.27569
0.873538,-0.0982559,0.700135;-0.0349738,0.895831,-0.34695,-0.27548
0.869396,-0.10812,0.702414;-0.0423384,0.896036,-0.345775,-0.275255
0.865265,-0.118422,0.703844;-0.0497007,0.896192,-0.344581,-0.275015
0.861147,-0.129132,0.704464;-0.0570602,0.896298,-0.343368,-0.274759
0.857045,-0.14022,0.704308;-0.0644165,0.896354,-0.342136,-0.274487
0.852961,-0.151658,0.703413;-0.0717692,0.89636,-0.340885,-0.274201
0.849709,-0.161039,0.702189;-0.0776485,0.896328,-0.33987,-0.273961
0.846472,-0.17061,0.700534;-0.083525,0.896265,-0.338843,-0.273711
0.843251,-0.180356,0.698465;-0.0893986,0.89617,-0.337804,-0.273451
0.840048,-0.190261,0.696002;-0.095269,0.896043,-0.336753,-0.273181
0.836864,-0.20031,0.693163;-0.101136,0.895884,-0.33569,-0.272902
0.833699,-0.210488,0.689967;-0.106999,0.895693,-0.334615,-0.272613
0.830557,-0.220781,0.686431;-0.112859,0.89547,-0.333528,-0.272314
0.827437,-0.231173,0.682574;-0.118714,0.895215,-0.332429,-0.272006
0.824341,-0.241649,0.678416;-0.124566,0.894929,-0.331319,-0.271688
0.821271,-0.252193,0.673973;-0.130413,0.89461,-0.330196,-0.27136
0.818228,-0.262792,0.669266;-0.136255,0.894259,-0.329062,-0.271023
0.815214,-0.27343,0.664311;-0.142092,0.893877,-0.327916,-0.270676
0.812229,-0.284091,0.659129;-0.147924,0.893463,-0.326758,-0.270319
0.809275,-0.294761,0.653736;-0.153751,0.893016,-0.325589,-0.269952
0.806354,-0.305424,0.648152;-0.159573,0.892538,-0.324408,-0.269576
0.803466,-0.316066,0.642396;-0.165389,0.892028,-0.323215,-0.269191
0.800613,-0.326672,0.636485;-0.171199,0.891487,-0.322011,-0.268795
0.797797,-0.337226,0.630438;-0.177003,0.890913,-0.320796,-0.268391
0.795018,-0.347713,0.624273;-0.1828,0.890308,-0.319569,-0.267976
0.792279,-0.358119,0.61801;-0.188591,0.889671,-0.318331,-0.267552
0.78958,-0.368427,0.611666;-0.194375,0.889003,-0.317081,-0.267119
0.787223,-0.37747,0.605991;-0.203385,0.888973,-0.316617,-0.26099
0.784997,-0.386039,0.600521;-0.21602,0.88935,-0.316781,-0.249081
0.782803,-0.394515,0.595019;-0.228589,0.88946,-0.316849,-0.237097
0.780639,-0.402894,0.589491;-0.241089,0.889301,-0.316821,-0.225041
0.778505,-0.411171,0.583943;-0.253517,0.888875,-0.316698,-0.212917
0.776403,-0.419341,0.578378;-0.265868,0.88818,-0.316479,-0.200729
0.774332,-0.4274,0.572803;-0.278139,0.887217,-0.316165,-0.188481
0.772039,-0.436327,0.566524;-0.291843,0.885814,-0.315697,-0.174634
0.769786,-0.4451,0.560245;-0.305436,0.884072,-0.315109,-0.16072
0.767572,-0.453713,0.553973;-0.318913,0.881994,-0.314401,-0.146745
0.765399,-0.462158,0.547715;-0.332267,0.879578,-0.313573,-0.132713
0.763265,-0.47043,0.541478;-0.345495,0.876827,-0.312625,-0.118631
0.761171,-0.478521,0.535269;-0.358591,0.873741,-0.311557,-0.104504
0.759118,-0.486425,0.529096;-0.37155,0.870322,-0.310371,-0.090337
0.757105,-0.494135,0.522966;-0.384367,0.86657,-0.309066,-0.0761354
0.754916,-0.502465,0.516214;-0.398436,0.862014,-0.307478,-0.060322
0.752776,-0.510539,0.509533;-0.412317,0.857051,-0.305745,-0.0444802
0.750688,-0.518347,0.502933;-0.426004,0.851684,-0.303868,-0.0286174
0.748649,-0.525879,0.496424;-0.43949,0.845916,-0.301847,-0.0127411
0.746466,-0.533836,0.489381;-0.454085,0.839111,-0.299461,0.00472941
0.744344,-0.541435,0.482473;-0.468422,0.831827,-0.296903,0.0221973
0.742283,-0.548667,0.475713;-0.482491,0.824069,-0.294177,0.0396525
0.740107,-0.55612,0.468524;-0.497525,0.81507,-0.291011,0.0586684
0.738004,-0.563104,0.461543;-0.512221,0.805518,-0.287648,0.0776444
0.73581,-0.570122,0.454235;-0.52775,0.794553,-0.283784,0.098142
0.733546,-0.57702,0.446687;-0.544003,0.782037,-0.27937,0.120128
0.731233,-0.583623,0.438999;-0.560858,0.767826,-0.274355,0.143562
0.728896,-0.589734,0.431291;-0.578182,0.751771,-0.268685,0.168389
0.726429,-0.595412,0.423275;-0.596836,0.732625,-0.261919,0.196075
0.723767,-0.600367,0.414875;-0.617445,0.708877,-0.253521,0.227994
0.720692,-0.603964,0.405722;-0.642052,0.676187,-0.241951,0.268327
0.717117,-0.603516,0.396515;-0.672175,0.627641,-0.224756,0.322075
0.714093,-0.595548,0.391427;-0.699859,0.570615,-0.204539,0.377834
0.712551,-0.585485,0.391158;-0.715576,0.529665,-0.190012,0.413887
0.711648,-0.575149,0.392806;-0.723602,0.506888,-0.178275,0.433223
0.711103,-0.565266,0.395297;-0.71945,0.52881,-0.167792,0.417848
0.710761,-0.555595,0.398264;-0.71536,0.547449,-0.158592,0.404237
0.71056,-0.545829,0.401634;-0.711182,0.564347,-0.15001,0.391446
0.710477,-0.536223,0.40523;-0.707015,0.579568,-0.142073,0.379534
0.710495,-0.526041,0.409287;-0.702526,0.594527,-0.13407,0.36745
0.710602,-0.516325,0.413357;-0.698169,0.607892,-0.126742,0.35632
0.710799,-0.506209,0.417771;-0.69355,0.621028,-0.119367,0.345056
0.711056,-0.496792,0.422025;-0.68917,0.632652,-0.112691,0.334808
0.71139,-0.487106,0.426533;-0.684581,0.644084,-0.10598,0.324458
0.711804,-0.477178,0.431281;-0.679784,0.65532,-0.0992378,0.314009
0.712241,-0.46817,0.435693;-0.675347,0.66514,-0.093219,0.304641
0.712744,-0.459009,0.440277;-0.670747,0.674801,-0.0871778,0.2952
0.713315,-0.449714,0.445024;-0.665986,0.684299,-0.0811156,0.285688
0.713956,-0.440304,0.449925;-0.661065,0.693633,-0.075034,0.276108
0.714667,-0.430796,0.454971;-0.655986,0.702801,-0.0689343,0.266461
0.715452,-0.421209,0.460153;-0.650749,0.7118,-0.0628181,0.25675
0.71631,-0.411561,0.465463;-0.645355,0.720628,-0.0566869,0.246977
0.717244,-0.401871,0.470893;-0.639807,0.729283,-0.050542,0.237146
0.718256,-0.392158,0.476432;-0.634105,0.737763,-0.0443849,0.227257
0.719347,-0.382439,0.482072;-0.628251,0.746066,-0.0382172,0.217314
0.720518,-0.372733,0.487806;-0.622246,0.75419,-0.0320404,0.207318
0.721771,-0.363059,0.493623;-0.616092,0.762132,-0.0258558,0.197273
0.723108,-0.353435,0.499515;-0.609789,0.769892,-0.0196651,0.18718
0.724531,-0.343879,0.505473;-0.603341,0.777467,-0.0134696,0.177043
0.72604,-0.33441,0.511489;-0.596747,0.784855,-0.00727086,0.166863
0.727637,-0.325046,0.517554;-0.59001,0.792054,-0.00107039,0.156643
0.729324,-0.315805,0.523659;-0.583132,0.799064,0.00513033,0.146385
0.731103,-0.306707,0.529795;-0.576113,0.805881,0.0113298,0.136092
0.732976,-0.297769,0.535953;-0.568956,0.812505,0.0175266,0.125766
0.734942,-0.289009,0.542125;-0.561663,0.818934,0.0237192,0.11541
0.737005,-0.280447,0.548302;-0.554234,0.825166,0.029906,0.105027
0.739166,-0.272101,0.554475;-0.546673,0.8312,0.0360857,0.0946183
0.741427,-0.263988,0.560635;-0.53898,0.837035,0.0422567,0.0841868
0.743788,-0.256128,0.566774;-0.531158,0.842669,0.0484176,0.0737352
0.746252,-0.248539,0.572883;-0.523208,0.8481,0.0545669,0.0632658
0.749148,-0.240348,0.579708;-0.514115,0.853966,0.061469,0.0514698
0.752179,-0.23255,0.586471;-0.504865,0.859574,0.0683525,0.0396581
0.755346,-0.225169,0.59316;-0.495462,0.864919,0.0752152,0.0278343
0.758651,-0.218234,0.599763;-0.485908,0.870002,0.0820551,0.0160021
0.762489,-0.211082,0.606982;-0.47512,0.87534,0.0896256,0.00284968
0.766503,-0.204547,0.614061;-0.464153,0.880349,0.0971625,-0.0103038
0.770698,-0.198665,0.620983;-0.453012,0.885028,0.104663,-0.0234535
0.775524,-0.192993,0.628396;-0.440562,0.889792,0.112868,-0.0379077
0.780575,-0.188203,0.635575;-0.427911,0.894151,0.121022,-0.0523448
0.786347,-0.18404,0.643115;-0.413888,0.898444,0.129854,-0.068067
0.792915,-0.18085,0.650904;-0.398445,0.902546,0.139343,-0.0850576
0.800835,-0.178956,0.659294;-0.400915,0.90191,0.138098,-0.0821858
0.809294,-0.178852,0.667241;-0.407133,0.900266,0.134598,-0.0751517
0.818134,-0.18041,0.674626;-0.413309,0.898529,0.131084,-0.0681098
0.827316,-0.183457,0.681463;-0.419442,0.896699,0.127557,-0.0610609
0.835199,-0.187011,0.686754;-0.42452,0.895104,0.124607,-0.055182
0.843271,-0.19138,0.691683;-0.429567,0.893444,0.121649,-0.0492991
0.851507,-0.196465,0.696259;-0.434584,0.891721,0.118682,-0.0434127
0.859885,-0.202166,0.700492;-0.43957,0.889934,0.115707,-0.0375232
0.868383,-0.208384,0.704389;-0.444524,0.888083,0.112723,-0.031631
0.876978,-0.215019,0.707959;-0.449446,0.886169,0.109731,-0.0257365
0.885647,-0.221971,0.711211;-0.454336,0.884191,0.106731,-0.0198402
0.894369,-0.229141,0.714153;-0.459194,0.882149,0.103724,-0.0139425
0.903119,-0.23643,0.716795;-0.464019,0.880045,0.100709,-0.00804378
0.911876,-0.243737,0.719144;-0.46881,0.877878,0.097687,-0.00214448
0.920617,-0.250963,0.721209;-0.473568,0.875648,0.0946581,0.00375497
0.92932,-0.258009,0.723;-0.478293,0.873355,0.0916223,0.00965416
0.937961,-0.264774,0.724524;-0.482982,0.870999,0.08858,0.0155527
0.946518,-0.27116,0.72579;-0.487638,0.868581,0.0855313,0.02145
0.954969,-0.277067,0.726806;-0.492258,0.866101,0.0824765,0.0273459
0.964938,-0.283382,0.72771;-0.497756,0.863044,0.078803,0.0344183
0.974682,-0.288691,0.728281;-0.503203,0.859897,0.0751213,0.0414871
0.984162,-0.292822,0.728536;-0.508597,0.856662,0.0714319,0.0485517
0.994837,-0.295924,0.728453;-0.514825,0.852775,0.0671183,0.0567873
1.00504,-0.296915,0.727983;-0.52098,0.848769,0.0627953,0.065015
1.01603,-0.295112,0.727002;-0.527925,0.844045,0.057844,0.0744067
1.02501,-0.29066,0.725781;-0.533923,0.839785,0.0535029,0.0826134
1.03331,-0.283238,0.724248;-0.539846,0.835407,0.0491542,0.0908085
1.03985,-0.274305,0.722703;-0.544862,0.831561,0.0454213,0.0978228
1.04486,-0.264917,0.721264;-0.548999,0.82829,0.042307,0.10366
1.04945,-0.253655,0.719696;-0.553097,0.82496,0.0391896,0.10949
1.05282,-0.243183,0.718348;-0.551137,0.826366,0.0322205,0.111033
1.05548,-0.23321,0.717123;-0.546042,0.830132,0.0233731,0.11033
1.05793,-0.222397,0.715827;-0.540882,0.833799,0.014523,0.109614
1.06018,-0.21081,0.714448;-0.535658,0.837367,0.00567107,0.108885
1.06191,-0.200614,0.713228;-0.531255,0.840264,-0.00170606,0.108268
1.06351,-0.189967,0.711938;-0.526809,0.843091,-0.00908304,0.107642
1.06497,-0.178911,0.710572;-0.522319,0.845849,-0.0164593,0.107007
1.06632,-0.167484,0.709123;-0.517787,0.848538,-0.0238342,0.106363
1.06754,-0.155725,0.707587;-0.513211,0.851156,-0.0312071,0.10571
1.06864,-0.143675,0.705958;-0.508593,0.853704,-0.0385774,0.105048
1.06963,-0.131373,0.704228;-0.503933,0.856181,-0.0459445,0.104378
1.07033,-0.121376,0.702769;-0.500175,0.858112,-0.0518356,0.103836
1.07097,-0.111264,0.70124;-0.496391,0.859998,-0.0577238,0.103288
1.07154,-0.101056,0.699637;-0.49258,0.861838,-0.0636091,0.102735
1.07205,-0.0907719,0.697957;-0.488743,0.863633,-0.0694909,0.102176
1.07249,-0.080433,0.696198;-0.484881,0.865382,-0.0753691,0.101612
1.07286,-0.0700592,0.694357;-0.480993,0.867085,-0.0812433,0.101042
1.07318,-0.0596706,0.69243;-0.477079,0.868742,-0.0871132,0.100467
1.07343,-0.0492876,0.690415;-0.47314,0.870354,-0.0929785,0.0998873
1.07363,-0.0389303,0.688308;-0.469176,0.871919,-0.0988389,0.0993019
1.07377,-0.028619,0.686107;-0.465188,0.873439,-0.104694,0.0987112
1.07386,-0.0183739,0.683809;-0.461175,0.874912,-0.110544,0.0981153
1.07389,-0.00821516,0.68141;-0.457137,0.876339,-0.116388,0.0975142
1.07387,0.00183688,0.678907;-0.453076,0.87772,-0.122225,0.096908
1.0738,0.011762,0.676298;-0.44899,0.879054,-0.128056,0.0962966
1.07368,0.02154,0.67358;-0.444881,0.880342,-0.133881,0.0956802
1.07352,0.0311507,0.670749;-0.440748,0.881584,-0.139698,0.0950587
1.07326,0.0428979,0.667048;-0.435549,0.88307,-0.146959,0.0942748
1.07292,0.0543125,0.66316;-0.430314,0.884483,-0.154209,0.093483
1.07253,0.065355,0.659081;-0.425044,0.885823,-0.161445,0.0926836
1.07208,0.0759858,0.654804;-0.419738,0.887091,-0.168668,0.0918765
1.07157,0.0861655,0.650322;-0.414398,0.888284,-0.175877,0.0910618
1.071,0.0958545,0.645632;-0.409024,0.889405,-0.183072,0.0902396
1.07039,0.105013,0.640725;-0.403616,0.890452,-0.190251,0.08941
1.06973,0.113603,0.635598;-0.398174,0.891425,-0.197415,0.088573
1.06888,0.123102,0.629144;-0.391601,0.892496,-0.20599,0.0875589
1.06798,0.131656,0.622353;-0.384982,0.893461,-0.21454,0.0865344
1.06702,0.139196,0.615215;-0.378316,0.89432,-0.223065,0.0854996
1.06585,0.14662,0.606434;-0.370483,0.895187,-0.232978,0.0842795
1.06463,0.152464,0.597151;-0.36259,0.89591,-0.242852,0.0830458
1.06336,0.156617,0.587348;-0.354639,0.896487,-0.252687,0.0817986
1.06206,0.158972,0.577011;-0.346629,0.89692,-0.262481,0.0805382
1.06074,0.159421,0.566123;-0.338564,0.897207,-0.272233,0.0792647
1.0594,0.157855,0.554668;-0.330444,0.897349,-0.281941,0.0779785
1.05825,0.154827,0.544386;-0.323441,0.897355,-0.290226,0.0768659
1.05709,0.150171,0.533666;-0.3164,0.897255,-0.298476,0.0757442
1.05614,0.144997,0.52439;-0.310504,0.897089,-0.305324,0.0748025
1.05519,0.138606,0.514796;-0.304582,0.89685,-0.312147,0.0738547
1.05426,0.130958,0.50488;-0.298635,0.896536,-0.318944,0.0729008
1.05352,0.123908,0.49671;-0.293859,0.896232,-0.324362,0.0721333
1.05279,0.116007,0.488326;-0.289068,0.895881,-0.329764,0.071362
1.05207,0.107236,0.479726;-0.284262,0.895482,-0.335148,0.0705869
1.05137,0.0975748,0.470906;-0.279441,0.895036,-0.340515,0.0698081
1.05086,0.0897321,0.464145;-0.275815,0.89467,-0.344528,0.0692216
1.05035,0.0813686,0.457258;-0.272181,0.894278,-0.34853,0.068633
1.04986,0.0724756,0.450243;-0.268539,0.893859,-0.352523,0.0680424
1.04937,0.0630448,0.443098;-0.264889,0.893414,-0.356505,0.0674498
1.0489,0.0530674,0.435824;-0.261231,0.892942,-0.360476,0.0668551
1.04844,0.0425351,0.428418;-0.257566,0.892444,-0.364437,0.0662585
1.048,0.0314392,0.420879;-0.253892,0.891919,-0.368387,0.0656599
1.04757,0.0197712,0.413207;-0.250211,0.891367,-0.372325,0.0650594
1.04715,0.00752266,0.405398;-0.246523,0.890789,-0.376253,0.0644569
1.04688,-0.000969821,0.400117;-0.24406,0.890389,-0.378866,0.0640541
1.04662,-0.00972667,0.394775;-0.241594,0.889977,-0.381473,0.0636506
