1.08487,-0.100784,0.323363;0.790255,-0.561626,-0.0735387,0.233807
1.08031,-0.0919099,0.327274;0.7934,-0.557549,-0.0735579,0.232905
1.0758,-0.0831056,0.331143;0.796524,-0.553456,-0.0735751,0.231998
1.07132,-0.074371,0.334971;0.799626,-0.549348,-0.0735903,0.231084
1.06689,-0.0657058,0.338758;0.802706,-0.545225,-0.0736034,0.230164
1.06249,-0.0571098,0.342503;0.805764,-0.541087,-0.0736146,0.229238
1.05813,-0.0485828,0.346207;0.8088,-0.536935,-0.0736237,0.228305
1.05381,-0.0401245,0.34987;0.811814,-0.532767,-0.0736309,0.227366
1.04953,-0.0317348,0.353492;0.814806,-0.528586,-0.073636,0.226421
1.04529,-0.0234135,0.357073;0.817775,-0.524389,-0.0736391,0.22547
1.03969,-0.0124241,0.361786;0.8217,-0.518772,-0.0736401,0.224192
1.03416,-0.00155533,0.366427;0.825585,-0.513129,-0.0736375,0.222903
1.0287,0.00919351,0.370997;0.829429,-0.507462,-0.0736314,0.221603
1.0233,0.0198229,0.375497;0.833234,-0.50177,-0.0736217,0.220292
1.01797,0.0303334,0.379926;0.836997,-0.496053,-0.0736084,0.218971
1.01271,0.0407255,0.384285;0.84072,-0.490313,-0.0735915,0.217639
1.00751,0.0509998,0.388575;0.844403,-0.484548,-0.073571,0.216297
1.00238,0.0611568,0.392796;0.848044,-0.47876,-0.073547,0.214944
0.997312,0.0711971,0.396948;0.851644,-0.472949,-0.0735194,0.213581
0.992308,0.0811211,0.401032;0.855203,-0.467115,-0.0734882,0.212207
0.987368,0.0909294,0.405048;0.85872,-0.461258,-0.0734535,0.210823
0.982493,0.100623,0.408997;0.862195,-0.455379,-0.0734152,0.209429
0.97768,0.110201,0.412878;0.865628,-0.449477,-0.0733733,0.208024
0.97293,0.119666,0.416693;0.86902,-0.443554,-0.0733279,0.206609
0.968243,0.129016,0.420442;0.872369,-0.437609,-0.0732789,0.205185
0.963619,0.138254,0.424125;0.875676,-0.431643,-0.0732263,0.20375
0.959055,0.14738,0.427743;0.87894,-0.425656,-0.0731702,0.202306
0.954554,0.156393,0.431295;0.882162,-0.419648,-0.0731105,0.200851
0.950113,0.165295,0.434783;0.88534,-0.41362,-0.0730473,0.199387
0.945733,0.174086,0.438207;0.888476,-0.407572,-0.0729805,0.197914
0.941413,0.182767,0.441567;0.891568,-0.401504,-0.0729101,0.19643
0.937154,0.191338,0.444864;0.894617,-0.395416,-0.0728363,0.194937
0.931913,0.201898,0.448896;0.898368,-0.38778,-0.072739,0.193058
0.926764,0.212289,0.45283;0.90205,-0.380114,-0.0726361,0.191164
0.921707,0.222511,0.456668;0.905663,-0.372419,-0.0725278,0.189255
0.91674,0.232565,0.46041;0.909208,-0.364696,-0.0724139,0.187332
0.911864,0.242452,0.464056;0.912684,-0.356945,-0.0722945,0.185395
0.907077,0.252174,0.467608;0.916091,-0.349168,-0.0721697,0.183443
0.902378,0.261732,0.471066;0.919428,-0.341363,-0.0720394,0.181478
0.897767,0.271126,0.474432;0.922695,-0.333533,-0.0719036,0.179499
0.893244,0.280358,0.477705;0.925892,-0.325678,-0.0717623,0.177506
0.888806,0.289428,0.480887;0.929019,-0.317797,-0.0716156,0.1755
0.884454,0.298339,0.483978;0.932075,-0.309893,-0.0714635,0.173481
0.880188,0.307089,0.48698;0.935061,-0.301965,-0.0713059,0.171448
0.875178,0.317382,0.490465;0.938549,-0.292421,-0.0711097,0.168992
0.870289,0.327448,0.493823;0.941936,-0.282846,-0.0709057,0.166517
0.865518,0.33729,0.497056;0.945219,-0.273239,-0.0706939,0.164024
0.860865,0.34691,0.500164;0.948399,-0.263602,-0.0704745,0.161513
0.856327,0.356309,0.50315;0.951475,-0.253937,-0.0702473,0.158984
0.851904,0.365489,0.506015;0.954448,-0.244244,-0.0700124,0.156439
0.847595,0.374453,0.50876;0.957315,-0.234524,-0.0697699,0.153875
0.843398,0.383201,0.511387;0.960079,-0.224779,-0.0695197,0.151296
0.838641,0.393137,0.514303;0.96317,-0.213378,-0.0692183,0.148265
0.834034,0.402786,0.517062;0.966118,-0.201946,-0.0689066,0.145212
0.829573,0.412151,0.519666;0.968922,-0.190483,-0.0685846,0.142137
0.825257,0.421233,0.522116;0.971582,-0.178993,-0.0682524,0.139042
0.821084,0.430037,0.524416;0.974097,-0.167475,-0.06791,0.135926
0.816487,0.43976,0.526863;0.976794,-0.154282,-0.0675064,0.132339
0.812071,0.449127,0.529119;0.979301,-0.141059,-0.0670896,0.128727
0.807832,0.458142,0.531187;0.981618,-0.127808,-0.0666598,0.125091
0.803273,0.467868,0.533293;0.983996,-0.112872,-0.0661608,0.12097
0.79893,0.47716,0.535171;0.986133,-0.0979076,-0.0656456,0.11682
0.794355,0.486983,0.536994;0.988222,-0.0812526,-0.0650541,0.112174
0.790035,0.496285,0.538547;0.990011,-0.0645729,-0.0644429,0.107495
0.785573,0.505928,0.53995;0.991632,-0.0462028,-0.0637479,0.10231
0.781407,0.514962,0.541042;0.992888,-0.0278157,-0.0630296,0.097088
0.777189,0.524137,0.541888;0.993843,-0.00774566,-0.0622195,0.0913502
0.772994,0.533293,0.542411;0.994387,0.0140004,-0.0613112,0.0850893
0.76862,0.542865,0.542522;0.99438,0.0390825,-0.0602242,0.0778111
0.764244,0.552465,0.542037;0.993551,0.0674756,-0.0589425,0.0694985
0.760049,0.561672,0.540764;0.991592,0.0991378,-0.0574488,0.0601361
0.755896,0.570747,0.53825;0.987767,0.137317,-0.0555566,0.0487154
0.752112,0.578872,0.533857;0.98097,0.183493,-0.0531328,0.0347082
0.749099,0.584886,0.526268;0.968803,0.242204,-0.0498316,0.0165821
0.747905,0.586236,0.516429;0.946465,0.321015,-0.0339525,-0.000369275
0.748239,0.583751,0.506714;0.916921,0.398668,-0.0117934,-0.0134254
0.749355,0.57929,0.497826;0.887314,0.460487,0.00656237,-0.0241246
0.750911,0.573624,0.489423;0.857518,0.512866,0.0226685,-0.0334262
0.752726,0.567194,0.481457;0.827901,0.558098,0.0370336,-0.0416537
0.754638,0.560468,0.474098;0.799492,0.596628,0.049644,-0.0488216
0.756615,0.553496,0.467142;0.771804,0.630506,0.0610502,-0.05526
0.758689,0.546135,0.460324;0.743937,0.661549,0.0717952,-0.0612848
0.760819,0.538502,0.453687;0.716159,0.689881,0.0818774,-0.0669012
0.762969,0.530708,0.447266;0.688714,0.715637,0.0913003,-0.0721167
0.765108,0.522855,0.441095;0.661824,0.738955,0.100071,-0.0769411
0.76721,0.515033,0.435198;0.635689,0.759979,0.108202,-0.0813858
0.769391,0.506803,0.429225;0.608783,0.780083,0.116201,-0.0857319
0.771501,0.498722,0.423563;0.582889,0.798074,0.123573,-0.0897123
0.773668,0.490294,0.417845;0.556375,0.815214,0.130814,-0.0935971
0.775737,0.482121,0.412466;0.531094,0.83043,0.137446,-0.0971331
0.777846,0.473656,0.407049;0.50532,0.844875,0.14395,-0.100579
0.77999,0.464903,0.401601;0.479077,0.858537,0.150322,-0.103932
0.782008,0.456524,0.396519;0.454311,0.870511,0.156113,-0.106959
0.784049,0.447905,0.391418;0.429182,0.881789,0.16178,-0.1099
0.786108,0.439051,0.386303;0.403709,0.892362,0.167317,-0.112754
0.788181,0.429965,0.381177;0.377914,0.902222,0.172721,-0.115518
0.790266,0.420653,0.376045;0.351817,0.91136,0.177986,-0.118189
0.792196,0.411858,0.371306;0.327477,0.919149,0.182721,-0.120571
0.79413,0.402877,0.366569;0.302914,0.926312,0.187331,-0.12287
0.796063,0.393711,0.361836;0.278144,0.932843,0.191813,-0.125086
0.797994,0.384364,0.357111;0.253186,0.93874,0.196164,-0.127217
0.799918,0.37484,0.352398;0.228054,0.943997,0.200382,-0.129262
0.801674,0.365956,0.348091;0.20488,0.948251,0.204129,-0.131058
0.80342,0.356927,0.343798;0.181589,0.951962,0.207759,-0.13278
0.805154,0.347756,0.339522;0.158194,0.955128,0.21127,-0.134425
0.806874,0.338446,0.335266;0.134708,0.957748,0.214659,-0.135994
0.808576,0.328999,0.331033;0.111145,0.959819,0.217926,-0.137484
0.81026,0.319416,0.326824;0.087519,0.961341,0.221069,-0.138896
0.811922,0.309702,0.322643;0.0638425,0.962313,0.224085,-0.140229
0.81356,0.299857,0.318492;0.0401295,0.962734,0.226972,-0.141481
0.815172,0.289885,0.314373;0.0163934,0.962604,0.22973,-0.142652
0.816612,0.280711,0.310658;-0.00519326,0.962007,0.232122,-0.143646
0.818028,0.271435,0.306975;-0.0267775,0.960956,0.234405,-0.144572
0.819416,0.26206,0.303324;-0.0483491,0.95945,0.236578,-0.14543
0.820776,0.252586,0.299707;-0.0698978,0.95749,0.238638,-0.146219
0.822106,0.243016,0.296127;-0.0914134,0.955077,0.240585,-0.146938
0.823403,0.233352,0.292585;-0.112886,0.952212,0.242419,-0.147589
0.824675,0.223526,0.289058;-0.114375,0.951121,0.241203,-0.155272
0.825983,0.213033,0.285372;-0.101007,0.951261,0.237636,-0.168607
0.827114,0.203634,0.282134;-0.0890922,0.951092,0.234392,-0.180409
0.828216,0.194175,0.278933;-0.0771519,0.950645,0.231079,-0.192159
0.829289,0.184664,0.275769;-0.0651891,0.94992,0.227699,-0.203852
0.830334,0.175109,0.272641;-0.0532073,0.948918,0.224252,-0.215485
0.831352,0.165519,0.26955;-0.0412099,0.94764,0.22074,-0.227056
0.832342,0.155902,0.266496;-0.0292006,0.946085,0.217164,-0.238561
0.833307,0.146265,0.263479;-0.0171827,0.944253,0.213524,-0.249996
0.834247,0.136618,0.260499;-0.00515976,0.942147,0.209822,-0.261358
0.835162,0.126968,0.257555;0.00686466,0.939765,0.206059,-0.272643
0.836052,0.117323,0.254648;0.0188871,0.937109,0.202235,-0.283849
0.836919,0.107691,0.251778;0.030904,0.93418,0.198353,-0.294973
0.837764,0.0980815,0.248944;0.0429119,0.930978,0.194413,-0.30601
0.838586,0.0885016,0.246147;0.0549072,0.927505,0.190415,-0.316958
0.839485,0.0777701,0.243045;0.0683827,0.923273,0.185852,-0.329164
0.840358,0.0670984,0.239989;0.0818329,0.918701,0.181221,-0.341248
0.841205,0.056498,0.23698;0.0952529,0.91379,0.176522,-0.353206
0.842029,0.0459806,0.234017;0.108638,0.908541,0.171758,-0.365034
0.842828,0.0355579,0.231101;0.121982,0.902957,0.166931,-0.376727
0.843605,0.0252414,0.228232;0.135282,0.897039,0.162042,-0.388281
0.844361,0.0150428,0.225409;0.148532,0.89079,0.157094,-0.399691
0.845095,0.00497375,0.222632;0.161727,0.884212,0.152087,-0.410954
0.84581,-0.0049542,0.219902;0.174862,0.877307,0.147024,-0.422065
0.846506,-0.0147294,0.217219;0.187932,0.870079,0.141907,-0.43302
0.847258,-0.0253974,0.214293;0.202373,0.86167,0.13616,-0.445005
0.847989,-0.0358465,0.211423;0.216722,0.852869,0.130351,-0.456787
0.848701,-0.0460608,0.208612;0.230973,0.843679,0.124482,-0.46836
0.849394,-0.0560242,0.205858;0.245117,0.834104,0.118557,-0.479721
0.850071,-0.065721,0.203161;0.25915,0.824149,0.112577,-0.490862
0.850796,-0.0760602,0.200261;0.27445,0.812765,0.105941,-0.502859
0.851505,-0.0860362,0.197431;0.289598,0.800932,0.0992457,-0.514578
0.852197,-0.0956277,0.194671;0.304587,0.788658,0.0924959,-0.526014
0.852937,-0.105628,0.191739;0.320746,0.774771,0.0850745,-0.538158
0.853721,-0.115884,0.188657;0.338014,0.759154,0.0769718,-0.550915
0.854492,-0.125506,0.185671;0.355021,0.742952,0.0688097,-0.563247
0.855309,-0.13512,0.182565;0.373031,0.724864,0.0599607,-0.576043
0.856231,-0.1451,0.179154;0.393204,0.703399,0.0497824,-0.590036
0.857202,-0.154457,0.175691;0.414134,0.679694,0.0389046,-0.604148
0.858342,-0.163718,0.17183;0.438058,0.650662,0.0260426,-0.61973
0.859836,-0.172731,0.167156;0.467958,0.611155,0.00925458,-0.638294
0.862331,-0.179398,0.160428;0.513175,0.543412,-0.0179024,-0.664104
0.86548,-0.173465,0.153866;0.56069,0.458899,-0.0493883,-0.687458
0.867304,-0.163715,0.150947;0.583443,0.411957,-0.0658975,-0.69681
0.86872,-0.153481,0.149061;0.598936,0.376841,-0.0778363,-0.702287
0.869934,-0.143109,0.147676;0.602213,0.390535,-0.0721733,-0.692541
0.871041,-0.132539,0.146575;0.602916,0.411037,-0.0640203,-0.680766
0.871999,-0.122602,0.145733;0.603215,0.428185,-0.0570901,-0.670469
0.872972,-0.111806,0.144973;0.603245,0.445142,-0.0501344,-0.659872
0.873867,-0.101289,0.144356;0.603037,0.460383,-0.0437914,-0.649981
0.874677,-0.0912831,0.143861;0.602659,0.473955,-0.0380687,-0.640874
0.875489,-0.0807931,0.143426;0.602101,0.487385,-0.0323347,-0.631574
0.876301,-0.0698463,0.14305;0.601361,0.500668,-0.0265909,-0.622084
0.877021,-0.0597545,0.142768;0.600552,0.51235,-0.0214786,-0.613493
0.877736,-0.0493423,0.142534;0.599601,0.52391,-0.0163612,-0.604755
0.878446,-0.0386289,0.142349;0.598508,0.535346,-0.0112399,-0.595875
0.879148,-0.0276335,0.142215;0.597273,0.546655,-0.00611597,-0.586853
0.879841,-0.016375,0.142132;0.595896,0.557834,-0.000990567,-0.577692
0.880438,-0.00632319,0.142102;0.594575,0.567508,0.00349439,-0.569564
0.881026,0.00390259,0.142111;0.593147,0.577078,0.00797872,-0.561332
0.881603,0.0142895,0.142161;0.591611,0.586544,0.0124616,-0.552998
0.882168,0.0248248,0.142252;0.589967,0.595903,0.0169422,-0.544565
0.88272,0.0354956,0.142385;0.588217,0.605155,0.0214197,-0.536032
0.883258,0.0462892,0.142559;0.586359,0.614296,0.0258934,-0.527402
0.883781,0.0571927,0.142776;0.584396,0.623326,0.0303623,-0.518676
0.884287,0.0681933,0.143036;0.582326,0.632243,0.0348258,-0.509856
0.884776,0.0792784,0.143339;0.58015,0.641045,0.0392829,-0.500944
0.885245,0.090435,0.143685;0.577869,0.64973,0.0437329,-0.49194
0.885695,0.10165,0.144076;0.575484,0.658298,0.048175,-0.482848
0.886123,0.112912,0.144512;0.572993,0.666746,0.0526083,-0.473667
0.886529,0.124206,0.144993;0.570399,0.675073,0.057032,-0.464401
0.886911,0.135521,0.14552;0.567701,0.683278,0.0614454,-0.45505
0.887269,0.146844,0.146092;0.564901,0.691358,0.0658477,-0.445617
0.887601,0.158161,0.146712;0.561997,0.699314,0.070238,-0.436103
0.887906,0.16946,0.147378;0.558992,0.707142,0.0746155,-0.42651
0.888182,0.180729,0.148092;0.555885,0.714842,0.0789795,-0.416839
0.888429,0.191954,0.148854;0.552678,0.722412,0.0833292,-0.407093
0.888646,0.203122,0.149665;0.54937,0.729851,0.0876638,-0.397273
0.888831,0.214221,0.150525;0.545962,0.737157,0.0919824,-0.387381
0.888983,0.225239,0.151434;0.542455,0.74433,0.0962844,-0.377418
0.889102,0.236161,0.152393;0.53885,0.751368,0.100569,-0.367387
0.889185,0.246976,0.153402;0.535147,0.758269,0.104835,-0.357289
0.889231,0.257671,0.154462;0.531347,0.765033,0.109082,-0.347127
0.889241,0.268232,0.155574;0.52745,0.771657,0.11331,-0.336901
0.889211,0.278648,0.156737;0.523458,0.778142,0.117516,-0.326614
0.889142,0.288905,0.157953;0.51937,0.784485,0.121702,-0.316268
0.889032,0.29899,0.159221;0.515189,0.790687,0.125865,-0.305865
0.888854,0.310289,0.160736;0.510295,0.797598,0.130595,-0.293907
0.888619,0.321329,0.162321;0.505281,0.80432,0.135295,-0.28188
0.888326,0.33209,0.163977;0.500147,0.810851,0.139962,-0.269786
0.887973,0.342552,0.165705;0.494894,0.81719,0.144596,-0.257628
0.887557,0.352697,0.167505;0.489524,0.823336,0.149195,-0.245409
0.887013,0.363708,0.169618;0.483344,0.830016,0.154328,-0.231593
0.886387,0.374266,0.171823;0.477019,0.836447,0.159414,-0.217708
0.885674,0.384344,0.174124;0.47055,0.842627,0.164452,-0.203757
0.884779,0.394945,0.176792;0.463198,0.849198,0.169992,-0.188185
0.883771,0.404883,0.179579;0.455674,0.855454,0.175469,-0.172543
0.88253,0.415004,0.182784;0.447203,0.861969,0.181419,-0.155263
0.88101,0.42502,0.186449;0.437733,0.868636,0.187816,-0.136333
0.879163,0.43459,0.190621;0.427211,0.875335,0.194634,-0.115745
0.876932,0.443316,0.195351;0.41558,0.881937,0.20184,-0.0934912
0.874064,0.451153,0.201063;0.40192,0.888698,0.209895,-0.0679766
0.870198,0.457297,0.208278;0.385203,0.895631,0.219201,-0.0375963
0.865317,0.459804,0.216809;0.366129,0.901901,0.229146,-0.00396121
0.860117,0.457758,0.225376;0.35605,0.903407,0.23836,0.0163911
0.854924,0.452191,0.233538;0.367169,0.896732,0.246993,0.00726816
0.850458,0.445382,0.240329;0.375977,0.891182,0.253842,-3.20379e-05
0.846345,0.437839,0.246435;0.383621,0.886173,0.259791,-0.00641976
0.842059,0.428925,0.252673;0.391203,0.881022,0.265699,-0.0128065
0.838261,0.420272,0.25811;0.397652,0.876496,0.270729,-0.0182792
0.834359,0.410755,0.263617;0.404054,0.871866,0.275727,-0.0237498
0.831036,0.402211,0.26825;0.409354,0.86793,0.279868,-0.0283065
0.827656,0.39315,0.272916;0.41462,0.863923,0.283985,-0.0328609
0.824224,0.383611,0.277606;0.419852,0.859846,0.28808,-0.0374126
0.820747,0.37363,0.282313;0.42505,0.855698,0.292151,-0.0419613
0.817231,0.363246,0.287031;0.430213,0.851481,0.296198,-0.0465066
0.813684,0.352497,0.291751;0.435341,0.847195,0.300222,-0.051048
0.810826,0.343661,0.295524;0.439418,0.843716,0.303423,-0.0546782
0.807956,0.334635,0.29929;0.443472,0.840193,0.306608,-0.0583056
0.805075,0.325438,0.303046;0.447503,0.836626,0.309777,-0.0619299
0.802188,0.316091,0.306788;0.451511,0.833016,0.31293,-0.065551
0.799297,0.306612,0.310511;0.455495,0.829362,0.316066,-0.0691686
0.796406,0.297021,0.314213;0.459455,0.825665,0.319187,-0.0727827
0.793518,0.287337,0.317889;0.463392,0.821925,0.32229,-0.0763929
0.790636,0.27758,0.321535;0.467304,0.818142,0.325377,-0.0799992
0.787764,0.26777,0.325149;0.471192,0.814317,0.328446,-0.0836013
0.784905,0.257925,0.328725;0.475055,0.810449,0.331499,-0.0871991
0.782062,0.248065,0.332261;0.478894,0.806538,0.334534,-0.0907923
0.779238,0.23821,0.335752;0.482707,0.802586,0.337552,-0.0943807
0.776436,0.228379,0.339195;0.486496,0.798592,0.340553,-0.0979643
0.773661,0.218592,0.342586;0.490259,0.794556,0.343535,-0.101543
0.770915,0.208867,0.345922;0.493996,0.790479,0.3465,-0.105116
0.768201,0.199225,0.349197;0.497708,0.78636,0.349446,-0.108683
0.765522,0.189685,0.352409;0.501394,0.7822,0.352375,-0.112245
0.762883,0.180266,0.355555;0.505053,0.778,0.355284,-0.115802
0.760286,0.170987,0.358629;0.508687,0.773759,0.358176,-0.119352
0.757104,0.159617,0.362366;0.513191,0.768401,0.361764,-0.123781
0.753999,0.148535,0.36598;0.517653,0.762981,0.365322,-0.128199
0.750978,0.137779,0.369461;0.522073,0.757498,0.368851,-0.132608
0.748048,0.127387,0.372805;0.526451,0.751954,0.37235,-0.137005
0.745214,0.117397,0.376002;0.530786,0.746348,0.375818,-0.141391
0.742482,0.107848,0.379045;0.535077,0.740682,0.379256,-0.145766
0.73935,0.097023,0.382485;0.54017,0.733802,0.38334,-0.151
0.736386,0.0869524,0.385679;0.545199,0.726837,0.38738,-0.156217
0.733601,0.0777015,0.388617;0.550164,0.719786,0.391374,-0.161415
0.730594,0.0680325,0.391703;0.555874,0.711453,0.395975,-0.167455
0.727496,0.0585915,0.394753;0.562292,0.701791,0.401157,-0.174326
0.724173,0.0494322,0.397809;0.570149,0.689508,0.407516,-0.182862
0.71971,0.0411491,0.401095;0.584564,0.665555,0.41923,-0.198916
0.718004,0.0505365,0.399989;0.601787,0.634182,0.433321,-0.218857
0.718627,0.0605516,0.397909;0.607956,0.622107,0.438397,-0.226231
0.719627,0.0710172,0.39562;0.612643,0.612601,0.442265,-0.231925
0.720856,0.0819383,0.393174;0.616583,0.604376,0.445524,-0.236777
0.722151,0.0924648,0.390784;0.619811,0.597467,0.4482,-0.240798
