0.718845,0.01838,0.277417;0.730937,-0.657184,0.0721837,-0.169203
0.717063,0.00190861,0.27865;0.732929,-0.654745,0.0717289,-0.170233
0.71532,-0.0143673,0.279882;0.734912,-0.652299,0.0712733,-0.171262
0.713614,-0.0304487,0.281112;0.736887,-0.649846,0.0708169,-0.172288
0.711946,-0.0463365,0.282342;0.738854,-0.647385,0.0703598,-0.173313
0.710316,-0.0620316,0.283571;0.740812,-0.644917,0.0699018,-0.174335
0.708723,-0.0775348,0.284799;0.742763,-0.642442,0.0694431,-0.175356
0.707168,-0.0928472,0.286025;0.744705,-0.63996,0.0689835,-0.176374
0.705649,-0.10797,0.287251;0.746638,-0.63747,0.0685233,-0.177391
0.704167,-0.122903,0.288476;0.748564,-0.634974,0.0680622,-0.178405
0.702722,-0.137648,0.289699;0.750481,-0.63247,0.0676004,-0.179418
0.701314,-0.152206,0.290922;0.752389,-0.629959,0.0671378,-0.180429
0.699941,-0.166577,0.292143;0.754289,-0.627441,0.0666745,-0.181437
0.698605,-0.180763,0.293363;0.756181,-0.624916,0.0662104,-0.182444
0.697304,-0.194765,0.294583;0.758064,-0.622385,0.0657456,-0.183448
0.696039,-0.208582,0.295801;0.759939,-0.619846,0.0652801,-0.184451
0.694809,-0.222218,0.297018;0.761805,-0.6173,0.0648138,-0.185451
0.693614,-0.235671,0.298233;0.763663,-0.614748,0.0643468,-0.18645
0.692454,-0.248943,0.299448;0.765512,-0.612188,0.0638791,-0.187446
0.69133,-0.262036,0.300661;0.767353,-0.609622,0.0634107,-0.18844
0.690239,-0.274949,0.301874;0.769185,-0.607049,0.0629416,-0.189432
0.689183,-0.287684,0.303085;0.771009,-0.604469,0.0624717,-0.190422
0.688161,-0.300242,0.304295;0.772823,-0.601882,0.0620012,-0.19141
0.687174,-0.312623,0.305503;0.77463,-0.599289,0.0615299,-0.192396
0.68622,-0.324829,0.306711;0.776427,-0.596688,0.061058,-0.193379
0.685299,-0.336861,0.307917;0.778216,-0.594082,0.0605854,-0.194361
0.684412,-0.348718,0.309122;0.779996,-0.591468,0.0601121,-0.19534
0.683558,-0.360403,0.310326;0.781768,-0.588848,0.0596382,-0.196317
0.682736,-0.371917,0.311528;0.78353,-0.586222,0.0591636,-0.197292
0.681948,-0.383259,0.312729;0.785284,-0.583588,0.0586883,-0.198264
0.681192,-0.394431,0.313929;0.78703,-0.580949,0.0582123,-0.199235
0.680468,-0.405434,0.315128;0.788766,-0.578302,0.0577357,-0.200203
0.679777,-0.416269,0.316325;0.790493,-0.57565,0.0572585,-0.201169
0.679117,-0.426937,0.317521;0.792212,-0.572991,0.0567806,-0.202133
0.67849,-0.437438,0.318715;0.793922,-0.570325,0.0563021,-0.203094
0.677893,-0.447774,0.319908;0.795623,-0.567653,0.055823,-0.204053
0.677328,-0.457945,0.3211;0.797315,-0.564975,0.0553432,-0.20501
0.676794,-0.467953,0.32229;0.798998,-0.56229,0.0548628,-0.205965
0.676051,-0.48266,0.324073;0.801506,-0.558252,0.0541411,-0.207392
0.675377,-0.497003,0.325853;0.803994,-0.554199,0.053418,-0.208815
0.67477,-0.510987,0.32763;0.806462,-0.550132,0.0526936,-0.210232
0.674232,-0.524613,0.329403;0.808909,-0.546052,0.0519678,-0.211643
0.67376,-0.537886,0.331173;0.811336,-0.541958,0.0512408,-0.21305
0.673354,-0.550807,0.332939;0.813742,-0.53785,0.0505124,-0.214451
0.673013,-0.563381,0.334703;0.816128,-0.533729,0.0497828,-0.215847
0.672737,-0.57561,0.336462;0.818494,-0.529594,0.0490519,-0.217237
0.672525,-0.587498,0.338219;0.820839,-0.525446,0.0483198,-0.218622
0.672377,-0.599047,0.339971;0.823163,-0.521284,0.0475865,-0.220001
0.672291,-0.61026,0.341721;0.825467,-0.51711,0.046852,-0.221375
0.672266,-0.621141,0.343466;0.82775,-0.512923,0.0461163,-0.222743
0.672304,-0.631693,0.345208;0.830012,-0.508722,0.0453794,-0.224106
0.672401,-0.641918,0.346947;0.832253,-0.504509,0.0446414,-0.225463
0.672559,-0.65182,0.348681;0.834473,-0.500283,0.0439023,-0.226814
0.672861,-0.664525,0.350988;0.8374,-0.494629,0.0429151,-0.228607
0.673266,-0.676668,0.353288;0.84029,-0.488953,0.0419259,-0.230389
0.673774,-0.688256,0.355582;0.843143,-0.483255,0.0409349,-0.232162
0.674381,-0.699297,0.357868;0.845958,-0.477535,0.0399421,-0.233924
0.675088,-0.709798,0.360147;0.848735,-0.471794,0.0389474,-0.235675
0.675891,-0.719766,0.362419;0.851474,-0.466032,0.0379511,-0.237416
0.677029,-0.731487,0.365249;0.854844,-0.4588,0.0367032,-0.239577
0.678313,-0.742402,0.368068;0.858154,-0.451536,0.0354528,-0.241722
0.67974,-0.752523,0.370874;0.861405,-0.444241,0.0341999,-0.243849
0.681636,-0.763642,0.374227;0.865226,-0.435445,0.0326933,-0.24638
0.683727,-0.773664,0.377562;0.86896,-0.426606,0.0311834,-0.248886
0.686407,-0.784003,0.38143;0.873206,-0.416239,0.0294179,-0.251777
0.689335,-0.792922,0.385273;0.877332,-0.405815,0.0276484,-0.254635
0.692977,-0.801424,0.389635;0.8819,-0.393834,0.0256214,-0.257857
0.697952,-0.809603,0.395039;0.887389,-0.378759,0.0230813,-0.261821
0.703938,-0.815584,0.400921;0.893139,-0.362055,0.0202798,-0.266096
0.711043,-0.818677,0.40726;0.899069,-0.343692,0.0172158,-0.270657
0.719367,-0.818208,0.414034;0.905083,-0.323643,0.0138887,-0.275475
0.727584,-0.814459,0.420198;0.910256,-0.305001,0.0108116,-0.279807
0.734788,-0.809049,0.425266;0.914286,-0.289371,0.00824405,-0.283332
0.741527,-0.802504,0.429774;0.917695,-0.275235,0.00593123,-0.286436
0.747704,-0.795422,0.433738;0.920551,-0.262618,0.00387425,-0.28914
0.754045,-0.787211,0.437659;0.923243,-0.249953,0.00181658,-0.291793
0.759716,-0.779147,0.441055;0.925462,-0.238835,1.58381e-05,-0.294072
0.765493,-0.770301,0.444418;0.927554,-0.227684,-0.00178491,-0.29631
0.770522,-0.762127,0.447274;0.929247,-0.218101,-0.00332822,-0.298197
0.775617,-0.753433,0.450105;0.930846,-0.208496,-0.00487119,-0.300053
0.780772,-0.744242,0.45291;0.932351,-0.19887,-0.00641368,-0.301879
0.785982,-0.73458,0.455689;0.933763,-0.189224,-0.00795552,-0.303674
0.791242,-0.724471,0.458443;0.93508,-0.179559,-0.00949655,-0.30544
0.795658,-0.715723,0.460717;0.936106,-0.171491,-0.01078,-0.306887
0.800102,-0.706696,0.462973;0.937067,-0.163411,-0.0120628,-0.308313
0.80457,-0.697404,0.46521;0.937962,-0.15532,-0.0133446,-0.309717
0.809059,-0.687861,0.467428;0.938792,-0.147218,-0.0146256,-0.3111
0.813565,-0.678081,0.469627;0.939556,-0.139105,-0.0159055,-0.312461
0.818086,-0.668079,0.471807;0.940254,-0.130983,-0.0171843,-0.313801
0.822618,-0.657869,0.473967;0.940886,-0.122852,-0.0184619,-0.315118
0.827158,-0.647464,0.476107;0.941453,-0.114712,-0.0197382,-0.316413
0.831703,-0.63688,0.478228;0.941954,-0.106564,-0.0210132,-0.317686
0.836249,-0.62613,0.480329;0.94239,-0.0984087,-0.0222867,-0.318937
0.840794,-0.615229,0.482409;0.942759,-0.0902464,-0.0235586,-0.320166
0.845335,-0.604191,0.484469;0.943062,-0.0820778,-0.0248288,-0.321372
0.849867,-0.593029,0.486509;0.9433,-0.0739035,-0.0260974,-0.322556
0.854072,-0.582553,0.488386;0.944078,-0.0656541,-0.0250237,-0.322148
0.858065,-0.572499,0.490157;0.945188,-0.0573348,-0.0223907,-0.320673
0.862046,-0.562372,0.491911;0.946223,-0.049011,-0.0197559,-0.319171
0.866015,-0.552178,0.49365;0.947182,-0.0406832,-0.0171195,-0.317645
0.86997,-0.541922,0.495371;0.948066,-0.0323523,-0.0144818,-0.316093
0.873911,-0.531608,0.497077;0.948875,-0.0240187,-0.0118429,-0.314515
0.877837,-0.521243,0.498766;0.949608,-0.0156833,-0.00920304,-0.312913
0.881747,-0.51083,0.500439;0.950265,-0.00734656,-0.00656248,-0.311286
0.885639,-0.500376,0.502096;0.950847,0.000990725,-0.00392138,-0.309634
0.889513,-0.489885,0.503737;0.951353,0.00932793,-0.00127998,-0.307958
0.893368,-0.479362,0.505361;0.951784,0.0176644,0.00136152,-0.306257
0.897202,-0.468813,0.506969;0.952139,0.0259995,0.00400292,-0.304531
0.901014,-0.458243,0.508561;0.952418,0.0343325,0.006644,-0.302782
0.904804,-0.447657,0.510137;0.952621,0.0426627,0.00928455,-0.301008
0.908571,-0.43706,0.511696;0.952749,0.0509896,0.0119244,-0.299211
0.912313,-0.426457,0.51324;0.952801,0.0593124,0.0145632,-0.297389
0.91603,-0.415853,0.514767;0.952777,0.0676305,0.0172009,-0.295544
0.919721,-0.405254,0.516278;0.952677,0.0759432,0.0198373,-0.293676
0.923383,-0.394665,0.517773;0.952502,0.0842499,0.022472,-0.291784
0.927018,-0.38409,0.519252;0.95225,0.0925498,0.025105,-0.289869
0.930623,-0.373535,0.520715;0.951923,0.100842,0.027736,-0.28793
0.934197,-0.363006,0.522162;0.95152,0.109127,0.0303647,-0.285969
0.93774,-0.352507,0.523593;0.951042,0.117403,0.0329911,-0.283985
0.94125,-0.342043,0.525008;0.950488,0.125669,0.0356148,-0.281979
0.944726,-0.331619,0.526406;0.949858,0.133926,0.0382357,-0.27995
0.948168,-0.321241,0.527789;0.949152,0.142172,0.0408535,-0.277899
0.951575,-0.310914,0.529156;0.948372,0.150407,0.0434681,-0.275826
0.954944,-0.300643,0.530507;0.947515,0.158629,0.0460793,-0.27373
0.958276,-0.290433,0.531842;0.946584,0.166839,0.0486868,-0.271613
0.96157,-0.28029,0.53316;0.945577,0.175036,0.0512904,-0.269475
0.964824,-0.270218,0.534463;0.944494,0.183219,0.0538899,-0.267315
0.968037,-0.260222,0.53575;0.943337,0.191387,0.0564851,-0.265134
0.971208,-0.250308,0.537022;0.942105,0.19954,0.0590759,-0.262931
0.974337,-0.240481,0.538277;0.940797,0.207677,0.0616619,-0.260708
0.977422,-0.230745,0.539516;0.939415,0.215798,0.064243,-0.258464
0.980462,-0.221107,0.54074;0.937958,0.223901,0.0668191,-0.256199
0.983457,-0.211571,0.541947;0.936427,0.231987,0.0693898,-0.253914
0.986989,-0.20027,0.543376;0.93449,0.241665,0.0724673,-0.251146
0.990451,-0.189133,0.544781;0.932447,0.251316,0.0755366,-0.248348
0.993843,-0.178168,0.546164;0.930297,0.260938,0.0785972,-0.245522
0.997162,-0.167385,0.547524;0.92804,0.27053,0.0816488,-0.242668
1.00041,-0.156791,0.548861;0.925678,0.280091,0.084691,-0.239787
1.00358,-0.146397,0.550176;0.923209,0.28962,0.0877235,-0.236877
1.00667,-0.136211,0.551468;0.920634,0.299115,0.090746,-0.233941
1.00968,-0.126242,0.552737;0.917954,0.308577,0.0937581,-0.230978
1.01261,-0.116498,0.553984;0.915168,0.318003,0.0967595,-0.227988
1.01546,-0.10699,0.555208;0.912278,0.327393,0.0997497,-0.224972
1.01867,-0.0962044,0.556607;0.908774,0.3383,0.103224,-0.221422
1.02177,-0.0857649,0.557976;0.905129,0.349154,0.106682,-0.217836
1.02474,-0.0756851,0.559315;0.901342,0.359954,0.110123,-0.214217
1.02759,-0.0659792,0.560623;0.897414,0.370698,0.113548,-0.210564
1.03069,-0.0553627,0.56208;0.892755,0.382906,0.117439,-0.206349
1.03363,-0.045274,0.563497;0.887913,0.395036,0.121307,-0.202092
1.03639,-0.0357342,0.564875;0.882891,0.407085,0.12515,-0.197794
1.03928,-0.0256842,0.566377;0.877026,0.420541,0.129443,-0.192911
1.04222,-0.0154002,0.567988;0.870244,0.435366,0.134174,-0.187427
1.04512,-0.00520828,0.569687;0.862465,0.451512,0.139329,-0.181325
1.04786,0.00450886,0.571457;0.853599,0.468928,0.144891,-0.17459
1.05066,0.0144934,0.573544;0.841968,0.490395,0.151749,-0.166058
1.05325,0.023844,0.576112;0.825523,0.518468,0.160725,-0.154498
1.05371,0.0256674,0.58137;0.780839,0.584388,0.181826,-0.125377
1.05101,0.0157696,0.583256;0.758816,0.612563,0.190858,-0.111977
1.04835,0.00593663,0.584287;0.74359,0.637297,0.172582,-0.105555
1.04561,-0.00418963,0.585049;0.729819,0.659676,0.148349,-0.100922
1.04297,-0.0139557,0.585627;0.717617,0.677671,0.128005,-0.0969601
1.04023,-0.0240985,0.586118;0.705645,0.693916,0.108914,-0.0931838
1.03745,-0.0343584,0.586535;0.694031,0.708512,0.0911089,-0.0896116
1.03468,-0.044511,0.586885;0.682893,0.72156,0.0746185,-0.0862602
1.03199,-0.0543634,0.587177;0.672336,0.733154,0.0594643,-0.0831442
1.02916,-0.0647119,0.587442;0.661454,0.744392,0.0442812,-0.079988
1.02646,-0.0745284,0.58766;0.651282,0.754296,0.0304596,-0.0770849
1.02365,-0.0847146,0.587855;0.640848,0.763897,0.0166257,-0.0741509
1.02074,-0.0952513,0.588029;0.630158,0.773192,0.00278521,-0.0711872
1.01802,-0.105018,0.588166;0.62032,0.781292,-0.00967237,-0.0684954
1.01523,-0.115039,0.588285;0.610281,0.789139,-0.0221268,-0.0657814
1.01235,-0.125301,0.588387;0.600044,0.796729,-0.0345741,-0.063046
1.00941,-0.135789,0.588472;0.589612,0.80406,-0.0470101,-0.0602901
1.00638,-0.146489,0.588539;0.578989,0.81113,-0.0594308,-0.0575147
1.00364,-0.156168,0.588584;0.569387,0.817194,-0.0704554,-0.0550319
1.00084,-0.165994,0.588616;0.55964,0.823047,-0.0814619,-0.052535
0.997997,-0.175957,0.588634;0.549749,0.82869,-0.0924475,-0.0500246
0.9951,-0.186047,0.588638;0.539717,0.83412,-0.103409,-0.0475014
0.992156,-0.196255,0.588629;0.529546,0.839335,-0.114345,-0.0449659
0.989167,-0.206571,0.588607;0.51924,0.844336,-0.125251,-0.042419
0.986135,-0.216984,0.588572;0.5088,0.849119,-0.136125,-0.0398611
0.983063,-0.227486,0.588523;0.49823,0.853685,-0.146963,-0.037293
0.979951,-0.238066,0.588461;0.487531,0.858032,-0.157765,-0.0347154
0.976802,-0.248715,0.588387;0.476708,0.862158,-0.168525,-0.0321288
0.973619,-0.259422,0.588299;0.465762,0.866063,-0.179243,-0.029534
0.970402,-0.270178,0.588198;0.454697,0.869746,-0.189914,-0.0269316
0.967155,-0.280974,0.588085;0.443515,0.873205,-0.200537,-0.0243223
0.963878,-0.291798,0.587958;0.432219,0.876441,-0.211108,-0.0217068
0.960575,-0.302643,0.587819;0.420813,0.879451,-0.221625,-0.0190856
0.957247,-0.313496,0.587667;0.409298,0.882236,-0.232085,-0.0164596
0.953895,-0.32435,0.587503;0.397678,0.884795,-0.242486,-0.0138294
0.950523,-0.335194,0.587326;0.385956,0.887126,-0.252824,-0.0111956
0.947132,-0.346018,0.587137;0.374135,0.889229,-0.263098,-0.00855894
0.943724,-0.356812,0.586935;0.362218,0.891105,-0.273304,-0.00592008
0.940301,-0.367567,0.586721;0.350209,0.892752,-0.28344,-0.0032797
0.936866,-0.378272,0.586495;0.338109,0.894169,-0.293503,-0.000638484
0.933419,-0.388919,0.586257;0.325922,0.895357,-0.30349,0.0020029
0.929964,-0.399497,0.586006;0.313652,0.896315,-0.3134,0.00464377
0.926501,-0.409996,0.585744;0.301301,0.897044,-0.32323,0.00728345
0.923034,-0.420407,0.585469;0.288873,0.897542,-0.332976,0.00992126
0.919564,-0.430719,0.585183;0.276371,0.897809,-0.342637,0.0125565
0.916093,-0.440923,0.584884;0.263798,0.897846,-0.35221,0.0151886
0.912623,-0.45101,0.584574;0.251157,0.897653,-0.361693,0.0178167
0.909157,-0.460969,0.584253;0.238452,0.897229,-0.371082,0.0204403
0.905695,-0.47079,0.583919;0.225685,0.896576,-0.380377,0.0230586
0.902241,-0.480464,0.583574;0.212861,0.895692,-0.389574,0.025671
0.898796,-0.48998,0.583218;0.199982,0.894578,-0.398671,0.0282768
0.894934,-0.500486,0.582803;0.185432,0.89305,-0.408783,0.0311996
0.891089,-0.510767,0.582374;0.170822,0.891232,-0.418761,0.0341123
0.887263,-0.520809,0.58193;0.156156,0.889125,-0.428604,0.037014
0.883461,-0.530598,0.581473;0.141439,0.886729,-0.438308,0.0399036
0.879684,-0.540119,0.581001;0.126677,0.884045,-0.447869,0.0427802
0.87552,-0.550368,0.58046;0.110226,0.880726,-0.458322,0.0459601
0.871396,-0.56025,0.579903;0.0937311,0.877054,-0.468591,0.0491216
0.867315,-0.569747,0.579328;0.0771985,0.87303,-0.478672,0.0522634
0.86288,-0.579726,0.578676;0.0589772,0.8682,-0.48954,0.0556951
0.858507,-0.58919,0.578004;0.0407272,0.862948,-0.50017,0.0590998
0.853813,-0.598896,0.577248;0.0207959,0.856741,-0.511489,0.0627813
0.849206,-0.607926,0.576468;0.000852614,0.85004,-0.522513,0.0664265
0.84432,-0.616907,0.575597;-0.0207528,0.842226,-0.534115,0.0703321
0.839191,-0.625599,0.574629;-0.044004,0.833173,-0.546204,0.0744847
0.833511,-0.634223,0.573484;-0.0705335,0.822025,-0.559494,0.0791587
0.827373,-0.642161,0.572147;-0.100291,0.808476,-0.573758,0.0843197
0.820263,-0.649169,0.570446;-0.136481,0.790491,-0.590178,0.090478
0.811618,-0.653553,0.568091;-0.183769,0.764447,-0.610068,0.0983256
0.802599,-0.651038,0.565152;-0.232094,0.735192,-0.628044,0.105761
0.796587,-0.643133,0.562774;-0.20048,0.759599,-0.611085,0.0969106
0.792479,-0.633681,0.560879;-0.175778,0.777441,-0.597158,0.0899407
0.789427,-0.623873,0.559287;-0.15528,0.791452,-0.585163,0.0841214
0.787036,-0.614107,0.557904;-0.137611,0.802962,-0.574511,0.07908
0.785019,-0.60412,0.556623;-0.121343,0.8131,-0.564452,0.0744181
0.783323,-0.594233,0.555449;-0.106503,0.821972,-0.555067,0.0701483
0.781754,-0.58362,0.554269;-0.0916194,0.83051,-0.545457,0.0658501
0.780445,-0.573483,0.553201;-0.0781923,0.837906,-0.536619,0.0619588
0.779229,-0.562825,0.552131;-0.0647396,0.845028,-0.527605,0.0580472
0.778103,-0.551677,0.551059;-0.0512656,0.851872,-0.518418,0.0541165
0.777174,-0.541381,0.550104;-0.0392745,0.857721,-0.510108,0.0506076
0.77631,-0.530746,0.54915;-0.0272732,0.863348,-0.501667,0.0470856
0.775508,-0.519792,0.548197;-0.0152648,0.868751,-0.493095,0.0435514
0.774766,-0.508541,0.547245;-0.00325241,0.873928,-0.484395,0.0400059
0.774162,-0.498472,0.546415;0.0072592,0.878272,-0.47668,0.0368951
0.7736,-0.488207,0.545586;0.0177694,0.882442,-0.46887,0.0337769
0.773078,-0.477763,0.544761;0.028276,0.886437,-0.460967,0.030652
0.772593,-0.467153,0.543939;0.038777,0.890256,-0.452972,0.027521
0.772143,-0.456392,0.543121;0.0492704,0.893898,-0.444887,0.0243845
0.771728,-0.445495,0.542308;0.0597539,0.897362,-0.436714,0.0212433
0.771344,-0.434477,0.5415;0.0702256,0.900648,-0.428455,0.0180977
0.770991,-0.423353,0.540698;0.0806833,0.903756,-0.42011,0.0149486
0.770665,-0.412138,0.539901;0.091125,0.906684,-0.411682,0.0117966
0.770366,-0.400845,0.539111;0.101549,0.909431,-0.403172,0.00864216
0.770091,-0.389491,0.538329;0.111952,0.911999,-0.394582,0.00548603
0.769839,-0.37809,0.537554;0.122333,0.914385,-0.385914,0.00232881
0.769607,-0.366656,0.536788;0.13269,0.91659,-0.377169,-0.000828869
0.769394,-0.355205,0.536031;0.143021,0.918612,-0.368349,-0.00398638
0.769198,-0.343751,0.535282;0.153323,0.920452,-0.359456,-0.00714311
0.769016,-0.332309,0.534544;0.163595,0.92211,-0.350491,-0.0102984
0.768848,-0.320894,0.533817;0.173834,0.923584,-0.341457,-0.0134517
0.768691,-0.309521,0.5331;0.184039,0.924875,-0.332356,-0.0166023
0.768544,-0.298204,0.532395;0.194207,0.925982,-0.323188,-0.0197496
0.768403,-0.286958,0.531701;0.204336,0.926906,-0.313956,-0.0228929
0.768269,-0.275798,0.531021;0.214426,0.927645,-0.304662,-0.0260318
0.768138,-0.264739,0.530353;0.224472,0.9282,-0.295307,-0.0291654
0.768009,-0.253795,0.5297;0.234474,0.928571,-0.285893,-0.0322933
0.767879,-0.242982,0.52906;0.244429,0.928757,-0.276423,-0.0354147
0.767748,-0.232314,0.528435;0.254336,0.928759,-0.266898,-0.0385291
0.767613,-0.221806,0.527826;0.264192,0.928577,-0.25732,-0.0416359
0.767472,-0.211473,0.527232;0.273996,0.92821,-0.247691,-0.0447344
0.767323,-0.201329,0.526655;0.283746,0.927659,-0.238012,-0.047824
0.767142,-0.189987,0.526016;0.294819,0.926804,-0.226894,-0.0513434
0.766945,-0.178934,0.525399;0.305815,0.925708,-0.215716,-0.0548494
0.76673,-0.168192,0.524807;0.316733,0.924372,-0.204482,-0.0583412
0.766494,-0.157783,0.524239;0.327568,0.922796,-0.193196,-0.0618178
0.766235,-0.14773,0.523696;0.338318,0.920981,-0.181859,-0.0652784
0.765911,-0.136871,0.523116;0.350307,0.918654,-0.169049,-0.0691514
0.76555,-0.126522,0.522571;0.362181,0.916025,-0.156184,-0.0730016
0.765099,-0.115657,0.522006;0.375235,0.912752,-0.141829,-0.0772514
0.764592,-0.105503,0.521486;0.388136,0.909108,-0.127416,-0.08147
0.763963,-0.0952054,0.520969;0.402146,0.904675,-0.111503,-0.0860722
0.763181,-0.0850784,0.520471;0.417205,0.899333,-0.0940815,-0.0910446
0.762132,-0.0748203,0.519982;0.434465,0.892437,-0.0736874,-0.0967784
0.760639,-0.0647809,0.519527;0.454958,0.883112,-0.048846,-0.103637
0.757833,-0.0550113,0.519141;0.485262,0.866853,-0.0107525,-0.113889
0.750873,-0.0567098,0.519477;0.536615,0.831472,0.058112,-0.131612
0.746855,-0.0664906,0.520093;0.558034,0.813238,0.0887499,-0.139159
0.743828,-0.0763957,0.520673;0.571762,0.800272,0.10909,-0.144053
0.741161,-0.0864834,0.521247;0.558717,0.811129,0.0972555,-0.142992
0.738669,-0.0968202,0.521826;0.544049,0.822842,0.0833845,-0.141381
0.736319,-0.107224,0.522408;0.530593,0.832999,0.0708613,-0.139864
0.734155,-0.117296,0.522971;0.518434,0.841718,0.059703,-0.138464
0.731928,-0.128098,0.523577;0.506094,0.850142,0.0485238,-0.137015
0.729932,-0.138117,0.524143;0.495151,0.857268,0.0387279,-0.135708
0.727897,-0.148634,0.52474;0.484075,0.864165,0.0289217,-0.134365
0.725829,-0.159621,0.52537;0.472869,0.87083,0.0191077,-0.132985
0.723731,-0.171049,0.526031;0.461536,0.877261,0.00928853,-0.13157
0.721914,-0.181174,0.526622;0.451724,0.882587,0.000870043,-0.130329
0.720082,-0.191584,0.527236;0.441822,0.887738,-0.00754862,-0.129063
0.718238,-0.202261,0.527872;0.431834,0.892715,-0.0159658,-0.12777
0.716385,-0.213187,0.52853;0.42176,0.897515,-0.0243798,-0.126453
0.714526,-0.224344,0.52921;0.411604,0.902139,-0.032789,-0.125111
0.712665,-0.235714,0.529911;0.401366,0.906585,-0.0411918,-0.123744
0.710804,-0.247278,0.530634;0.391049,0.910852,-0.0495864,-0.122353
0.708946,-0.25902,0.531377;0.380655,0.91494,-0.0579713,-0.120937
0.707403,-0.268927,0.532012;0.371936,0.918209,-0.0649501,-0.11974
0.705866,-0.278934,0.532662;0.363166,0.921352,-0.0719199,-0.118526
0.704336,-0.28903,0.533326;0.354346,0.924369,-0.0788799,-0.117295
0.702816,-0.299206,0.534004;0.345478,0.92726,-0.0858291,-0.116049
0.701307,-0.309449,0.534695;0.336563,0.930024,-0.0927666,-0.114787
0.699812,-0.319752,0.535401;0.327601,0.93266,-0.0996914,-0.113509
0.698331,-0.330101,0.536119;0.318595,0.935169,-0.106602,-0.112215
0.696867,-0.340488,0.536851;0.309545,0.93755,-0.113499,-0.110906
0.695421,-0.350902,0.537597;0.300453,0.939802,-0.12038,-0.109582
0.693995,-0.361333,0.538355;0.29132,0.941926,-0.127245,-0.108243
0.692591,-0.371769,0.539127;0.282147,0.943921,-0.134092,-0.10689
0.69121,-0.382201,0.539911;0.272935,0.945787,-0.14092,-0.105521
0.689855,-0.392619,0.540708;0.263686,0.947524,-0.14773,-0.104138
0.688527,-0.40301,0.541517;0.2544,0.94913,-0.154519,-0.102741
0.687227,-0.413367,0.542338;0.24508,0.950607,-0.161287,-0.10133
0.685958,-0.423677,0.543172;0.235727,0.951954,-0.168033,-0.0999048
0.684721,-0.43393,0.544018;0.226341,0.953171,-0.174757,-0.0984661
0.683519,-0.444116,0.544876;0.216924,0.954257,-0.181456,-0.0970139
0.682351,-0.454225,0.545745;0.207477,0.955212,-0.18813,-0.0955484
0.681222,-0.464246,0.546626;0.198003,0.956037,-0.194779,-0.0940698
0.680131,-0.474169,0.547519;0.188501,0.956731,-0.2014,-0.0925784
0.678877,-0.485932,0.548605;0.177064,0.957391,-0.20931,-0.0907719
0.677685,-0.49752,0.549707;0.165593,0.957863,-0.217179,-0.0889476
0.676557,-0.508916,0.550824;0.154089,0.958145,-0.225005,-0.0871058
0.675498,-0.520101,0.551958;0.142555,0.958239,-0.232786,-0.0852468
0.67451,-0.531057,0.553106;0.130993,0.958144,-0.240522,-0.083371
0.673595,-0.541766,0.55427;0.119405,0.95786,-0.24821,-0.0814787
0.672758,-0.552211,0.555448;0.107793,0.957387,-0.255849,-0.0795704
0.672001,-0.562373,0.556641;0.09616,0.956726,-0.263438,-0.0776465
0.671222,-0.573847,0.55805;0.0825645,0.955716,-0.272226,-0.0753825
0.670562,-0.584883,0.559479;0.0689468,0.95445,-0.280941,-0.0730984
0.670024,-0.595452,0.560926;0.0553107,0.952928,-0.289581,-0.0707946
0.669614,-0.605526,0.562391;0.0416597,0.95115,-0.298143,-0.0684719
0.669307,-0.616396,0.564088;0.0260451,0.948806,-0.30783,-0.0657948
0.66918,-0.626539,0.565807;0.0104214,0.94613,-0.317409,-0.0630947
0.66926,-0.637028,0.567767;-0.00715934,0.942723,-0.328052,-0.0600308
0.66964,-0.647465,0.569976;-0.0266894,0.938447,-0.339708,-0.0565952
0.670426,-0.65737,0.572444;-0.0481553,0.933151,-0.352314,-0.0527804
0.672013,-0.667419,0.575638;-0.0754275,0.925517,-0.368019,-0.047875
0.675282,-0.676092,0.580064;-0.112305,0.913569,-0.388698,-0.0411365
0.68231,-0.677543,0.586519;-0.16431,0.893493,-0.416755,-0.0314241
0.688669,-0.670699,0.590921;-0.198629,0.878124,-0.434542,-0.0248771
0.6937,-0.662379,0.593894;-0.221316,0.86701,-0.445974,-0.0204873
0.698397,-0.653026,0.596394;-0.24009,0.857227,-0.455232,-0.0168166
0.702494,-0.643901,0.598408;-0.255014,0.849062,-0.46246,-0.0138733
0.706334,-0.634682,0.60018;-0.268,0.841673,-0.468651,-0.0112939
0.710416,-0.624281,0.60196;-0.280914,0.834059,-0.474717,-0.00871144
0.71411,-0.614403,0.603493;-0.291924,0.827355,-0.479815,-0.00649605
0.71799,-0.603617,0.605031;-0.302876,0.820487,-0.484818,-0.00427937
0.721366,-0.593922,0.606316;-0.311957,0.814641,-0.488915,-0.00243148
0.724873,-0.583574,0.607606;-0.320995,0.808683,-0.492944,-0.000583252
0.728515,-0.572563,0.608899;-0.32999,0.802614,-0.496907,0.00126505
0.732292,-0.560877,0.610195;-0.338939,0.796435,-0.500801,0.00311319
0.735412,-0.551036,0.611234;-0.346065,0.791414,-0.503867,0.0045914
0.738621,-0.540751,0.612275;-0.353161,0.786323,-0.506889,0.00606921
0.741919,-0.530018,0.613319;-0.360226,0.781164,-0.509866,0.00754648
0.745308,-0.51883,0.614363;-0.367259,0.775936,-0.512799,0.0090231
0.748788,-0.507183,0.61541;-0.37426,0.77064,-0.515687,0.0104989
0.75236,-0.495071,0.616458;-0.381229,0.765277,-0.518529,0.0119738
0.756026,-0.482489,0.617508;-0.388164,0.759846,-0.521327,0.0134477
0.758837,-0.47274,0.618297;-0.393343,0.75573,-0.523395,0.0145523
0.761701,-0.462722,0.619086;-0.398502,0.751576,-0.525437,0.0156562
0.764618,-0.452432,0.619876;-0.403642,0.747386,-0.527453,0.0167594
0.76759,-0.441868,0.620667;-0.408762,0.743158,-0.529444,0.0178617
0.770616,-0.431027,0.621458;-0.413862,0.738894,-0.531408,0.0189631
0.773697,-0.419907,0.62225;-0.418942,0.734593,-0.533346,0.0200636
0.776833,-0.408507,0.623043;-0.424001,0.730256,-0.535258,0.0211631
0.780025,-0.396823,0.623837;-0.429039,0.725884,-0.537144,0.0222616
0.783272,-0.384853,0.624631;-0.434055,0.721475,-0.539003,0.023359
0.786576,-0.372596,0.625425;-0.439051,0.717031,-0.540835,0.0244552
0.789936,-0.360049,0.62622;-0.444025,0.712552,-0.542641,0.0255502
0.793353,-0.347209,0.627016;-0.448977,0.708037,-0.54442,0.026644
0.796828,-0.334075,0.627812;-0.453907,0.703488,-0.546172,0.0277364
0.800361,-0.320644,0.628608;-0.458814,0.698904,-0.547898,0.0288275
0.803952,-0.306914,0.629405;-0.463699,0.694286,-0.549596,0.0299171
0.807601,-0.292883,0.630203;-0.468561,0.689633,-0.551267,0.0310053
0.811309,-0.278549,0.631;-0.4734,0.684946,-0.552911,0.032092
0.813814,-0.268822,0.631532;-0.476613,0.681803,-0.553992,0.0328156
0.816345,-0.25896,0.632064;-0.479816,0.678645,-0.555061,0.0335384
0.818903,-0.24896,0.632596;-0.483008,0.675472,-0.556118,0.0342605
0.821488,-0.238822,0.633128;-0.486189,0.672284,-0.557162,0.0349819
0.8241,-0.228545,0.633661;-0.48936,0.669082,-0.558195,0.0357025
0.826738,-0.218129,0.634193;-0.49252,0.665865,-0.559215,0.0364223
0.829404,-0.207574,0.634726;-0.49567,0.662633,-0.560223,0.0371413
