0.807254,-0.241386,0.597876;-0.132292,0.891215,-0.101135,-0.421908
0.806749,-0.253463,0.597048;-0.141854,0.891693,-0.101938,-0.417577
0.806272,-0.265315,0.596218;-0.151401,0.892072,-0.102728,-0.413198
0.805822,-0.276944,0.595386;-0.16093,0.892351,-0.103508,-0.408774
0.805401,-0.288351,0.594552;-0.170442,0.892532,-0.104276,-0.404305
0.805006,-0.299539,0.593717;-0.179935,0.892614,-0.105032,-0.399791
0.804639,-0.310509,0.592879;-0.189408,0.892596,-0.105777,-0.395232
0.804299,-0.321263,0.592039;-0.19886,0.892479,-0.10651,-0.390629
0.803985,-0.331802,0.591198;-0.208289,0.892263,-0.107231,-0.385983
0.803697,-0.342129,0.590354;-0.217696,0.891948,-0.10794,-0.381294
0.803434,-0.352245,0.589508;-0.227078,0.891534,-0.108637,-0.376563
0.803154,-0.364108,0.588491;-0.238304,0.890907,-0.109458,-0.37083
0.802909,-0.375672,0.58747;-0.249491,0.890137,-0.110261,-0.365038
0.8027,-0.386941,0.586446;-0.260639,0.889224,-0.111047,-0.359188
0.802526,-0.397917,0.585419;-0.271744,0.88817,-0.111814,-0.35328
0.802387,-0.408604,0.584389;-0.282807,0.886973,-0.112564,-0.347316
0.802282,-0.419004,0.583356;-0.293824,0.885635,-0.113296,-0.341296
0.802211,-0.429121,0.582319;-0.304794,0.884154,-0.11401,-0.335222
0.80217,-0.440569,0.581106;-0.317531,0.882249,-0.11482,-0.328067
0.802173,-0.45164,0.579888;-0.330198,0.880151,-0.115604,-0.320841
0.802219,-0.462338,0.578665;-0.342794,0.877862,-0.116364,-0.313545
0.802308,-0.472669,0.577437;-0.355315,0.875381,-0.117098,-0.306181
0.802439,-0.482636,0.576205;-0.367759,0.87271,-0.117807,-0.29875
0.802638,-0.493589,0.57479;-0.381882,0.869425,-0.118585,-0.290179
0.80289,-0.50408,0.573369;-0.395897,0.865893,-0.11933,-0.281524
0.803192,-0.514118,0.571941;-0.409799,0.862114,-0.120041,-0.27279
0.803592,-0.524875,0.570327;-0.425299,0.85757,-0.1208,-0.262871
0.804053,-0.535077,0.568704;-0.440646,0.852718,-0.121515,-0.252858
0.804635,-0.545773,0.566891;-0.457513,0.846966,-0.122259,-0.241625
0.805287,-0.555809,0.565066;-0.474176,0.840839,-0.122948,-0.230285
0.806084,-0.566102,0.563045;-0.492261,0.833667,-0.123644,-0.217694
0.807045,-0.57646,0.560825;-0.511689,0.825332,-0.124326,-0.203824
0.808187,-0.586682,0.558401;-0.532366,0.815707,-0.124976,-0.188651
0.809531,-0.596564,0.555767;-0.554186,0.804657,-0.12557,-0.172154
0.811201,-0.606472,0.552727;-0.578532,0.791171,-0.126116,-0.153117
0.81324,-0.615921,0.549268;-0.605132,0.774924,-0.126559,-0.131493
0.815816,-0.624774,0.545178;-0.635063,0.754562,-0.126845,-0.106028
0.819266,-0.63268,0.54003;-0.67039,0.727308,-0.126854,-0.0742179
0.824148,-0.638295,0.533153;-0.713534,0.688387,-0.126293,-0.0322986
0.830149,-0.638788,0.525051;-0.758499,0.639403,-0.12485,0.0159764
0.835624,-0.63464,0.517792;-0.79353,0.593164,-0.122904,0.0579856
0.840398,-0.628159,0.51145;-0.820196,0.551308,-0.120745,0.0935901
0.844543,-0.620669,0.505866;-0.840728,0.513567,-0.118522,0.124008
0.848376,-0.612346,0.50059;-0.855811,0.480839,-0.124547,0.144463
0.851785,-0.603863,0.49577;-0.86554,0.455684,-0.141414,0.152294
0.854939,-0.595105,0.491176;-0.873818,0.431657,-0.15709,0.159488
0.857837,-0.586276,0.486819;-0.880801,0.408864,-0.171587,0.166067
0.860678,-0.57686,0.482392;-0.887059,0.385735,-0.185943,0.172509
0.863257,-0.567629,0.478218;-0.892218,0.363974,-0.199137,0.178364
0.865771,-0.557966,0.47398;-0.896745,0.341955,-0.212189,0.184092
0.868026,-0.548692,0.47001;-0.90036,0.321415,-0.224105,0.189265
0.870212,-0.539107,0.465982;-0.903431,0.30068,-0.235885,0.194323
0.872322,-0.529239,0.461895;-0.905957,0.279764,-0.247523,0.199263
0.874185,-0.519969,0.458095;-0.907792,0.260442,-0.25806,0.203687
0.875973,-0.510505,0.454243;-0.909167,0.240988,-0.268466,0.208007
0.877683,-0.50087,0.450338;-0.91008,0.221412,-0.278736,0.212222
0.879309,-0.491084,0.446378;-0.910531,0.201723,-0.288865,0.216328
0.880846,-0.481168,0.442362;-0.910521,0.181932,-0.298846,0.220326
0.88229,-0.471146,0.438289;-0.910048,0.162049,-0.308677,0.224211
0.883634,-0.461037,0.434158;-0.909114,0.142083,-0.31835,0.227983
0.884767,-0.45179,0.430351;-0.907865,0.12387,-0.327005,0.231311
0.88581,-0.442506,0.426493;-0.906235,0.105605,-0.335522,0.234543
0.88676,-0.4332,0.422585;-0.904225,0.0872957,-0.343898,0.237676
0.887613,-0.423889,0.418625;-0.901836,0.0689497,-0.352131,0.240709
0.888365,-0.414588,0.414612;-0.899069,0.0505748,-0.360215,0.243642
0.889013,-0.405314,0.410545;-0.895925,0.0321787,-0.368149,0.246472
0.889553,-0.396083,0.406423;-0.892406,0.0137691,-0.375928,0.249199
0.889981,-0.386911,0.402246;-0.888512,-0.00464627,-0.38355,0.251822
0.890293,-0.377814,0.398013;-0.884246,-0.0230597,-0.391011,0.254339
0.890499,-0.367913,0.39329;-0.879125,-0.043303,-0.399029,0.256985
0.890556,-0.358143,0.388496;-0.873557,-0.0635243,-0.406844,0.2595
0.890458,-0.348527,0.383631;-0.867547,-0.0837134,-0.414452,0.261883
0.890201,-0.339084,0.378692;-0.861097,-0.10386,-0.421851,0.264134
0.88978,-0.329838,0.373679;-0.85421,-0.123954,-0.429035,0.266251
0.889189,-0.320808,0.368591;-0.846889,-0.143985,-0.436002,0.268232
0.888424,-0.312017,0.363426;-0.839139,-0.163943,-0.442748,0.270078
0.88731,-0.302125,0.357324;-0.834641,-0.177548,-0.445255,0.27129
0.886021,-0.293011,0.351399;-0.840388,-0.171106,-0.437187,0.27081
0.884533,-0.284229,0.345411;-0.846018,-0.16464,-0.429058,0.270291
0.882864,-0.275771,0.339386;-0.851529,-0.158152,-0.420868,0.269734
0.881036,-0.26763,0.333349;-0.856921,-0.15164,-0.41262,0.26914
0.879067,-0.259798,0.327327;-0.862193,-0.145108,-0.404314,0.268508
0.876619,-0.251042,0.320354;-0.868191,-0.137462,-0.394553,0.267724
0.874038,-0.242684,0.313478;-0.874025,-0.129789,-0.384716,0.266888
0.871357,-0.234713,0.306738;-0.879691,-0.122092,-0.374806,0.266002
0.868606,-0.227116,0.300177;-0.885191,-0.114371,-0.364825,0.265065
0.865818,-0.219881,0.293835;-0.890522,-0.106629,-0.354774,0.264078
0.862625,-0.212041,0.286908;-0.896406,-0.0977553,-0.343205,0.262888
0.85947,-0.204641,0.280382;-0.902068,-0.0888578,-0.331551,0.261632
0.856027,-0.196819,0.273596;-0.90817,-0.0788218,-0.318341,0.260142
0.852758,-0.189504,0.267483;-0.913985,-0.0687609,-0.305031,0.25857
0.849413,-0.181942,0.261586;-0.92011,-0.057557,-0.29013,0.256728
0.845924,-0.173603,0.255915;-0.926987,-0.0440831,-0.272101,0.254386
0.842776,-0.164814,0.251501;-0.934355,-0.028333,-0.250875,0.251474
0.840577,-0.15485,0.249813;-0.942782,-0.0080528,-0.223306,0.247449
0.841062,-0.145754,0.253615;-0.95039,0.0133646,-0.193901,0.242863
0.843785,-0.139601,0.260949;-0.954923,0.0365981,-0.173698,0.237933
0.847426,-0.13524,0.269466;-0.954179,0.0916297,-0.171841,0.227196
0.851338,-0.131851,0.278301;-0.951232,0.13764,-0.169862,0.217623
0.855404,-0.128988,0.287434;-0.946745,0.179009,-0.167747,0.208545
0.85936,-0.126582,0.296393;-0.941271,0.215748,-0.165596,0.2001
0.863276,-0.124444,0.305404;-0.934867,0.250041,-0.163351,0.191886
0.867306,-0.122422,0.314884;-0.927257,0.284012,-0.160896,0.183424
0.87112,-0.120626,0.324116;-0.919037,0.315527,-0.158405,0.175276
0.874909,-0.118921,0.333605;-0.909775,0.346685,-0.155735,0.166929
0.878612,-0.117303,0.343276;-0.899482,0.37745,-0.152888,0.158394
0.882169,-0.115765,0.353054;-0.88817,0.407787,-0.149868,0.149678
0.885518,-0.114303,0.362865;-0.875851,0.437661,-0.146679,0.140794
0.888601,-0.112912,0.372634;-0.862539,0.46704,-0.143323,0.131749
0.891357,-0.111585,0.382285;-0.84825,0.49589,-0.139804,0.122555
0.893867,-0.110236,0.392367;-0.831949,0.526042,-0.135877,0.112596
0.895863,-0.108949,0.402139;-0.814575,0.555517,-0.131774,0.102491
0.897338,-0.107642,0.412082;-0.794965,0.586047,-0.127229,0.0916101
0.898079,-0.106318,0.421997;-0.77294,0.617443,-0.122214,0.0799442
0.897788,-0.104907,0.432118;-0.746991,0.651143,-0.116409,0.0668299
0.895947,-0.103416,0.44196;-0.71671,0.686695,-0.109753,0.0522497
0.891688,-0.101778,0.451209;-0.680184,0.725059,-0.101866,0.0355287
0.884524,-0.100112,0.458288;-0.639927,0.762535,-0.0933231,0.0180209
0.875168,-0.0985862,0.462191;-0.60083,0.794826,-0.0851548,0.00180407
0.864952,-0.0972667,0.463336;-0.565454,0.822947,-0.0535455,-0.0123601
0.85484,-0.0960893,0.462817;-0.533898,0.844858,-0.0239456,-0.0243676
0.844666,-0.094929,0.461287;-0.504053,0.862949,0.00301718,-0.0352316
0.834838,-0.0937807,0.459139;-0.476301,0.877709,0.02728,-0.0449477
0.825071,-0.0925813,0.456512;-0.44936,0.890302,0.0501537,-0.0540553
0.815531,-0.0913301,0.453569;-0.423391,0.900943,0.0716142,-0.0625538
0.805733,-0.0899415,0.450224;-0.396862,0.910395,0.0929801,-0.0709697
0.796379,-0.0884986,0.446773;-0.371515,0.918164,0.1129,-0.0787747
0.786926,-0.0869035,0.443062;-0.345737,0.924867,0.132688,-0.0864883
0.777436,-0.085141,0.439136;-0.319558,0.930497,0.152323,-0.0941015
0.767972,-0.083196,0.43504;-0.293008,0.935048,0.171781,-0.101605
0.758596,-0.0810532,0.430819;-0.266118,0.938513,0.191039,-0.108992
0.749371,-0.0786975,0.426518;-0.238919,0.940889,0.210076,-0.116251
0.740358,-0.0761137,0.422182;-0.211442,0.942173,0.228869,-0.123376
0.73162,-0.0732865,0.417856;-0.18372,0.942363,0.247396,-0.130357
0.722673,-0.0699855,0.413303;-0.153916,0.941361,0.266842,-0.137637
0.714186,-0.0663718,0.408867;-0.123909,0.939116,0.285935,-0.144736
0.705756,-0.0621692,0.404342;-0.091848,0.935372,0.305807,-0.152068
0.697589,-0.0572875,0.399835;-0.0577528,0.929889,0.326351,-0.159584
0.689933,-0.051624,0.395478;-0.0216598,0.922414,0.347444,-0.167228
0.683081,-0.0450628,0.391434;0.0163751,0.912692,0.368947,-0.174939
0.677376,-0.0374727,0.387902;0.056274,0.900457,0.390705,-0.182645
0.673222,-0.0287064,0.385119;0.097934,0.885444,0.412546,-0.190273
0.671125,-0.0190593,0.383413;0.13935,0.86822,0.433357,-0.197426
0.671223,-0.00898496,0.38292;0.17856,0.849757,0.452213,-0.203795
0.673225,0.000893979,0.383534;0.213688,0.831386,0.468389,-0.209158
0.676663,0.0103744,0.385015;0.244783,0.813635,0.482123,-0.213626
0.681064,0.019261,0.387106;0.271918,0.796965,0.493646,-0.217305
0.686386,0.0280102,0.389762;0.296961,0.780571,0.503884,-0.220511
