0.860918,0.17131,0.268792;0.110066,0.822647,-0.113529,-0.546121
0.857372,0.179255,0.274747;0.104959,0.82331,-0.109424,-0.546964
0.85387,0.187055,0.28063;0.0998485,0.823937,-0.105314,-0.547784
0.850411,0.194709,0.286442;0.0947331,0.824527,-0.1012,-0.548579
0.846997,0.20222,0.292184;0.0896136,0.825082,-0.0970811,-0.54935
0.842511,0.212011,0.299729;0.0827815,0.825764,-0.0915826,-0.55034
0.838102,0.221549,0.307151;0.0759429,0.826381,-0.086077,-0.551287
0.83377,0.230836,0.314448;0.0690983,0.826934,-0.0805647,-0.552191
0.829512,0.239875,0.321623;0.0622484,0.827422,-0.075046,-0.553052
0.825331,0.248666,0.328675;0.0553935,0.827845,-0.0695214,-0.553869
0.821223,0.257212,0.335606;0.0485343,0.828203,-0.0639914,-0.554643
0.81719,0.265516,0.342417;0.0416713,0.828497,-0.0584564,-0.555373
0.813231,0.273577,0.349108;0.0348051,0.828725,-0.0529168,-0.55606
0.809344,0.2814,0.35568;0.0279361,0.828889,-0.0473731,-0.556704
0.805531,0.288985,0.362135;0.0210649,0.828987,-0.0418256,-0.557304
0.801789,0.296335,0.368472;0.0141921,0.829021,-0.0362749,-0.55786
0.798119,0.303451,0.374692;0.00731818,0.828989,-0.0307213,-0.558372
0.793632,0.312021,0.382306;-0.00127498,0.828859,-0.023776,-0.558951
0.789255,0.320233,0.389741;-0.00986798,0.828627,-0.0168278,-0.559462
0.784987,0.328091,0.396998;-0.0184598,0.828293,-0.00987749,-0.559904
0.780827,0.335598,0.40408;-0.0270493,0.827858,-0.00292601,-0.560277
0.776774,0.342759,0.410988;-0.0356355,0.827322,0.00402584,-0.560582
0.772828,0.349576,0.417723;-0.0442174,0.826684,0.0109772,-0.560818
0.768231,0.35731,0.425579;-0.0545084,0.825786,0.019317,-0.561011
0.763784,0.364562,0.433192;-0.0647898,0.824742,0.0276533,-0.561105
0.759486,0.371338,0.440565;-0.0750597,0.823552,0.0359848,-0.5611
0.755334,0.377646,0.4477;-0.0853165,0.822217,0.04431,-0.560996
0.750672,0.384421,0.455727;-0.0972635,0.820477,0.0540127,-0.56075
0.746205,0.390578,0.463439;-0.109187,0.818539,0.0637024,-0.560369
0.74193,0.396126,0.470839;-0.121085,0.816405,0.0733768,-0.559854
0.737275,0.401734,0.478921;-0.134646,0.813727,0.0844117,-0.559101
0.732863,0.406577,0.486609;-0.148165,0.810793,0.09542,-0.558172
0.728185,0.411129,0.494795;-0.163319,0.807189,0.107769,-0.556918
0.723335,0.4151,0.503327;-0.18008,0.80281,0.121439,-0.555266
0.718413,0.418182,0.512041;-0.198414,0.797538,0.136407,-0.553135
0.713526,0.420052,0.520764;-0.218281,0.791248,0.152643,-0.550436
0.708442,0.420336,0.529939;-0.241264,0.783205,0.171449,-0.546797
0.703711,0.418459,0.538609;-0.265631,0.773753,0.191415,-0.542316
0.699451,0.414085,0.546581;-0.291299,0.762732,0.212479,-0.536877
0.695971,0.407383,0.553288;-0.316602,0.750755,0.233277,-0.530765
0.693389,0.399095,0.558473;-0.339964,0.738671,0.25251,-0.524431
0.691549,0.389701,0.562389;-0.36143,0.726659,0.27021,-0.517998
0.690314,0.379619,0.565258;-0.381054,0.714879,0.286413,-0.511579
0.689563,0.36921,0.567275;-0.398888,0.703481,0.301161,-0.505278
0.689191,0.358784,0.568611;-0.414989,0.692596,0.314493,-0.499189
0.689107,0.348606,0.569416;-0.429413,0.682344,0.326451,-0.493396
0.689256,0.337795,0.569842;-0.443627,0.671759,0.33825,-0.487362
0.689583,0.327546,0.569914;-0.456234,0.66195,0.348727,-0.481728
0.690088,0.316831,0.569699;-0.468661,0.651879,0.359066,-0.475902
0.690763,0.30567,0.569207;-0.480901,0.641549,0.369263,-0.469887
0.691503,0.295392,0.568545;-0.491621,0.632154,0.378203,-0.464384
0.692369,0.284796,0.567677;-0.502187,0.62256,0.387026,-0.458736
0.693358,0.273896,0.566611;-0.512596,0.612771,0.395727,-0.452943
0.694466,0.262708,0.565354;-0.522844,0.60279,0.404303,-0.447009
0.69553,0.252694,0.564101;-0.531677,0.593902,0.411704,-0.441702
0.696678,0.242482,0.562711;-0.540382,0.584871,0.419007,-0.436288
0.69791,0.232082,0.561187;-0.548957,0.575699,0.426208,-0.43077
0.699221,0.221504,0.559535;-0.557401,0.56639,0.433307,-0.425149
0.700609,0.210759,0.557759;-0.565711,0.556944,0.440303,-0.419425
0.702071,0.199857,0.555862;-0.573885,0.547365,0.447192,-0.413601
0.703605,0.188808,0.553851;-0.581922,0.537655,0.453975,-0.407678
0.705208,0.177623,0.551727;-0.589818,0.527815,0.460648,-0.401657
0.706877,0.166312,0.549497;-0.597574,0.517849,0.467211,-0.395539
0.708359,0.156525,0.547504;-0.604107,0.509208,0.472747,-0.39022
0.709885,0.146659,0.545439;-0.610534,0.500477,0.4782,-0.384832
0.711455,0.136721,0.543304;-0.616853,0.491658,0.483569,-0.379376
0.713067,0.126719,0.541102;-0.623064,0.482752,0.488852,-0.373853
0.714718,0.116657,0.538835;-0.629164,0.47376,0.494049,-0.368265
0.716408,0.106543,0.536508;-0.635154,0.464686,0.499159,-0.362611
0.718134,0.0963836,0.534121;-0.641032,0.455529,0.504181,-0.356893
0.719895,0.0861849,0.531679;-0.646797,0.446292,0.509114,-0.351113
0.721689,0.0759535,0.529184;-0.652447,0.436977,0.513957,-0.345271
0.723515,0.065696,0.526638;-0.657983,0.427584,0.51871,-0.339367
0.72537,0.0554189,0.524045;-0.663403,0.418116,0.523371,-0.333404
0.727254,0.0451287,0.521406;-0.668705,0.408574,0.52794,-0.327382
0.729164,0.034832,0.518726;-0.67389,0.398961,0.532416,-0.321303
0.731098,0.0245352,0.516007;-0.678956,0.389277,0.536798,-0.315167
0.733056,0.0142449,0.513251;-0.683902,0.379524,0.541086,-0.308975
0.735035,0.0039677,0.510461;-0.688728,0.369704,0.545278,-0.302729
0.737258,-0.007436,0.507322;-0.69483,0.369908,0.537926,-0.301686
0.739413,-0.0183534,0.504276;-0.700655,0.37052,0.530338,-0.300896
0.741588,-0.0292403,0.501199;-0.706415,0.371097,0.522702,-0.300079
0.743782,-0.040093,0.498092;-0.71211,0.371639,0.515018,-0.299234
0.745994,-0.0509074,0.494957;-0.717738,0.372148,0.507285,-0.298361
0.748223,-0.0616797,0.491796;-0.723301,0.372622,0.499506,-0.29746
0.750468,-0.072406,0.488611;-0.728796,0.373061,0.491681,-0.296532
0.752727,-0.0830823,0.485403;-0.734224,0.373466,0.48381,-0.295577
0.754999,-0.0937049,0.482175;-0.739584,0.373836,0.475895,-0.294594
0.757284,-0.10427,0.478928;-0.744876,0.374172,0.467935,-0.293584
0.75958,-0.114773,0.475665;-0.750099,0.374473,0.459932,-0.292547
0.761887,-0.12521,0.472386;-0.755252,0.37474,0.451887,-0.291483
0.764202,-0.135578,0.469094;-0.760336,0.374972,0.4438,-0.290392
0.766526,-0.145873,0.465791;-0.765349,0.375169,0.435671,-0.289274
0.768856,-0.156091,0.462478;-0.770292,0.375332,0.427503,-0.288129
0.771192,-0.166227,0.459158;-0.775163,0.37546,0.419295,-0.286958
0.773534,-0.176278,0.455831;-0.779962,0.375553,0.411048,-0.28576
0.775878,-0.18624,0.452501;-0.78469,0.375611,0.402763,-0.284535
0.778226,-0.19611,0.449168;-0.789344,0.375635,0.394441,-0.283285
0.780575,-0.205882,0.445835;-0.793926,0.375623,0.386082,-0.282008
0.782924,-0.215554,0.442504;-0.798435,0.375578,0.377688,-0.280705
0.785272,-0.225121,0.439175;-0.802869,0.375497,0.369259,-0.279376
0.787619,-0.23458,0.435852;-0.80723,0.375382,0.360795,-0.278021
0.789963,-0.243926,0.432536;-0.811515,0.375232,0.352299,-0.276641
0.792303,-0.253156,0.429228;-0.815726,0.375047,0.343769,-0.275235
0.795104,-0.264073,0.425273;-0.820679,0.374779,0.333492,-0.273514
0.797896,-0.27481,0.421337;-0.825523,0.374462,0.323171,-0.271756
0.800677,-0.28536,0.417422;-0.830256,0.374095,0.312806,-0.269963
0.803445,-0.295717,0.413532;-0.83488,0.373678,0.3024,-0.268133
0.806198,-0.305874,0.40967;-0.839392,0.373211,0.291953,-0.266268
0.808935,-0.315824,0.405839;-0.843792,0.372694,0.281468,-0.264368
0.811653,-0.325561,0.402042;-0.84808,0.372128,0.270945,-0.262432
0.81435,-0.335076,0.398282;-0.852255,0.371512,0.260386,-0.260461
0.817025,-0.344365,0.394563;-0.856316,0.370847,0.249792,-0.258456
0.819676,-0.35342,0.390888;-0.860263,0.370132,0.239166,-0.256416
0.822736,-0.36368,0.386659;-0.864724,0.369236,0.226727,-0.253993
0.825756,-0.373601,0.3825;-0.869027,0.368273,0.214248,-0.251523
0.828736,-0.383173,0.378414;-0.873173,0.367243,0.20173,-0.249009
0.831671,-0.392386,0.374408;-0.877161,0.366147,0.189175,-0.246449
0.834558,-0.401228,0.370485;-0.88099,0.364984,0.176586,-0.243845
0.837796,-0.410866,0.366111;-0.88517,0.363575,0.16216,-0.240814
0.840963,-0.41999,0.36186;-0.889141,0.362079,0.147695,-0.237726
0.844055,-0.428585,0.357741;-0.892901,0.360497,0.133195,-0.234582
0.847439,-0.4376,0.353273;-0.896878,0.358616,0.116845,-0.230979
0.851073,-0.44678,0.348527;-0.900982,0.356399,0.0986374,-0.226894
0.854567,-0.455047,0.344026;-0.904753,0.354051,0.0803935,-0.222725
0.858561,-0.46372,0.338968;-0.908836,0.351061,0.0584622,-0.217614
0.862628,-0.47152,0.333938;-0.912713,0.34761,0.0346685,-0.211946
0.867234,-0.478743,0.328438;-0.9167,0.343064,0.00535568,-0.204789
0.873016,-0.484288,0.321977;-0.920911,0.335962,-0.0367832,-0.194163
0.879544,-0.481293,0.315898;-0.923833,0.324264,-0.0989196,-0.177764
0.882343,-0.471736,0.314408;-0.923619,0.315952,-0.138917,-0.166744
0.883552,-0.461581,0.314589;-0.922525,0.30996,-0.166049,-0.159057
0.884087,-0.45125,0.315472;-0.921097,0.30498,-0.187657,-0.152813
0.884229,-0.441101,0.316728;-0.919532,0.300706,-0.205587,-0.147547
0.884121,-0.431146,0.318212;-0.917555,0.299564,-0.214971,-0.148803
0.883828,-0.420961,0.319915;-0.915096,0.30219,-0.21507,-0.158194
0.883357,-0.4099,0.321918;-0.912545,0.304785,-0.215146,-0.167568
0.882817,-0.399751,0.323866;-0.910286,0.306985,-0.215195,-0.17559
0.882154,-0.389016,0.326016;-0.907958,0.309162,-0.215227,-0.183599
0.881374,-0.377718,0.32836;-0.905563,0.311316,-0.215244,-0.191594
0.880637,-0.367894,0.330456;-0.903516,0.313093,-0.215245,-0.198246
0.879823,-0.357713,0.332676;-0.901422,0.314855,-0.215235,-0.204887
0.878936,-0.34719,0.335014;-0.899282,0.3166,-0.215215,-0.211518
0.877977,-0.336342,0.337468;-0.897095,0.318328,-0.215183,-0.218138
0.876949,-0.325182,0.34003;-0.894862,0.320041,-0.21514,-0.224747
0.875854,-0.313726,0.342696;-0.892583,0.321737,-0.215086,-0.231344
0.874695,-0.30199,0.345462;-0.890257,0.323416,-0.215021,-0.237929
0.873475,-0.289988,0.348322;-0.887886,0.325078,-0.214944,-0.244502
0.872455,-0.280206,0.350674;-0.885956,0.326396,-0.214875,-0.249751
0.871399,-0.270271,0.353081;-0.883997,0.327703,-0.214799,-0.254992
0.870307,-0.260191,0.355541;-0.882009,0.329,-0.214716,-0.260225
0.869181,-0.249975,0.358049;-0.879991,0.330285,-0.214626,-0.265449
0.868023,-0.239629,0.360605;-0.877944,0.33156,-0.214529,-0.270664
0.866832,-0.229162,0.363205;-0.875869,0.332823,-0.214424,-0.275871
0.865611,-0.218581,0.365848;-0.873764,0.334076,-0.214313,-0.281068
0.86436,-0.207895,0.368529;-0.871631,0.335318,-0.214194,-0.286256
0.863082,-0.19711,0.371248;-0.869469,0.336548,-0.214068,-0.291434
0.861777,-0.186235,0.374001;-0.867278,0.337767,-0.213936,-0.296603
0.860446,-0.175278,0.376785;-0.865059,0.338976,-0.213796,-0.301762
0.859091,-0.164245,0.379599;-0.862811,0.340173,-0.213649,-0.306911
0.857713,-0.153146,0.38244;-0.860534,0.341359,-0.213495,-0.31205
0.856313,-0.141987,0.385305;-0.858229,0.342533,-0.213334,-0.317179
0.854892,-0.130777,0.388191;-0.855896,0.343696,-0.213166,-0.322297
0.853453,-0.119524,0.391097;-0.853534,0.344848,-0.212991,-0.327405
0.851995,-0.108234,0.394019;-0.851144,0.345989,-0.212809,-0.332502
0.85052,-0.0969159,0.396955;-0.848727,0.347118,-0.21262,-0.337587
0.84903,-0.0855776,0.399903;-0.846281,0.348235,-0.212424,-0.342662
0.847526,-0.0742266,0.40286;-0.843807,0.349342,-0.212221,-0.347725
0.846008,-0.0628708,0.405823;-0.841305,0.350436,-0.21201,-0.352777
0.844479,-0.0515178,0.40879;-0.838776,0.351519,-0.211793,-0.357817
0.842939,-0.0401755,0.411759;-0.836219,0.35259,-0.211569,-0.362846
0.84139,-0.0288516,0.414726;-0.833634,0.35365,-0.211338,-0.367862
0.839833,-0.0175539,0.417689;-0.831022,0.354698,-0.2111,-0.372866
0.838269,-0.00629021,0.420646;-0.828382,0.355735,-0.210855,-0.377858
0.836699,0.00493179,0.423595;-0.825715,0.356759,-0.210603,-0.382837
0.835125,0.0161043,0.426532;-0.82302,0.357772,-0.210344,-0.387804
0.833548,0.0272195,0.429455;-0.820299,0.358773,-0.210078,-0.392758
0.831969,0.0382697,0.432362;-0.81755,0.359762,-0.209805,-0.397699
0.830389,0.0492471,0.43525;-0.814775,0.36074,-0.209525,-0.402627
0.82881,0.060144,0.438116;-0.811972,0.361705,-0.209238,-0.407542
0.827233,0.0709525,0.440959;-0.809143,0.362658,-0.208945,-0.412443
0.825659,0.0816649,0.443775;-0.806287,0.3636,-0.208644,-0.41733
0.82409,0.0922735,0.446561;-0.803404,0.364529,-0.208337,-0.422204
0.822526,0.10277,0.449316;-0.800495,0.365447,-0.208022,-0.427064
0.820969,0.113148,0.452037;-0.797559,0.366352,-0.207701,-0.43191
0.81942,0.123398,0.454722;-0.794597,0.367245,-0.207373,-0.436741
0.81788,0.133514,0.457367;-0.791609,0.368127,-0.207038,-0.441558
0.816351,0.143486,0.45997;-0.788594,0.368996,-0.206697,-0.44636
0.814834,0.153308,0.462529;-0.785554,0.369852,-0.206348,-0.451148
0.81333,0.162972,0.465041;-0.782488,0.370697,-0.205993,-0.455921
0.811471,0.174818,0.468111;-0.778618,0.371735,-0.205539,-0.461866
0.809636,0.186389,0.471099;-0.774709,0.372755,-0.205074,-0.467787
0.807829,0.19767,0.474;-0.77076,0.373755,-0.2046,-0.473683
0.806051,0.208647,0.476809;-0.76677,0.374736,-0.204114,-0.479556
0.804305,0.219303,0.479521;-0.762742,0.375697,-0.203618,-0.485403
0.802594,0.229624,0.482131;-0.758674,0.376639,-0.203111,-0.491226
0.800921,0.239595,0.484635;-0.754566,0.377562,-0.202594,-0.497023
0.799286,0.2492,0.487026;-0.75042,0.378465,-0.202067,-0.502795
0.79738,0.260222,0.489741;-0.745394,0.379523,-0.20142,-0.509686
0.795539,0.27067,0.492279;-0.740312,0.380553,-0.200758,-0.51654
0.793766,0.280517,0.494632;-0.735175,0.381554,-0.200082,-0.523356
0.791791,0.291211,0.497131;-0.729113,0.382687,-0.199274,-0.531258
0.789922,0.30101,0.499353;-0.722977,0.383781,-0.198445,-0.539106
0.787923,0.311059,0.501535;-0.715875,0.384984,-0.197474,-0.548009
0.785864,0.320825,0.50351;-0.707773,0.386276,-0.19635,-0.557938
0.783451,0.331163,0.505304;-0.696786,0.387898,-0.194801,-0.571031
0.780489,0.340782,0.50603;-0.678967,0.390231,-0.192229,-0.591414
0.778172,0.336251,0.500706;-0.658594,0.419555,-0.19184,-0.594495
0.778208,0.326614,0.496073;-0.654017,0.442224,-0.193278,-0.582532
0.778563,0.316936,0.491886;-0.650378,0.458657,-0.194249,-0.573507
0.779042,0.307489,0.488006;-0.647223,0.471977,-0.194991,-0.565967
0.779598,0.298006,0.484241;-0.644286,0.483721,-0.19561,-0.559148
0.780267,0.287558,0.4802;-0.641224,0.495371,-0.196192,-0.552221
0.780938,0.277668,0.476455;-0.638443,0.505487,-0.19667,-0.546072
0.781683,0.26712,0.47253;-0.635567,0.515527,-0.197118,-0.539843
0.782376,0.257583,0.469033;-0.633028,0.524073,-0.197479,-0.534439
0.783115,0.247613,0.465423;-0.630419,0.532561,-0.197819,-0.528978
0.783895,0.237233,0.461708;-0.627742,0.540992,-0.198137,-0.523459
0.784714,0.226467,0.457899;-0.624997,0.549363,-0.198434,-0.517883
0.785567,0.215338,0.454003;-0.622184,0.557675,-0.198709,-0.51225
0.786301,0.205804,0.450697;-0.619787,0.564556,-0.198922,-0.507514
0.787054,0.196048,0.447343;-0.617344,0.571393,-0.19912,-0.50274
0.787824,0.186083,0.443946;-0.614855,0.578188,-0.199302,-0.497927
0.788608,0.175924,0.44051;-0.612319,0.584938,-0.19947,-0.493077
0.789404,0.165583,0.437042;-0.609736,0.591645,-0.199622,-0.488189
0.79021,0.155074,0.433546;-0.607108,0.598307,-0.19976,-0.483265
0.791024,0.144411,0.430028;-0.604433,0.604923,-0.199882,-0.478304
0.791843,0.133607,0.426493;-0.601713,0.611494,-0.199989,-0.473307
0.792666,0.122677,0.422945;-0.598948,0.618019,-0.200082,-0.468275
0.79349,0.111632,0.419391;-0.596137,0.624497,-0.200159,-0.463207
0.794312,0.100488,0.415835;-0.593281,0.630928,-0.20022,-0.458103
0.795132,0.0892576,0.412283;-0.590381,0.637311,-0.200267,-0.452966
0.795945,0.0779542,0.408739;-0.587436,0.643646,-0.200299,-0.447794
0.796751,0.0665915,0.405209;-0.584446,0.649933,-0.200315,-0.442588
0.797546,0.0551832,0.401699;-0.581412,0.65617,-0.200317,-0.437349
0.798329,0.0437427,0.398213;-0.578335,0.662358,-0.200303,-0.432076
0.799098,0.0322837,0.394756;-0.575213,0.668495,-0.200274,-0.426772
0.799849,0.0208198,0.391334;-0.572049,0.674582,-0.20023,-0.421434
0.800582,0.00936441,0.387953;-0.56884,0.680619,-0.200171,-0.416065
0.801293,-0.00206881,0.384616;-0.565589,0.686603,-0.200097,-0.410665
0.801981,-0.0134663,0.381329;-0.562296,0.692536,-0.200007,-0.405234
0.802643,-0.0248145,0.378099;-0.558959,0.698417,-0.199903,-0.399771
0.803278,-0.0360998,0.374928;-0.555581,0.704245,-0.199783,-0.394279
0.803882,-0.0473088,0.371824;-0.552161,0.710019,-0.199648,-0.388757
0.804453,-0.0584277,0.368791;-0.548698,0.71574,-0.199498,-0.383206
0.80499,-0.069443,0.365834;-0.545195,0.721407,-0.199334,-0.377625
0.80549,-0.0803413,0.362959;-0.54165,0.727019,-0.199154,-0.372016
0.805951,-0.0911088,0.36017;-0.538064,0.732577,-0.198959,-0.366379
0.806371,-0.101732,0.357474;-0.534438,0.738079,-0.198749,-0.360714
0.806747,-0.112197,0.354874;-0.530771,0.743525,-0.198524,-0.355022
0.807077,-0.122492,0.352377;-0.527064,0.748915,-0.198284,-0.349304
0.807359,-0.132601,0.349987;-0.523317,0.754249,-0.198029,-0.343558
0.807591,-0.142511,0.34771;-0.519531,0.759525,-0.197759,-0.337787
0.807799,-0.154123,0.345134;-0.514936,0.765781,-0.197415,-0.330828
0.807929,-0.165405,0.342736;-0.510284,0.771954,-0.19705,-0.323833
0.807975,-0.176335,0.340526;-0.505578,0.778043,-0.196663,-0.316803
0.807933,-0.18689,0.338513;-0.500816,0.784047,-0.196255,-0.309738
0.807801,-0.197045,0.336705;-0.495999,0.789966,-0.195826,-0.30264
0.807527,-0.208357,0.334868;-0.490312,0.796762,-0.195298,-0.294317
0.807117,-0.219057,0.333338;-0.484552,0.803441,-0.194741,-0.28595
0.806566,-0.229107,0.332128;-0.478721,0.810001,-0.194155,-0.277541
0.805755,-0.239749,0.331156;-0.471969,0.81735,-0.193451,-0.267881
0.804602,-0.250579,0.330612;-0.464265,0.82543,-0.192614,-0.256951
0.803004,-0.261103,0.330726;-0.455571,0.83417,-0.191628,-0.244733
0.800625,-0.271484,0.331916;-0.444957,0.844325,-0.190369,-0.229974
0.796897,-0.280742,0.335125;-0.431418,0.856502,-0.188679,-0.211385
0.791237,-0.285915,0.341685;-0.414785,0.870344,-0.186481,-0.18889
0.785042,-0.284594,0.350182;-0.399658,0.881934,-0.184374,-0.168738
0.779577,-0.27962,0.358389;-0.386409,0.887671,-0.188263,-0.165185
0.774659,-0.273108,0.366158;-0.374612,0.890591,-0.194654,-0.169184
0.770135,-0.265917,0.373536;-0.364439,0.89295,-0.2001,-0.172585
0.766167,-0.258882,0.380154;-0.35592,0.894812,-0.204615,-0.175398
0.762035,-0.250971,0.387168;-0.347363,0.896582,-0.209109,-0.178194
0.757752,-0.242256,0.394547;-0.338771,0.898258,-0.213581,-0.180971
0.754227,-0.23475,0.400695;-0.331871,0.899531,-0.217143,-0.183179
0.750623,-0.226809,0.407043;-0.324949,0.900744,-0.22069,-0.185374
0.746946,-0.218468,0.413576;-0.318006,0.901897,-0.224223,-0.187558
0.743205,-0.209764,0.42028;-0.311041,0.90299,-0.22774,-0.189729
0.739406,-0.20073,0.42714;-0.304056,0.904022,-0.231242,-0.191887
0.735557,-0.191403,0.434141;-0.29705,0.904995,-0.234729,-0.194032
0.731665,-0.181818,0.441267;-0.290024,0.905906,-0.2382,-0.196164
0.727738,-0.172012,0.448504;-0.282979,0.906757,-0.241656,-0.198284
0.723783,-0.162018,0.455837;-0.275915,0.907548,-0.245095,-0.20039
0.719808,-0.151874,0.463251;-0.268833,0.908278,-0.248518,-0.202482
0.71582,-0.141614,0.470731;-0.261733,0.908947,-0.251924,-0.204561
0.712825,-0.133865,0.476375;-0.256396,0.909409,-0.254467,-0.206112
0.709829,-0.126085,0.482041;-0.25105,0.909837,-0.257001,-0.207654
0.706837,-0.118291,0.487723;-0.245694,0.910231,-0.259526,-0.209189
0.70385,-0.110496,0.493415;-0.240329,0.910591,-0.26204,-0.210716
0.700873,-0.102717,0.49911;-0.234955,0.910916,-0.264545,-0.212235
0.697909,-0.0949673,0.504802;-0.229572,0.911207,-0.26704,-0.213746
0.694959,-0.0872627,0.510485;-0.224181,0.911464,-0.269525,-0.215249
0.691057,-0.0770857,0.518037;-0.216979,0.911754,-0.272822,-0.217241
0.687194,-0.0670508,0.525546;-0.209763,0.911982,-0.276101,-0.219218
0.68338,-0.0571936,0.532998;-0.202532,0.91215,-0.279362,-0.22118
0.679621,-0.0475494,0.540377;-0.195289,0.912256,-0.282604,-0.223128
0.675924,-0.038154,0.547668;-0.188032,0.912302,-0.285827,-0.22506
0.672298,-0.0290428,0.554857;-0.180763,0.912287,-0.289031,-0.226978
0.668749,-0.0202513,0.561928;-0.173481,0.912211,-0.292216,-0.22888
0.665284,-0.0118151,0.568867;-0.166188,0.912073,-0.295381,-0.230767
0.661912,-0.00376978,0.575658;-0.158884,0.911875,-0.298526,-0.232639
0.65864,0.00384923,0.582287;-0.151569,0.911617,-0.301652,-0.234495
0.655474,0.0110063,0.588739;-0.144245,0.911297,-0.304757,-0.236336
0.651679,0.0192491,0.596531;-0.135075,0.910811,-0.30861,-0.238614
0.648077,0.0266452,0.603993;-0.125891,0.910231,-0.312431,-0.240868
0.644683,0.0331253,0.611096;-0.116695,0.909556,-0.316219,-0.243096
0.640904,0.0395945,0.619105;-0.105643,0.90862,-0.320722,-0.245737
0.636932,0.0451885,0.627674;-0.0927286,0.907356,-0.325914,-0.248771
0.633018,0.0487724,0.636348;-0.0779466,0.905684,-0.331765,-0.252176
0.62883,0.0483047,0.646114;-0.0575882,0.90299,-0.339667,-0.256748
0.626164,0.0409178,0.653095;-0.0372007,0.89984,-0.347396,-0.26119
0.625268,0.0307776,0.656245;-0.022361,0.897263,-0.352908,-0.264338
0.625213,0.0203431,0.657461;-0.0112271,0.895174,-0.35698,-0.266653
0.625591,0.00969858,0.657682;-0.0019475,0.893329,-0.360332,-0.268551
0.62637,-0.00279198,0.657152;0.0073323,0.891392,-0.363647,-0.270422
0.627292,-0.0141602,0.656169;0.0147556,0.889775,-0.366271,-0.271898
0.628487,-0.0267898,0.65467;0.022178,0.888099,-0.368871,-0.273355
0.629567,-0.0371112,0.6532;0.0277438,0.886802,-0.370805,-0.274437
0.630808,-0.0481771,0.651426;0.0333086,0.885473,-0.372725,-0.275508
0.632213,-0.0600025,0.649342;0.0388721,0.88411,-0.374631,-0.276568
0.633786,-0.0726024,0.646941;0.0444342,0.882714,-0.376522,-0.277619
0.635528,-0.0859917,0.644217;0.0499946,0.881285,-0.3784,-0.278659
0.637444,-0.100186,0.641164;0.0555531,0.879823,-0.380264,-0.279688
0.63882,-0.110103,0.638942;0.0592576,0.87883,-0.381498,-0.280368
0.640274,-0.120388,0.636569;0.0629612,0.877822,-0.382726,-0.281044
0.641809,-0.131047,0.634044;0.0666637,0.876799,-0.383948,-0.281715
0.643425,-0.142083,0.631364;0.070365,0.875762,-0.385163,-0.282382
0.645124,-0.153501,0.628527;0.0740652,0.87471,-0.386372,-0.283043
0.646905,-0.165306,0.625532;0.0777642,0.873644,-0.387574,-0.2837
0.648771,-0.177501,0.622376;0.0814619,0.872563,-0.38877,-0.284352
0.650721,-0.190092,0.619058;0.0851582,0.871467,-0.389959,-0.285
0.652757,-0.203082,0.615576;0.0888531,0.870357,-0.391142,-0.285642
0.654881,-0.216477,0.611928;0.0925465,0.869232,-0.392318,-0.28628
0.657091,-0.23028,0.608112;0.0962383,0.868093,-0.393488,-0.286913
0.659391,-0.244497,0.604126;0.0999286,0.86694,-0.394651,-0.287542
0.66178,-0.259131,0.599969;0.103617,0.865772,-0.395808,-0.288165
0.664259,-0.274186,0.595638;0.107304,0.864589,-0.396958,-0.288784
0.66683,-0.289669,0.591132;0.110989,0.863392,-0.398101,-0.289398
0.669493,-0.305582,0.586449;0.114672,0.862181,-0.399238,-0.290007
0.672249,-0.32193,0.581587;0.118354,0.860955,-0.400368,-0.290611
0.6751,-0.338718,0.576544;0.122033,0.859715,-0.401491,-0.291211
0.678046,-0.35595,0.571317;0.12571,0.85846,-0.402608,-0.291805
0.681087,-0.373631,0.565907;0.129385,0.857191,-0.403718,-0.292395
0.684226,-0.391765,0.560309;0.133058,0.855908,-0.404821,-0.292979
0.687462,-0.410356,0.554523;0.136729,0.85461,-0.405918,-0.293559
0.689118,-0.419825,0.551559;0.138564,0.853956,-0.406463,-0.293847
0.690798,-0.429409,0.548547;0.140398,0.853299,-0.407007,-0.294134
0.692503,-0.439111,0.545487;0.142231,0.852637,-0.40755,-0.29442
0.694233,-0.448929,0.542379;0.144064,0.851973,-0.40809,-0.294704
0.695988,-0.458865,0.539222;0.145896,0.851304,-0.408629,-0.294987
0.697765,-0.468902,0.536022;0.147724,0.850634,-0.409165,-0.295269
