0.703309,0.179174,0.644531;-0.406478,0.699344,0.306947,-0.501475
0.707448,0.176788,0.635533;-0.400164,0.703878,0.301111,-0.503743
0.711486,0.174317,0.626718;-0.393811,0.708341,0.295245,-0.505961
0.716197,0.171241,0.61638;-0.386135,0.713604,0.288167,-0.508555
0.720765,0.168048,0.6063;-0.378404,0.718765,0.281047,-0.511077
0.725191,0.164739,0.596476;-0.370618,0.723823,0.273887,-0.513526
0.729476,0.161318,0.586906;-0.362779,0.728777,0.266688,-0.5159
0.733623,0.157788,0.577586;-0.354889,0.733626,0.259451,-0.518201
0.737633,0.154151,0.568515;-0.346947,0.73837,0.252176,-0.520428
0.741507,0.15041,0.559689;-0.338956,0.743008,0.244865,-0.522579
0.745248,0.146569,0.551106;-0.330916,0.747539,0.23752,-0.524656
0.749446,0.141964,0.541397;-0.321476,0.752691,0.228906,-0.526984
0.753467,0.13723,0.53201;-0.311973,0.757695,0.220249,-0.529209
0.757315,0.132371,0.522942;-0.302409,0.762551,0.211548,-0.531331
0.76099,0.127393,0.514189;-0.292787,0.767258,0.202805,-0.533349
0.764498,0.1223,0.505746;-0.283107,0.771816,0.194024,-0.535262
0.767839,0.117095,0.497609;-0.273372,0.776223,0.185204,-0.537071
0.771459,0.111018,0.48868;-0.262181,0.781073,0.17508,-0.539011
0.774869,0.104808,0.480139;-0.250923,0.785725,0.164912,-0.540812
0.778074,0.0984729,0.47198;-0.239601,0.790176,0.154701,-0.542476
0.781079,0.0920192,0.464196;-0.228218,0.794426,0.144451,-0.544002
0.783886,0.0854537,0.456783;-0.216776,0.798473,0.134164,-0.545389
0.786501,0.078783,0.449733;-0.20528,0.802316,0.123843,-0.546636
0.789217,0.0711613,0.442228;-0.192284,0.806396,0.112194,-0.547873
0.7917,0.0634246,0.435166;-0.179226,0.810215,0.100509,-0.548934
0.793955,0.0555827,0.428539;-0.16611,0.813772,0.0887921,-0.549817
0.795989,0.047645,0.422337;-0.15294,0.817067,0.077046,-0.550522
0.797808,0.0396212,0.416552;-0.139721,0.820098,0.065275,-0.55105
0.799582,0.0306166,0.410602;-0.124981,0.823156,0.0521716,-0.551428
0.801105,0.0215306,0.405142;-0.110191,0.825885,0.0390474,-0.551586
0.802384,0.0123765,0.400162;-0.0953566,0.828285,0.0259077,-0.551525
0.803428,0.00316746,0.395649;-0.0804845,0.830356,0.0127576,-0.551243
0.804244,-0.00608342,0.39159;-0.0655803,0.832095,-0.000397501,-0.550742
0.804888,-0.016292,0.387636;-0.0491558,0.833625,-0.0148678,-0.549938
0.805277,-0.0265176,0.384202;-0.0327075,0.834754,-0.0293309,-0.548868
0.805421,-0.0367429,0.38127;-0.0162435,0.83548,-0.0437798,-0.547533
0.805331,-0.0469503,0.378825;0.000228301,0.835803,-0.0582077,-0.545935
0.805018,-0.0571223,0.376851;0.0167,0.835723,-0.0726075,-0.544074
0.804491,-0.0672413,0.375332;0.0331637,0.83524,-0.0869723,-0.54195
0.803761,-0.0772898,0.37425;0.0496114,0.834355,-0.101295,-0.539564
0.802839,-0.0872504,0.373591;0.0660352,0.833067,-0.115569,-0.536919
0.801627,-0.0979955,0.373334;0.0839154,0.831204,-0.131077,-0.533738
0.800213,-0.108592,0.373539;0.101748,0.828865,-0.14651,-0.530251
0.79861,-0.119018,0.374185;0.119521,0.826049,-0.161858,-0.526459
0.796831,-0.12925,0.375251;0.137226,0.82276,-0.177114,-0.522366
0.794892,-0.139265,0.376717;0.154853,0.818998,-0.192268,-0.517972
0.792805,-0.149041,0.37856;0.17239,0.814767,-0.207312,-0.513282
0.790584,-0.158555,0.380759;0.189829,0.810068,-0.222237,-0.508297
0.788042,-0.16854,0.383521;0.208598,0.804453,-0.238261,-0.502567
0.785377,-0.178161,0.38665;0.227226,0.798297,-0.254125,-0.496499
0.782595,-0.187422,0.390133;0.229498,0.798079,-0.267694,-0.488611
0.779613,-0.196588,0.394086;0.216069,0.803711,-0.279529,-0.478776
0.776541,-0.205301,0.398375;0.202544,0.808983,-0.291239,-0.468725
0.773072,-0.214353,0.403465;0.187561,0.814362,-0.303968,-0.457427
0.769524,-0.222836,0.408928;0.172476,0.819299,-0.316533,-0.44588
0.765911,-0.230737,0.414747;0.157297,0.82379,-0.328925,-0.434091
0.762248,-0.238046,0.420906;0.142033,0.827835,-0.341139,-0.422066
0.75855,-0.24475,0.427386;0.126692,0.83143,-0.353168,-0.409813
0.754494,-0.251362,0.434803;0.109878,0.834836,-0.366071,-0.396191
0.750434,-0.257227,0.442561;0.0929935,0.837703,-0.378737,-0.382313
0.746388,-0.262329,0.450637;0.0760485,0.840029,-0.391159,-0.368189
0.742377,-0.266653,0.45901;0.0590543,0.841811,-0.403328,-0.353826
0.738419,-0.270185,0.467656;0.0420219,0.84305,-0.415236,-0.339235
0.734535,-0.27291,0.476555;0.0249624,0.843743,-0.426876,-0.324424
0.730742,-0.274813,0.485683;0.00788679,0.843891,-0.43824,-0.309404
0.727061,-0.275878,0.495018;-0.00919395,0.843494,-0.449321,-0.294183
0.723511,-0.276092,0.504539;-0.0262687,0.842552,-0.460111,-0.278773
0.720112,-0.275438,0.514223;-0.0433266,0.841065,-0.470604,-0.263182
0.716882,-0.273903,0.524048;-0.0603564,0.839034,-0.480793,-0.247421
0.713841,-0.27147,0.533991;-0.0773472,0.836461,-0.49067,-0.231501
0.711235,-0.268439,0.543191;-0.0928784,0.833628,-0.499447,-0.216775
0.70882,-0.264631,0.552456;-0.108359,0.830341,-0.507952,-0.201932
0.70661,-0.260033,0.561766;-0.123781,0.826604,-0.516181,-0.186979
0.704619,-0.254635,0.571107;-0.139136,0.822418,-0.52413,-0.171924
0.703013,-0.249023,0.57961;-0.153029,0.818225,-0.531109,-0.158157
0.701612,-0.24273,0.58811;-0.166854,0.813664,-0.53785,-0.144319
0.700426,-0.23575,0.596596;-0.180604,0.808738,-0.54435,-0.130416
0.699554,-0.228871,0.604209;-0.19291,0.803995,-0.54999,-0.117853
0.698874,-0.221421,0.61179;-0.205146,0.798959,-0.555431,-0.105247
0.698395,-0.213394,0.619329;-0.217307,0.793632,-0.56067,-0.0926028
0.698141,-0.205637,0.6261;-0.217451,0.793269,-0.562592,-0.0832435
0.698058,-0.197695,0.632593;-0.192851,0.803185,-0.558095,-0.0789416
0.698128,-0.189334,0.639029;-0.168107,0.812505,-0.553185,-0.0745812
0.698341,-0.180578,0.645393;-0.143239,0.821221,-0.547864,-0.0701653
0.698659,-0.172165,0.651194;-0.120188,0.828727,-0.542591,-0.0660429
0.699087,-0.163452,0.656916;-0.0970621,0.835708,-0.536975,-0.0618787
0.699617,-0.154457,0.662549;-0.0738744,0.84216,-0.53102,-0.0576753
0.700243,-0.1452,0.668083;-0.0506399,0.84808,-0.524728,-0.0534355
0.700897,-0.136497,0.673062;-0.0293132,0.853036,-0.51867,-0.0495193
0.701621,-0.127603,0.677943;-0.00797094,0.857538,-0.512335,-0.0455767
0.70241,-0.118529,0.682719;0.0133756,0.861585,-0.505729,-0.0416099
0.70326,-0.109292,0.687383;0.034715,0.865173,-0.498853,-0.037621
0.704165,-0.0999031,0.691927;0.056036,0.868302,-0.491713,-0.0336121
0.705121,-0.0903777,0.696345;0.0773272,0.87097,-0.484311,-0.0295853
0.706123,-0.0807293,0.700628;0.0985773,0.873174,-0.476652,-0.0255428
0.707165,-0.0709718,0.704771;0.119775,0.874915,-0.468739,-0.0214868
0.708243,-0.0611189,0.708766;0.140909,0.87619,-0.460578,-0.0174193
0.709351,-0.0511846,0.712605;0.161968,0.877,-0.452171,-0.0133426
0.710484,-0.0411828,0.716282;0.182941,0.877344,-0.443525,-0.00925874
0.711639,-0.0311273,0.719789;0.203817,0.877222,-0.434642,-0.00516999
0.712809,-0.0210319,0.723119;0.224585,0.876633,-0.425529,-0.0010785
0.713989,-0.0109105,0.726265;0.245233,0.875579,-0.41619,0.00301357
0.715175,-0.000777074,0.729219;0.265751,0.874059,-0.406629,0.00710403
0.716362,0.00935462,0.731975;0.286128,0.872075,-0.396852,0.0111907
0.717544,0.0194707,0.734525;0.306352,0.869627,-0.386865,0.0152715
0.718717,0.0295573,0.736862;0.326414,0.866717,-0.376671,0.0193441
0.719875,0.0396005,0.738979;0.346302,0.863347,-0.366278,0.0234064
0.721014,0.0495866,0.740868;0.366007,0.859517,-0.35569,0.0274564
0.722129,0.0595015,0.742523;0.385516,0.855231,-0.344913,0.0314917
0.723311,0.0702205,0.744052;0.406566,0.850037,-0.332947,0.0358747
0.724452,0.0808203,0.745284;0.427358,0.844306,-0.320771,0.040235
0.725545,0.0912831,0.74621;0.44788,0.83804,-0.308392,0.0445699
0.726584,0.101591,0.74682;0.468119,0.831245,-0.295818,0.0488765
0.727562,0.111725,0.747104;0.488061,0.823924,-0.283056,0.0531523
0.728545,0.122488,0.747035;0.509317,0.815404,-0.26903,0.0577464
0.729441,0.133004,0.746561;0.530195,0.80628,-0.254804,0.0622976
0.730241,0.14325,0.745671;0.550679,0.796557,-0.240389,0.0668025
0.730938,0.153203,0.744353;0.570755,0.786243,-0.225795,0.0712579
0.731562,0.163568,0.74244;0.591901,0.774483,-0.209892,0.0759968
0.732047,0.173537,0.740003;0.612537,0.762056,-0.193808,0.0806702
0.732381,0.183084,0.737025;0.632645,0.748974,-0.177557,0.0852742
0.73256,0.19281,0.733219;0.653586,0.734242,-0.159976,0.0901255
0.732541,0.201982,0.728757;0.67388,0.718784,-0.142237,0.0948878
0.732313,0.210564,0.723621;0.693509,0.702616,-0.124357,0.0995562
0.731824,0.21903,0.717381;0.713691,0.684605,-0.105151,0.104427
0.730972,0.227507,0.709546;0.727243,0.672302,-0.0929545,0.102409
0.729971,0.23409,0.701974;0.72983,0.670981,-0.0927284,0.0923833
0.728747,0.239975,0.69373;0.732337,0.669587,-0.0924922,0.0823475
0.727323,0.245173,0.684871;0.734765,0.66812,-0.0922459,0.0723027
0.725719,0.249695,0.675451;0.737112,0.66658,-0.0919896,0.06225
0.723959,0.253552,0.665527;0.739379,0.664967,-0.0917232,0.0521905
0.722063,0.256756,0.655152;0.741566,0.663282,-0.0914468,0.0421253
0.720053,0.259316,0.644383;0.743672,0.661524,-0.0911605,0.0320556
0.717951,0.261245,0.633276;0.745696,0.659695,-0.0908643,0.0219823
0.715779,0.262554,0.621885;0.74764,0.657793,-0.0905581,0.0119067
0.713558,0.263253,0.610266;0.749502,0.65582,-0.090242,0.0018297
0.711311,0.263353,0.598474;0.751282,0.653776,-0.0899162,-0.00824745
0.709433,0.262987,0.588556;0.752703,0.652017,-0.0896371,-0.0166444
0.707564,0.26222,0.578588;0.754067,0.65021,-0.0893513,-0.0250402
0.705716,0.261058,0.568603;0.755374,0.648353,-0.0890587,-0.033434
0.703903,0.259507,0.558633;0.756623,0.646447,-0.0887593,-0.0418253
0.702137,0.257573,0.54871;0.757816,0.644492,-0.0884533,-0.0502134
0.70043,0.255263,0.538865;0.758951,0.642488,-0.0881405,-0.0585978
0.698794,0.252584,0.529132;0.760028,0.640436,-0.0878211,-0.0669777
0.697243,0.249542,0.519541;0.761049,0.638335,-0.087495,-0.0753525
0.695789,0.246143,0.510126;0.762011,0.636186,-0.0871623,-0.0837216
0.694445,0.242394,0.500918;0.762916,0.633989,-0.086823,-0.0920844
0.692994,0.237441,0.490187;0.763925,0.631289,-0.0864072,-0.10211
0.69174,0.232004,0.479856;0.764852,0.62852,-0.0859819,-0.112125
0.690706,0.226093,0.46998;0.765694,0.625682,-0.0855473,-0.122128
0.689913,0.219721,0.460615;0.766454,0.622777,-0.0851033,-0.132118
0.689383,0.212897,0.451816;0.76713,0.619803,-0.0846501,-0.142093
0.689137,0.205634,0.443638;0.767722,0.616762,-0.0841877,-0.152052
0.689198,0.197941,0.436138;0.76823,0.613654,-0.083716,-0.161995
0.689586,0.18983,0.42937;0.768655,0.610479,-0.0832353,-0.17192
0.690324,0.181313,0.42339;0.768996,0.607237,-0.0827455,-0.181827
0.691433,0.172399,0.418252;0.769253,0.603929,-0.0822466,-0.191714
0.692936,0.163101,0.414014;0.769427,0.600555,-0.0817388,-0.20158
0.694853,0.153429,0.410729;0.769516,0.597116,-0.0812221,-0.211423
0.697207,0.143394,0.408454;0.769522,0.593612,-0.0806965,-0.221244
0.700019,0.133008,0.407244;0.769444,0.590043,-0.0801621,-0.231041
0.703311,0.122281,0.407154;0.769281,0.58641,-0.079619,-0.240812
0.706621,0.112575,0.408044;0.76907,0.583161,-0.0791342,-0.249385
0.710085,0.103242,0.409728;0.77988,0.57078,-0.0770224,-0.245082
0.713876,0.0936903,0.412203;0.790462,0.558231,-0.074888,-0.240707
0.717968,0.0839191,0.415428;0.800812,0.545518,-0.0727316,-0.236262
0.721885,0.0749364,0.418938;0.809927,0.53394,-0.0707727,-0.232202
0.726003,0.0657742,0.422991;0.818849,0.522235,-0.0687969,-0.228086
0.730302,0.0564318,0.427556;0.827577,0.510406,-0.0668048,-0.223917
0.73426,0.0479755,0.43202;0.835171,0.499789,-0.0650207,-0.220166
0.738332,0.0393759,0.436843;0.842607,0.489079,-0.0632244,-0.216374
0.742504,0.0306323,0.442005;0.849885,0.478277,-0.0614163,-0.212542
0.746761,0.0217442,0.447484;0.857004,0.467385,-0.0595966,-0.208669
0.750546,0.0138482,0.452521;0.863102,0.457783,-0.0579952,-0.205248
0.754377,0.00584092,0.457769;0.869075,0.448115,-0.0563855,-0.201798
0.758244,-0.00227805,0.463216;0.874923,0.438382,-0.0547677,-0.198319
0.762138,-0.010509,0.468845;0.880646,0.428587,-0.053142,-0.194812
0.76605,-0.0188523,0.474643;0.886242,0.41873,-0.0515087,-0.191276
0.769971,-0.0273084,0.480596;0.891711,0.408813,-0.0498679,-0.187713
0.773891,-0.0358774,0.486689;0.897052,0.398837,-0.0482201,-0.184123
0.7778,-0.0445598,0.492908;0.902264,0.388804,-0.0465652,-0.180507
0.78169,-0.0533559,0.499239;0.907347,0.378715,-0.0449037,-0.176864
0.785551,-0.062266,0.505666;0.912299,0.368571,-0.0432358,-0.173196
0.788831,-0.0699943,0.511242;0.916439,0.359835,-0.0418011,-0.170033
0.792076,-0.0778069,0.51687;0.920483,0.35106,-0.0403621,-0.166851
0.795282,-0.0857039,0.522541;0.924429,0.342249,-0.0389188,-0.163652
0.798443,-0.0936855,0.528245;0.928278,0.333401,-0.0374714,-0.160436
0.801551,-0.101752,0.533974;0.932029,0.324518,-0.03602,-0.157202
0.804602,-0.109904,0.539719;0.935682,0.315601,-0.0345649,-0.153952
0.80759,-0.118141,0.545471;0.939235,0.306651,-0.0331061,-0.150686
0.810509,-0.126463,0.55122;0.94269,0.297668,-0.0316438,-0.147404
0.813353,-0.134872,0.556958;0.946045,0.288654,-0.0301781,-0.144106
0.816116,-0.143366,0.562676;0.949301,0.279609,-0.0287093,-0.140793
0.818791,-0.151946,0.568364;0.952456,0.270535,-0.0272374,-0.137465
0.821375,-0.160613,0.574014;0.955511,0.261432,-0.0257627,-0.134123
0.82386,-0.169366,0.579617;0.958464,0.252302,-0.0242853,-0.130767
0.82624,-0.178206,0.585163;0.961317,0.243145,-0.0228052,-0.127397
0.82851,-0.187134,0.590643;0.964068,0.233962,-0.0213228,-0.124013
0.830664,-0.196148,0.596049;0.966718,0.224755,-0.0198381,-0.120616
0.832696,-0.20525,0.601372;0.969265,0.215524,-0.0183514,-0.117207
0.8346,-0.21444,0.606602;0.97171,0.20627,-0.0168627,-0.113785
0.83637,-0.223717,0.61173;0.974053,0.196995,-0.0153722,-0.110351
0.838,-0.233083,0.616748;0.976293,0.187699,-0.0138801,-0.106905
0.839485,-0.242536,0.621646;0.97843,0.178382,-0.0123865,-0.103449
0.840818,-0.252079,0.626415;0.980463,0.169048,-0.0108917,-0.099981
0.841995,-0.26171,0.631047;0.982393,0.159695,-0.00939563,-0.0965027
0.843008,-0.27143,0.635532;0.98422,0.150325,-0.00789861,-0.0930143
0.843852,-0.281239,0.639861;0.985942,0.14094,-0.00640076,-0.089516
0.844521,-0.291138,0.644026;0.987561,0.131539,-0.00490223,-0.0860083
0.845009,-0.301126,0.648016;0.989075,0.122125,-0.00340319,-0.0824915
0.84531,-0.311204,0.651824;0.990485,0.112698,-0.00190379,-0.078966
0.845419,-0.321372,0.65544;0.99179,0.103259,-0.000404184,-0.0754322
0.84533,-0.33163,0.658856;0.992991,0.0938088,0.00109546,-0.0718904
0.845036,-0.341978,0.662061;0.994087,0.084349,0.00259499,-0.0683411
0.844532,-0.352418,0.665047;0.995077,0.0748803,0.00409425,-0.0647845
0.843812,-0.362948,0.667806;0.995963,0.0654036,0.00559307,-0.0612211
0.842871,-0.373569,0.670327;0.996744,0.0559201,0.00709131,-0.0576512
0.841701,-0.384282,0.672602;0.99742,0.0464306,0.00858879,-0.0540752
0.840298,-0.395086,0.674623;0.99799,0.0369363,0.0100854,-0.0504936
0.838655,-0.405982,0.676379;0.998455,0.027438,0.0115809,-0.0469066
0.836766,-0.416969,0.677862;0.998815,0.0179369,0.0130752,-0.0433146
0.834627,-0.428049,0.679063;0.999069,0.00843385,0.0145681,-0.0397181
0.83223,-0.439221,0.679973;0.999218,-0.00107008,0.0160595,-0.0361174
0.82957,-0.450486,0.680583;0.999261,-0.0105739,0.0175492,-0.0325129
0.826641,-0.461844,0.680884;0.999199,-0.0200766,0.019037,-0.0289049
0.823438,-0.473294,0.680866;0.999032,-0.0295772,0.0205228,-0.0252939
0.820554,-0.482908,0.680602;0.998811,-0.037492,0.0217593,-0.0222827
0.817472,-0.492586,0.680105;0.998518,-0.045404,0.0229943,-0.0192698
0.814188,-0.502329,0.679371;0.998152,-0.0533128,0.0242275,-0.0162555
