0.785777,-0.607244,0.692684;0.651025,-0.739843,0.124625,-0.115179
0.789566,-0.597567,0.696993;0.653989,-0.737876,0.123589,-0.112085
0.793297,-0.587952,0.701229;0.656937,-0.735892,0.12255,-0.108987
0.79697,-0.578399,0.705393;0.65987,-0.733891,0.121507,-0.105887
0.800586,-0.568909,0.709484;0.662787,-0.731872,0.120462,-0.102784
0.804145,-0.55948,0.713503;0.66569,-0.729837,0.119415,-0.0996795
0.807646,-0.550113,0.71745;0.668576,-0.727784,0.118364,-0.0965723
0.811092,-0.540807,0.721327;0.671447,-0.725715,0.117311,-0.0934628
0.814481,-0.531563,0.725132;0.674302,-0.723628,0.116255,-0.0903511
0.817814,-0.522379,0.728868;0.677142,-0.721525,0.115196,-0.0872374
0.821092,-0.513256,0.732534;0.679966,-0.719405,0.114135,-0.0841215
0.824315,-0.504194,0.73613;0.682774,-0.717268,0.113071,-0.0810038
0.827482,-0.495193,0.739658;0.685566,-0.715114,0.112004,-0.0778841
0.830596,-0.486252,0.743116;0.688342,-0.712944,0.110934,-0.0747627
0.834662,-0.474423,0.747622;0.692019,-0.710024,0.109505,-0.070598
0.838634,-0.462701,0.752008;0.695667,-0.707075,0.10807,-0.0664304
0.84251,-0.451085,0.756274;0.699286,-0.704097,0.106632,-0.0622601
0.846292,-0.439574,0.760422;0.702876,-0.70109,0.105188,-0.0580872
0.849982,-0.428168,0.764453;0.706437,-0.698053,0.103741,-0.0539118
0.853578,-0.416866,0.768368;0.709968,-0.694988,0.102289,-0.0497343
0.857083,-0.405669,0.772167;0.713471,-0.691894,0.100833,-0.0455547
0.860497,-0.394574,0.775852;0.716943,-0.688771,0.0993724,-0.0413732
0.863821,-0.383583,0.779424;0.720386,-0.68562,0.0979079,-0.0371899
0.867056,-0.372694,0.782883;0.7238,-0.68244,0.0964395,-0.0330052
0.870202,-0.361908,0.786231;0.727183,-0.679232,0.094967,-0.028819
0.87326,-0.351223,0.789469;0.730536,-0.675996,0.0934906,-0.0246317
0.876231,-0.340639,0.792597;0.733859,-0.672731,0.0920103,-0.0204434
0.879116,-0.330155,0.795617;0.737151,-0.669439,0.0905262,-0.0162542
0.881915,-0.319772,0.79853;0.740413,-0.66612,0.0890384,-0.0120643
0.88463,-0.309489,0.801336;0.743644,-0.662772,0.0875468,-0.00787398
0.887261,-0.299305,0.804037;0.746844,-0.659397,0.0860517,-0.00368329
0.889808,-0.28922,0.806633;0.750014,-0.655995,0.0845529,0.00050755
0.892273,-0.279233,0.809126;0.753152,-0.652566,0.0830507,0.00469837
0.894657,-0.269343,0.811516;0.756259,-0.64911,0.081545,0.00888899
0.896959,-0.259552,0.813805;0.759335,-0.645626,0.080036,0.0130792
0.899182,-0.249857,0.815993;0.76238,-0.642116,0.0785236,0.017269
0.901325,-0.240258,0.818082;0.765392,-0.63858,0.077008,0.021458
0.903894,-0.228395,0.820554;0.769114,-0.634122,0.075109,0.0266929
0.906341,-0.216681,0.822875;0.772785,-0.629623,0.0732052,0.0319262
0.908669,-0.205115,0.825045;0.776407,-0.625083,0.0712966,0.0371574
0.910879,-0.193696,0.827067;0.779978,-0.620503,0.0693833,0.0423862
0.912972,-0.182424,0.828943;0.783499,-0.615882,0.0674656,0.0476122
0.91495,-0.171296,0.830674;0.786969,-0.611222,0.0655436,0.0528351
0.916815,-0.160314,0.832263;0.790388,-0.606522,0.0636172,0.0580547
0.918567,-0.149475,0.833711;0.793756,-0.601783,0.0616868,0.0632704
0.920209,-0.138778,0.835021;0.797073,-0.597005,0.0597524,0.0684821
0.921742,-0.128223,0.836194;0.800338,-0.592188,0.0578141,0.0736894
0.923167,-0.117809,0.837233;0.803551,-0.587333,0.055872,0.0788918
0.924486,-0.107535,0.838138;0.806712,-0.58244,0.0539264,0.0840892
0.9257,-0.0974001,0.838913;0.809821,-0.577509,0.0519772,0.0892811
0.926812,-0.0874031,0.839558;0.812878,-0.572541,0.0500247,0.0944673
0.928012,-0.0755875,0.840166;0.816476,-0.566531,0.0476775,0.100683
0.929068,-0.0639679,0.840593;0.819998,-0.560467,0.0453257,0.106888
0.929984,-0.0525426,0.840844;0.823444,-0.554351,0.0429698,0.113084
0.930761,-0.04131,0.840922;0.826813,-0.548184,0.0406098,0.11927
0.931403,-0.0302686,0.840831;0.830105,-0.541966,0.0382461,0.125444
0.931911,-0.0194168,0.840573;0.83332,-0.535697,0.0358788,0.131607
0.932289,-0.0087529,0.840152;0.836457,-0.529378,0.0335082,0.137757
0.932539,0.00172453,0.839571;0.839515,-0.523009,0.0311344,0.143894
0.932664,0.0120171,0.838834;0.842496,-0.516592,0.0287577,0.150018
0.932666,0.0221265,0.837944;0.845398,-0.510127,0.0263784,0.156128
0.932517,0.0336913,0.836716;0.848685,-0.502524,0.0235994,0.163238
0.932209,0.0450113,0.83529;0.851863,-0.494858,0.0208174,0.170328
0.931746,0.056089,0.83367;0.854934,-0.487128,0.0180327,0.177395
0.931132,0.066927,0.831863;0.857896,-0.479337,0.0152458,0.184441
0.930371,0.0775278,0.829872;0.860749,-0.471485,0.0124569,0.191462
0.929468,0.0878939,0.827705;0.863493,-0.463574,0.00966649,0.19846
0.928426,0.0980278,0.825365;0.866127,-0.455603,0.00687482,0.205432
0.927251,0.107932,0.822858;0.868652,-0.447575,0.00408228,0.212378
0.925944,0.117609,0.820189;0.871066,-0.439489,0.00128922,0.219297
0.924298,0.128393,0.816948;0.87369,-0.430181,-0.00190302,0.227171
0.922493,0.138888,0.813511;0.876169,-0.420801,-0.00509495,0.235007
0.920536,0.149097,0.809885;0.878503,-0.411352,-0.00828604,0.242804
0.918432,0.159024,0.806078;0.880691,-0.401834,-0.0114758,0.250561
0.91619,0.168672,0.802099;0.882733,-0.39225,-0.0146636,0.258276
0.913813,0.178045,0.797954;0.884629,-0.382601,-0.0178489,0.265949
0.91131,0.187148,0.793653;0.886379,-0.372888,-0.0210314,0.273577
0.908685,0.195983,0.789203;0.887982,-0.363114,-0.0242103,0.28116
0.905945,0.204555,0.784611;0.889437,-0.353279,-0.0273852,0.288696
0.902733,0.213888,0.779286;0.890898,-0.342146,-0.0309516,0.297118
0.899393,0.222898,0.773804;0.892172,-0.33094,-0.0345114,0.305477
0.895932,0.23159,0.768175;0.89326,-0.319665,-0.038064,0.313772
0.89236,0.239969,0.762411;0.89416,-0.308323,-0.0416087,0.322001
0.888686,0.248041,0.756523;0.894872,-0.296916,-0.0451446,0.330162
0.884919,0.25581,0.750522;0.895396,-0.285447,-0.048671,0.338254
0.881066,0.263284,0.744419;0.895733,-0.273919,-0.0521872,0.346276
0.877138,0.270465,0.738227;0.895882,-0.262332,-0.0556925,0.354225
0.873143,0.277361,0.731955;0.895843,-0.250691,-0.0591861,0.362099
0.86909,0.283976,0.725615;0.895617,-0.238997,-0.0626673,0.369897
0.864529,0.291004,0.718504;0.895144,-0.225945,-0.0665198,0.378471
0.859919,0.297699,0.711339;0.89444,-0.212835,-0.0703552,0.386947
0.855178,0.304193,0.703989;0.894565,-0.203918,-0.0692297,0.391634
0.849754,0.311175,0.695598;0.896055,-0.199902,-0.0610994,0.391651
0.8443,0.317739,0.687181;0.89747,-0.195869,-0.0529639,0.391636
0.838827,0.323893,0.67875;0.898808,-0.191819,-0.0448239,0.391587
0.833344,0.329646,0.670317;0.900071,-0.187753,-0.0366801,0.391505
0.827857,0.335009,0.661892;0.901257,-0.183671,-0.0285332,0.39139
0.822377,0.339991,0.653489;0.902368,-0.179574,-0.0203839,0.391242
0.816911,0.344601,0.645118;0.903402,-0.175462,-0.0122329,0.391061
0.811468,0.348848,0.63679;0.90436,-0.171334,-0.00408091,0.390847
0.806058,0.352742,0.628517;0.905241,-0.167193,0.00407147,0.3906
0.800688,0.356292,0.62031;0.906046,-0.163037,0.0122235,0.39032
0.795366,0.359507,0.612182;0.906775,-0.158867,0.0203745,0.390007
0.790103,0.362398,0.604143;0.907427,-0.154684,0.0285238,0.389661
0.783875,0.365452,0.59463;0.908108,-0.149647,0.0382997,0.389202
0.777757,0.368067,0.585283;0.908679,-0.144592,0.0480709,0.388697
0.771765,0.37026,0.57612;0.909139,-0.13952,0.0578363,0.388143
0.765912,0.372047,0.567163;0.909489,-0.13443,0.0675947,0.387543
0.760214,0.373446,0.55843;0.909728,-0.129324,0.0773448,0.386896
0.754686,0.374471,0.549941;0.909856,-0.124203,0.0870856,0.386201
0.748471,0.375217,0.540373;0.909866,-0.118208,0.0984363,0.385331
0.74253,0.375502,0.531197;0.909726,-0.112194,0.109771,0.384398
0.736888,0.375354,0.522443;0.909435,-0.106162,0.121087,0.383401
0.730835,0.374686,0.512997;0.908918,-0.0992461,0.133995,0.382184
0.725238,0.373523,0.504191;0.908204,-0.0923089,0.146874,0.380884
0.71953,0.371671,0.495108;0.907167,-0.0844809,0.161325,0.379323
0.713977,0.369003,0.486117;0.905723,-0.075756,0.17733,0.377467
0.708909,0.365411,0.477673;0.903781,-0.0661291,0.194866,0.375278
0.704444,0.360415,0.469807;0.90101,-0.0547174,0.215487,0.372494
0.701338,0.352912,0.463298;0.896611,-0.0397483,0.242266,0.368532
0.702075,0.343145,0.461686;0.890315,-0.022089,0.273465,0.363411
0.706381,0.334979,0.465505;0.897408,0.0398881,0.275675,0.342157
0.711696,0.328673,0.471213;0.903591,0.104954,0.267175,0.318002
0.717428,0.323151,0.477707;0.905345,0.159464,0.258978,0.296398
0.723124,0.31826,0.484322;0.904335,0.205464,0.251277,0.27717
0.72892,0.313616,0.491141;0.901401,0.247011,0.243686,0.258998
0.734918,0.30901,0.498256;0.896827,0.286093,0.235976,0.241178
0.741009,0.30445,0.505514;0.890883,0.322712,0.22823,0.22382
0.747097,0.299948,0.512787;0.883824,0.356887,0.220526,0.207015
0.753101,0.295518,0.519966;0.875891,0.388653,0.212934,0.190847
0.758954,0.29118,0.526961;0.867311,0.418058,0.205518,0.175388
0.764978,0.286667,0.534152;0.857663,0.446948,0.197849,0.159712
0.770763,0.282267,0.541043;0.847658,0.473532,0.190437,0.144837
0.77666,0.277694,0.54805;0.836734,0.499604,0.182819,0.129805
0.782652,0.27294,0.555144;0.824904,0.525134,0.175003,0.114632
0.78872,0.267996,0.562297;0.812181,0.550096,0.166997,0.0993357
0.794435,0.263201,0.569004;0.799512,0.572857,0.159362,0.0849613
0.800186,0.258225,0.575716;0.786089,0.595077,0.151577,0.0705068
0.805956,0.253061,0.582411;0.771925,0.616736,0.143648,0.0559858
0.811731,0.247702,0.589065;0.757032,0.637813,0.135584,0.0414119
0.817495,0.242139,0.595658;0.741424,0.658288,0.127392,0.026799
0.823235,0.236367,0.602165;0.725118,0.678142,0.11908,0.0121608
0.828934,0.230377,0.608565;0.708127,0.697356,0.110655,-0.00248886
0.834577,0.224162,0.614835;0.690468,0.715913,0.102126,-0.0171362
0.84015,0.217715,0.620952;0.672157,0.733794,0.0935009,-0.0317673
0.845637,0.211029,0.626894;0.653213,0.750982,0.0847874,-0.0463685
0.851024,0.204096,0.632637;0.633652,0.767462,0.0759939,-0.060926
0.856294,0.19691,0.63816;0.613493,0.783218,0.0671287,-0.0754259
0.861434,0.189462,0.643441;0.592755,0.798235,0.0582001,-0.0898547
0.866428,0.181746,0.648455;0.571459,0.812499,0.0492167,-0.104199
0.871261,0.173754,0.653181;0.549623,0.825997,0.0401868,-0.118444
0.875918,0.165479,0.657596;0.527268,0.838715,0.031119,-0.132578
0.880384,0.156913,0.661678;0.504416,0.850642,0.0220218,-0.146587
0.884643,0.14805,0.665403;0.481089,0.861766,0.0129039,-0.160458
0.888682,0.138882,0.66875;0.457307,0.872077,0.00377381,-0.174177
0.892483,0.129402,0.671696;0.433094,0.881566,-0.00535986,-0.187732
0.896034,0.119602,0.674217;0.408472,0.890222,-0.0144885,-0.20111
0.899261,0.109678,0.676264;0.384888,0.901486,-0.0146379,-0.197409
0.902239,0.0994744,0.6779;0.361044,0.912119,-0.0147741,-0.193566
0.904976,0.089017,0.679144;0.336949,0.922117,-0.0149,-0.189589
0.90728,0.0792345,0.679958;0.314656,0.930717,-0.0150063,-0.185827
0.909394,0.069288,0.680473;0.292178,0.938774,-0.0151039,-0.181956
0.911324,0.0592012,0.680705;0.269529,0.94628,-0.0151925,-0.177978
0.913076,0.0489973,0.680668;0.246723,0.953234,-0.0152723,-0.173897
0.914657,0.0386998,0.680378;0.223772,0.959629,-0.0153432,-0.169714
0.91607,0.0283321,0.679848;0.20069,0.965463,-0.0154051,-0.165431
0.917324,0.0179178,0.679093;0.177491,0.970732,-0.0154579,-0.161052
0.918424,0.00748017,0.678128;0.154188,0.975433,-0.0155018,-0.156578
0.919375,-0.0029573,0.676968;0.130795,0.979563,-0.0155365,-0.152013
0.920184,-0.0133712,0.675627;0.107325,0.98312,-0.0155622,-0.147359
0.920857,-0.023738,0.67412;0.0837926,0.986101,-0.0155787,-0.142619
0.921399,-0.0340344,0.672462;0.060211,0.988506,-0.0155862,-0.137795
0.921817,-0.0442369,0.670667;0.0365942,0.990332,-0.0155845,-0.132891
0.922116,-0.0543221,0.66875;0.0129559,0.991579,-0.0155737,-0.127908
0.922302,-0.0642665,0.666726;-0.0106899,0.992246,-0.0155538,-0.122851
0.922382,-0.0740467,0.664609;-0.0343295,0.992332,-0.0155248,-0.117722
0.922355,-0.0845012,0.662211;-0.0600948,0.991763,-0.0154828,-0.112049
0.922215,-0.094702,0.659739;-0.0858182,0.990504,-0.01543,-0.106297
0.921971,-0.104619,0.657212;-0.111482,0.988555,-0.0153664,-0.100472
0.921598,-0.115006,0.654436;-0.139196,0.985667,-0.0152855,-0.0940815
0.921121,-0.124985,0.651641;-0.166796,0.981973,-0.0151921,-0.0876146
0.920503,-0.135231,0.648639;-0.196367,0.977098,-0.0150777,-0.0805704
0.919788,-0.144911,0.645676;-0.225751,0.971297,-0.0149489,-0.0734498
0.918929,-0.1546,0.642576;-0.256996,0.96406,-0.0147952,-0.0657435
0.917923,-0.164089,0.639398;-0.290015,0.955185,-0.0146136,-0.0574448
0.916703,-0.173635,0.636036;-0.32673,0.943787,-0.0143876,-0.0480243
0.915195,-0.183128,0.632481;-0.368913,0.928623,-0.0140955,-0.0369396
0.913186,-0.192479,0.628649;-0.421981,0.906221,-0.0136759,-0.0225755
0.909263,-0.200244,0.624298;-0.523472,0.851925,-0.0126937,0.00634051
0.906053,-0.191113,0.62581;-0.61759,0.785629,-0.0115326,0.0351672
0.905035,-0.18098,0.628785;-0.62409,0.780594,-0.0178797,0.029415
0.904444,-0.171415,0.631761;-0.612558,0.789836,-0.025758,0.0163842
0.903951,-0.161095,0.63499;-0.601744,0.797996,-0.0329697,0.00443266
0.903509,-0.150524,0.638258;-0.591715,0.805152,-0.039515,-0.00643395
0.903087,-0.140113,0.641407;-0.582531,0.811378,-0.0453953,-0.0162123
0.902675,-0.130197,0.644328;-0.574244,0.816739,-0.0506126,-0.0249007
0.90221,-0.119704,0.647325;-0.565841,0.821937,-0.0558197,-0.0335842
0.901677,-0.108677,0.65036;-0.557326,0.82697,-0.0610157,-0.042261
0.901141,-0.0986235,0.653019;-0.549783,0.831238,-0.0655523,-0.0498463
0.90053,-0.0882232,0.655654;-0.542156,0.835379,-0.0700787,-0.0574239
0.899833,-0.0775048,0.658241;-0.534446,0.839392,-0.0745945,-0.0649928
0.899037,-0.0664974,0.660754;-0.526654,0.843276,-0.0790988,-0.0725517
0.898134,-0.0552298,0.663169;-0.518781,0.847032,-0.083591,-0.0800995
0.897266,-0.0453869,0.665143;-0.51197,0.850147,-0.0874313,-0.0865593
0.896303,-0.0353924,0.66701;-0.505101,0.853167,-0.0912617,-0.0930093
0.895239,-0.0252645,0.668756;-0.498175,0.85609,-0.0950818,-0.0994489
0.894067,-0.0150216,0.670365;-0.491193,0.858918,-0.0988913,-0.105877
0.89278,-0.00468178,0.671821;-0.484156,0.861648,-0.10269,-0.112294
0.891372,0.0057366,0.673109;-0.477065,0.864282,-0.106476,-0.118698
0.889835,0.0162154,0.674212;-0.469919,0.866818,-0.110251,-0.125088
0.888164,0.0267362,0.675116;-0.462721,0.869257,-0.114014,-0.131464
0.88635,0.037281,0.675804;-0.455471,0.871598,-0.117763,-0.137826
0.884387,0.0478313,0.676261;-0.448169,0.87384,-0.121499,-0.144172
0.882269,0.0583691,0.676472;-0.440817,0.875985,-0.125222,-0.150502
0.879988,0.068876,0.676421;-0.433415,0.87803,-0.12893,-0.156815
0.877537,0.0793339,0.676091;-0.425965,0.879977,-0.132624,-0.16311
0.874911,0.0897244,0.675468;-0.418466,0.881825,-0.136303,-0.169387
0.872101,0.100029,0.674536;-0.410921,0.883574,-0.139967,-0.175645
0.869102,0.11023,0.673279;-0.403329,0.885223,-0.143615,-0.181883
0.865906,0.120309,0.671682;-0.395692,0.886772,-0.147247,-0.1881
0.862507,0.130248,0.669728;-0.38801,0.888222,-0.150862,-0.194297
0.858897,0.140028,0.667403;-0.380284,0.889571,-0.15446,-0.200471
0.85507,0.149632,0.664691;-0.372516,0.890821,-0.158041,-0.206623
0.85102,0.15904,0.661575;-0.364706,0.89197,-0.161604,-0.212752
0.846738,0.168235,0.658041;-0.356854,0.893019,-0.165149,-0.218857
0.842219,0.177199,0.654073;-0.348963,0.893967,-0.168675,-0.224937
0.837456,0.185913,0.649655;-0.341032,0.894815,-0.172183,-0.230992
0.832441,0.194359,0.644771;-0.333063,0.895561,-0.17567,-0.23702
0.827168,0.202518,0.639406;-0.325057,0.896207,-0.179139,-0.243022
0.82163,0.210374,0.633544;-0.317013,0.896753,-0.182587,-0.248997
0.815821,0.217906,0.62717;-0.308934,0.897197,-0.186014,-0.254944
0.809733,0.225098,0.620268;-0.300821,0.89754,-0.18942,-0.260862
0.80336,0.23193,0.612822;-0.292673,0.897782,-0.192806,-0.26675
0.797826,0.237336,0.606191;-0.285858,0.897907,-0.19561,-0.271635
0.792085,0.242469,0.599162;-0.279021,0.897961,-0.198399,-0.276498
0.786133,0.247319,0.591727;-0.272162,0.897945,-0.201173,-0.281339
0.779967,0.251876,0.583876;-0.265282,0.897859,-0.20393,-0.286159
0.773582,0.256128,0.5756;-0.258381,0.897703,-0.206672,-0.290956
0.766974,0.260065,0.566891;-0.25146,0.897477,-0.209398,-0.29573
0.76014,0.263676,0.557739;-0.244519,0.89718,-0.212107,-0.300481
0.753075,0.266952,0.548135;-0.237559,0.896813,-0.2148,-0.305209
0.747255,0.269324,0.540121;-0.231978,0.89647,-0.216942,-0.308974
0.741282,0.271468,0.531807;-0.226385,0.896081,-0.219074,-0.312723
0.735155,0.273379,0.523189;-0.22078,0.895647,-0.221194,-0.316457
0.728872,0.275053,0.514262;-0.215165,0.895169,-0.223303,-0.320175
0.722431,0.276483,0.505022;-0.209539,0.894646,-0.225401,-0.323877
0.71583,0.277665,0.495464;-0.203902,0.894078,-0.227488,-0.327563
0.709066,0.278592,0.485582;-0.198255,0.893465,-0.229564,-0.331233
