0.845637,-0.207128,0.560324;0.790689,-0.16083,-0.0893514,-0.583919
0.839216,-0.216123,0.555873;0.795312,-0.152968,-0.0838101,-0.580564
0.832928,-0.22494,0.551499;0.799836,-0.145086,-0.0782583,-0.577137
0.826772,-0.23358,0.5472;0.80426,-0.137186,-0.0726966,-0.573638
0.820747,-0.242046,0.542977;0.808584,-0.129269,-0.0671259,-0.570067
0.814852,-0.250338,0.538829;0.812806,-0.121336,-0.0615468,-0.566424
0.809086,-0.258457,0.534755;0.816926,-0.113387,-0.05596,-0.562711
0.803448,-0.266405,0.530755;0.820944,-0.105425,-0.0503661,-0.558927
0.797936,-0.274184,0.526827;0.824859,-0.0974491,-0.044766,-0.555073
0.79255,-0.281794,0.522972;0.828672,-0.0894611,-0.0391603,-0.55115
0.786251,-0.290705,0.518441;0.833109,-0.0798608,-0.032427,-0.546351
0.780131,-0.299378,0.514012;0.837397,-0.0702461,-0.0256878,-0.541454
0.774186,-0.307815,0.509685;0.841533,-0.0606187,-0.0189441,-0.536459
0.768415,-0.316018,0.505457;0.845518,-0.0509804,-0.0121969,-0.531368
0.762816,-0.323989,0.501329;0.849351,-0.041333,-0.0054475,-0.52618
0.757389,-0.33173,0.497299;0.85303,-0.0316781,0.00130286,-0.520898
0.751269,-0.340476,0.49272;0.857128,-0.0204069,0.0091779,-0.514617
0.745377,-0.348915,0.488271;0.861016,-0.00913074,0.0170507,-0.508209
0.739708,-0.357053,0.483951;0.864693,0.00214766,0.0249193,-0.501677
0.734261,-0.364892,0.479759;0.868158,0.0134255,0.0327818,-0.495022
0.729032,-0.372437,0.475691;0.87141,0.0247001,0.0406362,-0.488246
0.723319,-0.380703,0.471195;0.874864,0.0375778,0.0496004,-0.480355
0.717884,-0.388594,0.466857;0.878038,0.0504434,0.0585487,-0.47231
0.712722,-0.396116,0.462676;0.880931,0.0632929,0.0674783,-0.464113
0.707235,-0.404143,0.458157;0.883848,0.077724,0.077498,-0.454715
0.702082,-0.411717,0.45383;0.886407,0.0921237,0.0874864,-0.445132
0.696741,-0.419611,0.449242;0.888828,0.108079,0.0985427,-0.434272
0.691324,-0.427671,0.444457;0.890978,0.125568,0.110648,-0.422076
0.685948,-0.435736,0.439544;0.892707,0.144559,0.123776,-0.40848
0.680736,-0.443636,0.434573;0.893855,0.165014,0.137898,-0.393419
0.675816,-0.451196,0.429616;0.894244,0.186887,0.152975,-0.376828
0.671044,-0.45867,0.424437;0.893616,0.211658,0.170021,-0.357414
0.66651,-0.465985,0.418935;0.891382,0.240719,0.189979,-0.333768
0.662457,-0.472912,0.412941;0.886258,0.2768,0.214693,-0.303042
0.659596,-0.478932,0.405478;0.87293,0.332255,0.252531,-0.252643
0.663359,-0.476944,0.397939;0.837003,0.418719,0.311117,-0.165246
0.67002,-0.46946,0.395874;0.807246,0.466959,0.343539,-0.110831
0.676449,-0.461662,0.39536;0.782544,0.499204,0.365081,-0.0716586
0.682897,-0.453571,0.395466;0.759246,0.52524,0.382384,-0.0380773
0.689147,-0.445559,0.395914;0.737351,0.546752,0.396609,-0.00879115
0.695226,-0.437643,0.396568;0.716381,0.565178,0.408733,0.0175831
0.701317,-0.429611,0.397377;0.69551,0.581739,0.419575,0.0424667
0.707322,-0.421607,0.398286;0.674946,0.596557,0.429225,0.0658311
0.713556,-0.413214,0.399319;0.653517,0.610611,0.438325,0.0891111
0.719655,-0.404928,0.400395;0.671646,0.59409,0.429844,0.105745
0.725644,-0.39672,0.401503;0.694976,0.572331,0.418215,0.120589
0.73176,-0.388259,0.402681;0.717352,0.549785,0.40601,0.135267
0.737621,-0.380079,0.403845;0.737513,0.527876,0.394015,0.148912
0.743569,-0.371702,0.405057;0.756775,0.505324,0.381539,0.162376
0.749592,-0.363138,0.406311;0.775118,0.482158,0.3686,0.175643
0.755296,-0.354953,0.40752;0.791458,0.459906,0.356062,0.187887
0.761043,-0.346625,0.408754;0.806951,0.437162,0.343143,0.199929
0.766824,-0.338165,0.41001;0.821582,0.413951,0.329857,0.211758
0.772628,-0.329583,0.411282;0.835334,0.390297,0.316219,0.223361
0.778444,-0.32089,0.412565;0.848194,0.366226,0.302242,0.234725
0.784262,-0.312094,0.413854;0.860146,0.341764,0.287942,0.245837
0.790072,-0.303208,0.415143;0.871178,0.316936,0.273334,0.256687
0.795478,-0.29484,0.416342;0.880635,0.293457,0.259437,0.266567
0.800858,-0.286409,0.417534;0.889272,0.269704,0.245297,0.276197
0.806205,-0.277924,0.418713;0.89708,0.245701,0.230929,0.285571
0.811509,-0.269393,0.419877;0.904052,0.221468,0.216346,0.294679
0.816762,-0.260824,0.421019;0.910183,0.197029,0.201561,0.303512
0.821957,-0.252225,0.422137;0.915466,0.172407,0.186589,0.312062
0.827083,-0.243605,0.423227;0.919896,0.147624,0.171443,0.320322
0.832133,-0.234972,0.424283;0.923469,0.122704,0.156137,0.328283
0.837097,-0.226334,0.425302;0.926182,0.0976689,0.140686,0.335939
0.842313,-0.217082,0.426348;0.928132,0.0707457,0.123986,0.343794
0.84741,-0.207844,0.427342;0.929089,0.0437468,0.107153,0.351282
0.852379,-0.198631,0.428278;0.929052,0.0167011,0.090206,0.358393
0.857209,-0.189451,0.429152;0.928022,-0.0103624,0.0731625,0.365122
0.86189,-0.180316,0.429958;0.926,-0.0374148,0.0560407,0.37146
0.866411,-0.171236,0.430691;0.922988,-0.0644272,0.0388589,0.377401
0.870761,-0.162219,0.431346;0.918989,-0.0913708,0.0216357,0.382939
0.875201,-0.152685,0.431952;0.913641,-0.120002,0.00323912,0.388394
0.879423,-0.143247,0.432458;0.90718,-0.148488,-0.0151614,0.393377
0.883413,-0.13392,0.432857;0.899617,-0.176792,-0.0335434,0.397881
0.887385,-0.124143,0.433157;0.890381,-0.20663,-0.0530291,0.402136
0.891065,-0.114518,0.433322;0.879923,-0.236183,-0.0724419,0.405839
0.89444,-0.105061,0.433344;0.868256,-0.265412,-0.0917553,0.408984
0.897661,-0.0952454,0.433203;0.854604,-0.295963,-0.112067,0.411703
0.900505,-0.0856516,0.432886;0.839636,-0.326058,-0.132206,0.413787
0.903075,-0.0757843,0.432349;0.822434,-0.357279,-0.153242,0.415296
0.905279,-0.0657079,0.431548;0.802803,-0.38948,-0.175101,0.416115
0.907013,-0.0554959,0.430435;0.78055,-0.422493,-0.197694,0.416123
0.908134,-0.0455589,0.429007;0.756326,-0.45505,-0.220169,0.415242
0.908607,-0.0356019,0.427175;0.740649,-0.477258,-0.21791,0.419736
0.908359,-0.0253714,0.424823;0.723028,-0.500906,-0.215274,0.424242
0.907396,-0.0157228,0.422115;0.704757,-0.524104,-0.212445,0.428368
0.905651,-0.00598722,0.418832;0.684375,-0.54856,-0.209185,0.432381
0.903268,0.00306452,0.415202;0.663281,-0.572446,-0.205708,0.435945
0.900118,0.0119987,0.410966;0.639915,-0.597376,-0.201745,0.43926
0.89647,0.0201369,0.406413;0.615785,-0.621593,-0.197541,0.44205
0.892166,0.0279338,0.401254;0.589237,-0.646606,-0.192797,0.444444
0.887289,0.0352109,0.395486;0.560152,-0.672218,-0.187469,0.446327
0.88227,0.0414423,0.389483;0.530209,-0.696799,-0.181854,0.447524
0.876997,0.0468913,0.382938;0.497619,-0.721661,-0.175605,0.448044
0.87144,0.051548,0.375525;0.460407,-0.747828,-0.168308,0.447718
0.866025,0.0549555,0.367314;0.418347,-0.774776,-0.159869,0.446262
0.861388,0.0566034,0.358439;0.371243,-0.801901,-0.150196,0.443367
0.858357,0.0558482,0.348766;0.316901,-0.829484,-0.138766,0.43849
0.858388,0.0521128,0.339336;0.259255,-0.854698,-0.126346,0.431641
0.861781,0.0462081,0.331651;0.206866,-0.874209,-0.114811,0.424008
0.867175,0.0397206,0.326139;0.164452,-0.887733,-0.105307,0.416888
0.873866,0.0329626,0.321978;0.128123,-0.897748,-0.0970522,0.410139
0.880978,0.0265036,0.318936;0.118146,-0.908615,-0.0870888,0.390995
0.889002,0.0196722,0.316359;0.111271,-0.918852,-0.0770989,0.370656
0.897278,0.01292,0.314259;0.104903,-0.927699,-0.0678962,0.351796
0.905459,0.00643292,0.31255;0.0990637,-0.935292,-0.059497,0.334479
0.913281,0.000353709,0.311161;0.0937689,-0.941756,-0.0519141,0.318761
0.921469,-0.00591561,0.309903;0.088439,-0.947867,-0.0443118,0.302925
0.929957,-0.0123383,0.308764;0.083076,-0.953624,-0.0366929,0.286974
0.938679,-0.0188777,0.307735;0.0776819,-0.959023,-0.0290603,0.270917
0.94757,-0.025497,0.306803;0.0722587,-0.964064,-0.0214168,0.254757
0.956562,-0.0321596,0.305958;0.0668084,-0.968743,-0.0137653,0.238503
0.964588,-0.0380885,0.305271;0.0619427,-0.972599,-0.0069595,0.223979
0.973594,-0.0447326,0.30456;0.0564469,-0.976592,0.000699356,0.207561
0.982511,-0.0513139,0.303905;0.0509301,-0.980219,0.00835795,0.191065
0.991274,-0.0577956,0.303293;0.0453941,-0.98348,0.0160134,0.174498
0.999816,-0.0641411,0.302715;0.0398411,-0.986373,0.0236629,0.157866
1.00807,-0.0703136,0.30216;0.0342733,-0.988896,0.0313035,0.141174
1.01683,-0.0769244,0.301556;0.0280718,-0.991265,0.0397792,0.122566
1.02506,-0.083226,0.30095;0.0218573,-0.993177,0.0482365,0.103901
1.0334,-0.0897405,0.300266;0.0150099,-0.994749,0.0575137,0.0833149
1.04151,-0.0962722,0.299473;0.00753049,-0.99583,0.0675973,0.0608044
1.04945,-0.103021,0.298455;-0.00120146,-0.996253,0.0793043,0.0344921
1.0569,-0.110107,0.296935;-0.0124255,-0.995471,0.094249,0.000619358
1.06056,-0.117715,0.292987;-0.0341817,-0.989687,0.122884,-0.0652012
1.05162,-0.116893,0.288711;-0.0508393,-0.981395,0.144508,-0.115744
1.04229,-0.113806,0.285963;-0.0594127,-0.975792,0.155533,-0.141809
1.03265,-0.11005,0.283551;-0.0601196,-0.97192,0.165544,-0.156049
1.0231,-0.106037,0.281375;-0.0380055,-0.972208,0.179709,-0.145163
1.01385,-0.101957,0.27939;-0.0190253,-0.971829,0.191735,-0.135739
1.00458,-0.0977187,0.277486;-0.00161667,-0.970974,0.202659,-0.127029
0.995557,-0.0934681,0.275697;0.0142103,-0.969777,0.212502,-0.119055
0.986008,-0.0888526,0.27386;0.0300314,-0.968179,0.222258,-0.111033
0.977008,-0.0843977,0.272174;0.04426,-0.9664,0.23096,-0.103773
0.96766,-0.0796679,0.270464;0.0584739,-0.964299,0.239585,-0.0964791
0.958001,-0.0746731,0.268735;0.0726681,-0.961875,0.248129,-0.0891527
0.949181,-0.0700187,0.267189;0.0852651,-0.95945,0.255655,-0.0826153
0.940168,-0.0651695,0.265639;0.0978395,-0.956773,0.263113,-0.076056
0.930986,-0.0601324,0.264089;0.110388,-0.953843,0.270502,-0.0694767
0.92166,-0.0549144,0.262543;0.122907,-0.950661,0.27782,-0.062879
0.912216,-0.0495222,0.261007;0.135395,-0.947228,0.285064,-0.0562648
0.902677,-0.0439629,0.259485;0.147846,-0.943545,0.292233,-0.0496357
0.893069,-0.0382433,0.257981;0.160258,-0.939614,0.299325,-0.0429935
0.883416,-0.0323703,0.2565;0.172628,-0.935434,0.306338,-0.0363399
0.874954,-0.0271109,0.255227;0.183414,-0.931574,0.312408,-0.0305101
0.866493,-0.0217441,0.253977;0.194164,-0.927526,0.318414,-0.0246742
0.858051,-0.0162743,0.252756;0.204874,-0.92329,0.324357,-0.0188332
0.849644,-0.0107061,0.251564;0.215543,-0.918868,0.330234,-0.0129885
0.841289,-0.00504433,0.250406;0.226168,-0.91426,0.336044,-0.00714113
0.833002,0.000706546,0.249284;0.236747,-0.909468,0.341786,-0.00129232
0.824801,0.00654188,0.248202;0.247279,-0.904491,0.347459,0.00455676
0.816702,0.012457,0.247163;0.257761,-0.899332,0.353062,0.0104049
0.808721,0.0184474,0.246169;0.26819,-0.893991,0.358594,0.016251
0.799767,0.0253798,0.245092;0.280043,-0.887666,0.364827,0.0229281
0.791014,0.0323974,0.244084;0.291822,-0.881107,0.370964,0.0295991
0.782488,0.0394934,0.243149;0.303525,-0.874315,0.377003,0.0362624
0.774213,0.046661,0.242291;0.315147,-0.867292,0.382942,0.042916
0.766214,0.0538932,0.241516;0.326685,-0.860041,0.388781,0.0495584
0.758517,0.0611831,0.240826;0.338138,-0.852562,0.394516,0.0561877
0.751146,0.0685239,0.240228;0.349501,-0.844859,0.400148,0.0628021
0.744126,0.0759086,0.239725;0.360772,-0.836932,0.405674,0.0694
0.736679,0.0842603,0.239279;0.373338,-0.827751,0.411762,0.0768006
0.729743,0.0926491,0.238967;0.38578,-0.818293,0.417714,0.0841755
0.723353,0.101065,0.238795;0.398092,-0.808562,0.423525,0.0915224
0.717546,0.109499,0.238769;0.410272,-0.798561,0.429195,0.0988386
0.711819,0.118878,0.238919;0.423644,-0.787136,0.435327,0.106929
0.706903,0.128253,0.239268;0.436841,-0.775386,0.441279,0.114975
0.702847,0.13761,0.239823;0.449858,-0.763316,0.44705,0.122974
0.699436,0.147867,0.240682;0.463962,-0.749676,0.453184,0.131714
0.697189,0.158068,0.241815;0.477835,-0.735663,0.459092,0.140388
0.696171,0.168196,0.243232;0.491469,-0.721281,0.464772,0.148993
0.696446,0.178233,0.244945;0.504858,-0.70654,0.470219,0.157523
0.698078,0.18816,0.246967;0.517995,-0.691447,0.475432,0.165974
0.701133,0.197961,0.249309;0.530873,-0.676008,0.480407,0.174342
0.705676,0.207616,0.251983;0.543487,-0.660232,0.485143,0.182624
0.711151,0.216253,0.254712;0.554719,-0.645605,0.489238,0.190074
0.717215,0.223899,0.257419;0.564632,-0.632212,0.492751,0.196711
0.724393,0.231416,0.26037;0.574357,-0.618608,0.496099,0.203283
0.731737,0.237981,0.263203;0.58284,-0.606342,0.498937,0.209068
0.740015,0.244428,0.266239;0.591169,-0.593916,0.501643,0.214798
0.748042,0.249968,0.269065;0.598329,-0.582914,0.503901,0.219765
0.75682,0.255408,0.272052;0.605369,-0.571795,0.506059,0.224688
0.766364,0.260744,0.275204;0.612286,-0.56056,0.508113,0.229565
