0.871146,-0.513192,0.372677;0.63954,0.738549,-0.145274,-0.156299
0.869807,-0.499324,0.37551;0.641135,0.737718,-0.144785,-0.154128
0.868482,-0.485574,0.378321;0.642724,0.736882,-0.144295,-0.151957
0.867171,-0.471941,0.381109;0.644308,0.736039,-0.143803,-0.149784
0.865874,-0.458425,0.383875;0.645886,0.73519,-0.143311,-0.14761
0.864591,-0.445025,0.386619;0.64746,0.734335,-0.142817,-0.145434
0.863323,-0.431742,0.38934;0.649028,0.733475,-0.142322,-0.143258
0.862068,-0.418574,0.392038;0.65059,0.732608,-0.141826,-0.14108
0.860827,-0.405521,0.394715;0.652148,0.731735,-0.141329,-0.138902
0.8596,-0.392583,0.39737;0.6537,0.730856,-0.14083,-0.136722
0.858387,-0.379759,0.400002;0.655246,0.729971,-0.140331,-0.134541
0.857187,-0.367049,0.402613;0.656788,0.729081,-0.13983,-0.132358
0.856001,-0.354453,0.405201;0.658324,0.728184,-0.139328,-0.130175
0.854829,-0.34197,0.407768;0.659854,0.727281,-0.138825,-0.127991
0.85367,-0.3296,0.410313;0.661379,0.726373,-0.138321,-0.125806
0.852525,-0.317341,0.412837;0.662899,0.725458,-0.137816,-0.123619
0.851393,-0.305195,0.415339;0.664414,0.724538,-0.137309,-0.121432
0.850274,-0.29316,0.417819;0.665922,0.723611,-0.136802,-0.119243
0.849169,-0.281237,0.420278;0.667426,0.722679,-0.136293,-0.117054
0.848077,-0.269424,0.422716;0.668924,0.721741,-0.135783,-0.114864
0.846998,-0.257721,0.425132;0.670416,0.720797,-0.135272,-0.112672
0.845933,-0.246128,0.427528;0.671904,0.719847,-0.13476,-0.11048
0.84488,-0.234644,0.429902;0.673385,0.718891,-0.134247,-0.108287
0.843841,-0.22327,0.432255;0.674861,0.717929,-0.133733,-0.106093
0.842814,-0.212004,0.434587;0.676332,0.716961,-0.133218,-0.103898
0.841801,-0.200846,0.436898;0.677797,0.715988,-0.132701,-0.101703
0.8408,-0.189796,0.439188;0.679256,0.715008,-0.132184,-0.0995063
0.839812,-0.178853,0.441458;0.68071,0.714023,-0.131666,-0.0973089
0.838837,-0.168018,0.443707;0.682158,0.713032,-0.131146,-0.0951108
0.837874,-0.157288,0.445935;0.683601,0.712035,-0.130625,-0.0929119
0.836925,-0.146665,0.448143;0.685038,0.711032,-0.130103,-0.0907122
0.835987,-0.136148,0.45033;0.68647,0.710024,-0.129581,-0.0885118
0.835063,-0.125736,0.452497;0.687896,0.70901,-0.129057,-0.0863107
0.83415,-0.115429,0.454644;0.689316,0.707989,-0.128532,-0.0841089
0.83325,-0.105226,0.45677;0.69073,0.706963,-0.128006,-0.0819064
0.832363,-0.0951271,0.458876;0.692139,0.705932,-0.127479,-0.0797032
0.831488,-0.0851321,0.460963;0.693543,0.704894,-0.126951,-0.0774993
0.830625,-0.0752402,0.463029;0.69494,0.703851,-0.126422,-0.0752948
0.829774,-0.0654513,0.465075;0.696332,0.702802,-0.125892,-0.0730898
0.82852,-0.0509597,0.468107;0.69841,0.701217,-0.125094,-0.069781
0.827294,-0.0366971,0.471095;0.700474,0.69962,-0.124295,-0.066471
0.826094,-0.0226622,0.474039;0.702526,0.69801,-0.123493,-0.0631597
0.824921,-0.0088536,0.476939;0.704564,0.696387,-0.122689,-0.0598473
0.823775,0.00473018,0.479795;0.70659,0.694751,-0.121883,-0.0565337
0.822655,0.0180905,0.482608;0.708602,0.693103,-0.121074,-0.0532192
0.821561,0.0312287,0.485377;0.710602,0.691441,-0.120264,-0.0499036
0.820493,0.0441462,0.488104;0.712589,0.689767,-0.119451,-0.0465871
0.81945,0.0568444,0.490788;0.714562,0.68808,-0.118636,-0.0432698
0.818434,0.0693248,0.49343;0.716522,0.686381,-0.117818,-0.0399517
0.817442,0.0815885,0.496029;0.718469,0.684669,-0.116999,-0.0366328
0.816476,0.0936372,0.498587;0.720403,0.682944,-0.116177,-0.0333133
0.815535,0.105472,0.501103;0.722324,0.681207,-0.115353,-0.0299932
0.814618,0.117095,0.503578;0.724231,0.679457,-0.114527,-0.0266725
0.813726,0.128506,0.506012;0.726125,0.677695,-0.113699,-0.0233513
0.812859,0.139708,0.508404;0.728005,0.67592,-0.112869,-0.0200297
0.812015,0.150702,0.510757;0.729872,0.674133,-0.112037,-0.0167077
0.811196,0.161489,0.513068;0.731726,0.672333,-0.111203,-0.0133854
0.8104,0.172071,0.51534;0.733566,0.670521,-0.110367,-0.0100628
0.809629,0.182448,0.517572;0.735393,0.668697,-0.109528,-0.00674011
0.80888,0.192623,0.519764;0.737206,0.66686,-0.108688,-0.00341726
0.808155,0.202597,0.521917;0.739006,0.665011,-0.107846,-9.4346e-05
0.807453,0.212371,0.524031;0.740792,0.66315,-0.107001,0.00322857
0.806552,0.225094,0.526789;0.743152,0.660649,-0.105872,0.00765902
0.805692,0.237468,0.529479;0.745488,0.658127,-0.10474,0.0120892
0.804871,0.249496,0.532101;0.747799,0.655583,-0.103604,0.016519
0.804089,0.261181,0.534656;0.750086,0.653018,-0.102465,0.0209483
0.803347,0.272526,0.537144;0.752349,0.650432,-0.101323,0.0253769
0.802642,0.283535,0.539566;0.754586,0.647824,-0.100177,0.0298046
0.801976,0.294211,0.541922;0.756799,0.645195,-0.0990278,0.0342314
0.801347,0.304557,0.544214;0.758988,0.642545,-0.0978755,0.038657
0.800755,0.314576,0.546441;0.761151,0.639873,-0.09672,0.0430814
0.800066,0.326647,0.549136;0.763821,0.636505,-0.0952711,0.0486099
0.799434,0.338219,0.551733;0.766451,0.633104,-0.0938174,0.0541359
0.798857,0.349299,0.554233;0.769042,0.629671,-0.0923589,0.0596591
0.798334,0.359893,0.556636;0.771594,0.626205,-0.0908956,0.0651793
0.797865,0.370008,0.558946;0.774106,0.622708,-0.0894277,0.0706962
0.797372,0.381523,0.561593;0.777068,0.618469,-0.0876603,0.0773116
0.796952,0.392368,0.564108;0.779974,0.614184,-0.0858863,0.0839213
0.796606,0.402554,0.566492;0.782821,0.609854,-0.084106,0.0905248
0.796292,0.413621,0.569111;0.786071,0.604746,-0.0820212,0.0982205
0.796072,0.423825,0.571558;0.789242,0.599577,-0.0799282,0.105906
0.795933,0.434451,0.574149;0.792769,0.593596,-0.0775264,0.114677
0.795917,0.445118,0.576806;0.796613,0.586775,-0.0748122,0.124526
0.796065,0.455415,0.579446;0.800728,0.579082,-0.0717819,0.135445
0.796465,0.46568,0.582195;0.805451,0.569694,-0.0681263,0.148512
0.797287,0.475434,0.58501;0.811021,0.557723,-0.0635287,0.164783
0.799497,0.484722,0.588343;0.81979,0.53637,-0.0554914,0.192801
0.805497,0.479957,0.589888;0.832521,0.496793,-0.0410907,0.241696
0.808795,0.470479,0.589015;0.836936,0.478904,-0.0347704,0.262641
0.811493,0.46079,0.587812;0.839797,0.46523,-0.0300113,0.278209
0.813966,0.450753,0.586417;0.841965,0.453206,-0.0258754,0.291599
0.816345,0.440241,0.584857;0.843707,0.441967,-0.0220497,0.303869
0.818596,0.42963,0.583213;0.845087,0.431551,-0.0185371,0.315038
0.820694,0.419234,0.58155;0.846159,0.421989,-0.0153398,0.325124
0.822683,0.408961,0.579868;0.834813,0.442814,-0.0190596,0.326558
0.824519,0.399153,0.57823;0.821841,0.46643,-0.0235538,0.326291
0.826379,0.388906,0.57649;0.808256,0.489697,-0.0280304,0.32578
0.828127,0.379009,0.574785;0.795101,0.510976,-0.0321686,0.325089
0.829893,0.368757,0.572996;0.781435,0.531926,-0.0362861,0.324188
0.831539,0.358987,0.571272;0.768373,0.550962,-0.0400662,0.323171
0.833197,0.348934,0.569479;0.75489,0.569695,-0.0438243,0.321977
0.834869,0.338604,0.567619;0.740993,0.588115,-0.0475584,0.320606
0.836551,0.328008,0.565694;0.726689,0.606214,-0.0512664,0.31906
0.838101,0.318069,0.563872;0.713228,0.622512,-0.0546408,0.317489
0.83966,0.30792,0.561997;0.699438,0.638524,-0.05799,0.315771
0.841224,0.297567,0.56007;0.685326,0.654241,-0.0613125,0.313908
0.842795,0.287019,0.558092;0.670898,0.669657,-0.0646067,0.311901
0.844226,0.277266,0.556251;0.657513,0.683404,-0.0675757,0.309951
0.845661,0.267361,0.55437;0.643878,0.696891,-0.0705189,0.307883
0.847099,0.25731,0.55245;0.629997,0.710112,-0.0734353,0.305698
0.848539,0.247118,0.55049;0.615877,0.723063,-0.0763238,0.303397
0.84998,0.236791,0.548493;0.601523,0.735739,-0.0791832,0.30098
0.851421,0.226332,0.546459;0.586939,0.748135,-0.0820124,0.298448
0.852863,0.215749,0.544389;0.572132,0.760245,-0.0848104,0.295803
0.854304,0.205045,0.542284;0.557107,0.772067,-0.0875761,0.293045
0.855599,0.195312,0.540359;0.543403,0.782455,-0.0900368,0.290468
0.856893,0.18549,0.538408;0.529531,0.792601,-0.0924697,0.287801
0.858185,0.175583,0.536429;0.515496,0.802504,-0.094874,0.285045
0.859475,0.165593,0.534425;0.501302,0.812158,-0.0972491,0.282201
0.860761,0.155525,0.532395;0.486954,0.821562,-0.0995943,0.279271
0.862044,0.145382,0.530339;0.472455,0.830713,-0.101909,0.276254
0.863323,0.135168,0.52826;0.457811,0.839608,-0.104192,0.273152
0.864598,0.124888,0.526157;0.443025,0.848244,-0.106442,0.269966
0.865867,0.114544,0.524031;0.428103,0.856618,-0.108661,0.266696
0.867131,0.10414,0.521882;0.413049,0.864728,-0.110845,0.263344
0.868389,0.093681,0.519711;0.397867,0.872571,-0.112995,0.259911
0.869641,0.0831696,0.517519;0.382563,0.880145,-0.115111,0.256398
0.870886,0.0726098,0.515306;0.36714,0.887448,-0.117191,0.252806
0.872123,0.0620054,0.513074;0.351605,0.894477,-0.119235,0.249136
0.873353,0.0513602,0.510821;0.335961,0.90123,-0.121242,0.245388
0.874574,0.0406779,0.50855;0.320213,0.907705,-0.123211,0.241566
0.875786,0.0299623,0.50626;0.304367,0.9139,-0.125143,0.237669
0.87699,0.0192171,0.503953;0.288426,0.919814,-0.127036,0.233698
0.878183,0.00844603,0.501628;0.272397,0.925443,-0.12889,0.229655
0.879366,-0.00234712,0.499287;0.256284,0.930788,-0.130704,0.225542
0.880538,-0.0131586,0.49693;0.240092,0.935845,-0.132478,0.221359
0.881699,-0.0239847,0.494558;0.223826,0.940614,-0.134211,0.217108
0.882848,-0.0348216,0.492171;0.20749,0.945092,-0.135902,0.212789
0.883985,-0.0456657,0.48977;0.191091,0.949279,-0.137552,0.208406
0.88511,-0.056513,0.487355;0.174633,0.953173,-0.139159,0.203958
0.886221,-0.06736,0.484928;0.158121,0.956774,-0.140724,0.199447
0.887319,-0.0782028,0.482488;0.14156,0.960079,-0.142245,0.194874
0.888402,-0.0890377,0.480036;0.124955,0.963088,-0.143722,0.190241
0.889471,-0.099861,0.477573;0.108312,0.9658,-0.145154,0.18555
0.890524,-0.110669,0.4751;0.0916356,0.968214,-0.146542,0.180802
0.891562,-0.121458,0.472617;0.0749309,0.97033,-0.147885,0.175997
0.892584,-0.132223,0.470124;0.058203,0.972146,-0.149182,0.171139
0.89359,-0.142963,0.467623;0.0414572,0.973663,-0.150433,0.166227
0.894578,-0.153671,0.465114;0.0246987,0.974879,-0.151638,0.161265
0.895549,-0.164346,0.462597;0.00793247,0.975795,-0.152796,0.156252
0.896502,-0.174983,0.460073;-0.00883617,0.97641,-0.153907,0.151192
0.897436,-0.185578,0.457543;-0.0256021,0.976723,-0.15497,0.146085
0.898352,-0.196128,0.455007;-0.0423601,0.976735,-0.155986,0.140932
0.899248,-0.206628,0.452466;-0.0591051,0.976446,-0.156954,0.135737
0.900123,-0.217076,0.449921;-0.0758318,0.975856,-0.157873,0.130499
0.900979,-0.227467,0.447371;-0.0925351,0.974965,-0.158743,0.125221
0.901814,-0.237798,0.444819;-0.10921,0.973774,-0.159564,0.119905
0.902627,-0.248064,0.442263;-0.125851,0.972282,-0.160337,0.114552
0.903418,-0.258263,0.439706;-0.142453,0.97049,-0.161059,0.109163
0.904187,-0.26839,0.437147;-0.159012,0.968399,-0.161733,0.10374
0.904933,-0.278441,0.434587;-0.175521,0.966009,-0.162356,0.0982861
0.905656,-0.288414,0.432027;-0.191976,0.963321,-0.162929,0.0928014
0.906355,-0.298304,0.429467;-0.208372,0.960336,-0.163452,0.0872881
0.90703,-0.308107,0.426908;-0.224704,0.957055,-0.163924,0.0817478
0.90768,-0.317819,0.42435;-0.240966,0.953479,-0.164346,0.0761824
0.908372,-0.3285,0.421511;-0.258948,0.94916,-0.164756,0.0699711
0.909033,-0.33906,0.418675;-0.276832,0.944481,-0.165102,0.0637331
0.909661,-0.349494,0.415843;-0.29461,0.939441,-0.165386,0.0574709
0.910256,-0.359795,0.413017;-0.312276,0.934044,-0.165607,0.0511868
0.910817,-0.36996,0.410196;-0.329823,0.928291,-0.165765,0.0448832
0.911502,-0.383108,0.406498;-0.330895,0.926842,-0.171779,0.0443159
0.912114,-0.395694,0.402906;-0.331397,0.925547,-0.177782,0.0439481
0.91267,-0.408033,0.399335;-0.331887,0.924217,-0.183778,0.0435787
0.91317,-0.420117,0.395789;-0.332364,0.922852,-0.189768,0.0432076
0.913616,-0.431941,0.392273;-0.332829,0.921451,-0.19575,0.0428349
0.914006,-0.443497,0.388792;-0.333281,0.920015,-0.201725,0.0424605
0.914343,-0.454779,0.385351;-0.33372,0.918544,-0.207692,0.0420845
0.914626,-0.46578,0.381955;-0.334146,0.917039,-0.213651,0.0417069
0.914856,-0.476493,0.378607;-0.33456,0.915498,-0.219602,0.0413277
0.915033,-0.486912,0.375314;-0.334961,0.913922,-0.225545,0.040947
0.915158,-0.49703,0.37208;-0.335349,0.912312,-0.231479,0.0405647
0.915232,-0.50684,0.368909;-0.335724,0.910667,-0.237405,0.0401808
0.915249,-0.519429,0.364789;-0.336205,0.908419,-0.245291,0.0396666
0.915177,-0.531443,0.360802;-0.336663,0.90611,-0.253161,0.0391497
0.915015,-0.542866,0.356959;-0.337098,0.903739,-0.261013,0.0386302
0.914766,-0.553681,0.353271;-0.33751,0.901308,-0.268848,0.038108
0.914429,-0.563874,0.349751;-0.337899,0.898815,-0.276665,0.0375833
0.914006,-0.573427,0.346409;-0.338266,0.896261,-0.284463,0.037056
0.913359,-0.584446,0.342499;-0.338692,0.892984,-0.294183,0.0363934
0.912582,-0.59441,0.338908;-0.339081,0.889612,-0.303872,0.0357269
0.911479,-0.60493,0.33505;-0.339502,0.885441,-0.315456,0.0349222
0.909964,-0.615156,0.331219;-0.339927,0.880405,-0.32891,0.0339766
0.907664,-0.624931,0.32745;-0.34037,0.873662,-0.346108,0.0327505
0.902276,-0.632436,0.324304;-0.340889,0.860109,-0.378264,0.0304042
0.896023,-0.625488,0.326747;-0.340996,0.846391,-0.408106,0.0281619
0.892488,-0.616592,0.330165;-0.340911,0.839188,-0.422863,0.0270292
0.889666,-0.607442,0.333764;-0.340786,0.833636,-0.433856,0.0261748
0.887205,-0.598152,0.337472;-0.340643,0.828912,-0.442966,0.0254598
0.884647,-0.587315,0.341849;-0.340464,0.8241,-0.45203,0.0247421
0.882532,-0.577511,0.345846;-0.340294,0.820188,-0.459246,0.024166
0.880357,-0.56668,0.350296;-0.340102,0.816221,-0.466432,0.0235883
0.878123,-0.554808,0.35521;-0.339886,0.812198,-0.473585,0.023009
0.87641,-0.54521,0.359207;-0.339709,0.809144,-0.478929,0.0225735
0.874665,-0.53501,0.363477;-0.33952,0.80606,-0.484255,0.0221371
0.872889,-0.524202,0.368023;-0.339317,0.802945,-0.489563,0.0216999
0.871146,-0.513192,0.372677;-0.339109,0.799911,-0.494665,0.0212773
0.869614,-0.503196,0.376919;-0.338677,0.803495,-0.489357,0.0149344
0.868062,-0.492784,0.381354;-0.338218,0.807013,-0.484009,0.00859024
0.866492,-0.481973,0.385973;-0.337732,0.810466,-0.478621,0.00224539
0.865171,-0.472672,0.389959;-0.337305,0.813292,-0.474101,-0.00304214
0.863838,-0.463117,0.394063;-0.336859,0.816073,-0.469555,-0.00832951
0.862496,-0.453318,0.398281;-0.336394,0.818807,-0.464982,-0.0136164
0.861144,-0.443285,0.402609;-0.335911,0.821495,-0.460382,-0.0189025
0.859784,-0.433028,0.407043;-0.335408,0.824137,-0.455757,-0.0241876
0.858416,-0.422558,0.411578;-0.334886,0.826732,-0.451106,-0.0294713
0.857041,-0.411884,0.416211;-0.334346,0.829281,-0.446429,-0.0347533
0.855661,-0.401017,0.420935;-0.333786,0.831782,-0.441727,-0.0400333
0.854275,-0.389966,0.425748;-0.333207,0.834236,-0.437001,-0.0453111
0.852885,-0.378743,0.430644;-0.33261,0.836644,-0.432249,-0.0505864
0.851492,-0.367358,0.43562;-0.331994,0.839003,-0.427473,-0.0558587
0.850376,-0.358139,0.439655;-0.331488,0.840857,-0.423635,-0.0600743
0.849258,-0.348828,0.443736;-0.330969,0.84268,-0.419781,-0.0642878
0.84814,-0.33943,0.447861;-0.330439,0.844473,-0.415912,-0.0684989
0.847021,-0.329949,0.452026;-0.329896,0.846235,-0.412029,-0.0727076
0.845902,-0.320393,0.456231;-0.329342,0.847967,-0.40813,-0.0769136
0.844784,-0.310764,0.460473;-0.328776,0.849668,-0.404216,-0.0811168
0.843667,-0.30107,0.464749;-0.328198,0.851338,-0.400288,-0.0853171
0.842551,-0.291314,0.469058;-0.327608,0.852977,-0.396346,-0.0895144
0.841437,-0.281502,0.473397;-0.327006,0.854586,-0.392389,-0.0937083
0.840325,-0.27164,0.477763;-0.326392,0.856163,-0.388417,-0.0978989
0.839216,-0.261733,0.482156;-0.325767,0.85771,-0.384432,-0.102086
0.83811,-0.251785,0.486572;-0.325129,0.859226,-0.380433,-0.106269
0.837007,-0.241803,0.491009;-0.32448,0.86071,-0.37642,-0.110449
0.835909,-0.23179,0.495465;-0.323819,0.862163,-0.372394,-0.114624
0.834815,-0.221753,0.499938;-0.323147,0.863585,-0.368354,-0.118796
0.833725,-0.211697,0.504425;-0.322463,0.864976,-0.3643,-0.122963
0.832641,-0.201627,0.508924;-0.321767,0.866335,-0.360234,-0.127125
0.831563,-0.191548,0.513434;-0.321059,0.867664,-0.356154,-0.131283
0.83049,-0.181465,0.517951;-0.32034,0.86896,-0.352062,-0.135437
0.829425,-0.171384,0.522474;-0.319609,0.870225,-0.347956,-0.139585
0.828366,-0.161309,0.527;-0.318867,0.871459,-0.343839,-0.143728
0.827314,-0.151247,0.531528;-0.318113,0.872661,-0.339708,-0.147866
0.826271,-0.141202,0.536054;-0.317348,0.873832,-0.335566,-0.151999
0.825235,-0.131179,0.540577;-0.316571,0.874971,-0.331411,-0.156126
0.824208,-0.121184,0.545094;-0.315782,0.876078,-0.327244,-0.160248
0.823191,-0.111222,0.549603;-0.314983,0.877154,-0.323066,-0.164364
0.822183,-0.101297,0.554102;-0.314171,0.878198,-0.318876,-0.168473
0.821185,-0.0914166,0.558589;-0.313349,0.87921,-0.314674,-0.172577
0.820197,-0.0815843,0.563061;-0.312515,0.88019,-0.310461,-0.176675
0.81922,-0.0718057,0.567517;-0.31167,0.881139,-0.306236,-0.180766
0.818254,-0.0620862,0.571953;-0.310813,0.882055,-0.302001,-0.18485
0.8173,-0.0524308,0.576368;-0.309946,0.88294,-0.297754,-0.188928
0.816359,-0.0428448,0.58076;-0.309067,0.883792,-0.293497,-0.192999
0.815429,-0.0333334,0.585126;-0.308177,0.884613,-0.289229,-0.197063
0.814513,-0.0239018,0.589464;-0.307275,0.885401,-0.284951,-0.20112
0.81361,-0.0145553,0.593772;-0.306363,0.886158,-0.280662,-0.20517
0.812721,-0.0052991,0.598047;-0.305439,0.886882,-0.276364,-0.209212
0.811846,0.00386164,0.602288;-0.304505,0.887575,-0.272055,-0.213246
0.810986,0.0129217,0.606491;-0.303559,0.888235,-0.267736,-0.217273
0.809933,0.0240971,0.611691;-0.302362,0.889015,-0.262324,-0.222296
0.808903,0.0350969,0.616824;-0.301147,0.889745,-0.256898,-0.227306
0.807899,0.0459108,0.621888;-0.299916,0.890424,-0.251456,-0.232303
0.806921,0.0565286,0.626878;-0.298667,0.891054,-0.246001,-0.237287
0.805971,0.0669401,0.631788;-0.297402,0.891632,-0.240532,-0.242258
0.805048,0.0771352,0.636616;-0.29612,0.892161,-0.235049,-0.247214
0.804153,0.0871036,0.641357;-0.294821,0.892638,-0.229552,-0.252157
0.803288,0.0968351,0.646005;-0.293505,0.893066,-0.224043,-0.257086
0.802454,0.10632,0.650558;-0.292173,0.893443,-0.218521,-0.262
0.801651,0.115547,0.65501;-0.290824,0.893769,-0.212987,-0.266899
0.800729,0.126266,0.660214;-0.289184,0.894094,-0.20633,-0.272758
0.799855,0.136582,0.665259;-0.28752,0.894346,-0.199656,-0.278595
0.79903,0.146478,0.670138;-0.285833,0.894525,-0.192966,-0.28441
0.798256,0.155936,0.674843;-0.284122,0.894631,-0.18626,-0.290201
0.797533,0.164938,0.679368;-0.282389,0.894665,-0.179539,-0.295968
0.796758,0.174842,0.684407;-0.280337,0.894612,-0.171679,-0.302666
0.796057,0.184074,0.689178;-0.278254,0.89446,-0.163801,-0.309331
0.795351,0.193765,0.694285;-0.275836,0.894164,-0.154775,-0.316906
0.794682,0.203524,0.69957;-0.273068,0.893677,-0.144593,-0.325372
0.794099,0.212876,0.70484;-0.269934,0.892944,-0.13325,-0.33471
0.793633,0.221915,0.710281;-0.266093,0.891798,-0.119598,-0.345815
0.793428,0.230381,0.716225;-0.260502,0.889676,-0.100192,-0.361353
0.795105,0.22877,0.721205;-0.244273,0.885482,-0.0634479,-0.390161
0.796726,0.219002,0.719547;-0.225318,0.894069,-0.0787349,-0.379042
0.798223,0.208782,0.717068;-0.211516,0.899832,-0.0897374,-0.370825
0.799695,0.19819,0.714192;-0.19977,0.904418,-0.0990186,-0.363752
0.801034,0.188266,0.711342;-0.190115,0.907972,-0.106591,-0.357885
0.802322,0.178538,0.708453;-0.181501,0.91098,-0.113304,-0.352611
0.803699,0.167995,0.705248;-0.172859,0.913846,-0.119999,-0.347282
0.804977,0.158129,0.702196;-0.165275,0.916237,-0.125842,-0.342574
0.806319,0.14769,0.698927;-0.157671,0.918519,-0.13167,-0.337826
0.807724,0.136701,0.695451;-0.150048,0.92069,-0.137483,-0.333037
0.808978,0.126863,0.692315;-0.1435,0.922464,-0.142452,-0.3289
0.810276,0.116653,0.689043;-0.13694,0.924157,-0.147408,-0.324735
0.811617,0.106088,0.685642;-0.130367,0.925768,-0.152351,-0.320541
0.812999,0.095181,0.682119;-0.123783,0.927299,-0.157282,-0.316319
0.814423,0.0839481,0.67848;-0.117188,0.928747,-0.162198,-0.312069
0.815639,0.0743492,0.675366;-0.111684,0.929892,-0.166284,-0.308506
0.816882,0.0645429,0.67218;-0.106174,0.930981,-0.17036,-0.304925
0.818152,0.0545379,0.668928;-0.100657,0.932012,-0.174425,-0.301325
0.819447,0.044343,0.665613;-0.0951338,0.932987,-0.17848,-0.297707
0.820767,0.0339668,0.66224;-0.0896049,0.933905,-0.182524,-0.29407
0.822112,0.023418,0.658813;-0.0840706,0.934766,-0.186557,-0.290416
0.82348,0.0127053,0.655335;-0.0785311,0.93557,-0.190579,-0.286744
0.824871,0.00183739,0.651812;-0.0729868,0.936316,-0.194588,-0.283054
0.826284,-0.00917703,0.648247;-0.0674381,0.937006,-0.198586,-0.279348
0.82772,-0.0203293,0.644643;-0.0618852,0.937639,-0.202572,-0.275624
0.829176,-0.0316107,0.641007;-0.0563286,0.938214,-0.206546,-0.271883
0.830653,-0.0430125,0.637341;-0.0507686,0.938732,-0.210507,-0.268126
0.83215,-0.0545261,0.633649;-0.0452054,0.939193,-0.214455,-0.264352
0.833666,-0.0661427,0.629937;-0.0396395,0.939597,-0.21839,-0.260562
0.8352,-0.0778538,0.626207;-0.0340712,0.939943,-0.222312,-0.256757
0.836753,-0.0896505,0.622464;-0.0285008,0.940232,-0.22622,-0.252935
0.838007,-0.0991437,0.619464;-0.0240432,0.940422,-0.229336,-0.249867
0.839272,-0.108682,0.616459;-0.0195847,0.940575,-0.232444,-0.246789
0.840548,-0.11826,0.613454;-0.0151254,0.940691,-0.235543,-0.243702
0.841834,-0.127875,0.610449;-0.0106655,0.940771,-0.238632,-0.240605
0.843129,-0.13752,0.607447;-0.00620518,0.940814,-0.241712,-0.237498
0.844434,-0.147193,0.60445;-0.00174463,0.940821,-0.244783,-0.234382
0.845748,-0.156889,0.60146;0.00271598,0.94079,-0.247844,-0.231258
0.84707,-0.166602,0.598479;0.00717648,0.940723,-0.250895,-0.228124
0.848401,-0.17633,0.595509;0.0116367,0.940619,-0.253937,-0.224981
0.849741,-0.186066,0.592553;0.0160965,0.940479,-0.256968,-0.221829
0.851088,-0.195808,0.589613;0.0205556,0.940301,-0.25999,-0.218669
0.852442,-0.205549,0.58669;0.025014,0.940087,-0.263002,-0.2155
0.853803,-0.215287,0.583786;0.0294713,0.939837,-0.266003,-0.212323
0.855172,-0.225016,0.580905;0.0339275,0.939549,-0.268994,-0.209138
0.856547,-0.234732,0.578048;0.0383824,0.939225,-0.271974,-0.205944
0.857928,-0.24443,0.575216;0.0428358,0.938865,-0.274944,-0.202742
0.859314,-0.254107,0.572413;0.0472875,0.938467,-0.277903,-0.199533
0.860707,-0.263757,0.569641;0.0517374,0.938033,-0.280851,-0.196315
0.862104,-0.273377,0.5669;0.0561853,0.937563,-0.283788,-0.19309
0.863506,-0.282961,0.564195;0.0606309,0.937055,-0.286714,-0.189858
0.864913,-0.292505,0.561526;0.0650742,0.936512,-0.289629,-0.186618
0.866677,-0.304373,0.558244;0.0706247,0.935781,-0.293257,-0.182558
0.868447,-0.316164,0.555027;0.076171,0.934992,-0.296867,-0.178486
0.870223,-0.327868,0.551879;0.0817125,0.934147,-0.300459,-0.174404
0.872003,-0.339477,0.548805;0.0872491,0.933245,-0.304032,-0.170311
0.873787,-0.350982,0.545807;0.0927804,0.932286,-0.307587,-0.166208
0.875574,-0.362374,0.54289;0.098306,0.93127,-0.311123,-0.162094
0.877364,-0.373646,0.540059;0.103826,0.930197,-0.31464,-0.157971
0.879156,-0.384788,0.537318;0.109339,0.929068,-0.318138,-0.153838
0.880949,-0.395791,0.53467;0.114845,0.927882,-0.321617,-0.149696
0.882743,-0.406647,0.53212;0.120345,0.926639,-0.325076,-0.145544
0.884538,-0.417347,0.529672;0.125837,0.92534,-0.328515,-0.141384
0.886331,-0.427883,0.52733;0.131322,0.923984,-0.331934,-0.137215
0.888124,-0.438245,0.525098;0.136799,0.922572,-0.335333,-0.133038
0.889915,-0.448425,0.522981;0.142267,0.921104,-0.338711,-0.128853
0.891703,-0.458415,0.520982;0.147726,0.919579,-0.342069,-0.124659
0.893488,-0.468205,0.519105;0.153177,0.917999,-0.345406,-0.120458
0.895625,-0.479678,0.517021;0.159705,0.916028,-0.349382,-0.115408
0.897756,-0.490837,0.515127;0.166219,0.913977,-0.353328,-0.110347
0.899879,-0.501666,0.513429;0.172719,0.911846,-0.357243,-0.105276
0.901994,-0.51215,0.511936;0.179204,0.909634,-0.361126,-0.100196
0.904099,-0.522275,0.510653;0.185672,0.907343,-0.364978,-0.0951079
0.906193,-0.532025,0.509589;0.192125,0.904972,-0.368797,-0.0900109
0.90862,-0.542906,0.508632;0.199631,0.902106,-0.373213,-0.0840545
0.91103,-0.553233,0.507994;0.207114,0.899131,-0.377583,-0.0780881
0.913419,-0.562983,0.507684;0.214572,0.896049,-0.381909,-0.0721123
0.916124,-0.573386,0.507749;0.223064,0.892396,-0.386796,-0.0652723
0.919129,-0.584106,0.508375;0.232575,0.88812,-0.392222,-0.0575652
0.922092,-0.593735,0.509609;0.242041,0.883668,-0.397571,-0.0498467
0.925329,-0.603094,0.511724;0.252502,0.878516,-0.403422,-0.0412592
