0.840639,0.00727846,0.687899;0.466174,0.842838,0.242566,0.116053
0.838785,0.017487,0.681896;0.470078,0.839413,0.24646,0.116919
0.836957,0.0275476,0.675953;0.473962,0.835952,0.250344,0.117779
0.835154,0.0374608,0.670069;0.477826,0.832456,0.254217,0.118635
0.833377,0.0472276,0.664244;0.481669,0.828923,0.258079,0.119485
0.831624,0.0568487,0.658479;0.485491,0.825356,0.26193,0.12033
0.829897,0.0663247,0.652772;0.489293,0.821752,0.265769,0.12117
0.828194,0.0756564,0.647123;0.493073,0.818114,0.269598,0.122005
0.826517,0.0848447,0.641532;0.496833,0.81444,0.273415,0.122835
0.824864,0.0938901,0.636;0.500571,0.810732,0.27722,0.123659
0.823235,0.102794,0.630525;0.504288,0.806989,0.281013,0.124478
0.821631,0.111556,0.625107;0.507983,0.803211,0.284794,0.125292
0.820051,0.120177,0.619747;0.511656,0.799399,0.288563,0.1261
0.818495,0.128659,0.614443;0.515308,0.795552,0.292319,0.126903
0.816458,0.139752,0.60746;0.520142,0.79037,0.297308,0.127966
0.814464,0.1506,0.600577;0.524936,0.785128,0.302275,0.129018
0.812511,0.161204,0.593794;0.52969,0.779826,0.307218,0.130061
0.8106,0.171566,0.587109;0.534404,0.774465,0.312138,0.131093
0.80873,0.181688,0.580523;0.539078,0.769045,0.317035,0.132116
0.806902,0.191572,0.574035;0.54371,0.763566,0.321907,0.133129
0.805114,0.20122,0.567644;0.548301,0.758028,0.326754,0.134131
0.803367,0.210632,0.561349;0.55285,0.752433,0.331577,0.135123
0.80166,0.219812,0.55515;0.557356,0.746781,0.336374,0.136105
0.799993,0.22876,0.549047;0.561821,0.741072,0.341146,0.137077
0.798366,0.237479,0.543039;0.566242,0.735306,0.345892,0.138038
0.796777,0.24597,0.537125;0.57062,0.729484,0.350611,0.138988
0.795228,0.254236,0.531305;0.574955,0.723606,0.355303,0.139928
0.793346,0.264253,0.52416;0.580312,0.716182,0.361131,0.141088
0.791523,0.273923,0.51716;0.5856,0.708672,0.366916,0.142231
0.78976,0.28325,0.510303;0.590817,0.701078,0.372656,0.143357
0.788055,0.292237,0.503588;0.595965,0.6934,0.378353,0.144467
0.786408,0.300888,0.497014;0.601041,0.68564,0.384004,0.145559
0.784818,0.309206,0.490579;0.606046,0.677798,0.38961,0.146633
0.783286,0.317194,0.484283;0.610979,0.669876,0.395169,0.14769
0.78152,0.32635,0.476909;0.616802,0.660263,0.401778,0.148935
0.779835,0.335043,0.469731;0.62252,0.650538,0.408318,0.150155
0.778228,0.343279,0.462747;0.62813,0.6407,0.414788,0.151349
0.776699,0.351063,0.455955;0.633633,0.630753,0.421187,0.152517
0.775013,0.359582,0.44827;0.639916,0.619011,0.428561,0.153847
0.773428,0.367505,0.440841;0.646049,0.607125,0.435834,0.15514
0.771945,0.37484,0.433664;0.652031,0.595097,0.443006,0.156398
0.770372,0.382516,0.425767;0.658681,0.581181,0.451076,0.15779
0.768926,0.389452,0.41819;0.665131,0.567087,0.459009,0.159135
0.767449,0.396387,0.410043;0.672144,0.551026,0.467765,0.160589
0.765989,0.403039,0.401452;0.679632,0.53293,0.477283,0.162132
0.764598,0.409108,0.392551;0.687495,0.512733,0.487489,0.16374
0.763329,0.414279,0.383483;0.69562,0.490362,0.498302,0.165387
0.762167,0.418461,0.373731;0.704496,0.463838,0.510486,0.167165
0.761241,0.420895,0.363645;0.713834,0.432997,0.523825,0.169005
0.760691,0.420776,0.353604;0.723298,0.397671,0.538067,0.170829
0.760654,0.417286,0.344006;0.732503,0.357702,0.552916,0.172546
0.761148,0.410893,0.336342;0.739955,0.319099,0.566048,0.173873
0.762059,0.402244,0.330331;0.745842,0.282021,0.57759,0.174854
0.763207,0.392573,0.325965;0.750107,0.248695,0.587103,0.175499
0.764458,0.382672,0.322867;0.75309,0.219285,0.594839,0.175889
0.765813,0.372346,0.320571;0.75523,0.191791,0.601525,0.176103
0.76722,0.3619,0.318931;0.756665,0.166275,0.607267,0.176175
0.768633,0.351596,0.317816;0.757525,0.142785,0.612165,0.176135
0.770015,0.341656,0.317117;0.757927,0.121358,0.616311,0.176011
0.771485,0.331199,0.316705;0.757968,0.099873,0.620164,0.175802
0.773038,0.320252,0.316573;0.757649,0.0783408,0.623721,0.17551
0.774502,0.310005,0.316685;0.757052,0.0589295,0.626668,0.175175
0.776026,0.299405,0.317009;0.756164,0.0394956,0.629373,0.174773
0.777607,0.28847,0.317539;0.754983,0.0200464,0.631836,0.174304
0.779056,0.278488,0.318176;0.753689,0.00275143,0.63382,0.17383
0.780545,0.268271,0.318966;0.752166,-0.0145443,0.635611,0.173303
0.78207,0.257836,0.319904;0.750412,-0.0318357,0.637208,0.172723
0.783629,0.247196,0.320984;0.74843,-0.0491173,0.638611,0.172091
0.78522,0.236365,0.322202;0.74622,-0.0663839,0.639819,0.171406
0.786841,0.225357,0.323554;0.743782,-0.0836303,0.640832,0.170669
0.788488,0.214187,0.325035;0.741118,-0.100851,0.64165,0.169879
0.78995,0.204291,0.326432;0.738601,-0.115894,0.642205,0.169146
0.791429,0.194292,0.327921;0.735911,-0.130911,0.64261,0.168374
0.792923,0.184197,0.329499;0.73305,-0.145896,0.642864,0.167562
0.794431,0.174018,0.331162;0.730018,-0.160848,0.642969,0.166711
0.79595,0.163764,0.332907;0.726815,-0.175762,0.642924,0.165821
0.797481,0.153443,0.334732;0.723443,-0.190635,0.642728,0.164892
0.79902,0.143066,0.336632;0.719901,-0.205463,0.642383,0.163925
0.800566,0.132642,0.338606;0.716192,-0.220244,0.641887,0.16292
0.802117,0.12218,0.340649;0.712315,-0.234973,0.641242,0.161876
0.803654,0.111816,0.342733;0.718055,-0.234535,0.63559,0.159425
0.805261,0.100974,0.344976;0.727375,-0.228712,0.627833,0.156342
0.80687,0.0901146,0.347286;0.736556,-0.222845,0.619956,0.153229
0.808481,0.0792408,0.34966;0.745597,-0.216936,0.611962,0.150087
0.810093,0.0683579,0.352098;0.754496,-0.210985,0.603851,0.146917
0.811704,0.057471,0.354598;0.763252,-0.204994,0.595625,0.143719
0.813314,0.0465848,0.357157;0.771862,-0.198965,0.587286,0.140493
0.814923,0.0357042,0.359774;0.780325,-0.192897,0.578834,0.13724
0.816529,0.0248342,0.362447;0.788639,-0.186792,0.570273,0.133962
0.818131,0.0139797,0.365175;0.796803,-0.180652,0.561603,0.130658
0.81973,0.00314543,0.367956;0.804816,-0.174478,0.552826,0.127329
0.821324,-0.00766359,0.370787;0.812675,-0.16827,0.543943,0.123975
0.822912,-0.0184425,0.373667;0.82038,-0.16203,0.534958,0.120598
0.824493,-0.0291864,0.376595;0.827928,-0.15576,0.52587,0.117199
0.826068,-0.0398904,0.379568;0.835318,-0.14946,0.516682,0.113776
0.827634,-0.0505497,0.382585;0.84255,-0.143131,0.507395,0.110333
0.829191,-0.0611592,0.385644;0.849621,-0.136775,0.498013,0.106868
0.830739,-0.0717142,0.388743;0.85653,-0.130393,0.488535,0.103382
0.832276,-0.0822098,0.391881;0.863276,-0.123986,0.478964,0.0998775
0.833802,-0.0926409,0.395055;0.869858,-0.117555,0.469302,0.0963536
0.835315,-0.103003,0.398264;0.876274,-0.111103,0.45955,0.0928114
0.836816,-0.113291,0.401506;0.882523,-0.104629,0.449711,0.0892514
0.838304,-0.123499,0.404779;0.888604,-0.0981347,0.439787,0.0856745
0.839777,-0.133624,0.408082;0.894516,-0.0916221,0.429778,0.0820812
0.841234,-0.14366,0.411412;0.900257,-0.085092,0.419688,0.0784723
0.842676,-0.153603,0.414769;0.905827,-0.0785457,0.409518,0.0748485
0.844101,-0.163447,0.418149;0.911225,-0.0719845,0.39927,0.0712104
0.845508,-0.173187,0.421552;0.916449,-0.0654095,0.388946,0.0675588
0.846897,-0.182819,0.424976;0.921498,-0.0588221,0.378548,0.0638942
0.848266,-0.192337,0.428418;0.926372,-0.0522235,0.368077,0.0602176
0.849616,-0.201738,0.431878;0.93107,-0.0456149,0.357537,0.0565294
0.851133,-0.21233,0.43585;0.936221,-0.0380517,0.345407,0.0523012
0.852621,-0.222755,0.439839;0.94114,-0.0304791,0.333192,0.0480601
0.85408,-0.233004,0.443844;0.945824,-0.0228988,0.320894,0.0438069
0.855509,-0.243071,0.44786;0.950274,-0.0153129,0.308516,0.0395429
0.856905,-0.252947,0.451885;0.954486,-0.00772315,0.296061,0.035269
0.858269,-0.262626,0.455917;0.958462,-0.000131477,0.283532,0.0309864
0.859598,-0.272101,0.459953;0.962199,0.00746023,0.270933,0.026696
0.860891,-0.281364,0.46399;0.965697,0.0150501,0.258267,0.022399
0.862303,-0.291523,0.468531;0.969344,0.0235841,0.243941,0.0175583
0.863666,-0.301394,0.473065;0.972687,0.0321107,0.229538,0.0127121
0.86498,-0.310967,0.477591;0.975723,0.0406271,0.215062,0.00786184
0.866242,-0.320231,0.482103;0.978452,0.0491308,0.200519,0.00300911
0.867451,-0.329176,0.486599;0.980874,0.057619,0.185913,-0.00184456
0.868731,-0.338729,0.49157;0.983202,0.067029,0.169616,-0.00723677
0.86994,-0.347861,0.49651;0.985147,0.0764129,0.153252,-0.0126262
0.871077,-0.356557,0.501415;0.98671,0.0857671,0.136829,-0.0180107
0.872241,-0.365604,0.506762;0.987987,0.0960181,0.118703,-0.0239255
0.873312,-0.374088,0.512053;0.988798,0.106224,0.10052,-0.029829
0.87437,-0.38268,0.517752;0.989154,0.1173,0.0806314,-0.0362531
0.875382,-0.391177,0.523831;0.988914,0.129226,0.0590345,-0.0431896
0.876311,-0.399352,0.530253;0.987929,0.141973,0.0357334,-0.0506278
0.877112,-0.406942,0.536976;0.986039,0.155511,0.0107382,-0.0585543
0.87777,-0.414026,0.544376;0.982854,0.170689,-0.0175998,-0.0674754
0.878186,-0.4202,0.552748;0.977695,0.188298,-0.050911,-0.0778731
0.878166,-0.424276,0.561882;0.969884,0.208186,-0.0891179,-0.0896798
0.877424,-0.424704,0.571846;0.958171,0.230982,-0.13373,-0.103303
0.875862,-0.420163,0.580895;0.943744,0.253125,-0.177963,-0.116633
0.873907,-0.412398,0.587652;0.934255,0.269129,-0.199223,-0.122668
0.871821,-0.403146,0.592717;0.935452,0.278173,-0.183901,-0.117177
0.86978,-0.393607,0.596563;0.9362,0.285636,-0.171083,-0.11257
0.867721,-0.383682,0.599745;0.93668,0.292294,-0.159512,-0.108401
0.865724,-0.373851,0.602358;0.936953,0.298164,-0.1492,-0.104677
0.863576,-0.363118,0.604774;0.937081,0.303987,-0.138865,-0.100936
0.86158,-0.353025,0.606733;0.937073,0.309045,-0.129804,-0.0976508
0.85948,-0.342311,0.60855;0.936955,0.314065,-0.120728,-0.0943536
0.857281,-0.331005,0.610231;0.936726,0.319049,-0.111638,-0.0910453
0.855322,-0.320869,0.611566;0.936441,0.32329,-0.103835,-0.088201
0.853296,-0.310342,0.612805;0.936075,0.327503,-0.096024,-0.085349
0.851207,-0.299445,0.613953;0.935627,0.331688,-0.0882042,-0.0824896
0.849059,-0.288196,0.615011;0.935098,0.335844,-0.0803768,-0.079623
0.846854,-0.276617,0.615982;0.934487,0.339971,-0.0725424,-0.0767494
0.844976,-0.266729,0.616727;0.933917,0.343387,-0.0660088,-0.0743497
0.843063,-0.256637,0.617415;0.933289,0.346783,-0.0594713,-0.0719455
0.841116,-0.246351,0.618047;0.932605,0.350158,-0.0529302,-0.0695369
0.839137,-0.235885,0.618625;0.931865,0.353511,-0.0463858,-0.0671242
0.837129,-0.225248,0.619151;0.931069,0.356843,-0.0398387,-0.0647073
0.835093,-0.214453,0.619626;0.930216,0.360154,-0.0332891,-0.0622866
0.833031,-0.203511,0.620052;0.929307,0.363442,-0.0267376,-0.0598621
0.830945,-0.192433,0.62043;0.928342,0.366709,-0.0201844,-0.057434
0.828836,-0.181232,0.620761;0.92732,0.369954,-0.01363,-0.0550024
0.826707,-0.169918,0.621048;0.926243,0.373176,-0.0070748,-0.0525675
0.824558,-0.158504,0.621292;0.92511,0.376376,-0.000519159,-0.0501294
0.822393,-0.147,0.621494;0.923921,0.379553,0.00603652,-0.0476882
0.820212,-0.135418,0.621655;0.922675,0.382707,0.0125918,-0.0452442
0.818019,-0.123771,0.621779;0.921375,0.385838,0.0191464,-0.0427975
0.815813,-0.112068,0.621865;0.920018,0.388945,0.0256998,-0.0403482
0.813598,-0.100322,0.621915;0.918606,0.392029,0.0322516,-0.0378964
0.811375,-0.0885446,0.621932;0.917138,0.39509,0.0388015,-0.0354423
0.809146,-0.0767469,0.621916;0.915615,0.398126,0.045349,-0.0329861
0.806913,-0.0649404,0.621869;0.914037,0.401139,0.0518938,-0.030528
0.804678,-0.0531368,0.621793;0.912403,0.404127,0.0584355,-0.0280679
0.802441,-0.0413475,0.621688;0.910714,0.40709,0.0649736,-0.0256062
0.800206,-0.0295841,0.621558;0.90897,0.41003,0.0715078,-0.0231429
0.797974,-0.017858,0.621402;0.907171,0.412944,0.0780377,-0.0206782
0.795747,-0.00618091,0.621224;0.905318,0.415833,0.0845629,-0.0182123
0.793527,0.00543582,0.621023;0.903409,0.418698,0.091083,-0.0157453
0.791315,0.0169806,0.620802;0.901446,0.421537,0.0975975,-0.0132773
0.789114,0.0284419,0.620563;0.899429,0.42435,0.104106,-0.0108085
0.786925,0.0398083,0.620306;0.897357,0.427138,0.110609,-0.00833904
0.784749,0.0510682,0.620034;0.895231,0.4299,0.117104,-0.0058691
0.78259,0.0622101,0.619748;0.893051,0.432636,0.123593,-0.0033988
0.780448,0.0732224,0.619449;0.890816,0.435346,0.130074,-0.000928295
0.778325,0.0840938,0.619139;0.888528,0.438029,0.136547,0.00154226
0.776224,0.0948125,0.618819;0.886187,0.440686,0.143012,0.00401273
0.774146,0.105367,0.618492;0.883791,0.443317,0.149469,0.00648296
0.772093,0.115746,0.618158;0.881343,0.44592,0.155916,0.00895279
0.770067,0.125938,0.617819;0.878841,0.448497,0.162354,0.0114221
0.768069,0.135932,0.617477;0.876286,0.451047,0.168782,0.0138907
0.765712,0.147645,0.617064;0.87315,0.45407,0.176482,0.0168519
0.763402,0.159037,0.616651;0.869938,0.457054,0.184167,0.0198116
0.761142,0.170085,0.61624;0.86665,0.459998,0.191836,0.0227696
0.758935,0.180772,0.615835;0.863287,0.462903,0.199488,0.0257256
0.756785,0.191076,0.615438;0.859848,0.465766,0.207123,0.0286794
0.754694,0.200978,0.615052;0.856335,0.46859,0.214739,0.0316307
0.752334,0.211996,0.614617;0.852142,0.471832,0.223602,0.0350704
0.750064,0.222407,0.614206;0.847849,0.475019,0.232438,0.0385059
0.74789,0.232182,0.61382;0.843454,0.478149,0.241246,0.0419369
0.745528,0.242531,0.613417;0.83831,0.481657,0.251278,0.0458519
0.743599,0.252318,0.612975;0.832693,0.485698,0.261038,0.050787
0.745842,0.262142,0.611751;0.826282,0.493906,0.263117,0.0639107
0.74772,0.272031,0.61064;0.820862,0.500516,0.264762,0.0746349
0.749678,0.283083,0.609505;0.815285,0.507032,0.266356,0.0853449
0.751516,0.293505,0.608529;0.810197,0.512742,0.267731,0.0948512
0.753475,0.304146,0.607636;0.804987,0.518375,0.269065,0.104343
0.755581,0.314679,0.606872;0.799656,0.523929,0.270359,0.11382
0.757861,0.324773,0.606287;0.794204,0.529405,0.271612,0.123279
0.760669,0.335196,0.605901;0.787927,0.53547,0.272973,0.133898
0.764133,0.345069,0.60589;0.780777,0.542088,0.274423,0.145667
0.769265,0.354191,0.606685;0.771207,0.550501,0.276213,0.160915
0.777744,0.357442,0.609651;0.757451,0.561788,0.278508,0.181921
0.785014,0.351119,0.613417;0.747156,0.569673,0.280034,0.197007
0.790024,0.34291,0.616514;0.740672,0.574413,0.280918,0.206251
0.794768,0.332715,0.619757;0.734907,0.57849,0.281657,0.214315
0.798374,0.323582,0.622397;0.730737,0.581361,0.282164,0.22006
0.802167,0.312817,0.62532;0.726524,0.584197,0.282655,0.225792
0.805342,0.302975,0.62787;0.723123,0.586442,0.283036,0.230367
0.808644,0.291996,0.630614;0.719695,0.588664,0.283406,0.234935
0.812078,0.279838,0.633558;0.71624,0.590865,0.283765,0.239493
0.814741,0.269921,0.635901;0.71363,0.5925,0.284028,0.242906
0.817482,0.259301,0.638364;0.711006,0.594123,0.284285,0.246313
0.820301,0.24796,0.640947;0.708367,0.595734,0.284535,0.249716
0.8232,0.235881,0.643654;0.705712,0.597331,0.28478,0.253113
0.826181,0.223046,0.646487;0.703043,0.598917,0.285018,0.256505
0.829244,0.209439,0.649449;0.700358,0.600489,0.28525,0.259891
0.832392,0.195041,0.652543;0.697659,0.602049,0.285477,0.263272
0.834538,0.184995,0.654679;0.695851,0.603081,0.285624,0.265523
0.836723,0.174585,0.656876;0.694037,0.604108,0.285769,0.267771
0.838946,0.163806,0.659134;0.692216,0.60513,0.285911,0.270017
0.841209,0.152652,0.661453;0.690389,0.606145,0.286051,0.27226
0.843512,0.141119,0.663835;0.688555,0.607155,0.286188,0.274501
0.845855,0.129201,0.66628;0.686715,0.60816,0.286322,0.276739
0.848238,0.116894,0.668789;0.684868,0.609158,0.286453,0.278974
0.850662,0.104191,0.671363;0.683015,0.610151,0.286582,0.281207
0.853128,0.0910891,0.674003;0.681155,0.611138,0.286708,0.283437
0.855636,0.0775816,0.676708;0.679289,0.612119,0.286831,0.285665
0.858186,0.0636638,0.679481;0.677417,0.613095,0.286952,0.28789
0.860779,0.0493305,0.682321;0.675538,0.614064,0.28707,0.290112
0.863415,0.0345767,0.68523;0.673653,0.615028,0.287185,0.292331
0.866095,0.0193971,0.688208;0.671761,0.615986,0.287297,0.294548
0.868818,0.00378663,0.691256;0.669863,0.616939,0.287407,0.296762
0.871586,-0.0122598,0.694374;0.667959,0.617885,0.287514,0.298973
0.874399,-0.0287475,0.697565;0.666048,0.618826,0.287618,0.301181
0.877257,-0.0456814,0.700827;0.664132,0.619761,0.28772,0.303386
0.880161,-0.0630667,0.704162;0.662209,0.62069,0.287819,0.305589
0.883111,-0.0809086,0.707572;0.660279,0.621613,0.287915,0.307788
0.886107,-0.0992122,0.711055;0.658344,0.62253,0.288009,0.309985
0.889151,-0.117983,0.714614;0.656402,0.623442,0.288099,0.312179
0.892241,-0.137225,0.718249;0.654454,0.624347,0.288187,0.31437
0.893804,-0.147025,0.720095;0.653478,0.624798,0.28823,0.315464
