0.902389,-0.625335,0.689256;0.505591,0.712394,-0.485499,0.0341031
0.892182,-0.627443,0.688228;0.515708,0.707317,-0.48228,0.0339876
0.882335,-0.629132,0.687166;0.525752,0.702142,-0.478993,0.0338674
0.871295,-0.630584,0.685887;0.537379,0.695981,-0.475076,0.0337212
0.860729,-0.631487,0.684564;0.548905,0.689689,-0.471068,0.0335687
0.850628,-0.631854,0.683201;0.560327,0.683267,-0.466972,0.0334098
0.839645,-0.631632,0.681593;0.573251,0.67577,-0.462184,0.0332206
0.829246,-0.630742,0.679935;0.586035,0.668107,-0.457281,0.0330231
0.81942,-0.629202,0.678228;0.598673,0.660279,-0.452266,0.0328176
0.809035,-0.626713,0.676253;0.612716,0.651279,-0.44649,0.0325767
0.799341,-0.623449,0.674223;0.626567,0.642076,-0.440576,0.0323256
0.790319,-0.619434,0.672139;0.640224,0.632672,-0.434524,0.0320645
0.781064,-0.614123,0.669767;0.655163,0.621993,-0.427642,0.0317626
0.772593,-0.607949,0.667336;0.669851,0.611074,-0.420594,0.0314485
0.764882,-0.600948,0.664853;0.68428,0.59992,-0.413385,0.0311223
0.757907,-0.593153,0.66232;0.698447,0.588536,-0.406017,0.0307842
0.751643,-0.584599,0.659741;0.712345,0.576925,-0.398493,0.0304342
0.746594,-0.576279,0.657385;0.724619,0.566285,-0.39159,0.0301091
0.742083,-0.567397,0.654999;0.736667,0.555469,-0.384565,0.0297747
0.738094,-0.557977,0.652585;0.748485,0.54448,-0.37742,0.0294311
0.734607,-0.548045,0.650146;0.76007,0.533321,-0.370157,0.0290782
0.731606,-0.537625,0.647685;0.771419,0.521996,-0.362779,0.0287163
0.729331,-0.527974,0.645483;0.781305,0.511792,-0.356126,0.0283871
0.727413,-0.517975,0.643267;0.790998,0.501463,-0.349386,0.0280509
0.725839,-0.507645,0.64104;0.800497,0.49101,-0.342559,0.0277078
0.724597,-0.497002,0.638805;0.809798,0.480436,-0.335648,0.0273579
0.723674,-0.486064,0.636563;0.818901,0.469744,-0.328654,0.0270012
0.723119,-0.476264,0.634598;0.8267,0.460293,-0.322468,0.0266837
0.722791,-0.466263,0.63263;0.834343,0.450756,-0.316221,0.0263611
0.72268,-0.456073,0.630662;0.841829,0.441134,-0.309915,0.0260336
0.722779,-0.445705,0.628694;0.849156,0.431428,-0.30355,0.0257011
0.72308,-0.435172,0.626729;0.856324,0.421641,-0.297128,0.0253638
0.723574,-0.424484,0.624766;0.863329,0.411775,-0.29065,0.0250217
0.724252,-0.413654,0.622809;0.870173,0.401831,-0.284117,0.024675
0.725107,-0.402693,0.620858;0.876852,0.391812,-0.277531,0.0243235
0.726129,-0.391614,0.618914;0.883365,0.381718,-0.270892,0.0239675
0.727311,-0.380427,0.616979;0.889713,0.371553,-0.264202,0.0236069
0.728644,-0.369144,0.615054;0.895892,0.361317,-0.257463,0.023242
0.72991,-0.359344,0.613403;0.902438,0.348611,-0.252025,0.023647
0.731353,-0.34896,0.611675;0.910319,0.331498,-0.246608,0.0247507
0.732906,-0.338518,0.609957;0.91785,0.314256,-0.241095,0.0258448
0.734566,-0.328021,0.60825;0.925026,0.296893,-0.23549,0.026929
0.736329,-0.317475,0.606554;0.931846,0.279416,-0.229794,0.0280029
0.738193,-0.306882,0.604871;0.938306,0.261832,-0.22401,0.0290659
0.740154,-0.296248,0.603199;0.944405,0.244146,-0.218139,0.0301177
0.742209,-0.285578,0.601541;0.95014,0.226366,-0.212184,0.0311579
0.744354,-0.274874,0.599895;0.955508,0.208499,-0.206147,0.0321861
0.746587,-0.264142,0.598263;0.960508,0.190551,-0.200031,0.0332019
0.748668,-0.254463,0.596806;0.964691,0.174335,-0.19446,0.0341052
0.750815,-0.244767,0.595361;0.968573,0.158065,-0.188829,0.0349978
0.753025,-0.235058,0.593927;0.972153,0.141745,-0.183138,0.0358795
0.755297,-0.225339,0.592506;0.975429,0.125381,-0.177391,0.03675
0.757626,-0.215614,0.591097;0.9784,0.108978,-0.171588,0.037609
0.760012,-0.205884,0.589701;0.981066,0.0925413,-0.165731,0.0384562
0.762452,-0.196154,0.588317;0.983425,0.0760753,-0.159823,0.0392915
0.764943,-0.186427,0.586947;0.985478,0.0595855,-0.153865,0.0401145
0.767482,-0.176705,0.585591;0.987222,0.0430771,-0.147859,0.0409249
0.770069,-0.166993,0.584249;0.988658,0.0265553,-0.141806,0.0417226
0.7727,-0.157292,0.58292;0.989786,0.0100252,-0.135709,0.0425073
0.775373,-0.147607,0.581606;0.990604,-0.00650804,-0.12957,0.0432786
0.778085,-0.13794,0.580307;0.991113,-0.0230393,-0.123391,0.0440365
0.780834,-0.128294,0.579023;0.991312,-0.0395633,-0.117173,0.0447806
0.783618,-0.118674,0.577755;0.991202,-0.0560749,-0.110918,0.0455107
0.786434,-0.109081,0.576502;0.990782,-0.0725691,-0.104629,0.0462266
0.78928,-0.099519,0.575265;0.990053,-0.0890406,-0.0983065,0.0469281
0.792154,-0.0899913,0.574044;0.989015,-0.105484,-0.0919538,0.0476149
0.795377,-0.0794489,0.572707;0.987499,-0.123716,-0.0848616,0.0483605
0.798627,-0.0689569,0.57139;0.985602,-0.1419,-0.0777368,0.0490876
0.801902,-0.0585196,0.570095;0.983326,-0.16003,-0.0705819,0.0497957
0.805199,-0.0481414,0.568821;0.98067,-0.178098,-0.0633998,0.0504846
0.808513,-0.0378266,0.56757;0.977636,-0.196097,-0.0561933,0.051154
0.811842,-0.0275794,0.566341;0.974225,-0.21402,-0.0489651,0.0518037
0.815183,-0.0174044,0.565134;0.970438,-0.231861,-0.041718,0.0524335
0.818532,-0.00730566,0.563951;0.966278,-0.249613,-0.0344549,0.053043
0.821886,0.00271234,0.562791;0.961745,-0.267268,-0.0271784,0.0536321
0.825242,0.0126453,0.561655;0.956841,-0.28482,-0.0198915,0.0542005
0.828596,0.0224889,0.560544;0.951568,-0.302263,-0.0125969,0.054748
0.831945,0.0322389,0.559458;0.945928,-0.319589,-0.00529749,0.0552744
0.835286,0.0418908,0.558396;0.939923,-0.336792,0.00200399,0.0557794
0.838616,0.0514404,0.557361;0.933557,-0.353865,0.0093047,0.056263
0.841931,0.0608833,0.556351;0.92683,-0.370801,0.0166018,0.0567249
0.845557,0.0711422,0.55527;0.919018,-0.389266,0.0246212,0.0572077
0.849157,0.081261,0.554223;0.910777,-0.407549,0.032629,0.0576638
0.852727,0.0912339,0.553208;0.902111,-0.425642,0.0406216,0.058093
0.856262,0.101055,0.552227;0.893024,-0.443536,0.0485953,0.0584951
0.859758,0.110719,0.551279;0.883521,-0.461224,0.0565463,0.05887
0.863172,0.120112,0.550377;0.872183,-0.481864,0.0595274,0.0596622
0.866628,0.129582,0.549487;0.855502,-0.511747,0.0493148,0.0616387
0.870256,0.139479,0.548578;0.836503,-0.542899,0.0383522,0.0636601
0.873821,0.149155,0.547715;0.816286,-0.57326,0.0273337,0.0655887
0.877318,0.158597,0.546897;0.794881,-0.602788,0.0162754,0.0674219
0.880955,0.168361,0.546079;0.770871,-0.633198,0.00450037,0.0692621
0.884506,0.177834,0.545318;0.745595,-0.662568,-0.00728204,0.0709884
0.888166,0.187531,0.544574;0.717497,-0.692477,-0.0197441,0.0726891
0.891717,0.19687,0.543896;0.688077,-0.721111,-0.0321698,0.0742559
0.895341,0.206321,0.543255;0.655648,-0.749894,-0.045221,0.0757612
0.899011,0.215796,0.542665;0.62006,-0.778527,-0.0588583,0.0771777
0.902695,0.225197,0.542144;0.581177,-0.806685,-0.0730329,0.0784761
0.906521,0.23482,0.541691;0.536922,-0.835202,-0.0883461,0.0796723
0.910415,0.244441,0.541345;0.486991,-0.863346,-0.104688,0.0807005
0.914296,0.253801,0.541148;0.431128,-0.890294,-0.121918,0.0814889
0.918308,0.263155,0.541158;0.3648,-0.916678,-0.141073,0.0819775
0.922438,0.272257,0.541515;0.283058,-0.941603,-0.162917,0.0819743
0.927003,0.28111,0.542719;0.162293,-0.964507,-0.19196,0.0808598
0.930779,0.281709,0.54824;-0.101351,-0.961823,-0.243136,0.0742255
0.929427,0.272498,0.552336;-0.223642,-0.936445,-0.261273,0.0692239
0.92741,0.263115,0.555508;-0.300336,-0.912263,-0.270729,0.065428
0.925135,0.25364,0.558341;-0.359858,-0.88878,-0.276974,0.0621061
0.922754,0.244275,0.560936;-0.391271,-0.875204,-0.276318,0.0676326
0.920225,0.234668,0.563461;-0.40336,-0.870333,-0.270824,0.0804664
0.917643,0.225069,0.565889;-0.414223,-0.86563,-0.265743,0.092108
0.914808,0.214691,0.568436;-0.424961,-0.860666,-0.260583,0.103722
0.912056,0.204723,0.570822;-0.434516,-0.855977,-0.255871,0.114148
0.909126,0.194191,0.573294;-0.443965,-0.851078,-0.251097,0.124546
0.906382,0.184384,0.575557;-0.452272,-0.84655,-0.246802,0.133763
0.903517,0.174179,0.577879;-0.460493,-0.841857,-0.242459,0.142954
0.90054,0.163601,0.580255;-0.468625,-0.837003,-0.238069,0.152118
0.89785,0.154057,0.582377;-0.475666,-0.832623,-0.23419,0.160113
0.895087,0.144258,0.584535;-0.482637,-0.82812,-0.230277,0.168083
0.892256,0.134221,0.586727;-0.489537,-0.823494,-0.22633,0.176029
0.889364,0.12396,0.58895;-0.496364,-0.818747,-0.222349,0.183949
0.886416,0.113491,0.591202;-0.503118,-0.813879,-0.218336,0.191842
0.883419,0.102828,0.59348;-0.509798,-0.80889,-0.21429,0.199706
0.880379,0.0919879,0.595782;-0.516402,-0.803783,-0.210213,0.207541
0.877302,0.0809843,0.598105;-0.52293,-0.798556,-0.206104,0.215345
0.874638,0.0714344,0.600111;-0.528464,-0.793982,-0.202558,0.222009
0.871956,0.0617855,0.602129;-0.533941,-0.789322,-0.198991,0.228649
0.869258,0.052047,0.604158;-0.53936,-0.784577,-0.195401,0.235264
0.866548,0.0422285,0.606195;-0.54472,-0.779746,-0.191791,0.241854
0.86383,0.0323395,0.60824;-0.550021,-0.77483,-0.188159,0.248417
0.861108,0.0223896,0.61029;-0.555262,-0.769831,-0.184507,0.254954
0.858385,0.0123882,0.612344;-0.560443,-0.764748,-0.180836,0.261462
0.855665,0.00234501,0.614401;-0.565564,-0.759582,-0.177144,0.267943
0.852953,-0.00773055,0.616458;-0.570623,-0.754333,-0.173433,0.274394
0.850251,-0.0178289,0.618515;-0.57562,-0.749003,-0.169704,0.280815
0.847564,-0.0279405,0.620569;-0.580554,-0.743591,-0.165956,0.287206
0.844895,-0.0380559,0.622619;-0.585426,-0.738099,-0.16219,0.293566
0.842248,-0.0481654,0.624664;-0.590234,-0.732526,-0.158406,0.299894
0.839627,-0.0582597,0.626701;-0.594978,-0.726874,-0.154606,0.30619
0.837036,-0.068329,0.628729;-0.599657,-0.721144,-0.150788,0.312452
0.834478,-0.078364,0.630747;-0.604271,-0.715335,-0.146954,0.31868
0.831957,-0.088355,0.632753;-0.60882,-0.709448,-0.143104,0.324874
0.829477,-0.0982925,0.634745;-0.613303,-0.703484,-0.139239,0.331032
0.827041,-0.108167,0.636722;-0.617719,-0.697444,-0.135359,0.337155
0.824654,-0.117969,0.638681;-0.622068,-0.691328,-0.131463,0.343241
0.822319,-0.127689,0.640623;-0.62635,-0.685137,-0.127554,0.349289
0.82004,-0.137317,0.642544;-0.630563,-0.678872,-0.123631,0.3553
0.817457,-0.148422,0.644758;-0.635392,-0.67147,-0.119037,0.362264
0.814962,-0.159373,0.646939;-0.640128,-0.663968,-0.114425,0.369174
0.812559,-0.170157,0.649086;-0.644769,-0.656369,-0.109796,0.37603
0.810256,-0.180758,0.651196;-0.649314,-0.648672,-0.105152,0.38283
0.808057,-0.19116,0.653266;-0.653764,-0.640879,-0.100491,0.389574
0.80597,-0.201349,0.655293;-0.658117,-0.632992,-0.0958161,0.39626
0.804,-0.21131,0.657276;-0.662373,-0.625012,-0.0911267,0.402887
0.802154,-0.221026,0.659211;-0.666531,-0.616939,-0.086424,0.409455
0.800201,-0.231814,0.661361;-0.671163,-0.607601,-0.0810338,0.416888
0.798446,-0.242122,0.663418;-0.67688,-0.597627,-0.0766126,0.422855
0.796793,-0.252563,0.665506;-0.69517,-0.580612,-0.0811047,0.415992
0.795332,-0.262592,0.667514;-0.71298,-0.563196,-0.0855407,0.408843
0.793951,-0.273064,0.669616;-0.731847,-0.543752,-0.0903124,0.400721
0.79278,-0.283046,0.671625;-0.750111,-0.523862,-0.0950098,0.392269
0.79174,-0.293308,0.673696;-0.769201,-0.501828,-0.10001,0.382749
0.790872,-0.303717,0.675804;-0.788928,-0.477557,-0.105287,0.372084
0.790215,-0.31413,0.677921;-0.809083,-0.450961,-0.11081,0.360195
0.789806,-0.324395,0.680018;-0.829435,-0.421953,-0.116544,0.347004
0.789678,-0.334349,0.682065;-0.849728,-0.390457,-0.12245,0.332432
0.789876,-0.344311,0.684131;-0.870748,-0.354495,-0.12881,0.315497
0.790509,-0.354316,0.68623;-0.892841,-0.311947,-0.135843,0.295079
0.791741,-0.36402,0.688306;-0.915763,-0.26056,-0.143668,0.2699
0.794144,-0.373667,0.690457;-0.941648,-0.18779,-0.15358,0.233339
0.800545,-0.379727,0.692237;-0.972598,-0.0365408,-0.170124,0.154197
0.806044,-0.371414,0.691147;-0.976041,0.0867296,-0.179738,0.0866931
0.808799,-0.361617,0.689551;-0.969504,0.155082,-0.183568,0.0480986
0.810582,-0.351736,0.687871;-0.960535,0.206245,-0.185711,0.0186482
0.811809,-0.3418,0.686146;-0.950348,0.248661,-0.186999,-0.00614592
