1.01961,-0.273129,0.531325;0.258734,0.926868,0.229995,0.145171
1.00274,-0.275842,0.527353;0.259344,0.927594,0.227066,0.144054
0.986247,-0.278502,0.52347;0.259952,0.928309,0.224135,0.142935
0.970142,-0.281109,0.519674;0.260556,0.929015,0.221201,0.141815
0.954416,-0.283664,0.515966;0.261158,0.929711,0.218265,0.140693
0.939065,-0.286168,0.512344;0.261757,0.930396,0.215327,0.13957
0.924087,-0.288621,0.508807;0.262353,0.931072,0.212386,0.138445
0.909478,-0.291022,0.505355;0.262947,0.931738,0.209444,0.137319
0.895234,-0.293374,0.501988;0.263537,0.932394,0.206498,0.136191
0.881352,-0.295676,0.498703;0.264125,0.93304,0.203551,0.135062
0.867828,-0.297928,0.4955;0.26471,0.933676,0.200602,0.133931
0.854659,-0.300131,0.49238;0.265292,0.934301,0.19765,0.132799
0.841842,-0.302285,0.48934;0.265871,0.934917,0.194696,0.131666
0.829373,-0.304391,0.486379;0.266448,0.935523,0.19174,0.130531
0.817248,-0.30645,0.483499;0.267021,0.936119,0.188782,0.129394
0.805464,-0.308461,0.480696;0.267592,0.936704,0.185822,0.128257
0.794018,-0.310425,0.477971;0.26816,0.93728,0.18286,0.127118
0.782906,-0.312343,0.475323;0.268725,0.937845,0.179897,0.125977
0.772124,-0.314214,0.472752;0.269287,0.938401,0.176931,0.124835
0.76167,-0.31604,0.470255;0.269846,0.938946,0.173963,0.123692
0.751539,-0.31782,0.467833;0.270402,0.939482,0.170993,0.122548
0.741728,-0.319555,0.465484;0.270955,0.940007,0.168022,0.121402
0.727605,-0.322076,0.462098;0.27178,0.940776,0.163561,0.119681
0.714183,-0.324497,0.458873;0.272598,0.941523,0.159097,0.117957
0.701449,-0.326821,0.455807;0.273409,0.942246,0.154629,0.11623
0.689393,-0.329049,0.452896;0.274214,0.942947,0.150157,0.1145
0.678003,-0.331183,0.45014;0.275012,0.943625,0.145681,0.112768
0.667267,-0.333225,0.447533;0.275804,0.944281,0.141202,0.111033
0.657173,-0.335174,0.445075;0.276589,0.944913,0.136719,0.109295
0.644693,-0.337633,0.442023;0.277625,0.945721,0.130737,0.106974
0.633306,-0.339936,0.439223;0.278649,0.946489,0.12475,0.104648
0.622984,-0.342084,0.436669;0.279662,0.947216,0.118757,0.102318
0.611538,-0.34456,0.433813;0.28091,0.948067,0.111259,0.0993987
0.601659,-0.346806,0.431318;0.28214,0.948855,0.103753,0.096473
0.591795,-0.349211,0.428785;0.283591,0.949716,0.0947372,0.0929537
0.581869,-0.351939,0.426154;0.285482,0.950722,0.0827019,0.0882474
0.572745,-0.355478,0.423459;0.288674,0.95209,0.0616072,0.0799754
0.580031,-0.358308,0.424083;0.294199,0.953303,0.0223539,0.0645049
0.589919,-0.358259,0.425975;0.296183,0.953309,0.00724177,0.0585221
0.600204,-0.357819,0.428046;0.297712,0.95313,-0.00484951,0.0537245
0.610745,-0.357165,0.430221;0.299009,0.95284,-0.0154288,0.0495189
0.620808,-0.35642,0.432328;0.300089,0.952491,-0.0244951,0.045909
0.631719,-0.355515,0.434637;0.30114,0.95205,-0.0335591,0.0422946
0.643385,-0.354462,0.437125;0.302162,0.951518,-0.0426199,0.0386762
0.653616,-0.35348,0.439322;0.302992,0.951004,-0.0501674,0.0356579
0.664252,-0.35241,0.441616;0.303801,0.950426,-0.0577116,0.0326373
0.675238,-0.351257,0.443995;0.30459,0.949784,-0.0652519,0.0296145
0.686521,-0.350029,0.446449;0.305358,0.949079,-0.0727879,0.0265897
0.696824,-0.348872,0.448696;0.289879,0.953663,-0.0744638,0.0308737
0.707218,-0.347673,0.450969;0.270238,0.959174,-0.0747938,0.0369128
0.717758,-0.346427,0.453281;0.250476,0.964251,-0.0750899,0.0429351
0.728423,-0.345138,0.455625;0.230599,0.968892,-0.0753521,0.0489381
0.739193,-0.343809,0.457998;0.210619,0.973094,-0.0755801,0.0549188
0.748958,-0.342582,0.460154;0.192554,0.976499,-0.0757561,0.0602803
0.758777,-0.341329,0.462326;0.17442,0.979546,-0.0759043,0.0656198
0.768633,-0.340051,0.46451;0.156221,0.982234,-0.0760246,0.0709351
0.778512,-0.338752,0.466704;0.137964,0.984562,-0.0761171,0.0762244
0.788399,-0.337434,0.468903;0.119658,0.986528,-0.0761817,0.0814858
0.798279,-0.3361,0.471103;0.101307,0.988133,-0.0762183,0.0867173
0.808137,-0.334752,0.473303;0.0829193,0.989376,-0.076227,0.091917
0.817957,-0.333393,0.475498;0.0645011,0.990256,-0.0762077,0.097083
0.827726,-0.332026,0.477685;0.0460592,0.990773,-0.0761605,0.102213
0.837427,-0.330653,0.47986;0.0276005,0.990926,-0.0760853,0.107306
0.848108,-0.329124,0.482259;0.00707921,0.99067,-0.0759691,0.112919
0.858668,-0.327594,0.484634;-0.0134453,0.989966,-0.0758185,0.11848
0.869085,-0.326068,0.486982;-0.0339637,0.988814,-0.0756336,0.123988
0.879338,-0.324548,0.489297;-0.0544667,0.987214,-0.0754144,0.12944
0.889407,-0.323039,0.491575;-0.0749451,0.985167,-0.0751611,0.134833
0.899271,-0.321544,0.493811;-0.0953895,0.982674,-0.0748738,0.140165
0.909861,-0.31992,0.496216;-0.117828,0.979418,-0.0745186,0.145957
0.920151,-0.318321,0.498558;-0.140202,0.975626,-0.0741226,0.151669
0.930113,-0.316753,0.500831;-0.1625,0.971299,-0.0736859,0.157298
0.940575,-0.315084,0.503225;-0.186722,0.965972,-0.0731636,0.16334
0.950579,-0.313463,0.505521;-0.210823,0.960016,-0.0725935,0.169275
0.960858,-0.311768,0.507888;-0.236776,0.952856,-0.0719226,0.175581
0.970512,-0.310146,0.510121;-0.262548,0.944968,-0.0711967,0.181753
0.980159,-0.308488,0.512363;-0.290078,0.935665,-0.070354,0.188243
0.990159,-0.306719,0.514703;-0.321224,0.924017,-0.0693145,0.195456
1,-0.304907,0.517028;-0.355816,0.909634,-0.0680491,0.203299
1.00984,-0.302977,0.519391;-0.397382,0.890245,-0.0663672,0.212479
1.01942,-0.300805,0.521789;-0.456263,0.858573,-0.0636624,0.224996
1.01665,-0.299261,0.521832;-0.583838,0.770414,-0.0563043,0.24985
1.00636,-0.300042,0.519784;-0.605005,0.751875,-0.0781853,0.250081
0.996096,-0.300983,0.517676;-0.619815,0.73789,-0.0939281,0.250051
0.985775,-0.301975,0.515527;-0.632026,0.725675,-0.107201,0.249895
0.975228,-0.303001,0.513315;-0.642867,0.714271,-0.119223,0.249651
0.964887,-0.304002,0.511135;-0.652408,0.703768,-0.130003,0.249347
0.955092,-0.304937,0.509062;-0.660715,0.694244,-0.13955,0.249011
0.944791,-0.305899,0.506876;-0.668857,0.684546,-0.149063,0.248612
0.934045,-0.306875,0.504591;-0.676831,0.674676,-0.158538,0.248151
0.922913,-0.307852,0.502218;-0.684634,0.664636,-0.167974,0.247627
0.912903,-0.308694,0.500082;-0.691322,0.655715,-0.176195,0.247118
0.902683,-0.309517,0.497898;-0.697876,0.646668,-0.184383,0.246562
0.892294,-0.310311,0.495675;-0.704297,0.637496,-0.192535,0.245958
0.881776,-0.311065,0.493422;-0.710582,0.628202,-0.20065,0.245307
0.871168,-0.311771,0.491148;-0.71673,0.618787,-0.208727,0.244608
0.860511,-0.31242,0.488862;-0.722741,0.609253,-0.216763,0.243863
0.849844,-0.313002,0.486573;-0.728613,0.599602,-0.224758,0.243071
0.839209,-0.313508,0.484289;-0.734345,0.589836,-0.23271,0.242232
0.828644,-0.313928,0.48202;-0.739936,0.579957,-0.240617,0.241346
0.81819,-0.314253,0.479773;-0.745385,0.569966,-0.248478,0.240415
0.807888,-0.314474,0.477558;-0.75069,0.559866,-0.256291,0.239437
0.797776,-0.314581,0.475384;-0.755851,0.549658,-0.264054,0.238413
0.787896,-0.314565,0.47326;-0.760867,0.539344,-0.271767,0.237343
0.776938,-0.314385,0.470904;-0.76642,0.527431,-0.280518,0.236064
0.766395,-0.314017,0.468638;-0.771781,0.515384,-0.289199,0.234726
0.756325,-0.313449,0.466474;-0.776949,0.503209,-0.297806,0.23333
0.745638,-0.312553,0.464178;-0.782529,0.489361,-0.307401,0.231688
0.735711,-0.311365,0.462048;-0.78786,0.475357,-0.316897,0.229974
0.725677,-0.309679,0.459898;-0.793491,0.459621,-0.327331,0.227983
0.715985,-0.307348,0.457825;-0.799324,0.442102,-0.33866,0.225689
0.706555,-0.3039,0.455818;-0.80573,0.421129,-0.351841,0.222841
0.698319,-0.298544,0.454082;-0.81288,0.394935,-0.367742,0.219133
0.69391,-0.289474,0.453203;-0.821024,0.359957,-0.38805,0.213932
0.696666,-0.27968,0.453879;-0.826876,0.329478,-0.404924,0.20918
0.702493,-0.27164,0.455205;-0.819581,0.369766,-0.380523,0.216245
0.709787,-0.264137,0.456843;-0.811658,0.404208,-0.358534,0.221991
0.717444,-0.257389,0.458554;-0.803874,0.432661,-0.339524,0.226526
0.725179,-0.2512,0.460277;-0.796237,0.457115,-0.322541,0.230262
0.73315,-0.245244,0.462048;-0.788462,0.479429,-0.306493,0.233533
0.741814,-0.239112,0.46397;-0.780035,0.501348,-0.290193,0.236611
0.750369,-0.233317,0.465865;-0.771683,0.521212,-0.274933,0.239279
0.758636,-0.227909,0.467694;-0.76355,0.5391,-0.260774,0.241576
0.767268,-0.222424,0.469602;-0.754966,0.556668,-0.246461,0.243731
0.776227,-0.216877,0.47158;-0.745934,0.573907,-0.232002,0.245741
0.785471,-0.211283,0.47362;-0.736461,0.590806,-0.217406,0.247606
0.79409,-0.20617,0.47552;-0.72747,0.605866,-0.204024,0.249174
0.802882,-0.201042,0.477457;-0.718124,0.620629,-0.190543,0.250621
0.811818,-0.195911,0.479424;-0.708427,0.635089,-0.176969,0.251944
0.820867,-0.190787,0.481415;-0.698383,0.649238,-0.163308,0.253145
0.83,-0.185682,0.483423;-0.687997,0.663069,-0.149568,0.254221
0.839187,-0.180607,0.485441;-0.677275,0.676576,-0.135754,0.255174
0.848398,-0.175574,0.487463;-0.666222,0.689753,-0.121873,0.256001
0.857604,-0.170594,0.489481;-0.654843,0.702592,-0.107934,0.256703
0.866773,-0.165677,0.491491;-0.643143,0.715087,-0.093941,0.25728
0.875877,-0.160836,0.493484;-0.631129,0.727232,-0.0799024,0.257731
0.884885,-0.156082,0.495455;-0.618806,0.739022,-0.0658247,0.258056
0.893767,-0.151426,0.497396;-0.606181,0.75045,-0.0517148,0.258254
0.902494,-0.146878,0.499302;-0.593259,0.761511,-0.0375796,0.258327
0.911879,-0.142016,0.501348;-0.578709,0.773248,-0.02201,0.25826
0.920999,-0.137314,0.503335;-0.563818,0.784527,-0.00642731,0.258041
0.929816,-0.132789,0.505252;-0.548592,0.795342,0.00915917,0.257669
0.939041,-0.12807,0.507254;-0.531613,0.806603,0.0261561,0.257089
0.947805,-0.123597,0.509152;-0.514259,0.817296,0.0431346,0.256328
0.956719,-0.119053,0.511078;-0.495051,0.82823,0.0614934,0.2553
0.965572,-0.114537,0.512983;-0.473908,0.839239,0.081207,0.253957
0.974637,-0.109895,0.514924;-0.449189,0.850836,0.10364,0.252124
0.983781,-0.105161,0.516865;-0.419107,0.863222,0.130109,0.249538
0.992513,-0.100506,0.518685;-0.380059,0.876686,0.16321,0.245641
0.997078,-0.0965445,0.519343;-0.267497,0.90089,0.251589,0.231399
0.987563,-0.0998432,0.517049;-0.212512,0.905661,0.291365,0.222988
0.978114,-0.103463,0.514842;-0.18011,0.906479,0.313843,0.217621
0.968629,-0.107196,0.51265;-0.154708,0.906122,0.330985,0.213207
0.959132,-0.110988,0.510467;-0.140011,0.908679,0.332743,0.209717
0.949976,-0.114676,0.508371;-0.131879,0.912931,0.326097,0.206944
0.939899,-0.118765,0.506069;-0.123729,0.917058,0.319407,0.204143
0.928963,-0.123234,0.503576;-0.115562,0.921061,0.312673,0.201314
0.919236,-0.127232,0.501362;-0.108744,0.924301,0.307029,0.198936
0.90899,-0.131468,0.499032;-0.101916,0.927453,0.301357,0.196539
0.89826,-0.135927,0.496594;-0.0950782,0.930518,0.295655,0.194124
0.887081,-0.140599,0.494056;-0.0882316,0.933495,0.289926,0.19169
0.877838,-0.14448,0.491959;-0.0827482,0.935813,0.285323,0.18973
0.868348,-0.148483,0.489807;-0.0772598,0.938075,0.280702,0.187758
0.858629,-0.152601,0.487604;-0.0717667,0.940279,0.276065,0.185775
0.8487,-0.156828,0.485354;-0.0662693,0.942427,0.271411,0.183781
0.838578,-0.161158,0.483061;-0.0607679,0.944518,0.26674,0.181775
0.828281,-0.165583,0.480729;-0.0552628,0.946552,0.262054,0.179759
0.817827,-0.170098,0.478362;-0.0497544,0.948528,0.257351,0.177732
0.807235,-0.174697,0.475964;-0.044243,0.950448,0.252633,0.175694
0.796522,-0.179374,0.47354;-0.0387289,0.952309,0.2479,0.173645
0.785706,-0.184121,0.471092;-0.0332124,0.954113,0.243151,0.171586
0.774806,-0.188933,0.468626;-0.027694,0.95586,0.238388,0.169517
0.763839,-0.193803,0.466144;-0.0221738,0.957548,0.233611,0.167437
0.752824,-0.198725,0.463652;-0.0166524,0.959179,0.228819,0.165347
0.741778,-0.203693,0.461153;-0.0111299,0.960752,0.224014,0.163248
0.73072,-0.2087,0.458651;-0.00560672,0.962266,0.219195,0.161138
0.719667,-0.21374,0.456151;-8.32215e-05,0.963723,0.214363,0.159018
0.708638,-0.218807,0.453655;0.00544028,0.965121,0.209518,0.156889
0.69765,-0.223894,0.451169;0.0109634,0.966461,0.20466,0.154751
0.686722,-0.228996,0.448696;0.016486,0.967742,0.199789,0.152603
0.675872,-0.234105,0.44624;0.0220075,0.968965,0.194907,0.150446
0.665117,-0.239216,0.443806;0.0275276,0.970129,0.190013,0.148279
0.654477,-0.244322,0.441397;0.0330462,0.971235,0.185108,0.146104
0.643967,-0.249417,0.439017;0.0385627,0.972281,0.180191,0.14392
0.633608,-0.254495,0.43667;0.0440769,0.973269,0.175263,0.141727
0.623417,-0.259548,0.434361;0.0495884,0.974199,0.170325,0.139526
0.613411,-0.264572,0.432093;0.0550969,0.975069,0.165376,0.137316
0.603609,-0.26956,0.429871;0.0606021,0.97588,0.160418,0.135098
0.594029,-0.274504,0.427698;0.0661036,0.976632,0.155449,0.132872
0.584689,-0.2794,0.425578;0.0716011,0.977326,0.150472,0.130638
0.575607,-0.28424,0.423515;0.0770943,0.97796,0.145485,0.128396
0.566801,-0.289019,0.421514;0.0825829,0.978535,0.140489,0.126146
0.556209,-0.294896,0.419106;0.0894365,0.97917,0.134233,0.123323
0.546112,-0.300655,0.416807;0.0962816,0.979713,0.127964,0.120488
0.536544,-0.306283,0.414626;0.103118,0.980163,0.121683,0.117642
0.527541,-0.311768,0.412571;0.109944,0.980521,0.11539,0.114785
0.519139,-0.317097,0.41065;0.11676,0.980786,0.109087,0.111916
0.509898,-0.32327,0.408531;0.124924,0.980982,0.101509,0.108461
0.501633,-0.329179,0.40663;0.133072,0.981045,0.0939172,0.10499
0.493305,-0.335713,0.404705;0.142554,0.980949,0.0850442,0.100923
0.485639,-0.342664,0.402916;0.153359,0.980617,0.0748845,0.0962528
0.479046,-0.350502,0.401346;0.166812,0.979868,0.0621596,0.0903819
0.475964,-0.360287,0.400506;0.186873,0.978051,0.0430298,0.0815121
0.482636,-0.367779,0.401828;0.208095,0.975195,0.0225848,0.0719748
0.492527,-0.370743,0.403927;0.221257,0.972932,0.00979426,0.065978
0.502254,-0.371967,0.406021;0.230422,0.971128,0.000838408,0.0617653
0.512513,-0.372428,0.408243;0.238243,0.969439,-0.00683822,0.0581453
0.522463,-0.372382,0.410407;0.244736,0.967931,-0.0132347,0.0551225
0.533725,-0.371932,0.412862;0.251206,0.966331,-0.01963,0.0520946
0.543703,-0.371272,0.415042;0.256365,0.964986,-0.0247449,0.0496686
0.55456,-0.370339,0.417418;0.261509,0.963582,-0.0298583,0.0472397
0.566315,-0.369127,0.419994;0.266636,0.96212,-0.03497,0.0448079
0.578986,-0.367629,0.422774;0.271748,0.960599,-0.0400795,0.0423734
0.589102,-0.366314,0.424995;0.275571,0.959421,-0.04391,0.0405459
0.59975,-0.364833,0.427335;0.279384,0.95821,-0.0477391,0.0387169
0.610939,-0.363182,0.429795;0.283188,0.956966,-0.0515665,0.0368867
0.622676,-0.361358,0.432377;0.286982,0.95569,-0.0553922,0.0350551
0.634969,-0.35936,0.435083;0.290767,0.954382,-0.059216,0.0332224
0.647826,-0.357184,0.437914;0.294542,0.95304,-0.0630377,0.0313886
0.661253,-0.354828,0.440873;0.298306,0.951667,-0.0668574,0.0295537
0.675259,-0.352289,0.44396;0.302061,0.950261,-0.0706747,0.0277178
0.684922,-0.350493,0.44609;0.304558,0.949306,-0.0732183,0.0264933
