0.90973,-0.11539,0.28636;0.658675,-0.575797,-0.17814,0.450412
0.911591,-0.119318,0.295492;0.658394,-0.583172,-0.174358,0.442749
0.913834,-0.123842,0.306079;0.657946,-0.591924,-0.169789,0.433481
0.916087,-0.128162,0.316266;0.657377,-0.600566,-0.165189,0.424132
0.918349,-0.132281,0.326058;0.656688,-0.609099,-0.160559,0.414706
0.920618,-0.136201,0.335463;0.655877,-0.61752,-0.155899,0.405203
0.922893,-0.139925,0.344487;0.654947,-0.625827,-0.151211,0.395626
0.925554,-0.144025,0.354541;0.653709,-0.635374,-0.145707,0.384362
0.92822,-0.147865,0.364095;0.652309,-0.644762,-0.140166,0.373001
0.930891,-0.151451,0.373157;0.650745,-0.653988,-0.134589,0.361547
0.933944,-0.155242,0.382927;0.648758,-0.664333,-0.128176,0.348346
0.936998,-0.158711,0.392083;0.64656,-0.674461,-0.12172,0.335032
0.94043,-0.162238,0.401669;0.643835,-0.685592,-0.11441,0.319923
0.944235,-0.165698,0.411459;0.640496,-0.697627,-0.106233,0.30298
0.948026,-0.168689,0.420368;0.636829,-0.709306,-0.0980012,0.285883
0.952174,-0.171452,0.429187;0.632422,-0.721735,-0.0888889,0.266908
0.957037,-0.174024,0.438335;0.62671,-0.73585,-0.0780496,0.244272
0.962215,-0.175986,0.446711;0.619954,-0.75034,-0.0663015,0.21966
0.9684,-0.177287,0.454939;0.610919,-0.766926,-0.0519481,0.189481
0.9755,-0.177376,0.46207;0.599138,-0.784991,-0.0349652,0.153622
0.984049,-0.175437,0.467448;0.582697,-0.805317,-0.0136405,0.108366
0.992788,-0.170987,0.469329;0.562856,-0.824385,0.00943705,0.0591069
1.00063,-0.164609,0.467806;0.541773,-0.839851,0.0316277,0.0114621
1.00702,-0.157427,0.464145;0.521563,-0.851123,0.0511695,-0.0307235
1.01211,-0.150127,0.459482;0.502844,-0.859058,0.068052,-0.0673432
1.01651,-0.142376,0.453999;0.484111,-0.864975,0.0839624,-0.102006
1.02005,-0.134836,0.44839;0.466593,-0.86892,0.0980678,-0.132863
1.0232,-0.126787,0.442263;0.448387,-0.871584,0.112029,-0.163524
1.02578,-0.118801,0.436151;0.430649,-0.872918,0.125018,-0.192162
1.02783,-0.110995,0.430226;0.413508,-0.873134,0.137048,-0.218783
1.02953,-0.102891,0.424181;0.382896,-0.88572,0.121364,-0.232727
1.03083,-0.094794,0.41828;0.34968,-0.899234,0.0999399,-0.243132
1.03176,-0.0864999,0.412391;0.315817,-0.911082,0.0783304,-0.253087
1.03233,-0.0780343,0.40656;0.281368,-0.921242,0.0565757,-0.262573
1.03253,-0.069423,0.400831;0.246398,-0.929694,0.0347162,-0.271573
1.03236,-0.060692,0.395247;0.210971,-0.936424,0.0127924,-0.280069
1.03181,-0.0518671,0.389853;0.175153,-0.941418,-0.00915515,-0.288046
1.03087,-0.0429741,0.384694;0.139011,-0.944667,-0.0310857,-0.29549
1.02954,-0.034039,0.379813;0.102611,-0.946166,-0.0529587,-0.302385
1.02781,-0.0250877,0.375255;0.0660204,-0.945911,-0.0747335,-0.308721
1.02568,-0.016146,0.371064;0.0293078,-0.943903,-0.0963698,-0.314484
1.02315,-0.00723982,0.367285;-0.00745899,-0.940147,-0.117828,-0.319664
1.02003,0.00206829,0.363799;-0.0461447,-0.93431,-0.140178,-0.324477
1.01646,0.0112782,0.36087;-0.0847356,-0.926555,-0.162241,-0.328624
1.01241,0.0203597,0.358549;-0.123153,-0.916897,-0.18397,-0.332096
1.00788,0.0292827,0.356887;-0.161317,-0.905357,-0.205322,-0.334886
1.00288,0.0380168,0.355937;-0.19915,-0.891958,-0.226252,-0.336988
0.997384,0.046532,0.355749;-0.236573,-0.876727,-0.246717,-0.338399
0.991396,0.0547981,0.356376;-0.273512,-0.859696,-0.266676,-0.339114
0.984906,0.0627849,0.357869;-0.309888,-0.840899,-0.286088,-0.339133
0.978271,0.0700861,0.360136;-0.343858,-0.821443,-0.303985,-0.338507
0.971172,0.0770821,0.363276;-0.37719,-0.800464,-0.321319,-0.337252
0.964016,0.0834049,0.367095;-0.408124,-0.77922,-0.337192,-0.335488
0.956866,0.0890837,0.371492;-0.436717,-0.757966,-0.351668,-0.333309
0.949333,0.0944594,0.376688;-0.464662,-0.735588,-0.365623,-0.330635
0.941891,0.0992252,0.382336;-0.490334,-0.713528,-0.378262,-0.327671
0.933682,0.103919,0.389104;-0.505872,-0.701244,-0.386195,-0.321253
0.926637,0.107546,0.395307;-0.51123,-0.69893,-0.389341,-0.313933
0.91937,0.11097,0.402027;-0.516538,-0.696548,-0.39245,-0.306582
0.911906,0.114207,0.409224;-0.521796,-0.694098,-0.39552,-0.299202
0.904269,0.117274,0.416858;-0.527003,-0.69158,-0.398551,-0.291792
0.896484,0.120189,0.42489;-0.532158,-0.688994,-0.401544,-0.284354
0.888575,0.122968,0.433277;-0.537262,-0.686342,-0.404498,-0.276888
0.881907,0.125193,0.44051;-0.541474,-0.68408,-0.406929,-0.270645
0.875184,0.127346,0.447939;-0.545651,-0.681772,-0.409332,-0.264385
0.86842,0.129436,0.455542;-0.54979,-0.679418,-0.411708,-0.258106
0.86163,0.131473,0.463294;-0.553892,-0.677018,-0.414056,-0.25181
0.854826,0.133467,0.471173;-0.557956,-0.674572,-0.416376,-0.245497
0.848024,0.135429,0.479154;-0.561983,-0.67208,-0.418668,-0.239167
0.841238,0.137367,0.487216;-0.565972,-0.669543,-0.420931,-0.232821
0.834481,0.139293,0.495334;-0.569922,-0.66696,-0.423166,-0.22646
0.827768,0.141215,0.503485;-0.573834,-0.664332,-0.425372,-0.220083
0.821114,0.143143,0.511647;-0.577706,-0.661659,-0.427549,-0.213691
0.814531,0.145088,0.519795;-0.58154,-0.658942,-0.429698,-0.207284
0.808034,0.14706,0.527907;-0.585334,-0.656179,-0.431817,-0.200864
0.801637,0.149067,0.535958;-0.589089,-0.653373,-0.433907,-0.19443
0.795355,0.151121,0.543927;-0.592804,-0.650522,-0.435968,-0.187982
0.789201,0.153231,0.551789;-0.596478,-0.647627,-0.437999,-0.181522
0.78319,0.155406,0.559521;-0.600112,-0.644688,-0.44,-0.17505
0.776185,0.158118,0.568596;-0.60442,-0.641103,-0.442363,-0.167268
0.76943,0.160955,0.57741;-0.608668,-0.637457,-0.444682,-0.159469
0.762949,0.163936,0.585923;-0.612857,-0.633748,-0.446958,-0.151655
0.756767,0.167076,0.594095;-0.616986,-0.629977,-0.44919,-0.143826
0.750909,0.170394,0.601885;-0.621055,-0.626144,-0.451378,-0.135983
0.744515,0.174512,0.610438;-0.625726,-0.621596,-0.453876,-0.126816
0.738632,0.178921,0.618354;-0.630313,-0.616965,-0.456313,-0.117632
0.733301,0.183649,0.625567;-0.634817,-0.612253,-0.45869,-0.108433
0.727932,0.189478,0.63287;-0.639861,-0.606767,-0.461331,-0.0979014
0.722883,0.196625,0.639772;-0.645403,-0.600471,-0.464207,-0.0860336
0.718964,0.204452,0.645151;-0.650803,-0.594042,-0.466982,-0.074147
0.716035,0.214017,0.649178;-0.656636,-0.586746,-0.469944,-0.0609206
0.714739,0.224064,0.65094;-0.665669,-0.576852,-0.470469,-0.052779
0.7149,0.234372,0.650668;-0.695299,-0.549895,-0.457116,-0.0722477
0.716131,0.24431,0.648909;-0.720814,-0.52448,-0.444182,-0.0897288
0.718176,0.254172,0.646028;-0.743809,-0.499545,-0.431203,-0.106144
0.720656,0.263236,0.642556;-0.763259,-0.476713,-0.419091,-0.120594
0.723713,0.272523,0.638299;-0.78175,-0.453283,-0.406453,-0.134893
0.72706,0.28138,0.633657;-0.798196,-0.4308,-0.394141,-0.148145
0.73057,0.289737,0.628809;-0.812751,-0.409387,-0.382258,-0.160367
0.734421,0.298141,0.623509;-0.826525,-0.387581,-0.370007,-0.172434
0.738276,0.305954,0.618224;-0.838604,-0.366998,-0.358312,-0.183491
0.742373,0.313746,0.612628;-0.849988,-0.34611,-0.346321,-0.194396
0.746688,0.321485,0.606759;-0.860668,-0.324937,-0.334042,-0.20514
0.751196,0.32914,0.600653;-0.870635,-0.303493,-0.321487,-0.215714
0.755506,0.336107,0.594838;-0.879195,-0.283476,-0.309661,-0.225317
0.75994,0.342954,0.588884;-0.887134,-0.263259,-0.297617,-0.23476
0.764479,0.349655,0.582818;-0.894447,-0.242856,-0.285362,-0.244037
0.769101,0.356189,0.576671;-0.901129,-0.222281,-0.272906,-0.253142
0.773789,0.36253,0.570471;-0.907174,-0.201549,-0.260257,-0.262069
0.778918,0.369154,0.56373;-0.913,-0.17893,-0.246347,-0.27153
0.784076,0.375494,0.556999;-0.91807,-0.156162,-0.232232,-0.280766
0.789237,0.381519,0.550317;-0.922379,-0.133265,-0.217926,-0.28977
0.794377,0.387199,0.543719;-0.925923,-0.110258,-0.203439,-0.298533
0.79986,0.392895,0.536752;-0.928883,-0.0853786,-0.187649,-0.307694
0.805259,0.398117,0.529974;-0.930949,-0.0604177,-0.171679,-0.316559
0.810915,0.403144,0.522974;-0.932171,-0.03361,-0.154385,-0.32572
0.816758,0.407805,0.51587;-0.93234,-0.00497499,-0.135752,-0.335095
0.822702,0.411903,0.508808;-0.931238,0.0254557,-0.115767,-0.344595
0.828955,0.41536,0.501609;-0.928445,0.0594218,-0.093239,-0.354634
0.835584,0.41776,0.494337;-0.923159,0.0986157,-0.0669501,-0.365473
0.842651,0.418148,0.487226;-0.913679,0.146388,-0.0344759,-0.377588
0.849716,0.414034,0.481501;-0.896538,0.207511,0.00778652,-0.391278
0.853798,0.404957,0.480306;-0.874498,0.267328,0.0393566,-0.402789
0.855141,0.395075,0.482087;-0.853224,0.317178,0.0467973,-0.41136
0.855342,0.385036,0.48501;-0.833493,0.357984,0.0528892,-0.41754
0.854957,0.375402,0.48834;-0.815325,0.392072,0.0579793,-0.422094
0.854198,0.365549,0.492051;-0.797078,0.423606,0.0626886,-0.425787
0.853194,0.355731,0.495931;-0.778985,0.452644,0.067026,-0.428722
0.852049,0.346149,0.499816;-0.761256,0.479259,0.071002,-0.430999
0.850745,0.336248,0.503874;-0.742732,0.505373,0.0749038,-0.432825
0.849431,0.326838,0.507729;-0.724836,0.52915,0.0784571,-0.434116
0.848049,0.317287,0.511603;-0.706289,0.552451,0.0819397,-0.435017
0.846636,0.307661,0.515433;-0.687106,0.575255,0.0853486,-0.435527
0.845223,0.298024,0.519156;-0.667304,0.597541,0.0886807,-0.435644
0.843845,0.288441,0.52271;-0.646902,0.619289,0.091933,-0.435369
0.842535,0.278978,0.526031;-0.625918,0.64048,0.0951026,-0.434703
0.84124,0.268995,0.529275;-0.602691,0.662656,0.0984202,-0.433548
0.840105,0.259308,0.532098;-0.578834,0.684141,0.101635,-0.43194
0.839115,0.249349,0.534566;-0.552604,0.706367,0.104962,-0.429718
0.838374,0.239314,0.536457;-0.523896,0.729142,0.108372,-0.42678
0.838005,0.228901,0.537527;-0.490748,0.753574,0.112031,-0.422779
0.838276,0.21862,0.537206;-0.452926,0.779194,0.11587,-0.417479
0.83963,0.208772,0.534585;-0.408244,0.806602,0.119979,-0.410286
0.842423,0.201122,0.528921;-0.360396,0.832779,0.123906,-0.401548
0.846402,0.196811,0.520768;-0.31556,0.854533,0.127173,-0.392456
0.850783,0.195433,0.51177;-0.278266,0.870697,0.129602,-0.384264
0.855277,0.195896,0.502542;-0.246818,0.88302,0.131456,-0.37693
0.859836,0.197565,0.493193;-0.219323,0.892845,0.132935,-0.370208
0.864201,0.199948,0.484253;-0.195903,0.900531,0.134094,-0.36426
0.86859,0.202921,0.475273;-0.174501,0.907015,0.135072,-0.358649
0.872898,0.20628,0.466472;-0.155161,0.912438,0.13589,-0.353436
0.877019,0.209827,0.458059;-0.137912,0.916927,0.136569,-0.348673
0.881425,0.213917,0.449076;-0.120617,0.921105,0.137201,-0.343792
0.885519,0.217954,0.440737;-0.10545,0.924503,0.137716,-0.339425
0.889842,0.22243,0.431941;-0.0902549,0.927659,0.138195,-0.33497
0.894398,0.227353,0.422677;-0.0750365,0.930574,0.138637,-0.330427
0.898494,0.231938,0.414357;-0.0619765,0.932879,0.138988,-0.326464
0.902769,0.236866,0.405681;-0.0489045,0.935005,0.139312,-0.322439
