0.947247,0.356927,0.694286;0.885522,0.439716,-0.0585044,0.138121
0.948651,0.3436,0.692518;0.887076,0.436717,-0.0591617,0.137386
0.950041,0.330408,0.690758;0.888618,0.433712,-0.0598182,0.136649
0.951416,0.317349,0.689008;0.89015,0.430702,-0.060474,0.135911
0.952777,0.304422,0.687266;0.89167,0.427687,-0.061129,0.135171
0.954124,0.291629,0.685534;0.89318,0.424667,-0.0617833,0.134429
0.955457,0.278966,0.683809;0.894678,0.421641,-0.0624368,0.133686
0.956775,0.266436,0.682094;0.896165,0.41861,-0.0630895,0.132941
0.95808,0.254036,0.680387;0.897642,0.415574,-0.0637415,0.132194
0.959371,0.241766,0.678689;0.899107,0.412532,-0.0643926,0.131446
0.960648,0.229626,0.677;0.900561,0.409486,-0.065043,0.130696
0.96191,0.217615,0.675319;0.902003,0.406434,-0.0656926,0.129945
0.96316,0.205733,0.673647;0.903435,0.403378,-0.0663413,0.129191
0.964395,0.193979,0.671984;0.904855,0.400316,-0.0669893,0.128437
0.965616,0.182353,0.670329;0.906265,0.39725,-0.0676364,0.12768
0.966824,0.170853,0.668683;0.907663,0.394178,-0.0682826,0.126923
0.968019,0.159481,0.667045;0.909049,0.391102,-0.068928,0.126163
0.969199,0.148234,0.665416;0.910425,0.388021,-0.0695726,0.125402
0.970367,0.137113,0.663795;0.911789,0.384935,-0.0702163,0.124639
0.97152,0.126116,0.662183;0.913142,0.381844,-0.0708591,0.123875
0.97266,0.115244,0.660579;0.914484,0.378749,-0.0715011,0.12311
0.973787,0.104496,0.658984;0.915814,0.375649,-0.0721422,0.122343
0.974901,0.0938719,0.657397;0.917133,0.372544,-0.0727824,0.121574
0.976001,0.0833701,0.655819;0.918441,0.369435,-0.0734216,0.120804
0.977088,0.0729907,0.654249;0.919737,0.366321,-0.07406,0.120032
0.978162,0.0627331,0.652687;0.921022,0.363202,-0.0746975,0.119259
0.979222,0.0525967,0.651134;0.922296,0.360079,-0.075334,0.118484
0.98027,0.0425811,0.649589;0.923558,0.356952,-0.0759696,0.117708
0.981304,0.0326857,0.648052;0.924808,0.35382,-0.0766042,0.116931
0.982831,0.0180668,0.645762;0.926663,0.349114,-0.0775544,0.115761
0.984329,0.00371534,0.643491;0.928492,0.344398,-0.0785025,0.114589
0.985798,-0.0103704,0.641239;0.930294,0.339673,-0.0794483,0.113414
0.987239,-0.0241922,0.639005;0.932071,0.334938,-0.080392,0.112235
0.98865,-0.0377519,0.636789;0.933822,0.330194,-0.0813334,0.111053
0.990034,-0.0510513,0.634592;0.935547,0.325441,-0.0822725,0.109868
0.991388,-0.064092,0.632413;0.937246,0.320678,-0.0832093,0.108681
0.992715,-0.0768761,0.630252;0.938919,0.315907,-0.0841439,0.10749
0.994014,-0.0894051,0.628109;0.940565,0.311127,-0.085076,0.106296
0.995285,-0.101681,0.625984;0.942186,0.306338,-0.0860059,0.105099
0.996528,-0.113705,0.623878;0.94378,0.301541,-0.0869333,0.103899
0.997744,-0.12548,0.621789;0.945348,0.296735,-0.0878583,0.102696
0.998932,-0.137007,0.619718;0.946889,0.291921,-0.0887808,0.101491
1.00009,-0.148288,0.617664;0.948405,0.287099,-0.0897009,0.100282
1.00123,-0.159324,0.615629;0.949893,0.282269,-0.0906185,0.099071
1.00234,-0.170119,0.613611;0.951356,0.277431,-0.0915335,0.097857
1.00342,-0.180672,0.61161;0.952791,0.272586,-0.092446,0.0966403
1.00447,-0.190986,0.609627;0.954201,0.267732,-0.0933559,0.0954209
1.0055,-0.201064,0.607662;0.955583,0.262872,-0.0942633,0.0941989
1.0065,-0.210906,0.605714;0.956939,0.258004,-0.095168,0.0929742
1.00779,-0.223665,0.603143;0.958706,0.251502,-0.0963701,0.0913373
1.00904,-0.236014,0.600603;0.960425,0.244987,-0.0975675,0.0896959
1.01025,-0.247956,0.598093;0.962097,0.238461,-0.09876,0.08805
1.0114,-0.259495,0.595614;0.963721,0.231923,-0.0999477,0.0863998
1.01252,-0.270636,0.593165;0.965297,0.225373,-0.10113,0.0847453
1.01359,-0.281383,0.590745;0.966825,0.218812,-0.102308,0.0830866
1.01461,-0.29174,0.588356;0.968306,0.21224,-0.103481,0.0814238
1.01559,-0.301711,0.585996;0.969738,0.205658,-0.104648,0.0797569
1.01676,-0.313639,0.583087;0.971462,0.197416,-0.1061,0.0776678
1.01786,-0.32498,0.580225;0.97311,0.189158,-0.107544,0.0755727
1.01889,-0.335742,0.577407;0.974682,0.180886,-0.10898,0.0734717
1.01986,-0.345932,0.574635;0.97618,0.1726,-0.110407,0.071365
1.02076,-0.355559,0.571907;0.977601,0.164301,-0.111825,0.0692529
1.02176,-0.366381,0.568693;0.979208,0.154325,-0.113516,0.0667112
1.02267,-0.376418,0.565542;0.980705,0.144332,-0.115194,0.0641621
1.02362,-0.387155,0.561945;0.982313,0.132653,-0.117136,0.0611791
1.02444,-0.396868,0.558434;0.983773,0.120954,-0.11906,0.0581869
1.02525,-0.406741,0.554523;0.985258,0.107561,-0.121237,0.0547564
1.02597,-0.416324,0.550253;0.986696,0.0924688,-0.123657,0.0508842
1.0266,-0.425915,0.545217;0.988118,0.0739918,-0.126572,0.0461342
1.027,-0.434353,0.539523;0.98932,0.0521201,-0.129957,0.0404985
1.02695,-0.441113,0.532086;0.990131,0.0217936,-0.13453,0.0326609
1.02572,-0.441503,0.522235;0.98955,-0.022042,-0.140897,0.0212841
1.02379,-0.434436,0.515021;0.987569,-0.0574182,-0.145826,0.0120615
1.02193,-0.42572,0.51026;0.985329,-0.0826418,-0.149224,0.00546316
1.02001,-0.415889,0.506391;0.982832,-0.104456,-0.152086,-0.000258654
1.01818,-0.406032,0.503299;0.980318,-0.122873,-0.154445,-0.00510021
1.01635,-0.395927,0.50063;0.977714,-0.139575,-0.156539,-0.00950001
1.01458,-0.385956,0.498341;0.975111,-0.15457,-0.158383,-0.0134574
1.01269,-0.375206,0.496158;0.972264,-0.169527,-0.160187,-0.0174113
1.01092,-0.365035,0.494304;0.969529,-0.182786,-0.161757,-0.0209223
1.00907,-0.35432,0.492531;0.966602,-0.196009,-0.163295,-0.0244292
1.00738,-0.344525,0.491045;0.963883,-0.207547,-0.164614,-0.0274938
1.00563,-0.334362,0.489619;0.961018,-0.219054,-0.165908,-0.0305542
1.00382,-0.323853,0.488251;0.958008,-0.230527,-0.167177,-0.0336099
1.00196,-0.313022,0.486942;0.954852,-0.241966,-0.16842,-0.0366606
1.00004,-0.301892,0.48569;0.951552,-0.253368,-0.169638,-0.0397057
0.998071,-0.290484,0.484495;0.948107,-0.264731,-0.170831,-0.0427448
0.996343,-0.280502,0.483514;0.94504,-0.27444,-0.171832,-0.0453445
0.994579,-0.270347,0.482574;0.941868,-0.284117,-0.172814,-0.0479393
0.992735,-0.259772,0.481651;0.942912,-0.279298,-0.174186,-0.050693
0.990951,-0.249578,0.480813;0.947384,-0.262143,-0.175769,-0.0533799
0.989137,-0.239252,0.480011;0.95155,-0.244903,-0.177295,-0.0560496
0.987292,-0.228799,0.479247;0.955407,-0.227583,-0.178764,-0.0587011
0.985419,-0.218228,0.478519;0.958955,-0.21019,-0.180175,-0.0613336
0.983518,-0.207545,0.477828;0.962192,-0.192729,-0.181527,-0.0639462
0.98159,-0.196757,0.477172;0.965118,-0.175206,-0.18282,-0.0665381
0.979635,-0.185871,0.476553;0.967731,-0.157625,-0.184054,-0.0691084
0.977654,-0.174895,0.475969;0.97003,-0.139994,-0.185229,-0.0716563
0.975649,-0.163835,0.475421;0.972014,-0.122317,-0.186343,-0.0741811
0.973846,-0.153939,0.474963;0.973514,-0.106571,-0.187283,-0.0764051
0.972025,-0.143988,0.474533;0.974765,-0.0907972,-0.188176,-0.0786096
0.970186,-0.133986,0.47413;0.975766,-0.0750004,-0.189019,-0.0807939
0.968329,-0.123939,0.473755;0.976517,-0.0591845,-0.189815,-0.0829576
0.966457,-0.113851,0.473406;0.977018,-0.0433534,-0.190562,-0.0851
0.964568,-0.103727,0.473085;0.977269,-0.0275113,-0.19126,-0.0872207
0.962663,-0.0935717,0.472791;0.97727,-0.0116621,-0.191909,-0.089319
0.960744,-0.0833908,0.472523;0.977021,0.00419014,-0.192509,-0.0913944
0.95881,-0.0731891,0.472281;0.976521,0.0200413,-0.19306,-0.0934465
0.956862,-0.0629712,0.472066;0.975772,0.0358873,-0.193561,-0.0954746
0.954901,-0.0527423,0.471877;0.974773,0.0517241,-0.194013,-0.0974783
0.952928,-0.0425072,0.471714;0.973524,0.0675476,-0.194415,-0.099457
0.950942,-0.032271,0.471577;0.972026,0.0833539,-0.194767,-0.10141
0.948945,-0.0220385,0.471466;0.970279,0.0991389,-0.19507,-0.103338
0.946936,-0.0118146,0.47138;0.968283,0.114898,-0.195322,-0.105238
0.944918,-0.0016044,0.471319;0.96604,0.130629,-0.195525,-0.107112
0.94289,0.00858724,0.471283;0.963549,0.146325,-0.195677,-0.108959
0.940852,0.0187554,0.471272;0.960812,0.161984,-0.195779,-0.110777
0.938806,0.0288951,0.471287;0.957829,0.177602,-0.195832,-0.112568
0.936751,0.0390013,0.471325;0.9546,0.193175,-0.195834,-0.114329
0.93469,0.0490693,0.471388;0.951127,0.208697,-0.195785,-0.116061
0.932621,0.0590939,0.471476;0.947411,0.224167,-0.195687,-0.117763
0.930546,0.0690703,0.471587;0.943452,0.239579,-0.195539,-0.119436
0.928465,0.0789936,0.471723;0.939251,0.254929,-0.195341,-0.121077
0.926379,0.0888587,0.471882;0.93481,0.270215,-0.195092,-0.122688
0.924288,0.0986608,0.472065;0.93013,0.285431,-0.194794,-0.124267
0.921931,0.109607,0.472299;0.92458,0.302462,-0.194399,-0.126006
0.919569,0.120459,0.472562;0.918731,0.319394,-0.19394,-0.127704
0.917204,0.131212,0.472855;0.912583,0.336224,-0.193419,-0.12936
0.914837,0.141857,0.473176;0.906141,0.352944,-0.192836,-0.130975
0.912467,0.152388,0.473526;0.899404,0.36955,-0.19219,-0.132547
0.910096,0.162798,0.473905;0.892376,0.386036,-0.191481,-0.134076
0.907725,0.17308,0.474312;0.885059,0.402397,-0.19071,-0.135562
0.905355,0.183226,0.474747;0.877455,0.418628,-0.189878,-0.137003
0.902986,0.19323,0.475209;0.869567,0.434723,-0.188984,-0.138401
0.900619,0.203085,0.475699;0.861397,0.450677,-0.188029,-0.139753
0.897992,0.21385,0.476276;0.851992,0.468232,-0.186897,-0.141203
0.895371,0.224413,0.476886;0.842246,0.4856,-0.185689,-0.142596
0.892755,0.234764,0.477529;0.832163,0.502774,-0.184407,-0.143932
0.890146,0.244892,0.478205;0.821748,0.519747,-0.183052,-0.145211
0.887546,0.254789,0.478913;0.811003,0.536512,-0.181623,-0.146431
0.884955,0.264444,0.479653;0.799934,0.553062,-0.180122,-0.147593
0.882116,0.274774,0.480504;0.787389,0.571011,-0.178387,-0.148803
0.879292,0.284788,0.481392;0.774463,0.588684,-0.176566,-0.149941
0.876483,0.294472,0.482319;0.761162,0.606072,-0.17466,-0.151006
0.873438,0.304645,0.483371;0.746232,0.624706,-0.172484,-0.152085
0.870416,0.314395,0.484468;0.730872,0.64298,-0.170208,-0.153076
0.867169,0.324459,0.485704;0.713757,0.662359,-0.167632,-0.15405
0.863953,0.333985,0.48699;0.696159,0.68129,-0.164943,-0.15492
0.860526,0.343616,0.488429;0.676682,0.701161,-0.161923,-0.15574
0.856901,0.353185,0.490034;0.655226,0.721842,-0.158545,-0.156483
0.853091,0.362501,0.491815;0.631689,0.743185,-0.154786,-0.15712
0.848881,0.371832,0.493903;0.604439,0.766284,-0.150367,-0.157644
0.844305,0.380709,0.496325;0.573243,0.790785,-0.145229,-0.157988
0.839186,0.388877,0.49924;0.536237,0.817394,-0.139034,-0.15807
0.832971,0.395894,0.503108;0.487971,0.848473,-0.130804,-0.157696
0.825196,0.399187,0.508544;0.47208,0.861868,-0.121747,-0.139645
0.817914,0.395671,0.514312;0.528814,0.835359,-0.115677,-0.0956562
0.812446,0.388419,0.519073;0.571973,0.810598,-0.110328,-0.0600465
0.808174,0.379812,0.523037;0.605818,0.787966,-0.105623,-0.0306202
0.804609,0.37057,0.526496;0.633997,0.766654,-0.101311,-0.0049661
0.801514,0.360979,0.5296;0.658317,0.74621,-0.0972643,0.0181322
0.798846,0.35153,0.53234;0.679073,0.72706,-0.0935395,0.0386413
0.796413,0.34195,0.534881;0.697774,0.708293,-0.0899426,0.0578259
0.794199,0.332435,0.537222;0.714546,0.690084,-0.0864976,0.0756755
0.792036,0.322415,0.539524;0.730644,0.671224,-0.082971,0.0934536
0.790071,0.312702,0.541622;0.744975,0.653145,-0.0796262,0.109883
0.788145,0.302638,0.543675;0.7587,0.634533,-0.0762166,0.126224
0.786257,0.292261,0.545678;0.771808,0.615406,-0.072745,0.142461
0.784545,0.282439,0.547476;0.783351,0.597306,-0.0694878,0.157347
0.782861,0.272415,0.549222;0.794351,0.578791,-0.0661825,0.172124
0.781202,0.262222,0.550911;0.804801,0.559875,-0.0628313,0.186782
0.779569,0.251889,0.552538;0.814692,0.540572,-0.0594366,0.20131
0.777957,0.241449,0.554099;0.824019,0.520893,-0.0560007,0.215699
0.776367,0.230933,0.55559;0.832775,0.500854,-0.052526,0.229938
0.774795,0.220371,0.557004;0.840954,0.480467,-0.0490148,0.244018
0.773241,0.209795,0.558339;0.84855,0.459748,-0.0454697,0.257929
0.771701,0.199236,0.559589;0.855558,0.43871,-0.0418931,0.271661
0.770175,0.188726,0.560751;0.861973,0.417367,-0.0382875,0.285205
0.768661,0.178295,0.561818;0.86779,0.395736,-0.0346553,0.298551
0.767157,0.167974,0.562788;0.873006,0.37383,-0.0309991,0.31169
0.765661,0.157796,0.563654;0.877617,0.351665,-0.0273214,0.324613
0.764171,0.147791,0.564414;0.88162,0.329257,-0.0236248,0.337311
0.762561,0.137184,0.56511;0.885266,0.304724,-0.0196017,0.350803
0.760955,0.126857,0.565669;0.888193,0.279943,-0.0155627,0.36401
0.759349,0.116848,0.566086;0.890397,0.254934,-0.011511,0.376921
0.757618,0.106473,0.566368;0.891961,0.227771,-0.00713727,0.390481
0.755882,0.0965627,0.56647;0.892683,0.200392,-0.00275682,0.403674
0.754013,0.0865181,0.566372;0.892522,0.170849,0.00193931,0.417386
0.752006,0.0765248,0.566021;0.891286,0.139133,0.00694606,0.431513
0.749726,0.0662618,0.565308;0.888582,0.10325,0.0125681,0.44677
0.747158,0.0561986,0.564104;0.883953,0.0631932,0.0187915,0.462904
0.744148,0.0465514,0.562157;0.876527,0.0169824,0.0259029,0.480355
0.740387,0.0378922,0.558929;0.864477,-0.0393211,0.0344695,0.499945
0.73466,0.0321048,0.552415;0.847827,-0.104136,0.0480202,0.517725
0.729046,0.0342828,0.544347;0.848015,-0.118266,0.064131,0.512611
0.7244,0.0407501,0.536521;0.847863,-0.129783,0.0772898,0.508242
0.720821,0.048202,0.529778;0.847555,-0.138713,0.0875072,0.50473
0.717817,0.0559959,0.523602;0.847157,-0.146345,0.0962514,0.501641
0.714902,0.064865,0.517109;0.846638,-0.153956,0.104982,0.498479
0.712562,0.0729246,0.51149;0.846111,-0.160281,0.112245,0.495789
0.710321,0.0814616,0.505708;0.8455,-0.166591,0.119498,0.493049
0.708196,0.0903536,0.499791;0.844804,-0.172883,0.126738,0.49026
0.706204,0.0994782,0.493765;0.844023,-0.179159,0.133966,0.487421
0.704362,0.108713,0.487657;0.843158,-0.185416,0.141181,0.484534
0.702687,0.117936,0.481493;0.842208,-0.191655,0.148381,0.481599
0.701196,0.127024,0.4753;0.841174,-0.197874,0.155566,0.478614
0.699905,0.135855,0.469105;0.840055,-0.204074,0.162736,0.475582
0.698832,0.144307,0.462933;0.838852,-0.210254,0.169889,0.472503
0.697993,0.152257,0.456812;0.837565,-0.216412,0.177026,0.469375
0.69732,0.160962,0.449571;0.835909,-0.223773,0.185566,0.465561
0.697038,0.168557,0.442486;0.834133,-0.231102,0.194079,0.461679
0.697243,0.175733,0.43448;0.831909,-0.23961,0.203976,0.457066
0.698237,0.1813,0.425761;0.829166,-0.249275,0.215237,0.451683
0.700722,0.183575,0.415668;0.825439,-0.261267,0.229236,0.444793
0.704713,0.17973,0.406668;0.821381,-0.273154,0.243142,0.437724
0.709082,0.17159,0.400399;0.817897,-0.282585,0.254198,0.431942
0.713089,0.162202,0.39631;0.815146,-0.289611,0.262446,0.427533
0.716931,0.152059,0.393342;0.812764,-0.295434,0.269291,0.423811
0.720346,0.142338,0.391274;0.810799,-0.300071,0.274748,0.420804
0.724073,0.131121,0.389493;0.808782,-0.304689,0.280187,0.417769
0.728121,0.118345,0.388012;0.806714,-0.309287,0.285608,0.414707
0.731373,0.107703,0.387107;0.805129,-0.312723,0.289662,0.412393
0.734815,0.0961219,0.386385;0.803514,-0.316147,0.293705,0.410065
0.737703,0.086174,0.385942;0.80176,-0.320426,0.296743,0.407985
0.740766,0.0754274,0.385617;0.797217,-0.334008,0.29868,0.404567
0.743489,0.0657284,0.385435;0.793183,-0.345591,0.300287,0.401566
0.746298,0.0556013,0.38534;0.78902,-0.357119,0.301845,0.3985
0.74919,0.045067,0.385329;0.78473,-0.368588,0.303355,0.39537
0.752161,0.0341462,0.385398;0.780313,-0.379998,0.304815,0.392175
0.755207,0.0228599,0.385545;0.775769,-0.391347,0.306226,0.388917
0.757801,0.0131903,0.385726;0.771886,-0.400755,0.307364,0.386154
0.760442,0.00329338,0.385957;0.767916,-0.410118,0.308468,0.383347
0.763129,-0.00681887,0.386237;0.76386,-0.419436,0.309536,0.380498
0.76586,-0.0171344,0.386565;0.759718,-0.428706,0.31057,0.377605
0.768632,-0.0276411,0.386938;0.755491,-0.437928,0.311569,0.37467
0.771443,-0.038327,0.387355;0.751178,-0.4471,0.312533,0.371693
0.774292,-0.04918,0.387815;0.746781,-0.456222,0.313461,0.368674
0.777176,-0.0601881,0.388316;0.742301,-0.465293,0.314355,0.365613
0.780093,-0.0713392,0.388855;0.737736,-0.474312,0.315213,0.362512
0.783042,-0.0826212,0.389433;0.733088,-0.483277,0.316035,0.359369
0.786019,-0.0940221,0.390046;0.728358,-0.492188,0.316822,0.356186
0.789022,-0.10553,0.390693;0.723546,-0.501043,0.317574,0.352963
0.792051,-0.117133,0.391373;0.718653,-0.509842,0.318289,0.349701
0.795102,-0.128818,0.392084;0.713679,-0.518584,0.318969,0.346398
0.798174,-0.140574,0.392825;0.708624,-0.527267,0.319613,0.343057
0.801265,-0.152388,0.393593;0.70349,-0.535891,0.320221,0.339678
0.804371,-0.16425,0.394387;0.698276,-0.544455,0.320793,0.33626
0.807492,-0.176145,0.395206;0.692984,-0.552957,0.321329,0.332804
0.810625,-0.188064,0.396047;0.687614,-0.561398,0.321828,0.329311
0.813768,-0.199992,0.39691;0.682167,-0.569775,0.322292,0.325781
0.81692,-0.211919,0.397792;0.676643,-0.578088,0.322719,0.322214
0.820077,-0.223833,0.398692;0.671042,-0.586335,0.32311,0.318611
0.823237,-0.23572,0.399608;0.665367,-0.594517,0.323464,0.314972
0.8264,-0.24757,0.400539;0.659616,-0.602632,0.323782,0.311298
0.829562,-0.25937,0.401483;0.653791,-0.610679,0.324064,0.307588
0.832722,-0.271108,0.402439;0.647893,-0.618658,0.324309,0.303844
0.835877,-0.282773,0.403404;0.641921,-0.626567,0.324518,0.300066
0.839026,-0.294351,0.404377;0.635878,-0.634405,0.32469,0.296254
0.842165,-0.305831,0.405356;0.629762,-0.642172,0.324826,0.292409
0.845294,-0.317201,0.406341;0.623576,-0.649867,0.324925,0.28853
0.84841,-0.328449,0.407328;0.61732,-0.657488,0.324987,0.28462
0.851511,-0.339563,0.408317;0.610994,-0.665036,0.325013,0.280677
0.854594,-0.35053,0.409306;0.6046,-0.672509,0.325003,0.276703
0.857659,-0.361339,0.410293;0.598138,-0.679906,0.324955,0.272697
0.860702,-0.371978,0.411277;0.591608,-0.687226,0.324872,0.268661
0.863722,-0.382434,0.412256;0.585012,-0.694469,0.324751,0.264595
0.866716,-0.392696,0.413228;0.578349,-0.701635,0.324594,0.260498
0.869683,-0.402752,0.414192;0.571622,-0.708721,0.324401,0.256373
0.87262,-0.412589,0.415146;0.564831,-0.715727,0.324171,0.252219
0.875525,-0.422195,0.416089;0.557975,-0.722653,0.323905,0.248036
0.878966,-0.433401,0.417202;0.549666,-0.730857,0.323537,0.24298
0.882355,-0.444236,0.418294;0.541268,-0.738942,0.323117,0.237884
0.885687,-0.454681,0.41936;0.532783,-0.746907,0.322644,0.232751
0.888961,-0.464714,0.4204;0.524211,-0.754752,0.32212,0.227579
0.89217,-0.474314,0.421409;0.515554,-0.762474,0.321543,0.22237
0.89583,-0.484939,0.422544;0.505348,-0.771327,0.320804,0.216248
0.899394,-0.494914,0.42363;0.495032,-0.780009,0.319994,0.210078
0.90334,-0.505474,0.424804;0.483107,-0.789722,0.318982,0.202971
0.907144,-0.515093,0.425901;0.471044,-0.799207,0.317878,0.195804
0.911242,-0.524726,0.427034;0.457311,-0.809602,0.316527,0.187675
0.915557,-0.533873,0.428157;0.441856,-0.820806,0.314891,0.178562
0.920763,-0.543159,0.429381;0.421469,-0.834818,0.312551,0.166596
0.927155,-0.550788,0.430586;0.392715,-0.853169,0.30892,0.14982
0.935458,-0.548601,0.431141;0.34354,-0.880977,0.30187,0.121387
0.938553,-0.53906,0.430591;0.316732,-0.894355,0.297608,0.106014
0.940096,-0.52885,0.429834;0.298087,-0.902956,0.294479,0.0953738
0.940986,-0.518178,0.428971;0.282712,-0.909628,0.291799,0.0866289
0.941484,-0.506881,0.428012;0.268957,-0.91528,0.289328,0.0788291
0.941687,-0.495556,0.427019;0.256859,-0.920009,0.287097,0.0719855
0.941684,-0.484754,0.42605;0.246444,-0.923901,0.285135,0.0661069
0.941514,-0.472919,0.424969;0.235989,-0.927644,0.283126,0.0602176
0.941241,-0.462251,0.423981;0.227247,-0.930648,0.281417,0.0553024
0.940847,-0.45084,0.422911;0.218479,-0.933547,0.279677,0.0503809
0.94033,-0.438672,0.421759;0.209687,-0.936341,0.277905,0.0454537
0.939827,-0.428386,0.420776;0.202636,-0.9385,0.276464,0.0415083
0.939242,-0.417601,0.419738;0.195571,-0.940592,0.275004,0.0375599
0.938575,-0.406313,0.418645;0.188491,-0.942616,0.273524,0.0336088
0.937824,-0.394515,0.417495;0.181398,-0.944573,0.272025,0.0296552
0.93699,-0.3822,0.416287;0.174292,-0.946461,0.270506,0.0256996
0.936069,-0.369363,0.415021;0.167174,-0.948281,0.268967,0.021742
0.935323,-0.359388,0.414033;0.161827,-0.949601,0.2678,0.0187729
0.934527,-0.349114,0.413011;0.156474,-0.950883,0.266623,0.0158029
0.933681,-0.338537,0.411955;0.151114,-0.952126,0.265434,0.0128323
0.932785,-0.327655,0.410865;0.145748,-0.953331,0.264235,0.00986122
0.931839,-0.316465,0.409741;0.140376,-0.954497,0.263025,0.00688971
0.930842,-0.304964,0.408581;0.134999,-0.955625,0.261805,0.00391792
0.929793,-0.293151,0.407386;0.129616,-0.956713,0.260574,0.00094598
0.928693,-0.281022,0.406155;0.124227,-0.957763,0.259332,-0.002026
0.92754,-0.268575,0.404888;0.118834,-0.958774,0.25808,-0.0049979
0.926335,-0.255807,0.403584;0.113436,-0.959747,0.256817,-0.0079696
