0.838927,-0.162648,0.484618;0.512233,0.799607,0.31227,-0.027099
0.84239,-0.154424,0.47813;0.52064,0.796469,0.305969,-0.0308887
0.845723,-0.146391,0.471847;0.528978,0.793223,0.299628,-0.0346742
0.848925,-0.138548,0.465767;0.537244,0.789871,0.293246,-0.038455
0.852,-0.130891,0.459886;0.545439,0.786413,0.286824,-0.0422307
0.855523,-0.121948,0.45309;0.555175,0.782123,0.279067,-0.0467539
0.858866,-0.11327,0.446576;0.564803,0.777682,0.271257,-0.0512681
0.862032,-0.104853,0.440341;0.574322,0.77309,0.263393,-0.0557724
0.865023,-0.0966936,0.434379;0.583729,0.768348,0.255479,-0.0602658
0.867842,-0.0887894,0.428689;0.593024,0.763457,0.247515,-0.0647476
0.870917,-0.079886,0.422387;0.603722,0.757564,0.238163,-0.0699604
0.873764,-0.0713205,0.416444;0.614261,0.751472,0.228749,-0.0751548
0.876388,-0.0630881,0.410853;0.624637,0.745181,0.219274,-0.0803293
0.879119,-0.0540811,0.404888;0.636295,0.73775,0.208375,-0.086217
0.88157,-0.0454954,0.399367;0.647733,0.730066,0.197404,-0.092075
0.884,-0.0363309,0.393677;0.660334,0.72112,0.18498,-0.0986272
0.886091,-0.0276799,0.388526;0.672646,0.71186,0.172476,-0.105136
0.888027,-0.0186571,0.383422;0.685983,0.701208,0.158495,-0.112315
0.8897,-0.00943224,0.378539;0.700227,0.689054,0.143017,-0.120141
0.890996,-0.000183626,0.374063;0.715245,0.675283,0.126026,-0.12859
0.891837,0.00956387,0.369925;0.732064,0.658557,0.106081,-0.13832
0.891951,0.0193771,0.366569;0.750339,0.638591,0.0831505,-0.149261
0.890978,0.02927,0.364398;0.770696,0.613741,0.0557745,-0.161985
0.888144,0.0391797,0.3643;0.794264,0.580653,0.021046,-0.177604
0.883001,0.0471066,0.367455;0.817832,0.541283,-0.0180961,-0.194515
0.876298,0.0517691,0.373467;0.837495,0.501362,-0.0557232,-0.21008
0.869436,0.0536267,0.380613;0.851756,0.466151,-0.0874086,-0.222655
0.862733,0.0538154,0.388161;0.862287,0.434762,-0.114593,-0.233049
0.856194,0.0529567,0.395896;0.87029,0.405958,-0.138729,-0.241966
0.849626,0.0513277,0.403949;0.876585,0.378271,-0.161248,-0.250015
0.843146,0.0491306,0.412116;0.881391,0.351841,-0.182159,-0.257249
0.836852,0.0465389,0.420229;0.884912,0.326787,-0.201477,-0.263719
0.830824,0.0436995,0.428144;0.887346,0.303213,-0.219226,-0.269477
0.824645,0.0404756,0.43639;0.888973,0.279364,-0.236775,-0.274991
0.818829,0.0371857,0.444264;0.889757,0.257123,-0.252783,-0.279859
0.812926,0.0336198,0.45236;0.889851,0.234683,-0.268595,-0.284509
0.806956,0.0298024,0.460649;0.889255,0.212061,-0.284199,-0.288939
0.801441,0.0261035,0.468394;0.888104,0.191179,-0.298309,-0.292804
0.795903,0.0222333,0.476255;0.886374,0.170173,-0.312225,-0.296477
0.790355,0.0182107,0.484211;0.884066,0.149055,-0.325938,-0.299957
0.784815,0.0140548,0.492239;0.881182,0.127841,-0.339438,-0.303242
0.779296,0.00978466,0.500317;0.877725,0.106543,-0.352718,-0.30633
0.773815,0.00541935,0.508424;0.873696,0.0851764,-0.365767,-0.309218
0.768712,0.00124759,0.516048;0.870409,0.0658297,-0.37653,-0.310289
0.763507,-0.00311345,0.523905;0.87374,0.0512852,-0.378536,-0.301096
0.758373,-0.0075214,0.53174;0.876798,0.0367248,-0.380425,-0.29181
0.753315,-0.0119673,0.539543;0.879584,0.0221529,-0.382195,-0.282432
0.748344,-0.0164424,0.547305;0.882096,0.00757415,-0.383846,-0.272967
0.743464,-0.0209375,0.555015;0.884334,-0.00700697,-0.385378,-0.263417
0.738686,-0.0254439,0.562665;0.886296,-0.0215859,-0.38679,-0.253785
0.733439,-0.030516,0.571185;0.888174,-0.037979,-0.388235,-0.242854
0.728339,-0.0355782,0.579602;0.889702,-0.0543571,-0.389526,-0.231828
0.723398,-0.040618,0.587901;0.89088,-0.0707138,-0.390664,-0.220711
0.718626,-0.0456226,0.596069;0.891707,-0.0870426,-0.391649,-0.209507
0.714033,-0.0505793,0.604091;0.892183,-0.103337,-0.392479,-0.19822
0.70963,-0.0554754,0.611955;0.892308,-0.119591,-0.393155,-0.186855
0.705429,-0.0602983,0.619645;0.892081,-0.135798,-0.393675,-0.175417
0.701009,-0.0655556,0.62797;0.891416,-0.153742,-0.394072,-0.162626
0.696866,-0.0706894,0.636045;0.890319,-0.171612,-0.394277,-0.149757
0.693015,-0.0756821,0.64385;0.888788,-0.189398,-0.394291,-0.136815
0.689131,-0.0809905,0.652103;0.886606,-0.208857,-0.394084,-0.122502
0.685638,-0.086084,0.659982;0.883902,-0.228192,-0.393646,-0.108117
0.682295,-0.0913683,0.668121;0.880359,-0.249132,-0.392903,-0.0923523
0.679252,-0.0967382,0.676363;0.875825,-0.271619,-0.391789,-0.0752011
0.676685,-0.102066,0.684525;0.870138,-0.295586,-0.390228,-0.0566618
0.674705,-0.107517,0.692878;0.862624,-0.322631,-0.38799,-0.0354089
0.673753,-0.113011,0.701345;0.852307,-0.354222,-0.384705,-0.0101161
0.674978,-0.11843,0.709873;0.836456,-0.394834,-0.379355,0.0231838
0.681548,-0.122044,0.716208;0.810832,-0.448118,-0.370233,0.0683393
0.691574,-0.121331,0.716392;0.786302,-0.490121,-0.361156,0.105249
0.700929,-0.118739,0.713697;0.767944,-0.517569,-0.354211,0.130075
0.70985,-0.115398,0.709858;0.752497,-0.538599,-0.348288,0.149515
0.718719,-0.111528,0.705256;0.738443,-0.55635,-0.342847,0.166232
0.727137,-0.107486,0.700367;0.737623,-0.560485,-0.335182,0.171529
0.735573,-0.103161,0.695086;0.749137,-0.552602,-0.324966,0.166798
0.743682,-0.0988021,0.68973;0.759295,-0.545355,-0.315682,0.162494
0.751268,-0.0945748,0.684519;0.768157,-0.538795,-0.30736,0.158632
0.759181,-0.0900329,0.678905;0.776862,-0.532123,-0.298975,0.154738
0.767396,-0.0851927,0.672913;0.785407,-0.525342,-0.290529,0.150813
0.774808,-0.0807255,0.667377;0.792751,-0.51932,-0.283089,0.147352
0.782413,-0.0760533,0.661583;0.799971,-0.513216,-0.275605,0.143868
0.79019,-0.0711868,0.655547;0.807064,-0.507031,-0.268078,0.140362
0.798123,-0.0661371,0.649284;0.81403,-0.500767,-0.260508,0.136833
0.806192,-0.0609149,0.642808;0.820868,-0.494423,-0.252897,0.133283
0.813204,-0.0563098,0.637101;0.826626,-0.488924,-0.246342,0.130224
0.820292,-0.051593,0.631258;0.832289,-0.483368,-0.239758,0.127149
0.827444,-0.0467711,0.62529;0.837855,-0.477756,-0.233146,0.124059
0.834649,-0.0418512,0.619206;0.843324,-0.472089,-0.226507,0.120956
0.841896,-0.0368401,0.613016;0.848696,-0.466367,-0.219843,0.117838
0.849173,-0.0317446,0.606728;0.85397,-0.460591,-0.213152,0.114706
0.856469,-0.0265716,0.600354;0.859144,-0.454762,-0.206437,0.111562
0.863772,-0.021328,0.593901;0.864219,-0.448881,-0.199699,0.108404
0.87107,-0.0160206,0.587381;0.869195,-0.442947,-0.192937,0.105234
0.878354,-0.0106563,0.580802;0.874069,-0.436962,-0.186152,0.102051
0.88561,-0.00524191,0.574173;0.878843,-0.430927,-0.179347,0.0988572
0.892828,0.000215671,0.567506;0.883514,-0.424841,-0.17252,0.0956516
0.899996,0.00570959,0.560808;0.888084,-0.418707,-0.165674,0.0924349
0.907103,0.011233,0.55409;0.89255,-0.412524,-0.158808,0.0892076
0.914138,0.016779,0.547361;0.896914,-0.406293,-0.151924,0.0859699
0.921088,0.0223408,0.540631;0.901173,-0.400015,-0.145022,0.0827222
0.927942,0.0279114,0.533909;0.905329,-0.393691,-0.138104,0.079465
0.93469,0.0334841,0.527205;0.909379,-0.387322,-0.131169,0.0761986
0.94132,0.039052,0.520528;0.913324,-0.380907,-0.12422,0.0729233
0.947819,0.0446082,0.513888;0.917164,-0.374449,-0.117256,0.0696396
0.954178,0.0501459,0.507295;0.920897,-0.367947,-0.110278,0.0663479
0.960384,0.0556581,0.500758;0.924524,-0.361402,-0.103288,0.0630485
0.966426,0.0611381,0.494286;0.928044,-0.354816,-0.0962854,0.0597418
0.972292,0.0665789,0.48789;0.931456,-0.348189,-0.089272,0.0564281
0.977972,0.0719738,0.481578;0.934761,-0.341521,-0.0822482,0.053108
0.984346,0.0782006,0.474334;0.93848,-0.333692,-0.0740419,0.0492267
0.990433,0.0843445,0.467233;0.94205,-0.325811,-0.0658239,0.0453377
0.996213,0.0903947,0.460292;0.945473,-0.317878,-0.0575955,0.0414415
1.00167,0.0963403,0.453524;0.948746,-0.309895,-0.049358,0.0375389
1.00678,0.10217,0.446945;0.95187,-0.301864,-0.0411128,0.0336303
1.01218,0.108678,0.439677;0.955257,-0.292627,-0.0316818,0.0291568
1.01709,0.115004,0.432699;0.958447,-0.283329,-0.0222443,0.0246774
1.02147,0.121133,0.426032;0.96144,-0.273974,-0.0128023,0.0201929
1.02573,0.127771,0.418933;0.96457,-0.263381,-0.00217687,0.0151429
1.0296,0.134801,0.411582;0.967754,-0.251532,0.00962965,0.00952729
1.03274,0.142078,0.404198;0.970897,-0.238404,0.0226131,0.0033466
1.03476,0.149421,0.39705;0.973895,-0.223977,0.0367667,-0.00339737
1.03513,0.157134,0.390005;0.976822,-0.207015,0.0532572,-0.0112631
1.03277,0.164715,0.383811;0.979414,-0.187471,0.0720618,-0.0202436
1.02652,0.171398,0.379471;0.983752,-0.157875,0.0850728,-0.00842588
1.01737,0.176124,0.377697;0.987576,-0.125832,0.0930665,0.0140674
1.00745,0.179098,0.377745;0.989563,-0.0986897,0.0996823,0.032993
0.997279,0.181031,0.378836;0.990374,-0.0748461,0.105378,0.0495227
0.986727,0.182326,0.380645;0.990352,-0.0526467,0.110584,0.0648332
0.976138,0.183144,0.382934;0.989667,-0.0321192,0.115316,0.0789229
0.965795,0.183612,0.385507;0.988482,-0.0132839,0.119589,0.0917941
0.955924,0.183831,0.388203;0.98694,0.00384558,0.123417,0.103452
0.945661,0.18388,0.391206;0.984958,0.0209734,0.12719,0.115064
0.935056,0.183783,0.394484;0.982537,0.0380918,0.130906,0.126625
0.925264,0.183591,0.397645;0.979982,0.053484,0.134201,0.136981
0.915276,0.183318,0.40098;0.977074,0.0688569,0.137447,0.147288
0.90513,0.182983,0.404466;0.973812,0.084205,0.140643,0.157542
0.894864,0.182602,0.408082;0.970198,0.0995225,0.143789,0.167739
0.884515,0.182195,0.411802;0.966233,0.114804,0.146883,0.177875
0.874122,0.181778,0.415605;0.961919,0.130044,0.149923,0.187947
0.863722,0.181371,0.419468;0.957257,0.145237,0.15291,0.19795
0.853354,0.180989,0.423366;0.952249,0.160378,0.155841,0.207883
0.843054,0.180652,0.427278;0.946896,0.17546,0.158715,0.21774
0.832861,0.180378,0.43118;0.941202,0.190479,0.161533,0.227518
0.822813,0.180183,0.43505;0.935166,0.20543,0.164292,0.237214
0.812948,0.180086,0.438863;0.928793,0.220306,0.166991,0.246824
0.803302,0.180106,0.442597;0.922084,0.235102,0.16963,0.256345
0.793915,0.180258,0.446229;0.915042,0.249813,0.172208,0.265774
0.783835,0.180607,0.450118;0.906829,0.266053,0.174999,0.276137
0.774171,0.181167,0.45382;0.898212,0.282174,0.177713,0.286377
0.764086,0.182056,0.457639;0.88827,0.299761,0.180605,0.297493
0.754637,0.183264,0.461153;0.877848,0.317187,0.1834,0.308448
0.745137,0.184983,0.464589;0.865938,0.336001,0.186337,0.320209
0.735898,0.187365,0.46778;0.852407,0.356138,0.189382,0.332718
0.726744,0.190855,0.470689;0.835997,0.379039,0.192719,0.346839
0.718124,0.196202,0.472941;0.815198,0.406016,0.196467,0.363323
0.711711,0.204219,0.473628;0.789445,0.436744,0.200481,0.381888
0.709672,0.213834,0.472084;0.763473,0.46521,0.203936,0.398871
0.711374,0.223674,0.468893;0.740323,0.488756,0.206588,0.412748
0.714975,0.232311,0.465185;0.721974,0.506337,0.208435,0.423001
0.719753,0.240553,0.461065;0.722486,0.509695,0.210002,0.417282
0.725574,0.248895,0.456474;0.730573,0.50734,0.211455,0.405162
0.73153,0.256495,0.452024;0.737377,0.505232,0.212663,0.394702
0.73831,0.264469,0.447145;0.744063,0.503042,0.213837,0.384179
0.744542,0.271371,0.442787;0.749542,0.501156,0.214788,0.375361
0.751263,0.278483,0.438189;0.754937,0.499213,0.215716,0.366502
0.758436,0.285782,0.433381;0.760247,0.497214,0.216619,0.357602
0.766023,0.293244,0.428387;0.765472,0.495159,0.217498,0.348661
0.773986,0.300848,0.423235;0.770611,0.493048,0.218353,0.339682
0.782288,0.30857,0.417951;0.775664,0.490883,0.219183,0.330664
0.789148,0.314818,0.413647;0.779643,0.489111,0.21983,0.323423
0.796182,0.321115,0.40929;0.783567,0.487303,0.22046,0.316159
0.80337,0.327449,0.404892;0.787434,0.485461,0.221075,0.308872
0.810693,0.33381,0.400469;0.791244,0.483584,0.221674,0.301563
0.818131,0.340186,0.396033;0.794998,0.481672,0.222257,0.294232
0.825666,0.346564,0.391598;0.798695,0.479725,0.222824,0.28688
0.833278,0.352933,0.387178;0.802334,0.477744,0.223375,0.279508
0.840948,0.359281,0.382786;0.805916,0.475729,0.22391,0.272115
0.848656,0.365597,0.378436;0.809439,0.473679,0.224429,0.264703
0.856384,0.371869,0.374143;0.812905,0.471596,0.224932,0.257272
0.864112,0.378085,0.369918;0.816312,0.469478,0.225418,0.249822
0.87182,0.384234,0.365776;0.819661,0.467327,0.225889,0.242355
0.87949,0.390304,0.361732;0.822951,0.465142,0.226343,0.23487
0.887103,0.396284,0.357797;0.826181,0.462924,0.226781,0.227368
0.894638,0.402161,0.353987;0.829352,0.460673,0.227203,0.21985
0.902078,0.407923,0.350314;0.832464,0.458388,0.227608,0.212316
0.911212,0.414949,0.345937;0.83627,0.455487,0.228092,0.202877
0.920129,0.421755,0.341824;0.839981,0.452534,0.22855,0.193415
0.928789,0.428319,0.338;0.843599,0.44953,0.228982,0.183932
0.937156,0.434618,0.334493;0.847122,0.446476,0.229389,0.174428
0.945193,0.440629,0.331329;0.850549,0.443371,0.22977,0.164905
0.954346,0.44743,0.328022;0.854536,0.43958,0.230193,0.153452
0.962904,0.453745,0.325294;0.858385,0.435719,0.230579,0.141975
0.970802,0.459534,0.323191;0.862096,0.431786,0.230928,0.130475
0.979093,0.46557,0.321589;0.866248,0.427111,0.231288,0.117031
0.987227,0.471446,0.320969;0.870761,0.421652,0.231636,0.101636
0.995801,0.477578,0.322421;0.876557,0.413949,0.232007,0.0804202
1.00196,0.481905,0.329171;0.883692,0.403083,0.23231,0.051422
1.00141,0.481457,0.339979;0.889155,0.393336,0.232382,0.0262471
0.998062,0.479059,0.349134;0.892182,0.387189,0.232339,0.0107438
0.993096,0.475546,0.358813;0.89462,0.381719,0.232247,-0.00282435
0.987248,0.471433,0.368407;0.896553,0.376964,0.232127,-0.0144538
0.981202,0.467199,0.377353;0.898053,0.372955,0.231998,-0.0241433
0.975571,0.463267,0.385151;0.89918,0.369717,0.231876,-0.031893
0.969212,0.458839,0.393534;0.900244,0.366453,0.231738,-0.0396404
0.962107,0.453902,0.402516;0.901242,0.363162,0.231583,-0.0473849
0.956277,0.449859,0.409653;0.901948,0.360677,0.231456,-0.0531911
0.950008,0.445519,0.417141;0.902618,0.358178,0.23132,-0.0589952
0.943293,0.440876,0.424984;0.903252,0.355664,0.231174,-0.0647969
0.936122,0.435926,0.433189;0.903848,0.353135,0.231019,-0.0705959
0.928488,0.430663,0.441761;0.904409,0.350593,0.230854,-0.0763921
0.920382,0.425084,0.450707;0.904933,0.348036,0.230681,-0.0821852
0.911798,0.419183,0.460031;0.90542,0.345465,0.230497,-0.087975
0.902725,0.412954,0.469741;0.905871,0.34288,0.230305,-0.0937613
0.896402,0.408618,0.47643;0.906151,0.341149,0.230172,-0.0976167
0.889857,0.404133,0.483295;0.906415,0.339412,0.230034,-0.10147
0.883086,0.399497,0.490336;0.906662,0.337669,0.229892,-0.105322
0.876087,0.394709,0.497556;0.906894,0.33592,0.229746,-0.109172
0.868859,0.389768,0.504957;0.907109,0.334164,0.229597,-0.11302
