0.693099,-0.110192,0.521635;0.879224,0.191231,0.308081,0.309002
0.695249,-0.0990134,0.518079;0.877092,0.195732,0.31162,0.308693
0.697397,-0.0881498,0.514667;0.874928,0.200225,0.315147,0.308373
0.699544,-0.0775981,0.511398;0.87273,0.204711,0.318663,0.308041
0.701689,-0.067355,0.508269;0.8705,0.20919,0.322166,0.307697
0.703832,-0.0574174,0.505279;0.868238,0.21366,0.325658,0.307342
0.705972,-0.0477821,0.502425;0.865943,0.218123,0.329137,0.306976
0.708822,-0.0353996,0.498831;0.862832,0.22406,0.333757,0.30647
0.711666,-0.0235411,0.495472;0.859664,0.229983,0.338355,0.305943
0.714504,-0.012199,0.492345;0.856439,0.23589,0.34293,0.305396
0.717334,-0.00136575,0.489445;0.853157,0.241781,0.347483,0.304828
0.720157,0.00896632,0.486768;0.849818,0.247657,0.352012,0.30424
0.722972,0.0188048,0.48431;0.846423,0.253516,0.356518,0.303633
0.725778,0.0281573,0.482066;0.842971,0.259358,0.361,0.303004
0.72927,0.0391761,0.479556;0.838578,0.266636,0.366569,0.302191
0.732747,0.0494622,0.477365;0.834097,0.273887,0.3721,0.301346
0.736205,0.0590307,0.475487;0.82953,0.281109,0.377593,0.300469
0.740328,0.0695862,0.473631;0.823935,0.289737,0.384131,0.299377
0.744421,0.0791553,0.472198;0.818217,0.298321,0.390613,0.298239
0.749154,0.0891066,0.471039;0.811392,0.30828,0.3981,0.296855
0.754504,0.0989305,0.470365;0.803389,0.319584,0.406558,0.2952
0.760439,0.10808,0.470392;0.79413,0.3322,0.415944,0.293244
0.76692,0.115985,0.471343;0.783529,0.346086,0.426208,0.290955
0.774526,0.122492,0.473669;0.770377,0.362559,0.43829,0.288048
0.783138,0.126236,0.477873;0.754452,0.381502,0.452054,0.284439
0.791439,0.126146,0.483504;0.737912,0.400134,0.46545,0.280598
0.798842,0.122914,0.48985;0.722014,0.417143,0.477549,0.276827
0.805393,0.117473,0.496533;0.706889,0.432585,0.48842,0.273173
0.810631,0.111289,0.502619;0.693961,0.445255,0.497256,0.270003
0.815656,0.10373,0.509105;0.680745,0.45774,0.505886,0.266721
0.819986,0.0958518,0.515229;0.668608,0.468814,0.513472,0.263672
0.823677,0.0880655,0.520858;0.65763,0.478526,0.520071,0.260887
0.827211,0.0796055,0.526627;0.646477,0.488109,0.526531,0.258033
0.830585,0.0705326,0.5325;0.635153,0.497563,0.532851,0.255111
0.833399,0.062139,0.537699;0.625105,0.505727,0.538265,0.252497
0.836022,0.0535672,0.54281;0.621944,0.50942,0.539566,0.250091
0.838483,0.0447909,0.547861;0.652197,0.491568,0.520835,0.248456
0.840692,0.0362277,0.55263;0.679819,0.473991,0.502386,0.24655
0.842789,0.0274164,0.557391;0.706479,0.455743,0.483225,0.244295
0.844773,0.0183751,0.562136;0.732138,0.436849,0.46338,0.241693
0.846644,0.00912207,0.566854;0.75676,0.417337,0.442879,0.23875
0.848301,0.000236155,0.571264;0.778956,0.398432,0.423011,0.235671
0.849858,-0.00880611,0.575637;0.800175,0.379028,0.402612,0.232296
0.851315,-0.0179896,0.579966;0.82039,0.359148,0.381708,0.228629
0.852671,-0.0272991,0.584243;0.839577,0.338818,0.360325,0.224676
0.853925,-0.0367196,0.588463;0.85771,0.318063,0.33849,0.220442
0.855078,-0.0462358,0.592617;0.874767,0.296909,0.316231,0.21593
0.85613,-0.0558326,0.596698;0.890727,0.275382,0.293575,0.211148
0.85708,-0.0654949,0.600701;0.90557,0.25351,0.270551,0.206101
0.857928,-0.0752076,0.604617;0.919277,0.23132,0.247187,0.200796
0.858673,-0.0849554,0.608439;0.931831,0.20884,0.223514,0.195238
0.859316,-0.0947233,0.612161;0.943217,0.186098,0.19956,0.189436
0.859857,-0.104496,0.615776;0.953419,0.163122,0.175356,0.183396
0.860294,-0.114259,0.619276;0.962425,0.139942,0.150931,0.177126
0.860629,-0.123996,0.622654;0.970224,0.116587,0.126318,0.170634
0.86086,-0.133692,0.625904;0.976807,0.093085,0.101546,0.163928
0.860988,-0.143333,0.629019;0.982164,0.0694664,0.0766468,0.157017
0.861011,-0.152903,0.63199;0.986289,0.0457607,0.0516514,0.149908
0.860923,-0.162977,0.634984;0.989316,0.0205112,0.0250235,0.142149
0.860716,-0.172935,0.637799;0.990943,-0.00476736,-0.00163981,0.134189
0.860392,-0.18276,0.640429;0.991166,-0.0300392,-0.0283008,0.126039
0.85992,-0.192998,0.643002;0.989873,-0.0567505,-0.0564856,0.117216
0.859314,-0.203044,0.645347;0.987009,-0.0833716,-0.0845808,0.108206
0.858576,-0.212877,0.647454;0.982578,-0.10986,-0.112542,0.0990244
0.857652,-0.223001,0.649409;0.976209,-0.137631,-0.141861,0.0891625
0.856579,-0.232838,0.651076;0.968113,-0.165158,-0.17093,0.079143
0.855287,-0.242856,0.652506;0.957741,-0.193817,-0.201201,0.0684452
0.853753,-0.25297,0.653636;0.944832,-0.2235,-0.23256,0.0570686
0.851948,-0.263084,0.654393;0.929118,-0.254077,-0.264872,0.0450184
0.849846,-0.273089,0.654699;0.910336,-0.285398,-0.297981,0.0323068
0.847415,-0.282862,0.654465;0.888222,-0.317291,-0.331704,0.0189538
0.844577,-0.292414,0.653578;0.869143,-0.345537,-0.353688,0.0100028
0.841045,-0.302198,0.651774;0.877629,-0.356024,-0.320085,0.0236623
0.836966,-0.311425,0.649007;0.885182,-0.366546,-0.283984,0.0380863
0.832323,-0.319984,0.645223;0.891541,-0.376984,-0.245361,0.0532417
0.827375,-0.327418,0.640653;0.896233,-0.386718,-0.206279,0.0682975
0.821886,-0.334126,0.635104;0.89936,-0.396182,-0.164725,0.0840072
0.816159,-0.339789,0.628914;0.900623,-0.404824,-0.12283,0.0995427
0.810245,-0.344512,0.622199;0.900019,-0.412628,-0.0806794,0.114872
0.804195,-0.348399,0.615079;0.897549,-0.419576,-0.0383619,0.129963
0.798061,-0.351553,0.607672;0.893219,-0.425654,0.00403514,0.144785
0.791892,-0.354079,0.600094;0.887037,-0.43085,0.0464238,0.159306
0.785741,-0.35608,0.592465;0.879017,-0.435153,0.0887162,0.173498
0.779356,-0.35773,0.584528;0.868634,-0.4387,0.132924,0.188011
0.773106,-0.359036,0.5768;0.856267,-0.441244,0.176828,0.202095
0.766765,-0.360166,0.569077;0.841212,-0.442829,0.222387,0.216353
0.76017,-0.361282,0.56127;0.822384,-0.44329,0.271448,0.231288
0.753503,-0.362555,0.55377;0.79922,-0.442297,0.323678,0.246686
0.746571,-0.364398,0.546683;0.769018,-0.439226,0.382524,0.263377
0.739259,-0.367723,0.540692;0.749469,-0.456751,0.390738,0.277484
0.731512,-0.373322,0.537262;0.739051,-0.502367,0.341205,0.291565
0.725022,-0.373838,0.540167;0.709394,-0.58229,0.242574,0.314413
0.725202,-0.363751,0.542069;0.691639,-0.615541,0.195914,0.323052
0.726124,-0.353193,0.542448;0.679913,-0.634186,0.167913,0.327614
0.727182,-0.342638,0.542125;0.670543,-0.647635,0.146768,0.330758
0.728291,-0.331934,0.54135;0.662362,-0.658483,0.129065,0.333195
0.729318,-0.322028,0.540342;0.655577,-0.666923,0.114855,0.335024
0.730465,-0.310857,0.538945;0.648581,-0.675148,0.100608,0.336744
0.731562,-0.299992,0.537373;0.642287,-0.682166,0.0881158,0.338161
0.73257,-0.289833,0.535743;0.636766,-0.688047,0.0773904,0.339309
0.733637,-0.278865,0.533836;0.63113,-0.693804,0.066651,0.340395
0.734762,-0.267058,0.531634;0.625379,-0.699435,0.0558995,0.341419
0.735683,-0.257183,0.529688;0.622318,-0.702087,0.049263,0.342589
0.736629,-0.246871,0.527568;0.638867,-0.682461,0.0662246,0.348871
0.737538,-0.236858,0.525442;0.65367,-0.663633,0.0819165,0.354396
0.738478,-0.226458,0.52318;0.667917,-0.644241,0.0975388,0.35962
0.739373,-0.216546,0.520985;0.680564,-0.625854,0.111886,0.364171
0.740297,-0.206363,0.518701;0.692718,-0.607014,0.126152,0.368458
0.741249,-0.195937,0.516338;0.704371,-0.587734,0.140327,0.372478
0.742148,-0.186191,0.514115;0.714604,-0.569686,0.153231,0.375925
0.743073,-0.176285,0.511845;0.724402,-0.551291,0.166043,0.379144
0.744024,-0.166241,0.50954;0.733759,-0.53256,0.178753,0.382132
0.745002,-0.156081,0.507207;0.742669,-0.513505,0.191354,0.384888
0.746009,-0.145826,0.504857;0.751127,-0.494138,0.203839,0.387409
0.747044,-0.135497,0.502499;0.759128,-0.47447,0.216199,0.389694
0.748109,-0.125117,0.500142;0.766666,-0.454513,0.228428,0.391742
0.749203,-0.114707,0.497796;0.773738,-0.434279,0.240518,0.393552
0.750329,-0.104287,0.49547;0.780338,-0.41378,0.252462,0.395121
0.751486,-0.0938805,0.493173;0.786464,-0.39303,0.264251,0.396451
0.752675,-0.0835078,0.490916;0.792111,-0.37204,0.27588,0.397539
0.753898,-0.0731907,0.488706;0.797275,-0.350824,0.287341,0.398384
0.755154,-0.0629506,0.486555;0.801954,-0.329395,0.298627,0.398988
0.756444,-0.0528091,0.48447;0.806144,-0.307764,0.309731,0.399348
0.75777,-0.0427877,0.482463;0.809844,-0.285947,0.320647,0.399465
0.759131,-0.0329077,0.480541;0.813051,-0.263955,0.331367,0.399339
0.760658,-0.0223163,0.478553;0.815985,-0.239781,0.342832,0.398924
0.76223,-0.0119467,0.476692;0.818327,-0.215434,0.354048,0.39822
0.763847,-0.001827,0.474968;0.820076,-0.19093,0.365007,0.397228
0.765511,0.00801506,0.473395;0.821232,-0.166288,0.375702,0.395948
0.767366,0.0183316,0.471874;0.821811,-0.139457,0.386981,0.394237
0.769278,0.028254,0.470559;0.821693,-0.112508,0.397931,0.392191
0.771402,0.0384582,0.469391;0.820783,-0.0833788,0.409345,0.389615
0.773754,0.0487881,0.468447;0.81891,-0.0520788,0.421125,0.386429
0.776352,0.0590588,0.467817;0.815891,-0.018628,0.433165,0.382548
0.779215,0.0690532,0.467606;0.811532,0.0169387,0.445346,0.377884
0.782544,0.0790081,0.46797;0.805263,0.0566583,0.458193,0.372022
0.786385,0.0883895,0.469165;0.796634,0.100436,0.471422,0.364758
0.791188,0.0971371,0.471762;0.784058,0.152254,0.485806,0.355055
0.797082,0.103672,0.476512;0.766384,0.211752,0.500575,0.342404
0.803779,0.105941,0.483839;0.743909,0.274357,0.514019,0.327281
0.809725,0.103744,0.491927;0.722281,0.325854,0.523381,0.313373
0.814753,0.0990308,0.499845;0.703015,0.366647,0.529644,0.30136
0.818975,0.0931814,0.507209;0.686274,0.399077,0.533854,0.291143
0.822815,0.0864402,0.514446;0.670673,0.427213,0.536925,0.281777
0.826231,0.0793556,0.521299;0.656538,0.451206,0.539094,0.273401
0.829459,0.0717599,0.528116;0.642994,0.473014,0.54069,0.265463
0.832481,0.063882,0.534792;0.630169,0.492704,0.541809,0.258017
0.835281,0.055942,0.541222;0.618177,0.510344,0.542539,0.251112
