0.870245,-0.238205,0.527917;-0.0910508,0.971603,-0.18896,0.109502
0.869279,-0.227055,0.529534;-0.0819501,0.972827,-0.190045,0.103801
0.868355,-0.216113,0.531127;-0.0728397,0.973936,-0.191108,0.0980884
0.867475,-0.205377,0.532694;-0.0637208,0.97493,-0.192147,0.0923637
0.866637,-0.194846,0.534237;-0.0545943,0.975809,-0.193164,0.0866281
0.865841,-0.184517,0.535755;-0.0454614,0.976572,-0.194159,0.0808823
0.865086,-0.174389,0.537249;-0.0363231,0.977221,-0.19513,0.075127
0.864372,-0.164461,0.538719;-0.0271806,0.977754,-0.196079,0.0693628
0.863569,-0.152808,0.540452;-0.0162053,0.978242,-0.197186,0.062435
0.862822,-0.141437,0.542151;-0.00522738,0.978563,-0.19826,0.0554966
0.862132,-0.130345,0.543816;0.00575148,0.978718,-0.1993,0.0485488
0.861498,-0.11953,0.545448;0.0167294,0.978707,-0.200307,0.0415927
0.860918,-0.108988,0.547047;0.0277044,0.978529,-0.201279,0.0346296
0.860392,-0.0987162,0.548614;0.0386747,0.978186,-0.202218,0.0276606
0.859919,-0.0887127,0.550149;0.0496385,0.977676,-0.203121,0.0206868
0.859432,-0.0773766,0.5519;0.0624187,0.976871,-0.204132,0.0125465
0.859015,-0.0663967,0.553608;0.0751846,0.97584,-0.205096,0.00440318
0.858666,-0.0557685,0.555275;0.087933,0.974583,-0.206012,-0.00374112
0.858383,-0.0454875,0.5569;0.100661,0.973101,-0.206881,-0.0118845
0.858165,-0.0355492,0.558485;0.113366,0.971394,-0.207702,-0.0200252
0.857994,-0.0246049,0.560247;0.127853,0.969169,-0.208581,-0.0293231
0.857904,-0.0140956,0.561957;0.142302,0.96665,-0.209397,-0.0386121
0.857893,-0.00401464,0.563617;0.156708,0.963839,-0.21015,-0.0478894
0.857973,0.00682291,0.565425;0.172858,0.960329,-0.210921,-0.058309
0.858147,0.0171365,0.567172;0.188942,0.956452,-0.211611,-0.0687062
0.858447,0.0279931,0.569041;0.206728,0.951716,-0.212284,-0.0802278
0.858856,0.0382278,0.570839;0.224416,0.94653,-0.212856,-0.0917115
0.859426,0.0487833,0.572734;0.243751,0.94031,-0.213369,-0.104293
0.860118,0.0586196,0.574545;0.262946,0.933552,-0.213761,-0.116816
0.861005,0.0685503,0.576429;0.283715,0.925573,-0.214049,-0.1304
0.862112,0.0783925,0.578364;0.305996,0.916219,-0.214196,-0.145016
0.863569,0.0886016,0.580465;0.331401,0.904518,-0.214154,-0.161736
0.865434,0.0987397,0.582682;0.359766,0.890097,-0.213832,-0.180477
0.867766,0.108346,0.584966;0.390886,0.872543,-0.213126,-0.201131
0.870898,0.117663,0.587471;0.427662,0.849308,-0.211787,-0.225671
0.875414,0.126262,0.590345;0.474012,0.815825,-0.209246,-0.256823
0.882533,0.132231,0.593776;0.536889,0.76183,-0.204057,-0.299541
0.891738,0.130795,0.597019;0.606624,0.687708,-0.195411,-0.347677
0.899102,0.124118,0.599029;0.656196,0.623032,-0.186831,-0.382534
0.904887,0.115865,0.600384;0.692333,0.567362,-0.178845,-0.408399
0.909741,0.106898,0.601437;0.721159,0.516024,-0.171068,-0.429401
0.913921,0.0975327,0.602327;0.738925,0.493557,-0.160303,-0.429761
0.917542,0.087949,0.603113;0.74917,0.495648,-0.147312,-0.413976
0.920837,0.0777086,0.603857;0.759021,0.497479,-0.134243,-0.397972
0.923519,0.0679266,0.604501;0.767628,0.498915,-0.122301,-0.38324
0.925875,0.0577841,0.605118;0.775902,0.500134,-0.110305,-0.368342
0.927877,0.0473678,0.605711;0.783837,0.501135,-0.098261,-0.353283
0.929498,0.0367644,0.606285;0.79143,0.501917,-0.0861743,-0.33807
0.930712,0.0260608,0.606842;0.798679,0.502481,-0.07405,-0.32271
0.931491,0.0153436,0.607387;0.80558,0.502826,-0.0618935,-0.307209
0.931808,0.00469953,0.607922;0.812129,0.502951,-0.04971,-0.291574
0.931635,-0.00578464,0.608452;0.818325,0.502858,-0.0375048,-0.275812
0.930947,-0.0160222,0.60898;0.824164,0.502545,-0.0252833,-0.25993
0.929561,-0.0268952,0.609562;0.830172,0.501948,-0.0118272,-0.242329
0.927482,-0.0372493,0.610152;0.835742,0.501086,0.00163525,-0.224601
0.924673,-0.0469693,0.610753;0.840871,0.499961,0.0150968,-0.206754
0.920734,-0.0567139,0.611427;0.845961,0.498432,0.0297728,-0.18716
0.915838,-0.0654164,0.612127;0.85052,0.49659,0.0444301,-0.167449
0.909398,-0.0734944,0.612921;0.854857,0.494244,0.0602771,-0.145977
0.901719,-0.0799831,0.613761;0.858564,0.491533,0.0760798,-0.124398
0.892742,-0.0846918,0.614653;0.861639,0.48846,0.0918264,-0.102727
0.882407,-0.0874301,0.615607;0.864079,0.485028,0.107505,-0.0809808
0.872216,-0.0880605,0.616496;0.869358,0.475791,0.114743,-0.0683627
0.861991,-0.0871542,0.617358;0.886295,0.445478,0.0982556,-0.0798549
0.851642,-0.0850958,0.618219;0.900981,0.416189,0.0825381,-0.090591
0.841399,-0.0821869,0.619075;0.913623,0.388076,0.0676365,-0.100577
0.831446,-0.0786832,0.61992;0.924419,0.361272,0.0535877,-0.109823
0.821925,-0.0747998,0.620748;0.933563,0.335889,0.0404212,-0.118342
0.812252,-0.0703839,0.621615;0.941798,0.31018,0.0272153,-0.126746
0.803191,-0.0658578,0.622458;0.948624,0.286036,0.0149287,-0.134439
0.794112,-0.0609696,0.623337;0.954653,0.261651,0.00262958,-0.142019
0.785069,-0.055766,0.624256;0.959881,0.237047,-0.00967178,-0.14948
0.776115,-0.0502938,0.625214;0.964302,0.212244,-0.021965,-0.156815
0.767307,-0.0445997,0.626214;0.967914,0.187263,-0.0342398,-0.164019
0.758697,-0.0387304,0.627257;0.970713,0.162125,-0.0464858,-0.171085
0.750341,-0.0327326,0.628345;0.972698,0.13685,-0.0586929,-0.178008
0.742293,-0.0266529,0.629479;0.973865,0.11146,-0.0708506,-0.184781
0.734033,-0.0200678,0.630753;0.974208,0.0840137,-0.0838767,-0.191901
0.726261,-0.0135003,0.632084;0.973602,0.0564852,-0.0968211,-0.198834
0.718554,-0.00654952,0.633575;0.9719,0.0269301,-0.110585,-0.206048
0.711131,0.000687578,0.635243;0.968888,-0.00462777,-0.12513,-0.213488
0.704259,0.00808136,0.637104;0.964337,-0.0381506,-0.14041,-0.221096
0.697962,0.0158585,0.639299;0.957613,-0.0755503,-0.157247,-0.229223
0.692711,0.0240367,0.641996;0.947682,-0.118681,-0.176388,-0.238118
0.689596,0.0328194,0.64568;0.931751,-0.173149,-0.200131,-0.248608
0.69228,0.0407338,0.650855;0.905948,-0.242159,-0.229499,-0.260668
0.700609,0.0437212,0.655389;0.882813,-0.296022,-0.248501,-0.266945
0.71018,0.0438098,0.658826;0.881146,-0.329495,-0.228735,-0.250389
0.71982,0.0427978,0.661632;0.878679,-0.355852,-0.212625,-0.23682
0.729544,0.0412498,0.664085;0.875694,-0.378581,-0.198329,-0.224724
0.739537,0.0393502,0.666331;0.872236,-0.399391,-0.184898,-0.213316
0.749497,0.0372723,0.668353;0.868459,-0.418332,-0.172377,-0.202642
0.75918,0.0351493,0.670144;0.864505,-0.435458,-0.160801,-0.192742
0.76933,0.0328671,0.671859;0.860084,-0.452349,-0.149138,-0.182739
0.779886,0.0304743,0.673482;0.855198,-0.468995,-0.137394,-0.172637
0.789785,0.0282436,0.674863;0.850354,-0.483908,-0.126653,-0.163371
0.799927,0.0259976,0.676142;0.84513,-0.498605,-0.115856,-0.154033
0.810264,0.0237727,0.677306;0.839528,-0.513079,-0.105007,-0.144626
0.820754,0.0216052,0.678344;0.833551,-0.527323,-0.0941105,-0.135154
0.83135,0.0195314,0.679242;0.827201,-0.541332,-0.0831723,-0.125622
0.842008,0.0175876,0.67999;0.820481,-0.555098,-0.0721969,-0.116034
0.852682,0.0158101,0.680573;0.813395,-0.568617,-0.0611893,-0.106394
0.863329,0.0142353,0.680981;0.805945,-0.581881,-0.0501543,-0.096706
0.873902,0.0128995,0.681201;0.798135,-0.594885,-0.0390969,-0.086975
0.884357,0.0118389,0.68122;0.789967,-0.607623,-0.028022,-0.0772051
0.894649,0.0110899,0.681027;0.781447,-0.620089,-0.0169346,-0.0674007
0.904732,0.0106889,0.680609;0.772577,-0.632279,-0.00583957,-0.0575662
0.91553,0.0106929,0.679875;0.762422,-0.64536,0.00636775,-0.0467187
0.925961,0.0112102,0.678837;0.751854,-0.658092,0.0185716,-0.0358459
0.935966,0.0122891,0.67748;0.740879,-0.670469,0.0307654,-0.0249537
0.946324,0.0141633,0.675616;0.72845,-0.683556,0.0440486,-0.0130561
0.956026,0.0168262,0.67333;0.715552,-0.696204,0.0573034,-0.00115013
0.964994,0.0203404,0.670603;0.702193,-0.708403,0.0705213,0.0107566
0.973791,0.0251811,0.667124;0.687212,-0.721105,0.0847892,0.0236475
0.981536,0.0311743,0.663075;0.671711,-0.733261,0.098993,0.0365205
0.988131,0.0384,0.658428;0.655702,-0.744863,0.113122,0.049366
0.993113,0.0462327,0.653585;0.640485,-0.755074,0.126089,0.0611904
0.996677,0.0544484,0.648659;0.626174,-0.764007,0.137904,0.0719951
0.999222,0.0637048,0.643252;0.611523,-0.772526,0.149644,0.0827608
1.0006,0.0730633,0.637905;0.597918,-0.779909,0.160247,0.0925091
1.00104,0.0822854,0.632731;0.585444,-0.786255,0.169728,0.101247
1.00076,0.0913278,0.627734;0.585991,-0.783409,0.178917,0.104276
0.999928,0.100162,0.622909;0.604048,-0.76796,0.188176,0.099763
0.998581,0.109496,0.617857;0.6217,-0.751996,0.197309,0.0951834
0.996918,0.118461,0.613035;0.637515,-0.736919,0.205564,0.0909292
0.994869,0.127789,0.608042;0.65297,-0.721427,0.213704,0.0866238
0.992688,0.13656,0.603362;0.666701,-0.70699,0.221,0.0826674
0.990224,0.145587,0.598555;0.680122,-0.692223,0.228192,0.0786724
0.987493,0.154849,0.593629;0.693226,-0.677134,0.235279,0.0746408
0.98482,0.163368,0.5891;0.704743,-0.663284,0.241562,0.0709826
0.981958,0.172046,0.584485;0.715995,-0.649184,0.247755,0.0672976
0.978918,0.180868,0.57979;0.726976,-0.634838,0.253855,0.0635872
0.975712,0.189817,0.575019;0.737683,-0.620254,0.259858,0.0598528
0.972353,0.19888,0.57018;0.748112,-0.605435,0.265764,0.0560958
0.968854,0.208041,0.565275;0.758258,-0.590387,0.271569,0.0523177
0.965226,0.217285,0.560312;0.768119,-0.575117,0.277272,0.0485198
0.961483,0.226596,0.555295;0.777689,-0.55963,0.28287,0.0447036
0.958068,0.234917,0.550794;0.78595,-0.545686,0.287756,0.0412972
0.954581,0.243269,0.546259;0.793976,-0.53158,0.292557,0.0378785
0.951029,0.251642,0.541693;0.801766,-0.517315,0.29727,0.0344485
0.947421,0.260024,0.537099;0.809317,-0.502896,0.301895,0.0310083
0.943766,0.268404,0.532483;0.816626,-0.488326,0.30643,0.0275588
0.940074,0.276774,0.527846;0.823692,-0.473612,0.310874,0.024101
0.936351,0.285121,0.523193;0.830513,-0.458756,0.315224,0.0206361
0.932608,0.293435,0.518528;0.837085,-0.443763,0.319481,0.0171651
0.928853,0.301705,0.513855;0.843408,-0.428638,0.323643,0.0136889
0.925094,0.309922,0.509176;0.84948,-0.413385,0.327708,0.0102086
0.92134,0.318073,0.504496;0.855298,-0.398009,0.331675,0.00672532
0.917601,0.326149,0.499819;0.860862,-0.382514,0.335544,0.00324001
0.913421,0.335131,0.494565;0.866814,-0.364946,0.339776,-0.000682067
0.909283,0.34399,0.489323;0.872439,-0.347241,0.34388,-0.00460389
0.905198,0.352708,0.484101;0.877734,-0.329404,0.347855,-0.00852397
0.901179,0.361273,0.478902;0.882699,-0.311443,0.351698,-0.0124408
0.897238,0.369668,0.473732;0.88733,-0.293365,0.355409,-0.016353
0.893388,0.377878,0.468596;0.891626,-0.275176,0.358985,-0.020259
0.889641,0.385888,0.4635;0.895586,-0.256883,0.362426,-0.0241574
0.885613,0.394536,0.45789;0.89959,-0.236444,0.366089,-0.0284781
0.881745,0.402898,0.452343;0.903175,-0.215896,0.369581,-0.0327856
0.878053,0.410953,0.446866;0.906338,-0.195246,0.372901,-0.0370778
0.874555,0.41868,0.441466;0.90908,-0.174506,0.376047,-0.0413527
0.87095,0.426777,0.435624;0.911606,-0.151598,0.379306,-0.0460328
0.867623,0.434424,0.429894;0.913619,-0.128604,0.38235,-0.050687
0.864336,0.442222,0.423782;0.915227,-0.103438,0.385426,-0.0557316
0.861212,0.449988,0.417338;0.916277,-0.0760972,0.388466,-0.0611543
0.858397,0.457506,0.410622;0.9166,-0.0465867,0.391398,-0.0669401
0.856065,0.464527,0.403707;0.916018,-0.0149218,0.394143,-0.0730712
0.85435,0.471103,0.396251;0.914198,0.0209822,0.396754,-0.079927
0.853701,0.476829,0.388044;0.910481,0.0631823,0.399142,-0.087854
0.855169,0.480686,0.378727;0.90345,0.115758,0.401081,-0.097531
0.859887,0.480385,0.369963;0.892904,0.172156,0.401863,-0.107662
0.866714,0.47617,0.363666;0.881527,0.219746,0.401453,-0.116006
0.874002,0.470158,0.359547;0.871107,0.256618,0.400442,-0.122337
0.881458,0.463232,0.356692;0.861418,0.287051,0.399138,-0.127473
0.888985,0.455763,0.354662;0.852291,0.313184,0.397669,-0.131815
0.896154,0.448343,0.353278;0.844043,0.335105,0.396182,-0.135409
0.90333,0.440698,0.352296;0.836132,0.35487,0.394636,-0.13861
0.910337,0.433068,0.351642;0.828679,0.372517,0.393087,-0.141436
0.917879,0.424711,0.351211;0.820914,0.390024,0.391391,-0.144208
0.925041,0.416661,0.35102;0.813751,0.405462,0.389758,-0.146627
