0.761442,0.294052,0.60904;0.794321,0.504467,-0.331216,0.0697333
0.75893,0.288225,0.601129;0.794257,0.528956,-0.293482,0.0568369
0.75618,0.28238,0.593047;0.792009,0.555861,-0.248993,0.0417505
0.753254,0.276857,0.585202;0.786633,0.58445,-0.197558,0.0244606
0.749906,0.271564,0.577339;0.775828,0.616812,-0.132759,0.00289964
0.745653,0.266771,0.569443;0.75275,0.656533,-0.0395508,-0.0277018
0.738574,0.265465,0.56355;0.678441,0.713377,0.151356,-0.0888977
0.733448,0.272596,0.568079;0.574993,0.735154,0.328953,-0.143948
0.730933,0.279902,0.574463;0.4972,0.731754,0.43211,-0.174954
0.729107,0.287243,0.581334;0.423946,0.718654,0.51403,-0.198948
0.727637,0.294465,0.588317;0.352288,0.698636,0.583094,-0.218635
0.726341,0.301675,0.595417;0.278697,0.671888,0.644506,-0.2356
0.725131,0.308784,0.602485;0.224685,0.660047,0.671697,-0.250355
0.723886,0.315922,0.609645;0.234626,0.708994,0.610171,-0.264516
0.722482,0.322907,0.616822;0.243962,0.758397,0.536505,-0.278352
0.720554,0.32951,0.624091;0.252947,0.812196,0.436708,-0.292644
0.715286,0.331078,0.629527;0.260908,0.889396,0.211783,-0.309919
0.711368,0.322822,0.625247;0.259097,0.909969,0.0866897,-0.311946
0.708628,0.314504,0.619992;0.256152,0.915194,0.0137564,-0.310832
0.706253,0.306166,0.614431;0.252964,0.915881,-0.0422297,-0.30885
0.704096,0.297904,0.608765;0.249729,0.914272,-0.0883865,-0.306479
0.702005,0.289403,0.602831;0.24638,0.911168,-0.129527,-0.303798
0.700028,0.280994,0.596887;0.243072,0.907126,-0.165644,-0.300999
0.698064,0.272348,0.59072;0.239691,0.902257,-0.199154,-0.298023
0.69626,0.264176,0.584848;0.206605,0.904137,-0.209215,-0.309968
0.694491,0.255975,0.578921;0.165344,0.906496,-0.212141,-0.325456
0.692769,0.247809,0.572986;0.125956,0.907096,-0.214531,-0.339543
0.691112,0.239788,0.567128;0.0885512,0.906199,-0.216442,-0.3523
0.68944,0.231513,0.561054;0.051008,0.903883,-0.218014,-0.364505
0.687862,0.223532,0.555167;0.0155991,0.90041,-0.219181,-0.375471
0.686289,0.2154,0.54914;-0.0198313,0.895687,-0.220045,-0.385916
0.684732,0.207155,0.542997;-0.0552343,0.889722,-0.220603,-0.395826
0.683201,0.198833,0.536763;-0.0905606,0.882523,-0.220855,-0.405186
0.681706,0.190469,0.530463;-0.125761,0.874098,-0.2208,-0.413984
0.680255,0.182102,0.524122;-0.160788,0.864462,-0.22044,-0.422208
0.67886,0.173766,0.517763;-0.195591,0.853625,-0.219773,-0.429846
0.677529,0.165499,0.511412;-0.230122,0.841605,-0.218802,-0.436888
0.676273,0.157336,0.505093;-0.264335,0.828416,-0.217526,-0.443323
0.675102,0.149315,0.498831;-0.29818,0.814079,-0.21595,-0.449144
0.674026,0.141472,0.492651;-0.331612,0.798611,-0.214073,-0.454341
0.672997,0.133374,0.486201;-0.366629,0.780964,-0.211754,-0.459172
0.672097,0.125561,0.479901;-0.401071,0.762093,-0.209103,-0.463284
0.671299,0.117648,0.473426;-0.436853,0.740812,-0.205939,-0.466847
0.670644,0.109753,0.466847;-0.47379,0.716938,-0.202208,-0.469718
0.67018,0.102016,0.460252;-0.511668,0.690293,-0.197852,-0.471748
0.66996,0.0942681,0.453444;-0.552049,0.659258,-0.192567,-0.472799
0.670096,0.0868356,0.446623;-0.594447,0.623432,-0.186225,-0.472532
0.670793,0.0796687,0.439573;-0.641557,0.579184,-0.178093,-0.470356
0.672624,0.0731349,0.43215;-0.698095,0.518705,-0.166531,-0.464624
0.677928,0.0699084,0.424812;-0.777445,0.415678,-0.145869,-0.448903
0.685668,0.0757945,0.423665;-0.83794,0.315264,-0.124771,-0.427665
0.691744,0.0838454,0.42586;-0.868218,0.253108,-0.111304,-0.412001
0.69701,0.0922062,0.42901;-0.887769,0.206123,-0.100934,-0.398989
0.701871,0.100733,0.432649;-0.902002,0.166858,-0.0921473,-0.387375
0.706481,0.109379,0.436604;-0.910802,0.137844,-0.0844412,-0.379879
0.710899,0.118063,0.440758;-0.91461,0.120471,-0.0776223,-0.378087
0.715107,0.126611,0.444975;-0.917751,0.104797,-0.0714609,-0.376357
0.719521,0.135805,0.449621;-0.92062,0.0890921,-0.0652783,-0.374514
0.72361,0.144483,0.454092;-0.92294,0.07511,-0.0597664,-0.372784
0.727844,0.153604,0.458866;-0.925045,0.0611103,-0.0542405,-0.370965
0.731661,0.161924,0.46328;-0.926709,0.0488487,-0.0493948,-0.369303
0.735578,0.170538,0.467902;-0.928206,0.0365783,-0.0445403,-0.367575
0.739588,0.179425,0.472722;-0.929537,0.0243013,-0.0396778,-0.365781
0.743686,0.188563,0.477729;-0.930702,0.01202,-0.0348082,-0.363921
0.747867,0.19793,0.482911;-0.931699,-0.000263437,-0.0299323,-0.361995
0.751511,0.206127,0.487484;-0.932421,-0.0107922,-0.0257487,-0.360294
0.755208,0.214464,0.492171;-0.93302,-0.0213195,-0.0215617,-0.358544
0.758955,0.222927,0.496964;-0.933496,-0.031844,-0.0173719,-0.356748
0.762746,0.231504,0.501858;-0.933849,-0.0423643,-0.0131797,-0.354904
0.76658,0.24018,0.506845;-0.934079,-0.052879,-0.00898586,-0.353014
0.770453,0.248944,0.511917;-0.934186,-0.0633867,-0.00479081,-0.351077
0.77436,0.25778,0.517069;-0.93417,-0.0738861,-0.000595118,-0.349094
0.778298,0.266676,0.522292;-0.934031,-0.0843758,0.00360065,-0.347064
0.782264,0.275618,0.527581;-0.933769,-0.0948543,0.00779594,-0.34499
0.786254,0.284593,0.532927;-0.933383,-0.10532,0.0119902,-0.342869
0.790265,0.293588,0.538325;-0.932875,-0.115773,0.0161829,-0.340704
0.794292,0.30259,0.543767;-0.932244,-0.126209,0.0203734,-0.338493
0.798333,0.311584,0.549245;-0.93149,-0.13663,0.0245613,-0.336238
0.802384,0.320557,0.554754;-0.930613,-0.147032,0.0287459,-0.333939
0.806441,0.329497,0.560286;-0.929613,-0.157415,0.0329268,-0.331596
0.810501,0.338389,0.565835;-0.928491,-0.167777,0.0371033,-0.329209
0.814559,0.34722,0.571392;-0.927247,-0.178117,0.0412749,-0.326778
0.818614,0.355978,0.576952;-0.92588,-0.188434,0.0454411,-0.324305
0.82266,0.364648,0.582507;-0.924392,-0.198725,0.0496013,-0.321789
0.826695,0.373217,0.58805;-0.922781,-0.208991,0.0537549,-0.31923
0.830714,0.381672,0.593575;-0.921049,-0.219229,0.0579015,-0.316629
0.834715,0.389999,0.599074;-0.919196,-0.229438,0.0620404,-0.313987
0.838693,0.398185,0.60454;-0.917222,-0.239617,0.0661712,-0.311303
0.842645,0.406217,0.609967;-0.915126,-0.249764,0.0702932,-0.308578
0.846568,0.414082,0.615347;-0.91291,-0.259879,0.074406,-0.305813
0.850458,0.421765,0.620673;-0.910574,-0.269959,0.078509,-0.303007
0.854949,0.430481,0.62681;-0.907697,-0.281674,0.0832827,-0.299683
0.859385,0.438912,0.632854;-0.904657,-0.293339,0.0880414,-0.296306
0.86376,0.447036,0.638793;-0.901455,-0.304951,0.0927844,-0.292875
0.868068,0.454831,0.644617;-0.898091,-0.316508,0.0975107,-0.289392
0.872303,0.462276,0.650314;-0.894566,-0.328008,0.10222,-0.285856
0.877047,0.470329,0.656655;-0.890341,-0.34108,0.107579,-0.281754
0.881681,0.477866,0.6628;-0.885907,-0.354071,0.112912,-0.277585
0.886195,0.484855,0.668732;-0.881266,-0.36698,0.11822,-0.273351
0.89112,0.492023,0.67513;-0.875798,-0.381399,0.124157,-0.268511
0.895872,0.498412,0.681214;-0.87007,-0.395705,0.130058,-0.263592
0.900934,0.504542,0.687577;-0.863404,-0.411463,0.136569,-0.258034
0.906218,0.510036,0.694056;-0.855705,-0.428622,0.143674,-0.251812
0.912048,0.514733,0.700954;-0.846119,-0.448656,0.151988,-0.244315
0.918558,0.51765,0.708215;-0.833603,-0.472931,0.162091,-0.234881
0.925565,0.516488,0.715193;-0.816861,-0.502649,0.174505,-0.222779
0.931192,0.509523,0.7196;-0.798923,-0.531631,0.186663,-0.210352
0.934426,0.500191,0.721062;-0.7847,-0.552859,0.195603,-0.200828
0.936364,0.490033,0.721013;-0.772856,-0.569514,0.20264,-0.19309
0.937515,0.479657,0.7201;-0.762675,-0.583165,0.208423,-0.186564
0.938152,0.469382,0.718671;-0.765275,-0.581115,0.211909,-0.178199
0.938452,0.459416,0.716955;-0.770837,-0.575216,0.214492,-0.170085
0.938526,0.448534,0.714819;-0.776294,-0.569238,0.217046,-0.161948
0.938417,0.438512,0.712672;-0.780885,-0.564051,0.219211,-0.154956
0.938155,0.42788,0.710246;-0.785397,-0.558807,0.221354,-0.147947
0.937746,0.416666,0.707555;-0.78983,-0.553506,0.223475,-0.140924
0.937297,0.406897,0.705121;-0.793462,-0.549045,0.225224,-0.13506
0.936754,0.396761,0.702519;-0.797038,-0.544546,0.226958,-0.129187
0.93612,0.386274,0.699759;-0.800559,-0.540009,0.228676,-0.123304
0.935399,0.375453,0.696848;-0.804022,-0.535433,0.230377,-0.117413
0.934594,0.364314,0.693794;-0.807429,-0.53082,0.232063,-0.111514
0.933708,0.352875,0.690605;-0.810779,-0.526169,0.233732,-0.105607
0.932746,0.341151,0.687288;-0.814072,-0.521481,0.235384,-0.0996919
0.93171,0.32916,0.683852;-0.817308,-0.516756,0.23702,-0.0937702
0.930831,0.319385,0.681022;-0.819854,-0.51295,0.238317,-0.089028
0.929909,0.309458,0.678125;-0.822364,-0.509121,0.239603,-0.0842818
0.928946,0.299388,0.675165;-0.824837,-0.505268,0.240878,-0.0795318
0.927943,0.289183,0.672145;-0.827273,-0.501393,0.242142,-0.0747782
0.926903,0.278851,0.66907;-0.829671,-0.497496,0.243396,-0.0700212
0.925827,0.268401,0.665943;-0.832031,-0.493576,0.244638,-0.0652611
0.924717,0.257842,0.662769;-0.834355,-0.489633,0.245869,-0.060498
0.923575,0.247182,0.659552;-0.83664,-0.485669,0.24709,-0.0557322
0.922402,0.236429,0.656296;-0.838888,-0.481682,0.248299,-0.0509639
0.921201,0.225592,0.653004;-0.841098,-0.477674,0.249496,-0.0461933
0.919972,0.21468,0.649681;-0.843269,-0.473644,0.250683,-0.0414206
0.918719,0.2037,0.646331;-0.845403,-0.469593,0.251858,-0.036646
0.917443,0.192663,0.642958;-0.847499,-0.465521,0.253022,-0.0318698
0.916145,0.181575,0.639565;-0.849556,-0.461428,0.254175,-0.0270921
0.914827,0.170446,0.636158;-0.851575,-0.457314,0.255316,-0.0223133
0.913491,0.159285,0.632739;-0.853556,-0.453179,0.256445,-0.0175334
0.912139,0.148098,0.629314;-0.855498,-0.449024,0.257563,-0.0127527
0.910773,0.136897,0.625885;-0.857401,-0.444848,0.258669,-0.0079714
0.909394,0.125687,0.622457;-0.859266,-0.440652,0.259764,-0.00318978
0.908005,0.114479,0.619034;-0.861092,-0.436437,0.260847,0.00159199
0.906607,0.103281,0.61562;-0.862879,-0.432202,0.261918,0.00637368
0.905201,0.0921009,0.61222;-0.864627,-0.427947,0.262977,0.0111551
0.90379,0.0809476,0.608836;-0.866336,-0.423673,0.264025,0.015936
0.902375,0.0698296,0.605473;-0.868006,-0.41938,0.26506,0.0207162
0.900959,0.0587553,0.602136;-0.869637,-0.415068,0.266084,0.0254954
0.899542,0.0477334,0.598827;-0.871228,-0.410737,0.267095,0.0302735
0.898128,0.0367723,0.595552;-0.872781,-0.406388,0.268095,0.0350503
0.896716,0.0258806,0.592314;-0.874293,-0.40202,0.269082,0.0398254
0.895311,0.0150667,0.589117;-0.875767,-0.397634,0.270057,0.0445988
0.893912,0.00433914,0.585965;-0.877201,-0.39323,0.27102,0.0493701
0.892522,-0.00629349,0.582863;-0.878595,-0.388809,0.271971,0.0541392
0.891143,-0.0168227,0.579814;-0.879949,-0.384369,0.272909,0.0589059
0.889776,-0.02724,0.576822;-0.881264,-0.379913,0.273835,0.0636699
0.888424,-0.0375368,0.573891;-0.882539,-0.375439,0.274749,0.068431
0.887087,-0.0477047,0.571026;-0.883774,-0.370949,0.275651,0.0731891
0.885769,-0.0577351,0.56823;-0.88497,-0.366441,0.27654,0.0779438
0.88447,-0.0676195,0.565507;-0.886125,-0.361918,0.277416,0.082695
0.883192,-0.0773493,0.562862;-0.88724,-0.357377,0.27828,0.0874425
0.881628,-0.0892814,0.559671;-0.888578,-0.35168,0.279342,0.0933713
0.880104,-0.100942,0.556614;-0.889853,-0.345957,0.280385,0.0992935
0.878623,-0.112315,0.553701;-0.891066,-0.34021,0.281408,0.105209
0.877189,-0.123383,0.550938;-0.892215,-0.334439,0.282411,0.111116
0.875805,-0.13413,0.548334;-0.893302,-0.328644,0.283394,0.117016
0.874474,-0.144539,0.545896;-0.894326,-0.322826,0.284357,0.122908
0.873201,-0.154593,0.543633;-0.895286,-0.316985,0.2853,0.128791
0.871754,-0.166167,0.541159;-0.896355,-0.309947,0.286405,0.135839
0.8704,-0.177177,0.53896;-0.897334,-0.302877,0.287481,0.142872
0.869146,-0.187596,0.537051;-0.898221,-0.295777,0.288527,0.149892
0.867816,-0.198964,0.535207;-0.89914,-0.287455,0.289712,0.158062
0.86664,-0.209442,0.533798;-0.899936,-0.279094,0.290856,0.16621
0.865495,-0.220268,0.532747;-0.900692,-0.26949,0.292114,0.175493
0.864479,-0.2309,0.532316;-0.901349,-0.258629,0.293466,0.1859
0.863658,-0.241535,0.532934;-0.901872,-0.245273,0.295028,0.198561
0.863345,-0.25155,0.53595;-0.902089,-0.226927,0.296996,0.215716
0.864528,-0.256136,0.544208;-0.901487,-0.202244,0.299326,0.238374
0.866736,-0.252418,0.553856;-0.900369,-0.18358,0.300852,0.255192
0.868891,-0.246281,0.562049;-0.899305,-0.171072,0.301763,0.266315
0.871029,-0.239159,0.569669;-0.898272,-0.16103,0.30243,0.27516
0.873215,-0.231256,0.57714;-0.897235,-0.15222,0.30297,0.282858
0.87533,-0.223204,0.584158;-0.896247,-0.144652,0.303399,0.289425
0.877267,-0.215571,0.59045;-0.895354,-0.138334,0.303733,0.294876
0.879367,-0.207081,0.597154;-0.894398,-0.132006,0.304045,0.300305
