0.941215,0.559261,0.50691;0.913443,-0.265752,0.0764107,0.298597
0.943302,0.548569,0.504732;0.914989,-0.259975,0.0771574,0.298755
0.945355,0.537986,0.502583;0.916503,-0.254189,0.0779013,0.298901
0.947376,0.527511,0.500462;0.917983,-0.248394,0.0786424,0.299037
0.949364,0.517143,0.49837;0.919429,-0.24259,0.0793806,0.299163
0.951318,0.506882,0.496306;0.920843,-0.236777,0.0801159,0.299277
0.95324,0.496728,0.49427;0.922223,-0.230955,0.0808483,0.29938
0.95513,0.486679,0.492263;0.923569,-0.225125,0.0815778,0.299473
0.956987,0.476736,0.490283;0.924882,-0.219287,0.0823043,0.299555
0.958813,0.466898,0.488331;0.926161,-0.213441,0.0830278,0.299626
0.960606,0.457165,0.486406;0.927406,-0.207587,0.0837483,0.299685
0.962948,0.444349,0.483883;0.929015,-0.19977,0.0847043,0.299748
0.965233,0.431716,0.481408;0.930563,-0.19194,0.0856547,0.299792
0.967463,0.419267,0.478981;0.932051,-0.184098,0.0865996,0.299816
0.969637,0.406999,0.476603;0.933479,-0.176244,0.087539,0.299821
0.971756,0.394911,0.474272;0.934846,-0.168378,0.0884726,0.299806
0.973821,0.383003,0.471988;0.936153,-0.160502,0.0894006,0.299772
0.975832,0.371273,0.469751;0.9374,-0.152615,0.0903228,0.299719
0.977789,0.359721,0.467561;0.938586,-0.144718,0.0912391,0.299647
0.979692,0.348344,0.465418;0.939712,-0.136812,0.0921496,0.299555
0.981543,0.337142,0.46332;0.940776,-0.128898,0.0930541,0.299443
0.98334,0.326114,0.461268;0.94178,-0.120974,0.0939525,0.299313
0.985086,0.315259,0.459262;0.942723,-0.113044,0.094845,0.299162
0.98678,0.304575,0.457301;0.943606,-0.105105,0.0957312,0.298993
0.988422,0.294062,0.455384;0.944427,-0.0971602,0.0966113,0.298804
0.990013,0.283718,0.453513;0.945187,-0.0892089,0.0974852,0.298596
0.991554,0.273542,0.451685;0.945886,-0.0812518,0.0983528,0.298369
0.993044,0.263533,0.449901;0.946524,-0.0732894,0.099214,0.298123
0.994485,0.25369,0.448161;0.947101,-0.0653223,0.100069,0.297857
0.996216,0.241618,0.446047;0.947736,-0.0553576,0.101128,0.297497
0.997871,0.229801,0.443999;0.948276,-0.0453873,0.102177,0.297108
0.99945,0.218237,0.442018;0.948719,-0.0354124,0.103216,0.296689
1.00095,0.206925,0.440103;0.949067,-0.0254339,0.104245,0.296239
1.00238,0.195861,0.438253;0.949319,-0.0154528,0.105263,0.29576
1.00374,0.185043,0.436468;0.949475,-0.00547025,0.10627,0.295251
1.00502,0.17447,0.434746;0.949536,0.00451291,0.107266,0.294712
1.00623,0.164139,0.433088;0.9495,0.0144956,0.108252,0.294144
1.00737,0.154048,0.431493;0.949369,0.0244768,0.109227,0.293545
1.00844,0.144195,0.42996;0.949142,0.0344556,0.110191,0.292917
1.00964,0.132682,0.428201;0.948743,0.0464255,0.111333,0.292125
1.01073,0.121504,0.426531;0.948206,0.0583885,0.112458,0.29129
1.01173,0.110658,0.424946;0.947531,0.0703431,0.113568,0.290412
1.01262,0.10014,0.423447;0.946718,0.0822875,0.114661,0.289493
1.01343,0.0899466,0.422033;0.945768,0.0942199,0.115737,0.288531
1.01425,0.0784583,0.420488;0.944486,0.108124,0.116971,0.287356
1.01494,0.0674,0.419055;0.943017,0.122006,0.118182,0.286124
1.01552,0.0567657,0.417732;0.941361,0.135864,0.11937,0.284836
1.01597,0.0465493,0.416518;0.939519,0.149695,0.120534,0.283491
1.01634,0.0353775,0.415261;0.937186,0.165466,0.121835,0.281885
1.01655,0.0247348,0.414141;0.934611,0.181194,0.123105,0.280207
1.01662,0.0146122,0.413156;0.931795,0.196875,0.124342,0.278456
1.01652,0.00383479,0.412205;0.928338,0.214456,0.125697,0.2764
1.01624,-0.00630851,0.411418;0.924578,0.231966,0.12701,0.274254
1.01573,-0.0168507,0.410732;0.920046,0.251332,0.12842,0.271764
1.01491,-0.027582,0.410199;0.914631,0.272518,0.129911,0.268899
1.01375,-0.0382818,0.409877;0.908215,0.295478,0.131466,0.265623
1.01216,-0.0487218,0.409822;0.900668,0.320156,0.133063,0.2619
1.0101,-0.0586685,0.410095;0.891853,0.346488,0.134683,0.257691
1.00731,-0.0684504,0.41081;0.880915,0.376245,0.136402,0.252631
1.00344,-0.0779646,0.412193;0.866745,0.411073,0.138261,0.246284
0.998235,-0.0862803,0.414476;0.84876,0.450649,0.140162,0.238487
0.991185,-0.0926155,0.418049;0.825371,0.496279,0.142055,0.228672
0.982616,-0.0955425,0.422866;0.797665,0.543901,0.143659,0.217405
0.973868,-0.0949714,0.428146;0.769675,0.586583,0.144742,0.206326
0.965583,-0.0920794,0.433396;0.743161,0.62301,0.145371,0.196056
0.957637,-0.0876711,0.438611;0.717565,0.655108,0.145674,0.186311
0.950182,-0.0823683,0.443638;0.693305,0.683147,0.145725,0.177209
0.943334,-0.0766674,0.448356;0.670741,0.707391,0.14559,0.168845
0.936764,-0.070557,0.452964;0.648788,0.729455,0.145308,0.160794
0.930097,-0.0637974,0.457715;0.626165,0.750765,0.144876,0.152576
0.923783,-0.0569348,0.46228;0.604368,0.770039,0.144335,0.144728
0.917852,-0.0501241,0.466623;0.583528,0.787398,0.143711,0.137285
0.911901,-0.042971,0.471033;0.562226,0.804133,0.142974,0.129733
0.905292,-0.034686,0.475991;0.548356,0.814358,0.145717,0.122041
0.899697,-0.0274114,0.480236;0.544876,0.816584,0.151029,0.116151
0.89412,-0.0199301,0.484514;0.541353,0.818745,0.156329,0.110252
0.888567,-0.0122614,0.48882;0.537787,0.82084,0.161616,0.104343
0.883047,-0.00442454,0.493147;0.534178,0.822869,0.166891,0.0984265
0.877566,0.00356105,0.497492;0.530526,0.824833,0.172152,0.0925019
0.872132,0.0116761,0.501849;0.526831,0.826731,0.177399,0.0865699
0.866752,0.0199013,0.506212;0.523095,0.828563,0.182632,0.080631
0.861434,0.0282173,0.510578;0.519316,0.830328,0.187851,0.0746857
0.856184,0.0366048,0.51494;0.515496,0.832027,0.193054,0.0687344
0.85101,0.0450445,0.519294;0.511635,0.83366,0.198242,0.0627775
0.845919,0.0535171,0.523634;0.507733,0.835226,0.203414,0.0568157
0.840918,0.0620033,0.527956;0.50379,0.836725,0.20857,0.0508493
0.836016,0.0704837,0.532255;0.499808,0.838157,0.213709,0.0448788
0.831218,0.078939,0.536525;0.495785,0.839522,0.218832,0.0389048
0.826533,0.0873499,0.540761;0.491722,0.84082,0.223936,0.0329276
0.821967,0.0956972,0.544958;0.48762,0.84205,0.229023,0.0269479
0.817528,0.103961,0.549112;0.483479,0.843214,0.234091,0.0209659
0.813224,0.112123,0.553217;0.4793,0.84431,0.239141,0.0149823
0.808246,0.121755,0.55807;0.474234,0.845536,0.245175,0.0078004
0.803485,0.131179,0.562837;0.469113,0.846664,0.251181,0.000617618
0.798952,0.14036,0.567509;0.463938,0.847695,0.257159,-0.00656524
0.794661,0.149267,0.572077;0.45871,0.848629,0.263106,-0.0137473
0.790624,0.157864,0.576532;0.453429,0.849465,0.269023,-0.0209279
0.786855,0.16612,0.580865;0.448096,0.850203,0.27491,-0.028106
0.78281,0.175274,0.585754;0.441809,0.85094,0.281737,-0.0364763
0.779166,0.183865,0.590452;0.435452,0.851544,0.28852,-0.0448409
0.775518,0.192924,0.595569;0.428104,0.85207,0.296217,-0.0543917
0.772106,0.202054,0.600979;0.419733,0.852454,0.304803,-0.065123
0.769226,0.210747,0.606524;0.410304,0.852622,0.314251,-0.0770267
0.767116,0.218953,0.612477;0.398817,0.852463,0.325455,-0.0912784
0.766912,0.226151,0.619824;0.381243,0.851488,0.341978,-0.112575
0.773099,0.224453,0.626477;0.356183,0.848671,0.364336,-0.141955
0.779879,0.2171,0.628162;0.324655,0.864621,0.355817,-0.142915
0.786298,0.208871,0.628508;0.287373,0.888311,0.333092,-0.131799
0.792497,0.200323,0.628256;0.255732,0.906296,0.313493,-0.122275
0.798311,0.19195,0.627669;0.228473,0.920303,0.296389,-0.114005
0.804192,0.183212,0.626814;0.202545,0.932392,0.279938,-0.106086
0.810029,0.174322,0.625754;0.178025,0.942752,0.264223,-0.0985513
0.81573,0.165464,0.624548;0.154977,0.95156,0.249313,-0.0914285
0.821216,0.156791,0.623244;0.133453,0.958987,0.235272,-0.0847421
0.826865,0.147722,0.621768;0.111827,0.965685,0.221051,-0.0779913
0.832207,0.139029,0.620259;0.0917886,0.971217,0.207775,-0.071707
0.837651,0.130055,0.618611;0.0716908,0.976119,0.194365,-0.0653762
0.843181,0.120827,0.616829;0.0515466,0.980389,0.180828,-0.0590032
0.848311,0.112168,0.615082;0.0330514,0.983745,0.168317,-0.0531275
0.853485,0.103338,0.613228;0.0145383,0.986566,0.155713,-0.0472229
0.85869,0.094359,0.61127;-0.00398283,0.988849,0.143025,-0.0412925
0.863912,0.0852507,0.609212;-0.0225017,0.990594,0.130259,-0.0353397
0.869139,0.0760342,0.607057;-0.0410084,0.9918,0.117423,-0.0293677
0.874356,0.0667303,0.604807;-0.0594928,0.992466,0.104522,-0.0233797
0.879551,0.0573595,0.602466;-0.0779447,0.992592,0.0915642,-0.0173789
0.884243,0.0488001,0.600261;-0.0946827,0.992237,0.0797411,-0.0119154
0.888895,0.0402182,0.597985;-0.111378,0.991436,0.0678821,-0.00644651
0.893497,0.0316292,0.59564;-0.128023,0.990189,0.0559925,-0.000974727
0.89804,0.0230489,0.593229;-0.144611,0.988496,0.0440778,0.0044975
0.902956,0.013639,0.590502;-0.162782,0.986121,0.0309489,0.0105145
0.907774,0.00427909,0.587702;-0.180864,0.983208,0.0178032,0.0165258
0.912481,-0.00501024,0.584829;-0.198848,0.97976,0.00464773,0.0225281
0.917064,-0.0142082,0.581888;-0.216724,0.975779,-0.00851024,0.0285181
0.921509,-0.0232942,0.578881;-0.234481,0.971267,-0.0216636,0.0344926
0.925802,-0.0322474,0.575811;-0.252111,0.966226,-0.0348051,0.0404484
0.929931,-0.0410472,0.572682;-0.269604,0.960659,-0.0479277,0.0463821
0.933882,-0.0496728,0.569496;-0.28695,0.954569,-0.0610242,0.0522905
0.937974,-0.0588596,0.565959;-0.305694,0.947332,-0.0752732,0.0587035
0.941821,-0.0677876,0.562362;-0.324241,0.939482,-0.0894734,0.0650785
0.945405,-0.0764299,0.558709;-0.342577,0.931024,-0.103616,0.0714113
0.948973,-0.0854389,0.554692;-0.362191,0.92118,-0.11886,0.0782196
0.95219,-0.0940469,0.550619;-0.381529,0.910635,-0.134015,0.0849683
0.955237,-0.102829,0.546175;-0.402029,0.898505,-0.15022,0.0921638
0.957993,-0.111631,0.541355;-0.423601,0.88463,-0.167436,0.0997829
0.960312,-0.120267,0.536153;-0.446137,0.868844,-0.185613,0.107798
0.962032,-0.128523,0.53057;-0.469518,0.850974,-0.204691,0.116179
0.962985,-0.136536,0.524274;-0.494926,0.829694,-0.225697,0.125365
0.96277,-0.143777,0.517263;-0.522072,0.804608,-0.248486,0.135282
0.960838,-0.149717,0.50936;-0.551269,0.780648,-0.263563,0.131246
0.956726,-0.153547,0.500713;-0.581977,0.759788,-0.268274,0.109787
0.951082,-0.154798,0.492491;-0.610148,0.738661,-0.272288,0.0892106
0.94436,-0.154002,0.484709;-0.635891,0.717502,-0.275668,0.0695785
0.9374,-0.151798,0.477806;-0.65797,0.697784,-0.278324,0.0520388
0.930145,-0.148552,0.471357;-0.677959,0.678543,-0.280514,0.0355386
0.922825,-0.144571,0.465363;-0.695974,0.659944,-0.282292,0.0201045
0.915625,-0.140114,0.459824;-0.712135,0.642135,-0.283713,0.00575612
0.908104,-0.134983,0.454316;-0.727737,0.62382,-0.284911,-0.00859678
0.90093,-0.129698,0.449263;-0.74163,0.606478,-0.285818,-0.0218399
0.893588,-0.123932,0.444244;-0.755027,0.588731,-0.286533,-0.0350683
0.886127,-0.11773,0.439262;-0.767917,0.570588,-0.287056,-0.0482733
0.879227,-0.111699,0.434732;-0.779282,0.553622,-0.287367,-0.0603496
0.872308,-0.105372,0.430239;-0.790208,0.536344,-0.287516,-0.072392
0.865409,-0.0987851,0.425787;-0.800689,0.518764,-0.287504,-0.0843936
0.85857,-0.0919714,0.421378;-0.81072,0.500892,-0.287329,-0.0963477
0.851829,-0.0849655,0.417014;-0.820294,0.482737,-0.286993,-0.108248
0.845225,-0.0778016,0.4127;-0.829406,0.464312,-0.286495,-0.120087
0.838797,-0.070514,0.408437;-0.838052,0.445624,-0.285835,-0.131858
0.832583,-0.0631372,0.404228;-0.846225,0.426686,-0.285015,-0.143555
0.826623,-0.0557053,0.400077;-0.853922,0.407508,-0.284035,-0.155171
0.820956,-0.0482527,0.395986;-0.861139,0.3881,-0.282894,-0.1667
0.81562,-0.0408137,0.391958;-0.867871,0.368474,-0.281594,-0.178135
0.810222,-0.0327543,0.387639;-0.874657,0.346827,-0.279996,-0.190495
0.805315,-0.0247963,0.383402;-0.880857,0.324948,-0.278209,-0.202728
0.800612,-0.0163415,0.378909;-0.886908,0.301001,-0.276064,-0.215826
0.796609,-0.00811463,0.374521;-0.892262,0.276817,-0.273702,-0.228755
0.793153,0.000425063,0.369918;-0.897243,0.250529,-0.270917,-0.242476
0.790525,0.00912802,0.365134;-0.901671,0.222112,-0.267659,-0.256932
0.789055,0.017806,0.360208;-0.905354,0.191544,-0.263875,-0.272055
0.789192,0.026693,0.354895;-0.908209,0.156884,-0.259243,-0.288681
0.791575,0.034908,0.349563;-0.909737,0.120043,-0.25393,-0.305757
0.797325,0.0425828,0.34386;-0.908539,0.094852,-0.25033,-0.320773
0.804828,0.0477824,0.339293;-0.905333,0.0981058,-0.251438,-0.327912
0.814349,0.0519793,0.335084;-0.902061,0.101352,-0.252526,-0.335028
0.823843,0.0550076,0.331795;-0.899204,0.104129,-0.253445,-0.341107
0.834332,0.0577116,0.32883;-0.896299,0.106901,-0.25435,-0.347168
0.84559,0.0602814,0.326216;-0.893346,0.109666,-0.255241,-0.353211
0.855396,0.0624579,0.324326;-0.890849,0.111966,-0.255973,-0.358232
0.86545,0.0647835,0.322715;-0.888318,0.114262,-0.256696,-0.363239
0.875621,0.0673685,0.321401;-0.885754,0.116554,-0.257409,-0.368234
0.885779,0.0703228,0.320398;-0.883157,0.118842,-0.258113,-0.373214
0.895793,0.0737568,0.319723;-0.880527,0.121125,-0.258807,-0.37818
0.905534,0.0777804,0.319392;-0.877864,0.123403,-0.259491,-0.383133
0.91487,0.0825038,0.319421;-0.875169,0.125677,-0.260165,-0.388071
0.923672,0.0880372,0.319826;-0.872441,0.127946,-0.26083,-0.392994
0.93181,0.0944906,0.320623;-0.86968,0.13021,-0.261486,-0.397903
0.939152,0.101974,0.32183;-0.866887,0.13247,-0.262131,-0.402797
0.94557,0.110598,0.32346;-0.864062,0.134725,-0.262767,-0.407676
0.950932,0.120473,0.325532;-0.861204,0.136974,-0.263393,-0.41254
0.955108,0.131708,0.32806;-0.858315,0.139219,-0.264009,-0.417389
0.957508,0.141749,0.330423;-0.85598,0.141011,-0.264494,-0.421256
0.958999,0.152789,0.333096;-0.853625,0.142799,-0.264974,-0.425114
0.959514,0.164882,0.336089;-0.851249,0.144584,-0.265447,-0.428961
0.95922,0.174677,0.338548;-0.849454,0.145921,-0.265798,-0.43184
0.958311,0.185121,0.341194;-0.847648,0.147255,-0.266145,-0.434713
0.95676,0.196238,0.344032;-0.84583,0.148588,-0.266488,-0.437581
0.954538,0.20805,0.347064;-0.844001,0.149919,-0.266828,-0.440442
0.951618,0.220582,0.350295;-0.842161,0.151247,-0.267165,-0.443297
0.94797,0.233857,0.353727;-0.840309,0.152574,-0.267498,-0.446147
0.943567,0.2479,0.357365;-0.838446,0.153898,-0.267827,-0.44899
0.940198,0.2577,0.359905;-0.837198,0.15478,-0.268044,-0.450883
0.936473,0.267858,0.362539;-0.835945,0.155661,-0.26826,-0.452772
0.932383,0.278382,0.365268;-0.834686,0.156541,-0.268474,-0.454659
0.927919,0.289279,0.368093;-0.833423,0.15742,-0.268687,-0.456544
0.923075,0.300556,0.371015;-0.832155,0.158298,-0.268898,-0.458425
0.91784,0.31222,0.374034;-0.830882,0.159176,-0.269108,-0.460304
0.912208,0.324277,0.377153;-0.829604,0.160052,-0.269316,-0.46218
0.906168,0.336736,0.380371;-0.828321,0.160927,-0.269522,-0.464053
0.899714,0.349602,0.383691;-0.827033,0.161802,-0.269727,-0.465924
0.892837,0.362884,0.387112;-0.82574,0.162675,-0.26993,-0.467791
0.885528,0.376588,0.390636;-0.824442,0.163547,-0.270131,-0.469656
0.87778,0.39072,0.394265;-0.823139,0.164419,-0.270331,-0.471518
0.869583,0.405289,0.397998;-0.821832,0.165289,-0.270529,-0.473378
0.860929,0.420301,0.401838;-0.820519,0.166159,-0.270726,-0.475234
0.851811,0.435764,0.405785;-0.819201,0.167027,-0.270921,-0.477088
0.84222,0.451684,0.40984;-0.817879,0.167895,-0.271114,-0.478939
