0.711036,-0.672942,0.618404;0.580988,-0.779655,0.22147,0.0744431
0.710274,-0.665939,0.616404;0.580975,-0.779369,0.222215,0.0753148
0.709518,-0.658968,0.614409;0.58096,-0.779083,0.22296,0.0761863
0.708767,-0.652031,0.61242;0.580944,-0.778795,0.223704,0.0770577
0.708022,-0.645125,0.610436;0.580928,-0.778507,0.224448,0.077929
0.707282,-0.638252,0.608457;0.580911,-0.778217,0.225192,0.0788002
0.706548,-0.631412,0.606484;0.580893,-0.777926,0.225936,0.0796713
0.705819,-0.624603,0.604516;0.580874,-0.777634,0.226679,0.0805423
0.705095,-0.617827,0.602553;0.580855,-0.777341,0.227421,0.0814132
0.704377,-0.611084,0.600596;0.580835,-0.777047,0.228164,0.0822839
0.703665,-0.604372,0.598644;0.580813,-0.776752,0.228906,0.0831545
0.702957,-0.597692,0.596697;0.580791,-0.776455,0.229648,0.0840251
0.702255,-0.591044,0.594756;0.580769,-0.776158,0.230389,0.0848955
0.701559,-0.584429,0.59282;0.580745,-0.77586,0.23113,0.0857658
0.700868,-0.577845,0.590889;0.580721,-0.77556,0.231871,0.0866359
0.700182,-0.571292,0.588963;0.580695,-0.775259,0.232612,0.087506
0.699501,-0.564772,0.587043;0.580669,-0.774958,0.233352,0.0883759
0.698826,-0.558283,0.585128;0.580643,-0.774655,0.234092,0.0892457
0.698156,-0.551826,0.583218;0.580615,-0.774351,0.234831,0.0901154
0.697492,-0.5454,0.581313;0.580587,-0.774046,0.235571,0.0909849
0.696832,-0.539005,0.579414;0.580557,-0.77374,0.23631,0.0918544
0.696178,-0.532642,0.57752;0.580527,-0.773433,0.237048,0.0927236
0.695529,-0.52631,0.575631;0.580496,-0.773125,0.237786,0.0935928
0.694885,-0.52001,0.573748;0.580465,-0.772816,0.238524,0.0944618
0.694247,-0.51374,0.571869;0.580432,-0.772505,0.239262,0.0953308
0.693613,-0.507502,0.569996;0.580399,-0.772194,0.239999,0.0961995
0.692985,-0.501295,0.568128;0.580365,-0.771881,0.240736,0.0970682
0.692362,-0.495118,0.566265;0.58033,-0.771568,0.241473,0.0979367
0.691745,-0.488973,0.564408;0.580294,-0.771253,0.242209,0.098805
0.691132,-0.482858,0.562555;0.580257,-0.770937,0.242945,0.0996732
0.690524,-0.476774,0.560708;0.58022,-0.770621,0.24368,0.100541
0.689922,-0.470721,0.558866;0.580182,-0.770303,0.244415,0.101409
0.689324,-0.464698,0.557029;0.580143,-0.769984,0.24515,0.102277
0.688732,-0.458706,0.555197;0.580103,-0.769664,0.245885,0.103145
0.688145,-0.452744,0.55337;0.580062,-0.769343,0.246619,0.104012
0.687563,-0.446813,0.551549;0.580021,-0.76902,0.247353,0.10488
0.686986,-0.440912,0.549733;0.579979,-0.768697,0.248086,0.105747
0.686413,-0.435042,0.547921;0.579936,-0.768373,0.248819,0.106614
0.685846,-0.429201,0.546115;0.579892,-0.768047,0.249552,0.107481
0.685284,-0.423391,0.544314;0.579847,-0.767721,0.250285,0.108348
0.684727,-0.417611,0.542518;0.579802,-0.767393,0.251017,0.109214
0.684175,-0.41186,0.540727;0.579755,-0.767065,0.251749,0.110081
0.683628,-0.40614,0.538942;0.579708,-0.766735,0.25248,0.110947
0.683086,-0.40045,0.537161;0.57966,-0.766404,0.253211,0.111813
0.682548,-0.394789,0.535385;0.579612,-0.766073,0.253942,0.112679
0.682016,-0.389158,0.533615;0.579562,-0.76574,0.254672,0.113545
0.681488,-0.383557,0.531849;0.579512,-0.765406,0.255402,0.114411
0.680966,-0.377985,0.530089;0.579461,-0.765071,0.256132,0.115276
0.680448,-0.372443,0.528333;0.579409,-0.764735,0.256861,0.116142
0.679935,-0.36693,0.526583;0.579356,-0.764397,0.25759,0.117007
0.679427,-0.361447,0.524838;0.579302,-0.764059,0.258318,0.117872
0.678924,-0.355993,0.523097;0.579248,-0.76372,0.259047,0.118737
0.678426,-0.350569,0.521362;0.579193,-0.76338,0.259774,0.119602
0.677932,-0.345173,0.519632;0.579137,-0.763038,0.260502,0.120466
0.677443,-0.339807,0.517907;0.57908,-0.762696,0.261229,0.12133
0.676959,-0.334469,0.516186;0.579023,-0.762352,0.261956,0.122195
0.67648,-0.329161,0.514471;0.578964,-0.762007,0.262682,0.123059
0.676006,-0.323881,0.512761;0.578905,-0.761662,0.263408,0.123923
0.675536,-0.318631,0.511055;0.578845,-0.761315,0.264134,0.124786
0.675071,-0.313409,0.509355;0.578784,-0.760967,0.264859,0.12565
0.67461,-0.308216,0.50766;0.578722,-0.760618,0.265584,0.126513
0.674155,-0.303051,0.505969;0.57866,-0.760268,0.266308,0.127376
0.673704,-0.297916,0.504284;0.578597,-0.759917,0.267033,0.128239
0.673258,-0.292808,0.502603;0.578533,-0.759565,0.267756,0.129102
0.672816,-0.287729,0.500927;0.578468,-0.759212,0.26848,0.129965
0.672379,-0.282679,0.499257;0.578402,-0.758858,0.269203,0.130827
0.671947,-0.277656,0.497591;0.578336,-0.758503,0.269925,0.13169
0.671519,-0.272662,0.49593;0.578268,-0.758146,0.270648,0.132552
0.671096,-0.267696,0.494274;0.5782,-0.757789,0.27137,0.133414
0.670677,-0.262759,0.492623;0.578131,-0.75743,0.272091,0.134275
0.670263,-0.257849,0.490976;0.578061,-0.757071,0.272812,0.135137
0.669854,-0.252967,0.489335;0.577991,-0.75671,0.273533,0.135998
0.669449,-0.248113,0.487699;0.57792,-0.756349,0.274253,0.136859
0.669048,-0.243287,0.486067;0.577847,-0.755986,0.274973,0.13772
0.668652,-0.238489,0.48444;0.577774,-0.755622,0.275693,0.138581
0.668261,-0.233718,0.482818;0.577701,-0.755258,0.276412,0.139442
0.667874,-0.228976,0.481201;0.577626,-0.754892,0.277131,0.140302
0.667302,-0.221913,0.478785;0.577513,-0.754341,0.278209,0.141592
0.66674,-0.214912,0.476379;0.577398,-0.753788,0.279285,0.142882
0.666188,-0.207972,0.473984;0.577281,-0.753233,0.280361,0.144171
0.665646,-0.201094,0.4716;0.577162,-0.752675,0.281436,0.14546
0.665114,-0.194277,0.469227;0.577041,-0.752115,0.28251,0.146748
0.664592,-0.187521,0.466864;0.576919,-0.751552,0.283583,0.148036
0.66408,-0.180826,0.464513;0.576794,-0.750987,0.284655,0.149324
0.663577,-0.17419,0.462171;0.576668,-0.75042,0.285727,0.150611
0.663084,-0.167615,0.459841;0.576541,-0.74985,0.286797,0.151897
0.6626,-0.1611,0.457521;0.576411,-0.749278,0.287867,0.153183
0.662126,-0.154645,0.455212;0.576279,-0.748704,0.288935,0.154469
0.661662,-0.148249,0.452914;0.576146,-0.748127,0.290003,0.155754
0.661207,-0.141913,0.450626;0.576011,-0.747548,0.29107,0.157039
0.660762,-0.135635,0.448349;0.575874,-0.746967,0.292136,0.158323
0.660326,-0.129417,0.446082;0.575735,-0.746383,0.293201,0.159606
0.6599,-0.123257,0.443826;0.575595,-0.745797,0.294265,0.160889
0.659482,-0.117155,0.44158;0.575452,-0.745209,0.295328,0.162172
0.659075,-0.111111,0.439345;0.575308,-0.744618,0.29639,0.163454
0.658676,-0.105125,0.43712;0.575162,-0.744025,0.297452,0.164736
0.658286,-0.0991973,0.434906;0.575015,-0.743429,0.298512,0.166017
0.657906,-0.0933267,0.432702;0.574865,-0.742832,0.299571,0.167297
0.657535,-0.0875132,0.430508;0.574714,-0.742232,0.30063,0.168577
0.657172,-0.0817567,0.428325;0.57456,-0.741629,0.301687,0.169857
0.656819,-0.076057,0.426152;0.574405,-0.741024,0.302744,0.171136
0.656475,-0.0704137,0.42399;0.574249,-0.740417,0.3038,0.172414
0.656139,-0.0648268,0.421837;0.57409,-0.739808,0.304854,0.173692
0.655813,-0.0592959,0.419695;0.57393,-0.739196,0.305908,0.174969
0.655495,-0.0538209,0.417563;0.573767,-0.738582,0.306961,0.176246
0.655186,-0.0484014,0.415442;0.573603,-0.737966,0.308012,0.177522
0.654886,-0.0430374,0.41333;0.573438,-0.737347,0.309063,0.178798
0.654594,-0.0377284,0.411229;0.57327,-0.736726,0.310113,0.180073
0.654311,-0.0324744,0.409138;0.573101,-0.736103,0.311162,0.181348
0.654037,-0.0272751,0.407057;0.572929,-0.735477,0.31221,0.182622
0.653771,-0.0221302,0.404986;0.572756,-0.734849,0.313257,0.183895
0.653513,-0.0170396,0.402925;0.572581,-0.734219,0.314303,0.185168
0.653264,-0.0120029,0.400874;0.572405,-0.733586,0.315348,0.18644
0.653024,-0.00702005,0.398834;0.572226,-0.732951,0.316392,0.187712
0.652792,-0.00209072,0.396803;0.572046,-0.732314,0.317435,0.188983
0.652568,0.0027853,0.394782;0.571864,-0.731675,0.318477,0.190253
0.652352,0.00760823,0.392771;0.57168,-0.731033,0.319518,0.191523
0.652144,0.0123783,0.39077;0.571495,-0.730389,0.320558,0.192792
0.651945,0.0170958,0.388779;0.571307,-0.729742,0.321596,0.194061
0.651754,0.0217608,0.386798;0.571118,-0.729094,0.322634,0.195329
0.651571,0.0263737,0.384826;0.570927,-0.728443,0.323671,0.196596
0.651339,0.0324435,0.382213;0.57067,-0.727571,0.325052,0.198285
0.651121,0.0384214,0.379617;0.570409,-0.726696,0.326432,0.199973
0.650918,0.0443081,0.377039;0.570145,-0.725816,0.327809,0.20166
0.650728,0.0501041,0.374478;0.569878,-0.724932,0.329184,0.203345
0.650552,0.0558099,0.371934;0.569608,-0.724045,0.330558,0.20503
0.65039,0.0614261,0.369407;0.569335,-0.723153,0.33193,0.206713
0.650241,0.0669533,0.366897;0.569058,-0.722257,0.3333,0.208395
0.650106,0.0723918,0.364405;0.568778,-0.721357,0.334668,0.210076
0.649985,0.0777424,0.361929;0.568496,-0.720453,0.336034,0.211756
0.649876,0.0830055,0.359471;0.56821,-0.719545,0.337399,0.213435
0.649781,0.0881817,0.357029;0.56792,-0.718634,0.338761,0.215112
0.649699,0.0932715,0.354604;0.567628,-0.717718,0.340122,0.216788
0.649629,0.0982755,0.352196;0.567332,-0.716798,0.34148,0.218464
0.649573,0.103194,0.349805;0.567033,-0.715874,0.342837,0.220137
0.649529,0.108028,0.34743;0.566732,-0.714946,0.344192,0.22181
0.649498,0.112778,0.345072;0.566426,-0.714014,0.345545,0.223481
0.649479,0.117444,0.34273;0.566118,-0.713078,0.346896,0.225151
0.649472,0.122027,0.340405;0.565807,-0.712138,0.348245,0.22682
0.649478,0.126527,0.338097;0.565492,-0.711194,0.349592,0.228488
0.649503,0.132038,0.335234;0.565095,-0.710009,0.351274,0.23057
0.649546,0.137421,0.332396;0.564692,-0.708817,0.352952,0.232651
0.649608,0.142678,0.329585;0.564284,-0.707619,0.354627,0.23473
0.649688,0.14781,0.326798;0.563872,-0.706415,0.356299,0.236806
0.649786,0.152818,0.324036;0.563455,-0.705205,0.357967,0.238881
0.649902,0.157703,0.3213;0.563032,-0.703989,0.359633,0.240953
0.650036,0.162467,0.318589;0.562605,-0.702766,0.361296,0.243024
0.650187,0.167109,0.315902;0.562173,-0.701538,0.362955,0.245092
0.650356,0.171632,0.31324;0.561736,-0.700303,0.364611,0.247158
0.650542,0.176036,0.310602;0.561294,-0.699062,0.366264,0.249222
0.650744,0.180323,0.307989;0.560847,-0.697815,0.367914,0.251283
0.651009,0.185313,0.304886;0.560305,-0.696311,0.36989,0.253755
0.651297,0.190138,0.301818;0.559755,-0.694798,0.371861,0.256223
0.651609,0.194798,0.298784;0.559198,-0.693276,0.373827,0.258687
0.651944,0.199296,0.295785;0.558634,-0.691745,0.375789,0.261149
0.6523,0.203633,0.29282;0.558064,-0.690206,0.377746,0.263607
0.652679,0.207812,0.289889;0.557486,-0.688658,0.379698,0.266062
0.653149,0.212489,0.286513;0.556803,-0.686841,0.381969,0.268922
0.653647,0.216956,0.283182;0.556111,-0.685013,0.384234,0.271777
0.654174,0.221215,0.279897;0.555409,-0.683172,0.386492,0.274628
0.654729,0.225269,0.276658;0.554697,-0.68132,0.388744,0.277474
0.65531,0.229122,0.273463;0.553976,-0.679457,0.390989,0.280315
0.656008,0.233281,0.269867;0.553141,-0.677313,0.393547,0.283556
0.656739,0.237185,0.266328;0.552293,-0.675153,0.396096,0.286791
0.657503,0.240838,0.262847;0.551432,-0.672979,0.398635,0.290019
0.658401,0.244653,0.258999;0.55045,-0.670515,0.401482,0.293643
0.659338,0.248161,0.255222;0.549452,-0.668032,0.404318,0.297259
0.660424,0.251708,0.251109;0.548325,-0.665251,0.407455,0.301267
0.661555,0.254893,0.247082;0.547178,-0.662447,0.410578,0.305265
0.662849,0.257989,0.242751;0.545895,-0.659335,0.413996,0.309649
0.664194,0.260668,0.238523;0.544589,-0.656196,0.417397,0.314021
0.665716,0.263129,0.234026;0.543138,-0.652739,0.421088,0.318775
0.667292,0.265123,0.229648;0.54166,-0.64925,0.424757,0.323513
0.669057,0.266773,0.225037;0.540027,-0.645434,0.428707,0.328627
0.671021,0.267976,0.220224;0.538234,-0.641281,0.432933,0.334113
0.673045,0.268608,0.215565;0.536404,-0.637084,0.43713,0.339577
0.675276,0.268678,0.210744;0.534402,-0.632539,0.441593,0.345404
0.677566,0.268147,0.206094;0.532358,-0.627945,0.446022,0.351205
0.679908,0.267044,0.201613;0.530273,-0.623301,0.450415,0.356978
0.682296,0.265398,0.197299;0.528146,-0.618608,0.454773,0.362723
0.684726,0.263236,0.193148;0.525977,-0.613866,0.459096,0.368439
0.687025,0.26078,0.189418;0.523915,-0.609398,0.463098,0.373748
0.68935,0.257923,0.185826;0.521818,-0.604887,0.467068,0.379032
0.691696,0.254689,0.182368;0.519685,-0.600335,0.471006,0.38429
0.69389,0.251369,0.179275;0.517673,-0.596072,0.474634,0.389148
0.69604,0.247852,0.176365;0.518721,-0.5916,0.47686,0.391845
0.698181,0.244108,0.173581;0.53186,-0.585952,0.473834,0.386351
0.700327,0.240118,0.170897;0.54487,-0.58016,0.470692,0.380763
0.702335,0.236181,0.168482;0.556892,-0.574628,0.467656,0.375463
0.704344,0.232046,0.166151;0.568797,-0.568973,0.46452,0.370083
0.706356,0.227719,0.163903;0.58058,-0.563197,0.461286,0.364625
0.708225,0.223536,0.161887;0.591411,-0.557727,0.458195,0.359488
0.710093,0.219199,0.15994;0.602134,-0.552154,0.45502,0.354284
0.711961,0.214714,0.15806;0.612747,-0.54648,0.451761,0.349016
0.713826,0.210087,0.156245;0.623247,-0.540707,0.44842,0.343684
0.71569,0.205324,0.154494;0.633633,-0.534834,0.444997,0.338288
0.717407,0.20081,0.152933;0.643118,-0.529326,0.441765,0.333253
0.71912,0.196189,0.151424;0.652502,-0.523735,0.438464,0.328166
0.72083,0.191465,0.149967;0.661784,-0.518062,0.435094,0.323027
0.722535,0.186642,0.148559;0.670963,-0.512309,0.431657,0.317838
0.724235,0.181726,0.1472;0.680037,-0.506476,0.428152,0.3126
0.725929,0.17672,0.145889;0.689004,-0.500563,0.42458,0.307313
0.727476,0.172056,0.144728;0.697131,-0.495075,0.421248,0.302424
0.729017,0.167324,0.143606;0.705165,-0.489522,0.41786,0.297495
0.730551,0.162527,0.14252;0.713107,-0.483904,0.414418,0.292528
0.732079,0.157669,0.141472;0.720956,-0.478223,0.410921,0.287522
0.7336,0.152753,0.140459;0.72871,-0.47248,0.40737,0.282478
0.735112,0.147782,0.139481;0.736369,-0.466674,0.403766,0.277397
0.736616,0.14276,0.138537;0.743931,-0.460807,0.400109,0.27228
0.738112,0.13769,0.137626;0.751395,-0.45488,0.396399,0.267127
0.739598,0.132576,0.136747;0.758761,-0.448893,0.392638,0.26194
0.741074,0.127421,0.135899;0.766027,-0.442847,0.388825,0.256717
0.742541,0.122228,0.135083;0.773193,-0.436743,0.384961,0.251462
0.743996,0.117001,0.134295;0.780257,-0.430582,0.381046,0.246173
0.74531,0.112223,0.133605;0.786591,-0.424932,0.377444,0.241337
0.746614,0.107422,0.132937;0.792839,-0.419236,0.373801,0.236474
0.747908,0.1026,0.132293;0.799001,-0.413494,0.370118,0.231587
0.749191,0.0977603,0.13167;0.805077,-0.407708,0.366394,0.226674
0.750464,0.0929056,0.131068;0.811065,-0.401877,0.362631,0.221736
0.751726,0.0880382,0.130487;0.816965,-0.396003,0.358829,0.216774
0.752977,0.0831607,0.129925;0.822777,-0.390086,0.354987,0.211789
0.754216,0.0782757,0.129383;0.8285,-0.384127,0.351107,0.206781
0.755443,0.0733856,0.12886;0.834133,-0.378126,0.347189,0.201751
0.756657,0.0684932,0.128355;0.839675,-0.372084,0.343233,0.196699
0.757858,0.0636008,0.127867;0.845127,-0.366001,0.33924,0.191625
0.759047,0.0587111,0.127395;0.850486,-0.359879,0.335211,0.186531
0.760222,0.0538267,0.12694;0.855754,-0.353718,0.331145,0.181416
0.761383,0.04895,0.1265;0.860929,-0.347519,0.327043,0.176282
0.762529,0.0440837,0.126075;0.86601,-0.341282,0.322906,0.171128
0.763662,0.0392303,0.125664;0.870998,-0.335008,0.318733,0.165956
0.76489,0.0339094,0.125228;0.876375,-0.328064,0.314104,0.160246
0.766099,0.0286107,0.124807;0.881638,-0.321078,0.309433,0.154515
0.76729,0.0233374,0.1244;0.886784,-0.314049,0.304722,0.148764
0.768461,0.0180931,0.124007;0.891815,-0.30698,0.299971,0.142994
0.769612,0.0128811,0.123627;0.896728,-0.29987,0.29518,0.137204
0.770742,0.0077047,0.123259;0.901524,-0.29272,0.290351,0.131397
0.771852,0.00256746,0.122902;0.906202,-0.285533,0.285483,0.125572
0.77294,-0.00252729,0.122556;0.910761,-0.278308,0.280579,0.119731
0.774006,-0.00757613,0.122219;0.9152,-0.271046,0.275637,0.113874
0.77505,-0.0125757,0.12189;0.919519,-0.263749,0.270659,0.108002
0.776071,-0.0175225,0.121569;0.923718,-0.256417,0.265646,0.102116
0.777069,-0.0224132,0.121255;0.927795,-0.249052,0.260598,0.0962168
0.77813,-0.0276806,0.120919;0.932105,-0.240979,0.255052,0.0897668
0.779162,-0.0328727,0.120589;0.936269,-0.23287,0.249466,0.0833027
0.780165,-0.0379851,0.120264;0.940286,-0.224723,0.243841,0.0768257
0.781138,-0.0430135,0.119943;0.944157,-0.216542,0.238179,0.0703367
0.78208,-0.0479534,0.119624;0.947881,-0.208327,0.232479,0.0638367
0.783064,-0.0532,0.119281;0.951748,-0.199391,0.226263,0.0567838
0.784012,-0.058332,0.118937;0.95544,-0.190418,0.220006,0.0497205
0.78492,-0.0633436,0.118593;0.958958,-0.18141,0.213708,0.0426481
0.785855,-0.0685999,0.11822;0.96255,-0.171672,0.206882,0.0350229
0.786743,-0.0737032,0.117841;0.965937,-0.161898,0.200012,0.0273904
0.787584,-0.0786465,0.117457;0.969119,-0.15209,0.1931,0.019752
0.788432,-0.0837573,0.117035;0.972299,-0.141545,0.185649,0.0115633
0.789273,-0.0889879,0.116573;0.975431,-0.130259,0.17765,0.00282577
0.790047,-0.09398,0.116095;0.978291,-0.118936,0.169603,-0.00591259
0.790797,-0.0990111,0.115567;0.981033,-0.10687,0.161001,-0.0151952
0.791505,-0.104018,0.114981;0.983602,-0.0940584,0.151838,-0.0250187
0.792187,-0.109177,0.114294;0.98605,-0.0797843,0.141595,-0.0359232
0.792781,-0.114115,0.113526;0.988161,-0.0647593,0.130774,-0.047356
0.793294,-0.119037,0.112601;0.989965,-0.0478805,0.118569,-0.0601445
0.793683,-0.123904,0.111442;0.991058,-0.0719694,0.109209,-0.0264081
0.793867,-0.128667,0.109934;0.989962,-0.10123,0.097503,0.0148841
0.793614,-0.133228,0.107783;0.984023,-0.141328,0.0808453,0.0720398
0.791869,-0.136007,0.104315;0.961593,-0.209142,0.0509534,0.170298
0.788702,-0.133155,0.101932;0.924958,-0.272502,0.0208476,0.264122
0.786025,-0.128887,0.101303;0.894437,-0.31064,0.00155014,0.321687
0.783637,-0.124454,0.101441;0.867122,-0.33883,-0.0133741,0.364849
0.78137,-0.119923,0.102075;0.841026,-0.362166,-0.0262129,0.401029
0.779212,-0.115416,0.103086;0.815994,-0.382036,-0.0375346,0.432196
0.777164,-0.111019,0.104388;0.792055,-0.399179,-0.0476281,0.459387
0.775144,-0.106599,0.105985;0.768244,-0.414718,-0.0570706,0.484307
0.773172,-0.102231,0.107836;0.744812,-0.428743,-0.0658622,0.507047
0.771266,-0.0979768,0.109894;0.721988,-0.441342,-0.0740068,0.527706
0.769374,-0.0937327,0.112195;0.699147,-0.453016,-0.0817884,0.547065
0.767574,-0.0896874,0.114623;0.677253,-0.463413,-0.0889342,0.564506
0.765807,-0.085716,0.117234;0.655598,-0.472999,-0.0957263,0.580775
0.764079,-0.0818396,0.120005;0.634272,-0.481813,-0.102168,0.595917
0.762397,-0.0780764,0.122912;0.613356,-0.489897,-0.108265,0.609979
0.760691,-0.0742755,0.126075;0.591987,-0.497619,-0.114281,0.623591
0.759038,-0.0706135,0.129348;0.571139,-0.504662,-0.119958,0.636181
0.757443,-0.0671016,0.132704;0.550878,-0.511068,-0.1253,0.647798
0.755909,-0.063749,0.136117;0.531268,-0.516876,-0.130317,0.658492
0.754363,-0.0603949,0.139747;0.51136,-0.522396,-0.135261,0.668818
0.752883,-0.057213,0.143402;0.492184,-0.52737,-0.139888,0.678283
0.751394,-0.0540409,0.147263;0.47276,-0.532078,-0.144445,0.687406
0.749976,-0.0510496,0.151115;0.454138,-0.536292,-0.148695,0.695729
0.748551,-0.0480766,0.15516;0.435312,-0.540263,-0.152877,0.703739
0.7472,-0.0452896,0.159162;0.41735,-0.54379,-0.156764,0.711011
0.745845,-0.0425268,0.163343;0.399221,-0.547097,-0.160587,0.717997
0.744566,-0.0399522,0.167444;0.38201,-0.550008,-0.164127,0.724308
0.743285,-0.0374056,0.171711;0.364663,-0.552723,-0.167608,0.73036
0.742003,-0.0348903,0.176145;0.347186,-0.555241,-0.171029,0.736151
0.740799,-0.0325636,0.180457;0.330689,-0.557421,-0.174181,0.741342
0.739595,-0.0302698,0.184921;0.314088,-0.559427,-0.177278,0.7463
0.738391,-0.0280117,0.189539;0.297388,-0.561256,-0.18032,0.751023
0.737268,-0.0259387,0.193991;0.281718,-0.562805,-0.183108,0.75522
0.736146,-0.0239013,0.198582;0.26597,-0.5642,-0.185845,0.75921
0.735025,-0.0219015,0.203313;0.25015,-0.565441,-0.188532,0.762992
0.733906,-0.0199416,0.208186;0.234261,-0.566528,-0.191168,0.766566
0.732869,-0.0181592,0.212841;0.21945,-0.567398,-0.193568,0.769697
0.731834,-0.0164149,0.217621;0.204587,-0.568134,-0.195923,0.772646
0.730802,-0.0147102,0.222529;0.189675,-0.568737,-0.198231,0.775414
0.729802,-0.0130941,0.22742;0.17575,-0.569965,-0.200112,0.777308
0.728851,-0.01159,0.232199;0.169055,-0.579556,-0.198363,0.772132
0.727904,-0.010122,0.237086;0.162331,-0.589051,-0.196582,0.766827
0.726962,-0.00868957,0.242077;0.155581,-0.598447,-0.194767,0.761395
0.726024,-0.00729211,0.247169;0.148805,-0.607743,-0.192921,0.755835
0.725091,-0.00592897,0.252357;0.142003,-0.616938,-0.191042,0.75015
0.724242,-0.00470905,0.257196;0.135748,-0.625277,-0.189292,0.744829
0.723398,-0.00351695,0.26211;0.129474,-0.633528,-0.187515,0.739403
0.722561,-0.00235221,0.267096;0.123182,-0.641691,-0.185712,0.733874
0.72173,-0.00121433,0.272153;0.116872,-0.649763,-0.183883,0.728242
0.720907,-0.000102836,0.277276;0.110546,-0.657745,-0.182028,0.722508
0.720091,0.000982754,0.282464;0.104205,-0.665634,-0.180148,0.716673
0.719284,0.00204292,0.287713;0.0978489,-0.67343,-0.178242,0.710737
0.718486,0.00307816,0.29302;0.0914792,-0.681132,-0.176312,0.704702
0.717768,0.00399804,0.297894;0.0856774,-0.688051,-0.174535,0.69913
0.717058,0.00489808,0.302811;0.0798657,-0.69489,-0.172739,0.693477
0.716357,0.00577862,0.30777;0.0740448,-0.701649,-0.170922,0.687744
0.715664,0.00664005,0.312769;0.0682153,-0.708327,-0.169086,0.681931
0.714981,0.00748271,0.317805;0.0623779,-0.714923,-0.16723,0.676039
0.714308,0.00830697,0.322877;0.0565332,-0.721435,-0.165355,0.670069
0.713644,0.00911319,0.327982;0.0506821,-0.727865,-0.16346,0.664022
0.712991,0.00990174,0.333118;0.044825,-0.73421,-0.161547,0.657897
0.712349,0.010673,0.338283;0.0389628,-0.74047,-0.159615,0.651697
0.711717,0.0114273,0.343475;0.0330961,-0.746645,-0.157664,0.645421
0.711098,0.012165,0.348692;0.0272255,-0.752733,-0.155695,0.63907
0.71049,0.0128864,0.353931;0.0213518,-0.758734,-0.153709,0.632645
0.709895,0.013592,0.359191;0.0154756,-0.764647,-0.151704,0.626148
0.709312,0.0142821,0.364469;0.00959765,-0.770472,-0.149682,0.619577
0.708742,0.0149571,0.369764;0.00371857,-0.776208,-0.147642,0.612935
0.708186,0.0156173,0.375072;-0.00216095,-0.781853,-0.145586,0.606222
0.707644,0.0162631,0.380393;-0.00804022,-0.787409,-0.143512,0.599439
0.707116,0.0168948,0.385723;-0.0139186,-0.792873,-0.141422,0.592587
0.706603,0.0175128,0.391061;-0.0197953,-0.798245,-0.139316,0.585666
0.706104,0.0181175,0.396405;-0.0256697,-0.803525,-0.137194,0.578677
0.705621,0.0187092,0.401752;-0.0315412,-0.808712,-0.135055,0.571621
0.705154,0.0192884,0.407101;-0.037409,-0.813805,-0.132901,0.564499
0.704703,0.0198553,0.412449;-0.0432725,-0.818804,-0.130732,0.557311
0.704269,0.0204103,0.417793;-0.0491309,-0.823709,-0.128547,0.55006
0.703851,0.0209538,0.423133;-0.0549837,-0.828518,-0.126348,0.542744
0.703451,0.0214861,0.428466;-0.0608302,-0.833231,-0.124134,0.535366
0.703069,0.0220077,0.433789;-0.0666695,-0.837848,-0.121905,0.527926
0.702704,0.0225188,0.439101;-0.0725012,-0.842368,-0.119663,0.520424
0.702359,0.0230199,0.444399;-0.0783245,-0.84679,-0.117407,0.512863
0.702032,0.0235112,0.449682;-0.0841387,-0.851114,-0.115137,0.505242
0.701724,0.0239932,0.454947;-0.0899432,-0.85534,-0.112853,0.497562
0.701436,0.0244662,0.460192;-0.0957372,-0.859467,-0.110557,0.489825
0.701168,0.0249307,0.465415;-0.10152,-0.863494,-0.108248,0.482031
0.70092,0.0253868,0.470613;-0.107291,-0.867421,-0.105926,0.474182
0.700693,0.0258351,0.475786;-0.11305,-0.871248,-0.103592,0.466278
0.700488,0.0262758,0.480929;-0.118796,-0.874974,-0.101246,0.458319
0.700304,0.0267094,0.486043;-0.124528,-0.878599,-0.0988889,0.450308
0.700142,0.0271361,0.491123;-0.130246,-0.882122,-0.0965198,0.442244
0.700002,0.0275564,0.496169;-0.135948,-0.885544,-0.0941396,0.43413
0.699885,0.0279707,0.501178;-0.141635,-0.888862,-0.0917485,0.425965
0.699783,0.0284197,0.506642;-0.147871,-0.892394,-0.089106,0.416926
0.699709,0.0288624,0.512057;-0.154087,-0.8958,-0.086451,0.40783
0.699664,0.029299,0.517418;-0.160281,-0.899082,-0.0837839,0.398676
0.699649,0.0297302,0.522723;-0.166453,-0.902237,-0.0811051,0.389466
0.699664,0.0301564,0.52797;-0.172601,-0.905266,-0.078415,0.380202
0.69971,0.0305781,0.533156;-0.178726,-0.908168,-0.0757138,0.370884
0.699786,0.0309958,0.538277;-0.184825,-0.910943,-0.0730021,0.361515
0.699894,0.0314099,0.543331;-0.190898,-0.91359,-0.0702801,0.352095
0.700034,0.0318209,0.548315;-0.196945,-0.91611,-0.0675483,0.342626
0.700224,0.0322665,0.553669;-0.20351,-0.918712,-0.0645573,0.332241
0.700454,0.0327095,0.558933;-0.210041,-0.921161,-0.0615556,0.321801
0.700723,0.0331507,0.564102;-0.216537,-0.923457,-0.0585437,0.311307
0.701034,0.0335908,0.569174;-0.222996,-0.925599,-0.0555219,0.300761
0.701385,0.0340303,0.574145;-0.229419,-0.927586,-0.052491,0.290165
0.701814,0.0345065,0.579411;-0.236334,-0.929565,-0.0491976,0.278632
0.702293,0.0349835,0.58455;-0.243202,-0.931361,-0.0458945,0.267044
0.702823,0.0354622,0.589556;-0.250023,-0.932976,-0.0425825,0.255404
0.703452,0.0359805,0.594793;-0.257314,-0.934511,-0.0390065,0.242813
0.704142,0.0365027,0.599865;-0.264547,-0.935833,-0.0354216,0.230166
0.704951,0.0370675,0.60511;-0.272229,-0.937015,-0.0315717,0.216559
0.705832,0.0376392,0.610151;-0.279841,-0.937952,-0.0277136,0.202895
0.706854,0.0382577,0.615296;-0.287879,-0.938683,-0.0235903,0.188262
0.707962,0.0388869,0.620193;-0.295833,-0.939136,-0.0194601,0.173573
0.709236,0.0395687,0.625114;-0.304187,-0.939312,-0.0150655,0.15791
0.710694,0.0403073,0.629997;-0.312922,-0.939157,-0.0104068,0.141268
0.712358,0.0411081,0.634772;-0.322014,-0.93861,-0.00548521,0.123644
0.714251,0.0419771,0.639361;-0.33144,-0.937611,-0.000302109,0.105037
0.716505,0.0429673,0.643872;-0.341631,-0.936011,0.00539937,0.0845138
0.719173,0.0440929,0.648126;-0.352531,-0.933667,0.0116156,0.0620708
0.722317,0.0453713,0.651915;-0.364072,-0.930426,0.018341,0.0377114
0.726003,0.0468239,0.655;-0.376183,-0.926122,0.0255675,0.0114458
0.730309,0.0484763,0.65711;-0.388781,-0.920577,0.0332843,-0.0167068
0.734993,0.0502377,0.657924;-0.400973,-0.914074,0.0409665,-0.0448421
0.739716,0.0519886,0.657467;-0.411975,-0.907146,0.0480981,-0.0710601
0.744226,0.0536457,0.656025;-0.421484,-0.900264,0.054429,-0.0944153
0.748624,0.0552536,0.653808;-0.429962,-0.893357,0.0602187,-0.115842
0.752648,0.0567202,0.651166;-0.437121,-0.886907,0.0652234,-0.134417
0.756644,0.0581752,0.648024;-0.443735,-0.880398,0.06995,-0.152006
0.760365,0.05953,0.644679;-0.449495,-0.874263,0.0741543,-0.167689
0.76397,0.0608437,0.641086;-0.457387,-0.867971,0.0753488,-0.178177
0.767337,0.062071,0.637446;-0.469952,-0.861457,0.0707251,-0.178981
0.770565,0.0632476,0.633724;-0.481586,-0.855205,0.0663955,-0.179695
0.773873,0.0644518,0.629696;-0.493127,-0.848788,0.0620531,-0.180375
0.777015,0.0655928,0.62569;-0.503757,-0.842681,0.05801,-0.180975
0.779971,0.0666639,0.621771;-0.513496,-0.83692,0.0542693,-0.181501
0.78298,0.0677507,0.617643;-0.523161,-0.831039,0.0505209,-0.182002
0.78604,0.0688518,0.613314;-0.532752,-0.82504,0.0467653,-0.182477
0.788887,0.0698725,0.609172;-0.541477,-0.819437,0.0433168,-0.18289
0.791773,0.0709029,0.604869;-0.550137,-0.813737,0.0398631,-0.183281
0.794698,0.0719419,0.600407;-0.558732,-0.80794,0.0364047,-0.18365
0.797388,0.0728931,0.596218;-0.566487,-0.802585,0.0332568,-0.183966
0.800107,0.0738497,0.591905;-0.574186,-0.797152,0.0301057,-0.184264
0.802853,0.0748109,0.587471;-0.581828,-0.791639,0.0269516,-0.184544
0.805627,0.0757758,0.582919;-0.589413,-0.786049,0.0237949,-0.184806
0.808425,0.0767437,0.578252;-0.59694,-0.78038,0.0206358,-0.185049
0.810965,0.0776167,0.573956;-0.603664,-0.775213,0.0177909,-0.185252
0.813523,0.0784908,0.569571;-0.610339,-0.769983,0.0149445,-0.185441
0.816099,0.0793655,0.5651;-0.616966,-0.764692,0.0120969,-0.185615
0.818693,0.0802401,0.560545;-0.623543,-0.75934,0.0092484,-0.185773
0.821303,0.081114,0.555908;-0.63007,-0.753927,0.00639913,-0.185918
0.823928,0.0819867,0.551192;-0.636547,-0.748453,0.00354934,-0.186047
0.826568,0.0828576,0.546397;-0.642973,-0.74292,0.000699277,-0.186161
0.829222,0.083726,0.541528;-0.649347,-0.737327,-0.00215085,-0.18626
0.831592,0.0844953,0.537137;-0.654969,-0.732306,-0.00468415,-0.186336
0.833972,0.0852619,0.532691;-0.66055,-0.727239,-0.00721716,-0.1864
0.836361,0.0860252,0.52819;-0.66609,-0.722125,-0.00974971,-0.186452
0.838758,0.0867848,0.523635;-0.671587,-0.716966,-0.0122817,-0.186493
0.841164,0.0875404,0.519029;-0.677041,-0.711762,-0.0148128,-0.186521
0.843576,0.0882914,0.514373;-0.682453,-0.706513,-0.017343,-0.186538
0.845996,0.0890376,0.509668;-0.687822,-0.701219,-0.0198722,-0.186543
0.848422,0.0897783,0.504916;-0.693147,-0.69588,-0.0224,-0.186536
0.850853,0.0905134,0.500119;-0.698428,-0.690498,-0.0249265,-0.186518
0.853289,0.0912422,0.495278;-0.703666,-0.685072,-0.0274514,-0.186487
0.85573,0.0919644,0.490394;-0.708858,-0.679603,-0.0299745,-0.186445
0.858175,0.0926796,0.485469;-0.714006,-0.67409,-0.0324957,-0.186391
0.860623,0.0933874,0.480505;-0.719109,-0.668535,-0.0350149,-0.186325
0.863074,0.0940873,0.475503;-0.724166,-0.662938,-0.0375319,-0.186248
0.865527,0.094779,0.470464;-0.729177,-0.657299,-0.0400465,-0.186159
0.867981,0.0954619,0.465391;-0.734143,-0.651618,-0.0425586,-0.186058
0.870437,0.0961357,0.460285;-0.739061,-0.645896,-0.0450679,-0.185945
0.872585,0.0967175,0.455791;-0.743327,-0.640856,-0.0472613,-0.185836
0.874734,0.0972917,0.451274;-0.747557,-0.635785,-0.0494524,-0.185719
0.876882,0.0978581,0.446734;-0.75175,-0.630682,-0.0516411,-0.185593
0.87903,0.0984163,0.442173;-0.755907,-0.62555,-0.0538273,-0.185457
0.881176,0.098966,0.437593;-0.760028,-0.620387,-0.0560109,-0.185313
0.88332,0.0995071,0.432993;-0.764111,-0.615194,-0.0581917,-0.18516
0.885462,0.100039,0.428375;-0.768158,-0.609971,-0.0603698,-0.184997
0.887602,0.100562,0.423739;-0.772167,-0.604719,-0.0625449,-0.184826
0.889739,0.101075,0.419088;-0.776139,-0.599437,-0.064717,-0.184646
0.891873,0.101579,0.414422;-0.780074,-0.594127,-0.066886,-0.184457
0.894003,0.102072,0.409742;-0.783971,-0.588787,-0.0690517,-0.184259
0.89613,0.102555,0.405049;-0.787829,-0.58342,-0.0712141,-0.184052
0.898251,0.103027,0.400344;-0.79165,-0.578023,-0.073373,-0.183836
0.900368,0.103488,0.395628;-0.795432,-0.572599,-0.0755284,-0.183611
0.90248,0.103938,0.390902;-0.799176,-0.567148,-0.0776801,-0.183377
0.904586,0.104377,0.386168;-0.802881,-0.561668,-0.0798281,-0.183135
0.906687,0.104804,0.381426;-0.806547,-0.556162,-0.0819722,-0.182883
0.908781,0.105218,0.376676;-0.810174,-0.550628,-0.0841123,-0.182623
0.910868,0.105621,0.371922;-0.813762,-0.545068,-0.0862484,-0.182354
0.912948,0.10601,0.367162;-0.817311,-0.539482,-0.0883802,-0.182076
0.91502,0.106387,0.362399;-0.82082,-0.533869,-0.0905078,-0.181789
0.917085,0.10675,0.357633;-0.824289,-0.528231,-0.0926311,-0.181493
0.919141,0.1071,0.352866;-0.827718,-0.522567,-0.0947498,-0.181189
0.921189,0.107437,0.348098;-0.831107,-0.516877,-0.0968639,-0.180876
0.923227,0.107759,0.34333;-0.834456,-0.511163,-0.0989734,-0.180554
0.925256,0.108067,0.338564;-0.837765,-0.505424,-0.101078,-0.180223
0.927276,0.10836,0.3338;-0.841032,-0.49966,-0.103178,-0.179884
0.929284,0.108638,0.32904;-0.84426,-0.493873,-0.105273,-0.179536
0.931283,0.108902,0.324285;-0.847446,-0.488061,-0.107362,-0.179179
0.93327,0.109149,0.319535;-0.850591,-0.482226,-0.109447,-0.178814
0.935246,0.109381,0.314792;-0.853695,-0.476367,-0.111526,-0.17844
0.93721,0.109597,0.310056;-0.856758,-0.470485,-0.1136,-0.178057
0.939161,0.109797,0.305329;-0.85978,-0.464581,-0.115668,-0.177665
0.9411,0.10998,0.300612;-0.862759,-0.458654,-0.117731,-0.177265
0.943027,0.110147,0.295906;-0.865697,-0.452704,-0.119788,-0.176857
0.944939,0.110296,0.291211;-0.868593,-0.446733,-0.121839,-0.17644
0.946838,0.110427,0.286529;-0.871447,-0.44074,-0.123884,-0.176014
0.948723,0.110541,0.281861;-0.874259,-0.434726,-0.125923,-0.17558
0.950593,0.110638,0.277208;-0.877028,-0.428691,-0.127956,-0.175137
0.952712,0.110725,0.271909;-0.880141,-0.421768,-0.130273,-0.174621
0.954811,0.110788,0.266633;-0.883198,-0.414819,-0.13258,-0.174093
0.95689,0.110826,0.261381;-0.8862,-0.407843,-0.13488,-0.173555
0.958947,0.11084,0.256154;-0.889145,-0.400842,-0.137171,-0.173006
0.960982,0.110827,0.250954;-0.892034,-0.393815,-0.139453,-0.172445
0.962995,0.110789,0.245782;-0.894867,-0.386763,-0.141726,-0.171874
0.964984,0.110725,0.240641;-0.897643,-0.379687,-0.143991,-0.171292
0.96695,0.110633,0.235531;-0.900363,-0.372587,-0.146246,-0.170699
0.968892,0.110515,0.230454;-0.903025,-0.365463,-0.148492,-0.170095
0.970809,0.110369,0.225411;-0.90563,-0.358316,-0.150729,-0.169481
0.972701,0.110194,0.220405;-0.908178,-0.351147,-0.152956,-0.168856
0.974567,0.109992,0.215436;-0.910669,-0.343955,-0.155173,-0.16822
0.976406,0.10976,0.210507;-0.913102,-0.336742,-0.157381,-0.167573
0.978218,0.109499,0.205618;-0.915477,-0.329507,-0.159579,-0.166916
0.980003,0.109209,0.200772;-0.917795,-0.322251,-0.161766,-0.166249
0.981759,0.108888,0.195969;-0.920054,-0.314975,-0.163944,-0.165571
0.983486,0.108536,0.191212;-0.922255,-0.307679,-0.166111,-0.164882
0.985184,0.108154,0.186502;-0.924398,-0.300364,-0.168267,-0.164183
0.987058,0.107686,0.181261;-0.926739,-0.292111,-0.17068,-0.163384
0.988894,0.107178,0.176083;-0.929005,-0.283835,-0.17308,-0.162572
0.990689,0.106629,0.170971;-0.931198,-0.275537,-0.175466,-0.161747
0.992445,0.106039,0.165927;-0.933315,-0.267216,-0.177838,-0.160909
0.994159,0.105406,0.160953;-0.935358,-0.258874,-0.180195,-0.160058
0.99583,0.104731,0.156051;-0.937326,-0.250511,-0.182538,-0.159195
0.997459,0.104012,0.151223;-0.939219,-0.242129,-0.184867,-0.158318
0.999044,0.103249,0.146472;-0.941037,-0.233726,-0.187181,-0.157429
1.00075,0.10235,0.141286;-0.942969,-0.224369,-0.189734,-0.156427
1.00241,0.101394,0.1362;-0.944807,-0.214989,-0.192268,-0.155409
1.004,0.100382,0.131218;-0.946552,-0.205588,-0.194784,-0.154375
1.00554,0.0993129,0.126341;-0.948204,-0.196166,-0.19728,-0.153327
1.00701,0.0981852,0.121574;-0.949761,-0.186725,-0.199757,-0.152263
1.00843,0.0969984,0.116919;-0.951225,-0.177266,-0.202214,-0.151184
1.00992,0.0956238,0.111932;-0.952727,-0.166841,-0.204893,-0.14998
1.01133,0.0941756,0.107089;-0.954115,-0.156396,-0.207548,-0.148758
1.01266,0.0926527,0.102393;-0.955389,-0.145931,-0.210178,-0.147519
1.01402,0.090905,0.097443;-0.956648,-0.134496,-0.213019,-0.146146
1.01528,0.0890658,0.0926785;-0.957771,-0.123042,-0.21583,-0.144753
1.01645,0.0871335,0.0881047;-0.958758,-0.11157,-0.218609,-0.143339
1.0176,0.0849337,0.0833709;-0.959673,-0.0991245,-0.221585,-0.141784
1.01863,0.0826214,0.0788736;-0.960427,-0.0866623,-0.224525,-0.140206
1.0196,0.0800032,0.0743023;-0.961061,-0.0732253,-0.227648,-0.13848
1.02043,0.0772502,0.0700211;-0.961508,-0.0597742,-0.230727,-0.136727
1.02115,0.0741482,0.0657655;-0.961781,-0.0453494,-0.233977,-0.13482
1.02169,0.0708861,0.0618624;-0.961839,-0.0309146,-0.237174,-0.132882
1.02208,0.0672268,0.0580993;-0.961666,-0.01551,-0.240527,-0.130783
1.02225,0.0633787,0.0547612;-0.96125,-0.000101421,-0.243819,-0.128651
1.02221,0.0590796,0.051694;-0.960541,0.0162701,-0.247249,-0.12635
1.02192,0.0545596,0.0491352;-0.959558,0.032637,-0.250608,-0.124013
1.02137,0.0498146,0.0470996;-0.958301,0.0489946,-0.253896,-0.12164
1.02057,0.0448407,0.0456021;-0.95677,0.0653382,-0.257111,-0.119233
1.01958,0.0399465,0.0446972;-0.955079,0.0807034,-0.26007,-0.116936
1.01835,0.0348427,0.0442942;-0.953147,0.0960482,-0.262963,-0.114609
1.01698,0.0298644,0.0443832;-0.951117,0.110412,-0.265615,-0.112402
1.01551,0.0250465,0.0448829;-0.949031,0.123796,-0.268037,-0.110319
1.01384,0.0200608,0.0457934;-0.946762,0.137156,-0.270407,-0.108215
1.01195,0.0148319,0.0471421;-0.945498,0.141811,-0.273013,-0.106714
1.01009,0.0099917,0.048711;-0.944461,0.145081,-0.275372,-0.105429
1.00807,0.00501851,0.0506085;-0.943406,0.148349,-0.277725,-0.104143
1.00591,-8.35774e-05,0.0528248;-0.942334,0.151614,-0.280073,-0.102855
1.00399,-0.00443083,0.0549081;-0.941427,0.154332,-0.282026,-0.10178
1.00198,-0.00886237,0.0572003;-0.940507,0.157049,-0.283975,-0.100704
0.999863,-0.0133758,0.0596957;-0.939574,0.159763,-0.28592,-0.0996259
0.997655,-0.0179688,0.0623887;-0.93863,0.162475,-0.287861,-0.0985468
0.995355,-0.022639,0.0652736;-0.937673,0.165186,-0.289799,-0.0974665
0.992965,-0.027384,0.0683447;-0.936704,0.167894,-0.291733,-0.0963849
0.99099,-0.0312323,0.0709319;-0.935919,0.170058,-0.293277,-0.0955187
0.988959,-0.0351256,0.0736317;-0.935127,0.172222,-0.294819,-0.0946517
0.986875,-0.039063,0.0764413;-0.934327,0.174384,-0.296358,-0.0937839
0.984738,-0.043043,0.0793577;-0.933519,0.176544,-0.297895,-0.0929153
0.982549,-0.0470645,0.0823781;-0.932703,0.178703,-0.29943,-0.092046
0.98031,-0.0511263,0.0854996;-0.931879,0.18086,-0.300961,-0.0911758
0.978021,-0.0552271,0.0887192;-0.931047,0.183016,-0.302491,-0.0903049
0.975684,-0.0593658,0.092034;-0.930208,0.185171,-0.304017,-0.0894332
0.973301,-0.0635411,0.0954412;-0.929361,0.187323,-0.305542,-0.0885608
0.970871,-0.0677518,0.0989378;-0.928506,0.189474,-0.307063,-0.0876876
0.968397,-0.0719968,0.102521;-0.927642,0.191624,-0.308582,-0.0868137
0.965879,-0.0762747,0.106188;-0.926772,0.193772,-0.310099,-0.085939
0.963319,-0.0805844,0.109935;-0.925893,0.195918,-0.311612,-0.0850636
0.960718,-0.0849246,0.113761;-0.925007,0.198063,-0.313124,-0.0841875
0.958077,-0.0892942,0.117661;-0.924112,0.200206,-0.314632,-0.0833107
0.955396,-0.0936919,0.121634;-0.92321,0.202347,-0.316138,-0.0824332
0.952678,-0.0981166,0.125675;-0.9223,0.204487,-0.317641,-0.081555
0.949924,-0.102567,0.129783;-0.921383,0.206625,-0.319142,-0.0806761
0.947834,-0.105921,0.132905;-0.920689,0.208227,-0.320265,-0.0800165
0.945726,-0.109288,0.136062;-0.919992,0.209829,-0.321387,-0.0793565
0.943598,-0.112668,0.139252;-0.91929,0.211429,-0.322508,-0.0786961
0.941452,-0.11606,0.142474;-0.918583,0.213028,-0.323627,-0.0780354
0.939288,-0.119464,0.145727;-0.917872,0.214627,-0.324744,-0.0773742
0.937107,-0.122879,0.14901;-0.917157,0.216224,-0.32586,-0.0767128
0.934908,-0.126304,0.15232;-0.916438,0.21782,-0.326975,-0.0760509
0.932693,-0.12974,0.155658;-0.915714,0.219415,-0.328088,-0.0753887
0.930462,-0.133186,0.159021;-0.914986,0.221009,-0.329199,-0.0747261
0.928215,-0.136641,0.162409;-0.914253,0.222603,-0.330309,-0.0740632
0.925954,-0.140104,0.165821;-0.913516,0.224195,-0.331417,-0.0733999
0.923677,-0.143575,0.169254;-0.912775,0.225786,-0.332523,-0.0727363
0.921387,-0.147054,0.172709;-0.91203,0.227376,-0.333628,-0.0720723
0.919083,-0.150541,0.176183;-0.91128,0.228964,-0.334732,-0.071408
0.916766,-0.154033,0.179676;-0.910526,0.230552,-0.335834,-0.0707434
0.914437,-0.157532,0.183186;-0.909767,0.232139,-0.336934,-0.0700784
0.912095,-0.161037,0.186712;-0.909004,0.233724,-0.338033,-0.0694131
0.909742,-0.164546,0.190253;-0.908237,0.235309,-0.33913,-0.0687474
0.907377,-0.16806,0.193808;-0.907466,0.236892,-0.340225,-0.0680814
0.905002,-0.171578,0.197374;-0.90669,0.238474,-0.341319,-0.0674152
0.902617,-0.1751,0.200952;-0.90591,0.240055,-0.342411,-0.0667485
0.900222,-0.178625,0.20454;-0.905125,0.241635,-0.343502,-0.0660816
0.897818,-0.182152,0.208137;-0.904337,0.243214,-0.344591,-0.0654144
0.895405,-0.185681,0.211741;-0.903544,0.244792,-0.345678,-0.0647468
0.892984,-0.189211,0.215351;-0.902747,0.246368,-0.346764,-0.0640789
0.890555,-0.192743,0.218967;-0.901945,0.247944,-0.347848,-0.0634108
0.888119,-0.196275,0.222586;-0.901139,0.249518,-0.34893,-0.0627423
0.885677,-0.199806,0.226208;-0.900329,0.251091,-0.350011,-0.0620735
0.883228,-0.203338,0.229831;-0.899515,0.252662,-0.35109,-0.0614045
0.880773,-0.206868,0.233454;-0.898696,0.254233,-0.352167,-0.0607351
0.878313,-0.210396,0.237076;-0.897873,0.255802,-0.353243,-0.0600655
0.875848,-0.213923,0.240696;-0.897046,0.257371,-0.354317,-0.0593955
0.873379,-0.217446,0.244312;-0.896215,0.258937,-0.355389,-0.0587253
0.870906,-0.220967,0.247924;-0.895379,0.260503,-0.35646,-0.0580548
0.868429,-0.224484,0.251529;-0.894539,0.262068,-0.357529,-0.0573841
0.86595,-0.227997,0.255127;-0.893695,0.263631,-0.358596,-0.056713
0.863469,-0.231505,0.258717;-0.892847,0.265193,-0.359662,-0.0560417
0.860985,-0.235008,0.262297;-0.891994,0.266753,-0.360726,-0.0553702
0.8585,-0.238505,0.265867;-0.891137,0.268313,-0.361788,-0.0546983
0.856015,-0.241996,0.269424;-0.890276,0.269871,-0.362849,-0.0540263
0.853529,-0.24548,0.272968;-0.889411,0.271428,-0.363907,-0.0533539
0.851043,-0.248957,0.276497;-0.888541,0.272984,-0.364964,-0.0526813
0.848557,-0.252426,0.28001;-0.887668,0.274538,-0.36602,-0.0520084
0.846073,-0.255887,0.283507;-0.88679,0.276091,-0.367073,-0.0513353
0.84359,-0.259339,0.286985;-0.885907,0.277643,-0.368125,-0.050662
0.841109,-0.262782,0.290444;-0.885021,0.279193,-0.369175,-0.0499884
0.838631,-0.266215,0.293882;-0.884131,0.280742,-0.370223,-0.0493146
0.836156,-0.269638,0.297298;-0.883236,0.28229,-0.37127,-0.0486405
0.833684,-0.27305,0.300691;-0.882337,0.283836,-0.372315,-0.0479663
0.831216,-0.27645,0.30406;-0.881434,0.285381,-0.373358,-0.0472918
0.828753,-0.279839,0.307403;-0.880526,0.286925,-0.374399,-0.046617
0.826294,-0.283215,0.31072;-0.879615,0.288467,-0.375438,-0.0459421
0.823841,-0.286579,0.314008;-0.878699,0.290008,-0.376476,-0.0452669
0.821394,-0.289929,0.317267;-0.877779,0.291548,-0.377512,-0.0445915
0.818954,-0.293265,0.320496;-0.876855,0.293086,-0.378546,-0.0439159
0.81652,-0.296586,0.323693;-0.875927,0.294623,-0.379578,-0.0432401
0.814094,-0.299893,0.326857;-0.874995,0.296158,-0.380609,-0.0425641
0.811676,-0.303184,0.329986;-0.874058,0.297692,-0.381637,-0.0418878
0.809266,-0.306459,0.333081;-0.873118,0.299224,-0.382664,-0.0412114
0.806865,-0.309718,0.336139;-0.872173,0.300756,-0.383689,-0.0405348
0.804473,-0.31296,0.339159;-0.871224,0.302285,-0.384713,-0.039858
0.801299,-0.317255,0.343125;-0.869952,0.304323,-0.386074,-0.0389553
0.798145,-0.321518,0.347018;-0.868673,0.306358,-0.387432,-0.0380523
0.795009,-0.325747,0.350836;-0.867387,0.30839,-0.388787,-0.0371489
0.791895,-0.329941,0.354577;-0.866093,0.310419,-0.390139,-0.0362453
0.788803,-0.3341,0.358236;-0.864792,0.312446,-0.391487,-0.0353413
0.785735,-0.338221,0.361811;-0.863484,0.314471,-0.392833,-0.034437
0.78269,-0.342304,0.3653;-0.862169,0.316493,-0.394174,-0.0335325
0.779671,-0.346347,0.368698;-0.860846,0.318512,-0.395513,-0.0326276
0.77668,-0.350349,0.372004;-0.859516,0.320528,-0.396848,-0.0317225
0.773715,-0.35431,0.375215;-0.858178,0.322542,-0.39818,-0.0308171
0.770781,-0.358227,0.378327;-0.856834,0.324553,-0.399508,-0.0299115
0.767876,-0.362099,0.381338;-0.855482,0.326561,-0.400833,-0.0290056
0.765002,-0.365926,0.384245;-0.854123,0.328566,-0.402155,-0.0280994
0.762161,-0.369706,0.387044;-0.852757,0.330569,-0.403473,-0.0271931
0.759354,-0.373438,0.389734;-0.851383,0.332569,-0.404788,-0.0262865
0.756582,-0.37712,0.39231;-0.850003,0.334566,-0.406099,-0.0253796
0.753846,-0.380752,0.394771;-0.848615,0.33656,-0.407407,-0.0244726
0.751147,-0.384332,0.397113;-0.84722,0.338552,-0.408712,-0.0235653
0.747827,-0.388732,0.399869;-0.845466,0.341037,-0.410338,-0.022431
0.744569,-0.393048,0.40243;-0.843702,0.343518,-0.411958,-0.0212964
0.741375,-0.397275,0.404789;-0.841926,0.345994,-0.413573,-0.0201614
0.738249,-0.401413,0.406941;-0.840139,0.348466,-0.415183,-0.0190263
0.735191,-0.405459,0.40888;-0.83834,0.350933,-0.416787,-0.0178908
0.732204,-0.40941,0.410601;-0.836531,0.353395,-0.418386,-0.0167552
0.729291,-0.413263,0.412098;-0.834711,0.355853,-0.419979,-0.0156193
0.725895,-0.417756,0.41359;-0.832512,0.358796,-0.421883,-0.0142559
0.722612,-0.422102,0.414742;-0.830298,0.361733,-0.42378,-0.0128923
0.719446,-0.426297,0.415543;-0.828067,0.364662,-0.425668,-0.0115285
0.716401,-0.430336,0.415985;-0.825821,0.367585,-0.427548,-0.0101644
0.713006,-0.434846,0.416031;-0.823181,0.370986,-0.429732,-0.00857273
0.709786,-0.439132,0.415559;-0.820519,0.374377,-0.431904,-0.00698085
0.706749,-0.443189,0.414552;-0.817837,0.377758,-0.434065,-0.00538879
0.7039,-0.447008,0.412994;-0.815133,0.38113,-0.436215,-0.00379659
0.700882,-0.451075,0.410521;-0.812017,0.384972,-0.438658,-0.00197681
0.698127,-0.454815,0.407285;-0.808874,0.3888,-0.441087,-0.000156965
0.69594,-0.457811,0.403811;-0.806101,0.392139,-0.443199,0.0014354
0.693968,-0.460542,0.399719;-0.803307,0.395468,-0.445301,0.00302774
0.692216,-0.463002,0.394995;-0.800493,0.398787,-0.44739,0.00461999
0.690896,-0.46489,0.390431;-0.798064,0.401624,-0.449172,0.00598469
0.689746,-0.466569,0.385381;-0.79562,0.404453,-0.450946,0.00734927
0.68877,-0.468037,0.379835;-0.793161,0.407274,-0.452711,0.00871371
0.688094,-0.469095,0.374828;-0.791101,0.409619,-0.454175,0.00985062
0.687544,-0.47,0.369465;-0.78903,0.411959,-0.455633,0.0109874
0.687123,-0.47075,0.363739;-0.786948,0.414293,-0.457085,0.012124
0.686832,-0.471344,0.357645;-0.784856,0.416622,-0.458532,0.0132605
0.686695,-0.471703,0.352501;-0.783175,0.418481,-0.459684,0.0141696
0.686644,-0.471959,0.347115;-0.781488,0.420336,-0.460833,0.0150785
0.686681,-0.472111,0.341484;-0.779794,0.422188,-0.461978,0.0159873
0.686807,-0.472156,0.335605;-0.778093,0.424037,-0.463119,0.016896
0.687022,-0.472095,0.329476;-0.776386,0.425882,-0.464256,0.0178045
0.687329,-0.471925,0.323092;-0.774672,0.427723,-0.465389,0.0187129
0.687727,-0.471646,0.316453;-0.772951,0.42956,-0.466518,0.0196211
0.688087,-0.471364,0.311303;-0.771657,0.430936,-0.467362,0.0203022
0.6885,-0.471019,0.306006;-0.770359,0.43231,-0.468204,0.0209831
0.688966,-0.470611,0.30056;-0.769057,0.433682,-0.469044,0.021664
0.689487,-0.470139,0.294965;-0.767751,0.435052,-0.469882,0.0223448
0.690061,-0.469603,0.289219;-0.766442,0.436419,-0.470717,0.0230254
0.690691,-0.469001,0.283321;-0.765129,0.437785,-0.47155,0.023706
0.691376,-0.468335,0.27727;-0.763813,0.439148,-0.472381,0.0243864
0.692117,-0.467603,0.271065;-0.762493,0.44051,-0.47321,0.0250667
