0.720759,-0.277947,0.614823;0.221927,0.86061,0.428186,0.16357
0.725084,-0.269445,0.608034;0.221138,0.866973,0.416614,0.160897
0.729294,-0.261112,0.601404;0.220309,0.873178,0.404967,0.158196
0.733391,-0.252946,0.594931;0.219439,0.879224,0.393246,0.155465
0.737374,-0.244947,0.588614;0.21853,0.885109,0.381454,0.152706
0.741246,-0.237112,0.582451;0.21758,0.890834,0.369592,0.149919
0.745007,-0.229441,0.576441;0.216592,0.896396,0.357663,0.147105
0.74866,-0.221932,0.570582;0.215563,0.901795,0.345668,0.144264
0.752784,-0.213374,0.563935;0.214314,0.907886,0.331595,0.140916
0.756764,-0.205034,0.55749;0.213011,0.913752,0.31744,0.137533
0.7606,-0.196909,0.551243;0.211656,0.919391,0.303207,0.134116
0.764294,-0.188997,0.545193;0.210248,0.924803,0.288898,0.130667
0.767849,-0.181296,0.539337;0.208788,0.929985,0.274517,0.127184
0.771743,-0.17275,0.532879;0.207057,0.935625,0.257999,0.123166
0.775461,-0.164474,0.526667;0.205258,0.940962,0.241397,0.119107
0.779004,-0.156465,0.520699;0.203393,0.945995,0.224717,0.115011
0.782375,-0.14872,0.51497;0.201461,0.950721,0.207965,0.110877
0.785966,-0.140317,0.508807;0.199211,0.95567,0.189038,0.106183
0.789348,-0.132241,0.502937;0.196879,0.960227,0.170034,0.101446
0.792524,-0.124486,0.497356;0.194466,0.964391,0.15096,0.0966669
0.795817,-0.11624,0.491486;0.191692,0.968554,0.129694,0.0913107
0.798867,-0.10838,0.48596;0.18882,0.972226,0.108363,0.0859084
0.801946,-0.100171,0.480268;0.185551,0.975698,0.0848357,0.0799157
0.804986,-0.0917312,0.474511;0.181856,0.978804,0.0591109,0.0733226
0.807913,-0.0831814,0.468793;0.177703,0.981365,0.0311944,0.0661199
0.810653,-0.0746501,0.463222;0.173061,0.983183,0.00110133,0.0583002
0.81313,-0.0662695,0.457906;0.167897,0.98405,-0.0311417,0.0498579
0.815388,-0.0576971,0.45267;0.161814,0.983678,-0.0676389,0.0402219
0.81733,-0.048833,0.447536;0.154356,0.9814,-0.110446,0.0288112
0.818702,-0.0398746,0.442766;0.144994,0.976045,-0.161512,0.0150435
0.819027,-0.0306437,0.438606;0.13186,0.964486,-0.228843,-0.00337476
0.816052,-0.0214976,0.43671;0.10773,0.932994,-0.341607,-0.0349369
0.80785,-0.0204672,0.44165;0.0771199,0.877442,-0.468011,-0.0715118
0.800891,-0.0244326,0.44777;0.0574218,0.833857,-0.540998,-0.0933095
0.794767,-0.0296195,0.453779;0.0418279,0.795419,-0.594582,-0.109692
0.789053,-0.0354889,0.459733;0.0280778,0.758783,-0.638906,-0.12353
0.783545,-0.0419388,0.465718;0.0152528,0.722363,-0.677849,-0.135937
0.778318,-0.0487195,0.471586;0.0174727,0.724105,-0.67675,-0.131815
0.77334,-0.0557587,0.477335;0.0260303,0.742127,-0.65877,-0.120796
0.768704,-0.0628271,0.482831;0.0339572,0.758302,-0.641577,-0.110473
0.764082,-0.0703791,0.488449;0.0418593,0.773926,-0.623917,-0.10007
0.759851,-0.0777551,0.493719;0.0491268,0.787849,-0.607213,-0.090402
0.755677,-0.0854974,0.499046;0.0563639,0.801285,-0.590133,-0.0806782
0.751582,-0.093584,0.504409;0.063566,0.814224,-0.572688,-0.0709045
0.747586,-0.101993,0.509784;0.0707288,0.826659,-0.554888,-0.0610869
0.744029,-0.109966,0.514703;0.0772563,0.837609,-0.538269,-0.0520541
0.74059,-0.118174,0.519596;0.0837437,0.848122,-0.52137,-0.0429941
0.737286,-0.1266,0.524446;0.0901874,0.858195,-0.5042,-0.0339118
0.734134,-0.135228,0.529235;0.0965843,0.867821,-0.486768,-0.0248119
0.731149,-0.144041,0.533948;0.102931,0.876995,-0.469083,-0.0156991
0.728348,-0.153022,0.538565;0.109224,0.885713,-0.451153,-0.00657803
0.725749,-0.162154,0.54307;0.11546,0.89397,-0.432989,0.00254641
0.723367,-0.171419,0.547445;0.121636,0.901763,-0.414599,0.0116695
0.721219,-0.180802,0.551673;0.127749,0.909086,-0.395994,0.0207866
0.719321,-0.190284,0.555738;0.133796,0.915936,-0.377183,0.0298928
0.717691,-0.19985,0.55962;0.139772,0.922309,-0.358175,0.0389835
0.716344,-0.209482,0.563304;0.145676,0.928203,-0.338981,0.0480539
0.715297,-0.219163,0.566772;0.151505,0.933614,-0.319611,0.0570993
0.714566,-0.228877,0.570006;0.157254,0.938539,-0.300074,0.066115
0.714168,-0.238607,0.57299;0.162922,0.942976,-0.280382,0.0750962
0.714121,-0.248334,0.575705;0.168505,0.946922,-0.260543,0.0840385
0.714439,-0.258044,0.578135;0.174,0.950375,-0.240569,0.092937
0.715223,-0.268596,0.58044;0.179891,0.953579,-0.218637,0.102589
0.716484,-0.279083,0.582363;0.185671,0.956192,-0.196569,0.112178
0.718243,-0.289485,0.58388;0.191336,0.958213,-0.17438,0.121697
0.720522,-0.299778,0.584969;0.196883,0.959641,-0.152083,0.131141
0.723342,-0.309942,0.585609;0.202308,0.960474,-0.129691,0.140503
0.726724,-0.319955,0.585775;0.207607,0.960713,-0.107219,0.149779
0.730494,-0.32935,0.585475;0.224378,0.959212,-0.100114,0.139803
0.734969,-0.33897,0.584689;0.249024,0.955952,-0.101581,0.117572
0.739598,-0.347775,0.583544;0.271778,0.951949,-0.102848,0.0967045
0.744618,-0.356404,0.582024;0.294268,0.947022,-0.104015,0.0757431
0.749986,-0.364852,0.580152;0.316472,0.941175,-0.105081,0.0547081
0.755657,-0.373111,0.577948;0.338369,0.934415,-0.106045,0.0336201
0.761588,-0.381175,0.575435;0.359937,0.926747,-0.106906,0.0124994
0.767734,-0.389037,0.572635;0.381156,0.91818,-0.107664,-0.00863346
0.774051,-0.39669,0.569571;0.402005,0.908721,-0.108317,-0.0297579
0.780496,-0.404128,0.566263;0.422464,0.89838,-0.108864,-0.0508535
0.787025,-0.411344,0.562734;0.442513,0.887167,-0.109306,-0.0718997
0.793592,-0.41833,0.559005;0.462132,0.875093,-0.109642,-0.0928761
0.800155,-0.425081,0.5551;0.481302,0.862169,-0.109872,-0.113762
0.806669,-0.43159,0.551039;0.500005,0.848408,-0.109995,-0.134538
0.813544,-0.438287,0.546542;0.519505,0.83275,-0.110008,-0.156652
0.820258,-0.44469,0.541918;0.538426,0.816165,-0.109898,-0.178592
0.826757,-0.45079,0.537195;0.556747,0.79867,-0.109666,-0.200333
0.833392,-0.456954,0.532079;0.575604,0.779028,-0.109284,-0.223276
0.840033,-0.463105,0.526591;0.594841,0.757077,-0.108726,-0.247343
0.846175,-0.468833,0.521087;0.613225,0.734042,-0.108013,-0.271055
0.852352,-0.474721,0.514964;0.632733,0.707055,-0.107032,-0.297097
0.857955,-0.480313,0.508612;0.652045,0.677283,-0.105794,-0.323934
0.8629,-0.485725,0.501808;0.671794,0.642986,-0.104189,-0.352712
0.866874,-0.491088,0.49413;0.693055,0.600474,-0.101971,-0.385627
0.868585,-0.49609,0.485416;0.71603,0.545406,-0.0987741,-0.424354
0.86554,-0.499577,0.476679;0.738063,0.478306,-0.0944541,-0.466438
0.85727,-0.500523,0.470135;0.742454,0.452033,-0.0713342,-0.489224
0.847847,-0.499826,0.466227;0.740863,0.444576,-0.0476951,-0.501197
0.838129,-0.498368,0.463527;0.739077,0.438002,-0.0276637,-0.511031
0.828172,-0.496405,0.461503;0.737105,0.431819,-0.00944001,-0.51973
0.818487,-0.494155,0.459996;0.735046,0.426088,0.00696517,-0.527359
0.808285,-0.491481,0.458753;0.732719,0.420202,0.0233678,-0.534796
0.797727,-0.488413,0.457744;0.730125,0.414163,0.0397619,-0.542038
0.788176,-0.485383,0.457018;0.727596,0.408668,0.0543225,-0.54831
0.778586,-0.482088,0.456429;0.724857,0.403055,0.0688675,-0.554424
0.769072,-0.478553,0.455955;0.72191,0.397326,0.0833926,-0.560378
0.759748,-0.474799,0.455574;0.718755,0.391483,0.0978937,-0.566171
0.749627,-0.470342,0.45523;0.714958,0.384775,0.114173,-0.572493
0.740053,-0.465667,0.454944;0.7109,0.377926,0.130412,-0.578606
0.731187,-0.460807,0.454686;0.706584,0.37094,0.146602,-0.584509
0.722366,-0.455227,0.454392;0.701486,0.363019,0.164529,-0.590817
0.714171,-0.448921,0.45401;0.695514,0.354118,0.184163,-0.597449
0.706916,-0.441319,0.453405;0.687968,0.343349,0.207236,-0.604868
0.702425,-0.432464,0.45238;0.678611,0.330601,0.233662,-0.612856
0.70327,-0.422497,0.450621;0.667177,0.315749,0.263324,-0.621158
0.709441,-0.414488,0.448551;0.657109,0.303208,0.287497,-0.62739
0.718187,-0.408404,0.446448;0.648792,0.293167,0.306313,-0.631898
0.727461,-0.403883,0.444504;0.660614,0.281835,0.309517,-0.623183
0.737288,-0.400085,0.442598;0.68498,0.268928,0.303103,-0.605482
0.746995,-0.396904,0.440822;0.705481,0.257499,0.297271,-0.589594
0.756836,-0.394065,0.439108;0.723881,0.246758,0.291666,-0.57449
0.766522,-0.39155,0.437494;0.740294,0.236757,0.286346,-0.560284
0.776777,-0.389122,0.435858;0.756263,0.226614,0.280854,-0.545742
0.786537,-0.386994,0.434367;0.770387,0.217275,0.275715,-0.532238
0.79666,-0.384945,0.432888;0.78413,0.207828,0.270439,-0.51847
0.807097,-0.382977,0.431433;0.797484,0.198278,0.265029,-0.504446
0.817797,-0.381094,0.430016;0.810442,0.188631,0.259488,-0.490171
0.82761,-0.379475,0.428785;0.821762,0.179867,0.254391,-0.477116
0.83756,-0.377929,0.427606;0.832752,0.171032,0.249192,-0.46387
0.847608,-0.376459,0.42649;0.843408,0.162128,0.243893,-0.450437
0.85772,-0.375067,0.425446;0.853725,0.153159,0.238496,-0.436824
0.867856,-0.373755,0.424484;0.8637,0.144129,0.233004,-0.423035
0.877982,-0.372525,0.423615;0.873328,0.13504,0.227418,-0.409076
0.888061,-0.37138,0.422848;0.882606,0.125898,0.22174,-0.394954
0.898055,-0.370322,0.422193;0.891529,0.116705,0.215974,-0.380673
0.909016,-0.369251,0.42161;0.901024,0.106435,0.209465,-0.364626
0.919778,-0.368294,0.421191;0.910072,0.0961135,0.202853,-0.348398
0.93029,-0.367452,0.420951;0.91867,0.0857438,0.19614,-0.331998
0.940502,-0.366731,0.420904;0.926812,0.0753317,0.189329,-0.315433
0.951328,-0.366078,0.421091;0.935239,0.0638355,0.18173,-0.297032
0.961663,-0.365578,0.421545;0.943104,0.052301,0.174022,-0.278453
0.972299,-0.365211,0.422367;0.95104,0.0396823,0.165494,-0.257994
0.982971,-0.365029,0.42367;0.95887,0.0259805,0.156122,-0.235624
0.993352,-0.365092,0.425586;0.966406,0.0112006,0.145884,-0.211312
1.00304,-0.365468,0.42827;0.973437,-0.00464658,0.134757,-0.185037
1.01248,-0.366353,0.432418;0.980443,-0.0236549,0.121207,-0.153237
1.02009,-0.368007,0.438636;0.986625,-0.0457811,0.105156,-0.11583
1.02375,-0.370751,0.447718;0.991052,-0.0709429,0.0865312,-0.0727739
1.02202,-0.373933,0.457535;0.992605,-0.0927958,0.0700306,-0.0349252
1.0173,-0.376863,0.466269;0.992333,-0.109312,0.0573541,-0.00603259
1.01115,-0.379577,0.474208;0.991185,-0.122631,0.0470001,0.01745
1.00423,-0.382112,0.48154;0.989566,-0.13382,0.0382079,0.0373093
0.996514,-0.38461,0.48871;0.987579,-0.143923,0.0301951,0.0553441
0.988371,-0.387018,0.495586;0.985372,-0.152955,0.0229706,0.0715522
0.980146,-0.389287,0.502042;0.983078,-0.160932,0.016541,0.0859355
0.972167,-0.391374,0.507963;0.980815,-0.16787,0.0109107,0.0984987
