0.764549,-0.0390684,0.30158;0.91964,-0.108433,0.25799,0.275584
0.759921,-0.0398494,0.311269;0.920788,-0.112393,0.259902,0.268269
0.755412,-0.040559,0.320774;0.921868,-0.116345,0.261796,0.260935
0.751024,-0.0411978,0.330098;0.922879,-0.120289,0.26367,0.25358
0.746754,-0.0417665,0.339243;0.923822,-0.124223,0.265524,0.246207
0.741582,-0.04238,0.350422;0.924905,-0.129128,0.267815,0.236965
0.736592,-0.0428868,0.361325;0.92588,-0.134018,0.270074,0.227696
0.731782,-0.0432881,0.371955;0.926748,-0.138893,0.272302,0.2184
0.727149,-0.0435856,0.382314;0.927509,-0.143751,0.274499,0.209079
0.722693,-0.0437805,0.392405;0.928162,-0.148593,0.276663,0.199734
0.71841,-0.0438745,0.40223;0.928707,-0.153417,0.278796,0.190366
0.7143,-0.0438689,0.411793;0.929145,-0.158224,0.280896,0.180975
0.71036,-0.0437652,0.421096;0.929475,-0.163012,0.282964,0.171564
0.705853,-0.0435134,0.43192;0.929729,-0.168733,0.285402,0.160244
0.701585,-0.0431248,0.442379;0.929828,-0.174426,0.287792,0.148897
0.697553,-0.0426021,0.452477;0.929772,-0.18009,0.290135,0.137526
0.693752,-0.0419478,0.462218;0.929561,-0.185724,0.292428,0.126131
0.69018,-0.0411644,0.471608;0.929194,-0.191327,0.294674,0.114716
0.686297,-0.0400905,0.482124;0.928571,-0.197823,0.297231,0.101374
0.682715,-0.0388483,0.492176;0.927736,-0.204274,0.29972,0.0880088
0.679428,-0.0374417,0.501771;0.926691,-0.210679,0.302142,0.0746236
0.676027,-0.0356381,0.512187;0.925239,-0.21794,0.304825,0.0593058
0.672998,-0.033631,0.522026;0.923512,-0.225136,0.307418,0.0439703
0.670023,-0.0311371,0.53242;0.921242,-0.233153,0.310226,0.0267026
0.667497,-0.0284017,0.542114;0.918626,-0.241081,0.312918,0.00942482
0.665201,-0.0250894,0.552085;0.915315,-0.249784,0.315771,-0.00977657
0.66328,-0.0211274,0.562105;0.911183,-0.259224,0.31874,-0.0308925
0.661971,-0.0168467,0.571158;0.906539,-0.268518,0.32153,-0.0519912
0.661217,-0.0118318,0.579968;0.900894,-0.278485,0.324368,-0.0749742
0.661163,-0.00601515,0.588297;0.8941,-0.289073,0.327198,-0.0998155
0.661954,0.000666732,0.595907;0.886,-0.300222,0.329959,-0.12648
0.663731,0.00827127,0.602564;0.876429,-0.311864,0.332585,-0.15492
0.666627,0.0168474,0.608038;0.865212,-0.323924,0.335003,-0.185078
0.670494,0.0258564,0.611919;0.852969,-0.335599,0.337024,-0.215016
0.674943,0.0346531,0.614192;0.840571,-0.346183,0.338556,-0.242852
0.680135,0.0437493,0.615217;0.827297,-0.356406,0.339734,-0.270435
0.685605,0.0524745,0.615113;0.814129,-0.365613,0.340514,-0.295925
0.691186,0.0607515,0.614153;0.801239,-0.373864,0.340962,-0.319354
0.697214,0.0691708,0.612411;0.787721,-0.381823,0.341142,-0.342533
0.703144,0.0770467,0.61015;0.774695,-0.388904,0.341071,-0.363691
0.7094,0.085002,0.6073;0.761152,-0.395725,0.340773,-0.384607
0.715952,0.0930166,0.603899;0.747101,-0.402283,0.340247,-0.405265
0.722197,0.100398,0.600331;0.733783,-0.408058,0.339565,-0.423965
0.728648,0.107797,0.596359;0.720053,-0.413604,0.338693,-0.442427
0.735284,0.115198,0.592015;0.705919,-0.418919,0.337631,-0.460641
0.74146,0.121915,0.587766;0.692726,-0.423546,0.336502,-0.476975
0.747756,0.128609,0.583254;0.679213,-0.427977,0.335216,-0.493088
0.754156,0.135269,0.578501;0.665384,-0.43221,0.333775,-0.508973
0.760646,0.141883,0.573529;0.651247,-0.436242,0.332179,-0.524621
0.767208,0.148439,0.56836;0.636808,-0.440072,0.330429,-0.540027
0.773828,0.154926,0.563014;0.622074,-0.443698,0.328526,-0.555182
0.78049,0.161332,0.557515;0.607051,-0.447119,0.326471,-0.57008
0.787088,0.167561,0.551959;0.604733,-0.465511,0.323927,-0.559168
0.793639,0.173636,0.546342;0.603486,-0.485124,0.321178,-0.545256
0.8002,0.179612,0.540622;0.601885,-0.504452,0.318241,-0.531024
0.806764,0.185484,0.534808;0.59993,-0.523483,0.315117,-0.516479
0.813324,0.191248,0.528913;0.597623,-0.542208,0.311808,-0.501631
0.819873,0.1969,0.522946;0.594965,-0.560613,0.308315,-0.486489
0.826403,0.202433,0.516919;0.591957,-0.57869,0.304642,-0.471061
0.832908,0.207844,0.510841;0.588602,-0.596426,0.30079,-0.455356
0.839381,0.213127,0.504725;0.584901,-0.613812,0.296761,-0.439384
0.845815,0.218278,0.49858;0.580857,-0.630838,0.292558,-0.423154
0.852202,0.223292,0.492418;0.576471,-0.647493,0.288183,-0.406675
0.858536,0.228164,0.486248;0.571747,-0.663768,0.283638,-0.389957
0.865377,0.233311,0.479523;0.56621,-0.681078,0.278491,-0.371459
0.872136,0.238278,0.472816;0.560278,-0.697911,0.273149,-0.352701
0.878806,0.243057,0.466142;0.553954,-0.714257,0.267616,-0.333696
0.885376,0.247643,0.459514;0.547243,-0.730103,0.261896,-0.314459
0.891838,0.25203,0.452947;0.54015,-0.74544,0.255993,-0.295001
0.898705,0.256549,0.445917;0.532039,-0.761465,0.249396,-0.27369
0.905423,0.260819,0.438992;0.523492,-0.776867,0.242595,-0.252154
0.91198,0.264831,0.43219;0.514516,-0.791631,0.235595,-0.230412
0.918847,0.268855,0.425022;0.504377,-0.806804,0.22784,-0.206786
0.9255,0.272562,0.41804;0.493759,-0.821209,0.219868,-0.182963
0.932373,0.276169,0.410789;0.481861,-0.835777,0.211096,-0.157246
0.938965,0.279387,0.403804;0.469437,-0.849431,0.202092,-0.131358
0.945666,0.282379,0.396676;0.455619,-0.862973,0.192246,-0.103586
0.952389,0.285042,0.389505;0.440319,-0.876186,0.181522,-0.0739379
0.959388,0.287367,0.382027;0.422488,-0.889499,0.169237,-0.0406812
0.966129,0.289047,0.374828;0.40292,-0.901828,0.155985,-0.00559837
0.973033,0.289968,0.367484;0.379452,-0.91384,0.140372,0.0347562
0.980125,0.289568,0.360029;0.349574,-0.925295,0.120883,0.0837529
0.986795,0.286607,0.35326;0.310369,-0.93466,0.0958833,0.144529
0.991391,0.278778,0.349271;0.258496,-0.938547,0.0636654,0.219671
0.991722,0.268772,0.350198;0.214226,-0.935172,0.0368469,0.279648
0.989882,0.25931,0.353457;0.14494,-0.94709,0.0320633,0.284578
0.987189,0.25049,0.35756;0.0862993,-0.954239,0.0291296,0.284837
0.983952,0.241809,0.362214;0.033914,-0.957791,0.0264359,0.28423
0.980511,0.233614,0.366996;-0.0120051,-0.958728,0.0240187,0.283054
0.97674,0.22533,0.372113;-0.0557153,-0.957733,0.0216693,0.281377
0.972959,0.217503,0.377146;-0.0949654,-0.955266,0.0195191,0.279406
0.969074,0.209813,0.382239;-0.1319,-0.951571,0.0174604,0.277146
0.9649,0.201855,0.387632;-0.168652,-0.946557,0.0153776,0.274501
0.960727,0.194141,0.392955;-0.20303,-0.940637,0.0133977,0.271663
0.956332,0.186227,0.398492;-0.237158,-0.933562,0.0114013,0.268492
0.952023,0.178643,0.403857;-0.268888,-0.925887,0.00951696,0.265219
0.947545,0.170915,0.409367;-0.300329,-0.917212,0.00762233,0.26166
0.943225,0.163584,0.414625;-0.329382,-0.908222,0.00584653,0.258083
0.938779,0.156154,0.419976;-0.358124,-0.898377,0.00406524,0.254263
0.934218,0.148635,0.425404;-0.38653,-0.887686,0.00228012,0.250205
0.929553,0.141039,0.430892;-0.414572,-0.876161,0.000492862,0.24591
0.924794,0.13338,0.436424;-0.442224,-0.863811,-0.00129486,0.241384
0.919951,0.125669,0.441982;-0.46946,-0.850649,-0.00308137,0.236632
0.915035,0.117919,0.447552;-0.496254,-0.836686,-0.00486498,0.231656
0.910414,0.110697,0.452718;-0.520717,-0.823015,-0.00651713,0.226841
0.905747,0.103462,0.457867;-0.544758,-0.808677,-0.00816399,0.221841
0.901043,0.0962219,0.462983;-0.568356,-0.793683,-0.00980422,0.216662
0.896309,0.0889878,0.468055;-0.591494,-0.778045,-0.0114365,0.211307
0.891189,0.0812147,0.473451;-0.615874,-0.760498,-0.0131839,0.205348
0.886055,0.0734716,0.478764;-0.639674,-0.742236,-0.014919,0.199197
0.880918,0.0657707,0.483975;-0.662873,-0.723276,-0.0166399,0.192857
0.875789,0.0581242,0.48907;-0.685449,-0.703635,-0.0183453,0.186337
0.870678,0.0505442,0.494031;-0.707379,-0.683332,-0.0200334,0.179641
0.865594,0.0430429,0.498842;-0.728644,-0.662387,-0.0217026,0.172776
0.86055,0.0356326,0.503486;-0.749223,-0.640818,-0.0233514,0.165748
0.8552,0.0278076,0.508258;-0.770489,-0.61704,-0.0250935,0.158046
0.84992,0.020116,0.512799;-0.790924,-0.592595,-0.0268086,0.150173
0.844722,0.0125727,0.517089;-0.810504,-0.567511,-0.0284947,0.142138
0.839282,0.00470678,0.521365;-0.830424,-0.540079,-0.0302593,0.133398
0.833966,-0.00295513,0.525308;-0.849324,-0.511984,-0.0319866,0.124494
0.828471,-0.0108521,0.529104;-0.868261,-0.481444,-0.0337788,0.114866
0.822845,-0.018916,0.532649;-0.886998,-0.44838,-0.0356253,0.104499
0.817145,-0.0270678,0.535825;-0.90528,-0.412725,-0.0375143,0.0933796
0.811438,-0.0352162,0.538493;-0.922828,-0.374421,-0.0394323,0.0815006
0.805802,-0.0432563,0.5405;-0.939346,-0.33343,-0.0413647,0.0688597
0.800094,-0.0514009,0.541697;-0.954328,-0.28866,-0.0503537,0.0582979
0.794224,-0.0597873,0.541779;-0.965766,-0.23969,-0.0815278,0.0565594
0.788546,-0.0679074,0.540484;-0.974317,-0.185863,-0.114872,0.0544595
0.782962,-0.0758949,0.537564;-0.979148,-0.125174,-0.151364,0.0518656
0.777746,-0.0833487,0.53299;-0.978856,-0.0597513,-0.189443,0.0488108
0.77305,-0.0900377,0.526994;-0.972671,0.0080712,-0.227571,0.0453672
0.768807,-0.0960414,0.519788;-0.960089,0.077893,-0.265399,0.04153
0.765034,-0.101321,0.51188;-0.941287,0.14721,-0.301508,0.0374236
0.761594,-0.106057,0.503616;-0.916387,0.215574,-0.335663,0.0330748
0.758258,-0.110553,0.4951;-0.884554,0.284484,-0.368548,0.0283745
0.754891,-0.11498,0.486726;-0.845478,0.353321,-0.399732,0.023337
0.751129,-0.119796,0.478565;-0.796227,0.424984,-0.430231,0.0176897
0.746717,-0.125306,0.471419;-0.73561,0.498091,-0.458969,0.0114407
0.741291,-0.13196,0.466375;-0.662613,0.570939,-0.484718,0.00462155
0.73499,-0.139606,0.464807;-0.583963,0.635911,-0.50458,-0.00209733
0.728714,-0.147194,0.466616;-0.512885,0.685234,-0.517053,-0.00773268
0.722839,-0.154295,0.470506;-0.45234,0.721382,-0.524257,-0.0122603
0.717334,-0.160957,0.475593;-0.400129,0.748733,-0.528242,-0.0159871
0.711986,-0.167439,0.481571;-0.353017,0.770635,-0.530218,-0.0192207
0.706957,-0.173544,0.487942;-0.311554,0.78787,-0.530766,-0.0219717
0.702115,-0.179431,0.494644;-0.273919,0.801939,-0.530346,-0.0243956
0.697188,-0.185431,0.501939;-0.293738,0.802578,-0.519189,-0.00541417
0.692643,-0.190978,0.509021;-0.313435,0.801904,-0.508487,0.0122169
0.687919,-0.196754,0.516683;-0.332877,0.800578,-0.497371,0.0298381
0.683457,-0.202223,0.524169;-0.350461,0.798789,-0.486826,0.0459698
0.678892,-0.207831,0.532053;-0.367805,0.796454,-0.475948,0.0620701
0.674672,-0.21303,0.53953;-0.383355,0.793859,-0.465777,0.0766702
0.670403,-0.218305,0.54727;-0.398688,0.790816,-0.455342,0.091227
0.666102,-0.223636,0.55524;-0.413796,0.787325,-0.444649,0.105732
0.661785,-0.229006,0.563408;-0.42867,0.783389,-0.433706,0.120178
0.65747,-0.234394,0.571743;-0.443301,0.779011,-0.422517,0.134555
0.653173,-0.239782,0.580213;-0.457682,0.774192,-0.41109,0.148857
0.648912,-0.245151,0.588785;-0.471805,0.768936,-0.39943,0.163074
0.644703,-0.250482,0.597428;-0.485661,0.763246,-0.387544,0.177199
0.640563,-0.255756,0.60611;-0.499242,0.757123,-0.37544,0.191224
0.63651,-0.260954,0.614799;-0.512541,0.750573,-0.363123,0.205141
0.632559,-0.266056,0.623464;-0.52555,0.743599,-0.350601,0.218942
0.628729,-0.271044,0.632072;-0.538263,0.736205,-0.337881,0.23262
0.625035,-0.275899,0.640591;-0.550671,0.728394,-0.32497,0.246166
0.621496,-0.280602,0.64899;-0.562768,0.720172,-0.311875,0.259572
0.6178,-0.285577,0.658051;-0.575707,0.710658,-0.297268,0.27415
0.614334,-0.290319,0.666886;-0.588253,0.700658,-0.282457,0.28854
0.61112,-0.294804,0.675451;-0.600396,0.690178,-0.267453,0.302733
0.607927,-0.299373,0.684438;-0.613175,0.678208,-0.250877,0.31798
0.60487,-0.303905,0.693691;-0.626455,0.664618,-0.232689,0.334205
0.602088,-0.308252,0.703017;-0.640087,0.649273,-0.212855,0.35132
0.599745,-0.312238,0.712175;-0.653905,0.632035,-0.191342,0.369226
0.597959,-0.315838,0.72138;-0.668561,0.611527,-0.166669,0.38895
0.597147,-0.3189,0.731193;-0.685902,0.583511,-0.134341,0.413529
0.599472,-0.319705,0.740776;-0.708383,0.538519,-0.0851876,0.448255
0.607496,-0.314681,0.743001;-0.727935,0.485669,-0.0309787,0.482987
0.615125,-0.308566,0.73976;-0.736886,0.453173,0.000773454,0.50163
0.622013,-0.302638,0.735191;-0.742157,0.429264,0.023457,0.514183
0.629004,-0.296392,0.729617;-0.745962,0.408101,0.043093,0.524535
0.635689,-0.290272,0.723675;-0.748625,0.389889,0.0596767,0.532903
0.6417,-0.284675,0.717947;-0.750424,0.374789,0.0732153,0.539479
0.648211,-0.278533,0.711413;-0.751879,0.359517,0.0867204,0.545807
0.654429,-0.272605,0.70491;-0.752883,0.345804,0.0986918,0.551223
0.660209,-0.267048,0.698669;-0.753538,0.333702,0.109138,0.555799
0.666311,-0.261139,0.691905;-0.753985,0.321508,0.119553,0.56022
0.672742,-0.254871,0.684604;-0.754223,0.309225,0.129936,0.564486
0.67852,-0.249209,0.677912;-0.75426,0.298628,0.138806,0.568019
0.684548,-0.243274,0.670811;-0.754144,0.287971,0.147649,0.571436
0.690828,-0.237063,0.663295;-0.753875,0.277254,0.156461,0.574737
0.696258,-0.231673,0.65671;-0.753534,0.268281,0.163781,0.577398
0.701867,-0.226086,0.649827;-0.753085,0.25927,0.171077,0.579977
0.707659,-0.220299,0.642643;-0.752531,0.250222,0.178349,0.582475
0.713636,-0.214311,0.635154;-0.75187,0.241139,0.185596,0.584891
0.719799,-0.208118,0.627355;-0.751103,0.232022,0.192817,0.587223
