0.785798,-0.481085,0.563953;0.864195,-0.0150251,0.479609,-0.15138
0.785804,-0.469909,0.564715;0.863605,-0.0253896,0.481178,-0.148357
0.785799,-0.458911,0.565467;0.862911,-0.0357511,0.48269,-0.145317
0.785783,-0.448089,0.566209;0.862114,-0.0461084,0.484144,-0.142258
0.785755,-0.437442,0.56694;0.861215,-0.0564601,0.48554,-0.139183
0.785715,-0.426969,0.567662;0.860213,-0.0668051,0.486878,-0.136092
0.785665,-0.416668,0.568374;0.859108,-0.0771421,0.488158,-0.132984
0.785604,-0.406538,0.569076;0.8579,-0.0874699,0.48938,-0.12986
0.785517,-0.394607,0.569906;0.856316,-0.0998494,0.490769,-0.126091
0.785415,-0.382919,0.570721;0.854584,-0.112212,0.492074,-0.122301
0.785297,-0.371471,0.571522;0.852706,-0.124555,0.493294,-0.118489
0.785165,-0.360261,0.572309;0.850681,-0.136876,0.494429,-0.114657
0.785019,-0.349288,0.573082;0.84851,-0.149175,0.49548,-0.110806
0.784859,-0.338549,0.573841;0.846193,-0.161447,0.496445,-0.106935
0.784684,-0.328043,0.574587;0.84373,-0.173692,0.497325,-0.103046
0.784496,-0.317766,0.575318;0.841123,-0.185907,0.498119,-0.0991388
0.784295,-0.307717,0.576036;0.838371,-0.198089,0.498828,-0.095215
0.784044,-0.296278,0.576856;0.834978,-0.21226,0.499546,-0.0906165
0.783775,-0.285143,0.577658;0.83139,-0.22638,0.500148,-0.0859968
0.783489,-0.274308,0.578441;0.827607,-0.240448,0.500632,-0.081357
0.783187,-0.263771,0.579206;0.823631,-0.254459,0.501,-0.0766981
0.782869,-0.253527,0.579953;0.819461,-0.268411,0.50125,-0.0720213
0.782486,-0.242175,0.580784;0.814462,-0.284279,0.501392,-0.0666559
0.782083,-0.231197,0.581591;0.809214,-0.300059,0.501381,-0.06127
0.78166,-0.220588,0.582375;0.803718,-0.315749,0.501217,-0.0558655
0.781219,-0.210343,0.583136;0.797977,-0.331341,0.5009,-0.0504438
0.780701,-0.199246,0.583964;0.791227,-0.348762,0.50036,-0.0443262
0.780161,-0.188596,0.584763;0.784171,-0.366048,0.499627,-0.0381913
0.7796,-0.178386,0.585533;0.776811,-0.383192,0.4987,-0.0320417
0.778952,-0.167549,0.586355;0.768282,-0.402067,0.497445,-0.0251944
0.778281,-0.157237,0.587142;0.759385,-0.420749,0.495951,-0.0183351
0.777517,-0.146487,0.587967;0.749181,-0.441068,0.494035,-0.0107798
0.776726,-0.136346,0.588751;0.738543,-0.461132,0.491834,-0.0032183
0.775836,-0.125963,0.589558;0.726453,-0.482716,0.489108,0.00503257
0.774842,-0.115496,0.590377;0.712791,-0.505724,0.485776,0.0139669
0.773739,-0.105108,0.591195;0.697435,-0.530044,0.481749,0.0235757
0.772525,-0.0949654,0.592;0.680259,-0.55555,0.476934,0.0338462
0.771111,-0.0846644,0.592822;0.65991,-0.583735,0.470858,0.0454415
0.769492,-0.0745953,0.59363;0.636091,-0.61428,0.4633,0.058326
0.767575,-0.0647544,0.594422;0.607144,-0.648322,0.45355,0.0731178
0.765092,-0.0548925,0.595211;0.568283,-0.689472,0.43963,0.091695
0.761505,-0.0455757,0.595925;0.509116,-0.743746,0.416904,0.117622
0.753892,-0.0418804,0.595869;0.367657,-0.841684,0.356753,0.170653
0.748896,-0.0504252,0.594536;0.256639,-0.893834,0.305027,0.205318
0.745976,-0.0599668,0.593082;0.179795,-0.919252,0.267272,0.226308
0.743869,-0.069648,0.591541;0.114575,-0.93453,0.234077,0.242351
0.742217,-0.0797137,0.589843;0.101302,-0.937465,0.226037,0.244552
0.741005,-0.0894946,0.588091;0.14159,-0.930458,0.244486,0.233298
0.740078,-0.0997427,0.58615;0.181575,-0.92146,0.262412,0.221544
0.739471,-0.109798,0.584137;0.219202,-0.911086,0.278922,0.20994
0.739138,-0.120057,0.581968;0.256406,-0.898953,0.294894,0.197929
0.739082,-0.129866,0.579774;0.291197,-0.885858,0.3095,0.186198
0.739286,-0.139672,0.577453;0.325483,-0.871227,0.32357,0.174145
0.739757,-0.149384,0.57501;0.359205,-0.855087,0.33708,0.16179
0.74055,-0.159434,0.572306;0.394124,-0.836443,0.350706,0.148444
0.741655,-0.169171,0.569479;0.428282,-0.816184,0.363654,0.134812
0.743163,-0.178966,0.56638;0.463344,-0.793157,0.376525,0.120182
0.745139,-0.188616,0.562998;0.49909,-0.767154,0.389173,0.104544
0.747651,-0.197873,0.559325;0.535274,-0.737972,0.401437,0.0878974
0.75092,-0.206787,0.55518;0.573165,-0.703963,0.413631,0.0694797
0.755103,-0.214805,0.550541;0.612218,-0.664675,0.425402,0.0492875
0.76058,-0.221413,0.545209;0.653159,-0.618027,0.436715,0.0265586
0.767647,-0.225407,0.53916;0.694921,-0.563337,0.446918,0.00134398
0.775826,-0.225448,0.532971;0.732877,-0.505562,0.454673,-0.023878
0.783619,-0.222033,0.527665;0.76179,-0.454648,0.459282,-0.045063
0.79092,-0.216391,0.523102;0.784081,-0.409871,0.461797,-0.0629741
0.79757,-0.209549,0.519221;0.772296,-0.451513,0.444519,-0.0457981
0.803843,-0.201926,0.515737;0.757823,-0.492777,0.426706,-0.0282267
0.809528,-0.194235,0.512688;0.743673,-0.527646,0.410334,-0.0128874
0.815104,-0.186088,0.509773;0.728908,-0.559834,0.394051,0.00170839
0.820525,-0.177679,0.506992;0.713755,-0.589434,0.377995,0.0155336
0.825753,-0.169174,0.504346;0.698424,-0.616549,0.362291,0.028569
0.830755,-0.160713,0.501838;0.68311,-0.641289,0.347051,0.0408016
0.835824,-0.151853,0.499311;0.666957,-0.665241,0.331385,0.0529842
0.840627,-0.14322,0.496923;0.651069,-0.686954,0.316327,0.0643465
0.845468,-0.134305,0.494515;0.634478,-0.707926,0.300929,0.0756394
0.850337,-0.125143,0.492088;0.617202,-0.728133,0.285205,0.0868506
0.854898,-0.116398,0.489802;0.600475,-0.746284,0.270252,0.09723
0.859467,-0.107494,0.487497;0.583185,-0.763733,0.255044,0.107518
0.864035,-0.0984583,0.485171;0.565345,-0.780464,0.239596,0.117705
0.868593,-0.0893193,0.482823;0.546974,-0.796461,0.223923,0.127781
0.873135,-0.0801038,0.480453;0.528088,-0.811709,0.20804,0.137737
0.877652,-0.0708395,0.47806;0.508706,-0.826193,0.19196,0.147563
0.882135,-0.0615538,0.475642;0.488845,-0.8399,0.175701,0.157251
0.886576,-0.0522742,0.473198;0.468525,-0.852817,0.159276,0.16679
0.890967,-0.0430281,0.470729;0.447763,-0.864932,0.142701,0.176173
0.8953,-0.0338432,0.468232;0.426581,-0.876234,0.125992,0.18539
0.899567,-0.0247468,0.465706;0.404997,-0.886711,0.109164,0.194433
0.903759,-0.0157664,0.463152;0.383033,-0.896354,0.0922337,0.203293
0.907869,-0.00692951,0.460568;0.360708,-0.905154,0.0752166,0.211962
0.912171,0.00234806,0.457764;0.336413,-0.913638,0.056906,0.221028
0.916358,0.0113955,0.454924;0.311754,-0.921136,0.038534,0.229856
0.920421,0.0201791,0.452046;0.286759,-0.927639,0.0201203,0.238435
0.924606,0.0292192,0.448933;0.259757,-0.933471,0.000455602,0.247303
0.928625,0.0378796,0.445774;0.232435,-0.938156,-0.0192097,0.255867
0.932701,0.0466192,0.442366;0.203094,-0.941872,-0.0400776,0.264621
0.936781,0.0553005,0.438697;0.171721,-0.944382,-0.0621118,0.27349
0.940807,0.063762,0.434755;0.138317,-0.945439,-0.0852648,0.28239
0.944896,0.0721937,0.430313;0.101119,-0.944701,-0.110681,0.291657
0.948909,0.0802133,0.425342;0.0601369,-0.9416,-0.138248,0.301099
0.95287,0.0876992,0.419493;0.0113696,-0.935444,-0.167482,0.31107
0.956616,0.094042,0.412391;-0.0714527,-0.928666,-0.168944,0.322386
0.959775,0.0982604,0.403878;-0.167792,-0.912421,-0.169144,0.332752
0.961847,0.0993275,0.394195;-0.273907,-0.883723,-0.167426,0.340555
0.96249,0.0970479,0.384505;-0.376694,-0.844289,-0.163674,0.34422
0.961917,0.0923765,0.375565;-0.468664,-0.798141,-0.158368,0.343866
0.960506,0.086402,0.367652;-0.547801,-0.748944,-0.152099,0.340387
0.958461,0.0795208,0.360397;-0.618467,-0.696214,-0.144922,0.334337
0.955956,0.0721875,0.353826;-0.680847,-0.64129,-0.137084,0.326194
0.953047,0.0645306,0.347774;-0.736861,-0.583611,-0.128546,0.316085
0.949827,0.0568087,0.342266;-0.786553,-0.523919,-0.119442,0.304266
0.946152,0.0487703,0.337023;-0.832601,-0.458994,-0.109281,0.290099
0.942167,0.0408677,0.332273;-0.873122,-0.391022,-0.0983952,0.274005
0.937669,0.032895,0.327845;-0.909702,-0.316232,-0.0861581,0.254985
0.932545,0.025016,0.323821;-0.941682,-0.232571,-0.0721807,0.232243
0.926685,0.0176343,0.320414;-0.967399,-0.138004,-0.0560438,0.204825
0.919456,0.0111592,0.317897;-0.984762,-0.0217818,-0.0357512,0.168793
0.91011,0.00772621,0.317487;-0.990017,0.0570461,-0.0733949,0.105954
0.900366,0.00843268,0.320041;-0.983814,0.103485,-0.142456,0.0332851
0.891266,0.00987974,0.324192;-0.967926,0.144212,-0.203144,-0.0324909
0.882481,0.00957722,0.328919;-0.945084,0.180083,-0.256698,-0.0921563
0.873984,0.00628224,0.333525;-0.917782,0.21119,-0.303224,-0.145363
0.866599,0.000469254,0.337234;-0.891116,0.235381,-0.339468,-0.187804
0.860046,-0.00712798,0.340153;-0.865885,0.254751,-0.368535,-0.222546
0.854512,-0.0153301,0.342293;-0.843787,0.269688,-0.390979,-0.249854
0.849586,-0.0239729,0.343928;-0.823701,0.28197,-0.409456,-0.272683
0.845059,-0.0329932,0.3452;-0.805008,0.292475,-0.425278,-0.292506
0.840672,-0.0426806,0.346221;-0.786759,0.30199,-0.439622,-0.310717
0.836781,-0.0520201,0.346952;-0.770515,0.309915,-0.451581,-0.326089
0.833104,-0.061466,0.347494;-0.755146,0.316987,-0.462264,-0.339978
0.829319,-0.0717975,0.347903;-0.73933,0.323871,-0.472673,-0.353666
0.82578,-0.0819904,0.348153;-0.72457,0.329962,-0.481892,-0.365927
0.822513,-0.0918403,0.34827;-0.710983,0.335307,-0.489987,-0.37681
0.819167,-0.102353,0.348281;-0.697113,0.340518,-0.497888,-0.387542
0.816123,-0.11227,0.348198;-0.684551,0.345036,-0.504745,-0.396953
0.813014,-0.122742,0.348022;-0.671775,0.349447,-0.511444,-0.406239
0.810238,-0.132371,0.34779;-0.660423,0.353216,-0.517174,-0.41426
0.80741,-0.142446,0.347482;-0.648912,0.3569,-0.522779,-0.422182
0.804528,-0.152977,0.347095;-0.637245,0.360499,-0.528259,-0.430002
0.801592,-0.163973,0.346628;-0.625425,0.364011,-0.533612,-0.437719
0.799031,-0.173776,0.346161;-0.615174,0.366951,-0.538098,-0.44425
0.796429,-0.183934,0.345632;-0.604815,0.369827,-0.54249,-0.450702
0.793784,-0.194454,0.345038;-0.594348,0.372638,-0.546785,-0.457075
0.791098,-0.205341,0.344378;-0.583777,0.375383,-0.550984,-0.463367
0.788368,-0.216602,0.34365;-0.573102,0.378061,-0.555086,-0.469577
