0.899567,-0.511209,0.566836;0.558298,0.829166,0.00705933,-0.0271605
0.900001,-0.501278,0.569723;0.54214,0.840069,-5.67771e-05,-0.0191667
0.900731,-0.490883,0.572976;0.524057,0.851584,-0.00788432,-0.0103628
0.901716,-0.481027,0.576304;0.505661,0.862588,-0.0157072,-0.00155273
0.902946,-0.471695,0.579701;0.486962,0.873076,-0.0235206,0.0072583
0.904552,-0.462097,0.583478;0.466231,0.883922,-0.0320281,0.0168652
0.906588,-0.45236,0.587645;0.443398,0.894962,-0.0412187,0.0272589
0.908915,-0.443288,0.591881;0.420195,0.905253,-0.0503748,0.0376298
0.911723,-0.434233,0.596507;0.394814,0.91549,-0.0601879,0.0487631
0.914824,-0.425889,0.601189;0.369051,0.924839,-0.0699427,0.0598491
0.918445,-0.417704,0.606252;0.341052,0.933861,-0.0803188,0.0716624
0.922617,-0.409793,0.61169;0.310769,0.94234,-0.0912879,0.0841749
0.927074,-0.402682,0.617147;0.280092,0.949625,-0.102141,0.096581
0.932085,-0.395951,0.622946;0.24711,0.956049,-0.113531,0.109628
0.937654,-0.389692,0.629062;0.211804,0.961361,-0.125414,0.123271
0.943775,-0.383983,0.635462;0.17417,0.965297,-0.137738,0.137458
0.950089,-0.379119,0.641774;0.136225,0.96751,-0.149817,0.151399
0.95688,-0.374828,0.648288;0.0960216,0.967974,-0.162242,0.165782
0.963754,-0.371299,0.654635;0.0556281,0.966523,-0.174346,0.179837
0.970989,-0.368316,0.661076;0.013098,0.962943,-0.186684,0.194211
0.978503,-0.365874,0.667536;-0.0314863,0.956941,-0.199172,0.208815
0.986194,-0.36394,0.673922;-0.078015,0.948217,-0.211718,0.223548
0.99393,-0.362452,0.680124;-0.126347,0.93647,-0.224219,0.238298
1.00185,-0.361273,0.686241;-0.178297,0.920736,-0.237039,0.253509
1.01011,-0.360233,0.692358;-0.235624,0.905948,-0.243135,0.254216
1.01842,-0.359117,0.698147;-0.29868,0.895013,-0.237782,0.230654
1.02694,-0.3573,0.70345;-0.377063,0.874991,-0.229342,0.19904
1.03475,-0.35236,0.706658;-0.488098,0.832972,-0.213591,0.149321
1.03605,-0.34314,0.70397;-0.58735,0.77922,-0.195011,0.0990239
1.03353,-0.334569,0.699378;-0.64293,0.740813,-0.182298,0.0678561
1.02988,-0.326316,0.694379;-0.682227,0.709226,-0.172078,0.0442167
1.02587,-0.318531,0.689441;-0.711792,0.682601,-0.163594,0.0253979
1.02141,-0.310543,0.684266;-0.737035,0.657615,-0.155724,0.00851567
1.01677,-0.302636,0.679093;-0.758324,0.634689,-0.148571,-0.00639268
1.01219,-0.295094,0.674139;-0.776008,0.614176,-0.142221,-0.0193074
1.0075,-0.287535,0.669171;-0.791684,0.594727,-0.136241,-0.0312129
1.0028,-0.280083,0.664279;-0.805497,0.57648,-0.130663,-0.0421045
0.997713,-0.272111,0.659058;-0.818767,0.557845,-0.124997,-0.0529678
0.992008,-0.263264,0.653283;-0.817505,0.559377,-0.12741,-0.0504868
0.986964,-0.255524,0.648234;-0.813904,0.564199,-0.130823,-0.0460897
0.981664,-0.247476,0.642977;-0.810249,0.568983,-0.134226,-0.0416894
0.976125,-0.239168,0.637529;-0.806539,0.573729,-0.137621,-0.0372864
0.970368,-0.230649,0.631913;-0.802775,0.578436,-0.141007,-0.0328808
0.964413,-0.221967,0.626146;-0.798957,0.583105,-0.144383,-0.0284731
0.958278,-0.213169,0.620249;-0.795085,0.587734,-0.147749,-0.0240634
0.951984,-0.204304,0.614241;-0.79116,0.592324,-0.151105,-0.0196521
0.946847,-0.197196,0.609369;-0.787981,0.595967,-0.153783,-0.0161221
0.94163,-0.1901,0.604449;-0.784769,0.599584,-0.156454,-0.0125914
0.936343,-0.18304,0.599491;-0.781523,0.603176,-0.159119,-0.00906018
0.930997,-0.176042,0.594506;-0.778243,0.606742,-0.161777,-0.00552856
0.925602,-0.16913,0.589503;-0.77493,0.610281,-0.164427,-0.0019967
0.920166,-0.162329,0.584492;-0.771583,0.613795,-0.167071,0.00153524
0.913332,-0.15402,0.578234;-0.767354,0.618149,-0.170365,0.00595007
0.906471,-0.14597,0.571999;-0.763072,0.622463,-0.173648,0.0103645
0.899603,-0.138227,0.565808;-0.75874,0.626734,-0.176919,0.0147782
0.892748,-0.130839,0.559681;-0.754356,0.630963,-0.180179,0.0191909
0.885924,-0.123855,0.553637;-0.749922,0.63515,-0.183426,0.0236024
0.879153,-0.117322,0.547695;-0.745437,0.639294,-0.186661,0.0280122
0.872452,-0.111288,0.541877;-0.740902,0.643395,-0.189883,0.0324202
0.865842,-0.105801,0.5362;-0.736318,0.647453,-0.193093,0.036826
0.858058,-0.100008,0.529604;-0.730751,0.652265,-0.196928,0.0421097
0.850466,-0.0951539,0.523276;-0.725114,0.657014,-0.200743,0.0473893
0.8431,-0.0913234,0.51725;-0.719406,0.661699,-0.204539,0.0526643
0.834838,-0.0882584,0.510646;-0.712659,0.667084,-0.208942,0.058812
0.826985,-0.0868308,0.504553;-0.705818,0.672382,-0.213318,0.0649519
0.818577,-0.0873732,0.498286;-0.697887,0.678327,-0.218285,0.0719585
0.809938,-0.0909904,0.492219;-0.68882,0.684877,-0.223828,0.079826
0.803078,-0.0970962,0.48779;-0.680635,0.690573,-0.228714,0.0868048
0.79707,-0.106127,0.484352;-0.672332,0.696151,-0.23356,0.0937687
0.792576,-0.116584,0.482221;-0.664973,0.700933,-0.237768,0.0998489
0.789642,-0.126325,0.481176;-0.670592,0.69493,-0.235029,0.110184
0.787404,-0.136314,0.48068;-0.695413,0.67123,-0.221471,0.129622
0.785702,-0.146194,0.48057;-0.716597,0.649035,-0.209013,0.146823
0.784349,-0.156246,0.480738;-0.735624,0.627318,-0.197022,0.162825
0.78329,-0.166287,0.48112;-0.752638,0.606256,-0.185559,0.177646
0.782426,-0.176879,0.481707;-0.768836,0.584537,-0.173895,0.192274
0.781788,-0.187226,0.482428;-0.783202,0.563693,-0.162838,0.205739
0.781335,-0.197199,0.483239;-0.795881,0.543861,-0.152433,0.218069
0.78101,-0.207496,0.484176;-0.807911,0.523586,-0.141904,0.230221
0.78081,-0.218089,0.485233;-0.819283,0.502884,-0.131259,0.242185
0.780729,-0.228105,0.486307;-0.829189,0.483412,-0.121338,0.253054
0.780746,-0.238327,0.487468;-0.838519,0.463603,-0.111333,0.263748
0.780854,-0.248733,0.488711;-0.847267,0.443473,-0.101251,0.274259
0.781051,-0.2593,0.490029;-0.855428,0.423036,-0.0910982,0.284579
0.781331,-0.270006,0.491416;-0.862995,0.402305,-0.0808824,0.294702
0.781658,-0.279924,0.492741;-0.869405,0.383056,-0.0714684,0.303802
0.782049,-0.289923,0.494114;-0.875308,0.363583,-0.0620128,0.312725
0.7825,-0.299986,0.495529;-0.880702,0.343899,-0.052521,0.321465
0.783008,-0.310097,0.496981;-0.885581,0.324014,-0.0429985,0.330018
0.78357,-0.320238,0.498465;-0.889945,0.30394,-0.033451,0.338379
0.784183,-0.330392,0.499976;-0.893789,0.283689,-0.0238841,0.346542
0.784844,-0.340543,0.50151;-0.897112,0.263272,-0.0143031,0.354504
0.785548,-0.350673,0.503061;-0.899913,0.242702,-0.00471387,0.362258
0.786294,-0.360764,0.504624;-0.902188,0.221991,0.00487813,0.369801
0.787077,-0.370801,0.506194;-0.903938,0.20115,0.0144673,0.377129
0.787894,-0.380766,0.507767;-0.90516,0.180191,0.024048,0.384237
0.788743,-0.390641,0.509337;-0.905855,0.159128,0.0336147,0.391121
0.789701,-0.401293,0.511041;-0.90601,0.136045,0.0440286,0.39837
0.790688,-0.411796,0.512729;-0.905537,0.112867,0.0544119,0.405343
0.7917,-0.422128,0.514395;-0.904436,0.0896105,0.0647575,0.412035
0.792732,-0.432268,0.516033;-0.902707,0.066292,0.0750581,0.418441
0.793781,-0.442193,0.517636;-0.900351,0.0429276,0.0853066,0.424556
0.794931,-0.452677,0.519326;-0.897094,0.0175831,0.0963422,0.430849
0.79609,-0.462855,0.520958;-0.893107,-0.00777582,0.107299,0.43679
0.797253,-0.472698,0.522526;-0.888393,-0.0331284,0.118169,0.442376
0.798503,-0.482892,0.524132;-0.882507,-0.0604003,0.129767,0.447989
0.799832,-0.493307,0.525746;-0.875276,-0.0895563,0.142057,0.453533
0.801143,-0.503156,0.527239;-0.867095,-0.118615,0.154193,0.458585
0.802512,-0.512989,0.528682;-0.857334,-0.149469,0.166954,0.463426
0.804005,-0.523156,0.530104;-0.845089,-0.183957,0.181063,0.468189
0.805586,-0.533255,0.531407;-0.829937,-0.221938,0.196407,0.472623
0.80728,-0.54318,0.532509;-0.810537,-0.265083,0.213583,0.476596
0.809242,-0.553164,0.533233;-0.782136,-0.320327,0.235161,0.479951
0.812298,-0.561689,0.531457;-0.706671,-0.438345,0.279541,0.479924
0.813033,-0.553223,0.526271;-0.637487,-0.523542,0.309869,0.472753
0.812761,-0.543641,0.522329;-0.608066,-0.554396,0.32228,0.468014
0.812291,-0.534085,0.51876;-0.586419,-0.575487,0.331074,0.464023
0.811727,-0.52433,0.515301;-0.567181,-0.593297,0.338427,0.460187
0.811093,-0.514202,0.511836;-0.549041,-0.60934,0.344987,0.456337
0.81043,-0.50404,0.50845;-0.532102,-0.623701,0.350805,0.452549
0.80977,-0.494126,0.505215;-0.516453,-0.636464,0.355929,0.448893
0.809065,-0.483614,0.501847;-0.500573,-0.648942,0.360894,0.445036
0.808398,-0.473681,0.498712;-0.486089,-0.659924,0.365225,0.441394
0.807708,-0.463335,0.49549;-0.471428,-0.670667,0.369423,0.437593
0.807002,-0.452608,0.492192;-0.456597,-0.681167,0.373488,0.433633
0.806365,-0.442781,0.489204;-0.443275,-0.690293,0.376987,0.429981
0.805725,-0.432703,0.486172;-0.429826,-0.699222,0.380378,0.426205
0.805085,-0.422397,0.483102;-0.416254,-0.70795,0.383661,0.422308
0.804451,-0.411887,0.480002;-0.402562,-0.716475,0.386833,0.41829
0.803827,-0.401196,0.476879;-0.388756,-0.724796,0.389895,0.414152
0.803217,-0.390347,0.473741;-0.374838,-0.732909,0.392845,0.409895
0.802699,-0.380743,0.470988;-0.362571,-0.739835,0.395334,0.406075
0.802199,-0.371052,0.468233;-0.350225,-0.7466,0.397737,0.402165
0.801719,-0.36129,0.465482;-0.337803,-0.7532,0.400052,0.398167
0.801263,-0.351471,0.46274;-0.325306,-0.759636,0.40228,0.394082
0.800833,-0.341612,0.460011;-0.312738,-0.765905,0.404419,0.38991
0.800434,-0.331728,0.4573;-0.300101,-0.772006,0.40647,0.385653
0.800067,-0.321835,0.454612;-0.287399,-0.777938,0.408431,0.381311
0.799736,-0.311949,0.451952;-0.274633,-0.7837,0.410303,0.376886
0.799444,-0.302085,0.449325;-0.261807,-0.789289,0.412085,0.372378
0.799194,-0.292258,0.446736;-0.248924,-0.794706,0.413777,0.367788
0.798989,-0.282484,0.444189;-0.235987,-0.799948,0.415378,0.363118
0.798832,-0.27278,0.441691;-0.222997,-0.805015,0.416888,0.358368
0.798715,-0.261793,0.4389;-0.208093,-0.810589,0.418502,0.352844
0.798669,-0.250941,0.436184;-0.193128,-0.815932,0.419995,0.347218
0.798699,-0.240245,0.433553;-0.178109,-0.821041,0.421369,0.341493
0.79881,-0.22973,0.431011;-0.163038,-0.825914,0.422622,0.33567
0.799005,-0.219418,0.428568;-0.147921,-0.830552,0.423754,0.329752
0.799289,-0.209333,0.42623;-0.132761,-0.834951,0.424764,0.323738
0.799667,-0.199499,0.424004;-0.117564,-0.839111,0.425653,0.317632
0.800211,-0.188764,0.421644;-0.100426,-0.843504,0.426508,0.310654
0.800885,-0.178408,0.419446;-0.0832524,-0.847592,0.427208,0.303564
0.801697,-0.168464,0.41742;-0.0660484,-0.851372,0.427753,0.296363
0.802768,-0.157941,0.415385;-0.0469051,-0.85521,0.428176,0.288237
0.804026,-0.148013,0.413589;-0.0277408,-0.858666,0.428408,0.279982
0.805635,-0.137835,0.411909;-0.0066461,-0.862023,0.428442,0.270756
0.807674,-0.127688,0.410449;0.01637,-0.865154,0.428215,0.260525
0.810234,-0.117911,0.409336;0.0412918,-0.867916,0.427657,0.249252
0.813667,-0.108328,0.408695;0.0700077,-0.870287,0.426612,0.236011
0.818503,-0.0994361,0.408903;0.104371,-0.871977,0.424791,0.21981
0.825899,-0.0926163,0.410845;0.148053,-0.872296,0.421568,0.198648
0.83518,-0.0914893,0.415051;0.19326,-0.870428,0.417142,0.176065
0.84326,-0.095031,0.419784;0.226844,-0.867555,0.413116,0.158827
0.850246,-0.100576,0.42446;0.25274,-0.86445,0.40957,0.145259
0.856742,-0.107376,0.429193;0.274761,-0.861186,0.406245,0.133528
0.862526,-0.114546,0.433668;0.292978,-0.858042,0.403275,0.123686
0.868027,-0.122208,0.43812;0.30926,-0.854884,0.400447,0.11478
0.873157,-0.130009,0.442424;0.32364,-0.851816,0.397811,0.106829
0.878518,-0.138764,0.447063;0.337927,-0.848505,0.395061,0.0988478
