0.849318,-0.0527579,0.699864;-0.272568,0.878061,-0.305453,-0.247819
0.848821,-0.0632849,0.699204;-0.264566,0.881078,-0.305404,-0.245833
0.848325,-0.0736512,0.698564;-0.256544,0.884028,-0.30533,-0.243829
0.847831,-0.0838576,0.697943;-0.248503,0.88691,-0.305234,-0.241805
0.847338,-0.0939049,0.69734;-0.240442,0.889723,-0.305113,-0.239763
0.846725,-0.106242,0.696612;-0.23034,0.893143,-0.30493,-0.237184
0.846114,-0.118333,0.695913;-0.220211,0.896456,-0.30471,-0.234577
0.845505,-0.130181,0.695242;-0.210054,0.89966,-0.304453,-0.231942
0.844899,-0.141786,0.694599;-0.199873,0.902756,-0.30416,-0.229279
0.844296,-0.153152,0.693983;-0.189668,0.905744,-0.303829,-0.226588
0.843695,-0.164279,0.693395;-0.179439,0.908622,-0.303463,-0.223869
0.843096,-0.175169,0.692833;-0.169189,0.911391,-0.303059,-0.221124
0.8425,-0.185823,0.692297;-0.158919,0.914051,-0.30262,-0.218352
0.841907,-0.196245,0.691788;-0.148629,0.9166,-0.302143,-0.215554
0.841316,-0.206434,0.691304;-0.138322,0.919038,-0.301631,-0.21273
0.84061,-0.218358,0.690756;-0.125931,0.921819,-0.300968,-0.209307
0.839907,-0.229954,0.690245;-0.113519,0.924439,-0.300253,-0.205848
0.839208,-0.241225,0.689768;-0.101086,0.9269,-0.299485,-0.202354
0.838513,-0.252173,0.689326;-0.0886367,0.929199,-0.298666,-0.198824
0.837822,-0.262802,0.688919;-0.0761716,0.931338,-0.297795,-0.19526
0.837133,-0.273114,0.688544;-0.0636932,0.933314,-0.296872,-0.191662
0.836449,-0.283113,0.688202;-0.0512038,0.935129,-0.295898,-0.18803
0.835655,-0.294387,0.687844;-0.0366217,0.937042,-0.294697,-0.183752
0.834865,-0.305242,0.687528;-0.0220311,0.938733,-0.293426,-0.179431
0.834081,-0.315684,0.687254;-0.00743516,0.940203,-0.292086,-0.175068
0.833301,-0.325718,0.687021;0.00716248,0.941451,-0.290677,-0.170663
0.832416,-0.33669,0.686803;0.0238432,0.942605,-0.288982,-0.16558
0.831537,-0.347143,0.686636;0.0405166,0.943468,-0.287199,-0.160445
0.830556,-0.358288,0.686506;0.059259,0.944092,-0.285086,-0.15461
0.829583,-0.368794,0.686436;0.0779783,0.944347,-0.282863,-0.148715
0.82851,-0.379729,0.686426;0.0987415,0.944199,-0.280263,-0.142096
0.827448,-0.3899,0.686484;0.119457,0.943596,-0.277528,-0.135409
0.82629,-0.400222,0.686625;0.142177,0.942407,-0.274365,-0.127978
0.825041,-0.410469,0.686864;0.166868,0.940484,-0.270733,-0.119787
0.823703,-0.420403,0.687218;0.193486,0.937664,-0.266585,-0.110819
0.82218,-0.430395,0.687744;0.224001,0.933463,-0.261531,-0.10036
0.82038,-0.44037,0.688525;0.260296,0.927086,-0.255091,-0.0876674
0.818126,-0.450035,0.689737;0.306074,0.916834,-0.246286,-0.071252
0.814418,-0.458967,0.692251;0.381854,0.894129,-0.229933,-0.0430247
0.808646,-0.455194,0.697226;0.499905,0.842779,-0.199509,0.00388303
0.805904,-0.445666,0.699912;0.555375,0.810802,-0.182783,0.0273661
0.803991,-0.436015,0.701852;0.593569,0.785339,-0.1702,0.0441679
0.802368,-0.425864,0.703516;0.625554,0.761569,-0.158904,0.0586882
0.801017,-0.416036,0.704895;0.651797,0.740208,-0.149061,0.0709426
0.79977,-0.405842,0.706149;0.675668,0.719163,-0.139607,0.0823863
0.798622,-0.395507,0.707276;0.697291,0.698627,-0.130588,0.0930228
0.79757,-0.385221,0.708277;0.716791,0.678776,-0.122041,0.102859
0.796608,-0.375151,0.709156;0.734292,0.659769,-0.114002,0.111907
0.795714,-0.365208,0.709934;0.742218,0.650301,-0.108783,0.119946
0.794845,-0.355013,0.710651;0.749737,0.640944,-0.103649,0.127835
0.793989,-0.344438,0.711313;0.757081,0.631439,-0.0984902,0.135695
0.793146,-0.333495,0.71192;0.764249,0.621787,-0.0933089,0.143522
0.792406,-0.32347,0.712411;0.770471,0.613085,-0.088685,0.150452
0.791675,-0.313173,0.712854;0.776552,0.604271,-0.0840447,0.157354
0.790953,-0.302613,0.713248;0.78249,0.595346,-0.0793891,0.164228
0.79024,-0.2918,0.71359;0.788284,0.586311,-0.0747188,0.171071
0.789534,-0.280742,0.71388;0.793933,0.577169,-0.0700348,0.177883
0.788837,-0.269448,0.714115;0.799436,0.56792,-0.065338,0.184662
0.788234,-0.25938,0.714274;0.804131,0.559742,-0.0612183,0.190566
0.787636,-0.249143,0.714389;0.808712,0.551485,-0.0570901,0.196443
0.787044,-0.238745,0.714459;0.81318,0.54315,-0.0529538,0.202292
0.786458,-0.228191,0.714482;0.817533,0.534739,-0.04881,0.208113
0.785876,-0.217487,0.714457;0.821771,0.526253,-0.0446594,0.213904
0.7853,-0.206639,0.714384;0.825894,0.517693,-0.0405025,0.219666
0.784729,-0.195654,0.71426;0.8299,0.509059,-0.0363399,0.225396
0.784163,-0.184536,0.714085;0.83379,0.500355,-0.0321722,0.231095
0.783601,-0.173292,0.713858;0.837562,0.491579,-0.0279999,0.236761
0.783044,-0.161928,0.713577;0.841216,0.482735,-0.0238237,0.242394
0.782491,-0.150451,0.713242;0.844752,0.473822,-0.0196442,0.247993
0.781942,-0.138865,0.712851;0.848169,0.464843,-0.0154619,0.253557
0.781475,-0.128853,0.71247;0.851003,0.457095,-0.0118753,0.258298
0.78101,-0.118769,0.712047;0.853748,0.449299,-0.00828749,0.263012
0.780549,-0.108618,0.71158;0.856406,0.441457,-0.00469882,0.267699
0.78009,-0.0984034,0.71107;0.858975,0.433569,-0.00110966,0.272358
0.779633,-0.0881287,0.710514;0.861455,0.425636,0.00247961,0.276989
0.779178,-0.0777977,0.709914;0.863846,0.417659,0.00606863,0.281591
0.778726,-0.0674144,0.709266;0.866148,0.409639,0.00965702,0.286165
0.778277,-0.0569823,0.708572;0.86836,0.401577,0.0132444,0.290708
0.777829,-0.0465053,0.707831;0.870482,0.393473,0.0168304,0.295222
0.777383,-0.0359871,0.707041;0.872515,0.385329,0.0204147,0.299705
0.776939,-0.0254315,0.706202;0.874457,0.377144,0.0239969,0.304157
0.776496,-0.0148423,0.705313;0.876309,0.368921,0.0275766,0.308577
0.776056,-0.00422312,0.704373;0.87807,0.360659,0.0311534,0.312966
0.775616,0.00642216,0.703382;0.87974,0.352361,0.034727,0.317322
0.775179,0.0170898,0.702339;0.881319,0.344025,0.038297,0.321646
0.774742,0.0277761,0.701243;0.882808,0.335655,0.0418631,0.325936
0.774307,0.0384772,0.700094;0.884204,0.327249,0.0454248,0.330193
0.773873,0.0491894,0.698891;0.88551,0.31881,0.0489819,0.334415
0.773439,0.059909,0.697633;0.886724,0.310337,0.0525339,0.338603
0.773007,0.0706321,0.696319;0.887846,0.301833,0.0560804,0.342756
0.772576,0.081355,0.694948;0.888876,0.293297,0.0596211,0.346873
0.772145,0.092074,0.693521;0.889815,0.284731,0.0631557,0.350955
0.771714,0.102785,0.692036;0.890661,0.276136,0.0666838,0.355
0.771284,0.113485,0.690492;0.891416,0.267512,0.0702049,0.359008
0.770855,0.12417,0.688889;0.892078,0.25886,0.0737188,0.36298
0.770426,0.134835,0.687225;0.892648,0.250182,0.0772251,0.366913
0.769996,0.145478,0.685501;0.893125,0.241478,0.0807233,0.370809
0.769567,0.156094,0.683716;0.893511,0.232748,0.0842133,0.374667
0.769138,0.166681,0.681869;0.893803,0.223995,0.0876945,0.378486
0.768709,0.177233,0.679958;0.894004,0.215219,0.0911667,0.382265
0.768279,0.187747,0.677984;0.894112,0.20642,0.0946294,0.386005
0.767849,0.198219,0.675945;0.894127,0.1976,0.0980823,0.389706
0.767418,0.208647,0.673842;0.89405,0.188759,0.101525,0.393366
0.766987,0.219025,0.671672;0.893881,0.179899,0.104957,0.396985
0.766555,0.229351,0.669436;0.893619,0.171021,0.108379,0.400563
0.766122,0.23962,0.667133;0.893265,0.162124,0.111789,0.4041
0.765688,0.249828,0.664762;0.892818,0.153211,0.115188,0.407595
0.765254,0.259973,0.662322;0.892279,0.144282,0.118575,0.411048
0.764829,0.269793,0.659878;0.892445,0.130978,0.112561,0.416793
0.764372,0.28026,0.657182;0.892719,0.113921,0.100542,0.424224
0.763914,0.290644,0.654416;0.892554,0.0968082,0.0884744,0.431448
0.763457,0.30094,0.651583;0.891952,0.0796477,0.0763629,0.43846
0.763,0.311144,0.648687;0.890912,0.0624481,0.064214,0.445257
0.762544,0.321252,0.645732;0.889434,0.0452178,0.0520335,0.451835
0.762089,0.331258,0.642722;0.88752,0.0279653,0.0398275,0.458191
0.761637,0.341158,0.639659;0.885171,0.0106992,0.027602,0.464323
0.761187,0.350948,0.636548;0.882387,-0.00657228,0.0153629,0.470227
0.760739,0.360622,0.633393;0.879171,-0.0238405,0.00311632,0.4759
0.760296,0.370177,0.630196;0.875523,-0.041097,-0.00913182,0.48134
0.759812,0.380544,0.626638;0.871013,-0.0600555,-0.0225994,0.48705
0.759334,0.390755,0.623039;0.865987,-0.0789784,-0.0360535,0.492472
0.758862,0.400802,0.619405;0.860447,-0.0978544,-0.0494862,0.497601
0.758397,0.410682,0.615741;0.854396,-0.116672,-0.0628895,0.502435
0.757939,0.420387,0.612051;0.847837,-0.135421,-0.0762555,0.50697
0.757489,0.429911,0.608342;0.840775,-0.154089,-0.0895763,0.511204
0.757048,0.439248,0.604616;0.833214,-0.172666,-0.102844,0.515135
0.756578,0.449214,0.60054;0.824401,-0.192814,-0.117248,0.519074
0.756119,0.458942,0.596458;0.815006,-0.212826,-0.131568,0.522647
0.755674,0.468425,0.592376;0.805035,-0.232688,-0.145796,0.52585
0.755242,0.477654,0.588301;0.794495,-0.252385,-0.159921,0.528681
0.754791,0.487358,0.583901;0.782444,-0.273522,-0.175096,0.531327
0.754357,0.496745,0.579524;0.769744,-0.294432,-0.190125,0.533533
0.753944,0.505805,0.575178;0.756405,-0.315098,-0.204996,0.535296
0.753521,0.515186,0.570543;0.741339,-0.337061,-0.220821,0.536698
0.753123,0.524163,0.565963;0.725561,-0.358699,-0.236433,0.537583
0.752726,0.53332,0.56113;0.707881,-0.3815,-0.252908,0.537959
0.752338,0.542544,0.556073;0.688162,-0.405357,-0.270173,0.537705
0.751967,0.55171,0.550826;0.666263,-0.430145,-0.288145,0.536694
0.751625,0.560677,0.545433;0.642048,-0.455727,-0.306728,0.534795
0.751323,0.56929,0.539945;0.61538,-0.481942,-0.325814,0.531869
0.751062,0.577755,0.534154;0.58464,-0.509922,-0.346236,0.527538
0.750866,0.58602,0.527931;0.547963,-0.540545,-0.368655,0.521192
0.750783,0.59368,0.521269;0.503223,-0.574336,-0.393491,0.511928
0.75093,0.600367,0.513586;0.441164,-0.615579,-0.423973,0.496673
0.751851,0.602342,0.504285;0.334423,-0.673564,-0.467269,0.464901
0.753517,0.593781,0.499782;0.231346,-0.7163,-0.499733,0.428556
0.754916,0.583654,0.49919;0.173827,-0.737708,-0.507853,0.409458
0.756187,0.573389,0.499837;0.14649,-0.755157,-0.48934,0.410884
0.75738,0.563137,0.501067;0.123308,-0.769033,-0.473219,0.411639
0.758503,0.553044,0.502617;0.102923,-0.780551,-0.458728,0.411966
0.759604,0.542792,0.504424;0.083924,-0.790716,-0.44496,0.411989
0.760662,0.532624,0.506384;0.0663375,-0.799641,-0.431993,0.411772
0.761663,0.522745,0.508408;0.0501838,-0.80743,-0.419895,0.411371
0.762688,0.512363,0.510635;0.0340066,-0.814842,-0.4076,0.410778
0.763637,0.502517,0.512823;0.019286,-0.821249,-0.396257,0.410071
0.764598,0.492306,0.515153;0.00455799,-0.827338,-0.384761,0.409206
0.765569,0.481754,0.517616;-0.0101718,-0.833107,-0.373116,0.408183
0.766448,0.471986,0.519935;-0.0234254,-0.838024,-0.362512,0.407127
0.767329,0.461977,0.522344;-0.0366717,-0.842678,-0.351795,0.405943
0.76821,0.451747,0.524833;-0.0499064,-0.847068,-0.340967,0.404633
0.769087,0.441311,0.527394;-0.0631256,-0.851192,-0.330032,0.403195
0.769959,0.430688,0.530019;-0.0763249,-0.85505,-0.318994,0.401631
0.770823,0.419894,0.532699;-0.0895003,-0.858639,-0.307856,0.399941
0.771582,0.410171,0.535122;-0.101188,-0.861604,-0.297874,0.398334
0.772331,0.400338,0.537575;-0.112851,-0.864356,-0.287819,0.396628
0.773068,0.39041,0.540054;-0.124486,-0.866894,-0.277692,0.394824
0.773791,0.380396,0.542552;-0.136091,-0.869217,-0.267497,0.392922
0.774498,0.370311,0.545064;-0.147661,-0.871324,-0.257235,0.390922
0.775188,0.360165,0.547584;-0.159195,-0.873216,-0.24691,0.388826
0.775859,0.349971,0.550105;-0.17069,-0.874892,-0.236523,0.386634
0.776509,0.339742,0.552623;-0.182142,-0.876351,-0.226078,0.384346
0.777136,0.329489,0.55513;-0.193549,-0.877593,-0.215577,0.381963
0.777738,0.319224,0.557621;-0.204909,-0.878618,-0.205023,0.379485
0.778314,0.308961,0.560091;-0.216217,-0.879425,-0.194418,0.376913
0.778862,0.29871,0.562533;-0.227472,-0.880015,-0.183764,0.374248
0.77938,0.288484,0.564941;-0.238671,-0.880386,-0.173065,0.37149
0.779866,0.278295,0.56731;-0.24981,-0.88054,-0.162324,0.36864
0.780319,0.268156,0.569633;-0.260888,-0.880475,-0.151542,0.365699
0.780736,0.258078,0.571905;-0.271901,-0.880193,-0.140723,0.362668
0.781116,0.248074,0.57412;-0.282847,-0.879692,-0.129868,0.359546
0.781457,0.238156,0.576272;-0.293723,-0.878974,-0.118982,0.356336
0.781757,0.228335,0.578355;-0.304526,-0.878038,-0.108066,0.353037
0.782045,0.21742,0.580609;-0.316589,-0.876725,-0.0957538,0.349222
0.782275,0.206661,0.582759;-0.328553,-0.875138,-0.0834115,0.345297
0.782447,0.196076,0.584798;-0.340414,-0.873276,-0.0710432,0.341263
0.782557,0.185683,0.586717;-0.352168,-0.87114,-0.0586526,0.337123
0.782604,0.175498,0.588507;-0.363812,-0.868732,-0.0462436,0.332878
0.782583,0.16554,0.590161;-0.375342,-0.866051,-0.0338201,0.328528
0.782479,0.154761,0.591828;-0.388015,-0.862754,-0.0200039,0.323574
0.782287,0.144306,0.593304;-0.400537,-0.859123,-0.00618003,0.318494
0.782002,0.1342,0.594578;-0.412905,-0.85516,0.00764625,0.313292
0.781577,0.123512,0.595733;-0.426325,-0.850419,0.0228515,0.307429
0.781032,0.113307,0.596613;-0.439545,-0.845279,0.0380461,0.301423
0.780294,0.102759,0.597243;-0.453732,-0.839221,0.0546015,0.294709
0.77932,0.0920693,0.597514;-0.468816,-0.832131,0.0725018,0.287251
0.778057,0.0814722,0.597299;-0.484718,-0.823887,0.0917258,0.279009
0.776477,0.0713612,0.596477;-0.477011,-0.831381,0.101543,0.266375
0.774476,0.0615863,0.594925;-0.464507,-0.841774,0.110545,0.251852
0.771729,0.0515184,0.592262;-0.449161,-0.853628,0.121267,0.23424
0.768372,0.0425562,0.588536;-0.432131,-0.865697,0.132772,0.214949
0.764074,0.034579,0.58336;-0.411978,-0.878611,0.145891,0.19244
0.758751,0.028382,0.576664;-0.388515,-0.891916,0.160537,0.16664
0.752718,0.0248337,0.569008;-0.362992,-0.904441,0.175764,0.139032
0.746414,0.0240791,0.561201;-0.336815,-0.915336,0.190673,0.111173
0.739981,0.0258069,0.553681;-0.310031,-0.924581,0.205239,0.0831134
0.733557,0.0297058,0.546886;-0.282688,-0.93216,0.219435,0.0549043
0.727285,0.0354644,0.541255;-0.254835,-0.938058,0.233236,0.0265961
0.721305,0.0427715,0.537226;-0.226523,-0.942266,0.246616,-0.00175995
0.715756,0.0513158,0.535237;-0.197803,-0.944775,0.259552,-0.0301129
0.711039,0.0602408,0.535628;-0.17035,-0.945582,0.27134,-0.0568416
0.707171,0.0691603,0.538347;-0.144261,-0.944952,0.282036,-0.0819154
0.704139,0.0777813,0.543246;-0.119616,-0.943139,0.291699,-0.105317
0.702041,0.0853131,0.549532;-0.0981339,-0.940614,0.299779,-0.125492
0.700588,0.0922084,0.557166;-0.0782222,-0.937497,0.306988,-0.144012
0.6997,0.0983998,0.565824;-0.0599144,-0.93398,0.313379,-0.160887
0.699291,0.103859,0.575158;-0.0432356,-0.930238,0.319007,-0.176134
