0.860923,-0.147329,0.273544;0.581092,-0.436263,0.664405,0.174849
0.859195,-0.158032,0.270888;0.589048,-0.429194,0.662128,0.174358
0.857479,-0.168555,0.268282;0.596935,-0.422073,0.659773,0.173846
0.855774,-0.178899,0.265726;0.604751,-0.414902,0.657339,0.173314
0.854081,-0.189066,0.263221;0.612495,-0.407682,0.654828,0.172761
0.8524,-0.199057,0.260765;0.620166,-0.400414,0.652238,0.172187
0.85073,-0.208872,0.258358;0.627764,-0.393098,0.649571,0.171593
0.849073,-0.218514,0.256;0.635287,-0.385735,0.646827,0.170979
0.847099,-0.229856,0.253235;0.644215,-0.37684,0.643433,0.170215
0.845141,-0.240951,0.250539;0.653033,-0.36788,0.639929,0.169422
0.843201,-0.251803,0.247911;0.661739,-0.358857,0.636315,0.1686
0.841277,-0.262411,0.245352;0.670332,-0.349773,0.632593,0.167749
0.83937,-0.27278,0.24286;0.678811,-0.340629,0.628762,0.166869
0.837479,-0.28291,0.240436;0.687174,-0.331427,0.624825,0.165961
0.835605,-0.292804,0.238077;0.695419,-0.322168,0.62078,0.165025
0.833748,-0.302465,0.235784;0.703545,-0.312854,0.616629,0.16406
0.831602,-0.313442,0.233192;0.712874,-0.30192,0.611653,0.162899
0.829478,-0.324107,0.230687;0.722036,-0.290916,0.606535,0.1617
0.827377,-0.334463,0.228269;0.731031,-0.279845,0.601276,0.160464
0.825298,-0.344514,0.225937;0.739855,-0.268708,0.595876,0.15919
0.823241,-0.354261,0.22369;0.748508,-0.257509,0.590338,0.157879
0.820918,-0.365036,0.221225;0.758183,-0.244636,0.583841,0.156336
0.818624,-0.375425,0.218867;0.767628,-0.231689,0.577167,0.154746
0.816359,-0.385433,0.216617;0.776839,-0.218672,0.570317,0.153108
0.814123,-0.395065,0.214472;0.785814,-0.205589,0.563294,0.151424
0.811642,-0.405459,0.212183;0.795626,-0.190795,0.555188,0.149474
0.809197,-0.41539,0.210024;0.805132,-0.175928,0.546869,0.147467
0.806522,-0.425891,0.207775;0.81533,-0.15933,0.537379,0.145171
0.803893,-0.43584,0.205681;0.825142,-0.142657,0.527634,0.142805
0.801051,-0.446157,0.203552;0.835481,-0.124238,0.516625,0.140125
0.798264,-0.45583,0.201604;0.845341,-0.105748,0.505319,0.137364
0.795284,-0.465664,0.19968;0.855543,-0.0855075,0.492654,0.134262
0.792127,-0.47549,0.197828;0.865935,-0.0635152,0.478555,0.130799
0.788809,-0.485132,0.196096;0.876349,-0.0397747,0.462941,0.126951
0.78535,-0.494411,0.194535;0.886601,-0.0142979,0.445735,0.122698
0.781547,-0.503654,0.193122;0.897075,0.0145927,0.42566,0.117719
0.777233,-0.512856,0.191926;0.90782,0.0485531,0.401296,0.111655
0.772282,-0.521617,0.191128;0.918437,0.0891782,0.371058,0.1041
0.766061,-0.529646,0.191083;0.928682,0.142947,0.329177,0.0935876
0.757704,-0.534489,0.19295;0.935537,0.220586,0.264823,0.0773375
0.749523,-0.531296,0.19739;0.931697,0.303758,0.190417,0.0584215
0.74424,-0.524038,0.201996;0.921325,0.362133,0.134444,0.0441102
0.740479,-0.515765,0.206332;0.908671,0.406484,0.0895846,0.0325934
0.737509,-0.507,0.210526;0.894562,0.443524,0.0503899,0.0224977
0.735103,-0.498156,0.214534;0.879686,0.475107,0.0155788,0.0135057
0.733022,-0.488981,0.218541;0.882328,0.470125,0.0100879,0.019427
0.731259,-0.479837,0.222424;0.896592,0.440783,0.0244546,0.0351371
0.729739,-0.470673,0.226233;0.908814,0.412457,0.0379895,0.0499259
0.728361,-0.461035,0.230166;0.919806,0.383572,0.051473,0.0646471
0.727194,-0.451566,0.23397;0.929015,0.355911,0.0641,0.0784227
0.726154,-0.441747,0.237863;0.937109,0.327823,0.0766501,0.0921043
0.725294,-0.432251,0.241585;0.943677,0.301134,0.0883327,0.104831
0.724546,-0.422502,0.245369;0.94925,0.274127,0.0999221,0.117447
0.723912,-0.412529,0.249205;0.953823,0.24683,0.111406,0.129939
0.723421,-0.40304,0.252827;0.957185,0.221119,0.122019,0.141475
0.72303,-0.393402,0.256481;0.959667,0.195204,0.13252,0.152882
0.722738,-0.383634,0.26016;0.961268,0.16911,0.142899,0.164147
0.722546,-0.373761,0.263858;0.961987,0.142861,0.153147,0.175263
0.722454,-0.363803,0.267569;0.961823,0.116481,0.163254,0.186217
0.722462,-0.353783,0.271285;0.960776,0.0899938,0.173212,0.197
0.722571,-0.343724,0.274999;0.958846,0.063424,0.18301,0.207603
0.722782,-0.333646,0.278706;0.956036,0.0367959,0.192641,0.218015
0.723093,-0.323573,0.282398;0.952349,0.0101341,0.202094,0.228226
0.723507,-0.313526,0.286068;0.947787,-0.016537,0.211362,0.238228
0.724023,-0.303527,0.28971;0.942355,-0.043193,0.220436,0.248012
0.724642,-0.2936,0.293317;0.936057,-0.0698093,0.229308,0.257568
0.725364,-0.283765,0.296882;0.928901,-0.0963615,0.237969,0.266887
0.726189,-0.274045,0.300399;0.920891,-0.122825,0.246412,0.275961
0.727118,-0.264461,0.303861;0.912036,-0.149176,0.254628,0.284782
0.728151,-0.255037,0.30726;0.902344,-0.17539,0.26261,0.293341
0.729374,-0.245142,0.310827;0.89104,-0.203297,0.270895,0.302213
0.730717,-0.235481,0.314306;0.878798,-0.23099,0.278895,0.310766
0.732182,-0.226083,0.31769;0.865629,-0.25844,0.286601,0.318992
0.733877,-0.216379,0.321185;0.850577,-0.287418,0.294487,0.327395
0.735712,-0.207037,0.324552;0.834505,-0.316052,0.30202,0.335406
0.737813,-0.197545,0.327979;0.816332,-0.346059,0.309627,0.343477
0.74021,-0.188026,0.331423;0.795887,-0.37732,0.317224,0.351515
0.742933,-0.178621,0.334839;0.772996,-0.409696,0.324721,0.359421
0.746014,-0.169495,0.338173;0.747489,-0.443026,0.332019,0.367086
0.749538,-0.160706,0.341411;0.734017,-0.472896,0.328259,0.360326
0.753645,-0.152157,0.344597;0.725998,-0.502483,0.318188,0.345245
0.758525,-0.143697,0.347801;0.715877,-0.535003,0.306376,0.327757
0.764184,-0.135513,0.350971;0.703285,-0.570128,0.292675,0.307711
0.770289,-0.128022,0.353957;0.688563,-0.605791,0.277666,0.286006
0.777035,-0.120761,0.356955;0.670715,-0.64333,0.260532,0.261519
0.783984,-0.113821,0.359932;0.650216,-0.680701,0.241926,0.235237
0.79094,-0.106805,0.363044;0.626892,-0.717563,0.221811,0.207148
0.79742,-0.0995041,0.366351;0.601626,-0.752202,0.20101,0.178417
0.803013,-0.0917565,0.369882;0.575618,-0.783266,0.180454,0.150315
0.807636,-0.0832303,0.373749;0.54915,-0.81094,0.160271,0.12298
0.810951,-0.0746277,0.37761;0.524963,-0.833278,0.142377,0.0989456
0.813288,-0.0657138,0.381564;0.502303,-0.851972,0.12603,0.0771459
0.814865,-0.0560986,0.385781;0.480161,-0.868372,0.110405,0.0564429
0.8157,-0.0465193,0.389938;0.460052,-0.881811,0.096486,0.0381075
0.815967,-0.0372977,0.393905;0.442208,-0.892663,0.0843355,0.0221817
0.815813,-0.0279627,0.39789;0.425408,-0.902017,0.0730568,0.00746414
0.815315,-0.0186623,0.401834;0.409741,-0.910026,0.0626719,-0.00603186
0.814459,-0.00860634,0.406073;0.393829,-0.91749,0.0522495,-0.0195242
0.813356,0.00122757,0.410196;0.379157,-0.923798,0.0427472,-0.0317801
0.812007,0.0112387,0.414373;0.372458,-0.926795,0.0363533,-0.0317048
0.810512,0.0210251,0.41844;0.368654,-0.928623,0.0313132,-0.0278074
0.808797,0.0312821,0.422687;0.364829,-0.930397,0.0262712,-0.0239083
0.806878,0.0419689,0.427098;0.360983,-0.932116,0.0212277,-0.0200078
0.804772,0.0530449,0.431656;0.357116,-0.933781,0.016183,-0.0161061
0.802966,0.0621585,0.435397;0.354007,-0.935074,0.0121465,-0.0129841
0.80106,0.0714743,0.439214;0.350884,-0.936332,0.00810955,-0.00986162
0.799064,0.0809715,0.443096;0.347749,-0.937555,0.0040723,-0.00673876
0.796987,0.0906291,0.447036;0.344601,-0.938742,3.49029e-05,-0.00361564
0.794838,0.100426,0.451025;0.34144,-0.939895,-0.0040025,-0.000492385
0.792625,0.110343,0.455055;0.338266,-0.941013,-0.00803975,0.00263089
0.790357,0.120357,0.459117;0.335079,-0.942095,-0.0120767,0.00575406
0.788044,0.130448,0.463202;0.33188,-0.943142,-0.0161132,0.00887702
0.785694,0.140595,0.467302;0.328669,-0.944154,-0.0201491,0.0119996
0.783316,0.150778,0.471409;0.325445,-0.945131,-0.0241842,0.0151218
0.780919,0.160976,0.475513;0.322209,-0.946072,-0.0282185,0.0182434
0.778511,0.171167,0.479606;0.318961,-0.946978,-0.0322517,0.0213644
0.776103,0.181331,0.483679;0.315701,-0.947848,-0.0362836,0.0244845
0.773702,0.191448,0.487725;0.31243,-0.948684,-0.0403143,0.0276037
0.771318,0.201495,0.491734;0.309146,-0.949483,-0.0443434,0.0307219
0.76896,0.211453,0.495698;0.305851,-0.950247,-0.0483708,0.0338389
0.766636,0.221301,0.499607;0.302545,-0.950976,-0.0523965,0.0369547
0.764355,0.231017,0.503455;0.299227,-0.951669,-0.0564202,0.0400691
0.762126,0.240581,0.507232;0.295898,-0.952327,-0.0604418,0.043182
0.759958,0.249973,0.510929;0.292559,-0.952949,-0.0644611,0.0462933
0.75786,0.25917,0.514538;0.289208,-0.953535,-0.068478,0.0494028
0.75535,0.270363,0.518913;0.285004,-0.954218,-0.0734955,0.0532872
0.752981,0.281179,0.523119;0.280784,-0.954845,-0.0785088,0.0571684
0.750769,0.291579,0.527141;0.276547,-0.955416,-0.0835174,0.0610462
0.748733,0.301521,0.530962;0.272294,-0.955932,-0.0885212,0.0649206
0.746889,0.310965,0.534565;0.268025,-0.956391,-0.0935198,0.0687911
0.744956,0.321583,0.538577;0.262882,-0.956869,-0.0995109,0.0734304
0.743356,0.331354,0.542222;0.257717,-0.957267,-0.105494,0.0780635
0.741949,0.341591,0.545972;0.251663,-0.957629,-0.112462,0.0834605
0.741007,0.351619,0.549539;0.244709,-0.957908,-0.12041,0.0896167
0.740932,0.361403,0.552819;0.235966,-0.958056,-0.13032,0.0972931
0.744305,0.370328,0.555016;0.22009,-0.957758,-0.14808,0.111052
0.753146,0.366211,0.551637;0.208373,-0.956643,-0.16092,0.124579
0.75947,0.359146,0.54786;0.214551,-0.955731,-0.15389,0.129863
0.765653,0.35104,0.54377;0.219681,-0.954886,-0.148017,0.134254
0.771125,0.343288,0.539958;0.223772,-0.954154,-0.143311,0.137759
0.777007,0.334553,0.535725;0.227852,-0.953373,-0.138597,0.141258
0.783246,0.324968,0.531127;0.23192,-0.952543,-0.133876,0.144749
0.789792,0.314664,0.526218;0.235975,-0.951664,-0.129148,0.148232
0.79487,0.306543,0.522365;0.239009,-0.950972,-0.125597,0.15084
0.800069,0.298148,0.518391;0.242036,-0.950252,-0.122043,0.153443
0.805367,0.289535,0.514319;0.245056,-0.949505,-0.118485,0.156042
0.810741,0.280758,0.510173;0.248069,-0.94873,-0.114924,0.158636
0.81617,0.271875,0.505976;0.251074,-0.947928,-0.11136,0.161225
0.821632,0.262939,0.501749;0.254072,-0.947098,-0.107792,0.16381
0.827104,0.254008,0.497518;0.257063,-0.94624,-0.104221,0.16639
0.832565,0.245137,0.493305;0.260047,-0.945355,-0.100647,0.168966
0.837993,0.236382,0.489132;0.263022,-0.944443,-0.0970706,0.171536
0.843366,0.227798,0.485024;0.26599,-0.943503,-0.093491,0.174101
0.848661,0.21944,0.481003;0.268951,-0.942535,-0.0899086,0.176662
0.853857,0.211366,0.477093;0.271903,-0.94154,-0.0863237,0.179217
0.860593,0.201136,0.47209;0.275828,-0.940171,-0.0815399,0.182615
0.867061,0.19164,0.46738;0.279738,-0.938753,-0.0767518,0.186005
0.873209,0.18301,0.463017;0.283634,-0.937287,-0.0719598,0.189385
0.878984,0.175377,0.459056;0.287515,-0.935772,-0.0671641,0.192754
0.885602,0.167441,0.454753;0.292345,-0.933811,-0.0611646,0.196953
0.892525,0.160611,0.450682;0.29811,-0.931358,-0.0539587,0.20197
0.901138,0.156913,0.447025;0.307641,-0.927028,-0.0419353,0.210279
0.905544,0.166085,0.44841;0.318011,-0.92192,-0.0286941,0.21934
0.905335,0.177881,0.451947;0.323615,-0.918981,-0.0214666,0.224247
0.904057,0.188698,0.455515;0.32733,-0.916963,-0.0166468,0.227504
0.902464,0.198455,0.458865;0.330105,-0.915418,-0.0130314,0.229938
0.900302,0.209683,0.46282;0.33287,-0.913846,-0.0094156,0.232367
0.89755,0.222438,0.467401;0.335626,-0.912248,-0.00579952,0.234788
0.895377,0.231817,0.470815;0.337458,-0.911168,-0.0033887,0.236398
0.892924,0.241916,0.474524;0.339286,-0.910076,-0.000977838,0.238006
0.890187,0.252752,0.478537;0.341109,-0.908972,0.00143304,0.23961
