0.928018,-0.128371,0.64726;0.976531,-0.130845,0.0687995,0.156628
0.928391,-0.114802,0.647806;0.976866,-0.126896,0.068644,0.157853
0.928757,-0.101378,0.648343;0.977184,-0.122946,0.0684873,0.159076
0.929114,-0.0880969,0.648871;0.977485,-0.118993,0.0683294,0.160296
0.929464,-0.0749589,0.64939;0.977769,-0.115038,0.0681704,0.161512
0.929805,-0.0619632,0.6499;0.978037,-0.11108,0.0680102,0.162727
0.930138,-0.0491092,0.6504;0.978287,-0.107122,0.0678488,0.163938
0.930463,-0.0363964,0.650892;0.978521,-0.103161,0.0676863,0.165146
0.93078,-0.0238242,0.651375;0.978738,-0.0991982,0.0675226,0.166352
0.931089,-0.0113921,0.651849;0.978938,-0.0952339,0.0673577,0.167555
0.93139,0.000900561,0.652315;0.979121,-0.091268,0.0671916,0.168755
0.931683,0.0130543,0.652771;0.979287,-0.0873005,0.0670244,0.169952
0.931969,0.0250696,0.653219;0.979436,-0.0833315,0.0668561,0.171146
0.932246,0.0369472,0.653658;0.979569,-0.0793611,0.0666866,0.172337
0.932516,0.0486876,0.654089;0.979684,-0.0753893,0.0665159,0.173525
0.932778,0.0602913,0.65451;0.979783,-0.0714162,0.0663441,0.17471
0.933032,0.0717589,0.654924;0.979865,-0.0674419,0.0661712,0.175892
0.933278,0.083091,0.655328;0.97993,-0.0634664,0.0659971,0.177071
0.933517,0.0942881,0.655724;0.979978,-0.0594898,0.0658219,0.178247
0.933748,0.105351,0.656112;0.980009,-0.0555122,0.0656455,0.17942
0.933971,0.11628,0.656491;0.980023,-0.0515336,0.065468,0.18059
0.934187,0.127075,0.656862;0.980021,-0.0475542,0.0652894,0.181757
0.934396,0.137738,0.657224;0.980001,-0.0435739,0.0651097,0.182921
0.934596,0.148269,0.657578;0.979965,-0.0395929,0.0649288,0.184081
0.93479,0.158668,0.657924;0.979911,-0.0356112,0.0647468,0.185238
0.934975,0.168937,0.658261;0.979841,-0.0316289,0.0645638,0.186392
0.935154,0.179075,0.658591;0.979754,-0.027646,0.0643795,0.187543
0.935325,0.189082,0.658912;0.97965,-0.0236627,0.0641942,0.188691
0.935567,0.203852,0.659378;0.979463,-0.0176869,0.0639142,0.190407
0.935793,0.218333,0.659826;0.979237,-0.0117105,0.0636317,0.192115
0.936003,0.232526,0.660257;0.978974,-0.0057336,0.0633467,0.193815
0.936197,0.246435,0.660669;0.978673,0.000243515,0.0630592,0.195508
0.936374,0.26006,0.661063;0.978333,0.00622062,0.0627693,0.197194
0.936535,0.273404,0.66144;0.977956,0.0121975,0.062477,0.198872
0.936681,0.286468,0.661799;0.977541,0.0181739,0.0621823,0.200542
0.93681,0.299255,0.662141;0.977088,0.0241495,0.0618851,0.202204
0.936924,0.311766,0.662465;0.976597,0.0301243,0.0615856,0.203859
0.937022,0.324003,0.662772;0.976068,0.0360979,0.0612836,0.205505
0.937105,0.335969,0.663063;0.975501,0.0420701,0.0609793,0.207144
0.937172,0.347664,0.663336;0.974897,0.0480406,0.0606726,0.208775
0.937224,0.359092,0.663593;0.974255,0.0540093,0.0603636,0.210397
0.937261,0.370253,0.663832;0.973575,0.0599759,0.0600522,0.212012
0.937282,0.381151,0.664056;0.972857,0.0659401,0.0597385,0.213618
0.937289,0.391786,0.664263;0.972102,0.0719019,0.0594225,0.215216
0.937281,0.40216,0.664453;0.971308,0.0778608,0.0591042,0.216805
0.937258,0.412277,0.664628;0.970478,0.0838167,0.0587835,0.218386
0.937205,0.425366,0.664836;0.969311,0.0917528,0.0583525,0.220481
0.937126,0.438004,0.665015;0.968078,0.0996826,0.0579175,0.222561
0.937021,0.450195,0.665167;0.966778,0.107606,0.0574784,0.224626
0.936892,0.461944,0.665291;0.965412,0.115521,0.0570354,0.226675
0.936737,0.473255,0.665388;0.963979,0.123429,0.0565885,0.228708
0.936557,0.484132,0.665458;0.96248,0.131328,0.0561377,0.230726
0.936353,0.49458,0.665501;0.960914,0.139218,0.055683,0.232727
0.936125,0.504604,0.665518;0.959282,0.147098,0.0552244,0.234713
0.935806,0.516544,0.665502;0.957149,0.156934,0.0546459,0.237172
0.935449,0.527837,0.665447;0.954913,0.166753,0.0540615,0.239606
0.935057,0.538491,0.665352;0.952575,0.176555,0.0534713,0.242014
0.934628,0.548516,0.665217;0.950133,0.186337,0.0528753,0.244396
0.934067,0.559727,0.665006;0.947069,0.198049,0.0521526,0.24722
0.933455,0.57006,0.66474;0.943857,0.209731,0.0514218,0.250005
0.93268,0.581026,0.664363;0.939926,0.223318,0.0505592,0.253205
0.931713,0.59215,0.663846;0.935189,0.238788,0.0495602,0.256797
0.930524,0.602914,0.663156;0.929553,0.256113,0.0484201,0.260754
0.928932,0.613624,0.662163;0.922224,0.277167,0.0470037,0.265466
0.92669,0.623504,0.660671;0.912202,0.303751,0.0451657,0.271262
0.921924,0.631336,0.657263;0.891552,0.352426,0.0416524,0.281417
0.915754,0.625237,0.65257;0.865462,0.4055,0.037591,0.291775
0.912,0.615779,0.649619;0.849719,0.434166,0.0352911,0.297039
0.909033,0.606067,0.647252;0.837296,0.455353,0.0335404,0.300773
0.906467,0.596359,0.645185;0.826546,0.472793,0.0320656,0.303743
0.904089,0.586428,0.643256;0.816567,0.488316,0.0307264,0.306303
0.901923,0.576695,0.641489;0.807458,0.501971,0.0295271,0.308489
0.899709,0.566148,0.639676;0.798125,0.515488,0.0283195,0.310591
0.897735,0.556279,0.638054;0.789779,0.527198,0.0272565,0.312359
0.895728,0.545839,0.636399;0.781266,0.538798,0.0261878,0.314061
0.893689,0.534851,0.634714;0.772588,0.550283,0.0251135,0.315698
0.891917,0.525015,0.633247;0.76502,0.560036,0.0241885,0.317047
0.890123,0.51481,0.63176;0.757334,0.569701,0.0232597,0.318347
0.888309,0.504252,0.630253;0.74953,0.579279,0.0223273,0.319598
0.886475,0.493355,0.628729;0.741609,0.588766,0.0213915,0.320799
0.884622,0.482135,0.627187;0.733574,0.598162,0.0204523,0.321951
0.882751,0.470607,0.625629;0.725425,0.607466,0.01951,0.323053
0.881178,0.460775,0.62432;0.718548,0.615147,0.0187224,0.323932
0.879594,0.45075,0.623;0.711594,0.622761,0.0179327,0.324777
0.877999,0.440539,0.621672;0.704563,0.630309,0.0171412,0.325587
0.876394,0.430151,0.620335;0.697457,0.637789,0.0163478,0.326362
0.874778,0.419595,0.618989;0.690275,0.6452,0.0155526,0.327102
0.873154,0.408881,0.617637;0.683019,0.652542,0.0147558,0.327806
0.87152,0.398016,0.616277;0.675689,0.659813,0.0139574,0.328476
0.869877,0.38701,0.614911;0.668287,0.667013,0.0131575,0.329109
0.868227,0.375871,0.613539;0.660812,0.674142,0.0123561,0.329708
0.866569,0.364608,0.612163;0.653267,0.681198,0.0115535,0.330271
0.864905,0.353231,0.610781;0.645651,0.68818,0.0107496,0.330798
0.863233,0.341748,0.609396;0.637965,0.695089,0.00994449,0.33129
0.861556,0.330167,0.608008;0.630211,0.701922,0.00913835,0.331746
0.859873,0.318499,0.606617;0.622389,0.70868,0.00833122,0.332166
0.858186,0.306751,0.605223;0.6145,0.715362,0.0075232,0.332551
0.856494,0.294932,0.603828;0.606545,0.721967,0.00671437,0.332899
0.854797,0.283051,0.602432;0.598525,0.728494,0.00590481,0.333212
0.853249,0.272177,0.60116;0.593201,0.73348,0.00585854,0.331792
0.851756,0.261682,0.599936;0.598298,0.733688,0.00930011,0.321955
0.850262,0.251155,0.598712;0.603314,0.733798,0.0127404,0.312075
0.848765,0.240598,0.597489;0.60825,0.733808,0.016179,0.302152
0.847267,0.230015,0.596267;0.613103,0.73372,0.0196155,0.292189
0.845767,0.219409,0.595046;0.617874,0.733533,0.0230493,0.282187
0.844265,0.208781,0.593825;0.622562,0.733247,0.0264799,0.272146
0.842762,0.198136,0.592606;0.627166,0.732863,0.0299071,0.262069
0.841258,0.187476,0.591389;0.631686,0.73238,0.0333301,0.251956
0.839753,0.176803,0.590173;0.63612,0.731798,0.0367487,0.24181
0.838247,0.166121,0.588959;0.640469,0.731118,0.0401624,0.231631
0.83674,0.155433,0.587747;0.644731,0.730339,0.0435707,0.221421
0.835233,0.144741,0.586537;0.648907,0.729462,0.046973,0.211181
0.833725,0.134048,0.58533;0.652996,0.728487,0.0503691,0.200913
0.832217,0.123358,0.584126;0.656996,0.727414,0.0537584,0.190617
0.830709,0.112672,0.582924;0.660908,0.726243,0.0571404,0.180296
0.829201,0.101994,0.581726;0.664731,0.724974,0.0605148,0.169951
0.827693,0.0913264,0.580531;0.668465,0.723607,0.063881,0.159583
0.826186,0.0806726,0.579339;0.672108,0.722143,0.0672386,0.149193
0.824679,0.070035,0.578151;0.675661,0.720582,0.0705871,0.138783
0.823173,0.0594166,0.576967;0.679124,0.718924,0.0739261,0.128355
0.821668,0.0488203,0.575787;0.682494,0.717169,0.0772552,0.117909
0.820164,0.0382488,0.574612;0.685773,0.715317,0.0805739,0.107447
0.818662,0.027705,0.57344;0.688959,0.713369,0.0838817,0.0969713
0.81716,0.0171919,0.572274;0.692053,0.711325,0.0871783,0.0864822
0.815661,0.00671211,0.571112;0.695054,0.709185,0.0904631,0.0759814
0.814163,-0.00373135,0.569956;0.69796,0.70695,0.0937357,0.0654703
0.812667,-0.0141357,0.568805;0.700773,0.70462,0.0969957,0.0549505
0.811173,-0.024498,0.567659;0.703492,0.702194,0.100243,0.0444232
0.809681,-0.0348155,0.566519;0.706116,0.699675,0.103476,0.03389
0.808191,-0.0450853,0.565385;0.708645,0.69706,0.106696,0.0233522
0.806705,-0.0553046,0.564257;0.711078,0.694353,0.109901,0.0128113
0.80522,-0.0654705,0.563135;0.713416,0.691551,0.113091,0.00226863
0.803739,-0.0755802,0.56202;0.715657,0.688657,0.116266,-0.00827433
0.802261,-0.0856308,0.560911;0.717803,0.68567,0.119426,-0.0188162
0.800786,-0.0956194,0.55981;0.719851,0.68259,0.122569,-0.0293555
0.799315,-0.105543,0.558715;0.721803,0.679419,0.125696,-0.0398909
0.797847,-0.115399,0.557628;0.723658,0.676156,0.128806,-0.0504208
0.796139,-0.126809,0.556369;0.725698,0.672234,0.132412,-0.0626972
0.794436,-0.138118,0.55512;0.727605,0.668189,0.135994,-0.074962
0.792739,-0.149322,0.553883;0.729379,0.664022,0.139552,-0.0872131
0.791047,-0.160417,0.552656;0.73102,0.659733,0.143083,-0.0994482
0.789362,-0.171397,0.551441;0.732526,0.655323,0.146589,-0.111665
0.787683,-0.182259,0.550238;0.733899,0.650793,0.150067,-0.123861
0.786011,-0.192998,0.549046;0.735136,0.646143,0.153518,-0.136035
0.784346,-0.203609,0.547868;0.736239,0.641376,0.156941,-0.148184
0.782687,-0.214088,0.546701;0.737208,0.63649,0.160335,-0.160306
0.781036,-0.224431,0.545548;0.738041,0.631488,0.1637,-0.172398
0.779393,-0.234632,0.544409;0.738738,0.626371,0.167035,-0.184458
0.777758,-0.244687,0.543283;0.739301,0.621138,0.170339,-0.196485
0.776131,-0.254592,0.542171;0.739728,0.615792,0.173612,-0.208476
0.774282,-0.265722,0.540918;0.740049,0.609544,0.177313,-0.222133
0.772444,-0.276644,0.539683;0.740194,0.60315,0.180972,-0.235737
0.770618,-0.287349,0.538469;0.740162,0.596611,0.184588,-0.249284
0.768804,-0.297832,0.537275;0.739952,0.58993,0.188159,-0.262772
0.767002,-0.308086,0.536101;0.739566,0.583108,0.191686,-0.276197
0.765214,-0.318104,0.534948;0.739002,0.576146,0.195166,-0.289555
0.763218,-0.329084,0.533677;0.738156,0.568149,0.199026,-0.304501
0.76124,-0.339747,0.532434;0.737087,0.55998,0.202826,-0.319354
0.759279,-0.350083,0.531219;0.735795,0.551641,0.206564,-0.33411
0.757337,-0.360083,0.530034;0.734279,0.543135,0.210239,-0.348766
0.755202,-0.370789,0.528752;0.732335,0.533492,0.214248,-0.364925
0.753091,-0.381054,0.527509;0.730116,0.523648,0.218177,-0.380948
0.751005,-0.390867,0.526304;0.727624,0.513609,0.222025,-0.396829
0.74874,-0.401121,0.525024;0.724569,0.502344,0.226161,-0.414126
0.746508,-0.410794,0.523794;0.721187,0.490852,0.230195,-0.431236
0.744111,-0.420661,0.522509;0.717124,0.478062,0.234477,-0.449678
0.74156,-0.430519,0.521188;0.712287,0.463916,0.238973,-0.469383
0.738869,-0.440136,0.519848;0.706575,0.448354,0.243645,-0.490272
0.735867,-0.449812,0.518426;0.699413,0.430168,0.248767,-0.513705
0.732407,-0.45941,0.516893;0.690039,0.408037,0.254539,-0.54089
0.728209,-0.468461,0.515209;0.676868,0.3793,0.261338,-0.574181
0.721664,-0.475459,0.513058;0.651692,0.32962,0.271412,-0.626884
0.714618,-0.469471,0.511635;0.616351,0.267429,0.281353,-0.685153
0.711323,-0.459684,0.511426;0.595821,0.234091,0.285576,-0.713194
0.7091,-0.449583,0.511511;0.583631,0.254792,0.290816,-0.71406
0.707319,-0.439044,0.511737;0.57331,0.278923,0.295435,-0.711503
0.705858,-0.428541,0.51204;0.564032,0.299675,0.299266,-0.708874
0.704577,-0.41777,0.512405;0.555199,0.318688,0.30266,-0.706109
0.703459,-0.407026,0.512807;0.546877,0.335988,0.305649,-0.703289
0.70249,-0.396567,0.513227;0.53913,0.351603,0.308264,-0.700491
0.701565,-0.385474,0.513697;0.53121,0.367107,0.310781,-0.69747
0.70077,-0.37497,0.51416;0.523938,0.38096,0.312961,-0.69456
0.70001,-0.363992,0.51466;0.51653,0.394715,0.315061,-0.691472
0.699364,-0.353851,0.515134;0.509834,0.406856,0.316859,-0.688576
0.698746,-0.343364,0.515635;0.503034,0.418915,0.318593,-0.685541
0.698154,-0.332542,0.516162;0.496131,0.430887,0.320261,-0.682366
0.69759,-0.3214,0.516713;0.489127,0.442772,0.321865,-0.679051
0.697119,-0.311398,0.517215;0.482917,0.453098,0.323214,-0.676037
0.696668,-0.301168,0.517734;0.476631,0.463353,0.324513,-0.672918
0.696238,-0.290721,0.51827;0.470271,0.473535,0.325761,-0.669694
0.695828,-0.280063,0.518822;0.463837,0.483643,0.326958,-0.666365
0.695438,-0.269206,0.519389;0.457331,0.493676,0.328104,-0.662932
0.695069,-0.258156,0.519971;0.450754,0.503632,0.329199,-0.659396
0.694719,-0.246922,0.520566;0.444107,0.51351,0.330243,-0.655757
0.69439,-0.235514,0.521174;0.43739,0.523307,0.331235,-0.652015
0.69408,-0.22394,0.521795;0.430604,0.533022,0.332175,-0.648172
0.69383,-0.213894,0.522336;0.424735,0.541284,0.33294,-0.644797
0.693595,-0.203738,0.522885;0.418817,0.549483,0.333666,-0.641348
0.693374,-0.193477,0.523442;0.412851,0.557619,0.334355,-0.637826
0.693167,-0.183118,0.524006;0.406837,0.565692,0.335005,-0.634231
0.692974,-0.172664,0.524577;0.400777,0.573699,0.335616,-0.630562
0.692796,-0.162123,0.525154;0.394671,0.581641,0.336189,-0.626822
0.692632,-0.151499,0.525737;0.388519,0.589516,0.336724,-0.623009
0.692481,-0.140798,0.526325;0.382323,0.597323,0.33722,-0.619126
0.692345,-0.130025,0.526918;0.376084,0.605062,0.337677,-0.615171
0.692222,-0.119186,0.527516;0.369801,0.612732,0.338095,-0.611145
0.692114,-0.108286,0.528118;0.363475,0.620331,0.338475,-0.60705
0.692019,-0.0973317,0.528723;0.357108,0.627859,0.338816,-0.602885
0.691938,-0.0863272,0.529331;0.3507,0.635315,0.339118,-0.598651
0.69187,-0.0752785,0.529942;0.344252,0.642699,0.339381,-0.594348
0.691816,-0.0641911,0.530555;0.337765,0.650008,0.339606,-0.589977
0.691775,-0.0530705,0.53117;0.331238,0.657243,0.339791,-0.585538
0.691748,-0.0419221,0.531786;0.324674,0.664403,0.339937,-0.581032
0.691734,-0.0307514,0.532402;0.318072,0.671486,0.340045,-0.57646
0.691733,-0.0195639,0.53302;0.311434,0.678493,0.340113,-0.571821
0.691745,-0.00836519,0.533637;0.30476,0.685421,0.340142,-0.567117
0.691771,0.00283937,0.534254;0.298052,0.692271,0.340133,-0.562348
0.69181,0.0140443,0.534869;0.291309,0.699042,0.340084,-0.557514
0.691861,0.025244,0.535483;0.284532,0.705733,0.339996,-0.552617
0.691926,0.036433,0.536096;0.277723,0.712342,0.33987,-0.547656
0.692003,0.047606,0.536706;0.270883,0.71887,0.339704,-0.542632
0.692094,0.0587573,0.537313;0.264011,0.725315,0.339499,-0.537546
0.692197,0.0698815,0.537917;0.257109,0.731678,0.339256,-0.532399
0.692312,0.0809731,0.538517;0.250177,0.737956,0.338974,-0.52719
0.69244,0.0920267,0.539113;0.243217,0.74415,0.338652,-0.521921
0.692581,0.103037,0.539704;0.236228,0.750258,0.338292,-0.516592
0.692734,0.113998,0.540291;0.229213,0.756281,0.337893,-0.511204
0.692899,0.124904,0.540872;0.222172,0.762216,0.337456,-0.505757
0.693077,0.13575,0.541447;0.215105,0.768065,0.336979,-0.500252
0.693267,0.146531,0.542015;0.208013,0.773825,0.336464,-0.49469
0.693469,0.157241,0.542577;0.200897,0.779496,0.335911,-0.489071
0.693684,0.167874,0.543131;0.193759,0.785078,0.335319,-0.483396
0.69391,0.178426,0.543677;0.186598,0.79057,0.334688,-0.477665
0.694148,0.18889,0.544216;0.179416,0.795971,0.334019,-0.47188
0.694399,0.199261,0.544745;0.172213,0.801282,0.333312,-0.466041
0.694661,0.209534,0.545266;0.16499,0.8065,0.332566,-0.460148
0.694934,0.219702,0.545777;0.157749,0.811625,0.331783,-0.454202
0.69522,0.229762,0.546277;0.150489,0.816658,0.330961,-0.448205
0.695568,0.241352,0.546848;0.141998,0.822411,0.329955,-0.441142
0.695931,0.252777,0.547404;0.133484,0.828036,0.328897,-0.434011
0.69631,0.264029,0.547945;0.12495,0.833531,0.327787,-0.426813
0.696705,0.275097,0.548468;0.116396,0.838896,0.326627,-0.419547
0.697115,0.285975,0.548975;0.107825,0.844131,0.325415,-0.412216
0.69754,0.296653,0.549464;0.0992358,0.849233,0.324153,-0.404821
0.697981,0.307122,0.549934;0.0906316,0.854203,0.32284,-0.397363
0.698436,0.317374,0.550385;0.0820132,0.85904,0.321477,-0.389842
0.698907,0.3274,0.550816;0.073382,0.863743,0.320063,-0.382261
0.699462,0.33857,0.551282;0.0635038,0.868952,0.318386,-0.373524
0.700038,0.34942,0.551721;0.0536127,0.873984,0.316645,-0.36471
0.700632,0.359938,0.55213;0.0437107,0.878838,0.314839,-0.355823
0.701245,0.37011,0.55251;0.0337997,0.883513,0.312969,-0.346862
0.701957,0.381124,0.552898;0.0226418,0.888556,0.310788,-0.336698
0.702693,0.391666,0.553246;0.011478,0.893371,0.308528,-0.326446
0.703452,0.401717,0.553551;0.000311249,0.897955,0.306188,-0.31611
0.704322,0.412287,0.553837;-0.0120962,0.902777,0.303495,-0.30453
0.705312,0.423156,0.554087;-0.0257398,0.907748,0.300422,-0.29168
0.706335,0.4332,0.554265;-0.0393735,0.91237,0.297232,-0.278718
0.707489,0.443176,0.554374;-0.0542292,0.917011,0.293623,-0.264455
0.708885,0.453463,0.554385;-0.0715288,0.921893,0.289241,-0.247662
0.710717,0.464243,0.554211;-0.0835535,0.925739,0.285984,-0.232892
0.713099,0.474202,0.553705;-0.066808,0.92509,0.289972,-0.235928
0.717625,0.483257,0.55208;-0.036991,0.923236,0.296842,-0.241145
0.72474,0.479254,0.548375;0.00592615,0.919009,0.306213,-0.248236
0.728713,0.470378,0.545929;0.0283185,0.916074,0.310861,-0.25174
0.732151,0.45997,0.54368;0.0469675,0.913247,0.314605,-0.254555
0.734978,0.449913,0.54177;0.0618742,0.910737,0.317515,-0.256737
0.737507,0.439994,0.540032;0.0749055,0.90836,0.319998,-0.258596
0.740084,0.42915,0.538246;0.0879229,0.905816,0.322421,-0.260408
0.742329,0.419206,0.536686;0.0990678,0.903501,0.324451,-0.261922
0.744606,0.408737,0.535107;0.110199,0.901063,0.326437,-0.2634
0.746915,0.397814,0.533516;0.121316,0.898503,0.328379,-0.264843
0.749253,0.38651,0.531922;0.132416,0.895821,0.330276,-0.26625
0.751619,0.374896,0.530332;0.143498,0.893017,0.332128,-0.26762
0.753611,0.365032,0.529016;0.152718,0.890587,0.333636,-0.268734
0.755621,0.355043,0.527712;0.161923,0.888074,0.335114,-0.269823
0.757648,0.344971,0.526426;0.171114,0.885476,0.336559,-0.270887
0.759691,0.334857,0.525161;0.180288,0.882795,0.337973,-0.271925
0.761749,0.324743,0.523922;0.189445,0.880031,0.339355,-0.272937
0.763822,0.31467,0.522714;0.198585,0.877183,0.340705,-0.273923
0.765908,0.304679,0.521541;0.207705,0.874253,0.342023,-0.274884
0.768008,0.294811,0.520408;0.216806,0.87124,0.343308,-0.275818
0.770543,0.283192,0.519106;0.2277,0.867516,0.344808,-0.276905
0.773094,0.271881,0.517875;0.238563,0.863674,0.346261,-0.277955
0.77566,0.26095,0.516723;0.249394,0.859714,0.347667,-0.278966
0.778239,0.250472,0.515658;0.260191,0.855638,0.349025,-0.27994
0.78083,0.240516,0.514686;0.270952,0.851445,0.350336,-0.280876
0.783866,0.229658,0.513683;0.283461,0.846407,0.351805,-0.281919
0.786914,0.219723,0.51283;0.295916,0.841212,0.35321,-0.28291
0.790408,0.209645,0.512055;0.310084,0.835085,0.354734,-0.283979
0.794351,0.200135,0.511462;0.325934,0.827951,0.356347,-0.285099
0.799619,0.190871,0.511171;0.34691,0.818045,0.358328,-0.286456
0.807957,0.185483,0.512022;0.379732,0.801453,0.361065,-0.288287
0.815434,0.191927,0.514331;0.414048,0.788099,0.357808,-0.281846
0.819986,0.20109,0.516463;0.438547,0.781006,0.351686,-0.272071
0.823625,0.210821,0.518522;0.458201,0.774791,0.34651,-0.263972
0.826647,0.220314,0.520454;0.474646,0.76922,0.34199,-0.257011
0.829603,0.230684,0.522528;0.490916,0.763363,0.337343,-0.249956
0.832223,0.240654,0.524512;0.505549,0.757794,0.33301,-0.243461
0.834771,0.250941,0.526568;0.520027,0.751992,0.328575,-0.236892
0.837237,0.261348,0.528672;0.534346,0.745961,0.324039,-0.230251
0.839612,0.271681,0.530803;0.548502,0.739701,0.319404,-0.223539
0.841888,0.281744,0.532938;0.562489,0.733214,0.314672,-0.216758
0.844054,0.291343,0.535055;0.576304,0.726504,0.309843,-0.209912
0.846302,0.301132,0.537337;0.591297,0.718865,0.304422,-0.202306
0.848577,0.310596,0.539736;0.607403,0.710228,0.29838,-0.193923
0.851139,0.320142,0.542545;0.627159,0.698993,0.290642,-0.183326
0.854636,0.328723,0.546566;0.659118,0.679201,0.277303,-0.165386
0.857564,0.321478,0.550094;0.699363,0.651093,0.258889,-0.141227
0.858126,0.311441,0.550769;0.714585,0.639419,0.251394,-0.131576
0.858312,0.300539,0.550966;0.726043,0.630214,0.245541,-0.124105
0.858299,0.289681,0.550906;0.735049,0.622711,0.240803,-0.118101
0.858167,0.278536,0.550684;0.742812,0.616045,0.23662,-0.112829
0.857962,0.267709,0.550362;0.749377,0.610258,0.233005,-0.108296
0.857668,0.255661,0.549914;0.755859,0.604404,0.229365,-0.103752
0.857356,0.244659,0.54944;0.761197,0.599475,0.226312,-0.0999556
0.85698,0.232755,0.548873;0.766478,0.5945,0.223242,-0.096152
0.856633,0.222567,0.548349;0.77066,0.590487,0.220774,-0.0931039
0.856244,0.211773,0.547762;0.774804,0.586445,0.218295,-0.0900511
0.855813,0.200363,0.54711;0.77891,0.582374,0.215805,-0.086994
0.855339,0.188322,0.546392;0.782978,0.578275,0.213305,-0.0839326
0.854822,0.175639,0.545607;0.787008,0.574148,0.210794,-0.0808671
0.854261,0.162301,0.544752;0.790999,0.569992,0.208273,-0.0777976
0.85381,0.151861,0.544065;0.793967,0.566857,0.206375,-0.075493
0.853335,0.141039,0.543338;0.796913,0.563706,0.204472,-0.0731863
0.852833,0.129832,0.54257;0.799837,0.56054,0.202563,-0.0708776
0.852306,0.118233,0.54176;0.802739,0.557359,0.200648,-0.0685669
0.851753,0.106239,0.540908;0.805619,0.554162,0.198728,-0.0662544
0.851174,0.0938419,0.540014;0.808477,0.550949,0.196803,-0.06394
0.850568,0.0810383,0.539076;0.811313,0.547722,0.194872,-0.0616238
0.849935,0.0678224,0.538095;0.814126,0.54448,0.192936,-0.059306
0.849275,0.0541889,0.537069;0.816916,0.541222,0.190994,-0.0569865
0.848588,0.0401327,0.535999;0.819685,0.53795,0.189047,-0.0546655
0.847873,0.0256484,0.534882;0.82243,0.534662,0.187095,-0.0523429
0.847131,0.0107308,0.533719;0.825153,0.531361,0.185138,-0.0500189
0.846621,0.000542431,0.532918;0.826956,0.529151,0.18383,-0.0484688
0.846098,-0.00984247,0.532096;0.828749,0.526935,0.18252,-0.0469182
0.845562,-0.0204254,0.531253;0.830531,0.524713,0.181208,-0.0453669
0.845014,-0.031208,0.530388;0.832303,0.522484,0.179894,-0.0438151
0.844453,-0.0421917,0.529502;0.834065,0.520249,0.178577,-0.0422627
0.843879,-0.0533782,0.528594;0.835817,0.518007,0.177259,-0.0407098
0.843292,-0.064769,0.527664;0.837559,0.515759,0.175938,-0.0391565
0.842693,-0.0763656,0.526713;0.83929,0.513505,0.174615,-0.0376026
0.84208,-0.0881696,0.525738;0.841011,0.511245,0.17329,-0.0360483
0.841455,-0.100183,0.524742;0.842722,0.508978,0.171962,-0.0344936
0.840816,-0.112406,0.523723;0.844423,0.506705,0.170633,-0.0329384
0.840164,-0.124842,0.522681;0.846113,0.504426,0.169301,-0.0313828
0.839498,-0.137491,0.521616;0.847793,0.50214,0.167968,-0.0298268
0.83882,-0.150356,0.520528;0.849462,0.499849,0.166632,-0.0282705
0.838127,-0.163437,0.519417;0.851121,0.497551,0.165294,-0.0267138
0.837422,-0.176737,0.518282;0.85277,0.495247,0.163955,-0.0251568
0.836702,-0.190256,0.517124;0.854408,0.492938,0.162613,-0.0235995
0.835969,-0.203997,0.515942;0.856035,0.490622,0.161269,-0.0220419
0.835223,-0.217961,0.514736;0.857653,0.4883,0.159924,-0.0204841
0.834462,-0.23215,0.513505;0.859259,0.485972,0.158576,-0.0189259
0.833688,-0.246565,0.51225;0.860855,0.483638,0.157226,-0.0173676
0.832899,-0.261207,0.510971;0.862441,0.481299,0.155875,-0.015809
0.832097,-0.276079,0.509667;0.864016,0.478953,0.154521,-0.0142503
0.831281,-0.291181,0.508338;0.865581,0.476602,0.153166,-0.0126913
0.83045,-0.306516,0.506984;0.867135,0.474244,0.151809,-0.0111323
0.829605,-0.322085,0.505604;0.868678,0.471881,0.15045,-0.00957303
0.828746,-0.33789,0.5042;0.870211,0.469512,0.149089,-0.00801369
0.827872,-0.353931,0.502769;0.871733,0.467138,0.147726,-0.00645425
0.826984,-0.370211,0.501313;0.873244,0.464757,0.146362,-0.00489473
0.826082,-0.386731,0.499831;0.874744,0.462371,0.144995,-0.00333516
0.825165,-0.403494,0.498322;0.876234,0.45998,0.143627,-0.00177554
0.824468,-0.416206,0.497176;0.877343,0.458185,0.142602,-0.000607515
