0.879012,0.532602,0.639992;0.779326,0.113379,-0.0236439,0.615822
0.867671,0.532584,0.635442;0.784576,0.116542,-0.0270535,0.60838
0.856564,0.532454,0.630982;0.789743,0.119693,-0.0304602,0.600875
0.845688,0.532213,0.626613;0.794829,0.122831,-0.0338638,0.593307
0.835043,0.531863,0.622334;0.79983,0.125957,-0.0372638,0.585677
0.824626,0.531404,0.618144;0.804749,0.12907,-0.0406599,0.577986
0.814436,0.530837,0.614041;0.809583,0.132169,-0.0440518,0.570234
0.80447,0.530164,0.610027;0.814332,0.135254,-0.0474391,0.562422
0.794728,0.529385,0.606099;0.818997,0.138325,-0.0508214,0.554552
0.785206,0.528502,0.602256;0.823575,0.141381,-0.0541984,0.546624
0.775904,0.527516,0.598499;0.828068,0.144423,-0.0575697,0.538638
0.765029,0.526198,0.594102;0.833345,0.148053,-0.0616073,0.528981
0.754465,0.524734,0.589825;0.838496,0.151661,-0.0656356,0.519245
0.744207,0.523127,0.585667;0.843521,0.155246,-0.0696541,0.50943
0.734254,0.521379,0.581626;0.848419,0.158808,-0.073662,0.499539
0.724602,0.51949,0.577702;0.853189,0.162346,-0.0776589,0.489572
0.715248,0.517463,0.573892;0.857831,0.165859,-0.0816441,0.479532
0.706189,0.515301,0.570196;0.862343,0.169348,-0.0856169,0.46942
0.695989,0.512608,0.566026;0.867444,0.173385,-0.0902356,0.457533
0.686181,0.509736,0.562006;0.872367,0.177387,-0.0948358,0.445552
0.676761,0.506687,0.558135;0.877111,0.181353,-0.0994166,0.433479
0.667723,0.503463,0.554411;0.881675,0.185281,-0.103977,0.421318
0.657857,0.49957,0.550331;0.88667,0.189724,-0.109163,0.407314
0.648477,0.495458,0.546437;0.891427,0.194116,-0.114319,0.393202
0.639575,0.491132,0.542725;0.895946,0.198457,-0.119445,0.378983
0.631146,0.486595,0.539193;0.900225,0.202744,-0.124539,0.364664
0.622217,0.481245,0.535429;0.904751,0.207502,-0.13023,0.348437
0.613865,0.475641,0.531884;0.90897,0.21219,-0.135876,0.332093
0.60608,0.469789,0.528553;0.912882,0.216806,-0.141477,0.315637
0.598082,0.463003,0.525097;0.916865,0.221849,-0.147644,0.297226
0.590756,0.455928,0.521894;0.920464,0.226799,-0.153748,0.278691
0.58409,0.44857,0.518938;0.923679,0.231654,-0.159789,0.26004
0.578067,0.44094,0.516222;0.926507,0.236412,-0.165763,0.24128
0.572169,0.432242,0.513505;0.929171,0.241531,-0.172253,0.220528
0.567014,0.423235,0.511063;0.931364,0.246529,-0.178657,0.199664
0.562584,0.413931,0.508889;0.933086,0.251402,-0.18497,0.178699
0.558859,0.404342,0.506974;0.934336,0.256147,-0.19119,0.157644
0.55582,0.394478,0.50531;0.935113,0.260763,-0.197313,0.136508
0.553448,0.384351,0.503889;0.935416,0.265247,-0.203336,0.115304
0.551726,0.373972,0.502703;0.935246,0.269596,-0.209256,0.0940415
0.550632,0.363354,0.501744;0.934603,0.273809,-0.21507,0.0727312
0.550149,0.352506,0.501003;0.933487,0.277884,-0.220776,0.0513842
0.550224,0.342455,0.500513;0.932063,0.281466,-0.225866,0.031955
0.550773,0.332234,0.500191;0.930248,0.28493,-0.230861,0.0125124
0.551783,0.321849,0.50003;0.928044,0.288276,-0.23576,-0.00693548
0.553239,0.311311,0.500025;0.925453,0.2915,-0.24056,-0.0263804
0.555127,0.300627,0.50017;0.922474,0.294603,-0.24526,-0.0458143
0.557433,0.289806,0.500458;0.919109,0.297583,-0.249857,-0.0652291
0.559853,0.279957,0.500835;0.915752,0.300158,-0.253905,-0.0826792
0.56259,0.27001,0.501319;0.912085,0.302631,-0.257866,-0.100101
0.565632,0.259972,0.501905;0.908109,0.305002,-0.261741,-0.11749
0.568971,0.249849,0.502589;0.903825,0.30727,-0.265527,-0.134838
0.572594,0.239646,0.503367;0.899235,0.309433,-0.269223,-0.152141
0.576493,0.22937,0.504234;0.89434,0.311492,-0.272828,-0.169392
0.580656,0.219028,0.505185;0.889142,0.313445,-0.27634,-0.186586
0.584569,0.209784,0.506099;0.884269,0.315092,-0.279384,-0.201816
0.588677,0.200497,0.507072;0.879159,0.316655,-0.282352,-0.216993
0.59297,0.19117,0.508102;0.873814,0.318133,-0.285245,-0.232111
0.597443,0.181809,0.509187;0.868235,0.319526,-0.288062,-0.247168
0.602087,0.172418,0.510322;0.862423,0.320833,-0.290802,-0.262158
0.606895,0.163001,0.511505;0.856381,0.322054,-0.293464,-0.277078
0.61186,0.153563,0.512733;0.850109,0.323189,-0.296047,-0.291923
0.616975,0.144107,0.514002;0.84361,0.324238,-0.298551,-0.306691
0.622232,0.134639,0.51531;0.836885,0.3252,-0.300975,-0.321376
0.627625,0.125163,0.516653;0.829936,0.326075,-0.303319,-0.335976
0.633145,0.115682,0.518027;0.822765,0.326862,-0.305581,-0.350485
0.638786,0.106202,0.519431;0.815373,0.327562,-0.307761,-0.364901
0.64454,0.0967267,0.520861;0.807763,0.328174,-0.30986,-0.379219
0.6504,0.0872605,0.522314;0.799937,0.328699,-0.311875,-0.393436
0.656358,0.077808,0.523786;0.791897,0.329135,-0.313807,-0.407547
0.662408,0.0683733,0.525274;0.783645,0.329483,-0.315654,-0.421549
0.668542,0.058961,0.526777;0.775183,0.329744,-0.317417,-0.435438
0.674753,0.0495754,0.528289;0.766514,0.329915,-0.319096,-0.449211
0.681033,0.0402208,0.529808;0.757639,0.329999,-0.320688,-0.462864
0.687375,0.0309016,0.531332;0.748562,0.329994,-0.322195,-0.476392
0.693772,0.0216223,0.532856;0.739284,0.329901,-0.323616,-0.489793
0.69953,0.0133662,0.534217;0.736439,0.340987,-0.323303,-0.486684
0.705249,0.00525173,0.535557;0.733597,0.352026,-0.322929,-0.483353
0.711,-0.00282515,0.536893;0.730651,0.363016,-0.322509,-0.479954
0.717747,-0.0121986,0.538445;0.727084,0.375772,-0.321962,-0.475904
0.724529,-0.0215162,0.539987;0.723378,0.388456,-0.321353,-0.471761
0.731342,-0.0307756,0.541518;0.719532,0.401066,-0.320682,-0.467529
0.738183,-0.0399741,0.543036;0.715548,0.413598,-0.319949,-0.463206
0.745047,-0.0491094,0.544538;0.711427,0.426051,-0.319155,-0.458794
0.751931,-0.058179,0.546022;0.707169,0.438422,-0.3183,-0.454294
0.758829,-0.0671802,0.547488;0.702775,0.450709,-0.317384,-0.449707
0.765739,-0.0761107,0.548932;0.698246,0.462909,-0.316406,-0.445034
0.772656,-0.084968,0.550352;0.693582,0.475021,-0.315368,-0.440275
0.779575,-0.0937495,0.551748;0.688786,0.487041,-0.314269,-0.435431
0.786493,-0.102453,0.553116;0.683857,0.498967,-0.31311,-0.430504
0.793405,-0.111075,0.554455;0.678797,0.510798,-0.31189,-0.425494
0.800309,-0.119615,0.555762;0.673606,0.52253,-0.310611,-0.420402
0.807198,-0.128068,0.557037;0.668286,0.534162,-0.309272,-0.415229
0.81407,-0.136434,0.558276;0.662838,0.545691,-0.307873,-0.409977
0.820919,-0.144708,0.559478;0.657262,0.557116,-0.306416,-0.404646
0.827743,-0.15289,0.560641;0.65156,0.568433,-0.304899,-0.399237
0.834537,-0.160976,0.561763;0.645732,0.579641,-0.303324,-0.393751
0.841297,-0.168963,0.562841;0.639781,0.590738,-0.301691,-0.38819
0.848018,-0.17685,0.563875;0.633707,0.601722,-0.299999,-0.382554
0.854697,-0.184634,0.564862;0.62751,0.612589,-0.29825,-0.376845
0.86133,-0.192312,0.565799;0.621194,0.623339,-0.296444,-0.371063
0.867912,-0.199882,0.566686;0.614758,0.633969,-0.294581,-0.36521
0.875366,-0.208397,0.567634;0.607257,0.645969,-0.292382,-0.358435
0.882744,-0.216765,0.56851;0.599605,0.657806,-0.29011,-0.351569
0.890037,-0.22498,0.569311;0.591802,0.669479,-0.287765,-0.344616
0.897241,-0.23304,0.570034;0.58385,0.680983,-0.285348,-0.337576
0.904349,-0.24094,0.570675;0.575752,0.692316,-0.282859,-0.330452
0.911355,-0.248677,0.571233;0.56751,0.703476,-0.280299,-0.323244
0.918252,-0.256247,0.571704;0.559125,0.714459,-0.277669,-0.315956
0.925035,-0.263647,0.572085;0.550599,0.725263,-0.274969,-0.308588
0.932522,-0.271763,0.572403;0.540843,0.737199,-0.271849,-0.300206
0.939847,-0.279653,0.572598;0.530915,0.748901,-0.268643,-0.29173
0.947003,-0.287311,0.572668;0.520819,0.760366,-0.265352,-0.28316
0.95398,-0.294734,0.572608;0.510557,0.771589,-0.261976,-0.274501
0.961511,-0.302697,0.572383;0.498965,0.783771,-0.258128,-0.264777
0.9688,-0.310354,0.571987;0.487177,0.795646,-0.254178,-0.25495
0.975833,-0.317698,0.571414;0.475198,0.807209,-0.250129,-0.245022
0.98326,-0.325406,0.570571;0.461806,0.819562,-0.245562,-0.233991
0.990348,-0.332717,0.569499;0.448195,0.831527,-0.240878,-0.222849
0.997674,-0.340228,0.568059;0.433105,0.844129,-0.235638,-0.210574
1.00511,-0.347804,0.566169;0.416481,0.857243,-0.229811,-0.197142
1.012,-0.35478,0.563924;0.399581,0.869789,-0.223832,-0.183579
1.01878,-0.361605,0.561095;0.381085,0.882656,-0.217227,-0.168837
1.02566,-0.368505,0.557318;0.359589,0.896529,-0.209475,-0.15183
1.03193,-0.374754,0.552646;0.336355,0.910282,-0.201008,-0.133595
1.03758,-0.380375,0.546585;0.309937,0.924433,-0.191275,-0.113035
1.04206,-0.384854,0.53881;0.28023,0.938549,-0.180204,-0.090127
1.04466,-0.387525,0.529396;0.248589,0.951597,-0.168271,-0.0659612
1.04502,-0.388074,0.519145;0.217946,0.962368,-0.156583,-0.0427764
1.0435,-0.386857,0.508902;0.190264,0.970579,-0.145917,-0.0220108
1.04085,-0.384579,0.499518;0.223147,0.966555,-0.12355,-0.0267103
1.03747,-0.381612,0.490544;0.252264,0.961626,-0.103366,-0.0308786
1.03346,-0.378066,0.481648;0.279369,0.955849,-0.0842459,-0.0347653
1.02902,-0.374117,0.472949;0.30449,0.949435,-0.0662329,-0.0383728
1.02432,-0.369918,0.464547;0.327659,0.942583,-0.0493601,-0.041705
1.0195,-0.3656,0.456527;0.348916,0.935479,-0.0336533,-0.0447663
1.01426,-0.360902,0.448319;0.369908,0.927665,-0.017921,-0.0477937
1.00909,-0.35625,0.440595;0.389037,0.919828,-0.00338655,-0.0505561
1.00361,-0.351311,0.432749;0.407914,0.911396,0.0111501,-0.0532859
0.998325,-0.346548,0.425463;0.424987,0.903149,0.0244693,-0.0557579
0.992818,-0.341575,0.418103;0.441829,0.894412,0.0377752,-0.0581997
0.987099,-0.336404,0.410682;0.458431,0.885189,0.0510605,-0.0606099
0.981185,-0.33105,0.403213;0.474785,0.875486,0.0643182,-0.0629872
0.975651,-0.326036,0.396394;0.489428,0.866252,0.0763405,-0.0651187
0.96998,-0.320892,0.389557;0.503851,0.856629,0.0883285,-0.067221
0.964183,-0.315629,0.382713;0.518049,0.846622,0.100277,-0.0692931
0.958272,-0.310257,0.375871;0.532013,0.836235,0.11218,-0.0713341
0.952259,-0.304787,0.369043;0.54574,0.825472,0.124033,-0.0733431
0.946155,-0.29923,0.362238;0.559221,0.81434,0.135831,-0.0753192
0.939973,-0.293595,0.355467;0.572451,0.802841,0.147567,-0.0772615
0.933723,-0.287894,0.348739;0.585425,0.790983,0.159237,-0.0791691
0.927418,-0.282136,0.342066;0.598135,0.778769,0.170836,-0.0810412
0.921068,-0.276332,0.335457;0.610577,0.766206,0.182358,-0.0828769
0.914687,-0.270492,0.328923;0.622746,0.753299,0.193798,-0.0846755
0.908285,-0.264628,0.322474;0.634634,0.740055,0.205152,-0.086436
0.901874,-0.258749,0.31612;0.646238,0.726478,0.216413,-0.0881578
0.895466,-0.252865,0.309871;0.657552,0.712575,0.227577,-0.0898399
0.889073,-0.246988,0.303738;0.668571,0.698352,0.238639,-0.0914818
0.882705,-0.241128,0.297731;0.67929,0.683816,0.249594,-0.0930826
0.876376,-0.235294,0.291861;0.689704,0.668972,0.260437,-0.0946417
0.870096,-0.229499,0.286136;0.699808,0.653829,0.271163,-0.0961582
0.863878,-0.223751,0.280569;0.709599,0.638392,0.281767,-0.0976316
0.857122,-0.217497,0.274638;0.72,0.621081,0.293285,-0.0992018
0.85047,-0.211327,0.268922;0.730011,0.603433,0.304645,-0.100718
0.843938,-0.205255,0.263437;0.739625,0.585457,0.315838,-0.10218
0.83754,-0.199296,0.258194;0.748838,0.567163,0.326861,-0.103586
0.830733,-0.19294,0.252767;0.758424,0.546856,0.338683,-0.105055
0.824125,-0.186752,0.247664;0.76752,0.526195,0.350285,-0.106457
0.817215,-0.18026,0.242521;0.776814,0.503428,0.362599,-0.107898
0.810588,-0.174009,0.2378;0.785519,0.48028,0.374639,-0.109257
0.803797,-0.167574,0.233215;0.794227,0.454945,0.387286,-0.110628
0.796955,-0.161053,0.228907;0.802782,0.427356,0.400458,-0.111989
0.790195,-0.154561,0.22504;0.811013,0.397453,0.414062,-0.113316
0.783313,-0.147883,0.221639;0.81916,0.363269,0.428798,-0.114654
0.776338,-0.141006,0.219019;0.827158,0.322723,0.4452,-0.116003
0.769206,-0.133762,0.217928;0.835034,0.269665,0.46499,-0.1174
0.762985,-0.126859,0.221261;0.841585,0.191515,0.490874,-0.11874
0.762139,-0.124674,0.230722;0.856985,0.121866,0.489857,-0.103758
0.764611,-0.125807,0.240793;0.87293,0.0780679,0.474148,-0.0841521
0.767929,-0.127893,0.250013;0.883285,0.0450692,0.461492,-0.06929
0.771828,-0.130533,0.259285;0.891321,0.0156757,0.44963,-0.0559867
0.775907,-0.133382,0.268149;0.897441,-0.0100608,0.438791,-0.0442885
0.780204,-0.136427,0.276948;0.902357,-0.033951,0.42835,-0.0333879
0.784566,-0.13954,0.285511;0.906237,-0.0559792,0.4184,-0.0233011
0.789274,-0.142909,0.294453;0.909481,-0.077968,0.408157,-0.0131981
0.793864,-0.146191,0.30295;0.911894,-0.0980769,0.398515,-0.00392863
0.798691,-0.149631,0.311701;0.913771,-0.118128,0.388639,0.00534313
0.803727,-0.153203,0.320674;0.915109,-0.138109,0.378534,0.0146117
0.808465,-0.156542,0.328998;0.915858,-0.156204,0.369154,0.0230304
0.813336,-0.159948,0.337457;0.91616,-0.174223,0.359594,0.0314379
0.818319,-0.1634,0.346026;0.916017,-0.192157,0.34986,0.0398301
0.823395,-0.16688,0.354683;0.915428,-0.209997,0.339954,0.0482029
0.828544,-0.170365,0.363403;0.914393,-0.227735,0.329884,0.0565522
0.833748,-0.173838,0.372163;0.912914,-0.245362,0.319652,0.0648739
0.838985,-0.177276,0.380939;0.910989,-0.26287,0.309266,0.0731641
0.844237,-0.180661,0.389709;0.908621,-0.28025,0.298728,0.0814187
0.849483,-0.183973,0.398447;0.905811,-0.297493,0.288045,0.0896337
0.854705,-0.187191,0.407131;0.90256,-0.314591,0.277222,0.097805
0.859883,-0.190295,0.415737;0.898869,-0.331537,0.266264,0.105929
0.864997,-0.193265,0.424242;0.894741,-0.348321,0.255176,0.114001
0.870027,-0.196082,0.432621;0.890177,-0.364935,0.243964,0.122017
0.87544,-0.198978,0.441665;0.884657,-0.383005,0.231494,0.130767
0.880702,-0.201638,0.450498;0.878615,-0.40085,0.218888,0.139439
0.885787,-0.204034,0.459088;0.872056,-0.418458,0.206152,0.14803
0.891102,-0.206315,0.468145;0.864314,-0.437386,0.192121,0.157301
0.896141,-0.208216,0.476835;0.855967,-0.456007,0.177955,0.166463
0.901249,-0.209806,0.485788;0.846247,-0.475819,0.162468,0.176256
0.906295,-0.210923,0.494834;0.835001,-0.496717,0.14564,0.18664
0.911117,-0.211374,0.503771;0.822068,-0.51858,0.127457,0.197567
0.91577,-0.210869,0.512854;0.806323,-0.542671,0.106682,0.20969
0.920012,-0.208763,0.521968;0.786349,-0.570034,0.0820501,0.223573
0.923136,-0.203864,0.530409;0.760362,-0.601399,0.0522856,0.239655
0.923832,-0.195727,0.535973;0.731027,-0.632277,0.0211262,0.255692
0.922045,-0.18576,0.537855;0.70337,-0.657861,-0.00635031,0.269163
0.918987,-0.176117,0.53721;0.68086,-0.676573,-0.0275753,0.27914
0.915295,-0.166828,0.535215;0.661601,-0.691268,-0.0450269,0.287062
0.911244,-0.157853,0.532398;0.644591,-0.70334,-0.0599518,0.293634
0.90678,-0.148772,0.528883;0.628601,-0.713973,-0.0735963,0.299478
0.902077,-0.139785,0.524886;0.613742,-0.723275,-0.085963,0.304638
0.897322,-0.131117,0.520633;0.602421,-0.733497,-0.0804414,0.304304
0.892228,-0.122155,0.515909;0.591611,-0.743593,-0.0722274,0.303067
0.887414,-0.113911,0.511321;0.582012,-0.752252,-0.065023,0.301913
0.882286,-0.105313,0.506328;0.572285,-0.760745,-0.0578043,0.300692
0.877656,-0.0976777,0.501741;0.563847,-0.767892,-0.0516067,0.299593
0.872821,-0.0898119,0.496882;0.555318,-0.774914,-0.0454007,0.298445
0.867794,-0.0817286,0.491761;0.546699,-0.781811,-0.0391873,0.297249
0.862585,-0.0734412,0.486392;0.537991,-0.788581,-0.0329676,0.296005
0.857206,-0.064963,0.480784;0.529197,-0.795223,-0.0267426,0.294713
0.85167,-0.0563073,0.47495;0.520317,-0.801737,-0.0205132,0.293373
0.846945,-0.0489683,0.469924;0.512852,-0.807066,-0.0153195,0.29222
0.842125,-0.041523,0.464755;0.50533,-0.812304,-0.010124,0.291035
0.837218,-0.0339792,0.459451;0.49775,-0.817451,-0.00492744,0.289817
0.832229,-0.0263445,0.454017;0.490115,-0.822506,0.000269699,0.288566
0.827167,-0.0186267,0.44846;0.482425,-0.827469,0.00546681,0.287282
0.822037,-0.0108335,0.442787;0.474681,-0.832339,0.0106633,0.285967
0.816846,-0.00297269,0.437006;0.466883,-0.837115,0.0158586,0.284619
0.811602,0.00494812,0.431121;0.459033,-0.841796,0.0210521,0.283239
0.806311,0.0129212,0.42514;0.451131,-0.846384,0.0262432,0.281828
0.800979,0.0209387,0.41907;0.443178,-0.850876,0.0314314,0.280384
0.795615,0.0289931,0.412917;0.435176,-0.855272,0.0366161,0.27891
0.790223,0.0370766,0.406688;0.427125,-0.859573,0.0417966,0.277403
0.784812,0.0451814,0.400389;0.419025,-0.863776,0.0469725,0.275866
0.779388,0.0532999,0.394028;0.410879,-0.867883,0.0521431,0.274298
0.773958,0.0614243,0.38761;0.402686,-0.871892,0.0573078,0.272698
0.768529,0.0695469,0.381143;0.394448,-0.875803,0.062466,0.271069
0.763107,0.07766,0.374633;0.386166,-0.879615,0.0676173,0.269408
0.757699,0.0857559,0.368087;0.37784,-0.883329,0.0727609,0.267718
0.752313,0.0938269,0.361511;0.369472,-0.886943,0.0778963,0.265997
0.746954,0.101865,0.354912;0.361062,-0.890458,0.083023,0.264246
0.74163,0.109863,0.348297;0.352612,-0.893872,0.0881404,0.262466
0.736347,0.117813,0.341672;0.344122,-0.897186,0.0932479,0.260656
0.731113,0.125707,0.335044;0.335594,-0.900399,0.0983448,0.258817
0.725934,0.133537,0.328419;0.327027,-0.903511,0.103431,0.256949
0.720816,0.141297,0.321805;0.318424,-0.906522,0.108505,0.255052
0.715767,0.148977,0.315208;0.309785,-0.90943,0.113567,0.253126
0.710794,0.156571,0.308634;0.301112,-0.912236,0.118616,0.251172
0.705903,0.16407,0.30209;0.292404,-0.91494,0.123652,0.249189
0.701101,0.171467,0.295583;0.283664,-0.91754,0.128675,0.247179
0.696395,0.178754,0.28912;0.274891,-0.920038,0.133682,0.24514
0.691791,0.185924,0.282706;0.266088,-0.922432,0.138675,0.243075
0.687297,0.192968,0.27635;0.257255,-0.924723,0.143652,0.240981
0.682919,0.19988,0.270057;0.248393,-0.926909,0.148613,0.238861
0.678665,0.20665,0.263834;0.239503,-0.928992,0.153557,0.236714
0.673731,0.214578,0.256468;0.228799,-0.931352,0.159467,0.234102
0.668996,0.22228,0.249223;0.218059,-0.933563,0.165351,0.231453
0.664472,0.22974,0.242113;0.207283,-0.935622,0.171209,0.228766
0.66017,0.236947,0.235147;0.196474,-0.937529,0.177039,0.226042
0.656101,0.243887,0.228337;0.185632,-0.939285,0.18284,0.223281
0.652279,0.250547,0.221696;0.174761,-0.940888,0.188611,0.220484
0.648146,0.257944,0.214174;0.162042,-0.942567,0.195306,0.217176
0.644382,0.26492,0.206915;0.149288,-0.944038,0.201958,0.21382
0.641005,0.271454,0.199937;0.136501,-0.9453,0.208565,0.210417
0.637646,0.278353,0.192328;0.12185,-0.946488,0.21606,0.206471
0.634535,0.285352,0.184269;0.105326,-0.947499,0.224417,0.201961
0.631957,0.292127,0.17598;0.0869216,-0.948218,0.233607,0.196864
0.63025,0.298294,0.167735;0.0666318,-0.948516,0.243595,0.191155
0.629855,0.303734,0.159263;0.0426071,-0.948202,0.255227,0.184274
0.632181,0.307612,0.150447;0.0111442,-0.946705,0.270144,0.175065
0.639374,0.3071,0.143688;-0.0258866,-0.943369,0.287242,0.16394
0.648179,0.302834,0.141424;-0.0536327,-0.939753,0.299729,0.155402
0.656614,0.297455,0.141408;-0.073947,-0.936497,0.308693,0.149041
0.664816,0.291574,0.142486;-0.0905383,-0.933454,0.315903,0.143775
0.673125,0.285188,0.144301;-0.105259,-0.930463,0.322216,0.139051
0.681203,0.278681,0.146575;-0.118114,-0.927627,0.327663,0.134884
0.688744,0.272402,0.149047;-0.129113,-0.925033,0.332275,0.131289
0.696865,0.265463,0.152014;-0.14009,-0.922289,0.336833,0.127673
0.705578,0.257851,0.155487;-0.151045,-0.919396,0.341336,0.124036
0.7133,0.250982,0.158777;-0.160156,-0.916872,0.345047,0.12099
0.721448,0.243629,0.162433;-0.169248,-0.914244,0.348719,0.11793
0.73003,0.235783,0.166462;-0.178322,-0.911514,0.352352,0.114857
0.737212,0.229147,0.169958;-0.185566,-0.909256,0.355229,0.112389
0.744678,0.222186,0.173701;-0.192797,-0.906932,0.358082,0.109913
0.752433,0.214897,0.177693;-0.200014,-0.904543,0.360908,0.107429
0.760481,0.207276,0.181939;-0.207217,-0.90209,0.363708,0.104938
0.768823,0.199319,0.186441;-0.214405,-0.899571,0.366482,0.102439
0.777465,0.191022,0.191203;-0.221577,-0.896987,0.36923,0.0999322
0.784145,0.184574,0.194947;-0.226946,-0.895007,0.371274,0.0980476
0.790996,0.17793,0.198841;-0.232306,-0.892991,0.373302,0.0961591
0.79802,0.17109,0.202885;-0.237656,-0.890939,0.375315,0.0942667
0.805219,0.164052,0.207083;-0.242997,-0.88885,0.377314,0.0923704
0.812593,0.156813,0.211434;-0.248328,-0.886726,0.379296,0.0904705
0.820146,0.149372,0.21594;-0.253648,-0.884566,0.381264,0.0885668
0.827877,0.141728,0.220603;-0.258959,-0.88237,0.383216,0.0866596
0.835788,0.133879,0.225425;-0.264259,-0.880138,0.385153,0.0847489
0.843882,0.125823,0.230406;-0.269548,-0.87787,0.387073,0.0828347
