0.69396,0.260354,0.326982;0.669077,0.166795,0.723898,0.0220798
0.695918,0.270426,0.328823;0.671188,0.17207,0.720699,0.022154
0.697866,0.280297,0.330656;0.673271,0.177338,0.71747,0.0222273
0.699805,0.289968,0.332483;0.675326,0.182599,0.71421,0.0222996
0.702375,0.302554,0.334908;0.67802,0.189601,0.709816,0.0223945
0.704928,0.31479,0.337321;0.680663,0.196588,0.705369,0.0224878
0.707464,0.326679,0.339722;0.683255,0.203561,0.700868,0.0225793
0.709984,0.338223,0.34211;0.685795,0.210519,0.696314,0.0226692
0.712486,0.349426,0.344486;0.688283,0.21746,0.691708,0.0227573
0.714972,0.36029,0.346849;0.690719,0.224385,0.687049,0.0228437
0.717441,0.370819,0.3492;0.693103,0.231293,0.682338,0.0229284
0.719893,0.381014,0.351539;0.695435,0.238184,0.677576,0.0230114
0.722329,0.390879,0.353865;0.697714,0.245056,0.672763,0.0230926
0.724748,0.400418,0.356178;0.69994,0.25191,0.667898,0.023172
0.727748,0.411885,0.359052;0.702649,0.260451,0.661747,0.0232689
0.730722,0.422851,0.361906;0.705274,0.268961,0.655517,0.023363
0.73367,0.433322,0.364739;0.707816,0.277439,0.64921,0.0234544
0.736592,0.443304,0.367553;0.710274,0.285884,0.642827,0.0235429
0.739489,0.452801,0.370347;0.712649,0.294296,0.636367,0.0236288
0.742931,0.463566,0.373673;0.715387,0.304344,0.628516,0.023728
0.746336,0.473653,0.376969;0.718004,0.31434,0.620559,0.0238233
0.749704,0.483069,0.380236;0.720498,0.324283,0.612496,0.0239145
0.753587,0.493222,0.38401;0.723254,0.335812,0.602957,0.0240157
0.75742,0.502493,0.387743;0.725842,0.347265,0.593279,0.0241114
0.761739,0.512027,0.391959;0.728593,0.360254,0.58205,0.0242139
0.765994,0.520451,0.396122;0.731125,0.373135,0.570645,0.0243091
0.770703,0.528632,0.40074;0.733708,0.387491,0.557609,0.0244074
0.775841,0.536148,0.40579;0.736249,0.403267,0.542873,0.0245057
0.781376,0.542556,0.411246;0.738643,0.420401,0.526369,0.0246004
0.787763,0.547696,0.417558;0.740927,0.44034,0.506476,0.0246943
0.794924,0.550476,0.424656;0.742827,0.462908,0.483021,0.024778
0.80232,0.549884,0.432006;0.743984,0.486438,0.457438,0.0248383
0.809026,0.546153,0.438688;0.744251,0.507963,0.43295,0.0248675
0.815088,0.540036,0.444738;0.743786,0.527567,0.409679,0.024871
0.820134,0.532865,0.449779;0.74284,0.543981,0.38943,0.0248556
0.824638,0.524797,0.454283;0.741528,0.558703,0.370635,0.0248266
0.828633,0.516275,0.458278;0.739968,0.57181,0.353364,0.024788
0.832533,0.506668,0.462178;0.738058,0.584647,0.335927,0.0247376
0.835962,0.497132,0.465606;0.736041,0.595964,0.320097,0.0246823
0.838946,0.487975,0.468588;0.734011,0.605832,0.305923,0.0246252
0.84187,0.478202,0.471508;0.73176,0.615517,0.291657,0.0245607
0.844735,0.467835,0.474365;0.729287,0.625015,0.277302,0.0244887
0.847192,0.458296,0.476813;0.726942,0.633172,0.264673,0.0244196
0.849605,0.448336,0.479214;0.72443,0.641182,0.251982,0.0243449
0.851972,0.43797,0.481565;0.721749,0.649043,0.239234,0.0242646
0.854294,0.427214,0.483867;0.718901,0.656754,0.226429,0.0241786
0.856571,0.416084,0.486121;0.715887,0.664313,0.213573,0.0240871
0.858487,0.406256,0.488013;0.713171,0.67067,0.202513,0.0240041
0.86037,0.396175,0.489868;0.710335,0.676913,0.191419,0.0239171
0.86222,0.385849,0.491687;0.707377,0.683041,0.180293,0.0238261
0.864038,0.375289,0.493469;0.704299,0.689052,0.169136,0.023731
0.865824,0.364503,0.495214;0.701101,0.694946,0.15795,0.0236318
0.867577,0.353503,0.496922;0.697784,0.700722,0.146737,0.0235286
0.869298,0.342296,0.498593;0.694348,0.706379,0.135499,0.0234214
0.870986,0.330894,0.500226;0.690794,0.711916,0.124239,0.0233103
0.872642,0.319306,0.501822;0.687123,0.717332,0.112957,0.0231951
0.874267,0.307541,0.50338;0.683335,0.722625,0.101656,0.0230761
0.875596,0.29761,0.504649;0.680089,0.726943,0.0922248,0.0229738
0.876903,0.287568,0.505891;0.676763,0.731174,0.0827831,0.0228689
0.878188,0.277423,0.507107;0.673357,0.735319,0.0733315,0.0227612
0.879451,0.267178,0.508297;0.669872,0.739378,0.0638713,0.0226509
0.880692,0.25684,0.50946;0.666307,0.743349,0.0544035,0.0225379
0.881911,0.246414,0.510596;0.662664,0.747232,0.0449293,0.0224222
0.883108,0.235907,0.511705;0.658942,0.751027,0.0354498,0.0223039
0.884283,0.225324,0.512786;0.655142,0.754733,0.0259661,0.022183
0.885437,0.214669,0.513841;0.651266,0.75835,0.0164794,0.0220594
0.886569,0.20395,0.514869;0.647312,0.761878,0.00699068,0.0219332
0.88768,0.193172,0.515869;0.643281,0.765315,-0.00249885,0.0218044
0.888768,0.182339,0.516842;0.639175,0.768662,-0.0119881,0.0216731
0.889836,0.171459,0.517787;0.634993,0.771918,-0.0214759,0.0215392
0.890882,0.160536,0.518705;0.630737,0.775084,-0.0309612,0.0214027
0.891906,0.149576,0.519595;0.626405,0.778157,-0.0404428,0.0212637
0.892909,0.138586,0.520458;0.622,0.781139,-0.0499196,0.0211222
0.893891,0.127569,0.521292;0.617521,0.784028,-0.0593906,0.0209783
0.894851,0.116533,0.522098;0.61297,0.786825,-0.0688545,0.0208318
0.895859,0.104663,0.522933;0.609334,0.788892,-0.0772682,0.0197697
0.89695,0.0914789,0.523822;0.609109,0.78872,-0.0815653,0.0159826
0.89801,0.078286,0.524671;0.608863,0.788521,-0.0858598,0.012195
0.89904,0.0650896,0.52548;0.608597,0.788297,-0.0901515,0.0084069
0.900041,0.0518941,0.526249;0.608311,0.788046,-0.0944402,0.00461857
0.901011,0.0387044,0.52698;0.608006,0.78777,-0.0987258,0.000830083
0.901952,0.025525,0.527671;0.60768,0.787468,-0.103008,-0.00295843
0.902864,0.0123605,0.528323;0.607334,0.78714,-0.107287,-0.00674685
0.903746,-0.000784253,0.528936;0.606968,0.786786,-0.111562,-0.010535
0.904598,-0.0139047,0.52951;0.606583,0.786406,-0.115834,-0.0143229
0.905421,-0.0269962,0.530046;0.606177,0.786,-0.120102,-0.0181103
0.906215,-0.0400541,0.530543;0.605752,0.785569,-0.124366,-0.021897
0.906979,-0.0530737,0.531003;0.605306,0.785111,-0.128626,-0.0256831
0.907714,-0.0660504,0.531423;0.604841,0.784628,-0.132882,-0.0294683
0.90842,-0.0789795,0.531806;0.604356,0.784119,-0.137133,-0.0332526
0.909097,-0.0918564,0.532151;0.60385,0.783585,-0.14138,-0.0370357
0.909745,-0.104676,0.532459;0.603325,0.783024,-0.145622,-0.0408177
0.910364,-0.117435,0.532729;0.602781,0.782438,-0.149859,-0.0445983
0.910954,-0.130127,0.532961;0.602216,0.781826,-0.154092,-0.0483774
0.911516,-0.142748,0.533156;0.601631,0.781188,-0.158319,-0.0521549
0.912048,-0.155294,0.533314;0.601027,0.780524,-0.162541,-0.0559307
0.912552,-0.16776,0.533435;0.600403,0.779835,-0.166758,-0.0597047
0.913027,-0.180141,0.53352;0.599759,0.779121,-0.17097,-0.0634767
0.913474,-0.192432,0.533567;0.599096,0.77838,-0.175175,-0.0672467
0.913893,-0.204629,0.533578;0.598413,0.777614,-0.179375,-0.0710144
0.914282,-0.216727,0.533553;0.59771,0.776823,-0.183569,-0.0747798
0.914644,-0.228722,0.533492;0.596987,0.776005,-0.187757,-0.0785427
0.914977,-0.240609,0.533394;0.596245,0.775163,-0.191939,-0.082303
0.915282,-0.252383,0.533261;0.595483,0.774295,-0.196115,-0.0860607
0.915559,-0.26404,0.533092;0.594702,0.773401,-0.200284,-0.0898155
0.915808,-0.275574,0.532887;0.593901,0.772482,-0.204446,-0.0935673
0.916029,-0.286982,0.532647;0.593081,0.771538,-0.208602,-0.0973161
0.916222,-0.298258,0.532371;0.592241,0.770568,-0.212751,-0.101062
0.916387,-0.309399,0.532061;0.591381,0.769573,-0.216893,-0.104804
0.916524,-0.320398,0.531715;0.590502,0.768552,-0.221027,-0.108543
0.916634,-0.331252,0.531335;0.589604,0.767506,-0.225155,-0.112278
0.916715,-0.341957,0.530919;0.588686,0.766435,-0.229275,-0.116009
0.91677,-0.352506,0.53047;0.587749,0.765339,-0.233388,-0.119737
0.916796,-0.362896,0.529985;0.586793,0.764218,-0.237492,-0.123461
0.916796,-0.373123,0.529467;0.585817,0.763071,-0.241589,-0.127181
0.916768,-0.38318,0.528914;0.584822,0.7619,-0.245679,-0.130896
0.916694,-0.395508,0.528176;0.583551,0.7604,-0.250779,-0.135535
0.916578,-0.407556,0.527385;0.582251,0.758861,-0.255866,-0.140166
0.916419,-0.419315,0.526541;0.58092,0.757283,-0.26094,-0.14479
0.916218,-0.430776,0.525645;0.579559,0.755667,-0.266,-0.149407
0.915975,-0.441929,0.524698;0.578169,0.754011,-0.271047,-0.154016
0.91569,-0.452767,0.523698;0.576749,0.752317,-0.27608,-0.158617
0.915363,-0.463279,0.522648;0.5753,0.750584,-0.281099,-0.16321
0.914994,-0.473457,0.521546;0.57382,0.748812,-0.286103,-0.167795
0.914497,-0.485216,0.520157;0.572006,0.746636,-0.292089,-0.173285
0.91394,-0.496464,0.518696;0.57015,0.744404,-0.298053,-0.178762
0.913323,-0.507186,0.517162;0.568252,0.742117,-0.303995,-0.184226
0.912647,-0.517367,0.515558;0.566311,0.739775,-0.309915,-0.189677
0.911783,-0.528539,0.513595;0.563994,0.736974,-0.316792,-0.196018
0.91084,-0.538926,0.511537;0.56162,0.734098,-0.323638,-0.202339
0.909664,-0.549806,0.509069;0.558838,0.730721,-0.331421,-0.209539
0.908385,-0.559593,0.506478;0.555983,0.727248,-0.33916,-0.21671
0.906823,-0.569249,0.503417;0.552683,0.723227,-0.347814,-0.224745
0.904738,-0.579029,0.49947;0.548525,0.718148,-0.358312,-0.234513
0.902026,-0.587597,0.494515;0.543435,0.711916,-0.370604,-0.245983
0.898078,-0.593659,0.487571;0.536494,0.703393,-0.386482,-0.260852
0.892859,-0.59288,0.478743;0.527921,0.692832,-0.404869,-0.278145
0.888615,-0.586544,0.471783;0.549736,0.681697,-0.381104,-0.296378
0.885268,-0.578774,0.466392;0.572348,0.671541,-0.353276,-0.310879
0.882308,-0.570261,0.461676;0.590851,0.662064,-0.329176,-0.322814
0.879618,-0.561385,0.457424;0.606611,0.653066,-0.307594,-0.333037
0.877049,-0.552014,0.453386;0.620828,0.644138,-0.287202,-0.342307
0.874619,-0.542426,0.449584;0.633594,0.635395,-0.268064,-0.350675
0.872342,-0.532862,0.446032;0.644998,0.626944,-0.250237,-0.35819
0.870231,-0.523526,0.442746;0.655126,0.61888,-0.233769,-0.364897
0.868099,-0.513675,0.439434;0.664937,0.610516,-0.217187,-0.371428
0.866147,-0.504298,0.436403;0.673577,0.602656,-0.202022,-0.377209
0.864182,-0.494542,0.433356;0.681948,0.594556,-0.186776,-0.382839
0.862209,-0.484429,0.430295;0.690046,0.586217,-0.171456,-0.388316
0.860229,-0.47398,0.427223;0.697868,0.577644,-0.156066,-0.393638
0.858443,-0.464307,0.424451;0.704669,0.569731,-0.142163,-0.398293
0.856655,-0.454397,0.421673;0.711242,0.561634,-0.128213,-0.402819
0.854867,-0.444264,0.418892;0.717585,0.553354,-0.114221,-0.407215
0.85308,-0.433925,0.416109;0.723696,0.544895,-0.100193,-0.411479
0.851298,-0.423396,0.413326;0.729572,0.53626,-0.0861321,-0.41561
0.84952,-0.412693,0.410546;0.735211,0.527451,-0.0720434,-0.419606
0.847945,-0.403045,0.408077;0.740025,0.519478,-0.0595004,-0.423044
0.846378,-0.393284,0.405613;0.744649,0.511371,-0.0469421,-0.426373
0.844818,-0.38342,0.403154;0.749082,0.503134,-0.0343718,-0.429594
0.843268,-0.373465,0.400702;0.753324,0.494768,-0.0217928,-0.432705
0.841727,-0.363429,0.398258;0.757373,0.486275,-0.00920813,-0.435705
0.840199,-0.353324,0.395824;0.761228,0.477658,0.00337887,-0.438593
0.838683,-0.343162,0.3934;0.764888,0.468918,0.015965,-0.441369
0.837182,-0.332953,0.390989;0.768353,0.460059,0.0285471,-0.444033
0.835696,-0.322708,0.38859;0.771621,0.451082,0.0411218,-0.446582
0.834226,-0.312439,0.386206;0.774691,0.441989,0.053686,-0.449018
0.832774,-0.302157,0.383838;0.777564,0.432783,0.0662365,-0.451338
0.831341,-0.291873,0.381487;0.780237,0.423467,0.0787701,-0.453543
0.829929,-0.281599,0.379154;0.782711,0.414042,0.0912834,-0.455632
0.828538,-0.271345,0.376841;0.784984,0.404512,0.103773,-0.457604
0.827169,-0.261123,0.374549;0.787056,0.394877,0.116237,-0.45946
0.825825,-0.250944,0.372279;0.788928,0.385142,0.128671,-0.461197
0.824506,-0.240819,0.370032;0.790597,0.375308,0.141071,-0.462817
0.823213,-0.230759,0.367811;0.792064,0.365378,0.153436,-0.464318
0.821948,-0.220776,0.365615;0.793328,0.355355,0.165762,-0.4657
0.820711,-0.210881,0.363446;0.794389,0.345241,0.178045,-0.466964
0.819505,-0.201085,0.361306;0.795247,0.335038,0.190282,-0.468107
0.818186,-0.190196,0.358935;0.795969,0.323458,0.203991,-0.469251
0.816908,-0.179463,0.356603;0.796433,0.311772,0.217634,-0.470242
0.815673,-0.168901,0.354312;0.796639,0.299986,0.231206,-0.471082
0.814483,-0.158526,0.352065;0.796587,0.288103,0.244703,-0.471768
0.813339,-0.148355,0.349862;0.796278,0.276127,0.258121,-0.472302
0.812244,-0.138403,0.347707;0.79571,0.264061,0.271456,-0.472683
0.811087,-0.127621,0.345369;0.794777,0.250554,0.286169,-0.472927
0.809993,-0.117152,0.343094;0.793526,0.236947,0.300767,-0.472981
0.808967,-0.107016,0.340884;0.791958,0.223245,0.315245,-0.472847
0.808009,-0.0972367,0.338742;0.790074,0.209454,0.329597,-0.472523
0.807039,-0.0869165,0.336466;0.787636,0.194188,0.345232,-0.471949
0.806158,-0.0770824,0.334279;0.784817,0.178827,0.3607,-0.471147
0.805304,-0.0669432,0.331997;0.781308,0.161972,0.377375,-0.470011
0.804508,-0.056695,0.329653;0.777,0.143607,0.395194,-0.468476
0.803807,-0.0465682,0.327283;0.771773,0.123722,0.414084,-0.466469
0.803244,-0.0368316,0.32493;0.765502,0.102308,0.433963,-0.463912
0.802836,-0.02677,0.322372;0.757069,0.0764926,0.457302,-0.460294
0.802752,-0.0171139,0.319677;0.748022,0.059099,0.478375,-0.456211
0.803527,-0.00765344,0.316373;0.745438,0.107781,0.475418,-0.454624
0.808896,-0.00848323,0.313107;0.732505,0.220172,0.464122,-0.446713
0.812888,-0.0178991,0.313751;0.722684,0.274267,0.456377,-0.440711
0.81628,-0.0277251,0.315192;0.713837,0.314286,0.449633,-0.435307
0.819288,-0.0372623,0.317015;0.705507,0.347217,0.44341,-0.430219
0.822192,-0.0469586,0.319225;0.696957,0.377571,0.437114,-0.424998
0.82493,-0.0564086,0.321714;0.688354,0.405399,0.430852,-0.419746
0.827672,-0.0660676,0.324621;0.679122,0.432856,0.424196,-0.414109
0.830381,-0.0757204,0.327945;0.669269,0.459917,0.417151,-0.408093
0.833019,-0.0851515,0.331684;0.658803,0.486557,0.409725,-0.401704
0.835552,-0.0941458,0.335836;0.647733,0.512752,0.401924,-0.394948
0.838118,-0.103097,0.340766;0.63515,0.540436,0.393112,-0.387267
0.840631,-0.111542,0.346574;0.62092,0.569461,0.383207,-0.378582
0.842982,-0.11888,0.353365;0.604909,0.599655,0.372128,-0.36881
0.845134,-0.124585,0.361736;0.585894,0.632627,0.359048,-0.357206
0.846739,-0.12707,0.371406;0.564709,0.666226,0.344558,-0.344278
0.847525,-0.125474,0.381352;0.543619,0.696856,0.33021,-0.331409
0.847563,-0.120788,0.390219;0.525315,0.721449,0.317809,-0.320239
0.847096,-0.113985,0.398328;0.508932,0.742053,0.306747,-0.310243
0.84631,-0.106072,0.405494;0.494706,0.758958,0.297168,-0.301563
0.845383,-0.0980307,0.411565;0.482824,0.77242,0.289185,-0.294313
0.844334,-0.0896364,0.417118;0.472085,0.784101,0.281983,-0.287761
0.843121,-0.0804282,0.422591;0.483672,0.778441,0.284679,-0.281154
0.841862,-0.0712293,0.427631;0.498877,0.769314,0.289179,-0.27505
0.84062,-0.0623937,0.432196;0.512237,0.760961,0.293088,-0.269539
0.839267,-0.0529933,0.436838;0.525447,0.752383,0.296912,-0.263948
0.837813,-0.0430812,0.441554;0.538502,0.743585,0.300648,-0.258279
0.836461,-0.0340301,0.445738;0.549795,0.735707,0.303845,-0.253257
0.835042,-0.0246633,0.449974;0.560965,0.727663,0.306973,-0.248178
0.833558,-0.0150165,0.45426;0.572008,0.719456,0.310032,-0.243043
0.832016,-0.00512522,0.458593;0.582922,0.711087,0.313022,-0.237853
0.830419,0.00497504,0.462973;0.593706,0.702558,0.315941,-0.232609
0.828772,0.0152487,0.467395;0.604356,0.693871,0.318789,-0.227314
0.827081,0.0256602,0.47186;0.61487,0.685027,0.321565,-0.221967
0.825349,0.0361741,0.476363;0.625245,0.676029,0.324269,-0.21657
0.823582,0.0467547,0.480904;0.63548,0.66688,0.3269,-0.211125
0.822042,0.05585,0.484824;0.644139,0.658917,0.329096,-0.206419
0.820483,0.0649458,0.488769;0.652691,0.650846,0.331238,-0.20168
0.818907,0.0740198,0.492737;0.661136,0.642668,0.333325,-0.196907
0.81705,0.0845487,0.497394;0.670849,0.632992,0.335691,-0.191297
0.81518,0.0949818,0.502078;0.680412,0.623173,0.337981,-0.185645
0.8133,0.105284,0.506788;0.689821,0.613214,0.340195,-0.17995
0.811415,0.115419,0.511522;0.699076,0.603118,0.342332,-0.174215
0.80953,0.125351,0.516277;0.708173,0.592885,0.344392,-0.168441
0.80765,0.135046,0.521051;0.71711,0.582519,0.346375,-0.162629
0.805779,0.144467,0.525843;0.725887,0.572022,0.34828,-0.156781
0.803921,0.153579,0.530649;0.7345,0.561396,0.350107,-0.150897
0.802083,0.162347,0.535469;0.742947,0.550644,0.351854,-0.144979
0.80001,0.171899,0.54099;0.752397,0.538205,0.353755,-0.138176
0.797975,0.180902,0.546522;0.761625,0.525607,0.355551,-0.131332
0.795984,0.189303,0.552063;0.77063,0.512854,0.357243,-0.12445
0.793806,0.197967,0.558301;0.780489,0.498328,0.359021,-0.116664
0.791703,0.205725,0.564542;0.790058,0.483616,0.360665,-0.108834
0.789467,0.213192,0.571472;0.800345,0.467059,0.362335,-0.100087
0.787144,0.219883,0.579084;0.811236,0.448599,0.363979,-0.090413
0.784794,0.225206,0.587365;0.822603,0.428176,0.365542,-0.0798018
0.782328,0.228577,0.596983;0.835177,0.403993,0.36706,-0.0673559
0.780054,0.228488,0.607218;0.847814,0.377679,0.36832,-0.0539541
0.778316,0.224648,0.616687;0.858818,0.352767,0.369152,-0.0413951
0.777149,0.21825,0.624726;0.867635,0.331161,0.369601,-0.0306002
0.776424,0.210591,0.631363;0.874545,0.312987,0.369789,-0.0215887
0.775975,0.201796,0.637282;0.880421,0.296508,0.369812,-0.0134697
0.775746,0.192404,0.642497;0.885368,0.281767,0.369718,-0.00624855
0.775683,0.182926,0.647022;0.889484,0.2688,0.369546,7.15488e-05
0.775752,0.172234,0.651508;0.8934,0.255773,0.369291,0.00639163
0.775922,0.162078,0.655322;0.896596,0.244562,0.369006,0.0118077
0.776195,0.150982,0.659104;0.899644,0.233309,0.36866,0.0172219
0.776505,0.141002,0.662232;0.902071,0.223903,0.368325,0.0217316
0.77689,0.13034,0.665336;0.904394,0.214471,0.367948,0.0262388
0.777353,0.118984,0.668416;0.906613,0.205014,0.367529,0.0307429
0.777896,0.106922,0.671472;0.908728,0.195533,0.367068,0.0352436
0.778388,0.0967539,0.673899;0.910344,0.187933,0.366668,0.0388412
0.778934,0.0861187,0.676308;0.911894,0.180318,0.366242,0.0424359
0.779533,0.0750096,0.678701;0.913377,0.172691,0.365788,0.0460276
0.780186,0.0634197,0.681076;0.914793,0.165051,0.365308,0.0496158
0.780895,0.0513426,0.683433;0.916142,0.157398,0.364801,0.0532005
0.781661,0.0387716,0.685772;0.917423,0.149734,0.364267,0.0567812
0.782483,0.0257,0.688093;0.918637,0.142059,0.363707,0.0603577
0.783138,0.0155638,0.689821;0.919503,0.136296,0.363269,0.0630372
0.783826,0.0051396,0.691538;0.920331,0.130527,0.362815,0.0657141
0.784548,-0.00557552,0.693244;0.921121,0.124753,0.362347,0.0683883
0.785303,-0.0165843,0.694938;0.921873,0.118974,0.361864,0.0710596
0.786092,-0.0278896,0.696622;0.922587,0.11319,0.361366,0.0737281
0.786916,-0.0394942,0.698294;0.923263,0.107401,0.360853,0.0763934
0.787774,-0.0514008,0.699954;0.9239,0.101608,0.360326,0.0790556
0.788668,-0.0636123,0.701602;0.9245,0.0958101,0.359783,0.0817146
0.789598,-0.0761315,0.703238;0.925061,0.0900086,0.359225,0.0843702
0.790563,-0.0889612,0.704863;0.925584,0.0842034,0.358653,0.0870222
0.791565,-0.102104,0.706474;0.926068,0.0783947,0.358066,0.0896707
0.792604,-0.115563,0.708074;0.926515,0.0725827,0.357463,0.0923155
0.793679,-0.129341,0.70966;0.926923,0.0667678,0.356847,0.0949565
0.794792,-0.143441,0.711234;0.927293,0.0609501,0.356215,0.0975935
0.795943,-0.157865,0.712795;0.927624,0.0551299,0.355569,0.100226
0.797132,-0.172616,0.714342;0.927917,0.0493074,0.354908,0.102855
0.797946,-0.182633,0.715367;0.928091,0.0454246,0.354459,0.104606
0.798778,-0.192798,0.716385;0.928248,0.041541,0.354003,0.106354
0.799626,-0.203111,0.717397;0.928388,0.0376566,0.353542,0.1081
0.800493,-0.213574,0.718404;0.928511,0.0337715,0.353073,0.109845
0.801376,-0.224186,0.719404;0.928617,0.0298858,0.352598,0.111587
0.802278,-0.234949,0.720398;0.928706,0.0259995,0.352117,0.113327
