0.935118,-0.248731,0.694123;-0.367842,0.92545,0.0547996,0.0723314
0.927004,-0.254364,0.698054;-0.365952,0.926558,0.0532474,0.0688071
0.919001,-0.259903,0.701921;-0.364054,0.927648,0.0516941,0.0652816
0.911109,-0.265349,0.705723;-0.362149,0.92872,0.0501398,0.0617547
0.903328,-0.270702,0.709461;-0.360236,0.929774,0.0485845,0.0582267
0.895656,-0.275964,0.713136;-0.358317,0.930809,0.0470282,0.0546974
0.884352,-0.283684,0.71853;-0.355425,0.932328,0.0446921,0.0494016
0.873291,-0.2912,0.723783;-0.352517,0.933805,0.0423541,0.0441037
0.862472,-0.298514,0.728897;-0.349594,0.935242,0.0400141,0.0388037
0.851893,-0.305626,0.733871;-0.346655,0.936637,0.0376724,0.0335021
0.841551,-0.312539,0.738708;-0.343701,0.937991,0.0353291,0.0281989
0.831445,-0.319255,0.743409;-0.340732,0.939303,0.0329841,0.0228946
0.821572,-0.325775,0.747974;-0.337747,0.940574,0.0306377,0.0175892
0.811932,-0.332101,0.752406;-0.334748,0.941803,0.02829,0.012283
0.802521,-0.338234,0.756705;-0.331734,0.94299,0.025941,0.0069763
0.793339,-0.344177,0.760872;-0.328705,0.944136,0.0235909,0.00166929
0.784383,-0.349931,0.764909;-0.325662,0.945241,0.0212397,-0.0036378
0.77565,-0.355498,0.768816;-0.322605,0.946303,0.0188876,-0.00894473
0.767141,-0.360879,0.772595;-0.319533,0.947324,0.0165346,-0.0142513
0.758851,-0.366076,0.776248;-0.316447,0.948303,0.0141809,-0.0195572
0.75078,-0.371091,0.779774;-0.313347,0.94924,0.0118266,-0.0248622
0.740354,-0.377497,0.784283;-0.309192,0.950424,0.00868674,-0.0319338
0.730309,-0.383587,0.788573;-0.305013,0.951533,0.00554618,-0.039003
0.72064,-0.389364,0.792647;-0.30081,0.952568,0.00240519,-0.046069
0.711342,-0.394833,0.796507;-0.296583,0.953528,-0.00073599,-0.0531315
0.702411,-0.399997,0.800158;-0.292333,0.954413,-0.00387711,-0.0601898
0.693841,-0.404861,0.803601;-0.28806,0.955223,-0.00701793,-0.0672433
0.683631,-0.410524,0.807616;-0.282687,0.95613,-0.0109432,-0.0760528
0.673971,-0.415732,0.811317;-0.27728,0.956919,-0.014867,-0.0848529
0.664852,-0.420493,0.814709;-0.271838,0.957592,-0.0187891,-0.0936426
0.656264,-0.424814,0.817798;-0.266363,0.958147,-0.0227088,-0.102421
0.646648,-0.429431,0.82111;-0.25975,0.958657,-0.0274088,-0.112938
0.63777,-0.43344,0.824003;-0.253091,0.958998,-0.0321039,-0.123435
0.628323,-0.437368,0.826858;-0.245266,0.959182,-0.0375744,-0.135654
0.6187,-0.440896,0.829457;-0.236251,0.95911,-0.0438151,-0.149579
0.609324,-0.443676,0.831558;-0.22602,0.958669,-0.0508195,-0.165187
0.599125,-0.445504,0.833058;-0.21224,0.957487,-0.0601267,-0.185896
0.58896,-0.444617,0.832774;-0.192464,0.954655,-0.0732376,-0.215004
0.582861,-0.438312,0.828811;-0.167661,0.949289,-0.0892879,-0.250536
0.582625,-0.429982,0.823344;-0.148517,0.94382,-0.101389,-0.277249
0.585017,-0.421168,0.817479;-0.132824,0.938503,-0.111128,-0.298697
0.588328,-0.413234,0.812165;-0.120677,0.933883,-0.118557,-0.315029
0.592336,-0.405293,0.806825;-0.109694,0.929334,-0.125194,-0.329595
0.596673,-0.397638,0.801662;-0.0998944,0.924979,-0.131051,-0.342433
0.6017,-0.389453,0.796129;-0.0900634,0.920334,-0.136868,-0.355163
0.606637,-0.381884,0.791003;-0.081438,0.916032,-0.141922,-0.366211
0.61205,-0.373957,0.785627;-0.0727929,0.911511,-0.146942,-0.377171
0.617914,-0.365693,0.780014;-0.0641304,0.906769,-0.151926,-0.38804
0.623282,-0.358359,0.775027;-0.056693,0.902532,-0.15617,-0.397282
0.628949,-0.350807,0.769888;-0.0492456,0.898135,-0.160386,-0.406454
0.634898,-0.343052,0.764604;-0.0417895,0.89358,-0.164573,-0.415554
0.641116,-0.335106,0.759187;-0.034326,0.888866,-0.168732,-0.42458
0.647585,-0.326984,0.753645;-0.0268564,0.883996,-0.172861,-0.433532
0.653158,-0.320091,0.748938;-0.0206281,0.879817,-0.176278,-0.440933
0.658887,-0.313093,0.744157;-0.0143972,0.875531,-0.179674,-0.44828
0.664762,-0.305998,0.739306;-0.00816461,0.871138,-0.183047,-0.455572
0.670776,-0.298813,0.734392;-0.001931,0.866637,-0.186398,-0.462808
0.676918,-0.291548,0.729419;0.00430286,0.862031,-0.189727,-0.469988
0.68318,-0.284209,0.724393;0.0105362,0.857318,-0.193032,-0.47711
0.689553,-0.276804,0.71932;0.0167682,0.8525,-0.196313,-0.484173
0.696028,-0.269342,0.714205;0.0229982,0.847578,-0.19957,-0.491176
0.702597,-0.26183,0.709053;0.0292253,0.842552,-0.202803,-0.49812
0.70925,-0.254277,0.70387;0.0354489,0.837422,-0.206011,-0.505002
0.715978,-0.24669,0.698661;0.0416681,0.832189,-0.209193,-0.511823
0.722773,-0.239077,0.693431;0.0478822,0.826855,-0.21235,-0.51858
0.730123,-0.230893,0.687807;0.053425,0.823201,-0.214568,-0.522921
0.736498,-0.223837,0.682955;0.0546954,0.826835,-0.212885,-0.517718
0.742911,-0.216775,0.678097;0.0559634,0.830431,-0.211194,-0.512493
0.749359,-0.209711,0.673236;0.0572289,0.833991,-0.209493,-0.507244
0.755838,-0.202647,0.668373;0.0584918,0.837513,-0.207782,-0.501973
0.762345,-0.195587,0.663511;0.0597521,0.840998,-0.206062,-0.49668
0.768876,-0.188535,0.658653;0.0610097,0.844445,-0.204333,-0.491364
0.775428,-0.181492,0.653801;0.0622646,0.847854,-0.202595,-0.486026
0.781997,-0.174464,0.648957;0.0635168,0.851226,-0.200848,-0.480667
0.78858,-0.167451,0.644123;0.0647661,0.854559,-0.199092,-0.475286
0.795173,-0.160459,0.639302;0.0660124,0.857854,-0.197327,-0.469883
0.801773,-0.15349,0.634496;0.0672559,0.861111,-0.195553,-0.46446
0.808376,-0.146547,0.629708;0.0684963,0.86433,-0.19377,-0.459016
0.814978,-0.139633,0.62494;0.0697337,0.867509,-0.191979,-0.453551
0.821577,-0.132752,0.620194;0.0709679,0.87065,-0.190179,-0.448067
0.828169,-0.125907,0.615472;0.072199,0.873752,-0.188371,-0.442562
0.834749,-0.119101,0.610777;0.0734268,0.876815,-0.186554,-0.437037
0.841315,-0.112336,0.606112;0.0746514,0.879839,-0.184729,-0.431493
0.847864,-0.105618,0.601478;0.0758726,0.882823,-0.182895,-0.425929
0.854391,-0.0989472,0.596878;0.0770905,0.885768,-0.181054,-0.420347
0.860893,-0.0923285,0.592314;0.0783049,0.888673,-0.179204,-0.414746
0.867366,-0.0857646,0.587789;0.0795157,0.891539,-0.177346,-0.409126
0.873808,-0.0792588,0.583304;0.0807231,0.894365,-0.175481,-0.403488
0.880214,-0.0728142,0.578863;0.0819268,0.89715,-0.173607,-0.397831
0.886581,-0.0664341,0.574468;0.0831269,0.899896,-0.171726,-0.392157
0.89448,-0.0585543,0.569041;0.0846217,0.903271,-0.169364,-0.38504
0.902306,-0.0507863,0.563694;0.0861106,0.906584,-0.16699,-0.377896
0.910052,-0.0431364,0.558431;0.0875935,0.909833,-0.164604,-0.370726
0.917711,-0.0356108,0.553256;0.0890703,0.913018,-0.162207,-0.363529
0.925275,-0.0282156,0.548175;0.0905409,0.91614,-0.159798,-0.356308
0.93274,-0.0209571,0.543192;0.0920052,0.919197,-0.157378,-0.349061
0.940096,-0.0138415,0.538311;0.093463,0.922191,-0.154947,-0.34179
0.947339,-0.00687508,0.533537;0.0949143,0.92512,-0.152506,-0.334495
0.95446,-6.39727e-05,0.528874;0.0963589,0.927984,-0.150053,-0.327177
0.961453,0.00658558,0.524328;0.0977969,0.930783,-0.147591,-0.319836
0.968311,0.0130674,0.519902;0.0992279,0.933518,-0.145117,-0.312472
0.975027,0.0193751,0.515601;0.100652,0.936187,-0.142634,-0.305087
0.98289,0.0267061,0.510612;0.102352,0.939304,-0.139641,-0.296197
0.990526,0.0337668,0.505818;0.104041,0.942326,-0.136634,-0.287277
0.997925,0.0405465,0.501226;0.10572,0.945254,-0.133613,-0.278327
1.00507,0.0470345,0.496846;0.107388,0.948086,-0.130579,-0.26935
1.01196,0.05322,0.492683;0.109046,0.950823,-0.127532,-0.260346
1.01965,0.0600398,0.488114;0.110966,0.953895,-0.12396,-0.249808
1.02695,0.0664163,0.483866;0.112871,0.956837,-0.120372,-0.239236
1.03479,0.073139,0.479419;0.115028,0.960038,-0.116251,-0.227114
1.04206,0.0792348,0.475427;0.117166,0.963068,-0.112109,-0.21495
1.04954,0.0853116,0.471502;0.119545,0.966271,-0.107425,-0.201221
1.05692,0.0910513,0.467874;0.122157,0.969572,-0.102192,-0.185913
1.06497,0.0968406,0.464373;0.125501,0.97346,-0.0953476,-0.165935
1.07335,0.101689,0.461879;0.130282,0.978314,-0.0852635,-0.136599
1.07702,0.097997,0.466522;0.138977,0.984801,-0.0659294,-0.080661
1.07322,0.0908663,0.472543;0.158286,0.98373,-0.0578762,-0.0622154
1.06855,0.0837931,0.478274;0.205812,0.975275,-0.0526277,-0.0609054
1.06352,0.0767668,0.483862;0.244711,0.966554,-0.0481977,-0.0597147
1.05818,0.0696426,0.489461;0.279184,0.957432,-0.0441681,-0.0585678
1.05285,0.0627468,0.494834;0.309303,0.948357,-0.0405651,-0.057493
1.04738,0.0558311,0.500187;0.337135,0.939028,-0.0371654,-0.0564378
1.04189,0.0490233,0.505426;0.362716,0.92963,-0.0339795,-0.0554138
1.03603,0.0418697,0.510905;0.388023,0.919531,-0.0307679,-0.054348
1.03031,0.0349816,0.516157;0.411124,0.909594,-0.0277827,-0.0533278
1.02431,0.0278406,0.521579;0.433961,0.899072,-0.0247797,-0.0522733
1.01858,0.0210896,0.526686;0.454651,0.88892,-0.0220129,-0.0512772
1.01264,0.0141585,0.53191;0.475095,0.878288,-0.0192343,-0.0502535
1.0065,0.00706258,0.53724;0.495283,0.867182,-0.0164452,-0.0492026
1.00075,0.000481728,0.542168;0.513403,0.856679,-0.0139019,-0.0482241
0.994867,-0.00621097,0.547163;0.531295,0.845794,-0.0113525,-0.0472242
0.988846,-0.0130039,0.552217;0.54895,0.834531,-0.00879798,-0.0462032
0.982701,-0.0198855,0.557321;0.566359,0.822896,-0.00623954,-0.0451616
0.97644,-0.0268442,0.562466;0.583516,0.810895,-0.00367831,-0.0440998
0.970073,-0.0338683,0.567642;0.600413,0.798531,-0.00111545,-0.0430184
0.96361,-0.0409464,0.572841;0.617042,0.785811,0.00144791,-0.0419177
0.957059,-0.0480667,0.578052;0.633396,0.772741,0.00401063,-0.0407984
0.950431,-0.0552178,0.583268;0.649467,0.759326,0.00657156,-0.0396609
0.943734,-0.0623879,0.588479;0.665249,0.745572,0.00912956,-0.0385057
0.937657,-0.0688478,0.593157;0.679198,0.73291,0.0114283,-0.0374513
0.931538,-0.0753054,0.597816;0.692903,0.719982,0.0137229,-0.0363833
0.925386,-0.0817521,0.602451;0.706357,0.706794,0.0160126,-0.0353023
0.919206,-0.0881796,0.607054;0.719555,0.693351,0.0182965,-0.0342084
0.913005,-0.0945794,0.611619;0.732494,0.679657,0.0205737,-0.0331022
0.906101,-0.101647,0.616639;0.74656,0.664154,0.0230952,-0.0318591
0.899189,-0.108659,0.621593;0.760292,0.648354,0.0256065,-0.0306018
0.892279,-0.115603,0.626474;0.773686,0.632266,0.0281063,-0.0293308
0.885381,-0.122468,0.631272;0.786734,0.615895,0.0305936,-0.0280468
0.878503,-0.129242,0.635979;0.799432,0.599249,0.0330672,-0.0267502
0.871656,-0.135913,0.640583;0.811773,0.582337,0.0355261,-0.0254417
0.864849,-0.142469,0.645078;0.823751,0.565164,0.0379691,-0.0241218
0.85809,-0.148901,0.649453;0.835363,0.547739,0.0403952,-0.0227912
0.851391,-0.155194,0.6537;0.846601,0.53007,0.0428032,-0.0214504
0.8441,-0.161945,0.658212;0.858527,0.510361,0.04543,-0.0199645
0.836903,-0.1685,0.662545;0.86999,0.490377,0.0480323,-0.0184678
0.829814,-0.174844,0.666687;0.880983,0.470128,0.0506086,-0.0169612
0.822845,-0.180961,0.670625;0.8915,0.449626,0.0531576,-0.0154454
0.815393,-0.187358,0.674676;0.902425,0.426983,0.0559056,-0.0137823
0.808115,-0.193447,0.678454;0.91277,0.404065,0.0586176,-0.0121104
0.800445,-0.199672,0.682222;0.923315,0.378946,0.0615132,-0.0102904
0.793018,-0.205487,0.685632;0.933164,0.353541,0.0643623,-0.00846265
0.785316,-0.211262,0.688881;0.942984,0.325884,0.0673763,-0.0064872
0.777433,-0.216851,0.691846;0.95259,0.295936,0.0705401,-0.0043644
0.769,-0.222391,0.694525;0.96232,0.261637,0.07404,-0.00195338
0.760258,-0.227516,0.696607;0.971727,0.222907,0.0778386,0.000744123
0.751122,-0.231941,0.697736;0.980663,0.177617,0.0820799,0.00386577
0.741493,-0.234987,0.697106;0.988735,0.121519,0.087042,0.00768478
0.732351,-0.234824,0.693069;0.994234,0.0524376,0.092721,0.0123173
0.726565,-0.230271,0.685502;0.994155,0.0129731,0.105712,0.0176588
0.724226,-0.224063,0.677533;0.991945,0.0134295,0.123902,0.0226275
0.72346,-0.217334,0.669658;0.989871,0.0137994,0.138753,0.0266868
0.723585,-0.210199,0.66172;0.987827,0.0141254,0.151925,0.0302896
0.724273,-0.203128,0.654108;0.985883,0.0144084,0.163427,0.0334374
0.725466,-0.195338,0.645925;0.983796,0.0146893,0.174905,0.0365803
0.726865,-0.188127,0.638491;0.981892,0.0149284,0.184723,0.03927
0.728588,-0.180456,0.630701;0.979883,0.0151659,0.194521,0.0419555
0.730614,-0.172358,0.622585;0.977769,0.0154017,0.204298,0.0446364
0.732517,-0.165307,0.615595;0.975927,0.015597,0.212429,0.0468669
0.734604,-0.158,0.608415;0.974013,0.0157911,0.220545,0.0490939
0.73686,-0.150456,0.601065;0.972025,0.0159841,0.228643,0.0513173
0.739275,-0.142693,0.59356;0.969966,0.0161758,0.236725,0.0535368
0.741835,-0.134729,0.585918;0.967834,0.0163663,0.244789,0.0557523
0.744527,-0.126584,0.578157;0.96563,0.0165557,0.252835,0.0579637
0.74734,-0.118276,0.570293;0.963353,0.0167438,0.260862,0.0601707
0.750262,-0.109823,0.562344;0.961006,0.0169306,0.26887,0.0623733
0.753278,-0.101244,0.554326;0.958586,0.0171162,0.276858,0.0645712
0.756378,-0.0925569,0.546258;0.956095,0.0173005,0.284825,0.0667643
0.759547,-0.0837811,0.538156;0.953533,0.0174835,0.29277,0.0689525
0.762776,-0.0749348,0.530038;0.9509,0.0176652,0.300694,0.0711355
0.766049,-0.0660365,0.521921;0.948196,0.0178456,0.308596,0.0733132
0.768692,-0.0588929,0.515439;0.945982,0.017989,0.3149,0.0750514
0.771351,-0.0517373,0.508977;0.943722,0.0181315,0.32119,0.0767861
0.774684,-0.0427906,0.500942;0.940835,0.0183084,0.329031,0.0789492
0.778019,-0.0338585,0.49297;0.937878,0.0184839,0.336847,0.0811065
0.781341,-0.0249597,0.485077;0.93485,0.0186581,0.344637,0.0832577
0.784639,-0.0161127,0.477282;0.931753,0.0188309,0.352403,0.0854027
0.787901,-0.00733603,0.469601;0.928587,0.0190023,0.360142,0.0875414
0.791113,0.00135182,0.462052;0.925351,0.0191722,0.367854,0.0896735
0.794264,0.00993229,0.454651;0.922047,0.0193408,0.375538,0.091799
0.79734,0.0183868,0.447417;0.918673,0.0195079,0.383195,0.0939176
0.80033,0.026697,0.440365;0.915231,0.0196735,0.390823,0.0960292
0.803221,0.0348441,0.433514;0.911721,0.0198377,0.398422,0.0981336
0.806,0.0428097,0.426881;0.908144,0.0200004,0.405991,0.100231
0.808655,0.0505753,0.420482;0.904498,0.0201616,0.413531,0.10232
0.811173,0.0581223,0.414335;0.900785,0.0203213,0.421039,0.104402
0.813998,0.0668641,0.407316;0.896241,0.0205109,0.430007,0.106891
0.816586,0.0752325,0.400715;0.8916,0.0206983,0.43893,0.109367
0.818917,0.0831954,0.39456;0.886864,0.0208835,0.447805,0.111832
0.821282,0.0919302,0.387985;0.881219,0.0210968,0.458098,0.114693
0.823232,0.100019,0.382106;0.875444,0.021307,0.468325,0.117537
0.82491,0.108406,0.376301;0.868689,0.0215434,0.479929,0.120766
0.826106,0.117494,0.370517;0.860011,0.0218331,0.494305,0.12477
0.826008,0.12676,0.365658;0.848347,0.0221999,0.512772,0.129919
0.821384,0.134867,0.364882;0.828606,0.0227688,0.542055,0.138098
0.813052,0.134407,0.371408;0.811826,0.0232075,0.565239,0.144586
0.806368,0.131095,0.37816;0.804112,0.0240079,0.575497,0.147074
0.799695,0.126615,0.385501;0.817919,0.0303832,0.557746,0.137854
0.79353,0.121856,0.392614;0.828833,0.0355853,0.54296,0.130246
0.787569,0.116868,0.39971;0.83824,0.0401969,0.529624,0.123436
0.782015,0.111961,0.406475;0.846241,0.044221,0.51781,0.117444
0.776175,0.106586,0.413724;0.854026,0.0482338,0.505863,0.111422
0.770076,0.100779,0.421424;0.861593,0.0522343,0.493787,0.105371
0.764665,0.0954859,0.428357;0.867904,0.0556527,0.483336,0.100163
0.759101,0.0899243,0.435575;0.874051,0.0590606,0.472794,0.0949361
0.753403,0.0841174,0.443058;0.880034,0.0624574,0.462162,0.0896915
0.747589,0.0780878,0.450783;0.885852,0.0658426,0.451445,0.0844301
0.741675,0.0718583,0.45873;0.891504,0.0692153,0.440642,0.0791529
0.735679,0.0654515,0.466878;0.896988,0.072575,0.429756,0.0738608
0.730633,0.0599934,0.473807;0.901429,0.0753644,0.420623,0.06944
0.725552,0.0544412,0.480847;0.905753,0.078144,0.411435,0.0650102
0.720447,0.0488079,0.487988;0.909958,0.0809133,0.402194,0.0605719
0.715327,0.0431067,0.495218;0.914045,0.0836722,0.3929,0.0561257
0.710203,0.0373507,0.502523;0.918013,0.0864201,0.383555,0.0516722
0.705085,0.0315531,0.509891;0.921861,0.0891567,0.374159,0.0472119
0.699983,0.0257271,0.517312;0.925588,0.0918817,0.364715,0.0427455
0.694908,0.0198856,0.524771;0.929195,0.0945947,0.355223,0.0382735
0.689869,0.0140419,0.532258;0.932681,0.0972953,0.345685,0.0337965
0.684876,0.00820919,0.539759;0.936045,0.0999833,0.336102,0.0293151
0.67994,0.00240051,0.547263;0.939286,0.102658,0.326475,0.0248299
0.67507,-0.00337098,0.554757;0.942406,0.10532,0.316805,0.0203415
0.670278,-0.00909212,0.56223;0.945402,0.107968,0.307095,0.0158504
0.665572,-0.0147498,0.569668;0.948275,0.110601,0.297344,0.0113572
0.660964,-0.0203308,0.57706;0.951024,0.11322,0.287554,0.00686251
0.656462,-0.0258221,0.584394;0.953649,0.115825,0.277726,0.00236696
0.652079,-0.0312105,0.591657;0.95615,0.118414,0.267863,-0.00212891
0.646987,-0.0375222,0.600261;0.958986,0.121501,0.255981,-0.00752353
0.642096,-0.0436442,0.608726;0.961642,0.124565,0.24405,-0.0129167
0.637425,-0.0495536,0.617028;0.964118,0.127606,0.232074,-0.0183075
0.632989,-0.0552278,0.625148;0.966412,0.130623,0.220054,-0.0236949
0.628807,-0.0606441,0.633064;0.968525,0.133615,0.207993,-0.0290778
0.624895,-0.0657798,0.640755;0.970456,0.136582,0.195893,-0.0344552
0.620698,-0.0713865,0.649416;0.972478,0.140011,0.18173,-0.0407206
0.616922,-0.0765443,0.657708;0.974251,0.143404,0.16752,-0.0469756
0.613156,-0.081843,0.66669;0.975973,0.147237,0.151228,-0.0541094
0.610018,-0.0864544,0.675097;0.977369,0.151021,0.134886,-0.0612251
0.607289,-0.0907538,0.683805;0.978549,0.155217,0.116447,-0.0692057
0.605188,-0.0946232,0.693269;0.97943,0.160257,0.0938443,-0.0789197
0.60464,-0.0971352,0.703246;0.979656,0.166525,0.0649938,-0.0912101
0.608078,-0.095739,0.712631;0.978361,0.174757,0.0257389,-0.107738
0.615077,-0.0897906,0.716376;0.975841,0.181435,-0.00735854,-0.121501
0.623002,-0.0821892,0.716432;0.973095,0.186284,-0.0321776,-0.131717
0.630546,-0.0745992,0.714812;0.970555,0.18983,-0.050777,-0.139315
0.637403,-0.0675216,0.712516;0.968297,0.192532,-0.0652288,-0.145183
0.645158,-0.059377,0.709277;0.96579,0.195186,-0.0796639,-0.151015
0.65254,-0.0515194,0.705724;0.963445,0.19742,-0.0920208,-0.155983
0.659223,-0.044336,0.7022;0.961353,0.199254,-0.102305,-0.160101
0.6664,-0.0365608,0.69815;0.959135,0.201061,-0.112576,-0.164197
0.674081,-0.0281809,0.693564;0.956792,0.202843,-0.122832,-0.168272
0.680596,-0.0210327,0.689499;0.954828,0.204249,-0.131026,-0.171517
0.687445,-0.0134822,0.685076;0.952784,0.205638,-0.139208,-0.174747
0.694634,-0.00552276,0.680289;0.950661,0.20701,-0.147379,-0.177962
0.702167,0.00285233,0.675132;0.948458,0.208364,-0.155538,-0.181163
0.710051,0.0116498,0.669598;0.946176,0.209702,-0.163684,-0.184349
0.716196,0.0185292,0.665196;0.944412,0.210693,-0.169784,-0.186728
0.722543,0.0256528,0.660576;0.942605,0.211675,-0.175876,-0.189098
0.729095,0.0330234,0.655735;0.940753,0.212646,-0.18196,-0.191459
0.735852,0.040644,0.650671;0.938856,0.213608,-0.188036,-0.193812
0.742819,0.0485173,0.645381;0.936916,0.214559,-0.194103,-0.196155
0.749995,0.0566461,0.639862;0.934932,0.215501,-0.20016,-0.198489
0.757385,0.0650334,0.634112;0.932904,0.216432,-0.206208,-0.200814
0.76499,0.073682,0.628128;0.930831,0.217353,-0.212247,-0.203129
0.772812,0.0825946,0.621907;0.928716,0.218264,-0.218276,-0.205435
0.780853,0.0917741,0.615447;0.926556,0.219165,-0.224294,-0.207731
0.789116,0.101223,0.608746;0.924353,0.220056,-0.230302,-0.210017
0.797603,0.110945,0.601799;0.922107,0.220936,-0.236299,-0.212294
0.803386,0.117579,0.597031;0.920586,0.221517,-0.24029,-0.213806
0.809271,0.124337,0.592153;0.919045,0.222093,-0.244277,-0.215314
0.815257,0.131218,0.587163;0.917485,0.222665,-0.248259,-0.216817
0.821345,0.138225,0.582061;0.915906,0.223232,-0.252235,-0.218316
0.827537,0.145357,0.576845;0.914307,0.223794,-0.256207,-0.21981
0.833832,0.152616,0.571517;0.91269,0.224352,-0.260172,-0.221299
0.840232,0.160002,0.566073;0.911054,0.224905,-0.264133,-0.222784
0.846736,0.167517,0.560514;0.909398,0.225454,-0.268088,-0.224264
0.853347,0.17516,0.554839;0.907724,0.225997,-0.272037,-0.22574
