0.754501,-0.455073,0.300029;0.947731,-0.0929965,0.290243,-0.094431
0.755621,-0.451829,0.309569;0.944596,-0.118573,0.294375,-0.0838032
0.756967,-0.448529,0.319482;0.940353,-0.146174,0.298588,-0.072215
0.758444,-0.445445,0.328963;0.935234,-0.173639,0.302522,-0.0605594
0.760177,-0.44236,0.3387;0.928747,-0.203035,0.306444,-0.0479444
0.762193,-0.43932,0.348598;0.920682,-0.234286,0.310278,-0.0343713
0.764517,-0.436371,0.358558;0.910822,-0.2673,0.313944,-0.0198467
0.767012,-0.433716,0.367914;0.899676,-0.299936,0.317166,-0.00529404
0.769841,-0.431205,0.377211;0.886442,-0.334147,0.320099,0.0101758
0.77321,-0.428765,0.386835;0.86998,-0.37175,0.322774,0.0274454
0.776977,-0.426597,0.396116;0.850783,-0.410531,0.324895,0.0455642
0.781363,-0.424663,0.405351;0.8275,-0.452142,0.3264,0.0653773
0.786416,-0.423066,0.414303;0.799585,-0.496156,0.327049,0.0867908
0.792174,-0.421901,0.422732;0.766481,-0.542055,0.32658,0.109676
0.798667,-0.42126,0.430401;0.72764,-0.589222,0.324714,0.133861
0.806158,-0.421232,0.437275;0.680977,-0.638463,0.321012,0.159959
0.814674,-0.421945,0.442978;0.62566,-0.688572,0.314997,0.187604
0.823948,-0.423448,0.447068;0.562752,-0.73684,0.306443,0.215568
0.833664,-0.425684,0.449345;0.493913,-0.780962,0.29537,0.242702
0.843467,-0.428505,0.449841;0.421348,-0.819192,0.282069,0.268006
0.852995,-0.431697,0.448778;0.347688,-0.850459,0.267084,0.290686
0.862161,-0.43512,0.446435;0.273688,-0.875036,0.250685,0.310747
0.870895,-0.438652,0.443062;0.200029,-0.893255,0.233133,0.328228
0.879382,-0.442296,0.438743;0.125095,-0.905782,0.214096,0.343617
0.887311,-0.445852,0.433773;0.051599,-0.912423,0.194313,0.356461
0.895067,-0.449437,0.427999;-0.00298425,-0.915721,0.184013,0.357191
0.90252,-0.452943,0.421516;-0.0114544,-0.921418,0.19802,0.334135
0.909456,-0.456211,0.414531;-0.0199151,-0.926348,0.211861,0.310801
0.915836,-0.459164,0.407129;-0.0283592,-0.930508,0.225526,0.287208
0.922039,-0.461903,0.39879;-0.0374263,-0.934122,0.240032,0.261534
0.927504,-0.464091,0.390174;-0.0464572,-0.936835,0.254307,0.235607
0.932182,-0.465631,0.381386;-0.0554433,-0.938643,0.268336,0.209453
0.936265,-0.466451,0.371902;-0.0650117,-0.939576,0.28308,0.181208
0.939496,-0.46625,0.361852;-0.0751384,-0.939424,0.29846,0.150859
0.941496,-0.464796,0.352026;-0.0851704,-0.938088,0.313465,0.120319
0.942191,-0.461718,0.34201;-0.0957114,-0.935373,0.328974,0.0877062
0.941328,-0.45689,0.332616;-0.106116,-0.931328,0.344015,0.0549682
0.939013,-0.450592,0.324516;-0.115772,-0.92631,0.357724,0.0240837
0.935736,-0.443571,0.318144;-0.124101,-0.920962,0.369351,-0.00296642
0.931602,-0.435701,0.312925;-0.131728,-0.915199,0.379828,-0.0280824
0.926819,-0.427212,0.308777;-0.138671,-0.909205,0.389219,-0.0512461
0.921592,-0.418346,0.305601;-0.144949,-0.903143,0.397585,-0.072448
0.916506,-0.409971,0.303408;-0.158819,-0.899129,0.402421,-0.066341
0.910944,-0.401024,0.301688;-0.175757,-0.895293,0.406162,-0.0509148
0.905467,-0.392394,0.300477;-0.19107,-0.891376,0.409367,-0.0368664
0.899636,-0.383381,0.299574;-0.206296,-0.887052,0.412385,-0.0228011
0.894121,-0.375015,0.299003;-0.219919,-0.882812,0.41494,-0.0101333
0.888388,-0.366474,0.298642;-0.23346,-0.878246,0.417342,0.00253834
0.882469,-0.357821,0.29847;-0.246915,-0.873354,0.419588,0.015209
0.876397,-0.349122,0.298469;-0.260278,-0.868138,0.42168,0.0278741
0.870205,-0.340438,0.29862;-0.273545,-0.862601,0.423615,0.0405288
0.863924,-0.331835,0.298903;-0.286711,-0.856744,0.425393,0.0531685
0.857589,-0.323376,0.299299;-0.29977,-0.85057,0.427013,0.0657884
0.85123,-0.315125,0.299789;-0.312718,-0.844081,0.428475,0.0783841
0.844882,-0.307146,0.300354;-0.325551,-0.837278,0.429779,0.0909506
0.837879,-0.298677,0.301045;-0.339667,-0.829356,0.43104,0.104874
0.830974,-0.29071,0.301779;-0.353628,-0.821055,0.432104,0.118749
0.824211,-0.283332,0.302529;-0.367428,-0.812378,0.432971,0.13257
0.816989,-0.276002,0.30334;-0.382412,-0.802405,0.433695,0.147702
0.809439,-0.269076,0.30417;-0.398518,-0.791018,0.434212,0.164117
0.801163,-0.262606,0.305005;-0.416975,-0.777075,0.434453,0.18313
0.792053,-0.257411,0.305728;-0.438883,-0.75921,0.434222,0.205995
0.782134,-0.255683,0.305989;-0.466369,-0.734603,0.433071,0.235177
0.774238,-0.261241,0.305101;-0.495174,-0.705907,0.430722,0.266415
0.77082,-0.270518,0.303539;-0.514793,-0.68445,0.428371,0.288122
0.769579,-0.280907,0.30173;-0.529338,-0.66743,0.426191,0.304466
0.7695,-0.291462,0.299853;-0.507483,-0.68023,0.433889,0.302472
0.770032,-0.301648,0.298031;-0.48857,-0.690842,0.440181,0.300462
0.77095,-0.311887,0.296201;-0.471158,-0.700182,0.445706,0.2985
0.772104,-0.321821,0.294436;-0.455315,-0.708334,0.450516,0.296626
0.773546,-0.332366,0.292577;-0.439316,-0.716242,0.455171,0.29465
0.775051,-0.342199,0.29086;-0.424968,-0.723064,0.459178,0.292808
0.77675,-0.352415,0.289097;-0.410504,-0.72969,0.463059,0.290887
0.778627,-0.362967,0.287299;-0.395929,-0.736117,0.466815,0.288886
0.780667,-0.373809,0.28548;-0.381246,-0.742345,0.470444,0.286807
0.782573,-0.383496,0.283882;-0.368313,-0.747628,0.473514,0.284924
0.784582,-0.393338,0.282285;-0.355303,-0.752756,0.476486,0.282982
0.786681,-0.403302,0.280699;-0.34222,-0.757727,0.479359,0.28098
0.788862,-0.413357,0.279133;-0.329065,-0.762541,0.482132,0.278921
0.791114,-0.423473,0.277594;-0.315842,-0.767196,0.484804,0.276803
0.793425,-0.433617,0.276092;-0.302553,-0.771691,0.487376,0.274628
0.795787,-0.443758,0.274635;-0.289201,-0.776025,0.489846,0.272395
0.798187,-0.453864,0.273232;-0.275789,-0.780198,0.492214,0.270106
0.800616,-0.463905,0.271891;-0.262319,-0.784208,0.49448,0.26776
0.803063,-0.473848,0.270621;-0.248795,-0.788056,0.496643,0.265359
0.805518,-0.483662,0.26943;-0.235219,-0.791739,0.498702,0.262902
0.80797,-0.493316,0.268327;-0.221594,-0.795257,0.500658,0.260391
0.810756,-0.504113,0.267186;-0.205967,-0.799076,0.502765,0.257455
0.813508,-0.514612,0.266184;-0.190283,-0.802677,0.504736,0.254449
0.816212,-0.524767,0.265334;-0.174548,-0.80606,0.506569,0.251373
0.818851,-0.534531,0.264648;-0.158765,-0.809223,0.508265,0.248229
0.821725,-0.54499,0.26409;-0.140958,-0.812519,0.510008,0.244612
0.824474,-0.554827,0.263774;-0.123102,-0.815536,0.511575,0.240911
0.827357,-0.564947,0.263731;-0.103213,-0.818559,0.51311,0.236701
0.830284,-0.574988,0.264085;-0.0812854,-0.821482,0.514546,0.231954
0.83336,-0.585219,0.265092;-0.0553174,-0.824392,0.515903,0.22619
0.836307,-0.594573,0.267113;-0.0253062,-0.827015,0.517008,0.219338
0.839259,-0.602918,0.271912;0.018746,-0.829431,0.517734,0.208911
0.840194,-0.602907,0.281558;0.0747447,-0.83004,0.51712,0.195023
0.838959,-0.596306,0.289561;0.108634,-0.829061,0.515907,0.186271
0.837165,-0.588345,0.29627;0.132479,-0.827757,0.514669,0.179954
0.835128,-0.579836,0.302335;0.139135,-0.830835,0.507642,0.180706
0.832986,-0.571148,0.307942;0.125352,-0.839976,0.492407,0.190425
0.830713,-0.562068,0.313427;0.112652,-0.847913,0.478182,0.199234
0.82841,-0.552947,0.318679;0.101057,-0.854758,0.465041,0.207155
0.826161,-0.544075,0.323604;0.0905851,-0.860613,0.453049,0.21421
0.823757,-0.534615,0.328704;0.0800828,-0.866179,0.440903,0.221193
0.821502,-0.525743,0.333371;0.0707246,-0.87088,0.429982,0.227337
0.819144,-0.51646,0.338154;0.0613476,-0.875349,0.418946,0.233421
0.816694,-0.506795,0.343044;0.0519542,-0.879585,0.407798,0.239442
0.81448,-0.498045,0.347401;0.0437235,-0.883098,0.397954,0.244659
0.812209,-0.489038,0.351826;0.0354839,-0.886432,0.388029,0.249825
0.809885,-0.479794,0.35631;0.027237,-0.889584,0.378025,0.254941
0.807516,-0.470328,0.360849;0.0189846,-0.892555,0.367944,0.260004
0.805107,-0.46066,0.365434;0.0107283,-0.895344,0.357788,0.265014
0.802664,-0.450807,0.370059;0.00246985,-0.897949,0.347558,0.269971
0.800195,-0.440785,0.374718;-0.00578914,-0.900372,0.337258,0.274872
0.797704,-0.430614,0.379404;-0.0140469,-0.90261,0.326889,0.279717
0.795198,-0.420309,0.384109;-0.0223019,-0.904664,0.316453,0.284504
0.793043,-0.411385,0.388154;-0.029374,-0.906278,0.307456,0.288562
0.790885,-0.402387,0.392204;-0.0364417,-0.907756,0.298413,0.292576
0.788728,-0.393326,0.396256;-0.0435039,-0.909097,0.289326,0.296547
0.786576,-0.384214,0.400304;-0.0505596,-0.910303,0.280195,0.300473
0.784433,-0.375061,0.404346;-0.0576077,-0.911371,0.271022,0.304354
0.782304,-0.365879,0.408377;-0.0646472,-0.912303,0.261808,0.308189
0.78019,-0.356679,0.412392;-0.071677,-0.913098,0.252555,0.311978
0.778098,-0.347472,0.416388;-0.078696,-0.913756,0.243264,0.31572
0.77603,-0.338269,0.420359;-0.0857032,-0.914277,0.233937,0.319415
0.77399,-0.32908,0.424303;-0.0926976,-0.914661,0.224574,0.323062
0.771982,-0.319918,0.428214;-0.099678,-0.914907,0.215178,0.32666
0.770011,-0.310793,0.432089;-0.106644,-0.915017,0.20575,0.33021
0.768079,-0.301715,0.435924;-0.113593,-0.914989,0.196291,0.33371
0.765881,-0.291201,0.44034;-0.121679,-0.914783,0.185218,0.33773
0.763749,-0.280784,0.444689;-0.12974,-0.91439,0.174107,0.341681
0.761688,-0.270484,0.448963;-0.137775,-0.91381,0.16296,0.345562
0.759706,-0.260316,0.453156;-0.145782,-0.913044,0.151781,0.349372
0.757808,-0.250299,0.457261;-0.153759,-0.912091,0.14057,0.353112
0.756001,-0.240451,0.461271;-0.161704,-0.910952,0.129331,0.356779
0.75429,-0.230789,0.465181;-0.169617,-0.909627,0.118065,0.360373
0.752681,-0.22133,0.468982;-0.177495,-0.908117,0.106776,0.363894
0.751182,-0.212092,0.472669;-0.185336,-0.906421,0.0954639,0.36734
0.749609,-0.201828,0.476734;-0.194252,-0.904256,0.0825126,0.371187
0.748195,-0.191902,0.48063;-0.203115,-0.901849,0.0695394,0.374935
0.746951,-0.18234,0.484348;-0.211925,-0.899203,0.0565475,0.378583
0.745763,-0.17205,0.488305;-0.221768,-0.895938,0.0419138,0.382566
0.744813,-0.162292,0.492009;-0.231536,-0.892372,0.027266,0.38642
0.744053,-0.152118,0.495811;-0.242297,-0.888056,0.0109801,0.390549
0.743621,-0.142698,0.499264;-0.252958,-0.883369,-0.00531043,0.394516
0.743546,-0.133266,0.502637;-0.264563,-0.877789,-0.0232272,0.398689
0.744029,-0.123468,0.506012;-0.278105,-0.870625,-0.0443857,0.403361
0.745529,-0.113573,0.509199;-0.294502,-0.860965,-0.0703825,0.408722
0.749132,-0.10454,0.511634;-0.315545,-0.846895,-0.104385,0.415095
0.757802,-0.100297,0.51134;-0.34459,-0.824103,-0.152612,0.422874
0.766568,-0.104048,0.508242;-0.364159,-0.806304,-0.186041,0.427377
0.774295,-0.110421,0.504455;-0.37773,-0.792681,-0.209713,0.430113
0.780778,-0.117165,0.500801;-0.387457,-0.782218,-0.226949,0.431864
0.787294,-0.124881,0.496811;-0.39613,-0.772364,-0.242519,0.433266
0.793681,-0.133159,0.492658;-0.403795,-0.76322,-0.256445,0.434374
0.799784,-0.141611,0.488508;-0.410495,-0.754875,-0.268752,0.435235
