0.850932,-0.294574,0.646381;0.731177,-0.526109,0.195824,-0.387612
0.850103,-0.284928,0.640462;0.735479,-0.519979,0.197336,-0.386976
0.84933,-0.275406,0.634631;0.739738,-0.513819,0.198837,-0.386318
0.848612,-0.266008,0.628889;0.743954,-0.507628,0.200326,-0.385638
0.847949,-0.256734,0.623234;0.748126,-0.501407,0.201803,-0.384934
0.847339,-0.247581,0.617666;0.752254,-0.495157,0.203268,-0.384208
0.846783,-0.238551,0.612185;0.756337,-0.488877,0.204722,-0.38346
0.84628,-0.229641,0.60679;0.760377,-0.482569,0.206163,-0.382689
0.845828,-0.220852,0.601481;0.764371,-0.476233,0.207592,-0.381895
0.845428,-0.212181,0.596256;0.768321,-0.469869,0.209009,-0.381079
0.845,-0.20151,0.589843;0.773195,-0.461874,0.210764,-0.380028
0.844651,-0.191024,0.583561;0.777997,-0.453838,0.212498,-0.378941
0.844379,-0.180719,0.577408;0.782728,-0.445759,0.214213,-0.37782
0.844184,-0.170596,0.571383;0.787387,-0.43764,0.215909,-0.376664
0.844065,-0.160652,0.565486;0.791974,-0.429481,0.217585,-0.375473
0.844019,-0.150887,0.559715;0.796488,-0.421282,0.21924,-0.374248
0.844047,-0.141298,0.554068;0.800929,-0.413044,0.220876,-0.372989
0.844147,-0.131884,0.548545;0.805297,-0.404768,0.222491,-0.371695
0.844318,-0.122645,0.543145;0.80959,-0.396456,0.224086,-0.370367
0.844559,-0.113577,0.537867;0.813809,-0.388107,0.22566,-0.369006
0.844869,-0.104681,0.532708;0.817954,-0.379722,0.227214,-0.36761
0.845246,-0.0959544,0.527669;0.822023,-0.371302,0.228747,-0.36618
0.845787,-0.085704,0.521779;0.826806,-0.361154,0.230558,-0.364421
0.846422,-0.0756931,0.516056;0.83148,-0.350957,0.232339,-0.362613
0.84715,-0.0659192,0.510499;0.836044,-0.340714,0.234089,-0.360757
0.847967,-0.0563798,0.505107;0.840498,-0.330427,0.235809,-0.358853
0.848873,-0.0470724,0.499878;0.84484,-0.320095,0.237497,-0.356902
0.849866,-0.0379946,0.494808;0.849071,-0.309721,0.239153,-0.354904
0.850944,-0.0291437,0.489898;0.853189,-0.299307,0.240779,-0.352859
0.852305,-0.0191013,0.484366;0.857851,-0.287106,0.242634,-0.350414
0.853776,-0.00936045,0.479045;0.862359,-0.274854,0.244446,-0.347906
0.855354,8.27248e-05,0.47393;0.866711,-0.262552,0.246214,-0.345335
0.857036,0.00923223,0.469019;0.870908,-0.250203,0.247938,-0.342702
0.858818,0.018092,0.464309;0.874948,-0.237809,0.249617,-0.340007
0.860975,0.0278679,0.459168;0.879371,-0.223592,0.251481,-0.336853
0.863254,0.0372764,0.454281;0.883588,-0.209323,0.253285,-0.333619
0.865653,0.0463237,0.449643;0.887598,-0.195004,0.255031,-0.330307
0.868165,0.0550154,0.445249;0.891398,-0.18064,0.256716,-0.326917
0.871123,0.0643762,0.440592;0.895424,-0.164429,0.258539,-0.323012
0.874213,0.0733031,0.436233;0.899182,-0.14817,0.260286,-0.319011
0.877794,0.0827233,0.431729;0.903045,-0.130052,0.262136,-0.314453
0.881522,0.0916297,0.427575;0.906576,-0.111887,0.26389,-0.309781
0.885388,0.100034,0.423761;0.909773,-0.0936801,0.265547,-0.304994
0.889791,0.108713,0.419949;0.912905,-0.0736135,0.267256,-0.299599
0.894758,0.117521,0.416234;0.915858,-0.0516855,0.268986,-0.293563
0.899883,0.125662,0.412966;0.918327,-0.0297302,0.270573,-0.28737
0.905596,0.13375,0.409914;0.920453,-0.00592795,0.272131,-0.280491
0.911912,0.14164,0.407171;0.922104,0.019709,0.27362,-0.272888
0.918844,0.149182,0.404833;0.923136,0.0471608,0.274997,-0.264523
0.926391,0.156233,0.402988;0.923396,0.0763993,0.276215,-0.25536
0.934544,0.162652,0.401723;0.92272,0.107386,0.277224,-0.245362
0.943281,0.168305,0.401116;0.920937,0.14007,0.277972,-0.234492
0.952565,0.17307,0.401236;0.917866,0.174389,0.278403,-0.222715
0.961853,0.176678,0.402077;0.913578,0.208476,0.278465,-0.210643
0.971567,0.179314,0.403672;0.907756,0.244058,0.27813,-0.197634
0.981625,0.180898,0.406055;0.900207,0.281032,0.277339,-0.183663
0.991185,0.181375,0.408988;0.897413,0.300773,0.275056,-0.168907
1.00081,0.180841,0.412608;0.901147,0.301919,0.271196,-0.152418
1.0101,0.179307,0.416771;0.904609,0.302975,0.267254,-0.135884
1.019,0.17682,0.421433;0.907798,0.303938,0.263231,-0.119308
1.02748,0.173427,0.426548;0.910712,0.30481,0.259129,-0.102696
1.03549,0.169174,0.432072;0.913351,0.30559,0.254948,-0.0860537
1.04298,0.164109,0.437959;0.915715,0.306278,0.250691,-0.069385
1.04991,0.158277,0.444165;0.917802,0.306873,0.246357,-0.0526953
1.05624,0.151727,0.450645;0.919612,0.307375,0.24195,-0.0359897
1.06131,0.145338,0.456598;0.920987,0.307744,0.23797,-0.021131
1.06585,0.13845,0.462701;0.922143,0.308039,0.233934,-0.00626728
1.0698,0.131098,0.46892;0.923079,0.308261,0.229842,0.00859796
1.07315,0.123312,0.475226;0.923794,0.308409,0.225695,0.0234611
1.07586,0.115126,0.481586;0.924289,0.308483,0.221494,0.0383187
1.0779,0.106573,0.487968;0.924563,0.308484,0.217241,0.0531672
1.07924,0.0976855,0.494342;0.924617,0.308411,0.212935,0.0680029
1.07985,0.0884966,0.500676;0.92445,0.308265,0.208579,0.0828224
1.07969,0.079039,0.506937;0.924062,0.308045,0.204173,0.0976222
1.0789,0.070569,0.512332;0.923542,0.307792,0.200278,0.110553
1.07748,0.0619405,0.517626;0.922854,0.307483,0.196346,0.123464
1.07541,0.0531753,0.522798;0.921996,0.307118,0.192378,0.136352
1.07266,0.0442956,0.527828;0.92097,0.306697,0.188375,0.149215
1.06923,0.0353232,0.532694;0.919776,0.30622,0.184338,0.162051
1.06508,0.0262803,0.537374;0.918414,0.305686,0.180267,0.174857
1.06019,0.0171888,0.541848;0.916884,0.305097,0.176163,0.187631
1.05533,0.00926023,0.545556;0.924086,0.287776,0.169584,0.185718
1.04978,0.00115416,0.549164;0.940362,0.249503,0.159008,0.16788
1.04402,-0.00651699,0.552426;0.953944,0.212643,0.148643,0.150597
1.03781,-0.014132,0.55553;0.965666,0.175368,0.137987,0.133021
1.03121,-0.021664,0.558483;0.975506,0.137752,0.127063,0.115185
1.02426,-0.0290862,0.561288;0.983444,0.0998668,0.11589,0.0971251
1.01738,-0.0359921,0.563814;0.989197,0.063795,0.105098,0.0798403
1.01026,-0.0427526,0.566217;0.993219,0.0276116,0.0941207,0.0624159
1.00294,-0.0493448,0.5685;0.995503,-0.00862011,0.0829793,0.0448823
0.995441,-0.055746,0.570668;0.996045,-0.0448368,0.0716927,0.0272701
0.98781,-0.0619332,0.572726;0.994845,-0.080975,0.0602807,0.00961027
0.979649,-0.068207,0.574781;0.99169,-0.118966,0.0481206,-0.00904832
0.971422,-0.0741902,0.576723;0.986602,-0.156725,0.0358668,-0.0276893
0.96317,-0.079856,0.578555;0.979591,-0.194178,0.023543,-0.0462762
0.954505,-0.0854476,0.580371;0.970149,-0.233193,0.0105215,-0.0657433
0.945909,-0.0906265,0.582078;0.958611,-0.271704,-0.00252273,-0.0850684
0.937014,-0.0955859,0.583757;0.944268,-0.311507,-0.0162128,-0.105161
0.9279,-0.100217,0.585401;0.926831,-0.352409,-0.0305128,-0.125942
0.918665,-0.104396,0.587001;0.906013,-0.394183,-0.045377,-0.147314
0.909431,-0.107985,0.588551;0.881532,-0.436571,-0.0607486,-0.169165
0.899987,-0.110921,0.590103;0.851919,-0.480956,-0.0771864,-0.192242
0.890273,-0.112946,0.591693;0.815227,-0.528384,-0.095186,-0.217151
0.88018,-0.113516,0.593392;0.767509,-0.580919,-0.115733,-0.24509
0.870414,-0.111496,0.595197;0.705262,-0.638061,-0.138971,-0.275989
0.862621,-0.10545,0.597032;0.627985,-0.695737,-0.163671,-0.30789
0.858926,-0.0961735,0.598577;0.55158,-0.741684,-0.184625,-0.334034
0.858583,-0.0862569,0.599731;0.488433,-0.772888,-0.199824,-0.352346
0.860183,-0.075984,0.600688;0.47988,-0.773012,-0.204362,-0.361114
0.862863,-0.0660068,0.601488;0.517154,-0.748929,-0.200451,-0.362597
0.866226,-0.0560982,0.602203;0.549824,-0.72598,-0.196591,-0.363316
0.869902,-0.0466297,0.602835;0.578123,-0.704599,-0.192894,-0.363464
0.873885,-0.0372487,0.603423;0.603986,-0.68374,-0.189205,-0.363183
0.878026,-0.0281014,0.603969;0.627517,-0.663581,-0.185572,-0.362555
0.88254,-0.0186206,0.60451;0.650436,-0.642777,-0.181757,-0.361573
0.88703,-0.0095569,0.60501;0.671152,-0.622898,-0.178057,-0.360347
0.891778,-0.000278526,0.605505;0.691304,-0.602495,-0.174207,-0.358817
0.896752,0.00917942,0.605997;0.710876,-0.581587,-0.17021,-0.356987
0.901519,0.0180389,0.606447;0.728413,-0.561854,-0.166395,-0.355031
0.906429,0.0269939,0.606893;0.745429,-0.541719,-0.16246,-0.352822
0.911458,0.0360169,0.607336;0.761912,-0.521196,-0.158409,-0.35036
0.916582,0.0450803,0.607775;0.77785,-0.5003,-0.154244,-0.347647
0.921778,0.0541565,0.608209;0.793231,-0.479046,-0.14997,-0.344686
0.927021,0.0632179,0.608639;0.808045,-0.45745,-0.145588,-0.341478
0.932288,0.072237,0.609065;0.822281,-0.435527,-0.141102,-0.338026
0.937555,0.0811862,0.609486;0.835928,-0.413291,-0.136515,-0.334332
0.942796,0.0900379,0.609902;0.848978,-0.390761,-0.13183,-0.330399
0.94799,0.0987645,0.610313;0.86142,-0.36795,-0.127051,-0.326229
0.953534,0.108045,0.610753;0.874204,-0.342943,-0.121771,-0.321449
0.958963,0.117112,0.611186;0.886253,-0.317647,-0.116389,-0.316399
0.964245,0.125929,0.611614;0.897559,-0.292085,-0.11091,-0.311084
0.969737,0.135106,0.612066;0.908891,-0.264283,-0.104905,-0.305067
0.974986,0.143909,0.612511;0.919339,-0.236224,-0.0987973,-0.298754
0.980297,0.152876,0.612978;0.929539,-0.205905,-0.0921472,-0.291667
0.985555,0.161853,0.613466;0.939274,-0.173313,-0.0849404,-0.283748
0.990619,0.170653,0.613971;0.948308,-0.138443,-0.077165,-0.274939
0.995558,0.179494,0.614521;0.956793,-0.0992383,-0.0683444,-0.264628
1.00039,0.188642,0.615162;0.964768,-0.0515482,-0.0575043,-0.251512
1.00453,0.197709,0.615959;0.971359,0.0108407,-0.0431423,-0.233418
1.00257,0.203886,0.617651;0.969645,0.157796,-0.00850238,-0.186593
0.994348,0.197682,0.618377;0.959857,0.229013,0.00870614,-0.161717
0.986436,0.190309,0.618793;0.956505,0.238171,0.0119691,-0.168016
0.978832,0.182725,0.619105;0.955506,0.23265,0.0118055,-0.180951
0.971263,0.17488,0.61938;0.954475,0.227782,0.0116604,-0.192239
0.964164,0.167323,0.61962;0.953477,0.223582,0.0115347,-0.201892
0.95656,0.159053,0.619871;0.952371,0.219357,0.0114076,-0.211522
0.948506,0.150122,0.620136;0.951159,0.215107,0.0112793,-0.221128
0.94149,0.142213,0.620371;0.950068,0.211547,0.0111714,-0.229115
0.934232,0.133912,0.620621;0.948903,0.207971,0.0110627,-0.237084
0.926763,0.125248,0.620889;0.947664,0.204378,0.010953,-0.245034
0.919116,0.116253,0.621178;0.946352,0.20077,0.0108425,-0.252965
0.911323,0.106957,0.62149;0.944966,0.197146,0.0107312,-0.260877
0.903415,0.0973901,0.621827;0.943507,0.193507,0.0106191,-0.268768
0.897027,0.0895615,0.622117;0.942287,0.190585,0.0105288,-0.275067
0.890604,0.0815944,0.622426;0.94102,0.187653,0.0104379,-0.281351
0.884159,0.0735043,0.622756;0.939707,0.184712,0.0103466,-0.287621
0.877712,0.0653066,0.623107;0.938346,0.181762,0.0102547,-0.293878
0.871276,0.0570169,0.623482;0.936939,0.178803,0.0101623,-0.300119
0.86487,0.0486506,0.623881;0.935485,0.175834,0.0100694,-0.306346
0.858509,0.0402234,0.624305;0.933985,0.172858,0.00997603,-0.312557
0.852209,0.0317506,0.624757;0.932439,0.169872,0.00988215,-0.318753
0.845988,0.0232479,0.625237;0.930846,0.166878,0.00978777,-0.324933
0.839861,0.0147306,0.625746;0.929207,0.163876,0.00969291,-0.331097
0.833844,0.00621439,0.626287;0.927522,0.160866,0.00959757,-0.337245
0.827955,-0.0022853,0.626859;0.92579,0.157847,0.00950175,-0.343375
0.822209,-0.0107529,0.627465;0.924013,0.154821,0.00940545,-0.349489
0.816622,-0.0191731,0.628106;0.922189,0.151787,0.00930869,-0.355585
0.809889,-0.0296077,0.628957;0.919846,0.147984,0.00918709,-0.36318
0.803463,-0.0399135,0.629868;0.917431,0.14417,0.00906478,-0.370748
0.797376,-0.0500602,0.630839;0.914944,0.140344,0.00894176,-0.378286
0.79166,-0.0600175,0.631875;0.912387,0.136508,0.00881805,-0.385795
0.786347,-0.0697551,0.632977;0.909759,0.132661,0.00869365,-0.393274
0.781469,-0.0792427,0.634147;0.90706,0.128803,0.00856858,-0.400723
0.777057,-0.0884501,0.635389;0.904291,0.124936,0.00844284,-0.40814
0.772425,-0.0990863,0.636978;0.900875,0.120282,0.0082911,-0.416999
0.768566,-0.109223,0.638676;0.897358,0.115615,0.00813842,-0.425812
0.765535,-0.118808,0.64049;0.893741,0.110935,0.00798483,-0.434576
0.763121,-0.129222,0.642758;0.889395,0.105459,0.00780452,-0.44474
0.761947,-0.140011,0.645558;0.884262,0.0991814,0.007597,-0.456273
0.762805,-0.150581,0.648984;0.878278,0.0920956,0.00736173,-0.46914
0.766148,-0.159319,0.652719;0.872073,0.0849867,0.00712461,-0.481888
0.773004,-0.166667,0.657248;0.864921,0.0770628,0.00685904,-0.49591
0.782206,-0.170961,0.661681;0.858254,0.0699108,0.00661821,-0.508398
0.791472,-0.172664,0.665373;0.852919,0.0643359,0.00642974,-0.518023
0.800957,-0.172915,0.668713;0.848243,0.0595496,0.00626741,-0.526211
0.811924,-0.171994,0.672219;0.843473,0.0547566,0.00610439,-0.534339
0.822234,-0.170294,0.675272;0.839425,0.0507577,0.00596801,-0.541067
0.833645,-0.167715,0.678446;0.835312,0.0467549,0.00583117,-0.547753
0.843586,-0.164997,0.681073;0.831975,0.04355,0.00572137,-0.553071
