0.905106,0.163155,0.487629;0.95066,0.0974584,0.174796,-0.237052
0.903259,0.152278,0.481295;0.951486,0.0966293,0.172964,-0.235415
0.901503,0.141584,0.475066;0.952305,0.0957994,0.171132,-0.233777
0.899839,0.131072,0.46894;0.953117,0.0949689,0.169298,-0.232138
0.898265,0.120741,0.462918;0.953921,0.0941377,0.167463,-0.230496
0.89678,0.110589,0.456997;0.954719,0.0933058,0.165626,-0.228853
0.895382,0.100614,0.451179;0.95551,0.0924731,0.163789,-0.227208
0.894072,0.0908165,0.445462;0.956293,0.0916398,0.16195,-0.225562
0.892848,0.0811935,0.439845;0.957069,0.0908058,0.16011,-0.223914
0.891709,0.0717441,0.434328;0.957839,0.0899712,0.158268,-0.222264
0.890654,0.0624669,0.428911;0.958601,0.0891359,0.156426,-0.220612
0.889682,0.0533604,0.423591;0.959356,0.0882999,0.154583,-0.218959
0.888792,0.0444232,0.418369;0.960104,0.0874633,0.152738,-0.217304
0.887982,0.0356539,0.413244;0.960845,0.086626,0.150892,-0.215648
0.886918,0.0228118,0.405737;0.961943,0.0853689,0.148121,-0.21316
0.88603,0.0103396,0.398444;0.963025,0.0841103,0.145348,-0.210669
0.885316,-0.00176747,0.391363;0.964091,0.0828504,0.142572,-0.208175
0.884771,-0.0135141,0.384492;0.965141,0.0815891,0.139794,-0.205677
0.884392,-0.0249051,0.377828;0.966175,0.0803264,0.137014,-0.203175
0.884176,-0.0359452,0.371369;0.967193,0.0790624,0.134231,-0.20067
0.88412,-0.0466392,0.365113;0.968195,0.077797,0.131446,-0.198162
0.88422,-0.0569918,0.359057;0.96918,0.0765304,0.128659,-0.195651
0.884472,-0.0670077,0.353199;0.97015,0.0752625,0.12587,-0.193136
0.884874,-0.0766917,0.347536;0.971103,0.0739933,0.123078,-0.190618
0.885421,-0.0860486,0.342067;0.97204,0.072723,0.120285,-0.188097
0.886111,-0.0950832,0.336789;0.972961,0.0714514,0.117489,-0.185573
0.88694,-0.1038,0.3317;0.973866,0.0701786,0.114692,-0.183045
0.888255,-0.114937,0.325203;0.975047,0.0684797,0.110959,-0.179671
0.889803,-0.125528,0.319033;0.976199,0.0667788,0.107223,-0.176291
0.891577,-0.135587,0.313182;0.977323,0.0650759,0.103484,-0.172906
0.893567,-0.145122,0.307646;0.978417,0.0633711,0.0997417,-0.169516
0.895765,-0.154147,0.30242;0.979483,0.0616645,0.0959964,-0.16612
0.898165,-0.162671,0.297497;0.980519,0.059956,0.0922483,-0.16272
0.901434,-0.172641,0.291762;0.981774,0.0578178,0.0875593,-0.158463
0.904988,-0.18187,0.286482;0.982983,0.0556771,0.0828663,-0.154199
0.908812,-0.190378,0.281646;0.984147,0.0535337,0.0781695,-0.149928
0.913733,-0.199671,0.276414;0.985484,0.0509584,0.0725285,-0.144793
0.918992,-0.207996,0.271788;0.986754,0.0483797,0.0668827,-0.139648
0.924562,-0.215394,0.267749;0.98796,0.0457978,0.0612325,-0.134495
0.931416,-0.222901,0.263754;0.989283,0.0427817,0.0546354,-0.128471
0.938613,-0.229258,0.260502;0.990516,0.0397618,0.0480334,-0.122435
0.947201,-0.23519,0.257659;0.991815,0.036306,0.0404829,-0.115524
0.956115,-0.239787,0.255705;0.992997,0.0328459,0.0329276,-0.108598
0.966453,-0.243476,0.254514;0.994186,0.0289487,0.0244233,-0.100792
0.977028,-0.245717,0.254329;0.995226,0.0250472,0.0159154,-0.0929711
0.987751,-0.24664,0.255087;0.996117,0.0211419,0.00740501,-0.0851359
0.998527,-0.246372,0.256726;0.996859,0.0172334,-0.00110645,-0.077288
1.00927,-0.245043,0.259181;0.997452,0.0133224,-0.00961774,-0.0694285
1.01871,-0.243073,0.262;0.997853,0.00984418,-0.0171822,-0.0624336
1.02804,-0.240436,0.265393;0.998005,0.0249231,-0.0190925,-0.054772
1.03706,-0.237248,0.269275;0.996827,0.0632254,-0.0137813,-0.0463496
1.04582,-0.233525,0.273662;0.994086,0.101429,-0.00844853,-0.0378544
1.05383,-0.229557,0.278259;0.990067,0.137364,-0.00339972,-0.0297766
1.06154,-0.225184,0.283286;0.984663,0.173108,0.00165385,-0.021657
1.06894,-0.220441,0.288733;0.977883,0.20861,0.00670511,-0.0135072
1.07597,-0.215362,0.29459;0.969735,0.24382,0.011747,-0.00533855
1.08262,-0.209981,0.300846;0.960231,0.278689,0.0167724,0.0028376
1.0885,-0.204673,0.307091;0.950059,0.311152,0.021481,0.0105294
1.09398,-0.199157,0.313672;0.938711,0.343229,0.0261629,0.0182081
1.09903,-0.193462,0.320582;0.926199,0.374882,0.0308124,0.0258643
1.10364,-0.187617,0.327811;0.912541,0.40607,0.0354238,0.0334885
1.10777,-0.181651,0.335351;0.897752,0.436755,0.0399913,0.0410711
1.11141,-0.175592,0.343194;0.881852,0.466899,0.0445092,0.0486029
1.11451,-0.169469,0.351332;0.864859,0.496465,0.0489721,0.0560745
1.11692,-0.163696,0.35922;0.847954,0.523625,0.053101,0.0630163
1.11882,-0.157916,0.367353;0.830127,0.550215,0.0571721,0.0698894
1.12019,-0.152152,0.375722;0.811396,0.576206,0.0611809,0.0766864
1.121,-0.146429,0.384323;0.791781,0.601569,0.0651232,0.0833999
1.12125,-0.140769,0.393146;0.771305,0.626278,0.0689945,0.0900227
1.1209,-0.135197,0.402186;0.749989,0.650305,0.0727908,0.0965474
1.12002,-0.130096,0.410812;0.729357,0.672092,0.0762625,0.102543
1.11859,-0.125112,0.419614;0.708033,0.693242,0.079662,0.10844
1.11658,-0.120262,0.428588;0.686038,0.713734,0.0829858,0.114235
1.11398,-0.115567,0.437727;0.663392,0.733549,0.086231,0.119922
1.11103,-0.111363,0.446356;0.6418,0.751327,0.0891712,0.125101
1.10754,-0.107324,0.455118;0.619683,0.76849,0.0920385,0.130177
1.1035,-0.103466,0.464009;0.597059,0.785024,0.0948306,0.135147
1.09889,-0.0998038,0.473024;0.573947,0.800917,0.0975451,0.140007
1.09412,-0.0966109,0.481452;0.552196,0.815006,0.09998,0.144391
1.08885,-0.0936104,0.489978;0.53006,0.828527,0.102345,0.148674
1.0831,-0.0908289,0.498551;0.508082,0.840908,0.103347,0.155067
1.077,-0.0883188,0.506996;0.48849,0.849602,0.0971736,0.173526
1.07096,-0.0861799,0.514842;0.470042,0.856995,0.0914027,0.190436
1.06456,-0.084211,0.522716;0.451258,0.863776,0.0855665,0.207211
1.05783,-0.0824109,0.530598;0.432151,0.86994,0.0796692,0.223837
1.0508,-0.0807786,0.538467;0.412736,0.875482,0.073715,0.240304
1.04349,-0.0793131,0.546305;0.393026,0.880399,0.0677081,0.256599
1.03656,-0.0781154,0.553444;0.374711,0.884355,0.0621592,0.271375
1.02945,-0.0770561,0.560524;0.356172,0.887779,0.056573,0.285989
1.02217,-0.0761346,0.567528;0.337419,0.89067,0.0509528,0.300431
1.01474,-0.0753498,0.574442;0.318463,0.893027,0.0453021,0.314692
1.00718,-0.0747012,0.58125;0.299317,0.894848,0.0396242,0.328765
0.999522,-0.0741878,0.587936;0.27999,0.896132,0.0339224,0.34264
0.991776,-0.0738088,0.594485;0.260496,0.896878,0.0282004,0.35631
0.983967,-0.0735636,0.600881;0.240845,0.897086,0.0224614,0.369766
0.976115,-0.0734511,0.60711;0.221049,0.896755,0.0167089,0.382999
0.967526,-0.0734791,0.613695;0.199304,0.89578,0.0104221,0.397174
0.958939,-0.0736631,0.620041;0.177415,0.894166,0.00412794,0.411065
0.95038,-0.0740023,0.626128;0.1554,0.891913,-0.00216921,0.424662
0.941878,-0.0744954,0.631936;0.133274,0.889022,-0.0084648,0.437956
0.933459,-0.0751416,0.637445;0.111053,0.885497,-0.0147544,0.450937
0.924465,-0.076013,0.643052;0.0868914,0.880965,-0.021556,0.464636
0.915635,-0.0770614,0.64826;0.0626566,0.875693,-0.0283396,0.477946
0.906351,-0.078387,0.65339;0.0364995,0.869196,-0.0356182,0.491831
0.897341,-0.0799146,0.657995;0.0103069,0.861854,-0.0428623,0.505237
0.888041,-0.0817737,0.662309;-0.017767,0.853057,-0.0505773,0.519057
0.878583,-0.0840081,0.66616;-0.0476899,0.842625,-0.0587442,0.533158
0.869129,-0.0866637,0.669351;-0.0794158,0.830369,-0.0673397,0.547399
0.859869,-0.0897885,0.671656;-0.112883,0.816095,-0.0763352,0.561622
0.850596,-0.0936339,0.67284;-0.149853,0.798698,-0.0861858,0.576365
0.841778,-0.0983121,0.672361;-0.190175,0.777733,-0.0968232,0.591261
0.834,-0.103944,0.669568;-0.233638,0.752735,-0.108162,0.605892
0.828171,-0.110388,0.66397;-0.2782,0.724409,-0.119644,0.619291
0.825153,-0.116539,0.656633;-0.316707,0.697622,-0.129442,0.629496
0.824273,-0.122208,0.64838;-0.349354,0.673138,-0.137655,0.637094
0.824935,-0.127556,0.639421;-0.378036,0.650208,-0.144795,0.642925
0.82672,-0.13249,0.630233;-0.402894,0.629201,-0.150923,0.647306
0.829269,-0.137,0.621113;-0.417033,0.619111,-0.154044,0.647346
0.832259,-0.141069,0.61234;-0.406056,0.637963,-0.149992,0.636886
0.835592,-0.144889,0.603685;-0.39578,0.654908,-0.146199,0.62696
0.839458,-0.148788,0.594479;-0.385304,0.671522,-0.142332,0.616718
0.843409,-0.152392,0.585663;-0.37561,0.686331,-0.138754,0.607136
0.847752,-0.156047,0.576447;-0.36576,0.700853,-0.135118,0.597301
0.851975,-0.159375,0.567833;-0.356764,0.713672,-0.131798,0.588235
0.856479,-0.162734,0.558937;-0.347647,0.72625,-0.128432,0.578971
0.861246,-0.166118,0.549779;-0.338413,0.738583,-0.125024,0.56951
0.866259,-0.169524,0.540376;-0.329064,0.750665,-0.121573,0.559856
0.870907,-0.172566,0.53183;-0.32066,0.761192,-0.11847,0.551117
0.875724,-0.175618,0.52312;-0.31217,0.771515,-0.115336,0.542229
0.880697,-0.178676,0.51426;-0.303597,0.781631,-0.112172,0.533197
0.885815,-0.181737,0.505264;-0.294943,0.791539,-0.108977,0.524022
0.891065,-0.184798,0.496145;-0.28621,0.801235,-0.105753,0.514707
0.896434,-0.187855,0.486918;-0.2774,0.810716,-0.102501,0.505254
0.901912,-0.190905,0.477595;-0.268516,0.819981,-0.0992214,0.495666
0.907486,-0.193945,0.46819;-0.259561,0.829027,-0.0959153,0.485945
0.912431,-0.196594,0.459904;-0.251667,0.83676,-0.0930014,0.477333
0.917433,-0.19923,0.451575;-0.243723,0.844322,-0.0900685,0.468623
0.922483,-0.201852,0.443212;-0.235728,0.85171,-0.0871171,0.459818
0.927572,-0.204456,0.434825;-0.227685,0.858925,-0.0841478,0.450918
0.932692,-0.20704,0.426421;-0.219595,0.865963,-0.0811614,0.441925
0.937836,-0.209603,0.418011;-0.211461,0.872825,-0.0781583,0.432843
0.942996,-0.212142,0.409604;-0.203283,0.879507,-0.0751392,0.423671
0.948162,-0.214654,0.401208;-0.195064,0.88601,-0.0721047,0.414413
0.953328,-0.217139,0.392833;-0.186804,0.892331,-0.0690555,0.40507
0.958485,-0.219592,0.384488;-0.178506,0.898469,-0.0659921,0.395644
0.963624,-0.222013,0.376182;-0.170172,0.904423,-0.0629152,0.386137
0.968738,-0.224398,0.367924;-0.161803,0.910192,-0.0598254,0.376551
0.974541,-0.227078,0.358557;-0.152198,0.916557,-0.0562793,0.365501
0.980289,-0.229706,0.349279;-0.142552,0.922677,-0.0527181,0.354354
0.985968,-0.232278,0.340102;-0.132868,0.92855,-0.0491428,0.343111
0.991567,-0.234792,0.331041;-0.123149,0.934175,-0.0455544,0.331777
0.997074,-0.237243,0.322109;-0.113396,0.93955,-0.0419538,0.320354
1.00248,-0.239628,0.313321;-0.103614,0.944674,-0.038342,0.308846
1.00776,-0.241945,0.304688;-0.0938033,0.949545,-0.0347199,0.297255
1.01292,-0.244188,0.296226;-0.0839678,0.954162,-0.0310885,0.285584
1.01856,-0.246622,0.286927;-0.0728761,0.959051,-0.0269933,0.272364
1.02399,-0.248955,0.277879;-0.0617597,0.963615,-0.022889,0.259051
1.02922,-0.251183,0.269102;-0.0506225,0.967854,-0.0187769,0.245651
1.03422,-0.253301,0.260617;-0.0394681,0.971764,-0.0146585,0.232167
1.03948,-0.255519,0.251553;-0.0270588,0.975724,-0.0100767,0.217093
1.04441,-0.257588,0.242898;-0.0146382,0.979275,-0.00549075,0.201929
1.04942,-0.259685,0.233882;-0.000968734,0.98271,-0.000443579,0.185151
1.05437,-0.261749,0.22469;0.0139438,0.985889,0.00506259,0.166741
1.05907,-0.263708,0.215542;0.0300892,0.988664,0.0110241,0.146684
1.06357,-0.265592,0.206106;0.0486915,0.990999,0.0178927,0.123414
1.06738,-0.267214,0.196972;0.0697178,0.992518,0.0256566,0.0969016
1.0702,-0.268514,0.187143;0.0992527,0.992622,0.0365623,0.0592809
1.06638,-0.267539,0.179569;0.153931,0.986382,0.056753,-0.0115708
1.05722,-0.264469,0.182881;0.187326,0.978284,0.0690846,-0.0556451
1.04885,-0.261608,0.188202;0.207308,0.971802,0.0764638,-0.0823247
1.04051,-0.258745,0.194374;0.205025,0.971764,0.0741416,-0.0902361
1.03279,-0.256081,0.200545;0.193526,0.974644,0.0679232,-0.0894586
1.02534,-0.253495,0.206788;0.183435,0.977021,0.0624721,-0.0887651
1.01727,-0.250677,0.213779;0.173319,0.979263,0.0570124,-0.0880594
1.00989,-0.248085,0.220339;0.164629,0.981077,0.0523263,-0.0874448
1.00212,-0.245334,0.2274;0.155923,0.982792,0.047635,-0.0868214
0.993974,-0.24243,0.234938;0.147201,0.984408,0.0429388,-0.0861892
0.986918,-0.239896,0.241568;0.139921,0.985679,0.039022,-0.0856557
0.979633,-0.237262,0.2485;0.132631,0.98688,0.0351025,-0.0851162
0.972135,-0.234531,0.255722;0.125332,0.988012,0.0311805,-0.0845708
0.964436,-0.231705,0.26322;0.118024,0.989074,0.0272563,-0.0840193
0.956552,-0.228788,0.270981;0.110708,0.990067,0.0233302,-0.083462
0.948497,-0.225783,0.278991;0.103384,0.990991,0.0194025,-0.0828988
0.940285,-0.222692,0.287238;0.0960525,0.991845,0.0154734,-0.0823298
0.931929,-0.219519,0.295708;0.0887145,0.992629,0.0115432,-0.081755
0.925152,-0.216923,0.302636;0.0828396,0.993206,0.0083984,-0.0812911
0.918298,-0.214277,0.309692;0.076961,0.993739,0.00525327,-0.0808235
0.911377,-0.211584,0.316868;0.0710789,0.994227,0.00210791,-0.0803522
0.904396,-0.208844,0.324159;0.0651937,0.99467,-0.00103756,-0.0798773
0.89736,-0.206059,0.331557;0.0593055,0.995068,-0.00418297,-0.0793989
0.890279,-0.20323,0.339055;0.0534146,0.995422,-0.0073282,-0.0789169
0.883159,-0.20036,0.346648;0.0475213,0.995731,-0.0104731,-0.0784313
0.876007,-0.197449,0.354327;0.0416259,0.995995,-0.0136175,-0.0779422
0.86883,-0.194499,0.362087;0.0357286,0.996215,-0.0167613,-0.0774496
0.861637,-0.191512,0.36992;0.0298298,0.99639,-0.0199044,-0.0769535
0.854433,-0.188488,0.377821;0.0239295,0.996519,-0.0230466,-0.076454
0.847227,-0.185431,0.385781;0.0180283,0.996605,-0.0261877,-0.075951
0.840025,-0.18234,0.393794;0.0121261,0.996645,-0.0293276,-0.0754446
0.832836,-0.179217,0.401854;0.00622349,0.99664,-0.0324663,-0.0749348
0.825665,-0.176065,0.409954;0.000320564,0.996591,-0.0356035,-0.0744217
0.818521,-0.172884,0.418086;-0.00558238,0.996497,-0.038739,-0.0739052
0.81141,-0.169676,0.426245;-0.0114851,0.996358,-0.0418729,-0.0733853
0.804341,-0.166443,0.434423;-0.0173873,0.996174,-0.0450048,-0.0728622
0.797319,-0.163186,0.442614;-0.0232887,0.995946,-0.0481347,-0.0723358
0.790353,-0.159906,0.450811;-0.029189,0.995673,-0.0512625,-0.0718062
0.783449,-0.156605,0.459007;-0.035088,0.995355,-0.054388,-0.0712733
0.776616,-0.153285,0.467196;-0.0409855,0.994992,-0.057511,-0.0707372
0.769859,-0.149947,0.47537;-0.0468811,0.994584,-0.0606314,-0.070198
0.763187,-0.146592,0.483522;-0.0527746,0.994132,-0.0637491,-0.0696556
0.756607,-0.143222,0.491647;-0.0586658,0.993635,-0.066864,-0.06911
0.750126,-0.139839,0.499738;-0.0645543,0.993094,-0.0699758,-0.0685614
0.74375,-0.136444,0.507786;-0.0704399,0.992508,-0.0730845,-0.0680096
0.737489,-0.133038,0.515787;-0.0763223,0.991877,-0.0761899,-0.0674548
0.731348,-0.129623,0.523733;-0.0822013,0.991202,-0.0792919,-0.066897
0.725335,-0.126201,0.531617;-0.0880766,0.990482,-0.0823903,-0.0663362
0.719457,-0.122772,0.539432;-0.093948,0.989717,-0.085485,-0.0657724
0.713722,-0.11934,0.547172;-0.0998151,0.988908,-0.0885758,-0.0652056
0.708136,-0.115904,0.55483;-0.105678,0.988055,-0.0916627,-0.0646359
0.701376,-0.111607,0.564278;-0.112999,0.986926,-0.0955155,-0.0639197
0.694875,-0.107311,0.573573;-0.120313,0.985727,-0.0993616,-0.063199
0.688648,-0.103018,0.582703;-0.127618,0.984459,-0.103201,-0.0624739
0.682708,-0.0987317,0.591654;-0.134914,0.983122,-0.107033,-0.0617443
0.677071,-0.0944547,0.600414;-0.142201,0.981717,-0.110857,-0.0610105
0.67175,-0.09019,0.60897;-0.149478,0.980242,-0.114673,-0.0602723
0.666759,-0.0859405,0.617307;-0.156744,0.978698,-0.118482,-0.0595299
0.662113,-0.0817091,0.625413;-0.163999,0.977085,-0.122282,-0.0587834
0.657012,-0.0766595,0.634817;-0.172691,0.97506,-0.126831,-0.0578821
0.652452,-0.0716452,0.643846;-0.181364,0.972936,-0.131367,-0.0569749
0.648457,-0.0666714,0.652477;-0.190019,0.970713,-0.13589,-0.056062
0.645053,-0.061743,0.660688;-0.198655,0.968392,-0.140399,-0.0551433
0.64186,-0.0560575,0.669705;-0.208705,0.965561,-0.145641,-0.0540646
0.639542,-0.0504488,0.678083;-0.218727,0.962597,-0.150864,-0.0529784
0.638014,-0.0441432,0.686828;-0.230142,0.959047,-0.156807,-0.0517281
0.637795,-0.0371968,0.695544;-0.242936,0.954847,-0.163459,-0.0503104
0.639243,-0.0304229,0.702997;-0.255674,0.95043,-0.170074,-0.0488813
0.642909,-0.0231194,0.709703;-0.269758,0.945268,-0.177379,-0.0472804
0.648848,-0.0160734,0.71465;-0.283768,0.939841,-0.184633,-0.0456661
0.656231,-0.00997151,0.71751;-0.296308,0.934731,-0.191118,-0.0442024
0.665631,-0.00411417,0.718783;-0.308781,0.929408,-0.19756,-0.0427285
0.675745,0.000873242,0.718518;-0.319809,0.924499,-0.203248,-0.0414102
0.686002,0.00505821,0.717165;-0.329411,0.920067,-0.208195,-0.0402506
0.695868,0.00850596,0.715143;-0.337605,0.916167,-0.212412,-0.0392523
0.706754,0.0118197,0.712301;-0.345766,0.912175,-0.216608,-0.03825
0.71662,0.0144752,0.70929;-0.35254,0.908778,-0.220088,-0.0374117
0.727226,0.0170312,0.705681;-0.359289,0.905317,-0.223553,-0.0365709
