1.00797,0.29184,0.402386;0.93181,0.198224,0.237352,-0.190002
0.999263,0.296687,0.407856;0.932175,0.192212,0.236637,-0.195209
0.99088,0.301178,0.413147;0.932481,0.186187,0.235907,-0.200404
0.982821,0.305318,0.41826;0.932727,0.18015,0.235161,-0.205586
0.973194,0.310008,0.424409;0.932951,0.172588,0.234209,-0.212045
0.964053,0.314168,0.430292;0.933081,0.165009,0.233233,-0.218482
0.955387,0.317808,0.435917;0.933118,0.157413,0.232233,-0.224898
0.947185,0.320938,0.441289;0.933062,0.149802,0.23121,-0.231291
0.937938,0.324036,0.44741;0.932872,0.140649,0.229953,-0.238933
0.929324,0.326433,0.453187;0.932548,0.131475,0.228662,-0.24654
0.920048,0.328366,0.459505;0.932,0.120748,0.227115,-0.25537
0.911575,0.329397,0.465386;0.93127,0.109998,0.225523,-0.26415
0.902838,0.329506,0.471593;0.930213,0.0976865,0.22365,-0.274121
0.894158,0.328316,0.477952;0.928739,0.0838058,0.221474,-0.285255
0.885866,0.325432,0.484282;0.926748,0.0683513,0.218973,-0.297517
0.878287,0.320457,0.49041;0.924132,0.05132,0.21612,-0.310868
0.872206,0.313699,0.495726;0.921068,0.0342639,0.213163,-0.324069
0.867507,0.305266,0.500296;0.91756,0.0171912,0.210103,-0.337113
0.864332,0.296238,0.503858;0.913985,0.00166315,0.207233,-0.34883
0.862111,0.285999,0.506907;0.910046,-0.0138656,0.204281,-0.360408
0.860854,0.275814,0.509252;0.90619,-0.0278368,0.201553,-0.370705
0.860232,0.264774,0.511258;0.90204,-0.0417991,0.198761,-0.380882
0.86016,0.25429,0.512785;0.898106,-0.0541988,0.196225,-0.389825
0.860493,0.243219,0.514096;0.893943,-0.0665846,0.193638,-0.398668
0.86108,0.233082,0.515087;0.890113,-0.0774084,0.191334,-0.406322
0.861911,0.222557,0.51595;0.886109,-0.088217,0.188993,-0.413897
0.862957,0.21167,0.516701;0.881931,-0.0990083,0.186615,-0.421391
0.864185,0.200449,0.517358;0.87758,-0.10978,0.1842,-0.428802
0.865566,0.188923,0.517937;0.873058,-0.120531,0.18175,-0.43613
0.866848,0.178822,0.518384;0.869046,-0.129727,0.179621,-0.442343
0.8682,0.168535,0.518797;0.864909,-0.138904,0.177466,-0.448492
0.869606,0.158065,0.519187;0.869572,-0.161687,0.167509,-0.43548
0.870995,0.147853,0.519545;0.874933,-0.186051,0.15628,-0.418873
0.872411,0.137502,0.519891;0.879398,-0.210224,0.144891,-0.401836
0.873847,0.127022,0.520228;0.882962,-0.234182,0.133353,-0.384387
0.875292,0.116421,0.520561;0.885622,-0.2579,0.121678,-0.366545
0.876642,0.106424,0.520873;0.887286,-0.279799,0.110669,-0.349554
0.877986,0.0963345,0.521187;0.888159,-0.301448,0.0995619,-0.33225
0.879316,0.0861601,0.521509;0.888239,-0.322828,0.0883655,-0.31465
0.880625,0.075907,0.521841;0.887527,-0.343921,0.0770903,-0.296769
0.881907,0.065582,0.522186;0.886022,-0.364706,0.0657462,-0.278624
0.883153,0.0551917,0.522549;0.883727,-0.385166,0.0543436,-0.26023
0.884357,0.0447427,0.522931;0.880644,-0.405283,0.0428924,-0.241603
0.88551,0.0342418,0.523338;0.876775,-0.425037,0.0314029,-0.222761
0.886607,0.0236957,0.523771;0.872124,-0.444413,0.0198855,-0.203721
0.88764,0.013111,0.524235;0.866694,-0.463392,0.00835026,-0.184498
0.888602,0.00249431,0.524733;0.860491,-0.481958,-0.00319239,-0.165111
0.889484,-0.00814757,0.525267;0.853521,-0.500093,-0.0147322,-0.145577
0.890281,-0.018808,0.525843;0.845788,-0.517782,-0.0262589,-0.125912
0.890985,-0.0294804,0.526462;0.837301,-0.53501,-0.0377621,-0.106136
0.891588,-0.0401579,0.527128;0.828068,-0.55176,-0.0492316,-0.0862644
0.892084,-0.050834,0.527845;0.818095,-0.568017,-0.0606573,-0.0663161
0.892465,-0.061502,0.528616;0.807392,-0.583768,-0.0720288,-0.0463087
0.892724,-0.0721551,0.529445;0.795969,-0.598998,-0.083336,-0.0262599
0.892854,-0.0827867,0.530334;0.783836,-0.613694,-0.0945689,-0.00618767
0.892848,-0.0933902,0.531287;0.771003,-0.627842,-0.105717,0.0138901
0.892697,-0.103959,0.532307;0.757482,-0.64143,-0.116772,0.0339554
0.892396,-0.114486,0.533399;0.743286,-0.654445,-0.127721,0.0539905
0.891937,-0.124965,0.534564;0.728426,-0.666877,-0.138558,0.0739773
0.891312,-0.135389,0.535807;0.712917,-0.678713,-0.14927,0.0938982
0.890514,-0.145752,0.537131;0.696771,-0.689944,-0.159849,0.113735
0.889537,-0.156046,0.538539;0.680004,-0.700559,-0.170286,0.133471
0.888373,-0.166265,0.540035;0.66263,-0.71055,-0.18057,0.153087
0.887014,-0.176403,0.541622;0.644664,-0.719906,-0.190694,0.172567
0.885454,-0.186453,0.543303;0.626124,-0.72862,-0.200647,0.191893
0.883685,-0.196408,0.545082;0.607024,-0.736684,-0.210422,0.211048
0.8817,-0.206261,0.546962;0.587384,-0.74409,-0.220008,0.230014
0.879491,-0.216005,0.548947;0.567219,-0.750833,-0.229399,0.248776
0.877053,-0.225635,0.551039;0.546548,-0.756906,-0.238584,0.267315
0.874376,-0.235144,0.553242;0.525389,-0.762303,-0.247557,0.285616
0.871455,-0.244524,0.55556;0.503762,-0.76702,-0.256309,0.303662
0.868187,-0.25403,0.558067;0.496229,-0.770744,-0.257172,0.305896
0.864716,-0.263236,0.560655;0.509915,-0.773212,-0.246631,0.285137
0.861008,-0.272284,0.563355;0.523225,-0.775111,-0.235909,0.264169
0.857082,-0.281163,0.566161;0.536151,-0.77644,-0.225014,0.243006
0.852957,-0.289861,0.569065;0.548683,-0.777198,-0.213953,0.221664
0.848285,-0.299067,0.572315;0.561803,-0.777374,-0.201793,0.198361
0.843424,-0.308034,0.575662;0.574438,-0.776879,-0.189459,0.174886
0.838399,-0.316748,0.579098;0.586577,-0.775714,-0.176962,0.15126
0.833232,-0.325194,0.582615;0.598211,-0.773879,-0.164312,0.127504
0.827948,-0.333358,0.586202;0.609328,-0.771376,-0.15152,0.103638
0.822571,-0.341226,0.589851;0.619919,-0.768207,-0.138597,0.0796824
0.817122,-0.348783,0.593552;0.629975,-0.764376,-0.125554,0.055658
0.811204,-0.356559,0.597587;0.640196,-0.759512,-0.111388,0.0297324
0.805261,-0.363941,0.601661;0.649776,-0.753888,-0.0971097,0.00377705
0.799323,-0.37091,0.605763;0.658706,-0.747509,-0.0827344,-0.0221821
0.792999,-0.377901,0.610176;0.667542,-0.739844,-0.0672408,-0.0499701
0.786752,-0.384376,0.614594;0.675611,-0.731329,-0.0516699,-0.0777007
0.780213,-0.390691,0.619297;0.683362,-0.721321,-0.034996,-0.107181
0.773454,-0.396702,0.624263;0.690618,-0.709654,-0.0172303,-0.138349
0.766568,-0.402247,0.629465;0.69719,-0.69616,0.00160752,-0.171127
0.759669,-0.407145,0.634868;0.702876,-0.680667,0.0214884,-0.205418
0.752572,-0.411364,0.640701;0.707652,-0.662084,0.0434145,-0.242875
0.745266,-0.414577,0.64714;0.711159,-0.639024,0.0683502,-0.285009
0.738016,-0.41604,0.654273;0.712606,-0.60975,0.0971827,-0.333097
0.7317,-0.414527,0.661814;0.710767,-0.573313,0.129651,-0.386411
0.727669,-0.408967,0.668967;0.704743,-0.531319,0.163402,-0.440838
0.726736,-0.400482,0.674416;0.695971,-0.491653,0.192389,-0.486711
0.727965,-0.391155,0.678115;0.68665,-0.458284,0.214947,-0.52181
0.730417,-0.381652,0.680696;0.702361,-0.442863,0.215531,-0.513914
0.733546,-0.372193,0.682571;0.722474,-0.432949,0.210699,-0.496178
0.737244,-0.362381,0.684039;0.740698,-0.423366,0.206029,-0.479248
0.741296,-0.352471,0.685167;0.757136,-0.41419,0.201557,-0.463213
0.745521,-0.34268,0.686016;0.771885,-0.405488,0.197316,-0.448151
0.749769,-0.333193,0.686638;0.78504,-0.39732,0.193336,-0.434133
0.754347,-0.323244,0.687116;0.79784,-0.388971,0.189268,-0.419918
0.758768,-0.313823,0.687431;0.809163,-0.381229,0.185495,-0.40683
0.763415,-0.304063,0.687635;0.820184,-0.373344,0.181653,-0.393591
0.767772,-0.295006,0.687728;0.829842,-0.366129,0.178138,-0.381549
0.772277,-0.285707,0.687738;0.839248,-0.358802,0.174568,-0.369392
0.776915,-0.27618,0.687668;0.848399,-0.351367,0.170945,-0.357123
0.781669,-0.26644,0.68752;0.857295,-0.343826,0.167271,-0.344746
0.786523,-0.256502,0.687299;0.86593,-0.33618,0.163546,-0.332265
0.790909,-0.247514,0.687042;0.873386,-0.329299,0.160194,-0.321086
0.795351,-0.238392,0.686731;0.880634,-0.322339,0.156803,-0.30983
0.799836,-0.229146,0.686369;0.88767,-0.315302,0.153374,-0.2985
0.804354,-0.219786,0.685956;0.894495,-0.308189,0.149909,-0.287099
0.808893,-0.210324,0.685495;0.901105,-0.301003,0.146408,-0.275629
0.813442,-0.200769,0.684989;0.9075,-0.293744,0.142873,-0.264093
0.81799,-0.191133,0.684439;0.913678,-0.286416,0.139302,-0.252494
0.822525,-0.181425,0.683847;0.919637,-0.279018,0.135699,-0.240835
0.827037,-0.171656,0.683215;0.925377,-0.271555,0.132063,-0.229118
0.831513,-0.161836,0.682547;0.930895,-0.264026,0.128396,-0.217346
0.835942,-0.151976,0.681843;0.936191,-0.256434,0.124697,-0.205522
0.840314,-0.142087,0.681105;0.941262,-0.248781,0.120969,-0.193649
0.844616,-0.132178,0.680337;0.946109,-0.241068,0.117212,-0.18173
0.848839,-0.122261,0.679539;0.950729,-0.233297,0.113428,-0.169767
0.852969,-0.112345,0.678715;0.955122,-0.225471,0.109615,-0.157764
0.856996,-0.102442,0.677865;0.959286,-0.217591,0.105777,-0.145723
0.860909,-0.0925607,0.676993;0.963221,-0.209659,0.101914,-0.133647
0.864697,-0.0827129,0.6761;0.966926,-0.201677,0.0980256,-0.121539
0.868347,-0.0729087,0.675188;0.970399,-0.193646,0.0941141,-0.109402
0.871849,-0.0631585,0.67426;0.973641,-0.185569,0.0901802,-0.0972392
0.875191,-0.0534728,0.673317;0.976649,-0.177448,0.0862247,-0.0850529
0.878363,-0.043862,0.672362;0.979424,-0.169284,0.0822486,-0.0728462
0.881352,-0.0343366,0.671397;0.981965,-0.16108,0.0782528,-0.0606221
0.884484,-0.0237356,0.670301;0.984542,-0.151804,0.0737352,-0.0468528
0.887354,-0.0132708,0.669198;0.986822,-0.142483,0.0691953,-0.0330693
0.889947,-0.0029571,0.66809;0.988803,-0.133118,0.0646345,-0.0192758
0.892247,0.00719062,0.666981;0.990484,-0.123713,0.0600541,-0.00547645
0.894238,0.0171575,0.665874;0.991866,-0.114271,0.0554555,0.00832455
0.896067,0.0280015,0.664648;0.993049,-0.103739,0.0503263,0.0236558
0.897473,0.0385834,0.663433;0.993861,-0.0931678,0.0451783,0.0389783
0.898433,0.0488828,0.662231;0.994301,-0.0825621,0.0400135,0.0542862
0.898946,0.0597901,0.660938;0.994548,-0.070315,0.0348312,0.0686808
0.898905,0.0698096,0.65973;0.995609,-0.0548755,0.0327857,0.0683807
0.898269,0.0808345,0.658373;0.996525,-0.0372142,0.0304381,0.0680174
0.897061,0.0914056,0.657033;0.997124,-0.019541,0.0280809,0.0676324
0.895338,0.101523,0.655705;0.997405,-0.00186169,0.0257147,0.0672259
0.892858,0.112363,0.654217;0.997341,0.018028,0.0230431,0.066743
0.889884,0.122631,0.652726;0.996876,0.0379105,0.0203621,0.0662331
0.886499,0.132325,0.651223;0.996009,0.0577776,0.0176729,0.0656966
0.882359,0.142426,0.64953;0.994575,0.0798246,0.0146766,0.0650695
0.877928,0.151821,0.647798;0.992646,0.101832,0.011673,0.06441
0.872856,0.161341,0.645835;0.989953,0.125981,0.00836244,0.0636475
0.867723,0.17001,0.643795;0.986665,0.150054,0.00504681,0.0628467
0.862233,0.178495,0.641461;0.982401,0.176212,0.00142636,0.06193
0.856636,0.186545,0.638783;0.976987,0.204407,-0.00249686,0.0608868
0.850951,0.19436,0.635464;0.96972,0.236725,-0.00702083,0.0596197
0.845517,0.201995,0.630845;0.958958,0.277276,-0.0127393,0.0579189
0.842617,0.208352,0.623627;0.941445,0.331945,-0.0205254,0.0554237
0.847112,0.20996,0.614823;0.919909,0.387533,-0.0285376,0.0526355
0.854862,0.208369,0.608487;0.904633,0.421825,-0.033531,0.0507813
0.863777,0.205796,0.603183;0.892072,0.447641,-0.0373174,0.049314
0.872572,0.203019,0.598814;0.881899,0.467245,-0.0402088,0.048157
0.882031,0.199927,0.594655;0.872368,0.48469,-0.042794,0.0470952
0.891738,0.196708,0.59077;0.863601,0.500032,-0.0450776,0.0461355
0.901281,0.193527,0.587221;0.855704,0.513327,-0.0470639,0.0452837
0.911845,0.190008,0.583526;0.847599,0.526496,-0.0490387,0.0444208
