0.693534,-0.203111,0.592352;0.502883,-0.588431,0.372864,0.511694
0.696292,-0.192514,0.594286;0.505319,-0.58902,0.366987,0.512863
0.699018,-0.182063,0.59619;0.507733,-0.589584,0.361095,0.514011
0.701713,-0.171758,0.598064;0.510126,-0.590124,0.355187,0.515138
0.704376,-0.161598,0.599907;0.512498,-0.590639,0.349264,0.516243
0.707008,-0.151583,0.601721;0.514848,-0.591128,0.343327,0.517326
0.709608,-0.141711,0.603505;0.517176,-0.591593,0.337375,0.518387
0.712177,-0.131982,0.605259;0.519482,-0.592033,0.331409,0.519426
0.714715,-0.122394,0.606983;0.521767,-0.592448,0.325429,0.520443
0.718051,-0.109831,0.609237;0.524778,-0.592962,0.317434,0.521766
0.721333,-0.0975162,0.611439;0.527751,-0.593432,0.309415,0.523049
0.72456,-0.0854489,0.61359;0.530683,-0.593857,0.301373,0.524293
0.727734,-0.073627,0.615689;0.533576,-0.594238,0.293309,0.525497
0.730854,-0.0620485,0.617737;0.536429,-0.594574,0.285223,0.526663
0.733922,-0.0507117,0.619734;0.539242,-0.594866,0.277115,0.527788
0.736936,-0.0396146,0.621682;0.542014,-0.595113,0.268986,0.528874
0.739898,-0.0287554,0.623579;0.544745,-0.595315,0.260838,0.529921
0.742809,-0.0181322,0.625427;0.547436,-0.595473,0.252669,0.530928
0.745668,-0.00774322,0.627226;0.550086,-0.595586,0.244482,0.531894
0.748475,0.00241351,0.628976;0.552694,-0.595654,0.236276,0.532821
0.751232,0.0123398,0.630677;0.555261,-0.595678,0.228053,0.533708
0.753938,0.0220375,0.63233;0.557786,-0.595657,0.219813,0.534555
0.75725,0.0338411,0.634329;0.560884,-0.595568,0.209489,0.535558
0.760485,0.0452942,0.636254;0.563916,-0.595409,0.199141,0.536497
0.763643,0.0564003,0.638105;0.566882,-0.595181,0.188769,0.537374
0.766724,0.0671631,0.639884;0.569782,-0.594882,0.178376,0.538188
0.76973,0.0775863,0.64159;0.572614,-0.594514,0.167961,0.538939
0.772661,0.0876735,0.643225;0.57538,-0.594076,0.157527,0.539626
0.775519,0.0974284,0.644789;0.578078,-0.593569,0.147074,0.54025
0.77885,0.108701,0.646573;0.581227,-0.592868,0.134508,0.540916
0.782078,0.119506,0.648257;0.584277,-0.592068,0.12192,0.54149
0.785202,0.12985,0.649842;0.587229,-0.591167,0.10931,0.541973
0.788224,0.13974,0.651329;0.590081,-0.590167,0.0966828,0.542365
0.791622,0.150713,0.652943;0.593284,-0.588874,0.0819301,0.542706
0.794886,0.161085,0.654427;0.596349,-0.587446,0.0671586,0.542922
0.798016,0.170868,0.655783;0.599278,-0.585883,0.0523717,0.543014
0.801432,0.181338,0.657178;0.602457,-0.583932,0.0354578,0.542966
0.80468,0.191066,0.658411;0.605455,-0.581805,0.0185333,0.542755
0.808136,0.20114,0.659609;0.608611,-0.579204,-0.00051312,0.542323
0.811735,0.21128,0.660707;0.611846,-0.576057,-0.0216753,0.541602
0.815407,0.221186,0.66164;0.615074,-0.572283,-0.0449416,0.540516
0.819079,0.230545,0.662336;0.618197,-0.567795,-0.0702935,0.538981
0.823195,0.240195,0.662748;0.621513,-0.561648,-0.101915,0.536551
0.827678,0.249295,0.662564;0.624773,-0.553011,-0.14181,0.53266
0.833487,0.257254,0.660569;0.627872,-0.536359,-0.208424,0.524076
0.838461,0.253706,0.65394;0.626871,-0.506583,-0.306372,0.5065
0.839474,0.245016,0.648706;0.623501,-0.48815,-0.358113,0.494683
0.839543,0.236043,0.64422;0.619788,-0.473698,-0.395215,0.485055
0.839193,0.226936,0.64004;0.615848,-0.460905,-0.425943,0.476309
0.838548,0.217223,0.635806;0.611483,-0.448409,-0.454287,0.467591
0.837757,0.207962,0.631906;0.607178,-0.437196,-0.478466,0.459636
0.836762,0.197988,0.627802;0.602392,-0.425637,-0.502265,0.451317
0.835674,0.188202,0.623843;0.59755,-0.414667,-0.523881,0.44332
0.834543,0.178787,0.620078;0.592758,-0.404366,-0.543386,0.435727
0.833291,0.168988,0.616191;0.58763,-0.393835,-0.562582,0.427887
0.831925,0.158843,0.612188;0.582168,-0.383081,-0.581459,0.419804
0.830592,0.149352,0.608455;0.576916,-0.373116,-0.598334,0.412249
0.829178,0.139637,0.604637;0.571394,-0.362976,-0.614928,0.404501
0.827687,0.129727,0.600739;0.565604,-0.352666,-0.631235,0.396563
0.826126,0.11965,0.596768;0.559548,-0.34219,-0.647245,0.388439
0.824562,0.109814,0.592877;0.566501,-0.342159,-0.643019,0.385397
0.822933,0.0998227,0.588909;0.577615,-0.345392,-0.63223,0.383864
0.82125,0.0897322,0.584882;0.588582,-0.348537,-0.621281,0.382234
0.819516,0.0795562,0.5808;0.599402,-0.351594,-0.610175,0.380507
0.817733,0.0693079,0.576665;0.610069,-0.354562,-0.598915,0.378684
0.815905,0.0590005,0.57248;0.620583,-0.357441,-0.587504,0.376766
0.814034,0.0486472,0.568249;0.630939,-0.36023,-0.575944,0.374752
0.812123,0.0382611,0.563974;0.641137,-0.362927,-0.564238,0.372644
0.810421,0.029157,0.560199;0.649926,-0.365212,-0.553879,0.370721
0.808692,0.0200467,0.556395;0.65859,-0.367426,-0.543412,0.368728
0.806939,0.0109393,0.552564;0.667127,-0.369569,-0.53284,0.366662
0.805163,0.00184351,0.548706;0.675534,-0.371641,-0.522166,0.364526
0.803366,-0.00723176,0.544825;0.683811,-0.373641,-0.51139,0.36232
0.801551,-0.0162777,0.540922;0.691955,-0.375568,-0.500515,0.360043
0.799456,-0.0265685,0.536437;0.701099,-0.377682,-0.487968,0.357355
0.797342,-0.0367963,0.531928;0.710066,-0.379701,-0.475298,0.354578
0.795212,-0.0469477,0.5274;0.718853,-0.381623,-0.462508,0.351711
0.793069,-0.0570095,0.522854;0.727459,-0.383449,-0.449601,0.348754
0.790915,-0.0669686,0.518293;0.735881,-0.385178,-0.43658,0.34571
0.788753,-0.0768117,0.513721;0.744116,-0.38681,-0.423449,0.342579
0.786587,-0.0865255,0.509139;0.752164,-0.388344,-0.410211,0.33936
0.784419,-0.096097,0.504552;0.760022,-0.38978,-0.396869,0.336056
0.782253,-0.105513,0.499961;0.767687,-0.391117,-0.383427,0.332667
0.78009,-0.11476,0.49537;0.775159,-0.392355,-0.369888,0.329194
0.777934,-0.123825,0.490782;0.782434,-0.393495,-0.356256,0.325638
0.775787,-0.132694,0.486199;0.789512,-0.394535,-0.342533,0.322
0.773653,-0.141355,0.481624;0.796391,-0.395475,-0.328724,0.31828
0.771271,-0.150834,0.476491;0.803888,-0.396413,-0.31309,0.313999
0.768913,-0.160012,0.471376;0.811128,-0.397224,-0.297355,0.309618
0.766582,-0.168873,0.466283;0.818109,-0.397909,-0.281526,0.305137
0.764283,-0.177396,0.461216;0.824829,-0.398466,-0.265606,0.300559
0.76177,-0.186448,0.455623;0.831985,-0.398935,-0.247818,0.29536
0.759308,-0.195035,0.450072;0.838813,-0.399247,-0.229933,0.290044
0.756901,-0.203131,0.44457;0.845309,-0.399402,-0.211956,0.284614
0.754324,-0.211439,0.438581;0.85207,-0.399389,-0.192086,0.27851
0.751606,-0.219749,0.43213;0.858981,-0.399158,-0.170304,0.2717
0.748995,-0.227229,0.425777;0.865403,-0.3987,-0.148426,0.264736
0.746297,-0.234344,0.419014;0.871805,-0.397948,-0.12463,0.257022
0.74337,-0.241205,0.411381;0.878469,-0.39675,-0.0970704,0.247908
0.740487,-0.246836,0.403462;0.884717,-0.395084,-0.0675792,0.237944
0.737416,-0.251119,0.394387;0.890974,-0.392587,-0.0324721,0.2258
0.734511,-0.252612,0.384816;0.896413,-0.389176,0.00638229,0.212004
0.732073,-0.250275,0.375361;0.900435,-0.384877,0.0470738,0.197155
0.730451,-0.244504,0.367364;0.904692,-0.37505,0.0759898,0.187339
0.729515,-0.236846,0.360982;0.910869,-0.358178,0.0884692,0.184931
0.728997,-0.227788,0.35546;0.916145,-0.342558,0.0998711,0.182644
0.72879,-0.218006,0.3507;0.920617,-0.328238,0.110201,0.180501
0.728806,-0.208049,0.346617;0.924377,-0.315255,0.119467,0.17852
0.728971,-0.198357,0.343141;0.927508,-0.303642,0.127676,0.176718
0.729271,-0.187941,0.339802;0.930439,-0.291964,0.135857,0.174879
0.729638,-0.178283,0.336989;0.93284,-0.281694,0.142992,0.173238
0.730097,-0.168162,0.334273;0.935087,-0.271378,0.150103,0.171569
0.730642,-0.15762,0.33165;0.937179,-0.261016,0.15719,0.169872
0.731269,-0.146702,0.329116;0.939118,-0.250612,0.16425,0.168146
0.731972,-0.13545,0.326667;0.940901,-0.240167,0.171284,0.166393
0.732631,-0.125571,0.324633;0.942306,-0.231182,0.17729,0.164869
0.73334,-0.115506,0.322655;0.943598,-0.222169,0.183275,0.163324
0.734094,-0.10528,0.320732;0.944774,-0.21313,0.189237,0.16176
0.73489,-0.0949219,0.318861;0.945837,-0.204064,0.195177,0.160176
0.735725,-0.0844575,0.31704;0.946785,-0.194974,0.201093,0.158573
0.736597,-0.0739142,0.315265;0.947618,-0.18586,0.206985,0.156951
0.737501,-0.0633189,0.313535;0.948337,-0.176724,0.212851,0.155309
0.738434,-0.0526986,0.311847;0.94894,-0.167566,0.218692,0.153649
0.739393,-0.0420804,0.310198;0.949429,-0.158388,0.224507,0.15197
0.740375,-0.0314913,0.308586;0.949803,-0.149191,0.230294,0.150273
0.741377,-0.0209583,0.307009;0.950061,-0.139975,0.236053,0.148557
0.742395,-0.0105084,0.305464;0.950205,-0.130743,0.241784,0.146824
0.743426,-0.000168572,0.303948;0.950234,-0.121495,0.247485,0.145073
0.744466,0.0100341,0.302458;0.950147,-0.112232,0.253157,0.143304
0.745513,0.0200727,0.300994;0.949946,-0.102956,0.258797,0.141518
0.746563,0.0299201,0.299551;0.949629,-0.0936669,0.264407,0.139715
0.747788,0.0411311,0.297892;0.949114,-0.0828156,0.270911,0.137589
0.749007,0.0520023,0.296255;0.948443,-0.0719507,0.27737,0.135442
0.750215,0.0624907,0.294637;0.947616,-0.0610739,0.283783,0.133271
0.751408,0.0725536,0.293033;0.946632,-0.0501871,0.29015,0.131079
0.752746,0.0834778,0.291213;0.945317,-0.037735,0.297368,0.128547
0.754048,0.0937261,0.2894;0.943798,-0.0252747,0.304521,0.125988
0.755461,0.104368,0.287362;0.941847,-0.0112506,0.312491,0.123076
0.756955,0.114983,0.285091;0.939378,0.00433521,0.321245,0.119802
0.758486,0.125044,0.282569;0.936296,0.0214777,0.330751,0.116153
0.760119,0.134533,0.279538;0.932164,0.0417252,0.341811,0.11178
0.762095,0.143176,0.274957;0.925172,0.0712719,0.357624,0.105276
0.764239,0.142343,0.266572;0.941887,0.0475137,0.31037,0.119422
0.764948,0.133614,0.261534;0.951705,0.0286209,0.27705,0.129162
0.765319,0.123992,0.25791;0.957929,0.0146677,0.2522,0.136203
0.76559,0.11393,0.25492;0.962578,0.0026969,0.23072,0.14214
0.765836,0.103463,0.252312;0.966281,-0.00827813,0.210894,0.147501
0.766085,0.0930827,0.250081;0.96918,-0.0182516,0.192769,0.152303
0.766349,0.0831603,0.248207;0.971409,-0.0272207,0.176381,0.156565
0.766669,0.0727986,0.246479;0.973277,-0.0361796,0.159927,0.160768
0.767061,0.0621034,0.244914;0.974782,-0.0451251,0.143413,0.164912
0.767543,0.0511808,0.243531;0.975925,-0.0540538,0.126846,0.168994
0.768131,0.0401368,0.242347;0.976704,-0.0629624,0.110232,0.173014
0.768843,0.0290774,0.241382;0.97712,-0.0718475,0.0935771,0.176969
0.769695,0.0181086,0.240651;0.977172,-0.080706,0.0768871,0.180858
0.770704,0.0073363,0.240174;0.976861,-0.0895343,0.0601685,0.18468
0.771887,-0.00313337,0.239968;0.976185,-0.0983294,0.0434275,0.188434
0.773261,-0.0131944,0.240052;0.975147,-0.107088,0.0266703,0.192117
0.775032,-0.0237653,0.240506;0.973568,-0.116773,0.00803984,0.196125
0.777084,-0.0335554,0.241364;0.971541,-0.126404,-0.0105943,0.200044
0.779691,-0.0432493,0.242804;0.968796,-0.136931,-0.0310859,0.204248
0.783288,-0.0529963,0.245219;0.964858,-0.149273,-0.0552801,0.209069
0.788195,-0.0615447,0.249032;0.959384,-0.163369,-0.083142,0.214431
0.794831,-0.0671451,0.254786;0.951981,-0.179141,-0.114613,0.220239
0.802218,-0.0678342,0.261694;0.943858,-0.193767,-0.144095,0.225439
0.809103,-0.0647022,0.268444;0.936441,-0.205484,-0.167926,0.229469
0.81584,-0.0589589,0.275254;0.930744,-0.218428,-0.176516,0.234196
0.821576,-0.0525009,0.281168;0.927655,-0.231902,-0.168353,0.239448
0.826878,-0.0456128,0.286703;0.924735,-0.243639,-0.16117,0.243988
0.832411,-0.0377185,0.292534;0.921613,-0.255322,-0.153952,0.248475
0.837314,-0.0302586,0.297736;0.918776,-0.265292,-0.147739,0.252277
0.842343,-0.022253,0.303102;0.915792,-0.275219,-0.141502,0.256039
0.847479,-0.0137908,0.308606;0.912662,-0.285102,-0.135242,0.25976
0.852701,-0.00496158,0.314223;0.909384,-0.294939,-0.12896,0.263439
0.857989,0.00414551,0.319929;0.905961,-0.304729,-0.122658,0.267076
0.862432,0.0118826,0.324734;0.902997,-0.31285,-0.117391,0.270074
0.866895,0.0196988,0.329568;0.899933,-0.320936,-0.112111,0.273042
0.871367,0.0275426,0.334418;0.896768,-0.328987,-0.106818,0.275979
0.875837,0.0353623,0.339268;0.893503,-0.337,-0.101514,0.278886
0.880292,0.0431062,0.344106;0.890139,-0.344976,-0.0961982,0.281762
0.884721,0.0507225,0.348915;0.886676,-0.352914,-0.0908717,0.284606
0.889986,0.059621,0.354629;0.882389,-0.362387,-0.0844666,0.287977
0.895176,0.0681722,0.360258;0.877961,-0.371802,-0.0780479,0.291302
0.900273,0.0762867,0.365776;0.873391,-0.381158,-0.0716167,0.29458
0.905255,0.0838752,0.371159;0.868682,-0.390452,-0.065174,0.297811
0.910896,0.0919445,0.377235;0.863011,-0.401216,-0.0576443,0.30152
0.916323,0.0990346,0.383052;0.857152,-0.411892,-0.0501021,0.305163
0.922222,0.105756,0.389335;0.850227,-0.423983,-0.0414691,0.309245
0.928414,0.111305,0.395866;0.842146,-0.437441,-0.031743,0.313731
0.935249,0.114765,0.402957;0.831857,-0.453674,-0.0198402,0.319061
0.942127,0.113437,0.409877;0.819119,-0.472543,-0.00576009,0.325137
0.947155,0.106256,0.414652;0.806813,-0.489644,0.00724106,0.330529
0.949995,0.0966769,0.417094;0.797243,-0.502265,0.0169893,0.334433
0.951604,0.0865248,0.418258;0.7896,-0.511955,0.0245673,0.337387
0.952538,0.0758233,0.418711;0.782912,-0.520173,0.0310584,0.33986
0.952988,0.0654273,0.418686;0.777242,-0.526957,0.036464,0.341879
0.953126,0.0536322,0.418278;0.771486,-0.533682,0.0418654,0.34386
0.953005,0.0431542,0.417667;0.766819,-0.53902,0.0461833,0.345417
0.952671,0.0317213,0.416795;0.762098,-0.544319,0.0504978,0.34695
0.952119,0.0193071,0.415655;0.757322,-0.549579,0.0548088,0.348458
0.951557,0.00933645,0.414619;0.753705,-0.553498,0.0580394,0.349572
0.950867,-0.00121222,0.413425;0.750057,-0.557395,0.0612678,0.350673
0.950046,-0.0123501,0.41207;0.746379,-0.56127,0.0644936,0.351759
0.949091,-0.0240884,0.41055;0.742671,-0.565123,0.0677169,0.352831
0.947999,-0.0364382,0.408863;0.738934,-0.568952,0.0709375,0.35389
0.946769,-0.0494107,0.407005;0.735167,-0.572759,0.0741552,0.354934
0.945397,-0.0630171,0.404973;0.73137,-0.576543,0.07737,0.355963
0.943882,-0.0772685,0.402765;0.727544,-0.580304,0.0805816,0.356979
0.94279,-0.0871333,0.401192;0.724977,-0.582798,0.0827209,0.357648
0.941633,-0.0972931,0.399539;0.722397,-0.585282,0.0848587,0.358311
0.94041,-0.107751,0.397804;0.719805,-0.587755,0.0869951,0.358967
0.939119,-0.118511,0.395986;0.717199,-0.590218,0.0891298,0.359617
0.93776,-0.129575,0.394085;0.714581,-0.59267,0.091263,0.36026
0.936332,-0.140948,0.392099;0.71195,-0.595112,0.0933946,0.360897
0.934835,-0.152632,0.390027;0.709306,-0.597543,0.0955244,0.361528
0.933267,-0.164631,0.387869;0.706649,-0.599964,0.0976526,0.362152
0.931629,-0.176948,0.385624;0.70398,-0.602374,0.0997791,0.36277
0.929918,-0.189587,0.38329;0.701299,-0.604773,0.101904,0.363381
