0.750211,-0.367545,0.638651;0.919172,0.120632,-0.0281815,0.373868
0.763201,-0.363441,0.63589;0.921252,0.117624,-0.0282534,0.369676
0.775934,-0.359367,0.633186;0.923304,0.114613,-0.0283244,0.365474
0.78841,-0.355323,0.630537;0.925327,0.111598,-0.0283945,0.36126
0.800631,-0.351308,0.627944;0.927322,0.108579,-0.0284638,0.357035
0.812601,-0.347324,0.625406;0.929288,0.105557,-0.0285322,0.352799
0.824321,-0.343369,0.622923;0.931225,0.102532,-0.0285997,0.348552
0.835792,-0.339444,0.620494;0.933134,0.0995037,-0.0286663,0.344294
0.847017,-0.335548,0.618118;0.935013,0.0964722,-0.028732,0.340026
0.857998,-0.331682,0.615795;0.936864,0.0934378,-0.0287969,0.335747
0.868737,-0.327846,0.613525;0.938686,0.0904005,-0.0288608,0.331458
0.879236,-0.324039,0.611307;0.940478,0.0873604,-0.0289239,0.327158
0.889497,-0.320261,0.60914;0.942242,0.0843176,-0.028986,0.322848
0.899522,-0.316513,0.607024;0.943976,0.0812722,-0.0290473,0.318529
0.909312,-0.312794,0.604959;0.945681,0.0782243,-0.0291076,0.314199
0.918871,-0.309104,0.602943;0.947357,0.075174,-0.0291671,0.30986
0.9282,-0.305443,0.600977;0.949003,0.0721213,-0.0292257,0.305511
0.940284,-0.300607,0.598432;0.951153,0.0680476,-0.0293023,0.299698
0.951967,-0.295823,0.595973;0.95325,0.0639702,-0.0293774,0.293868
0.963254,-0.29109,0.593599;0.955295,0.0598892,-0.0294508,0.288022
0.974151,-0.286409,0.591308;0.957288,0.055805,-0.0295227,0.282161
0.984661,-0.281778,0.5891;0.959227,0.0517177,-0.0295928,0.276283
0.99479,-0.277199,0.586972;0.961114,0.0476275,-0.0296614,0.270391
1.00454,-0.27267,0.584925;0.962948,0.0435348,-0.0297284,0.264484
1.01392,-0.268192,0.582956;0.964729,0.0394396,-0.0297937,0.258562
1.02293,-0.263765,0.581065;0.966457,0.0353423,-0.0298573,0.252626
1.03369,-0.258302,0.578809;0.968542,0.0302179,-0.0299346,0.245186
1.04389,-0.252917,0.57667;0.970544,0.0250909,-0.0300093,0.237726
1.05354,-0.24761,0.574645;0.972463,0.0199618,-0.0300814,0.230245
1.06266,-0.242381,0.572733;0.974298,0.0148309,-0.0301509,0.222744
1.07124,-0.23723,0.570931;0.976049,0.00969878,-0.0302179,0.215224
1.08086,-0.231151,0.56891;0.97804,0.00353916,-0.0302948,0.206175
1.08975,-0.225182,0.567041;0.979909,-0.00262089,-0.0303679,0.197101
1.09791,-0.219325,0.565319;0.981657,-0.00878062,-0.0304373,0.188003
1.10656,-0.212629,0.56349;0.983543,-0.0159655,-0.0305135,0.177359
1.11428,-0.206083,0.561851;0.985264,-0.0231478,-0.0305846,0.166685
1.122,-0.198783,0.560199;0.987027,-0.0313512,-0.0306595,0.154452
1.12933,-0.1908,0.558614;0.98875,-0.0405717,-0.0307356,0.14065
1.13584,-0.182213,0.557175;0.990342,-0.0508034,-0.0308103,0.125267
1.14112,-0.17311,0.555962;0.9917,-0.0620379,-0.0308801,0.108298
1.14473,-0.163585,0.555055;0.992711,-0.0742641,-0.0309416,0.089734
1.14626,-0.153739,0.554524;0.993251,-0.0874675,-0.030991,0.0695736
1.14532,-0.14368,0.554432;0.993188,-0.101629,-0.031024,0.0478174
1.1419,-0.13418,0.554789;0.992455,-0.115723,-0.0310361,0.0260291
1.13621,-0.125232,0.555544;0.991054,-0.129738,-0.0310274,0.00422314
1.12907,-0.117414,0.556555;0.989154,-0.142675,-0.0310005,-0.0160281
1.12103,-0.11061,0.557719;0.986891,-0.154543,-0.0309597,-0.0347135
1.11255,-0.10472,0.558952;0.984386,-0.165354,-0.0309088,-0.0518269
1.10402,-0.0996489,0.560189;0.981754,-0.175124,-0.0308514,-0.0673661
1.09477,-0.0948468,0.561517;0.978785,-0.184833,-0.0307834,-0.082882
1.08488,-0.090311,0.562918;0.975479,-0.194478,-0.0307048,-0.0983695
1.0755,-0.0864546,0.564226;0.972217,-0.203102,-0.030625,-0.112279
1.06571,-0.0828105,0.565565;0.968683,-0.211669,-0.0305367,-0.126158
1.05594,-0.0794963,0.566872;0.967559,-0.215114,-0.0365311,-0.127359
1.04555,-0.0762796,0.568228;0.967464,-0.216414,-0.0455618,-0.122896
1.03489,-0.0732677,0.569585;0.967268,-0.217691,-0.0545879,-0.118421
1.02396,-0.0704585,0.570935;0.966973,-0.218946,-0.0636083,-0.113933
1.01281,-0.0678502,0.57227;0.966577,-0.220178,-0.0726221,-0.109433
1.00146,-0.0654406,0.573584;0.966083,-0.221388,-0.0816285,-0.104923
0.989946,-0.0632279,0.574869;0.965488,-0.222575,-0.0906264,-0.100401
0.978285,-0.0612099,0.576117;0.964794,-0.223738,-0.099615,-0.0958691
0.966511,-0.0593848,0.577322;0.964,-0.224879,-0.108593,-0.0913273
0.956632,-0.0580097,0.578287;0.963263,-0.225812,-0.116067,-0.0875352
0.946709,-0.056766,0.579212;0.962456,-0.226729,-0.123532,-0.0837368
0.936759,-0.0556524,0.580093;0.961581,-0.227629,-0.130988,-0.0799324
0.926798,-0.0546679,0.580926;0.960637,-0.228513,-0.138435,-0.0761223
0.916843,-0.0538113,0.581706;0.959624,-0.229381,-0.145872,-0.0723068
0.904926,-0.0529506,0.582567;0.958317,-0.2304,-0.154782,-0.0677213
0.893067,-0.0522703,0.583338;0.956912,-0.231396,-0.163677,-0.0631289
0.881296,-0.0517686,0.584013;0.955408,-0.232368,-0.172554,-0.0585299
0.86964,-0.0514434,0.584584;0.953805,-0.233316,-0.181414,-0.0539249
0.858127,-0.0512926,0.585043;0.952104,-0.23424,-0.190255,-0.0493143
0.846784,-0.0513145,0.585384;0.950305,-0.23514,-0.199077,-0.0446986
0.835641,-0.0515068,0.585599;0.948408,-0.236015,-0.207878,-0.0400784
0.824726,-0.0518677,0.58568;0.946413,-0.236866,-0.216657,-0.0354539
0.814065,-0.0523951,0.58562;0.94432,-0.237693,-0.225414,-0.0308259
0.803688,-0.053087,0.585411;0.94213,-0.238495,-0.234148,-0.0261946
0.793622,-0.0539415,0.585048;0.939842,-0.239273,-0.242858,-0.0215607
0.782309,-0.0551412,0.584417;0.937051,-0.240149,-0.252988,-0.0161516
0.771503,-0.0565562,0.583552;0.934129,-0.240991,-0.263082,-0.0107403
0.761248,-0.0581834,0.582442;0.931075,-0.241799,-0.273139,-0.00532748
0.75026,-0.0602989,0.580858;0.927424,-0.242681,-0.284586,0.000859485
0.740116,-0.0626826,0.578922;0.923604,-0.243519,-0.29598,0.00704629
0.729796,-0.065679,0.576299;0.919104,-0.244408,-0.308734,0.0140048
0.720724,-0.0690023,0.573182;0.91439,-0.245241,-0.321417,0.0209601
0.712222,-0.0730699,0.569109;0.908904,-0.246099,-0.33542,0.0286825
0.704938,-0.0779897,0.563849;0.902568,-0.246961,-0.350713,0.0371675
0.699768,-0.0836676,0.557375;0.899433,-0.271148,-0.339804,0.0450744
0.697061,-0.0899225,0.549865;0.896673,-0.307455,-0.314149,0.0525343
0.696656,-0.0962136,0.542028;0.892356,-0.341368,-0.289183,0.0595221
0.698007,-0.102417,0.5341;0.88675,-0.372916,-0.265039,0.0660413
0.700653,-0.108433,0.526268;0.880111,-0.402148,-0.241834,0.0720983
0.704208,-0.114185,0.518682;0.872677,-0.429119,-0.219667,0.0777021
0.708655,-0.119979,0.51097;0.864104,-0.45553,-0.197214,0.0832045
0.713512,-0.125406,0.503698;0.855042,-0.479751,-0.17593,0.0882645
0.718919,-0.130792,0.496455;0.844999,-0.503421,-0.154443,0.0932232
0.724761,-0.136099,0.489308;0.833987,-0.526514,-0.13278,0.0980749
0.730927,-0.141289,0.482324;0.822017,-0.549002,-0.110964,0.102814
0.737302,-0.146325,0.475571;0.809105,-0.570861,-0.0890212,0.107435
0.743772,-0.151168,0.469115;0.795264,-0.592065,-0.0669759,0.111933
0.750226,-0.155783,0.463025;0.78051,-0.612589,-0.0448539,0.116303
0.756963,-0.160409,0.457006;0.763787,-0.633706,-0.0212009,0.120816
0.763804,-0.164941,0.451242;0.744926,-0.655237,0.00396006,0.125439
0.770864,-0.169473,0.445687;0.722548,-0.678156,0.0320725,0.130387
0.778264,-0.174099,0.440403;0.693684,-0.704226,0.0660194,0.136054
0.785912,-0.178834,0.436042;0.649022,-0.738296,0.114392,0.14354
0.786301,-0.180114,0.441355;0.616638,-0.759098,0.146881,0.148171
0.780118,-0.177274,0.449119;0.65547,-0.733788,0.107681,0.142544
0.773692,-0.174079,0.456519;0.682671,-0.713277,0.078378,0.138033
0.767248,-0.170715,0.463703;0.7047,-0.694696,0.0533423,0.133977
0.760537,-0.16706,0.47107;0.724484,-0.676273,0.0297068,0.129979
0.753817,-0.163249,0.478395;0.742174,-0.658199,0.00751274,0.126077
0.747287,-0.159392,0.485501;0.757916,-0.640648,-0.01321,0.122304
0.740615,-0.155279,0.49278;0.772901,-0.622457,-0.0339196,0.11841
0.734382,-0.15126,0.49962;0.786124,-0.605008,-0.05312,0.114687
0.7282,-0.147075,0.506466;0.798669,-0.587037,-0.0722746,0.110865
0.722152,-0.142752,0.513252;0.810527,-0.56856,-0.0913669,0.106948
0.715884,-0.137971,0.520414;0.822514,-0.548115,-0.111839,0.102627
0.709972,-0.133093,0.527339;0.83368,-0.527122,-0.1322,0.0982028
0.704151,-0.127795,0.534401;0.844718,-0.504045,-0.153868,0.093354
0.698669,-0.122109,0.54141;0.855424,-0.478792,-0.176785,0.088064
0.693837,-0.116081,0.548123;0.865574,-0.451278,-0.200881,0.0823176
0.689872,-0.109432,0.554549;0.875409,-0.419741,-0.22746,0.075752
0.687459,-0.101623,0.560509;0.885157,-0.380537,-0.259069,0.0676188
0.688685,-0.0926691,0.564559;0.893799,-0.331435,-0.296599,0.0574734
0.694928,-0.0848436,0.56453;0.898749,-0.28283,-0.331667,0.0474724
0.703254,-0.0796754,0.561631;0.900167,-0.249266,-0.354883,0.0402979
0.71192,-0.0761325,0.557611;0.897192,-0.293312,-0.327371,0.0429381
0.720788,-0.0733434,0.552999;0.892662,-0.330717,-0.302893,0.0451247
0.729624,-0.071028,0.548086;0.887079,-0.363619,-0.28047,0.0470039
0.738576,-0.0689792,0.542867;0.88051,-0.394048,-0.258951,0.048703
0.74741,-0.0671527,0.53752;0.873205,-0.422063,-0.238439,0.0502325
0.755947,-0.0655138,0.532189;0.865392,-0.447731,-0.219023,0.0516029
0.764676,-0.0639229,0.52658;0.856629,-0.472906,-0.199365,0.0529166
0.773513,-0.0623649,0.520745;0.846924,-0.497562,-0.179489,0.0541722
0.781738,-0.0609345,0.515169;0.83708,-0.519968,-0.160856,0.0552848
0.789913,-0.0595075,0.509481;0.826442,-0.541881,-0.14207,0.0563451
0.797969,-0.0580719,0.503723;0.815021,-0.563281,-0.123149,0.057352
0.806431,-0.0565023,0.497491;0.801858,-0.58573,-0.102643,0.0583755
0.814589,-0.0548935,0.491274;0.787815,-0.607535,-0.0820242,0.0593349
0.822356,-0.0532307,0.485124;0.772906,-0.628673,-0.0613153,0.0602291
0.830147,-0.0513718,0.478667;0.75599,-0.650553,-0.039053,0.0611137
0.837736,-0.0492806,0.471999;0.736896,-0.672987,-0.015253,0.0619723
0.844841,-0.0469114,0.465244;0.71545,-0.695764,0.0100577,0.062787
0.85143,-0.0440514,0.458207;0.690111,-0.719886,0.0383249,0.0635773
0.857198,-0.0402376,0.450588;0.657575,-0.747132,0.0724341,0.0643616
0.860464,-0.034782,0.442716;0.613784,-0.778319,0.115123,0.0650783
0.857836,-0.0275373,0.436646;0.560447,-0.809338,0.163028,0.0655206
0.850305,-0.0209286,0.434444;0.515998,-0.830307,0.200086,0.0655875
0.841409,-0.0155361,0.434479;0.48227,-0.843646,0.226694,0.0654793
0.832203,-0.0109151,0.435581;0.45495,-0.852971,0.24738,0.0653002
0.822577,-0.00663489,0.437356;0.430807,-0.860184,0.265056,0.0650784
0.813183,-0.0028041,0.439484;0.410058,-0.86565,0.279817,0.0648425
0.803613,0.000851299,0.441938;0.390954,-0.87011,0.293072,0.0645899
0.794134,0.0042866,0.444587;0.373573,-0.873707,0.304861,0.0643316
0.785,0.00745923,0.447302;0.35798,-0.876572,0.315224,0.0640775
0.775183,0.0107468,0.450366;0.342259,-0.879121,0.325474,0.0638004
0.766021,0.01372,0.453342;0.328402,-0.881094,0.334348,0.0635391
0.756312,0.0167852,0.456598;0.314455,-0.882824,0.343129,0.0632604
0.746047,0.0199443,0.460142;0.300422,-0.884312,0.351816,0.0629643
0.736797,0.0227283,0.463413;0.288327,-0.885394,0.359185,0.0626968
0.727124,0.0255839,0.466903;0.276175,-0.886297,0.366482,0.0624165
0.71702,0.0285122,0.470618;0.263966,-0.887022,0.373704,0.0621237
0.706479,0.0315145,0.47456;0.251704,-0.887567,0.380852,0.0618184
0.697356,0.0340737,0.478022;0.241447,-0.887885,0.386749,0.0615544
