0.718337,-0.0317567,0.222379;0.804338,-0.403542,0.424755,-0.0988869
0.728643,-0.0319307,0.226235;0.798229,-0.424288,0.41657,-0.0963272
0.738517,-0.0319697,0.229881;0.791689,-0.444804,0.40816,-0.0937155
0.747966,-0.0318761,0.233321;0.78472,-0.46508,0.39953,-0.091053
0.757879,-0.0316229,0.236873;0.776564,-0.487092,0.389786,-0.0880674
0.76813,-0.0311712,0.240479;0.767087,-0.510741,0.378866,-0.0847447
0.777804,-0.0305405,0.243811;0.757012,-0.533992,0.367651,-0.081356
0.78765,-0.0296601,0.247122;0.745431,-0.55871,0.355178,-0.0776134
0.797533,-0.0284891,0.250353;0.732198,-0.584758,0.341382,-0.0735036
0.807316,-0.0269854,0.253442;0.717158,-0.611977,0.3262,-0.0690138
0.816861,-0.0251068,0.256332;0.700153,-0.640188,0.309568,-0.0641322
0.826538,-0.022667,0.259106;0.679864,-0.670864,0.290346,-0.0585345
0.836023,-0.0195679,0.261629;0.655924,-0.703566,0.268392,-0.052195
0.845357,-0.015524,0.263852;0.626641,-0.739286,0.24243,-0.0447656
0.853992,-0.0103708,0.265559;0.591384,-0.777113,0.212249,-0.0362141
0.861593,-0.00371301,0.266575;0.548022,-0.817218,0.176469,-0.0261844
0.867393,0.00467285,0.266646;0.495665,-0.85785,0.134888,-0.0146658
0.870539,0.0141384,0.265713;0.438534,-0.89407,0.0912053,-0.00271344
0.871152,0.0240421,0.264022;0.380249,-0.923585,0.0481896,0.00891539
0.869797,0.0339122,0.261895;0.323213,-0.94609,0.00742409,0.0198105
0.867048,0.0435745,0.259572;0.26811,-0.96243,-0.0308352,0.0299262
0.863373,0.052889,0.257235;0.215496,-0.973453,-0.0664122,0.039237
0.85915,0.0617452,0.255013;0.165818,-0.979993,-0.0991988,0.0477345
0.854479,0.0704068,0.252909;0.117476,-0.9829,-0.130384,0.0557409
0.849478,0.0789258,0.250967;0.0755651,-0.984138,-0.148151,0.0617526
0.844209,0.0873757,0.249213;0.0452812,-0.986894,-0.140887,0.0643438
0.83864,0.0959309,0.247641;0.0149528,-0.988679,-0.133484,0.0668717
0.832822,0.104617,0.246279;-0.0153903,-0.989491,-0.12595,0.0693338
0.827212,0.112865,0.245223;-0.0436975,-0.98937,-0.118805,0.0715702
0.821471,0.12127,0.244398;-0.0719672,-0.988401,-0.11156,0.0737453
0.815641,0.129853,0.243827;-0.100175,-0.986585,-0.104218,0.0758571
0.809761,0.138635,0.243535;-0.128297,-0.983922,-0.0967871,0.0779039
0.803874,0.147637,0.243543;-0.156309,-0.980416,-0.0892732,0.079884
0.798437,0.15621,0.24384;-0.182201,-0.976408,-0.0822274,0.0816612
0.793063,0.165008,0.244435;-0.207958,-0.971678,-0.0751208,0.0833782
0.787784,0.174047,0.245347;-0.233562,-0.96623,-0.0679586,0.0850335
0.782633,0.183343,0.246594;-0.258992,-0.960067,-0.0607462,0.0866259
0.778022,0.192167,0.248058;-0.282297,-0.953748,-0.0540486,0.088039
0.773574,0.201238,0.249838;-0.305425,-0.946829,-0.047317,0.0893967
0.769316,0.210569,0.251949;-0.328359,-0.939313,-0.0405555,0.090698
0.765274,0.220172,0.254405;-0.351087,-0.931206,-0.0337685,0.0919422
0.761781,0.229227,0.256973;-0.371727,-0.923258,-0.0275284,0.0930319
0.758511,0.238532,0.259853;-0.392171,-0.914822,-0.0212736,0.0940724
0.755484,0.248097,0.263059;-0.412406,-0.905902,-0.0150076,0.095063
0.75272,0.257934,0.2666;-0.432424,-0.896503,-0.0087336,0.0960033
0.750453,0.267119,0.270121;-0.450423,-0.887546,-0.0030259,0.0968141
0.748436,0.276544,0.273937;-0.468225,-0.8782,0.00268313,0.0975825
0.746682,0.286217,0.278057;-0.485823,-0.868471,0.00839098,0.0983082
0.745208,0.296145,0.282489;-0.503208,-0.858361,0.0140952,0.098991
0.744133,0.305304,0.286752;-0.518666,-0.848942,0.0192237,0.0995684
0.743327,0.314378,0.291134;-0.506175,-0.85621,0.0101327,0.102897
0.742742,0.323744,0.295818;-0.48753,-0.866548,-0.00201693,0.106795
0.742379,0.333215,0.300728;-0.468585,-0.87635,-0.0141653,0.110628
0.742229,0.342733,0.305844;-0.44935,-0.885611,-0.026305,0.114392
0.74228,0.35224,0.31115;-0.429837,-0.894326,-0.0384284,0.118086
0.742522,0.361678,0.316626;-0.41006,-0.902489,-0.0505281,0.121706
0.742943,0.370989,0.322255;-0.390029,-0.910094,-0.0625966,0.125252
0.743533,0.380114,0.32802;-0.369757,-0.917138,-0.0746264,0.12872
0.744281,0.388994,0.333901;-0.349258,-0.923615,-0.0866102,0.132108
0.745176,0.397573,0.339881;-0.328542,-0.929523,-0.0985405,0.135416
0.746207,0.405791,0.345942;-0.307624,-0.934856,-0.11041,0.138639
0.747475,0.414277,0.352625;-0.284588,-0.940017,-0.123281,0.142058
0.748879,0.422188,0.35936;-0.261343,-0.944486,-0.136061,0.145373
0.750404,0.42945,0.366122;-0.237906,-0.948262,-0.148741,0.148581
0.752177,0.436496,0.373453;-0.212319,-0.951566,-0.162354,0.151932
0.754206,0.443023,0.38132;-0.18456,-0.954207,-0.176857,0.155395
0.756495,0.44866,0.389675;-0.154614,-0.955978,-0.1922,0.158933
0.759036,0.452964,0.398454;-0.122477,-0.956657,-0.208322,0.162506
0.761976,0.455479,0.408096;-0.0861333,-0.955928,-0.226133,0.166272
0.765125,0.455189,0.417923;-0.0476176,-0.953445,-0.244527,0.169948
0.768264,0.451581,0.427298;-0.00901424,-0.949205,-0.262472,0.173311
0.771019,0.445293,0.435226;0.0255418,-0.94393,-0.278118,0.17605
0.773374,0.437168,0.441807;0.0560028,-0.93812,-0.291584,0.178251
0.775337,0.428051,0.447157;0.0823516,-0.932213,-0.302985,0.179994
0.776926,0.418758,0.451407;0.104592,-0.926587,-0.312427,0.181347
0.778305,0.409,0.455032;0.124755,-0.920976,-0.320845,0.18248
0.779484,0.399116,0.458089;0.142848,-0.915524,-0.32828,0.18342
0.78048,0.389426,0.460636;0.158881,-0.91036,-0.334776,0.184192
0.78142,0.378862,0.463014;0.174862,-0.904899,-0.341162,0.184904
0.782195,0.368884,0.464951;0.188799,-0.899878,-0.346659,0.185478
0.782922,0.358204,0.466749;0.202688,-0.894632,-0.352069,0.186005
0.783598,0.346808,0.468403;0.216527,-0.889163,-0.357391,0.186485
0.784135,0.336458,0.469704;0.228346,-0.884298,-0.361882,0.18686
0.784637,0.325427,0.470906;0.238468,-0.881358,-0.363573,0.18481
0.785054,0.314985,0.471892;0.243813,-0.883101,-0.359212,0.177916
0.785436,0.304107,0.472786;0.249134,-0.884757,-0.354817,0.171004
0.785786,0.292811,0.473591;0.254431,-0.886326,-0.350386,0.164076
0.786103,0.281116,0.474307;0.259702,-0.887808,-0.345921,0.157131
0.786344,0.271081,0.474839;0.264076,-0.888976,-0.342175,0.151332
0.786563,0.260794,0.475312;0.268431,-0.890084,-0.338405,0.145523
0.786762,0.250267,0.475729;0.272768,-0.891132,-0.334612,0.139704
0.78694,0.239509,0.47609;0.277087,-0.892118,-0.330796,0.133875
0.787099,0.228534,0.476397;0.281387,-0.893044,-0.326957,0.128037
0.787239,0.217351,0.476651;0.285667,-0.893908,-0.323097,0.12219
0.78736,0.205973,0.476853;0.289928,-0.894712,-0.319214,0.116335
0.787463,0.194409,0.477005;0.29417,-0.895455,-0.315309,0.110473
0.787549,0.182672,0.477108;0.298391,-0.896137,-0.311383,0.104602
0.787618,0.170773,0.477163;0.302592,-0.896758,-0.307436,0.0987246
0.78767,0.158722,0.477172;0.306772,-0.897318,-0.303468,0.0928404
0.787707,0.146532,0.477135;0.310932,-0.897816,-0.299479,0.0869498
0.787728,0.134212,0.477054;0.31507,-0.898253,-0.29547,0.0810533
0.787735,0.121775,0.476931;0.319186,-0.898629,-0.29144,0.0751513
0.78773,0.111748,0.476802;0.322464,-0.898886,-0.288203,0.0704259
0.787716,0.101658,0.476648;0.325728,-0.899104,-0.284952,0.0656975
0.787693,0.0915117,0.476469;0.328977,-0.899282,-0.281689,0.0609663
0.787662,0.0813144,0.476265;0.332212,-0.899421,-0.278414,0.0562323
0.787623,0.0710718,0.476037;0.335433,-0.899521,-0.275127,0.051496
0.787576,0.0607896,0.475786;0.338639,-0.899582,-0.271828,0.0467573
0.787522,0.0504736,0.475512;0.34183,-0.899603,-0.268516,0.0420167
0.787461,0.0401294,0.475217;0.345006,-0.899585,-0.265194,0.0372742
0.787392,0.0297629,0.474901;0.348168,-0.899528,-0.261859,0.03253
0.787317,0.0193796,0.474563;0.351314,-0.899432,-0.258513,0.0277845
0.787236,0.00898543,0.474206;0.354445,-0.899296,-0.255156,0.0230377
0.787148,-0.001414,0.47383;0.35756,-0.899121,-0.251788,0.01829
0.787054,-0.0118129,0.473436;0.360659,-0.898907,-0.248409,0.0135414
0.786955,-0.0222057,0.473023;0.363743,-0.898654,-0.245019,0.00879227
0.786851,-0.0325865,0.472593;0.366811,-0.898362,-0.241618,0.00404274
0.786741,-0.0429496,0.472146;0.369864,-0.89803,-0.238207,-0.000706969
0.786627,-0.0532893,0.471684;0.372899,-0.897659,-0.234785,-0.00545665
0.786508,-0.0636,0.471206;0.375919,-0.897249,-0.231353,-0.0102061
0.786385,-0.0738758,0.470714;0.378922,-0.8968,-0.227911,-0.0149551
0.786258,-0.0841111,0.470208;0.381909,-0.896312,-0.224459,-0.0197034
0.786128,-0.0943001,0.469688;0.384879,-0.895785,-0.220997,-0.0244509
0.785994,-0.104437,0.469156;0.387833,-0.895218,-0.217526,-0.0291973
0.785857,-0.114516,0.468612;0.390769,-0.894613,-0.214045,-0.0339425
0.785716,-0.124532,0.468056;0.393688,-0.893968,-0.210555,-0.0386861
0.785538,-0.136954,0.467347;0.397313,-0.893108,-0.206179,-0.0446133
0.785356,-0.149257,0.466622;0.400911,-0.892187,-0.201789,-0.0505375
0.78517,-0.161429,0.465884;0.404482,-0.891205,-0.197386,-0.0564582
0.784983,-0.17346,0.465132;0.408025,-0.890162,-0.192969,-0.062375
0.784793,-0.185338,0.464369;0.41154,-0.889058,-0.188539,-0.0682876
0.784602,-0.197052,0.463596;0.415027,-0.887894,-0.184096,-0.0741955
0.784411,-0.208591,0.462814;0.418486,-0.88667,-0.17964,-0.0800984
0.784218,-0.219943,0.462024;0.421916,-0.885385,-0.175173,-0.0859958
0.784027,-0.231098,0.461228;0.425318,-0.884039,-0.170693,-0.0918874
0.783835,-0.242044,0.460427;0.428691,-0.882633,-0.166202,-0.0977727
0.783645,-0.252771,0.459622;0.432034,-0.881168,-0.161699,-0.103651
0.783457,-0.263267,0.458815;0.435348,-0.879642,-0.157185,-0.109523
0.783272,-0.27352,0.458006;0.438632,-0.878056,-0.152661,-0.115387
0.783089,-0.28352,0.457198;0.441887,-0.87641,-0.148126,-0.121243
0.782874,-0.29517,0.45623;0.445752,-0.874357,-0.142671,-0.12826
0.782665,-0.306419,0.455266;0.449574,-0.872217,-0.137202,-0.135264
0.782462,-0.317249,0.454308;0.453351,-0.869992,-0.13172,-0.142254
0.782268,-0.32764,0.453359;0.457084,-0.867682,-0.126224,-0.149231
0.782051,-0.339183,0.452266;0.461383,-0.864878,-0.119797,-0.157352
0.781848,-0.350071,0.451191;0.46562,-0.86196,-0.113354,-0.165452
0.78166,-0.360274,0.450138;0.469795,-0.858926,-0.106896,-0.17353
0.781464,-0.371057,0.448966;0.474489,-0.855318,-0.0994983,-0.182733
0.781272,-0.382013,0.447694;0.479671,-0.851081,-0.0911547,-0.193049
0.781096,-0.392651,0.446346;0.485304,-0.846153,-0.0818605,-0.20446
0.780944,-0.403163,0.444836;0.49189,-0.839934,-0.0706783,-0.218081
0.780853,-0.4131,0.44303;0.500369,-0.831131,-0.0557263,-0.236107
0.781345,-0.41446,0.439722;0.520953,-0.805279,-0.0163191,-0.282609
0.781898,-0.40371,0.439101;0.528577,-0.793707,-0.000335613,-0.301058
0.782354,-0.393553,0.438959;0.5219,-0.794042,0.00564113,-0.311586
0.782792,-0.383226,0.438981;0.497312,-0.806872,0.00401507,-0.318783
0.783213,-0.37287,0.439095;0.475671,-0.817454,0.00260308,-0.324807
0.783632,-0.362204,0.439271;0.455433,-0.826773,0.00129827,-0.33019
0.784038,-0.351535,0.439488;0.43667,-0.834933,0.000101567,-0.334971
0.784423,-0.341127,0.439728;0.419445,-0.842031,-0.000986396,-0.339189
0.784821,-0.330071,0.440006;0.402066,-0.84882,-0.002074,-0.343283
0.785188,-0.319588,0.440287;0.386299,-0.854665,-0.0030522,-0.34686
0.785562,-0.308622,0.440593;0.370418,-0.860256,-0.0040295,-0.350335
0.785899,-0.298485,0.440886;0.356209,-0.865012,-0.00489721,-0.353336
0.786239,-0.287994,0.441196;0.341916,-0.869565,-0.00576378,-0.356254
0.786581,-0.277165,0.441522;0.327543,-0.873914,-0.006629,-0.359089
0.786924,-0.266009,0.441863;0.313094,-0.878059,-0.00749267,-0.36184
0.787224,-0.255992,0.442172;0.300391,-0.881517,-0.00824694,-0.364177
0.787523,-0.245746,0.44249;0.287633,-0.884817,-0.00899973,-0.366449
0.787821,-0.235279,0.442816;0.274824,-0.887958,-0.00975092,-0.368655
0.788116,-0.224601,0.443149;0.261966,-0.89094,-0.0105003,-0.370795
0.788407,-0.213722,0.443487;0.249061,-0.893762,-0.0112479,-0.372869
0.788695,-0.202649,0.443831;0.236111,-0.896424,-0.0119934,-0.374876
0.788978,-0.191393,0.444179;0.223118,-0.898925,-0.0127368,-0.376815
0.789256,-0.179963,0.444529;0.210086,-0.901265,-0.0134779,-0.378687
0.789528,-0.168367,0.444882;0.197016,-0.903443,-0.0142166,-0.380491
0.789755,-0.158303,0.445185;0.185785,-0.905181,-0.0148477,-0.381983
0.789976,-0.148131,0.445488;0.174529,-0.906799,-0.0154769,-0.383425
0.790192,-0.137856,0.44579;0.163251,-0.908299,-0.016104,-0.384816
0.790401,-0.127483,0.446092;0.151951,-0.909678,-0.016729,-0.386157
0.790603,-0.117019,0.446391;0.140631,-0.910938,-0.0173518,-0.387446
0.790798,-0.106469,0.446688;0.129292,-0.912077,-0.0179723,-0.388685
0.790984,-0.0958399,0.446982;0.117936,-0.913097,-0.0185905,-0.389872
0.791162,-0.0851363,0.447272;0.106565,-0.913996,-0.0192062,-0.391008
0.791332,-0.0743644,0.447558;0.0951798,-0.914774,-0.0198194,-0.392092
0.791492,-0.06353,0.447839;0.083782,-0.915432,-0.0204299,-0.393125
0.791642,-0.052639,0.448115;0.0723732,-0.91597,-0.0210378,-0.394106
0.791782,-0.0416969,0.448384;0.0609548,-0.916386,-0.0216429,-0.395034
0.791911,-0.0307098,0.448646;0.0495284,-0.916682,-0.0222451,-0.395911
0.792029,-0.0196833,0.4489;0.0380954,-0.916857,-0.0228444,-0.396736
0.792135,-0.00862326,0.449147;0.0266575,-0.916912,-0.0234407,-0.397508
0.792228,0.00246456,0.449385;0.015216,-0.916845,-0.0240339,-0.398228
0.79231,0.0135744,0.449613;0.00377253,-0.916658,-0.024624,-0.398896
0.792378,0.0247004,0.449831;-0.00767144,-0.91635,-0.0252108,-0.399511
0.792432,0.0358368,0.450039;-0.0191144,-0.915921,-0.0257942,-0.400073
0.792472,0.0469778,0.450235;-0.0305548,-0.915371,-0.0263743,-0.400583
0.792498,0.0581176,0.45042;-0.0419913,-0.914701,-0.0269509,-0.40104
0.792509,0.0692505,0.450592;-0.0534222,-0.91391,-0.0275239,-0.401444
0.792504,0.0803707,0.450751;-0.064846,-0.912999,-0.0280934,-0.401795
0.792483,0.0914723,0.450895;-0.0762613,-0.911967,-0.0286591,-0.402093
0.792446,0.10255,0.451026;-0.0876665,-0.910815,-0.029221,-0.402338
0.792392,0.113597,0.451141;-0.0990602,-0.909544,-0.0297791,-0.40253
0.79232,0.124608,0.451241;-0.110441,-0.908152,-0.0303333,-0.402669
0.792231,0.135578,0.451324;-0.121807,-0.906641,-0.0308835,-0.402755
0.792123,0.1465,0.451391;-0.133157,-0.90501,-0.0314296,-0.402788
0.791996,0.157369,0.45144;-0.144489,-0.90326,-0.0319715,-0.402768
0.79185,0.168178,0.45147;-0.155803,-0.901391,-0.0325093,-0.402695
0.791685,0.178923,0.451482;-0.167096,-0.899403,-0.0330427,-0.402568
0.791499,0.189598,0.451474;-0.178367,-0.897297,-0.0335718,-0.402389
0.791292,0.200196,0.451446;-0.189614,-0.895072,-0.0340965,-0.402157
0.791064,0.210712,0.451397;-0.200837,-0.892729,-0.0346167,-0.401871
0.790815,0.221139,0.451327;-0.212032,-0.890269,-0.0351323,-0.401533
0.790543,0.231473,0.451235;-0.2232,-0.887692,-0.0356433,-0.401142
0.790249,0.241708,0.45112;-0.234339,-0.884997,-0.0361496,-0.400698
0.789931,0.251837,0.450982;-0.245447,-0.882186,-0.0366511,-0.400201
0.78959,0.261855,0.45082;-0.256522,-0.879258,-0.0371478,-0.399651
0.789162,0.273394,0.4506;-0.269401,-0.875697,-0.0377211,-0.398943
0.788701,0.284765,0.450346;-0.282231,-0.871978,-0.0382877,-0.398164
0.788205,0.295959,0.450056;-0.29501,-0.868103,-0.0388473,-0.397313
0.787674,0.306966,0.44973;-0.307737,-0.864072,-0.0394,-0.396391
0.787108,0.317777,0.449366;-0.320408,-0.859886,-0.0399457,-0.395398
0.786505,0.328382,0.448964;-0.333022,-0.855546,-0.0404841,-0.394334
0.785864,0.338774,0.448523;-0.345576,-0.851052,-0.0410153,-0.393199
0.785186,0.348942,0.448041;-0.358068,-0.846406,-0.0415392,-0.391994
0.784364,0.360277,0.44744;-0.372266,-0.84091,-0.0421287,-0.39053
0.78349,0.371295,0.446782;-0.386377,-0.835217,-0.0427084,-0.388975
0.782563,0.381981,0.446068;-0.400397,-0.829328,-0.0432781,-0.387329
0.781582,0.392322,0.445296;-0.414324,-0.823246,-0.0438376,-0.385592
0.780546,0.402304,0.444463;-0.428153,-0.81697,-0.0443869,-0.383764
0.779313,0.413088,0.443452;-0.443591,-0.809681,-0.0449924,-0.381601
0.778008,0.423382,0.442361;-0.458897,-0.802152,-0.0455845,-0.379325
0.77647,0.434219,0.441053;-0.475745,-0.793508,-0.0462266,-0.376664
0.774839,0.444399,0.43964;-0.492418,-0.784573,-0.0468518,-0.373865
0.772933,0.454807,0.437962;-0.51055,-0.774413,-0.0475196,-0.370628
0.770718,0.465174,0.435979;-0.530073,-0.762938,-0.0482242,-0.366909
0.768154,0.475194,0.433645;-0.550906,-0.750054,-0.0489588,-0.362663
0.765196,0.484507,0.430908;-0.572961,-0.73566,-0.049716,-0.357839
0.761558,0.493183,0.427488;-0.597662,-0.718564,-0.0505376,-0.352012
0.756611,0.500918,0.422755;-0.627748,-0.696249,-0.051498,-0.344264
0.750067,0.505353,0.416374;-0.662635,-0.668128,-0.0525509,-0.334304
0.74283,0.504151,0.40919;-0.696124,-0.638599,-0.0534929,-0.323638
0.736591,0.498957,0.402907;-0.721599,-0.614263,-0.0541588,-0.314709
0.731335,0.492077,0.397559;-0.741039,-0.594476,-0.054634,-0.307366
0.726538,0.484053,0.392641;-0.757394,-0.576931,-0.0550095,-0.300797
