0.903944,0.520028,0.480375;0.212029,0.962828,0.107684,-0.1281
0.898837,0.512654,0.484902;0.210094,0.964693,0.100082,-0.123333
0.892815,0.503815,0.490236;0.207749,0.966819,0.0909476,-0.117599
0.886908,0.494988,0.495466;0.205377,0.968823,0.0818018,-0.11185
0.881116,0.486172,0.500592;0.202979,0.970705,0.0726456,-0.106087
0.875437,0.477368,0.505615;0.200556,0.972464,0.0634803,-0.10031
0.869872,0.468577,0.510536;0.198107,0.9741,0.054307,-0.0945211
0.864418,0.4598,0.515355;0.195633,0.975613,0.0451268,-0.08872
0.859075,0.451036,0.520073;0.193135,0.977002,0.0359409,-0.0829077
0.853842,0.442286,0.524691;0.190612,0.978269,0.0267504,-0.0770848
0.848718,0.433552,0.52921;0.188065,0.979411,0.0175566,-0.0712523
0.843702,0.424832,0.533631;0.185494,0.98043,0.00836053,-0.0654107
0.838793,0.416129,0.537955;0.1829,0.981325,-0.000836574,-0.0595609
0.833991,0.407442,0.542181;0.180283,0.982096,-0.0100336,-0.0537035
0.829294,0.398772,0.546312;0.177643,0.982743,-0.0192293,-0.0478394
0.824702,0.390119,0.550348;0.174981,0.983266,-0.0284226,-0.0419692
0.820213,0.381485,0.55429;0.172296,0.983665,-0.0376123,-0.0360937
0.815827,0.372869,0.558138;0.16959,0.983939,-0.0467973,-0.0302137
0.811542,0.364272,0.561894;0.166862,0.984089,-0.0559763,-0.0243298
0.807359,0.355694,0.565558;0.164113,0.984115,-0.0651483,-0.0184429
0.803275,0.347137,0.569131;0.161344,0.984016,-0.074312,-0.0125536
0.79929,0.3386,0.572614;0.158554,0.983794,-0.0834664,-0.00666277
0.794765,0.328668,0.576564;0.155273,0.983376,-0.0941331,0.000210895
0.790373,0.318764,0.580394;0.151966,0.98279,-0.104784,0.00708453
0.78611,0.308892,0.584105;0.148633,0.982035,-0.115416,0.0139569
0.781977,0.29905,0.587698;0.145275,0.981111,-0.126029,0.020827
0.777972,0.289241,0.591175;0.141891,0.980018,-0.13662,0.0276934
0.774093,0.279465,0.594537;0.138483,0.978757,-0.147187,0.0345551
0.770339,0.269722,0.597785;0.135051,0.977327,-0.157729,0.0414108
0.766708,0.260014,0.60092;0.131596,0.975729,-0.168244,0.0482594
0.763199,0.250342,0.603944;0.128119,0.973964,-0.17873,0.0550997
0.75981,0.240705,0.606858;0.124619,0.972031,-0.189186,0.0619306
0.75654,0.231106,0.609664;0.121098,0.96993,-0.199608,0.0687507
0.753388,0.221545,0.612362;0.117556,0.967664,-0.209997,0.0755591
0.750352,0.212023,0.614954;0.113994,0.96523,-0.220349,0.0823545
0.747431,0.20254,0.617441;0.110412,0.962631,-0.230664,0.0891357
0.744623,0.193097,0.619825;0.106811,0.959866,-0.240939,0.0959016
0.741926,0.183696,0.622106;0.103192,0.956936,-0.251172,0.102651
0.738979,0.173004,0.62459;0.0990342,0.953386,-0.262814,0.110343
0.736174,0.162367,0.626944;0.0948541,0.949622,-0.274398,0.11801
0.733509,0.151788,0.629169;0.0906527,0.945645,-0.285919,0.125651
0.730981,0.141268,0.631269;0.0864309,0.941455,-0.297377,0.133263
0.728589,0.130808,0.633245;0.0821898,0.937054,-0.308767,0.140845
0.72633,0.120409,0.635098;0.0779302,0.932442,-0.320089,0.148396
0.724202,0.110073,0.636832;0.073653,0.927621,-0.331338,0.155914
0.722202,0.0998,0.638447;0.0693594,0.922592,-0.342513,0.163396
0.72033,0.0895922,0.639945;0.0650501,0.917355,-0.353611,0.170842
0.718581,0.0794505,0.641329;0.0607263,0.911913,-0.36463,0.178249
0.716956,0.0693763,0.642601;0.0563888,0.906265,-0.375567,0.185617
0.71545,0.0593707,0.643761;0.0520386,0.900414,-0.386419,0.192943
0.714062,0.049435,0.644814;0.0476768,0.894361,-0.397185,0.200225
0.71264,0.0383425,0.64587;0.042757,0.887311,-0.409189,0.208364
0.711361,0.0273419,0.646794;0.037825,0.880009,-0.421078,0.216443
0.710222,0.0164348,0.647588;0.0328823,0.872456,-0.432846,0.224461
0.70922,0.0056231,0.648255;0.0279302,0.864656,-0.444492,0.232416
0.708353,-0.00509147,0.648798;0.0229702,0.85661,-0.456011,0.240304
0.707617,-0.0157071,0.64922;0.0180036,0.84832,-0.4674,0.248124
0.707009,-0.0262221,0.649523;0.013032,0.83979,-0.478657,0.255873
0.706526,-0.0366346,0.64971;0.00805658,0.83102,-0.489778,0.26355
0.706165,-0.0469429,0.649784;0.00307892,0.822014,-0.500759,0.271151
0.705923,-0.0571452,0.649747;-0.00189961,0.812775,-0.511598,0.278676
0.705797,-0.0672398,0.649603;-0.00687761,0.803305,-0.522292,0.286121
0.705788,-0.0783274,0.64932;-0.0124064,0.792514,-0.533999,0.294299
0.705915,-0.0892774,0.648911;-0.0179308,0.781446,-0.545519,0.302373
0.706171,-0.100087,0.64838;-0.0234489,0.770103,-0.556848,0.31034
0.706555,-0.110755,0.647731;-0.0289587,0.75849,-0.567982,0.318199
0.70706,-0.121277,0.646967;-0.0344584,0.746611,-0.578915,0.325947
0.707683,-0.131652,0.646093;-0.0399461,0.73447,-0.589646,0.333579
0.70842,-0.141878,0.645112;-0.0454197,0.722071,-0.60017,0.341095
0.709267,-0.151951,0.644027;-0.0508773,0.709419,-0.610483,0.348491
0.710218,-0.161869,0.642843;-0.0563171,0.696518,-0.620583,0.355765
0.711382,-0.172598,0.641431;-0.062278,0.682044,-0.63144,0.363622
0.712661,-0.183133,0.639907;-0.0682125,0.667281,-0.642029,0.371324
0.714052,-0.193472,0.638278;-0.074118,0.652235,-0.652345,0.378869
0.715548,-0.203611,0.636548;-0.079992,0.636911,-0.662385,0.386253
0.717143,-0.213547,0.634723;-0.085832,0.621317,-0.672143,0.393473
0.718833,-0.223277,0.632807;-0.0916356,0.60546,-0.681616,0.400526
0.720776,-0.233653,0.630619;-0.0979223,0.587867,-0.69162,0.408026
0.722818,-0.243775,0.628336;-0.10416,0.569978,-0.701274,0.415319
0.72495,-0.253639,0.625963;-0.110344,0.551801,-0.710574,0.422403
0.727165,-0.263242,0.623509;-0.116473,0.533345,-0.719515,0.429274
0.72965,-0.273344,0.620764;-0.123046,0.513046,-0.72879,0.436472
0.732203,-0.283083,0.617952;-0.111794,0.51649,-0.736168,0.422844
0.735037,-0.293229,0.614835;-0.0970407,0.523334,-0.743461,0.404932
0.737951,-0.303006,0.611636;-0.0822254,0.529844,-0.750281,0.386761
0.740939,-0.312412,0.608358;-0.0673575,0.536015,-0.75662,0.368343
0.743994,-0.321448,0.605008;-0.0524467,0.541844,-0.762477,0.34969
0.747397,-0.330879,0.601277;-0.0361424,0.547808,-0.768311,0.329087
0.750864,-0.339864,0.597471;-0.0198107,0.553356,-0.773561,0.308233
0.75439,-0.348403,0.593598;-0.00346389,0.558483,-0.778223,0.287146
0.758264,-0.357145,0.589334;0.0142477,0.563559,-0.782607,0.264055
0.762187,-0.365358,0.585006;0.0319466,0.568132,-0.786292,0.24073
0.766453,-0.373609,0.580284;0.0509746,0.57249,-0.789476,0.21537
0.77106,-0.381761,0.575166;0.0713028,0.576502,-0.791982,0.187952
0.775687,-0.389198,0.569999;0.0915463,0.57983,-0.793547,0.160311
0.780629,-0.396339,0.564449;0.113019,0.58262,-0.794178,0.130619
0.785866,-0.403027,0.558524;0.135666,0.584723,-0.793673,0.0988782
0.791372,-0.409092,0.552241;0.159418,0.585977,-0.791819,0.065107
0.79711,-0.414353,0.54562;0.184194,0.586214,-0.788394,0.0293401
0.803035,-0.418619,0.538693;0.209894,0.585257,-0.783166,-0.00836836
0.809375,-0.421792,0.531158;0.23765,0.582778,-0.775506,-0.0498242
0.815752,-0.423399,0.523418;0.266018,0.578595,-0.765381,-0.0930267
0.822073,-0.423196,0.515539;0.294826,0.572508,-0.752539,-0.137829
0.82823,-0.420929,0.507604;0.32388,0.564318,-0.736731,-0.18405
0.833665,-0.416764,0.500301;0.350769,0.554705,-0.719268,-0.227854
0.838378,-0.410932,0.49364;0.375538,0.54391,-0.700481,-0.269184
0.842378,-0.403656,0.487621;0.39825,0.532163,-0.68068,-0.308016
0.845545,-0.395591,0.482483;0.418017,0.520303,-0.66117,-0.342637
0.848103,-0.386643,0.477924;0.435978,0.50802,-0.641342,-0.374859
0.849995,-0.377568,0.474134;0.451346,0.496208,-0.622565,-0.403086
0.851412,-0.3681,0.470832;0.465181,0.484399,-0.604024,-0.429091
0.852403,-0.358403,0.467985;0.477582,0.472734,-0.5859,-0.452945
0.85302,-0.348634,0.465556;0.488644,0.46134,-0.568357,-0.474725
0.853326,-0.338195,0.463363;0.488566,0.470856,-0.555552,-0.480583
0.853342,-0.32834,0.461606;0.480305,0.494646,-0.547589,-0.474109
0.853125,-0.317992,0.46003;0.471689,0.518069,-0.539222,-0.467283
0.852728,-0.308033,0.458735;0.463426,0.539352,-0.531143,-0.460676
0.852151,-0.297713,0.457591;0.454871,0.560294,-0.522731,-0.453779
0.851401,-0.287059,0.456595;0.44603,0.580883,-0.513989,-0.446596
0.85057,-0.277023,0.455811;0.437678,0.599436,-0.50569,-0.439764
0.849607,-0.266753,0.455148;0.429094,0.617671,-0.497124,-0.432699
0.84852,-0.256269,0.454606;0.420283,0.635579,-0.488295,-0.425405
0.847314,-0.245593,0.454182;0.41125,0.65315,-0.479207,-0.417886
0.845995,-0.234748,0.453875;0.401999,0.670376,-0.469866,-0.410146
0.844705,-0.224759,0.453696;0.393404,0.685727,-0.461157,-0.40292
0.843332,-0.214663,0.453612;0.384637,0.700779,-0.452247,-0.395519
0.841881,-0.204477,0.45362;0.375702,0.715524,-0.443139,-0.387944
0.840358,-0.194217,0.453721;0.366602,0.729956,-0.433837,-0.3802
0.838766,-0.1839,0.453912;0.357342,0.744069,-0.424346,-0.372289
0.837111,-0.173541,0.454193;0.347926,0.757856,-0.414668,-0.364215
0.835397,-0.163157,0.454562;0.338357,0.771311,-0.404809,-0.355982
0.83363,-0.152764,0.455018;0.32864,0.784429,-0.394773,-0.347593
0.831813,-0.142378,0.455561;0.318779,0.797204,-0.384564,-0.339052
0.829953,-0.132016,0.456188;0.308779,0.809629,-0.374187,-0.330363
0.828053,-0.121694,0.456899;0.298644,0.821701,-0.363647,-0.321529
0.826118,-0.111428,0.457693;0.288378,0.833413,-0.352947,-0.312554
0.824154,-0.101234,0.458568;0.277986,0.84476,-0.342092,-0.303443
0.822165,-0.0911287,0.459523;0.267472,0.855737,-0.331088,-0.294199
0.820156,-0.0811285,0.460557;0.256841,0.86634,-0.319939,-0.284826
0.818131,-0.0712494,0.46167;0.246098,0.876564,-0.30865,-0.275328
0.816096,-0.0615078,0.462859;0.235247,0.886405,-0.297226,-0.26571
0.813851,-0.0509701,0.464254;0.223193,0.896781,-0.28451,-0.254996
0.811606,-0.0406399,0.465739;0.21102,0.906682,-0.271643,-0.244147
0.809366,-0.0305389,0.467312;0.198735,0.916104,-0.258632,-0.233169
0.807139,-0.0206889,0.468972;0.186345,0.92504,-0.245484,-0.222067
0.804731,-0.0102548,0.470881;0.172717,0.93423,-0.230993,-0.209823
0.802353,-0.00017316,0.472888;0.158979,0.942831,-0.216356,-0.197446
0.800014,0.00952802,0.474993;0.145142,0.950838,-0.201583,-0.184944
0.797534,0.0195757,0.477381;0.130048,0.958837,-0.185436,-0.17127
0.795119,0.0291081,0.479879;0.114859,0.966126,-0.169152,-0.157468
0.792605,0.0387567,0.482688;0.0984059,0.973176,-0.151475,-0.142476
0.790024,0.0483347,0.485832;0.0806846,0.979804,-0.132392,-0.126277
0.787418,0.0576245,0.489333;0.0616948,0.985811,-0.111894,-0.108861
0.784693,0.0668508,0.493449;0.0402497,0.991248,-0.0886849,-0.0891243
0.781952,0.07547,0.498235;0.0163561,0.99564,-0.0627509,-0.0670471
0.779116,0.0833679,0.50426;-0.0123502,0.998611,-0.0314892,-0.040403
0.776362,0.0891643,0.5122;-0.0481808,0.998785,0.00769035,-0.00696268
0.774376,0.089806,0.521986;0.022184,0.998705,0.0289057,-0.0355036
0.773617,0.0852347,0.531011;0.100353,0.991503,0.0437482,-0.0702629
0.773561,0.0785155,0.53843;0.161973,0.980405,0.0553146,-0.0975243
0.773841,0.0706466,0.545048;0.215018,0.966905,0.0651742,-0.120891
0.7743,0.0622144,0.551037;0.261519,0.951948,0.0737403,-0.141296
0.774862,0.0533986,0.556605;0.303488,0.935832,0.0814069,-0.159644
0.775465,0.044559,0.561723;0.341007,0.919218,0.0882063,-0.17599
0.776099,0.035496,0.56663;0.376021,0.901733,0.0945028,-0.191194
0.776738,0.0263644,0.571311;0.408567,0.883669,0.100311,-0.205281
0.777361,0.0172972,0.575759;0.4387,0.865295,0.105647,-0.21828
0.77799,0.00784111,0.580226;0.468199,0.845672,0.110832,-0.230965
0.778575,-0.00137736,0.584446;0.495347,0.826088,0.115565,-0.242599
0.779142,-0.0108702,0.588677;0.521862,0.805449,0.12015,-0.253923
0.77968,-0.0206033,0.592915;0.547709,0.78378,0.124582,-0.264922
0.780148,-0.0299162,0.596892;0.571306,0.762554,0.128593,-0.274927
0.780572,-0.0393825,0.600869;0.594261,0.740472,0.132459,-0.284623
0.780944,-0.0489742,0.604844;0.616548,0.717558,0.136176,-0.293999
0.781252,-0.0586633,0.608814;0.638142,0.693838,0.13974,-0.303044
0.78149,-0.0684218,0.612776;0.65902,0.669338,0.143147,-0.311749
0.781647,-0.0782217,0.616726;0.679157,0.644087,0.146393,-0.320104
0.781714,-0.088035,0.620663;0.698531,0.618111,0.149475,-0.3281
0.781683,-0.0978338,0.624582;0.717121,0.591442,0.152389,-0.335726
0.781545,-0.10759,0.628482;0.734904,0.564107,0.155131,-0.342976
0.781289,-0.117276,0.632359;0.751862,0.536139,0.1577,-0.34984
0.780908,-0.126863,0.636211;0.767976,0.507569,0.160091,-0.356311
0.780392,-0.136323,0.640034;0.783226,0.478429,0.162302,-0.362382
0.779732,-0.145629,0.643826;0.797597,0.44875,0.164331,-0.368046
0.778858,-0.155354,0.647833;0.811937,0.416539,0.166292,-0.373631
0.7778,-0.164837,0.651797;0.82524,0.383795,0.16804,-0.378739
0.776546,-0.174044,0.655715;0.837488,0.35056,0.169574,-0.383363
0.774985,-0.183487,0.659824;0.849327,0.314759,0.170965,-0.387738
0.773178,-0.192539,0.663872;0.859942,0.278503,0.17211,-0.391554
0.77098,-0.201653,0.668089;0.869828,0.239677,0.173052,-0.394979
0.768327,-0.210696,0.672456;0.878736,0.198275,0.173742,-0.3979
0.765143,-0.219513,0.676953;0.886401,0.154309,0.17413,-0.4002
0.761345,-0.227923,0.681558;0.892544,0.107815,0.174163,-0.401755
0.75675,-0.235863,0.686335;0.892468,0.0657174,0.186673,-0.405383
0.751331,-0.243062,0.691187;0.882658,0.0345488,0.221284,-0.413225
0.745111,-0.249492,0.696053;0.870206,0.00187859,0.256917,-0.420394
0.738124,-0.255208,0.700881;0.854854,-0.0322158,0.293401,-0.426734
0.730425,-0.260309,0.705614;0.836346,-0.0676346,0.330539,-0.432082
0.722425,-0.264781,0.710017;0.815324,-0.10285,0.366684,-0.436132
0.713921,-0.269024,0.714217;0.790864,-0.139145,0.403105,-0.438953
0.705374,-0.273121,0.717998;0.763833,-0.174988,0.438215,-0.440348
0.696926,-0.277343,0.721331;0.73432,-0.210261,0.471901,-0.440311
0.688413,-0.282153,0.724282;0.701146,-0.246167,0.505259,-0.438759
0.680325,-0.287698,0.72668;0.665516,-0.28121,0.536845,-0.435668
0.672822,-0.294282,0.72849;0.627553,-0.315268,0.56655,-0.431051
0.666301,-0.301891,0.729645;0.588916,-0.347021,0.593279,-0.425177
0.660818,-0.310637,0.730181;0.549958,-0.37649,0.617163,-0.418225
0.656567,-0.320133,0.730153;0.512654,-0.402605,0.637499,-0.410719
0.653568,-0.329671,0.729706;0.479153,-0.424483,0.653867,-0.403342
0.651383,-0.339953,0.728903;0.446472,-0.444512,0.668252,-0.395615
0.650024,-0.350251,0.727861;0.416573,-0.461779,0.68014,-0.388119
0.649324,-0.360261,0.726682;0.389709,-0.476483,0.689845,-0.381056
0.64912,-0.370434,0.725356;0.364255,-0.489742,0.69823,-0.374092
0.649338,-0.380636,0.723925;0.340311,-0.501641,0.705427,-0.36731
0.649904,-0.39073,0.72243;0.317963,-0.512263,0.711562,-0.360785
0.650835,-0.4015,0.720765;0.295395,-0.52253,0.717204,-0.354009
0.652021,-0.411989,0.719087;0.274528,-0.531624,0.72194,-0.347583
0.653384,-0.422056,0.717433;0.255419,-0.539622,0.72588,-0.341565
0.655028,-0.432643,0.715655;0.236187,-0.547362,0.729472,-0.335383
0.656753,-0.44263,0.713947;0.21878,-0.554102,0.732404,-0.329682
0.658719,-0.453063,0.712136;0.201289,-0.560627,0.735052,-0.323852
0.66093,-0.463953,0.710221;0.183719,-0.566933,0.737412,-0.317895
0.663106,-0.474026,0.70843;0.168041,-0.572353,0.73927,-0.312497
0.665485,-0.484477,0.706554;0.152311,-0.577597,0.7409,-0.307002
0.668072,-0.495314,0.704593;0.136534,-0.582663,0.742302,-0.301413
0.670508,-0.505119,0.702806;0.122695,-0.586949,0.743341,-0.296447
0.673109,-0.515232,0.700952;0.108827,-0.591097,0.744205,-0.29141
0.675877,-0.525656,0.699031;0.0949334,-0.595105,0.744894,-0.286305
0.678816,-0.536398,0.697043;0.0810173,-0.598973,0.745407,-0.281132
0.681928,-0.547464,0.694986;0.0670821,-0.6027,0.745745,-0.275893
0.684735,-0.557209,0.693167;0.0551249,-0.605782,0.745894,-0.271351
0.687673,-0.567199,0.691298;0.0431582,-0.608759,0.745915,-0.266762
0.690744,-0.577437,0.689377;0.0311841,-0.61163,0.745806,-0.262126
0.693949,-0.587926,0.687404;0.0192045,-0.614395,0.745568,-0.257446
0.697291,-0.59867,0.685378;0.0072216,-0.617054,0.745201,-0.25272
0.700771,-0.609671,0.6833;-0.00476254,-0.619606,0.744705,-0.247951
0.704391,-0.620934,0.681169;-0.0167459,-0.622051,0.74408,-0.243139
