0.934956,0.159751,0.500413;0.807616,-0.409874,0.248733,-0.343354
0.93577,0.15082,0.49423;0.813222,-0.405346,0.250919,-0.333773
0.936429,0.142813,0.488141;0.818708,-0.400758,0.253067,-0.324141
0.937007,0.134606,0.481157;0.824954,-0.395331,0.255526,-0.312844
0.937422,0.126675,0.473334;0.831888,-0.38903,0.258272,-0.299856
0.937583,0.120233,0.465682;0.838602,-0.382626,0.260951,-0.286789
0.937472,0.114694,0.45728;0.845892,-0.375301,0.263882,-0.271998
0.936932,0.110262,0.447309;0.854416,-0.366179,0.267344,-0.253797
0.93586,0.108193,0.436811;0.86323,-0.356019,0.270969,-0.233797
0.934312,0.108817,0.426714;0.87153,-0.345647,0.274433,-0.213658
0.932317,0.111939,0.417022;0.879313,-0.335071,0.277734,-0.193392
0.93012,0.116827,0.408497;0.885988,-0.3252,0.280615,-0.174714
0.927592,0.123496,0.40032;0.892221,-0.315167,0.283355,-0.155949
0.925026,0.130976,0.393192;0.897502,-0.30591,0.285724,-0.138822
0.922513,0.138766,0.387027;0.901937,-0.29747,0.287756,-0.123359
0.919819,0.147471,0.381102;0.906072,-0.288931,0.289691,-0.107854
0.917282,0.15591,0.376038;0.909492,-0.28126,0.29133,-0.0940413
0.91462,0.164948,0.371166;0.912673,-0.273514,0.292892,-0.080204
0.911841,0.174528,0.366488;0.915613,-0.265696,0.294376,-0.0663456
0.908954,0.18459,0.362005;0.91831,-0.257808,0.295783,-0.0524696
0.906346,0.193744,0.358243;0.920472,-0.25085,0.29695,-0.0403167
0.903667,0.203184,0.354633;0.922448,-0.243842,0.298057,-0.0281555
0.900924,0.21287,0.351175;0.924237,-0.236784,0.299104,-0.0159887
0.898121,0.222764,0.347871;0.92584,-0.229678,0.30009,-0.00381871
0.895264,0.232826,0.344721;0.927255,-0.222526,0.301016,0.0083521
0.892359,0.243018,0.341725;0.928483,-0.215328,0.301881,0.0205212
0.889412,0.2533,0.338886;0.929523,-0.208088,0.302685,0.0326862
0.886427,0.263633,0.336204;0.930375,-0.200805,0.303427,0.0448445
0.883412,0.273977,0.33368;0.93104,-0.193481,0.304108,0.0569938
0.880372,0.284295,0.331314;0.931516,-0.186119,0.304728,0.0691316
0.877311,0.294547,0.329109;0.931803,-0.178719,0.305286,0.0812554
0.874237,0.304693,0.327064;0.931903,-0.171283,0.305783,0.0933628
0.871153,0.314695,0.325181;0.931814,-0.163812,0.306217,0.105451
0.868067,0.324514,0.323461;0.931536,-0.156308,0.30659,0.117518
0.864984,0.33411,0.321904;0.931071,-0.148772,0.306901,0.129562
0.861626,0.344293,0.320391;0.930575,-0.139169,0.307821,0.141095
0.858267,0.354165,0.31907;0.931763,-0.117439,0.314485,0.13829
0.854928,0.363649,0.317948;0.932462,-0.0956469,0.320983,0.135413
0.851279,0.373601,0.316943;0.932663,-0.0716182,0.327936,0.132166
0.847658,0.383019,0.316178;0.932271,-0.047544,0.334681,0.128835
0.843742,0.392645,0.315618;0.931167,-0.0212472,0.341795,0.125108
0.839546,0.402261,0.315333;0.929176,0.00725849,0.34921,0.120964
0.835083,0.41161,0.3154;0.926107,0.037949,0.356849,0.11638
0.830062,0.42093,0.31595;0.921432,0.0729741,0.365127,0.110995
0.824524,0.429555,0.317172;0.91469,0.112258,0.373853,0.104759
0.81793,0.437215,0.31953;0.904335,0.160004,0.383651,0.0968952
0.810129,0.441914,0.323722;0.888485,0.218034,0.394339,0.0869097
0.802149,0.440663,0.329811;0.867669,0.279425,0.404134,0.0758145
0.796144,0.434639,0.335806;0.848427,0.327249,0.410634,0.0667742
0.791905,0.42713,0.340898;0.832685,0.362019,0.414706,0.0599714
0.788549,0.418897,0.345512;0.81877,0.390243,0.417586,0.0543002
0.785547,0.409532,0.350135;0.805093,0.416091,0.419874,0.0489838
0.783096,0.400271,0.354303;0.79296,0.437675,0.42152,0.0444512
0.780941,0.39076,0.358294;0.781493,0.457055,0.422783,0.040306
0.779063,0.381288,0.362051;0.77082,0.474292,0.423729,0.0365571
0.777245,0.370935,0.365964;0.75982,0.491327,0.424496,0.0327927
0.775679,0.360977,0.369573;0.749769,0.506294,0.425025,0.0294347
0.774163,0.350294,0.373305;0.739467,0.52109,0.425411,0.0260669
0.772877,0.340343,0.376671;0.730248,0.533893,0.425631,0.0231128
0.771631,0.329819,0.380131;0.72084,0.546559,0.425742,0.0201527
0.770594,0.320336,0.383172;0.712629,0.557303,0.42575,0.0176113
0.769587,0.310421,0.386281;0.704283,0.567942,0.425677,0.0150666
0.768609,0.300068,0.38946;0.695803,0.578473,0.425523,0.0125191
0.767663,0.289271,0.392707;0.687192,0.588894,0.425289,0.00996917
0.766747,0.278026,0.396023;0.678451,0.599205,0.424975,0.00741737
0.766007,0.268309,0.398839;0.671068,0.60771,0.424651,0.00528977
0.76529,0.258272,0.401702;0.663597,0.616135,0.424271,0.00316148
0.764582,0.247715,0.404669;0.669826,0.611546,0.42112,0.00147512
0.763895,0.236798,0.407694;0.678263,0.604721,0.417459,-0.000137814
0.763232,0.225569,0.410764;0.68661,0.597814,0.413742,-0.00175073
0.762683,0.215704,0.41343;0.693691,0.591831,0.410512,-0.00313305
0.762152,0.205627,0.416127;0.700703,0.585789,0.407241,-0.00451507
0.76164,0.195345,0.418852;0.707647,0.57969,0.403931,-0.00589664
0.761146,0.184866,0.421606;0.714522,0.573534,0.400581,-0.00727763
0.760671,0.174199,0.424385;0.721326,0.567321,0.397192,-0.0086579
0.760215,0.163352,0.42719;0.728059,0.561053,0.393763,-0.0100373
0.759778,0.152332,0.430017;0.734721,0.554729,0.390296,-0.0114158
0.759361,0.141147,0.432867;0.74131,0.548351,0.386791,-0.0127931
0.758964,0.129806,0.435738;0.747827,0.541919,0.383247,-0.0141691
0.758587,0.118316,0.438627;0.75427,0.535434,0.379666,-0.0155438
0.75823,0.106686,0.441535;0.760639,0.528896,0.376047,-0.0169169
0.757948,0.0968931,0.44397;0.765889,0.523408,0.373004,-0.01806
0.757681,0.0870126,0.446416;0.771087,0.517884,0.369935,-0.0192017
0.757428,0.0770493,0.448871;0.776233,0.512325,0.36684,-0.0203422
0.75719,0.067008,0.451336;0.781325,0.506731,0.363721,-0.0214813
0.756967,0.0568932,0.453808;0.786364,0.501103,0.360577,-0.0226189
0.756758,0.0467097,0.456288;0.79135,0.49544,0.357408,-0.023755
0.756565,0.036462,0.458774;0.796281,0.489744,0.354214,-0.0248895
0.756387,0.0261548,0.461266;0.801158,0.484014,0.350997,-0.0260222
0.756224,0.0157927,0.463763;0.805981,0.478251,0.347756,-0.0271532
0.756077,0.00538033,0.466264;0.810748,0.472455,0.344491,-0.0282823
0.755945,-0.00507761,0.468768;0.81546,0.466627,0.341202,-0.0294095
0.755829,-0.0155765,0.471274;0.820117,0.460767,0.33789,-0.0305347
0.755729,-0.0261117,0.473782;0.824717,0.454876,0.334555,-0.0316578
0.755645,-0.0366787,0.47629;0.829261,0.448954,0.331197,-0.0327788
0.755578,-0.0472726,0.478798;0.833749,0.443001,0.327817,-0.0338975
0.755526,-0.057889,0.481306;0.83818,0.437018,0.324414,-0.0350139
0.755491,-0.0685232,0.483812;0.842553,0.431005,0.320989,-0.0361279
0.755473,-0.0791705,0.486315;0.846869,0.424962,0.317542,-0.0372394
0.755472,-0.0898263,0.488815;0.851127,0.418891,0.314074,-0.0383484
0.755487,-0.100486,0.49131;0.855327,0.412791,0.310584,-0.0394548
0.755519,-0.111145,0.493801;0.859469,0.406663,0.307073,-0.0405584
0.755569,-0.121798,0.496286;0.863552,0.400507,0.303541,-0.0416594
0.755636,-0.132442,0.498764;0.867576,0.394324,0.299988,-0.0427574
0.75572,-0.14307,0.501235;0.871541,0.388113,0.296414,-0.0438526
0.755822,-0.15368,0.503697;0.875446,0.381877,0.292821,-0.0449448
0.755941,-0.164265,0.50615;0.879292,0.375614,0.289207,-0.0460338
0.756079,-0.174822,0.508594;0.883077,0.369326,0.285574,-0.0471198
0.756234,-0.185346,0.511026;0.886803,0.363012,0.281921,-0.0482025
0.756408,-0.195831,0.513448;0.890468,0.356674,0.278249,-0.049282
0.7566,-0.206275,0.515856;0.894072,0.350311,0.274558,-0.0503581
0.75681,-0.216671,0.518252;0.897615,0.343924,0.270849,-0.0514307
0.757039,-0.227015,0.520634;0.901096,0.337514,0.26712,-0.0524998
0.757286,-0.237303,0.523;0.904516,0.331081,0.263374,-0.0535654
0.757552,-0.247529,0.525352;0.907875,0.324626,0.25961,-0.0546273
0.757838,-0.25769,0.527686;0.911172,0.318148,0.255827,-0.0556855
0.758142,-0.267781,0.530004;0.914406,0.311648,0.252028,-0.0567398
0.758465,-0.277797,0.532303;0.917578,0.305127,0.248211,-0.0577903
0.758808,-0.287733,0.534583;0.920687,0.298586,0.244377,-0.0588369
0.759171,-0.297585,0.536844;0.923733,0.292024,0.240527,-0.0598794
0.759553,-0.307348,0.539084;0.926717,0.285442,0.23666,-0.0609178
0.760038,-0.318939,0.541744;0.930213,0.277517,0.231998,-0.0621585
0.760551,-0.330388,0.544372;0.933619,0.269566,0.227314,-0.063393
0.761094,-0.341687,0.546966;0.936932,0.261588,0.222607,-0.0646213
0.761665,-0.352826,0.549525;0.940153,0.253585,0.217879,-0.0658433
0.762266,-0.363799,0.552048;0.943282,0.245556,0.213129,-0.0670587
0.762897,-0.374597,0.554533;0.946318,0.237504,0.208358,-0.0682676
0.763558,-0.385212,0.556979;0.949262,0.229428,0.203567,-0.0694698
0.764249,-0.395637,0.559384;0.952111,0.221329,0.198755,-0.0706652
0.76497,-0.405862,0.561747;0.954868,0.213209,0.193924,-0.0718536
0.765722,-0.415881,0.564066;0.95753,0.205068,0.189074,-0.0730349
0.766505,-0.425685,0.566341;0.960098,0.196906,0.184206,-0.0742091
0.767458,-0.436841,0.568936;0.962976,0.18736,0.178503,-0.0755697
0.768453,-0.447681,0.571466;0.965724,0.177789,0.172776,-0.0769202
0.769492,-0.458192,0.573928;0.968343,0.168195,0.167027,-0.0782604
0.770574,-0.468362,0.576321;0.970832,0.158577,0.161254,-0.0795902
0.7717,-0.478177,0.578641;0.973192,0.148939,0.155461,-0.0809093
0.773041,-0.488944,0.581202;0.975729,0.137899,0.148814,-0.0824036
0.774441,-0.499213,0.583663;0.978096,0.126835,0.142141,-0.0838835
0.775899,-0.508965,0.58602;0.980292,0.115749,0.135443,-0.0853488
0.777612,-0.519294,0.588544;0.982558,0.103253,0.12788,-0.0869793
0.7794,-0.528918,0.590927;0.984606,0.0907342,0.120289,-0.0885906
0.781477,-0.538749,0.593405;0.986627,0.076801,0.111823,-0.090358
0.783873,-0.548475,0.595916;0.988538,0.0614505,0.102475,-0.0922736
0.786857,-0.558433,0.598583;0.990376,0.0432832,0.0913841,-0.0944981
0.790507,-0.567752,0.601236;0.991929,0.0222967,0.078535,-0.0970107
0.795456,-0.576031,0.603912;0.993022,-0.00430425,0.0621912,-0.100107
0.803772,-0.580617,0.606452;0.993825,0.0307018,0.0678484,-0.082254
0.812535,-0.576112,0.60717;0.988887,0.106286,0.0899636,-0.0520833
0.819099,-0.568182,0.606748;0.981085,0.159561,0.105296,-0.0304077
0.824352,-0.55959,0.605935;0.972571,0.20061,0.116961,-0.013469
0.828933,-0.550696,0.604927;0.963584,0.235449,0.126759,0.00107456
0.833309,-0.541111,0.603731;0.953679,0.268008,0.135825,0.014809
0.837196,-0.531778,0.602493;0.943807,0.29642,0.143664,0.0269107
0.840838,-0.522392,0.601194;0.933645,0.32264,0.150837,0.0381789
0.844483,-0.51241,0.599766;0.922579,0.348548,0.157863,0.04941
0.847864,-0.502655,0.598333;0.911502,0.372304,0.164251,0.0597963
0.851233,-0.49248,0.596805;0.899664,0.395748,0.170501,0.0701326
0.854327,-0.482751,0.595316;0.888068,0.417096,0.176144,0.079622
0.857399,-0.472737,0.593759;0.87584,0.438146,0.181662,0.0890547
0.860446,-0.462472,0.592139;0.862989,0.458885,0.18705,0.098424
0.86321,-0.452872,0.590605;0.850668,0.477609,0.191872,0.106951
0.865944,-0.443118,0.589027;0.837838,0.496047,0.19658,0.115414
0.868642,-0.433237,0.587412;0.824507,0.514188,0.20117,0.123808
0.8713,-0.423255,0.585763;0.810683,0.532022,0.20564,0.132128
0.873915,-0.413201,0.584086;0.796374,0.549537,0.209986,0.140369
0.876482,-0.4031,0.582384;0.781588,0.566724,0.214207,0.148526
0.878997,-0.392981,0.580663;0.766334,0.583571,0.2183,0.156594
0.881456,-0.382869,0.578927;0.750622,0.600069,0.222262,0.164568
0.883854,-0.372792,0.57718;0.734461,0.616208,0.226091,0.172444
0.886187,-0.362777,0.575428;0.71786,0.631979,0.229785,0.180217
0.888451,-0.352852,0.573676;0.70083,0.647371,0.233341,0.187882
0.890642,-0.343042,0.571927;0.68338,0.662376,0.236758,0.195434
0.892756,-0.333376,0.570187;0.665522,0.676985,0.240033,0.20287
0.894968,-0.323025,0.568303;0.645586,0.692459,0.243442,0.210843
0.897078,-0.312913,0.566441;0.625191,0.70744,0.246678,0.218666
0.89908,-0.303073,0.564607;0.60435,0.721918,0.249738,0.226333
0.901121,-0.292761,0.562658;0.581288,0.737021,0.252852,0.234456
0.903021,-0.282855,0.560757;0.557739,0.751509,0.255755,0.242384
0.904903,-0.272692,0.558771;0.531859,0.766408,0.258642,0.250696
0.90672,-0.262446,0.556725;0.503559,0.781547,0.261457,0.25933
0.90842,-0.252326,0.554648;0.472755,0.796737,0.264139,0.268223
0.909941,-0.242579,0.552578;0.439371,0.81177,0.266623,0.277299
0.911334,-0.232572,0.550344;0.399296,0.82797,0.269056,0.287468
0.912408,-0.222864,0.547988;0.35017,0.845245,0.271273,0.298919
0.91267,-0.213279,0.545099;0.270405,0.867658,0.273203,0.315296
0.908013,-0.21757,0.543051;0.118846,0.892648,0.271652,0.3395
0.904541,-0.227142,0.543537;0.0804248,0.902839,0.25503,0.336708
0.901253,-0.237339,0.544357;0.0665687,0.91503,0.228891,0.32542
0.89824,-0.247149,0.545269;0.055428,0.924024,0.207788,0.316119
0.895194,-0.257318,0.546287;0.0451795,0.931671,0.18831,0.307388
0.892201,-0.267455,0.547352;0.0358383,0.938122,0.1705,0.299286
0.889334,-0.277246,0.548415;0.0274153,0.943518,0.154397,0.291863
0.886308,-0.287613,0.549568;0.0189811,0.948523,0.138229,0.284319
0.883492,-0.297272,0.550662;0.0114772,0.952641,0.12381,0.277514
0.880562,-0.307308,0.551817;0.00396958,0.956448,0.10935,0.270619
0.877523,-0.317687,0.553025;-0.00353934,0.959941,0.0948543,0.263634
0.874379,-0.328371,0.554283;-0.0110471,0.96312,0.0803275,0.256563
0.871547,-0.337941,0.55542;-0.0176135,0.965643,0.0675949,0.250308
0.868642,-0.347692,0.556586;-0.0241755,0.967924,0.0548453,0.243989
0.865668,-0.3576,0.557778;-0.0307314,0.969962,0.0420819,0.237609
0.862628,-0.36764,0.558992;-0.0372796,0.971757,0.029308,0.23117
0.859525,-0.377788,0.560225;-0.0438185,0.973308,0.0165267,0.224672
0.856363,-0.388018,0.561472;-0.0503464,0.974616,0.00374128,0.218119
0.853144,-0.398308,0.562732;-0.0568616,0.975678,-0.00904507,0.21151
0.849873,-0.408631,0.563998;-0.0633627,0.976497,-0.0218292,0.204849
0.846552,-0.418965,0.565269;-0.0698478,0.97707,-0.0346078,0.198136
0.843185,-0.429283,0.56654;-0.0763154,0.977398,-0.0473777,0.191374
0.839775,-0.439562,0.567807;-0.0827638,0.977482,-0.0601357,0.184563
0.836326,-0.449777,0.569068;-0.0891916,0.97732,-0.0728787,0.177707
0.83284,-0.459904,0.570317;-0.0955969,0.976913,-0.0856034,0.170805
0.829321,-0.469917,0.571553;-0.101978,0.976261,-0.0983067,0.163861
0.825773,-0.479793,0.57277;-0.108334,0.975365,-0.110985,0.156876
0.822199,-0.489508,0.573966;-0.114663,0.974223,-0.123636,0.149851
0.818601,-0.499036,0.575136;-0.120963,0.972838,-0.136256,0.142789
0.814984,-0.508352,0.576277;-0.127232,0.971209,-0.148841,0.135691
0.81083,-0.51871,0.577541;-0.134358,0.969048,-0.163179,0.127538
0.80666,-0.528724,0.578757;-0.14144,0.966571,-0.177463,0.119343
0.802479,-0.538358,0.579919;-0.148476,0.963776,-0.191689,0.111108
0.79829,-0.547573,0.581021;-0.155463,0.960667,-0.205853,0.102838
0.793577,-0.557397,0.582184;-0.163263,0.956792,-0.221706,0.0934932
0.788869,-0.566594,0.583258;-0.170995,0.952521,-0.237467,0.0841098
0.783652,-0.576014,0.584336;-0.179502,0.947312,-0.254863,0.0736431
0.77846,-0.584525,0.585284;-0.187918,0.941619,-0.272129,0.0631387
0.772788,-0.592752,0.586162;-0.197064,0.9348,-0.290961,0.0515467
0.766156,-0.600815,0.586959;-0.207716,0.925995,-0.312983,0.0378066
0.758626,-0.607688,0.587526;-0.219782,0.914841,-0.338056,0.0219127
0.749325,-0.612295,0.587648;-0.234701,0.899202,-0.369253,0.00174657
0.739426,-0.611507,0.586924;-0.250685,0.879987,-0.402937,-0.0205445
0.731326,-0.605433,0.585514;-0.263937,0.861934,-0.431089,-0.0396162
0.725309,-0.59698,0.583872;-0.273942,0.846904,-0.452493,-0.054406
0.720776,-0.58791,0.582224;-0.281611,0.834497,-0.468993,-0.0659889
0.716813,-0.577721,0.580441;-0.288432,0.82277,-0.483742,-0.0764836
0.713759,-0.568188,0.578812;-0.293783,0.813085,-0.495363,-0.0848515
0.710814,-0.557387,0.576996;-0.299037,0.803134,-0.506821,-0.0931915
0.70833,-0.546867,0.57525;-0.303554,0.794211,-0.516712,-0.100464
0.706272,-0.537037,0.573634;-0.307366,0.786404,-0.525086,-0.106678
0.704282,-0.52644,0.571905;-0.311121,0.778452,-0.533364,-0.112872
0.702363,-0.515059,0.57006;-0.314818,0.770356,-0.541543,-0.119045
0.700819,-0.504967,0.568434;-0.317855,0.763502,-0.548283,-0.124173
0.699327,-0.494311,0.566724;-0.320851,0.756549,-0.554953,-0.129285
0.697887,-0.483083,0.56493;-0.323807,0.7495,-0.561552,-0.13438
0.696502,-0.471274,0.56305;-0.32672,0.742355,-0.568079,-0.139458
0.695433,-0.461403,0.561484;-0.329021,0.736571,-0.573248,-0.143507
0.6944,-0.451149,0.559861;-0.331295,0.730726,-0.578371,-0.147545
0.693404,-0.440509,0.558181;-0.333542,0.724822,-0.583446,-0.151571
0.692444,-0.429477,0.556444;-0.335762,0.718858,-0.588473,-0.155584
0.691523,-0.418049,0.554648;-0.337954,0.712835,-0.593452,-0.159585
0.69064,-0.406221,0.552793;-0.340119,0.706754,-0.598383,-0.163573
0.689796,-0.393988,0.550878;-0.342255,0.700615,-0.603264,-0.167547
0.688991,-0.381346,0.548903;-0.344364,0.694419,-0.608096,-0.171507
0.688227,-0.368289,0.546867;-0.346444,0.688166,-0.612879,-0.175454
0.687681,-0.358222,0.545299;-0.347986,0.683439,-0.616433,-0.178404
