0.881079,-0.429621,0.40301;0.541084,0.505158,-0.28473,-0.609075
0.878846,-0.416922,0.40101;0.542732,0.506236,-0.281977,-0.607993
0.876633,-0.404325,0.399026;0.544374,0.507307,-0.27922,-0.606904
0.87444,-0.391829,0.397057;0.546008,0.508372,-0.27646,-0.605808
0.872266,-0.379433,0.395104;0.547636,0.509431,-0.273696,-0.604703
0.870112,-0.367138,0.393166;0.549256,0.510483,-0.270929,-0.603591
0.867977,-0.354944,0.391243;0.55087,0.511528,-0.268159,-0.602471
0.865861,-0.342849,0.389335;0.552477,0.512567,-0.265385,-0.601344
0.863765,-0.330854,0.387443;0.554077,0.5136,-0.262608,-0.600209
0.861687,-0.318958,0.385566;0.555669,0.514626,-0.259827,-0.599067
0.859629,-0.307161,0.383704;0.557255,0.515646,-0.257043,-0.597917
0.85759,-0.295462,0.381857;0.558834,0.516659,-0.254256,-0.596759
0.85557,-0.283862,0.380025;0.560406,0.517666,-0.251466,-0.595594
0.853568,-0.27236,0.378209;0.56197,0.518666,-0.248673,-0.594422
0.851586,-0.260955,0.376407;0.563528,0.51966,-0.245876,-0.593241
0.849622,-0.249648,0.37462;0.565078,0.520647,-0.243076,-0.592054
0.847677,-0.238437,0.372848;0.566621,0.521627,-0.240273,-0.590859
0.845751,-0.227324,0.371091;0.568157,0.522601,-0.237468,-0.589656
0.843843,-0.216306,0.369349;0.569686,0.523569,-0.234659,-0.588446
0.841954,-0.205385,0.367621;0.571208,0.524529,-0.231847,-0.587229
0.840083,-0.194559,0.365908;0.572722,0.525483,-0.229032,-0.586004
0.83823,-0.183829,0.36421;0.57423,0.526431,-0.226215,-0.584772
0.836396,-0.173194,0.362527;0.57573,0.527371,-0.223394,-0.583532
0.83458,-0.162654,0.360858;0.577223,0.528306,-0.220571,-0.582285
0.832783,-0.152207,0.359203;0.578708,0.529233,-0.217745,-0.581031
0.831003,-0.141855,0.357563;0.580186,0.530154,-0.214916,-0.579769
0.829241,-0.131597,0.355938;0.581657,0.531068,-0.212085,-0.5785
0.827498,-0.121432,0.354327;0.58312,0.531975,-0.20925,-0.577224
0.825772,-0.111361,0.352731;0.584577,0.532876,-0.206414,-0.57594
0.824064,-0.101382,0.351148;0.586025,0.53377,-0.203574,-0.574649
0.822374,-0.0914955,0.349581;0.587467,0.534657,-0.200732,-0.573351
0.820702,-0.0817013,0.348027;0.588901,0.535537,-0.197888,-0.572046
0.818226,-0.0671821,0.345723;0.591038,0.536845,-0.193616,-0.570074
0.81579,-0.0528684,0.343451;0.593158,0.538138,-0.189339,-0.568086
0.813393,-0.0387591,0.341211;0.595261,0.539415,-0.185057,-0.566082
0.811036,-0.0248532,0.339002;0.597347,0.540677,-0.180769,-0.564062
0.808717,-0.0111496,0.336825;0.599417,0.541924,-0.176476,-0.562026
0.806436,0.0023528,0.334679;0.601469,0.543156,-0.172178,-0.559974
0.804194,0.0156551,0.332564;0.603505,0.544371,-0.167876,-0.557907
0.80199,0.0287584,0.33048;0.605523,0.545572,-0.163568,-0.555823
0.799824,0.0416637,0.328428;0.607524,0.546757,-0.159256,-0.553723
0.797696,0.0543722,0.326405;0.609507,0.547926,-0.15494,-0.551608
0.795605,0.0668849,0.324414;0.611474,0.54908,-0.150619,-0.549477
0.793551,0.0792029,0.322452;0.613423,0.550218,-0.146293,-0.54733
0.791534,0.0913274,0.320522;0.615354,0.551341,-0.141964,-0.545168
0.789554,0.103259,0.318621;0.617268,0.552448,-0.13763,-0.542991
0.787611,0.115,0.31675;0.619165,0.553539,-0.133293,-0.540798
0.785703,0.12655,0.314909;0.621044,0.554615,-0.128952,-0.538589
0.783832,0.137911,0.313098;0.622905,0.555674,-0.124607,-0.536366
0.781997,0.149084,0.311316;0.624749,0.556718,-0.120259,-0.534127
0.780198,0.160069,0.309564;0.626575,0.557746,-0.115907,-0.531873
0.778434,0.170869,0.307841;0.628383,0.558759,-0.111552,-0.529603
0.776705,0.181484,0.306148;0.630173,0.559755,-0.107193,-0.527319
0.775011,0.191915,0.304483;0.631945,0.560736,-0.102832,-0.52502
0.773352,0.202163,0.302847;0.6337,0.5617,-0.0984678,-0.522706
0.771727,0.21223,0.30124;0.635436,0.562649,-0.0941007,-0.520377
0.770137,0.222116,0.299662;0.637154,0.563582,-0.089731,-0.518033
0.768069,0.235018,0.297602;0.639417,0.5648,-0.0839008,-0.514885
0.766062,0.247604,0.295591;0.641648,0.56599,-0.0780663,-0.511711
0.764114,0.259876,0.293631;0.643846,0.567152,-0.0722279,-0.508511
0.762225,0.271836,0.291721;0.646012,0.568285,-0.0663859,-0.505286
0.760394,0.283488,0.289859;0.648145,0.569389,-0.0605405,-0.502035
0.758622,0.294834,0.288047;0.650245,0.570464,-0.054692,-0.498759
0.756906,0.305876,0.286283;0.652313,0.571511,-0.0488408,-0.495457
0.755248,0.316617,0.284567;0.654347,0.572529,-0.0429871,-0.492131
0.753646,0.327059,0.282899;0.656349,0.573518,-0.0371312,-0.488779
0.7521,0.337206,0.281279;0.658317,0.574477,-0.0312735,-0.485403
0.750609,0.347059,0.279706;0.660252,0.575408,-0.0254142,-0.482002
0.748822,0.358967,0.277805;0.662624,0.576531,-0.0180883,-0.477717
0.747119,0.370426,0.275978;0.664944,0.577608,-0.0107609,-0.473395
0.7455,0.38144,0.274222;0.667211,0.57864,-0.00343272,-0.469035
0.743963,0.392015,0.272537;0.669426,0.579626,0.00389574,-0.464638
0.742508,0.402156,0.270923;0.671587,0.580566,0.0112239,-0.460204
0.740867,0.41376,0.269079;0.674111,0.581634,0.0200165,-0.454836
0.739341,0.424753,0.267334;0.676559,0.582635,0.0288068,-0.449416
0.737926,0.435147,0.265687;0.67893,0.583571,0.0375938,-0.443944
0.736621,0.444948,0.264138;0.681223,0.58444,0.0463765,-0.438423
0.735236,0.455646,0.262453;0.683801,0.58537,0.0566163,-0.431918
0.733996,0.465565,0.260896;0.686273,0.586209,0.0668474,-0.425346
0.732752,0.475962,0.259273;0.688968,0.587058,0.0785273,-0.417756
0.731569,0.486489,0.257643;0.691834,0.58787,0.091648,-0.409115
0.730515,0.496766,0.25607;0.69481,0.588597,0.106199,-0.399392
0.729603,0.507181,0.254506;0.698093,0.589224,0.123616,-0.387558
0.728981,0.517359,0.253035;0.701749,0.58963,0.145306,-0.372518
0.72912,0.527397,0.251758;0.706562,0.58941,0.179791,-0.347909
0.733844,0.524852,0.253303;0.712631,0.585131,0.254697,-0.291389
0.737187,0.515453,0.255443;0.71329,0.581998,0.283789,-0.268252
0.740221,0.505453,0.25761;0.713126,0.579067,0.305691,-0.250371
0.74297,0.495646,0.259695;0.712569,0.576341,0.323305,-0.235693
0.745716,0.485338,0.261868;0.711716,0.573551,0.339412,-0.222032
0.748396,0.474891,0.26406;0.710651,0.570765,0.354041,-0.209421
0.750959,0.464611,0.266213;0.709447,0.568043,0.367223,-0.197887
0.753361,0.454758,0.268278;0.708172,0.56544,0.378988,-0.187452
0.755847,0.444364,0.270458;0.706716,0.562692,0.390656,-0.17697
0.758123,0.434695,0.27249;0.705269,0.560129,0.400944,-0.167615
0.760456,0.424644,0.274608;0.703681,0.557453,0.41115,-0.158225
0.762842,0.41423,0.276809;0.70195,0.554664,0.421274,-0.148804
0.765278,0.403474,0.27909;0.700077,0.551763,0.431312,-0.139352
0.767445,0.393798,0.28115;0.698323,0.549133,0.440025,-0.131059
0.769644,0.38389,0.283267;0.69646,0.546418,0.448669,-0.122746
0.771871,0.373764,0.28544;0.69449,0.543619,0.457244,-0.114413
0.774124,0.363433,0.287667;0.692412,0.540735,0.465748,-0.106063
0.7764,0.352911,0.289947;0.690228,0.537768,0.47418,-0.0976965
0.778605,0.342637,0.292184;0.692129,0.534403,0.475733,-0.0951242
0.780721,0.332708,0.294357;0.699501,0.530515,0.468195,-0.100226
0.78285,0.322644,0.296571;0.706766,0.526547,0.460586,-0.105313
0.784992,0.312452,0.298825;0.713923,0.522498,0.452907,-0.110384
0.787145,0.302135,0.301118;0.720972,0.51837,0.445159,-0.115438
0.78931,0.291699,0.303449;0.727911,0.514162,0.437343,-0.120475
0.791483,0.281148,0.305819;0.734739,0.509877,0.42946,-0.125493
0.793666,0.270489,0.308227;0.741455,0.505514,0.421513,-0.130492
0.795855,0.259725,0.310671;0.748058,0.501073,0.4135,-0.135471
0.798051,0.248863,0.313152;0.754547,0.496557,0.405425,-0.14043
0.800252,0.237906,0.315669;0.760921,0.491965,0.397288,-0.145367
0.802458,0.226861,0.318221;0.76718,0.487298,0.389091,-0.150282
0.804666,0.215732,0.320808;0.773321,0.482556,0.380834,-0.155174
0.806561,0.20613,0.323052;0.778492,0.478434,0.373711,-0.159349
0.808457,0.196473,0.325321;0.783575,0.474258,0.366546,-0.163505
0.810353,0.186765,0.327614;0.788571,0.470029,0.35934,-0.167644
0.812248,0.177008,0.329932;0.793478,0.465747,0.352093,-0.171763
0.814142,0.167206,0.332273;0.798297,0.461413,0.344808,-0.175864
0.816034,0.157362,0.334637;0.803026,0.457028,0.337483,-0.179944
0.817924,0.14748,0.337024;0.807665,0.452591,0.330121,-0.184005
0.819811,0.137561,0.339433;0.812215,0.448104,0.322722,-0.188045
0.821694,0.127611,0.341864;0.816673,0.443567,0.315287,-0.192064
0.823572,0.117631,0.344318;0.82104,0.43898,0.307816,-0.196061
0.825446,0.107625,0.346792;0.825315,0.434343,0.300312,-0.200037
0.827313,0.097596,0.349288;0.829497,0.429659,0.292773,-0.20399
0.829174,0.0875475,0.351804;0.833587,0.424926,0.285202,-0.20792
0.831028,0.0774825,0.35434;0.837583,0.420146,0.277599,-0.211827
0.832874,0.0674042,0.356896;0.841486,0.415318,0.269964,-0.21571
0.834711,0.0573157,0.359472;0.845295,0.410444,0.2623,-0.219569
0.836539,0.0472203,0.362067;0.849009,0.405525,0.254606,-0.223404
0.838357,0.0371211,0.364681;0.852628,0.400559,0.246884,-0.227214
0.840165,0.0270212,0.367313;0.856152,0.39555,0.239134,-0.230998
0.841962,0.016924,0.369963;0.859579,0.390495,0.231357,-0.234756
0.843746,0.00683257,0.372631;0.862911,0.385397,0.223555,-0.238488
0.845519,-0.00324992,0.375316;0.866146,0.380256,0.215727,-0.242194
0.847278,-0.0133203,0.378018;0.869284,0.375073,0.207876,-0.245872
0.849023,-0.0233753,0.380737;0.872325,0.369847,0.200001,-0.249523
0.850753,-0.0334119,0.383472;0.875268,0.36458,0.192103,-0.253146
0.852469,-0.0434267,0.386222;0.878114,0.359273,0.184184,-0.25674
0.854168,-0.0534167,0.388988;0.880861,0.353925,0.176245,-0.260306
0.855851,-0.0633787,0.39177;0.883509,0.348537,0.168286,-0.263843
0.857516,-0.0733094,0.394566;0.886059,0.343111,0.160308,-0.26735
0.859164,-0.0832057,0.397376;0.88851,0.337646,0.152312,-0.270827
0.860793,-0.0930644,0.4002;0.890861,0.332143,0.144299,-0.274274
0.862403,-0.102882,0.403038;0.893112,0.326603,0.13627,-0.27769
0.863993,-0.112656,0.405889;0.895264,0.321027,0.128225,-0.281075
0.865563,-0.122383,0.408753;0.897315,0.315414,0.120167,-0.284429
0.867111,-0.13206,0.41163;0.899266,0.309767,0.112095,-0.287751
0.868637,-0.141683,0.414518;0.901116,0.304084,0.10401,-0.29104
0.870141,-0.151249,0.417419;0.902865,0.298368,0.0959135,-0.294298
0.871621,-0.160755,0.42033;0.904514,0.292618,0.0878064,-0.297522
0.873318,-0.171766,0.423742;0.906309,0.285869,0.0783358,-0.301241
0.874981,-0.182686,0.427167;0.907966,0.279076,0.0688532,-0.304915
0.87661,-0.19351,0.430606;0.909485,0.272241,0.0593602,-0.308542
0.878203,-0.204233,0.434059;0.910866,0.265364,0.0498581,-0.312122
0.879759,-0.21485,0.437524;0.912107,0.258447,0.0403484,-0.315655
0.881277,-0.225356,0.441001;0.91321,0.25149,0.0308326,-0.319139
0.882756,-0.235746,0.44449;0.914174,0.244495,0.0213121,-0.322575
0.884195,-0.246015,0.44799;0.914998,0.237463,0.0117884,-0.325962
0.885593,-0.256157,0.4515;0.915683,0.230394,0.0022628,-0.329299
0.886949,-0.266168,0.45502;0.916229,0.223291,-0.00726309,-0.332586
0.888261,-0.276043,0.458549;0.916635,0.216154,-0.0167879,-0.335822
0.88953,-0.285776,0.462087;0.916901,0.208983,-0.0263101,-0.339008
0.890753,-0.295362,0.465632;0.917028,0.201781,-0.0358283,-0.342141
0.891929,-0.304798,0.469185;0.917015,0.194548,-0.0453411,-0.345223
0.893059,-0.314076,0.472745;0.916862,0.187286,-0.054847,-0.348251
0.89429,-0.324482,0.476821;0.916517,0.178951,-0.0657005,-0.351648
0.895456,-0.334669,0.480904;0.91599,0.17058,-0.076541,-0.354975
0.896555,-0.344631,0.484994;0.91528,0.162176,-0.0873662,-0.358231
0.897586,-0.354358,0.489089;0.914388,0.153739,-0.0981741,-0.361415
0.898548,-0.363844,0.493188;0.913314,0.145272,-0.108962,-0.364528
0.899438,-0.373081,0.497292;0.912058,0.136776,-0.119729,-0.367569
0.900352,-0.383166,0.501912;0.910429,0.127185,-0.131813,-0.370902
0.901172,-0.392916,0.506534;0.908571,0.117562,-0.143864,-0.374141
0.901895,-0.40232,0.511158;0.906483,0.10791,-0.155878,-0.377287
0.902519,-0.411367,0.515781;0.904168,0.0982306,-0.167853,-0.380337
0.903093,-0.420988,0.520916;0.901328,0.0874468,-0.18111,-0.383614
0.903539,-0.43014,0.526049;0.898208,0.0766358,-0.194309,-0.386772
0.903854,-0.43881,0.531176;0.894809,0.065801,-0.207449,-0.389809
0.904044,-0.44777,0.536808;0.890749,0.0538592,-0.221828,-0.393011
0.904068,-0.456109,0.542429;0.886354,0.0418971,-0.236123,-0.396064
0.9039,-0.464474,0.548548;0.881179,0.0288298,-0.251616,-0.399225
0.903481,-0.472644,0.555155;0.875128,0.0146591,-0.268274,-0.402448
0.902748,-0.48037,0.562243;0.868098,-0.000609969,-0.286055,-0.405683
0.901668,-0.487198,0.569588;0.872039,-0.0241565,-0.28582,-0.396575
0.900118,-0.493289,0.577608;0.878648,-0.0520438,-0.280385,-0.382953
0.89807,-0.498198,0.586076;0.884695,-0.08173,-0.274267,-0.367984
0.895312,-0.501831,0.595467;0.89025,-0.11501,-0.266999,-0.350627
0.891921,-0.503581,0.605188;0.894672,-0.149952,-0.258894,-0.331739
0.88808,-0.503281,0.614674;0.897606,-0.184644,-0.250359,-0.312299
0.883835,-0.501028,0.623887;0.899047,-0.21903,-0.241407,-0.292339
0.879482,-0.497176,0.632327;0.899034,-0.25127,-0.232556,-0.272981
0.875108,-0.492078,0.640011;0.897789,-0.281376,-0.223878,-0.254324
0.870789,-0.486046,0.646962;0.895526,-0.309369,-0.215438,-0.236455
0.866585,-0.479355,0.653211;0.892444,-0.335282,-0.207294,-0.219449
0.862255,-0.47171,0.659181;0.888438,-0.360848,-0.198936,-0.202215
0.858119,-0.463755,0.664484;0.883868,-0.384372,-0.190949,-0.185941
0.854212,-0.455692,0.669161;0.87891,-0.405906,-0.183377,-0.170678
0.850257,-0.447011,0.673589;0.873267,-0.427124,-0.175663,-0.155283
0.846575,-0.438473,0.677444;0.867455,-0.446414,-0.168421,-0.140964
0.842876,-0.429458,0.681065;0.861067,-0.465409,-0.161066,-0.126552
0.83917,-0.419989,0.684443;0.854108,-0.484095,-0.153606,-0.112056
0.835776,-0.41093,0.687317;0.847231,-0.500942,-0.146677,-0.0987025
0.832395,-0.401528,0.689972;0.839882,-0.517509,-0.139666,-0.0852939
0.829036,-0.391801,0.692398;0.832065,-0.533789,-0.132578,-0.0718377
0.825707,-0.381767,0.694589;0.823784,-0.54977,-0.125415,-0.0583415
0.822417,-0.371445,0.696538;0.815044,-0.565445,-0.118183,-0.0448127
0.819467,-0.361827,0.698092;0.806704,-0.579422,-0.111551,-0.0324919
0.816563,-0.351999,0.699433;0.797992,-0.593132,-0.104868,-0.0201562
0.813712,-0.341976,0.700556;0.788912,-0.606569,-0.098136,-0.00781121
0.810919,-0.331771,0.701456;0.77947,-0.619726,-0.091359,0.0045374
0.808192,-0.321398,0.702125;0.769668,-0.632598,-0.08454,0.0168839
0.805538,-0.310871,0.702559;0.759511,-0.645178,-0.077682,0.0292226
0.802962,-0.300204,0.702753;0.749005,-0.657461,-0.0707882,0.0415479
0.800471,-0.28941,0.702699;0.738153,-0.669441,-0.0638619,0.0538541
0.798307,-0.279598,0.702435;0.728096,-0.67996,-0.0576029,0.0649085
0.796223,-0.269705,0.701963;0.717767,-0.690224,-0.0513224,0.0759388
0.794222,-0.259741,0.701278;0.70717,-0.700232,-0.0450227,0.0869407
0.79231,-0.249716,0.700376;0.69631,-0.709978,-0.0387063,0.0979101
0.790492,-0.239639,0.699254;0.685189,-0.719459,-0.0323754,0.108843
0.788772,-0.229521,0.697906;0.673813,-0.728671,-0.0260325,0.119735
0.787155,-0.219372,0.696328;0.662185,-0.737612,-0.0196798,0.130583
0.785645,-0.209202,0.694518;0.650311,-0.746277,-0.0133197,0.141382
0.784249,-0.19902,0.69247;0.638193,-0.754664,-0.00695475,0.152128
0.782969,-0.188838,0.69018;0.625838,-0.76277,-0.000587164,0.162817
0.781812,-0.178665,0.687644;0.613248,-0.77059,0.00578065,0.173446
0.780781,-0.168511,0.684859;0.60043,-0.778123,0.0121463,0.18401
0.779883,-0.158386,0.681819;0.587388,-0.785366,0.0185074,0.194505
0.77912,-0.1483,0.678521;0.574127,-0.792316,0.0248616,0.204928
0.778499,-0.138263,0.674961;0.560652,-0.79897,0.0312066,0.215274
0.778024,-0.128286,0.671135;0.546967,-0.805326,0.0375399,0.22554
0.777685,-0.117785,0.666782;0.539436,-0.808877,0.0419112,0.230155
0.777514,-0.10698,0.661948;0.545636,-0.806783,0.041871,0.222777
0.777521,-0.0962695,0.656801;0.551783,-0.804611,0.0418268,0.215378
0.777699,-0.0856533,0.651356;0.557877,-0.80236,0.0417784,0.207957
0.778044,-0.0751327,0.645625;0.563916,-0.800032,0.0417261,0.200516
0.778453,-0.0664393,0.640643;0.568907,-0.798032,0.0416793,0.194301
0.77897,-0.0578135,0.63548;0.57386,-0.795978,0.0416297,0.188072
0.77959,-0.0492559,0.630145;0.578774,-0.79387,0.0415773,0.181831
0.780311,-0.0407672,0.624646;0.583648,-0.791709,0.0415221,0.175577
0.781128,-0.0323478,0.618991;0.588483,-0.789495,0.0414641,0.169311
0.782038,-0.0239984,0.613188;0.593279,-0.787227,0.0414033,0.163034
0.783038,-0.0157196,0.607245;0.598034,-0.784905,0.0413397,0.156746
0.784123,-0.00751187,0.60117;0.602749,-0.782531,0.0412733,0.150448
0.785291,0.000624152,0.59497;0.607424,-0.780104,0.0412042,0.144139
0.786537,0.00868789,0.588655;0.612057,-0.777624,0.0411322,0.13782
0.787859,0.0166788,0.582232;0.616649,-0.775092,0.0410575,0.131493
0.789252,0.0245962,0.575709;0.621199,-0.772508,0.04098,0.125156
0.790713,0.0324396,0.569093;0.625708,-0.769871,0.0408997,0.118811
0.792238,0.0402084,0.562394;0.630174,-0.767182,0.0408166,0.112458
0.793825,0.047902,0.555619;0.634597,-0.764441,0.0407308,0.106097
0.795469,0.0555199,0.548775;0.638978,-0.761649,0.0406423,0.099729
0.797166,0.0630614,0.541872;0.643315,-0.758806,0.040551,0.0933543
0.798914,0.070526,0.534917;0.647609,-0.755911,0.040457,0.0869734
0.800708,0.077913,0.527917;0.65186,-0.752965,0.0403602,0.0805865
0.802545,0.0852221,0.520882;0.656066,-0.749968,0.0402607,0.0741942
0.804421,0.0924524,0.513819;0.660228,-0.74692,0.0401585,0.0677969
0.806334,0.0996035,0.506736;0.664345,-0.743822,0.0400536,0.0613951
0.808279,0.106675,0.499641;0.668418,-0.740674,0.0399459,0.054989
0.810252,0.113666,0.492542;0.672445,-0.737476,0.0398356,0.0485793
0.812251,0.120576,0.485447;0.676427,-0.734228,0.0397226,0.0421663
0.814271,0.127404,0.478364;0.680363,-0.73093,0.0396069,0.0357504
0.816719,0.135489,0.469892;0.685026,-0.726908,0.0394645,0.0280482
0.819186,0.143456,0.461463;0.689622,-0.722815,0.0393183,0.0203433
0.821667,0.151302,0.45309;0.694151,-0.718652,0.0391682,0.0126364
0.824155,0.159026,0.444788;0.698613,-0.714418,0.0390144,0.00492826
0.826645,0.166629,0.43657;0.703006,-0.710116,0.0388568,-0.00278035
0.82913,0.174108,0.42845;0.707332,-0.705744,0.0386953,-0.0104887
0.831603,0.181463,0.420442;0.711588,-0.701304,0.0385302,-0.018196
0.83406,0.188692,0.41256;0.715775,-0.696795,0.0383612,-0.0259015
0.836493,0.195796,0.404818;0.719893,-0.692219,0.0381886,-0.0336046
0.838896,0.202772,0.397229;0.723941,-0.687575,0.0380122,-0.0413043
0.841263,0.209619,0.389807;0.727918,-0.682864,0.0378321,-0.0490001
0.843589,0.216338,0.382566;0.731824,-0.678087,0.0376483,-0.0566911
0.846241,0.224011,0.374367;0.736291,-0.672431,0.0374293,-0.0656568
0.848817,0.231505,0.366454;0.740661,-0.666685,0.0372054,-0.0746139
0.851309,0.238819,0.358851;0.744933,-0.660851,0.0369765,-0.0835611
0.853705,0.245951,0.351579;0.749107,-0.65493,0.0367427,-0.0924973
0.855997,0.252899,0.344661;0.753181,-0.648922,0.0365041,-0.101421
0.858476,0.260612,0.337215;0.757715,-0.641951,0.0362254,-0.111603
0.86079,0.268082,0.330292;0.762118,-0.634868,0.0359405,-0.121766
0.863179,0.276189,0.323169;0.766914,-0.626769,0.0356125,-0.133174
0.865321,0.283981,0.316796;0.771542,-0.618533,0.0352768,-0.144553
0.867386,0.292265,0.310652;0.776486,-0.609224,0.0348947,-0.157159
0.869241,0.300916,0.305107;0.781682,-0.598793,0.0344635,-0.170977
0.870724,0.309796,0.300603;0.787059,-0.58719,0.0339802,-0.185987
0.871683,0.319482,0.297513;0.80123,-0.563694,0.0306803,-0.198341
0.87176,0.329628,0.296933;0.83273,-0.515233,0.0211777,-0.201611
0.870762,0.339211,0.299865;0.865084,-0.45794,0.0102776,-0.204488
0.868831,0.346524,0.306628;0.895183,-0.394951,-0.00133208,-0.206543
0.866567,0.350172,0.315931;0.919454,-0.333743,-0.0122732,-0.207532
0.864516,0.350348,0.326054;0.937404,-0.278716,-0.0218447,-0.207639
0.8629,0.347934,0.335975;0.950291,-0.230503,-0.0300368,-0.207156
0.861726,0.343652,0.345441;0.959621,-0.187583,-0.037183,-0.206294
0.860986,0.338201,0.354054;0.96615,-0.150214,-0.0432959,-0.20522
0.860598,0.33186,0.362021;0.970782,-0.116588,-0.0487114,-0.204002
0.860516,0.324561,0.369684;0.974092,-0.0848142,-0.0537559,-0.202635
0.860703,0.317067,0.376474;0.976152,-0.0569377,-0.0581237,-0.201264
0.861118,0.309146,0.382816;0.977363,-0.0310111,-0.0621379,-0.199847
0.861727,0.300982,0.388675;0.977881,-0.00705938,-0.0658052,-0.198417
0.862571,0.291975,0.394514;0.977822,0.0168965,-0.0694337,-0.196869
0.863565,0.282955,0.399829;0.977262,0.0388477,-0.072724,-0.195348
0.864665,0.274105,0.404613;0.976333,0.0587869,-0.0756839,-0.193882
0.865961,0.264621,0.409339;0.975004,0.078702,-0.0786128,-0.192336
0.867303,0.25553,0.41353;0.973467,0.0965983,-0.0812214,-0.190878
0.86882,0.245902,0.417653;0.971607,0.114463,-0.083803,-0.189356
0.870519,0.235726,0.421697;0.969425,0.132289,-0.0863568,-0.187771
0.872188,0.226213,0.425217;0.967215,0.148098,-0.0886029,-0.18631
0.874012,0.216251,0.428661;0.964752,0.163868,-0.0908257,-0.184801
0.875996,0.205832,0.43202;0.962036,0.179595,-0.0930248,-0.183243
0.877867,0.196336,0.434885;0.959453,0.193318,-0.094929,-0.18184
0.879868,0.186479,0.437675;0.956678,0.207002,-0.0968142,-0.180401
0.882002,0.176257,0.440386;0.953711,0.220645,-0.0986799,-0.178925
0.884273,0.165665,0.443013;0.950552,0.234243,-0.100526,-0.177414
0.886684,0.154697,0.445552;0.947203,0.247795,-0.102352,-0.175867
0.888865,0.144993,0.447654;0.94418,0.25937,-0.1039,-0.174513
0.891154,0.135007,0.449685;0.941019,0.270908,-0.105434,-0.173134
0.893553,0.124734,0.451641;0.937719,0.282406,-0.106951,-0.171729
0.896064,0.114173,0.45352;0.934281,0.293862,-0.108453,-0.170298
0.898689,0.103319,0.455318;0.930705,0.305275,-0.109939,-0.168842
0.90143,0.0921696,0.457034;0.926992,0.316643,-0.111409,-0.167362
0.904291,0.0807215,0.458662;0.923143,0.327964,-0.112863,-0.165857
0.906767,0.070951,0.459952;0.919831,0.337362,-0.114061,-0.164584
0.909328,0.0609689,0.461178;0.916425,0.346725,-0.115248,-0.163294
0.911975,0.0507735,0.462338;0.912925,0.356052,-0.116423,-0.161988
0.91471,0.0403629,0.463432;0.909332,0.365344,-0.117586,-0.160665
0.917534,0.0297352,0.464456;0.905646,0.374597,-0.118737,-0.159325
0.920449,0.0188887,0.46541;0.901867,0.383813,-0.119876,-0.157969
0.923454,0.00782135,0.466292;0.897995,0.392989,-0.121003,-0.156597
0.926553,-0.00346855,0.4671;0.894032,0.402125,-0.122117,-0.155209
0.929746,-0.0149829,0.467832;0.889977,0.411219,-0.123219,-0.153805
0.933033,-0.0267235,0.468487;0.885832,0.420272,-0.124308,-0.152386
0.936418,-0.0386923,0.469063;0.881595,0.429282,-0.125384,-0.15095
0.939196,-0.0484328,0.469466;0.878141,0.436458,-0.126236,-0.149791
0.942037,-0.0583214,0.469816;0.874629,0.443605,-0.12708,-0.148622
0.944942,-0.0683591,0.470113;0.871061,0.450724,-0.127915,-0.147443
0.947911,-0.0785468,0.470355;0.867435,0.457813,-0.128742,-0.146255
0.950946,-0.0888856,0.470543;0.863752,0.464871,-0.129561,-0.145056
0.954047,-0.0993762,0.470674;0.860012,0.4719,-0.130371,-0.143849
0.957214,-0.11002,0.470748;0.856217,0.478898,-0.131172,-0.142632
0.960448,-0.120817,0.470764;0.852365,0.485864,-0.131965,-0.141405
0.963749,-0.131769,0.470722;0.848457,0.492798,-0.13275,-0.14017
0.96712,-0.142877,0.47062;0.844494,0.4997,-0.133525,-0.138925
0.970559,-0.154141,0.470458;0.840476,0.50657,-0.134292,-0.137671
0.974068,-0.165563,0.470234;0.836402,0.513406,-0.13505,-0.136408
0.977647,-0.177144,0.469948;0.832274,0.520209,-0.135799,-0.135136
0.981298,-0.188884,0.4696;0.828091,0.526977,-0.136539,-0.133856
0.98502,-0.200784,0.469187;0.823854,0.533711,-0.137271,-0.132566
0.988814,-0.212846,0.468709;0.819563,0.54041,-0.137993,-0.131268
