0.828537,-0.290374,0.713932;0.0684787,0.767205,-0.623985,-0.131715
0.828271,-0.296828,0.702773;0.0654959,0.770868,-0.620153,-0.129932
0.82798,-0.303255,0.691768;0.0625104,0.7745,-0.616296,-0.128144
0.827662,-0.309654,0.680918;0.0595224,0.778101,-0.612414,-0.126351
0.82732,-0.316025,0.67022;0.056532,0.781671,-0.608507,-0.124553
0.826952,-0.322368,0.659675;0.0535393,0.785209,-0.604576,-0.122749
0.826559,-0.328681,0.64928;0.0505445,0.788716,-0.600621,-0.120941
0.826143,-0.334965,0.639037;0.0475477,0.792191,-0.596642,-0.119128
0.825702,-0.341218,0.628943;0.0445489,0.795634,-0.592638,-0.11731
0.825238,-0.347441,0.618998;0.0415484,0.799045,-0.588611,-0.115487
0.824752,-0.353632,0.609201;0.0385461,0.802425,-0.58456,-0.11366
0.824242,-0.359792,0.599551;0.0355424,0.805771,-0.580486,-0.111828
0.823711,-0.365919,0.590048;0.0325372,0.809086,-0.576388,-0.109992
0.823158,-0.372013,0.58069;0.0295307,0.812368,-0.572267,-0.108151
0.822583,-0.378074,0.571477;0.026523,0.815617,-0.568123,-0.106306
0.821987,-0.384101,0.562407;0.0235142,0.818834,-0.563957,-0.104457
0.821371,-0.390093,0.553481;0.0205045,0.822017,-0.559767,-0.102603
0.820735,-0.39605,0.544697;0.017494,0.825168,-0.555555,-0.100746
0.820079,-0.401972,0.536054;0.0144828,0.828286,-0.551321,-0.0988838
0.819404,-0.407857,0.527552;0.011471,0.83137,-0.547065,-0.0970181
0.81871,-0.413706,0.51919;0.00845873,0.834421,-0.542787,-0.0951485
0.817997,-0.419517,0.510967;0.00544612,0.837438,-0.538487,-0.0932751
0.817081,-0.426729,0.500882;0.00168007,0.841162,-0.533081,-0.0909281
0.816137,-0.43388,0.491011;-0.00208609,0.844834,-0.527642,-0.0885753
0.815167,-0.440971,0.481352;-0.00585212,0.848452,-0.52217,-0.086217
0.814171,-0.447999,0.471904;-0.00961778,0.852017,-0.516665,-0.0838533
0.813149,-0.454964,0.462666;-0.0133828,0.855529,-0.511128,-0.0814843
0.812104,-0.461865,0.453635;-0.0171471,0.858987,-0.505558,-0.0791102
0.811034,-0.468701,0.44481;-0.0209102,0.862391,-0.499957,-0.0767312
0.809943,-0.475471,0.43619;-0.024672,0.865741,-0.494325,-0.0743473
0.808829,-0.482173,0.427772;-0.0284323,0.869036,-0.488661,-0.0719587
0.807694,-0.488807,0.419556;-0.0321908,0.872277,-0.482967,-0.0695657
0.806538,-0.495372,0.411539;-0.0359473,0.875463,-0.477242,-0.0671682
0.805363,-0.501866,0.40372;-0.0397015,0.878595,-0.471488,-0.0647666
0.80417,-0.508289,0.396097;-0.0434532,0.881671,-0.465704,-0.0623609
0.802714,-0.5159,0.387207;-0.0479516,0.885289,-0.458724,-0.0594688
0.801233,-0.523405,0.378594;-0.0524458,0.888827,-0.451703,-0.0565715
0.79973,-0.530803,0.370255;-0.0569351,0.892285,-0.444641,-0.0536689
0.798204,-0.53809,0.362189;-0.0614193,0.895662,-0.437539,-0.0507616
0.796659,-0.545266,0.354392;-0.065898,0.898958,-0.430398,-0.0478496
0.795094,-0.552329,0.346861;-0.0703707,0.902173,-0.423217,-0.0449334
0.793512,-0.559276,0.339593;-0.0748371,0.905306,-0.415998,-0.042013
0.791645,-0.567233,0.331444;-0.0800392,0.908859,-0.407529,-0.0386012
0.789758,-0.575028,0.323645;-0.0852315,0.912299,-0.399009,-0.0351846
0.787854,-0.582658,0.316192;-0.0904134,0.915627,-0.390441,-0.0317637
0.785934,-0.590121,0.309081;-0.0955841,0.918842,-0.381824,-0.0283389
0.784001,-0.597412,0.302306;-0.100743,0.921944,-0.37316,-0.0249106
0.781777,-0.605533,0.294971;-0.106624,0.925351,-0.363203,-0.0209888
0.779543,-0.613422,0.288064;-0.112487,0.928609,-0.353187,-0.0170636
0.7773,-0.621077,0.281578;-0.118333,0.931717,-0.343114,-0.0131357
0.774771,-0.629401,0.274776;-0.124886,0.935035,-0.331717,-0.00871427
0.77224,-0.637417,0.268489;-0.131414,0.938163,-0.320252,-0.0042911
0.769432,-0.645953,0.262096;-0.138636,0.941415,-0.307437,0.000624519
0.766634,-0.654091,0.256315;-0.145823,0.94443,-0.294544,0.00553998
0.763575,-0.662574,0.250647;-0.153687,0.947473,-0.280277,0.0109453
0.760271,-0.671256,0.245268;-0.162212,0.950464,-0.264616,0.0168382
0.756742,-0.679969,0.240364;-0.171381,0.953316,-0.247543,0.0232153
0.753016,-0.688528,0.236126;-0.181174,0.955936,-0.229038,0.0300718
0.748876,-0.697231,0.232562;-0.224353,0.947333,-0.223805,0.0462412
0.744269,-0.705849,0.230097;-0.296592,0.924573,-0.228443,0.0707879
0.73883,-0.71444,0.229418;-0.383175,0.888359,-0.232164,0.100472
0.732613,-0.7219,0.231994;-0.483235,0.832837,-0.233653,0.13518
0.726506,-0.72636,0.238627;-0.58162,0.761085,-0.231586,0.169811
0.721702,-0.727463,0.247312;-0.658132,0.690289,-0.226895,0.197186
0.717923,-0.726519,0.256773;-0.717034,0.623939,-0.220846,0.218609
0.714942,-0.724411,0.266229;-0.762206,0.563695,-0.214282,0.235314
0.712488,-0.721593,0.275601;-0.798142,0.507952,-0.207452,0.248833
0.710422,-0.718315,0.284825;-0.827223,0.45597,-0.200511,0.259977
0.70863,-0.714672,0.294009;-0.851339,0.406476,-0.193442,0.269406
0.707017,-0.710635,0.3034;-0.871918,0.357833,-0.186091,0.277641
0.705634,-0.706491,0.312465;-0.888492,0.312506,-0.178906,0.284454
0.704398,-0.702145,0.321524;-0.902272,0.268631,-0.171659,0.290301
0.703298,-0.697663,0.330507;-0.913524,0.226401,-0.164424,0.295265
0.702271,-0.69284,0.339848;-0.922961,0.18372,-0.156862,0.299641
0.701365,-0.687963,0.349021;-0.930209,0.142948,-0.14941,0.303238
0.700571,-0.683086,0.357968;-0.935532,0.104205,-0.142128,0.306139
0.699836,-0.677949,0.367183;-0.939366,0.065297,-0.134619,0.308552
0.6992,-0.672882,0.376098;-0.94161,0.0285814,-0.127357,0.310376
0.698618,-0.667591,0.38524;-0.942528,-0.0081744,-0.119914,0.311762
0.698121,-0.662432,0.394015;-0.942181,-0.0426235,-0.112784,0.312662
0.697673,-0.657083,0.402983;-0.940668,-0.0770198,-0.105513,0.313176
0.697272,-0.651547,0.412139;-0.937989,-0.111321,-0.0981124,0.313301
0.696948,-0.646298,0.420713;-0.93895,-0.117881,-0.0967855,0.308399
0.696655,-0.640671,0.429793;-0.944847,-0.0925141,-0.102527,0.296975
0.696429,-0.635293,0.438352;-0.94961,-0.0688895,-0.107782,0.286143
0.696249,-0.629769,0.447018;-0.953684,-0.0452148,-0.112958,0.275104
0.696118,-0.624095,0.455779;-0.957067,-0.0215073,-0.118052,0.263864
0.69604,-0.618272,0.464619;-0.959754,0.00221579,-0.123061,0.252434
0.696018,-0.612298,0.473524;-0.961745,0.0259373,-0.12798,0.24082
0.696049,-0.606649,0.48179;-0.962964,0.0478177,-0.132439,0.229944
0.696134,-0.600869,0.490087;-0.963587,0.0696686,-0.136816,0.218926
0.696273,-0.594958,0.498406;-0.963614,0.0914764,-0.141108,0.207773
0.69647,-0.588914,0.506735;-0.963045,0.113228,-0.145312,0.196491
0.696727,-0.582737,0.515062;-0.96188,0.134909,-0.149427,0.185087
0.697047,-0.576426,0.523376;-0.960121,0.156507,-0.15345,0.17357
0.697431,-0.56998,0.531666;-0.957768,0.178008,-0.157377,0.161944
0.697882,-0.563397,0.539921;-0.954823,0.199398,-0.161208,0.150219
0.698404,-0.556678,0.548129;-0.951287,0.220666,-0.164938,0.138401
0.698997,-0.549821,0.55628;-0.947163,0.241797,-0.168567,0.126497
0.699666,-0.542824,0.564361;-0.942453,0.262779,-0.172091,0.114515
0.700411,-0.535688,0.572363;-0.937161,0.283598,-0.175509,0.102462
0.701236,-0.528412,0.580273;-0.931289,0.304242,-0.178819,0.0903459
0.702143,-0.520994,0.588081;-0.924841,0.324697,-0.182017,0.0781738
0.703135,-0.513433,0.595774;-0.917821,0.344952,-0.185104,0.0659534
0.704213,-0.505728,0.603343;-0.910233,0.364994,-0.188076,0.0536921
0.705381,-0.49788,0.610775;-0.902083,0.384809,-0.190931,0.0413977
0.706641,-0.489886,0.61806;-0.893375,0.404387,-0.193668,0.0290777
0.707995,-0.481745,0.625186;-0.884114,0.423715,-0.196286,0.0167397
0.709321,-0.474154,0.631569;-0.875144,0.441202,-0.198579,0.00542055
0.71073,-0.466439,0.6378;-0.86572,0.45846,-0.200769,-0.00590138
0.712224,-0.458598,0.643871;-0.855846,0.47548,-0.202854,-0.0172203
0.713806,-0.450631,0.649773;-0.845527,0.492252,-0.204834,-0.0285302
0.715476,-0.442538,0.655498;-0.834769,0.508769,-0.206708,-0.0398253
0.717237,-0.434318,0.661037;-0.823577,0.525022,-0.208474,-0.0510997
0.71909,-0.42597,0.666381;-0.811958,0.541001,-0.210132,-0.0623475
0.721038,-0.417493,0.671521;-0.799916,0.5567,-0.21168,-0.073563
0.723082,-0.408886,0.67645;-0.787458,0.572109,-0.213119,-0.0847402
0.725225,-0.40015,0.681158;-0.774592,0.587221,-0.214447,-0.0958734
0.727468,-0.391283,0.685636;-0.761323,0.602028,-0.215663,-0.106957
0.729813,-0.382284,0.689876;-0.747658,0.616522,-0.216768,-0.117985
0.732261,-0.373153,0.693869;-0.733605,0.630695,-0.21776,-0.128951
0.734816,-0.363889,0.697608;-0.71917,0.644541,-0.218638,-0.139851
0.737478,-0.354491,0.701082;-0.704362,0.658052,-0.219403,-0.150677
0.74025,-0.344959,0.704283;-0.689188,0.671221,-0.220054,-0.161426
0.743134,-0.335292,0.707203;-0.673656,0.684041,-0.220591,-0.17209
0.746131,-0.325489,0.709833;-0.657773,0.696506,-0.221013,-0.182666
0.749243,-0.315549,0.712165;-0.641549,0.708609,-0.22132,-0.193146
0.752472,-0.305473,0.714189;-0.624992,0.720344,-0.221512,-0.203526
0.75582,-0.295258,0.715898;-0.608109,0.731704,-0.221589,-0.2138
0.758969,-0.285852,0.717169;-0.592487,0.741702,-0.221559,-0.223044
0.762219,-0.27633,0.718166;-0.576611,0.751381,-0.221434,-0.232192
0.765572,-0.266693,0.718882;-0.560487,0.760738,-0.221214,-0.24124
0.769029,-0.25694,0.71931;-0.544122,0.769767,-0.220899,-0.250185
0.772592,-0.247069,0.719443;-0.527524,0.778467,-0.220489,-0.259023
0.776262,-0.237082,0.719276;-0.510699,0.786832,-0.219984,-0.267749
0.78004,-0.226977,0.718802;-0.493655,0.794859,-0.219385,-0.27636
0.783669,-0.217428,0.718075;-0.488767,0.796549,-0.22071,-0.279112
0.787707,-0.206972,0.716981;-0.501106,0.789437,-0.225199,-0.273801
0.791851,-0.196411,0.715577;-0.51332,0.782127,-0.229631,-0.26842
0.795559,-0.187093,0.714104;-0.523901,0.77557,-0.233462,-0.263657
0.799338,-0.177713,0.71241;-0.534381,0.768863,-0.237248,-0.258844
0.803186,-0.168278,0.710505;-0.544759,0.762008,-0.240989,-0.25398
0.807098,-0.158796,0.708394;-0.555032,0.755007,-0.244683,-0.249068
0.811071,-0.149276,0.706087;-0.565198,0.74786,-0.24833,-0.244107
0.8151,-0.139725,0.70359;-0.575255,0.74057,-0.25193,-0.2391
0.819181,-0.130152,0.700912;-0.585202,0.733137,-0.255481,-0.234047
0.823311,-0.120565,0.69806;-0.595037,0.725563,-0.258982,-0.228949
0.827486,-0.110971,0.695042;-0.604756,0.71785,-0.262434,-0.223806
0.831701,-0.10138,0.691865;-0.61436,0.709999,-0.265836,-0.218621
0.835953,-0.0917996,0.688538;-0.623845,0.702011,-0.269186,-0.213394
0.840238,-0.0822371,0.685069;-0.633211,0.693888,-0.272485,-0.208125
0.844551,-0.0727011,0.681464;-0.642454,0.685631,-0.275731,-0.202817
0.84889,-0.0631997,0.677732;-0.651574,0.677243,-0.278924,-0.197469
0.853249,-0.0537411,0.67388;-0.660569,0.668725,-0.282064,-0.192084
0.857626,-0.0443333,0.669916;-0.669437,0.660077,-0.285149,-0.186662
0.862016,-0.0349845,0.665848;-0.678175,0.651303,-0.288179,-0.181203
0.866414,-0.0257028,0.661684;-0.686784,0.642404,-0.291154,-0.17571
0.870818,-0.0164964,0.657431;-0.69526,0.633381,-0.294074,-0.170183
0.875224,-0.00737328,0.653098;-0.703603,0.624236,-0.296936,-0.164624
0.879626,0.00165832,0.648691;-0.71181,0.614972,-0.299741,-0.159032
0.884022,0.0105903,0.644218;-0.719881,0.605588,-0.302489,-0.15341
0.888408,0.0194146,0.639688;-0.727813,0.596089,-0.305178,-0.147759
0.892779,0.0281229,0.635108;-0.735605,0.586475,-0.307809,-0.142079
0.897132,0.0367073,0.630486;-0.743255,0.576748,-0.310381,-0.136372
0.901462,0.0451596,0.625829;-0.750763,0.56691,-0.312893,-0.130639
0.905766,0.0534717,0.621145;-0.758126,0.556963,-0.315345,-0.12488
0.91004,0.0616353,0.616443;-0.765343,0.546909,-0.317736,-0.119098
0.914279,0.0696425,0.611729;-0.772414,0.53675,-0.320066,-0.113292
0.918481,0.0774851,0.607012;-0.779335,0.526487,-0.322334,-0.107465
0.923231,0.086236,0.601626;-0.787062,0.514635,-0.324851,-0.10078
0.92792,0.0947492,0.596257;-0.794591,0.502653,-0.327286,-0.0940698
0.932542,0.103013,0.590917;-0.801921,0.490545,-0.329638,-0.087336
0.937092,0.111014,0.585617;-0.809049,0.478314,-0.331908,-0.0805802
0.941564,0.118741,0.580369;-0.815973,0.465962,-0.334095,-0.0738041
0.945951,0.126182,0.575184;-0.822693,0.453494,-0.336197,-0.0670095
0.950779,0.134196,0.569441;-0.830006,0.439331,-0.338462,-0.0593456
0.955484,0.141814,0.563809;-0.837055,0.425028,-0.340619,-0.0516628
0.960058,0.149021,0.558304;-0.843837,0.410591,-0.342667,-0.0439636
0.964977,0.156524,0.552358;-0.851059,0.394396,-0.344816,-0.0353926
0.969712,0.163473,0.546612;-0.857947,0.378046,-0.346829,-0.0268077
0.974695,0.170449,0.540549;-0.865134,0.35989,-0.348886,-0.0173523
0.979845,0.177225,0.534279;-0.872506,0.339889,-0.350941,-0.00702808
0.985063,0.183537,0.527933;-0.879935,0.318005,-0.352943,0.00416079
0.990587,0.189425,0.521253;-0.887782,0.292493,-0.354963,0.0170671
0.996459,0.194409,0.514248;-0.896164,0.26154,-0.356973,0.0325338
1.00289,0.197297,0.506838;-0.905564,0.219758,-0.358946,0.0530883
1.009,0.193442,0.500681;-0.915373,0.15974,-0.360351,0.0819908
1.01104,0.183691,0.499899;-0.920074,0.11334,-0.360323,0.103849
1.01098,0.172997,0.501637;-0.921874,0.0910628,-0.35709,0.119763
1.01006,0.162473,0.504333;-0.922707,0.0921045,-0.349847,0.133172
1.0088,0.152746,0.507275;-0.923219,0.0929223,-0.343994,0.143877
1.00734,0.143335,0.510378;-0.923553,0.0936264,-0.338831,0.153226
1.00556,0.133129,0.513941;-0.923781,0.0943199,-0.333628,0.162558
1.00379,0.12378,0.517334;-0.923892,0.0949056,-0.329139,0.170542
1.00181,0.113906,0.521021;-0.923925,0.0954834,-0.324621,0.178511
0.999627,0.103531,0.524978;-0.923881,0.0960531,-0.320076,0.186465
0.997253,0.0926843,0.529185;-0.923758,0.0966147,-0.315505,0.194404
0.995135,0.0833032,0.532867;-0.923597,0.0970765,-0.311674,0.201007
0.992896,0.0736279,0.536696;-0.923381,0.0975326,-0.307826,0.207598
0.990543,0.0636738,0.54066;-0.923112,0.0979831,-0.30396,0.214178
0.988082,0.0534564,0.544746;-0.922789,0.0984277,-0.300076,0.220744
0.985517,0.0429911,0.548944;-0.922411,0.0988667,-0.296174,0.227298
0.982855,0.0322934,0.553239;-0.92198,0.0992998,-0.292255,0.233838
0.980102,0.0213788,0.557622;-0.921494,0.0997271,-0.288319,0.240365
0.977263,0.0102627,0.562078;-0.920955,0.100149,-0.284366,0.246878
0.974345,-0.00103929,0.566596;-0.920362,0.100564,-0.280396,0.253376
0.971958,-0.0102044,0.570248;-0.919848,0.100893,-0.277208,0.258564
0.969526,-0.0194708,0.573925;-0.919301,0.101217,-0.27401,0.263742
0.967053,-0.0288304,0.577621;-0.918718,0.101538,-0.270802,0.268911
0.964541,-0.0382753,0.581332;-0.918102,0.101855,-0.267584,0.274069
0.961995,-0.0477977,0.585049;-0.917451,0.102168,-0.264356,0.279217
0.959417,-0.0573897,0.588767;-0.916765,0.102477,-0.261117,0.284354
0.956809,-0.0670432,0.59248;-0.916046,0.102782,-0.257869,0.289481
0.954175,-0.0767504,0.596181;-0.915292,0.103084,-0.254612,0.294598
0.951518,-0.0865033,0.599865;-0.914503,0.103382,-0.251344,0.299703
0.948841,-0.0962941,0.603524;-0.913681,0.103676,-0.248068,0.304796
0.946147,-0.106115,0.607154;-0.912824,0.103966,-0.244782,0.309879
0.943438,-0.115957,0.610747;-0.911933,0.104252,-0.241487,0.31495
0.940719,-0.125814,0.614298;-0.911008,0.104534,-0.238183,0.320009
0.937991,-0.135677,0.6178;-0.910049,0.104812,-0.23487,0.325056
0.935258,-0.145538,0.621247;-0.909056,0.105086,-0.231548,0.330091
0.932523,-0.15539,0.624633;-0.908029,0.105357,-0.228217,0.335113
0.929789,-0.165224,0.627951;-0.906967,0.105623,-0.224878,0.340123
0.927058,-0.175032,0.631196;-0.905872,0.105886,-0.221531,0.34512
0.924335,-0.184807,0.634361;-0.904743,0.106144,-0.218175,0.350105
0.921621,-0.19454,0.63744;-0.90358,0.106399,-0.214811,0.355076
0.91892,-0.204224,0.640427;-0.902383,0.106649,-0.211439,0.360034
0.916235,-0.213851,0.643315;-0.901152,0.106896,-0.208059,0.364978
0.913569,-0.223413,0.646099;-0.899888,0.107138,-0.204671,0.369909
0.910924,-0.232902,0.648772;-0.89859,0.107377,-0.201276,0.374826
0.908305,-0.242309,0.651328;-0.897258,0.107612,-0.197873,0.379729
0.90507,-0.253943,0.654349;-0.895546,0.107899,-0.193609,0.385837
0.901884,-0.265422,0.657165;-0.893782,0.10818,-0.189334,0.391923
0.898754,-0.276732,0.659764;-0.891965,0.108455,-0.185047,0.397986
0.895684,-0.287856,0.662134;-0.890096,0.108724,-0.18075,0.404026
0.892682,-0.298779,0.664263;-0.888175,0.108986,-0.176442,0.410042
0.889752,-0.309487,0.666138;-0.886203,0.109242,-0.172124,0.416034
0.886901,-0.319962,0.667749;-0.884178,0.109491,-0.167796,0.422002
0.884134,-0.33019,0.669081;-0.882101,0.109734,-0.163458,0.427945
0.881458,-0.340156,0.670124;-0.879973,0.10997,-0.15911,0.433863
0.878878,-0.349843,0.670866;-0.877794,0.110201,-0.154753,0.439756
0.875917,-0.361079,0.67134;-0.875111,0.110468,-0.149513,0.446793
0.873113,-0.371865,0.671341;-0.872354,0.110727,-0.14426,0.453793
0.870477,-0.382175,0.670848;-0.869523,0.110976,-0.138995,0.460754
0.868017,-0.391982,0.66984;-0.866619,0.111215,-0.133718,0.467677
0.865386,-0.402752,0.667986;-0.863139,0.111483,-0.127548,0.475703
0.863026,-0.412758,0.665369;-0.85956,0.111738,-0.121363,0.483675
0.860953,-0.421959,0.661955;-0.855883,0.11198,-0.115164,0.491591
0.858956,-0.431433,0.657037;-0.85156,0.112241,-0.108064,0.50057
0.857379,-0.439735,0.650986;-0.847109,0.112485,-0.100947,0.509473
0.856247,-0.446802,0.643753;-0.842532,0.112713,-0.0938149,0.5183
0.855583,-0.452571,0.635288;-0.837828,0.112923,-0.086669,0.527049
0.855411,-0.456978,0.62554;-0.832999,0.113117,-0.0795101,0.535719
