0.981118,-0.239517,0.539762;0.232678,0.908129,-0.345114,-0.0453771
0.978707,-0.230715,0.548789;0.237104,0.905757,-0.347369,-0.0521603
0.976293,-0.222233,0.55758;0.241513,0.903316,-0.349598,-0.0589396
0.973876,-0.214069,0.566136;0.245903,0.900805,-0.351799,-0.0657143
0.971457,-0.206218,0.574461;0.250275,0.898227,-0.353974,-0.072484
0.969036,-0.198676,0.582555;0.254627,0.895579,-0.356122,-0.0792482
0.966614,-0.191441,0.590421;0.25896,0.892863,-0.358243,-0.0860064
0.964189,-0.184509,0.598061;0.263273,0.890079,-0.360336,-0.092758
0.961764,-0.177875,0.605478;0.267566,0.887228,-0.362402,-0.0995025
0.958731,-0.169998,0.614436;0.272904,0.883568,-0.364945,-0.107922
0.955697,-0.162575,0.623053;0.278209,0.879802,-0.367445,-0.116329
0.952662,-0.155599,0.631331;0.28348,0.875932,-0.369901,-0.124723
0.949628,-0.149063,0.639274;0.288718,0.871957,-0.372313,-0.133101
0.946593,-0.14296,0.646887;0.293922,0.867878,-0.37468,-0.141463
0.942954,-0.136197,0.655592;0.30012,0.862847,-0.377462,-0.151476
0.939317,-0.130035,0.663834;0.306266,0.857668,-0.380179,-0.161462
0.935683,-0.124462,0.671619;0.31236,0.852342,-0.382831,-0.171421
0.931448,-0.118687,0.680136;0.319402,0.845942,-0.385842,-0.183002
0.92722,-0.113677,0.688052;0.326369,0.839346,-0.388762,-0.194541
0.922399,-0.108862,0.696379;0.334238,0.831566,-0.391989,-0.207672
0.916991,-0.104573,0.704847;0.342968,0.822511,-0.395476,-0.222368
0.911004,-0.101158,0.713167;0.352513,0.812077,-0.39917,-0.238597
0.904451,-0.0989776,0.721032;0.362818,0.800153,-0.403015,-0.256316
0.897347,-0.0983966,0.728125;0.37382,0.786618,-0.406943,-0.275478
0.889127,-0.0999612,0.734509;0.386332,0.770145,-0.411173,-0.297592
0.880992,-0.103792,0.738942;0.398482,0.752952,-0.415018,-0.319429
0.872951,-0.109733,0.741512;0.41026,0.735056,-0.418476,-0.340967
0.865579,-0.117002,0.742308;0.420853,0.717821,-0.421336,-0.360681
0.858864,-0.125098,0.741746;0.43033,0.701399,-0.423675,-0.378622
0.852789,-0.133604,0.740188;0.438759,0.685922,-0.425563,-0.394839
0.847338,-0.142169,0.737941;0.446201,0.671508,-0.427067,-0.409384
0.842495,-0.150508,0.735271;0.452717,0.658262,-0.428246,-0.422308
0.837713,-0.1594,0.732012;0.459059,0.644761,-0.42926,-0.435069
0.832997,-0.168805,0.728187;0.465223,0.631011,-0.430107,-0.447662
0.828861,-0.177561,0.724332;0.470551,0.618583,-0.430722,-0.45871
0.824781,-0.18666,0.720064;0.475736,0.605968,-0.431204,-0.469619
0.820758,-0.196072,0.715401;0.480775,0.593167,-0.431555,-0.480384
0.817288,-0.204542,0.71101;0.485064,0.581817,-0.431754,-0.489683
0.813864,-0.21321,0.706339;0.48924,0.570332,-0.431852,-0.498868
0.810489,-0.222057,0.701401;0.493301,0.558713,-0.431849,-0.507937
0.807164,-0.231063,0.696206;0.497248,0.546964,-0.431746,-0.516886
0.80389,-0.240209,0.690766;0.501077,0.535086,-0.431541,-0.525715
0.800669,-0.249475,0.68509;0.50479,0.523084,-0.431235,-0.534421
0.797502,-0.258841,0.679191;0.508385,0.51096,-0.430829,-0.543002
0.794391,-0.268289,0.67308;0.511861,0.498716,-0.430322,-0.551456
0.791769,-0.276436,0.667681;0.514745,0.488128,-0.429807,-0.5586
0.78919,-0.284616,0.662141;0.517541,0.477457,-0.429219,-0.565648
0.786654,-0.292817,0.656467;0.520248,0.466703,-0.428557,-0.572598
0.784163,-0.301026,0.650666;0.522866,0.45587,-0.427821,-0.579451
0.781717,-0.309231,0.644744;0.525394,0.444958,-0.427012,-0.586204
0.779317,-0.31742,0.63871;0.527831,0.433969,-0.426129,-0.592856
0.776964,-0.32558,0.63257;0.530178,0.422907,-0.425174,-0.599407
0.77466,-0.333699,0.62633;0.532434,0.411771,-0.424145,-0.605854
0.772403,-0.341765,0.619998;0.534599,0.400565,-0.423043,-0.612198
0.770197,-0.349766,0.613581;0.536672,0.38929,-0.421869,-0.618436
0.768041,-0.357688,0.607086;0.538652,0.377948,-0.420623,-0.624568
0.765841,-0.365878,0.600217;0.535718,0.384928,-0.419366,-0.623673
0.763722,-0.37387,0.593354;0.531703,0.39577,-0.418089,-0.621176
0.761658,-0.381753,0.586424;0.527612,0.406556,-0.416752,-0.618591
0.75965,-0.389519,0.579432;0.523446,0.417285,-0.415357,-0.615919
0.757698,-0.397163,0.572382;0.519206,0.427954,-0.413903,-0.613159
0.755803,-0.404679,0.565277;0.514893,0.438563,-0.41239,-0.610313
0.753964,-0.412061,0.558124;0.510507,0.44911,-0.410819,-0.60738
0.752182,-0.419303,0.550925;0.506049,0.459593,-0.40919,-0.604361
0.750457,-0.426398,0.543685;0.501519,0.470011,-0.407503,-0.601257
0.74879,-0.43334,0.536409;0.496918,0.480362,-0.405758,-0.598068
0.74718,-0.440124,0.529101;0.492247,0.490646,-0.403956,-0.594794
0.745628,-0.446743,0.521765;0.487506,0.50086,-0.402096,-0.591436
0.74389,-0.454249,0.513177;0.481887,0.512687,-0.399855,-0.587412
0.742233,-0.461513,0.504564;0.476176,0.524415,-0.397536,-0.583275
0.740655,-0.468525,0.495933;0.470373,0.536042,-0.395142,-0.579026
0.739157,-0.475275,0.487291;0.46448,0.547566,-0.392671,-0.574665
0.73774,-0.481755,0.478644;0.458497,0.558984,-0.390124,-0.570194
0.736405,-0.487953,0.47;0.452426,0.570294,-0.387502,-0.565612
0.735151,-0.493862,0.461365;0.446267,0.581495,-0.384806,-0.560922
0.733978,-0.49947,0.452746;0.440023,0.592584,-0.382035,-0.556124
0.732888,-0.504768,0.444151;0.433694,0.603558,-0.379191,-0.551218
0.731744,-0.510431,0.434365;0.426358,0.615958,-0.375851,-0.545482
0.730709,-0.515663,0.424629;0.418915,0.628203,-0.372416,-0.539609
0.729783,-0.520449,0.414952;0.411367,0.64029,-0.368888,-0.533599
0.728966,-0.524774,0.405346;0.403715,0.652215,-0.365267,-0.527456
0.72826,-0.528625,0.39582;0.395962,0.663977,-0.361554,-0.521179
0.727666,-0.531986,0.386385;0.388109,0.675571,-0.35775,-0.514772
0.72713,-0.535164,0.375891;0.379157,0.688411,-0.353363,-0.507409
0.726737,-0.537684,0.365541;0.370085,0.701033,-0.348864,-0.499884
0.726487,-0.539525,0.355347;0.360895,0.71343,-0.344253,-0.4922
0.726381,-0.540668,0.345325;0.351591,0.725601,-0.339533,-0.48436
0.726432,-0.541092,0.334409;0.341121,0.738853,-0.334161,-0.475467
0.726664,-0.540599,0.323743;0.330517,0.751814,-0.328659,-0.466388
0.727077,-0.539162,0.313347;0.319783,0.76448,-0.323026,-0.457125
0.727673,-0.536751,0.303242;0.308923,0.776845,-0.317267,-0.447682
0.728451,-0.533339,0.293447;0.297942,0.788905,-0.311384,-0.438064
0.729415,-0.528897,0.283983;0.286844,0.800654,-0.305377,-0.428273
0.730564,-0.523398,0.274869;0.275633,0.812089,-0.299251,-0.418314
0.731901,-0.516814,0.266126;0.264313,0.823205,-0.293007,-0.40819
0.733264,-0.509936,0.258591;0.254037,0.832932,-0.287289,-0.398941
0.734781,-0.502135,0.251388;0.24368,0.842394,-0.281479,-0.389566
0.736452,-0.493391,0.24453;0.233245,0.851588,-0.27558,-0.380066
0.738068,-0.484809,0.238736;0.223907,0.859533,-0.270263,-0.37152
0.739807,-0.475452,0.233238;0.214513,0.867261,-0.264877,-0.362881
0.74143,-0.466616,0.228677;0.206248,0.873845,-0.26011,-0.355246
0.743148,-0.457166,0.224356;0.197944,0.88026,-0.255293,-0.347543
0.744961,-0.447091,0.220284;0.189602,0.886505,-0.250427,-0.339773
0.74687,-0.436382,0.216465;0.181223,0.89258,-0.245512,-0.331938
0.748584,-0.426691,0.213401;0.174013,0.89765,-0.241262,-0.325171
0.750368,-0.41652,0.210532;0.166779,0.902593,-0.236978,-0.318358
0.752224,-0.405864,0.207864;0.159521,0.907408,-0.23266,-0.3115
0.754015,-0.395506,0.205564;0.156503,0.910061,-0.228847,-0.308099
0.755944,-0.384285,0.203356;0.154141,0.912424,-0.224919,-0.30518
0.757935,-0.372635,0.201332;0.151774,0.914755,-0.220983,-0.302249
0.759988,-0.360572,0.199489;0.149401,0.917054,-0.217039,-0.299308
0.761672,-0.350637,0.198141;0.147499,0.91887,-0.213878,-0.296947
0.763392,-0.340458,0.196902;0.145594,0.920666,-0.210713,-0.29458
0.765148,-0.330044,0.195772;0.143685,0.92244,-0.207543,-0.292206
0.766937,-0.319405,0.194746;0.141774,0.924194,-0.204368,-0.289826
0.768759,-0.308549,0.193823;0.139859,0.925927,-0.201189,-0.287439
0.770613,-0.297486,0.193;0.137941,0.92764,-0.198005,-0.285046
0.772496,-0.286225,0.192275;0.13602,0.929331,-0.194816,-0.282646
0.77441,-0.274774,0.191646;0.134095,0.931002,-0.191623,-0.28024
0.776351,-0.263144,0.19111;0.132168,0.932652,-0.188426,-0.277827
0.778319,-0.251342,0.190665;0.130238,0.93428,-0.185225,-0.275408
0.780312,-0.239378,0.190308;0.128305,0.935888,-0.18202,-0.272984
0.782331,-0.22726,0.190037;0.126369,0.937475,-0.17881,-0.270553
0.784372,-0.214999,0.18985;0.12443,0.939041,-0.175596,-0.268116
0.786436,-0.202603,0.189744;0.122488,0.940585,-0.172379,-0.265672
0.78852,-0.190082,0.189716;0.120544,0.942108,-0.169158,-0.263223
0.790624,-0.177443,0.189766;0.118597,0.943611,-0.165932,-0.260768
0.792747,-0.164697,0.189889;0.116647,0.945092,-0.162703,-0.258307
0.794888,-0.151852,0.190084;0.114695,0.946551,-0.159471,-0.255841
0.797044,-0.138917,0.190348;0.11274,0.94799,-0.156235,-0.253368
0.799216,-0.125902,0.190679;0.110782,0.949407,-0.152995,-0.25089
0.801402,-0.112815,0.191075;0.108822,0.950803,-0.149752,-0.248407
0.8036,-0.099666,0.191533;0.10686,0.952177,-0.146505,-0.245917
0.805257,-0.0897686,0.191915;0.105386,0.953194,-0.144068,-0.244047
0.806919,-0.0798451,0.192331;0.103912,0.954199,-0.141629,-0.242173
0.808587,-0.0698991,0.192778;0.102436,0.955192,-0.139189,-0.240296
0.81026,-0.0599346,0.193255;0.100958,0.956172,-0.136746,-0.238416
0.811937,-0.0499554,0.193762;0.0994797,0.957141,-0.134302,-0.236533
0.813619,-0.0399652,0.194298;0.0979998,0.958097,-0.131856,-0.234648
0.815304,-0.0299679,0.194861;0.0965187,0.959042,-0.129409,-0.232759
0.816992,-0.0199674,0.195451;0.0950364,0.959974,-0.12696,-0.230867
0.818683,-0.00996743,0.196066;0.0935528,0.960894,-0.124509,-0.228972
0.820375,2.81744e-05,0.196706;0.0920681,0.961802,-0.122057,-0.227075
0.822069,0.0100156,0.197369;0.0905822,0.962697,-0.119603,-0.225175
0.823765,0.019991,0.198055;0.0890952,0.963581,-0.117148,-0.223271
0.82546,0.0299505,0.198762;0.087607,0.964452,-0.114691,-0.221365
0.827156,0.0398904,0.19949;0.0861178,0.965312,-0.112232,-0.219456
0.828852,0.0498068,0.200238;0.0846274,0.966159,-0.109773,-0.217545
0.830546,0.0596959,0.201004;0.083136,0.966993,-0.107312,-0.21563
0.832239,0.0695539,0.201787;0.0816435,0.967816,-0.104849,-0.213713
0.834493,0.0826428,0.202857;0.0796519,0.968894,-0.101564,-0.211153
0.836743,0.0956606,0.203954;0.0776586,0.96995,-0.0982761,-0.208588
0.838987,0.108598,0.205076;0.0756635,0.970984,-0.0949863,-0.206018
0.841224,0.121446,0.206219;0.0736667,0.971996,-0.0916943,-0.203443
0.843452,0.134196,0.207383;0.0716682,0.972986,-0.0884003,-0.200864
0.845672,0.146838,0.208563;0.0696681,0.973955,-0.0851043,-0.198281
0.847881,0.159364,0.209759;0.0676665,0.974902,-0.0818064,-0.195693
0.850078,0.171765,0.210967;0.0656633,0.975826,-0.0785066,-0.1931
0.852263,0.18403,0.212186;0.0636587,0.976729,-0.0752051,-0.190504
0.854433,0.196152,0.213412;0.0616526,0.97761,-0.0719018,-0.187903
0.856589,0.208122,0.214644;0.0596452,0.978469,-0.068597,-0.185297
0.858728,0.219929,0.215879;0.0576364,0.979306,-0.0652906,-0.182688
0.860849,0.231566,0.217114;0.0556263,0.980121,-0.0619828,-0.180075
0.862952,0.243023,0.218348;0.0536149,0.980914,-0.0586735,-0.177457
0.865034,0.254291,0.219578;0.0516024,0.981685,-0.055363,-0.174835
0.867096,0.26536,0.220801;0.0495887,0.982433,-0.0520512,-0.17221
0.869136,0.276223,0.222015;0.0475739,0.98316,-0.0487382,-0.169581
0.871152,0.28687,0.223218;0.045558,0.983865,-0.0454241,-0.166948
0.873143,0.297291,0.224408;0.0435411,0.984547,-0.042109,-0.164311
0.875109,0.307478,0.225581;0.0415232,0.985207,-0.038793,-0.16167
0.877048,0.317422,0.226736;0.0395044,0.985846,-0.0354761,-0.159026
0.879432,0.329495,0.22815;0.0369796,0.986612,-0.0313288,-0.155715
0.881769,0.341157,0.229526;0.0344535,0.987344,-0.0271805,-0.1524
0.884059,0.352389,0.230861;0.0319262,0.988041,-0.0230312,-0.149079
0.886297,0.363174,0.23215;0.0293978,0.988704,-0.0188811,-0.145752
0.888482,0.373493,0.233387;0.0268684,0.989332,-0.0147303,-0.142421
0.890612,0.383329,0.234568;0.024338,0.989925,-0.010579,-0.139084
0.893091,0.394471,0.235906;0.0213005,0.990591,-0.00559696,-0.135074
0.895483,0.404861,0.237148;0.0182618,0.991206,-0.000614649,-0.131057
0.898159,0.415993,0.238466;0.0147155,0.991861,0.00519807,-0.126362
0.900705,0.426012,0.239631;0.0111683,0.992448,0.0110104,-0.121658
0.903446,0.436037,0.240758;0.00711334,0.993035,0.0176522,-0.116273
0.906608,0.446325,0.241832;0.00204381,0.993643,0.0259521,-0.109526
0.91025,0.455754,0.242617;-0.00454691,0.994225,0.0367363,-0.100732
0.91672,0.45932,0.241493;-0.0215795,0.994324,0.0248732,-0.10117
0.919164,0.449575,0.239195;-0.031926,0.994003,0.013759,-0.103683
0.92026,0.438749,0.237217;-0.0388196,0.993657,0.00634758,-0.105346
0.920825,0.42857,0.235578;-0.0439871,0.99333,0.000788524,-0.106585
0.921185,0.416769,0.233857;-0.0491521,0.992943,-0.00477058,-0.107818
0.921339,0.405786,0.232394;-0.053454,0.992576,-0.00940296,-0.108841
0.921367,0.393838,0.230934;-0.0577537,0.992169,-0.014035,-0.109859
0.921306,0.383634,0.229787;-0.0611917,0.991813,-0.0177401,-0.11067
0.921173,0.372897,0.228672;-0.0646282,0.991431,-0.0214449,-0.111479
0.920975,0.361665,0.227604;-0.0680629,0.991023,-0.025149,-0.112284
0.920713,0.349975,0.226596;-0.0714959,0.990589,-0.0288525,-0.113087
0.920393,0.337865,0.225663;-0.074927,0.990129,-0.0325553,-0.113886
0.920018,0.325372,0.224818;-0.0783561,0.989643,-0.0362571,-0.114683
0.919593,0.312535,0.224075;-0.0817831,0.989131,-0.0399581,-0.115476
0.919122,0.299391,0.223448;-0.085208,0.988593,-0.0436579,-0.116267
0.918741,0.289354,0.223063;-0.0877752,0.988172,-0.0464321,-0.116857
0.918337,0.279181,0.222756;-0.0903411,0.987737,-0.0492055,-0.117447
0.917914,0.268889,0.222533;-0.0929057,0.987287,-0.0519783,-0.118034
0.917471,0.258493,0.222402;-0.0954688,0.986822,-0.0547503,-0.11862
0.917012,0.248009,0.222366;-0.0980306,0.986343,-0.0575214,-0.119203
0.916538,0.237453,0.222433;-0.100591,0.985849,-0.0602917,-0.119786
0.91605,0.226841,0.222607;-0.10315,0.98534,-0.0630611,-0.120366
0.91555,0.216188,0.222896;-0.105707,0.984817,-0.0658296,-0.120944
0.91504,0.205512,0.223304;-0.108263,0.98428,-0.0685971,-0.121521
0.914522,0.194826,0.223837;-0.110817,0.983727,-0.0713636,-0.122096
0.913998,0.184149,0.224502;-0.113369,0.98316,-0.074129,-0.122669
0.913468,0.173494,0.225304;-0.11592,0.982579,-0.0768933,-0.123241
0.912936,0.162879,0.226249;-0.118469,0.981983,-0.0796565,-0.12381
0.912402,0.152319,0.227343;-0.121017,0.981373,-0.0824186,-0.124378
0.911868,0.14183,0.228592;-0.123562,0.980748,-0.0851793,-0.124944
0.911336,0.131428,0.230001;-0.126106,0.980108,-0.0879389,-0.125508
0.910808,0.121128,0.231577;-0.128648,0.979454,-0.0906971,-0.12607
0.910285,0.110948,0.233324;-0.131188,0.978785,-0.093454,-0.12663
0.90977,0.100902,0.23525;-0.133726,0.978102,-0.0962095,-0.127188
0.909263,0.091006,0.237359;-0.136262,0.977405,-0.0989636,-0.127745
0.908767,0.0812768,0.239659;-0.138796,0.976693,-0.101716,-0.128299
0.908125,0.0685907,0.243029;-0.142171,0.975721,-0.105384,-0.129036
0.907508,0.0562664,0.246761;-0.145543,0.974723,-0.109049,-0.129769
0.906922,0.0443415,0.250869;-0.148911,0.9737,-0.112711,-0.130499
0.90637,0.0328536,0.255365;-0.152275,0.972651,-0.11637,-0.131225
0.905856,0.0218405,0.260265;-0.155635,0.971577,-0.120026,-0.131948
0.905384,0.0113398,0.265581;-0.15899,0.970477,-0.123679,-0.132667
0.904958,0.0013891,0.271328;-0.162342,0.969351,-0.127329,-0.133383
0.904583,-0.00797381,0.277519;-0.16569,0.9682,-0.130975,-0.134095
0.904262,-0.0167113,0.284168;-0.169033,0.967023,-0.134618,-0.134804
0.904,-0.0247857,0.29129;-0.172371,0.965821,-0.138258,-0.135509
0.9038,-0.0321593,0.298897;-0.175705,0.964593,-0.141893,-0.136211
0.903666,-0.0387944,0.307005;-0.179035,0.963341,-0.145525,-0.136909
0.903604,-0.0446535,0.315625;-0.182359,0.962062,-0.149153,-0.137603
0.903616,-0.0496987,0.324774;-0.185679,0.960759,-0.152778,-0.138294
0.903712,-0.054063,0.334918;-0.187674,0.959592,-0.156553,-0.139471
0.903876,-0.0572161,0.344662;-0.184939,0.959198,-0.159952,-0.141957
0.904106,-0.0596345,0.354865;-0.182199,0.95878,-0.163347,-0.144438
0.904396,-0.0613691,0.365491;-0.179454,0.958337,-0.166738,-0.146916
0.904739,-0.062471,0.376507;-0.176705,0.95787,-0.170124,-0.149391
0.905129,-0.0629913,0.38788;-0.173951,0.957379,-0.173507,-0.151861
0.90556,-0.0629808,0.399576;-0.171193,0.956863,-0.176885,-0.154328
0.906024,-0.0624907,0.411559;-0.168431,0.956324,-0.180258,-0.15679
0.906516,-0.0615718,0.423798;-0.165664,0.955759,-0.183627,-0.159249
0.907029,-0.0602753,0.436258;-0.162893,0.955171,-0.186992,-0.161704
0.907557,-0.0586521,0.448905;-0.160118,0.954558,-0.190351,-0.164154
0.908093,-0.0567531,0.461705;-0.157339,0.953922,-0.193706,-0.166601
0.908631,-0.0546295,0.474625;-0.154556,0.953261,-0.197056,-0.169043
0.909164,-0.0523322,0.48763;-0.151769,0.952575,-0.200401,-0.171481
0.909685,-0.0499123,0.500687;-0.148979,0.951866,-0.20374,-0.173914
0.910189,-0.0474206,0.513762;-0.146184,0.951133,-0.207075,-0.176343
0.91067,-0.0449083,0.526821;-0.143386,0.950375,-0.210404,-0.178768
0.911119,-0.0424263,0.53983;-0.140584,0.949593,-0.213728,-0.181188
0.911532,-0.0400256,0.552756;-0.137778,0.948787,-0.217047,-0.183604
0.911901,-0.0377572,0.565564;-0.134969,0.947958,-0.22036,-0.186015
0.91222,-0.0356722,0.578221;-0.132157,0.947104,-0.223667,-0.188421
0.912483,-0.0338215,0.590692;-0.129341,0.946226,-0.226969,-0.190822
0.912683,-0.0322562,0.602945;-0.126522,0.945324,-0.230265,-0.193219
0.912813,-0.0310271,0.614945;-0.1237,0.944398,-0.233555,-0.19561
0.912868,-0.0301855,0.626659;-0.120874,0.943448,-0.236839,-0.197997
0.912841,-0.0297821,0.638052;-0.118046,0.942474,-0.240118,-0.200379
0.912726,-0.0298681,0.64909;-0.115214,0.941476,-0.24339,-0.202755
0.912515,-0.0304945,0.659741;-0.11238,0.940455,-0.246656,-0.205127
0.912203,-0.0317122,0.669969;-0.109543,0.939409,-0.249915,-0.207493
0.91166,-0.0341436,0.68211;-0.105992,0.938069,-0.253981,-0.210443
0.910935,-0.0376783,0.693472;-0.102437,0.936691,-0.258037,-0.213385
0.910017,-0.0424159,0.70399;-0.0988787,0.935276,-0.262082,-0.216319
0.908892,-0.048456,0.713597;-0.0953161,0.933825,-0.266117,-0.219244
0.907549,-0.0558982,0.722228;-0.0917496,0.932336,-0.270142,-0.22216
0.905973,-0.0648422,0.729815;-0.0881796,0.93081,-0.274156,-0.225068
0.904153,-0.0753875,0.736295;-0.084606,0.929248,-0.278159,-0.227966
0.902513,-0.0850436,0.740635;-0.0817448,0.927971,-0.281353,-0.230279
0.900702,-0.0958394,0.74419;-0.0788814,0.926671,-0.28454,-0.232585
0.898713,-0.107826,0.746925;-0.0760161,0.925347,-0.28772,-0.234886
0.897102,-0.117628,0.748418;-0.0738658,0.924339,-0.2901,-0.236607
0.895384,-0.128149,0.749417;-0.0717145,0.923318,-0.292477,-0.238325
0.893558,-0.139413,0.749907;-0.0695621,0.922283,-0.294849,-0.24004
0.891619,-0.151439,0.749874;-0.0674088,0.921235,-0.297216,-0.241752
0.889567,-0.164249,0.749304;-0.0652545,0.920175,-0.29958,-0.243459
0.887398,-0.177866,0.748182;-0.0630993,0.919101,-0.301939,-0.245164
0.885109,-0.19231,0.746495;-0.0609431,0.918014,-0.304294,-0.246865
0.883515,-0.20241,0.745049;-0.0595052,0.917282,-0.305861,-0.247997
0.881866,-0.212894,0.743341;-0.0580669,0.916544,-0.307427,-0.249127
0.880161,-0.223767,0.741366;-0.0566283,0.9158,-0.308991,-0.250256
0.878399,-0.235037,0.739121;-0.0551893,0.915051,-0.310552,-0.251383
0.876579,-0.24671,0.736602;-0.0537499,0.914296,-0.312112,-0.252509
0.874701,-0.258792,0.733803;-0.0523102,0.913534,-0.31367,-0.253633
0.872763,-0.27129,0.730722;-0.0508702,0.912768,-0.315225,-0.254755
0.870766,-0.28421,0.727353;-0.0494298,0.911995,-0.316779,-0.255876
0.868708,-0.297558,0.723692;-0.0479891,0.911217,-0.318331,-0.256996
0.866588,-0.311341,0.719735;-0.0465481,0.910432,-0.319881,-0.258113
0.864405,-0.325565,0.715479;-0.0451069,0.909642,-0.321428,-0.259229
0.86216,-0.340236,0.710918;-0.0436653,0.908847,-0.322974,-0.260343
0.85985,-0.355361,0.706048;-0.0422235,0.908045,-0.324518,-0.261456
0.857475,-0.370947,0.700866;-0.0407814,0.907238,-0.326059,-0.262567
0.855035,-0.386999,0.695367;-0.039339,0.906425,-0.327599,-0.263676
0.852528,-0.403524,0.689546;-0.0378964,0.905606,-0.329136,-0.264784
0.849954,-0.420528,0.6834;-0.0364536,0.904782,-0.330671,-0.26589
0.847311,-0.438018,0.676925;-0.0350105,0.903952,-0.332205,-0.266994
0.8446,-0.456,0.670115;-0.0335672,0.903116,-0.333736,-0.268097
0.841819,-0.474481,0.662967;-0.0321236,0.902274,-0.335265,-0.269198
0.840402,-0.48391,0.659265;-0.0314018,0.901851,-0.336028,-0.269748
0.838967,-0.493467,0.655477;-0.0306799,0.901427,-0.336791,-0.270297
0.837515,-0.503151,0.651602;-0.029958,0.901001,-0.337554,-0.270846
