1.0454,0.26528,0.610655;0.899811,-0.389349,0.152808,0.124085
1.04097,0.256442,0.612423;0.904515,-0.377601,0.155034,0.123426
1.03585,0.246338,0.614432;0.909815,-0.363815,0.1576,0.122631
1.03079,0.236453,0.616382;0.914909,-0.349948,0.16013,0.121809
1.02578,0.226785,0.618274;0.919797,-0.336001,0.162624,0.120959
1.02083,0.217334,0.620109;0.924477,-0.321979,0.165081,0.120082
1.01594,0.208095,0.621888;0.92895,-0.307885,0.167501,0.119178
1.01109,0.199068,0.623611;0.933213,-0.293721,0.169883,0.118247
1.00631,0.190249,0.625279;0.937265,-0.27949,0.172227,0.117289
1.0009,0.180424,0.62712;0.941638,-0.263151,0.174858,0.116162
0.995565,0.170865,0.628891;0.945734,-0.246733,0.177438,0.115001
0.990298,0.161569,0.630593;0.949552,-0.230243,0.179966,0.113806
0.985101,0.152533,0.632228;0.95309,-0.213685,0.182441,0.112578
0.979971,0.143754,0.633796;0.956347,-0.197065,0.184861,0.111317
0.97491,0.135228,0.635299;0.959324,-0.180386,0.187228,0.110022
0.969295,0.125935,0.636913;0.962334,-0.161559,0.189824,0.108528
0.963765,0.116953,0.638447;0.964986,-0.142672,0.19235,0.106993
0.958318,0.108279,0.639903;0.967279,-0.123732,0.194804,0.105418
0.952954,0.099907,0.641282;0.969211,-0.104746,0.197186,0.103804
0.947089,0.0909536,0.642726;0.970935,-0.083605,0.199746,0.101965
0.941325,0.082361,0.644079;0.972212,-0.0624254,0.202214,0.100079
0.935659,0.0741228,0.645343;0.973042,-0.0412171,0.204589,0.098147
0.929539,0.0654625,0.646634;0.973439,-0.0178664,0.207093,0.0959699
0.923537,0.0572147,0.647823;0.973293,0.00549416,0.209482,0.0937394
0.91712,0.0486773,0.649007;0.972517,0.0309745,0.211955,0.0912467
0.910838,0.0406094,0.650076;0.971097,0.0564344,0.214287,0.0886936
0.904184,0.0323859,0.651109;0.968833,0.0839732,0.216654,0.0858615
0.897684,0.0246861,0.652016;0.965816,0.111447,0.218852,0.0829627
0.890854,0.0169633,0.652858;0.961728,0.140936,0.221029,0.0797688
0.883729,0.00932436,0.653611;0.956385,0.17239,0.223141,0.0762671
0.876343,0.00187672,0.654252;0.949597,0.205744,0.225139,0.0724451
0.868735,-0.00527304,0.654758;0.941159,0.240916,0.226971,0.0682908
0.860942,-0.0120207,0.65511;0.930862,0.277807,0.228583,0.0637934
0.853001,-0.0182662,0.655288;0.918489,0.316298,0.229914,0.0589432
0.844557,-0.0241736,0.655273;0.90304,0.358226,0.230941,0.0534689
0.835698,-0.0295129,0.655021;0.88402,0.403312,0.231529,0.0473493
0.826516,-0.0340649,0.654497;0.86091,0.451201,0.231529,0.0405674
0.817103,-0.0376302,0.653677;0.833174,0.501462,0.230783,0.0331127
0.807233,-0.0400974,0.652503;0.799086,0.555329,0.229046,0.0247005
0.797355,-0.0411855,0.651009;0.759085,0.610249,0.226149,0.0156158
0.787281,-0.0407963,0.649168;0.711249,0.66702,0.221762,0.00559671
0.777665,-0.0389581,0.64714;0.657871,0.721491,0.215947,-0.00474093
0.768177,-0.0357074,0.644924;0.678502,0.698293,0.226968,0.0225304
0.75922,-0.0312633,0.642648;0.706815,0.663293,0.239671,0.054888
0.75071,-0.0257419,0.640327;0.733874,0.624556,0.252078,0.0884035
0.742994,-0.019618,0.638107;0.758358,0.583626,0.263601,0.121609
0.735762,-0.0129454,0.635957;0.780996,0.538888,0.274603,0.155688
0.728819,-0.0058108,0.633885;0.802057,0.488426,0.285284,0.191724
0.722082,0.00150886,0.631969;0.821253,0.430058,0.295642,0.230629
0.715229,0.00864433,0.630327;0.838355,0.357383,0.305913,0.275419
0.706879,0.0139984,0.629522;0.852062,0.240253,0.317112,0.34016
0.700105,0.00778857,0.631755;0.848945,0.103628,0.322793,0.40541
0.697529,-0.00160565,0.634342;0.85989,0.00849728,0.333867,0.386069
0.69587,-0.0113585,0.636944;0.867685,-0.0724223,0.343172,0.352293
0.694627,-0.0211417,0.639571;0.868945,-0.141972,0.349054,0.320844
0.693645,-0.0307729,0.642208;0.865685,-0.204294,0.352617,0.290714
0.692817,-0.0405039,0.64495;0.858583,-0.263536,0.354446,0.260293
0.692099,-0.0504171,0.647851;0.847626,-0.321595,0.354684,0.228703
0.691483,-0.0602729,0.650876;0.832865,-0.378211,0.353331,0.196087
0.69096,-0.0698317,0.653992;0.814365,-0.433129,0.350391,0.162591
0.690493,-0.0794718,0.657393;0.790489,-0.489806,0.345496,0.125896
0.690081,-0.0890132,0.661162;0.759527,-0.549224,0.338057,0.0847901
0.689719,-0.0981257,0.665467;0.718021,-0.613382,0.326883,0.0368171
0.689378,-0.106397,0.671257;0.650305,-0.69429,0.306811,-0.030513
0.6891,-0.105113,0.679495;0.520409,-0.800277,0.264494,-0.137019
0.689021,-0.0955304,0.682989;0.444362,-0.8424,0.238174,-0.190203
0.688974,-0.0854011,0.684918;0.488258,-0.819568,0.253481,-0.160187
0.688944,-0.075454,0.686209;0.527075,-0.795983,0.266754,-0.132081
0.688927,-0.065166,0.687186;0.561126,-0.77234,0.278168,-0.106067
0.688924,-0.0550572,0.68789;0.590715,-0.749267,0.287891,-0.082298
0.688934,-0.0449332,0.688392;0.617621,-0.725979,0.296553,-0.0596224
0.68896,-0.0344194,0.688722;0.643382,-0.701343,0.304665,-0.0368362
0.689002,-0.0242576,0.688869;0.666615,-0.676881,0.311807,-0.0152523
0.689062,-0.0139905,0.688848;0.688746,-0.651298,0.318433,0.00635675
0.689143,-0.00373598,0.688652;0.709736,-0.624637,0.324533,0.0279553
0.689247,0.00638822,0.688273;0.729552,-0.596943,0.330095,0.0495076
0.689385,0.016835,0.687664;0.749217,-0.566543,0.335388,0.0722376
0.689554,0.0268637,0.686832;0.767491,-0.535092,0.34006,0.0948335
0.689769,0.0368416,0.685703;0.785235,-0.500818,0.344306,0.118493
0.690054,0.0469485,0.684144;0.802957,-0.461735,0.34817,0.144356
0.690445,0.0570387,0.681941;0.820725,-0.415646,0.35151,0.173464
0.691021,0.0666976,0.678655;0.838578,-0.358141,0.353998,0.207863
0.692047,0.074545,0.672772;0.856913,-0.273965,0.354605,0.254751
0.693637,0.072901,0.663708;0.868002,-0.169977,0.350858,0.307537
0.694786,0.0651987,0.657232;0.868951,-0.107241,0.346364,0.336831
0.695721,0.056082,0.652;0.867026,-0.0614714,0.342067,0.357039
0.696496,0.0469843,0.647697;0.864089,-0.026489,0.338212,0.371834
0.697219,0.0374119,0.643704;0.86048,0.00415428,0.334433,0.384332
0.697873,0.027957,0.640107;0.856617,0.0304175,0.330894,0.394703
0.698502,0.0182391,0.636666;0.852456,0.0544707,0.327411,0.403923
0.699098,0.00850461,0.633417;0.84816,0.0763048,0.324047,0.412062
0.699689,-0.00161337,0.630206;0.848163,0.0700035,0.32603,0.41161
0.700228,-0.0112107,0.62728;0.849709,0.0535165,0.329829,0.407853
0.700781,-0.0213902,0.624277;0.850996,0.0370134,0.333529,0.403973
0.701346,-0.0321227,0.621198;0.852027,0.020499,0.337127,0.39997
0.701857,-0.0421033,0.618401;0.852726,0.00581427,0.34024,0.396311
0.702374,-0.0524775,0.61555;0.853221,-0.0088719,0.343271,0.392556
0.702897,-0.0632245,0.612646;0.853512,-0.023556,0.34622,0.388708
0.703357,-0.072918,0.610063;0.853599,-0.0364,0.348733,0.385264
0.70382,-0.0828677,0.607444;0.85353,-0.0492374,0.351182,0.38175
0.704284,-0.0930598,0.604789;0.853305,-0.0620657,0.353566,0.378166
0.704749,-0.103481,0.602099;0.852923,-0.0748827,0.355886,0.374513
0.705213,-0.114116,0.599377;0.852385,-0.087686,0.358141,0.370791
0.705676,-0.124954,0.596623;0.851691,-0.100473,0.360329,0.367002
0.706137,-0.135978,0.59384;0.850841,-0.113242,0.362452,0.363145
0.706595,-0.147177,0.591028;0.849835,-0.12599,0.364509,0.359221
0.706984,-0.156904,0.588596;0.848849,-0.136899,0.366219,0.355806
0.70737,-0.166739,0.586145;0.847749,-0.147789,0.367879,0.352342
0.707752,-0.176675,0.583676;0.846535,-0.158659,0.36949,0.348832
0.70813,-0.186703,0.58119;0.845206,-0.169508,0.371051,0.345274
0.708502,-0.196814,0.578687;0.843764,-0.180334,0.372562,0.34167
0.708869,-0.207,0.57617;0.842209,-0.191136,0.374024,0.33802
0.70923,-0.217251,0.573638;0.84054,-0.201913,0.375434,0.334325
0.709584,-0.227559,0.571092;0.838758,-0.212662,0.376795,0.330584
0.709931,-0.237916,0.568534;0.836863,-0.223382,0.378104,0.326799
0.71027,-0.248313,0.565964;0.834856,-0.234072,0.379363,0.32297
0.7106,-0.258741,0.563383;0.832736,-0.244731,0.380571,0.319098
0.710922,-0.269192,0.560792;0.830504,-0.255357,0.381727,0.315182
0.711235,-0.279657,0.558192;0.828161,-0.265949,0.382832,0.311225
0.711537,-0.290127,0.555584;0.825706,-0.276504,0.383886,0.307225
0.711829,-0.300593,0.552969;0.82314,-0.287023,0.384888,0.303184
0.71211,-0.311048,0.550348;0.820463,-0.297503,0.385838,0.299102
0.712379,-0.321483,0.547721;0.817676,-0.307943,0.386736,0.29498
0.712636,-0.331888,0.54509;0.814778,-0.318341,0.387582,0.290818
0.712881,-0.342255,0.542455;0.811771,-0.328697,0.388376,0.286618
0.713112,-0.352576,0.539818;0.808655,-0.339008,0.389118,0.282378
0.713329,-0.362842,0.537178;0.80543,-0.349274,0.389807,0.278101
0.713532,-0.373044,0.534538;0.802097,-0.359493,0.390444,0.273786
0.71372,-0.383173,0.531898;0.798656,-0.369663,0.391029,0.269434
0.713893,-0.393222,0.529259;0.795107,-0.379784,0.39156,0.265046
0.71405,-0.403181,0.526622;0.791451,-0.389854,0.392039,0.260623
0.71419,-0.413042,0.523988;0.787689,-0.399871,0.392466,0.256164
0.714313,-0.422795,0.521357;0.783821,-0.409834,0.392839,0.251671
0.714434,-0.434028,0.518293;0.779175,-0.421388,0.393208,0.246386
0.71453,-0.445089,0.515238;0.774386,-0.432865,0.393505,0.241056
0.714601,-0.455966,0.512191;0.769455,-0.444263,0.39373,0.235682
0.714644,-0.466645,0.509155;0.764383,-0.455579,0.393883,0.230265
0.714661,-0.477111,0.506131;0.759172,-0.466812,0.393964,0.224806
0.714649,-0.487351,0.50312;0.753821,-0.477959,0.393972,0.219305
0.714608,-0.497352,0.500124;0.748332,-0.489019,0.393908,0.213764
0.714536,-0.507099,0.497144;0.742707,-0.499989,0.393773,0.208185
0.714417,-0.517911,0.493761;0.736111,-0.512414,0.393529,0.201761
0.714256,-0.528354,0.490403;0.729339,-0.524717,0.393191,0.195289
0.714051,-0.538407,0.487072;0.722392,-0.536894,0.39276,0.188771
0.713803,-0.54805,0.483771;0.715273,-0.548943,0.392234,0.182207
0.713469,-0.558382,0.480096;0.707059,-0.56234,0.39153,0.174771
0.713075,-0.56814,0.476463;0.698631,-0.575568,0.390708,0.167281
0.712565,-0.578274,0.472482;0.689019,-0.59006,0.389656,0.158901
0.711976,-0.587622,0.468561;0.67915,-0.604332,0.388459,0.150461
0.711236,-0.596951,0.464325;0.668,-0.61977,0.386973,0.141112
0.710312,-0.605927,0.4598;0.655492,-0.636292,0.385154,0.130841
0.709076,-0.614726,0.454659;0.640455,-0.655134,0.382769,0.118769
0.707336,-0.622836,0.44863;0.621565,-0.677366,0.379496,0.103994
0.704545,-0.628983,0.440884;0.594944,-0.706277,0.374416,0.0838292
0.700426,-0.62833,0.432156;0.560953,-0.739583,0.367234,0.0590606
0.696601,-0.621015,0.425897;0.533088,-0.764236,0.360835,0.0394745
0.693477,-0.611668,0.421703;0.512214,-0.7813,0.355771,0.0251832
0.690937,-0.602319,0.418768;0.496236,-0.793608,0.351749,0.0144482
