0.849534,-0.231512,0.666427;0.741098,0.186001,-0.309827,-0.565849
0.846184,-0.220252,0.664142;0.744931,0.184612,-0.305737,-0.56349
0.842871,-0.209105,0.661882;0.748736,0.183216,-0.301635,-0.561109
0.839595,-0.19807,0.659649;0.752511,0.181813,-0.297521,-0.558706
0.836356,-0.187147,0.657442;0.756257,0.180403,-0.293395,-0.556281
0.833154,-0.176334,0.65526;0.759974,0.178986,-0.289258,-0.553835
0.829988,-0.165633,0.653103;0.763661,0.177562,-0.28511,-0.551367
0.826859,-0.155041,0.650972;0.767319,0.176131,-0.280951,-0.548878
0.823767,-0.14456,0.648866;0.770946,0.174693,-0.27678,-0.546367
0.82071,-0.134187,0.646785;0.774544,0.173248,-0.272599,-0.543835
0.81769,-0.123924,0.644729;0.778111,0.171797,-0.268408,-0.541282
0.814705,-0.113769,0.642698;0.781649,0.170338,-0.264205,-0.538708
0.811756,-0.103723,0.640692;0.785155,0.168874,-0.259993,-0.536112
0.808843,-0.093784,0.638711;0.788631,0.167402,-0.255771,-0.533496
0.805965,-0.0839523,0.636754;0.792077,0.165925,-0.251538,-0.530859
0.803122,-0.0742275,0.634821;0.795492,0.16444,-0.247296,-0.528202
0.800314,-0.0646091,0.632913;0.798875,0.16295,-0.243044,-0.525524
0.797541,-0.0550967,0.631029;0.802228,0.161453,-0.238783,-0.522825
0.793898,-0.0425775,0.628554;0.806649,0.159447,-0.233086,-0.519196
0.790317,-0.030245,0.626121;0.811015,0.15743,-0.227374,-0.51553
0.786796,-0.018098,0.623731;0.815325,0.155402,-0.221646,-0.511829
0.783336,-0.00613559,0.621383;0.819578,0.153364,-0.215903,-0.508092
0.779936,0.00564327,0.619076;0.823774,0.151314,-0.210144,-0.504321
0.776596,0.0172396,0.616811;0.827914,0.149255,-0.204371,-0.500514
0.773316,0.0286544,0.614586;0.831996,0.147185,-0.198584,-0.496673
0.770095,0.0398888,0.612403;0.836021,0.145105,-0.192783,-0.492797
0.766933,0.0509436,0.61026;0.839987,0.143015,-0.186969,-0.488887
0.763829,0.06182,0.608157;0.843896,0.140915,-0.181142,-0.484943
0.760783,0.072519,0.606093;0.847746,0.138805,-0.175303,-0.480966
0.757794,0.0830415,0.60407;0.851538,0.136686,-0.169451,-0.476956
0.754863,0.0933886,0.602086;0.85527,0.134557,-0.163588,-0.472912
0.751989,0.103561,0.600141;0.858944,0.132419,-0.157713,-0.468836
0.749172,0.113561,0.598234;0.862558,0.130271,-0.151827,-0.464728
0.74641,0.123388,0.596366;0.866112,0.128115,-0.145931,-0.460587
0.743704,0.133043,0.594537;0.869607,0.12595,-0.140025,-0.456414
0.741054,0.142529,0.592745;0.873041,0.123776,-0.134109,-0.45221
0.737819,0.154148,0.590558;0.877249,0.121046,-0.126701,-0.446911
0.734668,0.165504,0.58843;0.881362,0.118304,-0.119279,-0.441563
0.731603,0.1766,0.586359;0.88538,0.115549,-0.111845,-0.436168
0.728621,0.187437,0.584345;0.889302,0.112781,-0.104398,-0.430725
0.725722,0.198017,0.582388;0.893127,0.110001,-0.09694,-0.425236
0.722905,0.208343,0.580486;0.896857,0.107209,-0.0894716,-0.419701
0.72017,0.218417,0.578641;0.900489,0.104405,-0.0819935,-0.414121
0.717516,0.22824,0.57685;0.904024,0.101591,-0.0745065,-0.408496
0.714942,0.237814,0.575113;0.907461,0.0987649,-0.0670115,-0.402826
0.711958,0.248978,0.573101;0.911456,0.09536,-0.058008,-0.395966
0.709087,0.259789,0.571164;0.91531,0.0919402,-0.0489955,-0.389044
0.706328,0.270253,0.569304;0.91902,0.0885061,-0.0399753,-0.382061
0.703679,0.280372,0.567517;0.922588,0.0850582,-0.030949,-0.375018
0.70114,0.29015,0.565805;0.926012,0.0815971,-0.0219178,-0.367918
0.698313,0.30113,0.563899;0.929824,0.0775431,-0.0113772,-0.359561
0.695632,0.311655,0.56209;0.93344,0.0734726,-0.000834131,-0.351129
0.693094,0.321732,0.560377;0.936857,0.0693866,0.00970907,-0.342621
0.690697,0.331365,0.558758;0.940076,0.0652859,0.0202502,-0.334042
0.688127,0.341838,0.557022;0.943511,0.0605825,0.0322918,-0.32415
0.685736,0.351746,0.555405;0.946685,0.0558623,0.0443245,-0.314168
0.683255,0.362229,0.553725;0.949943,0.0505337,0.0578465,-0.302835
0.680993,0.37202,0.552189;0.952867,0.0451874,0.0713482,-0.291396
0.678729,0.382102,0.550649;0.955725,0.0392285,0.0863206,-0.278566
0.676537,0.39224,0.54915;0.958392,0.0326543,0.102747,-0.264314
0.674492,0.402187,0.547743;0.960729,0.025463,0.120605,-0.24861
0.67255,0.41236,0.546391;0.962699,0.0170535,0.141343,-0.230093
0.670897,0.422152,0.545214;0.963951,0.00742538,0.164897,-0.208692
0.669605,0.43214,0.544235;0.963975,-0.00522236,0.19553,-0.180257
0.669561,0.442096,0.54394;0.959742,-0.0268677,0.247143,-0.130743
0.675646,0.439265,0.547243;0.938516,-0.0654863,0.336637,-0.0396773
0.680384,0.430683,0.549938;0.924063,-0.0817945,0.373387,-0.000128111
0.684661,0.421649,0.552376;0.911164,-0.0938466,0.400126,0.0295414
0.688773,0.412257,0.554714;0.898724,-0.104035,0.422439,0.0549297
0.692745,0.402712,0.556963;0.886608,-0.11297,0.441778,0.0774336
0.696446,0.393488,0.559049;0.875202,-0.120686,0.458298,0.097055
0.700056,0.384235,0.561072;0.863945,-0.127759,0.473291,0.115202
0.70382,0.374356,0.563168;0.852058,-0.134739,0.487939,0.133264
0.70742,0.36471,0.56516;0.840531,-0.141094,0.501143,0.149851
0.710816,0.355449,0.567027;0.829506,-0.146843,0.512973,0.164974
0.714297,0.345808,0.568927;0.818046,-0.152515,0.524534,0.18001
0.717855,0.335809,0.570855;0.806158,-0.158107,0.535821,0.194953
0.72115,0.326427,0.572626;0.794985,-0.16312,0.545839,0.208448
0.724496,0.316781,0.57441;0.783468,-0.168061,0.555621,0.221854
0.727887,0.306889,0.576203;0.771612,-0.17293,0.565162,0.235163
0.73122,0.297056,0.57795;0.759773,-0.177589,0.574198,0.247998
0.734424,0.287504,0.579613;0.76592,-0.17492,0.570886,0.238451
0.737654,0.277773,0.581275;0.771953,-0.172225,0.56749,0.228869
0.740908,0.267872,0.582932;0.777874,-0.169505,0.564011,0.219254
0.744184,0.257806,0.584584;0.78368,-0.16676,0.560448,0.209606
0.74748,0.247582,0.586227;0.78937,-0.163991,0.556804,0.199927
0.750792,0.237206,0.587861;0.794945,-0.161197,0.553077,0.190219
0.75412,0.226685,0.589483;0.800403,-0.15838,0.549269,0.180483
0.75746,0.216027,0.591091;0.805743,-0.155539,0.54538,0.170721
0.76081,0.205236,0.592682;0.810965,-0.152676,0.541412,0.160933
0.764167,0.19432,0.594256;0.816067,-0.14979,0.537363,0.151122
0.76753,0.183286,0.59581;0.82105,-0.146882,0.533236,0.141289
0.770415,0.173738,0.597125;0.825225,-0.144372,0.529635,0.132844
0.773301,0.164113,0.598422;0.82931,-0.141847,0.525978,0.124384
0.776186,0.154413,0.599701;0.833306,-0.139306,0.522264,0.115911
0.779068,0.144643,0.600959;0.837212,-0.13675,0.518493,0.107425
0.781947,0.134808,0.602197;0.841028,-0.13418,0.514666,0.0989284
0.784821,0.124911,0.603412;0.844752,-0.131595,0.510784,0.0904205
0.787687,0.114957,0.604603;0.848386,-0.128996,0.506847,0.0819029
0.790546,0.104949,0.605769;0.851928,-0.126383,0.502854,0.0733765
0.793395,0.0948918,0.606909;0.855377,-0.123756,0.498808,0.0648422
0.796232,0.0847897,0.608022;0.858735,-0.121116,0.494708,0.0563008
0.799057,0.0746467,0.609106;0.862,-0.118463,0.490554,0.0477533
0.801868,0.0644669,0.61016;0.865171,-0.115797,0.486347,0.0392007
0.804663,0.0542545,0.611183;0.868249,-0.113118,0.482088,0.0306439
0.807441,0.0440135,0.612173;0.871234,-0.110428,0.477776,0.0220838
0.8102,0.0337482,0.613129;0.874124,-0.107725,0.473413,0.0135212
0.812939,0.0234627,0.614051;0.87692,-0.105011,0.468999,0.00495724
0.815656,0.013161,0.614936;0.879621,-0.102285,0.464534,-0.00360728
0.81835,0.00284737,0.615783;0.882227,-0.0995483,0.460019,-0.0121714
0.82102,-0.00747407,0.616592;0.884738,-0.0968009,0.455455,-0.0207342
0.823664,-0.0177992,0.61736;0.887153,-0.0940431,0.450841,-0.0292948
0.82628,-0.0281239,0.618087;0.889472,-0.091275,0.446178,-0.0378522
0.828867,-0.0384439,0.618772;0.891696,-0.0884971,0.441468,-0.0464056
0.831423,-0.0487553,0.619413;0.893823,-0.0857097,0.436709,-0.0549539
0.833948,-0.0590537,0.620008;0.895853,-0.082913,0.431904,-0.0634963
0.836439,-0.0693352,0.620557;0.897787,-0.0801073,0.427052,-0.0720318
0.838894,-0.0795955,0.621059;0.899624,-0.077293,0.422153,-0.0805595
0.841314,-0.0898305,0.621512;0.901363,-0.0744703,0.417209,-0.0890786
0.843695,-0.100036,0.621914;0.903005,-0.0716396,0.41222,-0.097588
0.846037,-0.110208,0.622265;0.90455,-0.0688012,0.407187,-0.106087
0.848338,-0.120342,0.622563;0.905997,-0.0659553,0.402109,-0.114574
0.850596,-0.130435,0.622808;0.907346,-0.0631023,0.396988,-0.123049
0.852811,-0.140481,0.622997;0.908597,-0.0602425,0.391824,-0.131511
0.85498,-0.150478,0.62313;0.90975,-0.0573762,0.386618,-0.139959
0.857102,-0.16042,0.623205;0.910805,-0.0545036,0.38137,-0.148391
0.859176,-0.170304,0.62322;0.911762,-0.0516252,0.376081,-0.156808
0.8612,-0.180125,0.623176;0.912619,-0.0487412,0.370752,-0.165207
0.863497,-0.191498,0.623047;0.913496,-0.04537,0.364483,-0.174984
0.865721,-0.202774,0.622831;0.914238,-0.041992,0.358161,-0.184735
0.86787,-0.213947,0.622528;0.914845,-0.0386079,0.351786,-0.194459
0.869942,-0.225008,0.622135;0.915318,-0.0352181,0.345359,-0.204154
0.871935,-0.235953,0.621651;0.915657,-0.0318231,0.338882,-0.213819
0.873846,-0.246774,0.621073;0.915861,-0.0284235,0.332355,-0.223453
0.875674,-0.257465,0.620398;0.91593,-0.0250196,0.325779,-0.233054
0.877414,-0.268019,0.619627;0.915865,-0.0216121,0.319155,-0.242621
0.879066,-0.27843,0.618755;0.915665,-0.0182014,0.312484,-0.252152
0.880627,-0.288691,0.617782;0.91533,-0.0147881,0.305768,-0.261646
0.882094,-0.298796,0.616705;0.914861,-0.0113725,0.299006,-0.271101
0.883465,-0.308737,0.615522;0.914257,-0.00795532,0.2922,-0.280517
0.884912,-0.319891,0.614038;0.913402,-0.00404853,0.28437,-0.291227
0.886227,-0.330813,0.61241;0.912373,-0.000140969,0.276485,-0.301882
0.887407,-0.341494,0.610636;0.911167,0.00376662,0.268547,-0.312478
0.888447,-0.351924,0.608712;0.909787,0.00767349,0.260557,-0.323014
0.889345,-0.362093,0.606635;0.908233,0.0115789,0.252517,-0.333488
0.890097,-0.371992,0.604402;0.906503,0.0154821,0.244429,-0.343899
0.890765,-0.382792,0.601701;0.90435,0.0198695,0.235274,-0.355531
0.891238,-0.393224,0.598794;0.901977,0.0242522,0.226061,-0.367077
0.891512,-0.403273,0.595678;0.899385,0.0286289,0.216794,-0.378534
0.891581,-0.412925,0.592349;0.896574,0.0329987,0.207474,-0.389899
0.891413,-0.423167,0.588394;0.893195,0.0378446,0.197059,-0.402415
0.89098,-0.432882,0.584164;0.889548,0.0426791,0.186585,-0.414811
0.890274,-0.442053,0.579653;0.885635,0.0475008,0.176056,-0.427082
0.889265,-0.450849,0.574746;0.890277,0.0483577,0.166478,-0.421134
0.887858,-0.459675,0.569132;0.898724,0.0475522,0.156615,-0.406823
0.886137,-0.467835,0.563207;0.906835,0.0467289,0.146694,-0.392361
0.883874,-0.476139,0.556286;0.91545,0.0457936,0.135607,-0.376119
0.881264,-0.483661,0.54904;0.923641,0.0448372,0.124456,-0.359704
0.878329,-0.490423,0.541501;0.931406,0.0438601,0.113249,-0.343122
0.87509,-0.496446,0.533701;0.938741,0.0428628,0.101989,-0.326383
0.871569,-0.501752,0.525671;0.945643,0.0418456,0.0906819,-0.309492
0.867789,-0.506364,0.517444;0.952108,0.0408091,0.079333,-0.292458
0.863771,-0.510302,0.509051;0.958133,0.0397538,0.0679474,-0.27529
0.859537,-0.513588,0.500523;0.963715,0.0386801,0.0565305,-0.257994
0.855109,-0.516244,0.491893;0.968853,0.0375886,0.0450875,-0.240579
0.850509,-0.518292,0.483193;0.973543,0.0364797,0.0336236,-0.223053
0.845759,-0.519753,0.474453;0.977783,0.0353539,0.0221442,-0.205424
0.840881,-0.52065,0.465705;0.981572,0.0342118,0.0106546,-0.187701
0.835896,-0.521003,0.456982;0.984908,0.033054,-0.000839891,-0.16989
0.830827,-0.520835,0.448316;0.987789,0.0318808,-0.012334,-0.152001
0.825695,-0.520167,0.439737;0.990214,0.030693,-0.0238225,-0.134042
0.820004,-0.518881,0.430439;0.992353,0.02937,-0.0364468,-0.114216
0.814293,-0.517045,0.421328;0.993937,0.0280305,-0.0490509,-0.0943257
0.808591,-0.514688,0.412447;0.994966,0.0266755,-0.0616275,-0.074383
0.802927,-0.51184,0.403836;0.995439,0.0253055,-0.0741696,-0.0543986
0.797331,-0.508529,0.39554;0.995356,0.0239214,-0.0866703,-0.0343839
0.791832,-0.504783,0.387599;0.994717,0.0225239,-0.0991226,-0.0143499
0.786458,-0.500633,0.380056;0.993522,0.0211138,-0.11152,0.00569201
0.780773,-0.495677,0.372331;0.991585,0.0195621,-0.124972,0.027552
0.77531,-0.49031,0.365185;0.988988,0.0179974,-0.138342,0.0493936
0.770108,-0.484571,0.358673;0.985734,0.0164207,-0.151619,0.0712023
0.764809,-0.477977,0.352396;0.98147,0.0147004,-0.165889,0.0947746
0.759908,-0.471036,0.346997;0.976439,0.0129686,-0.180029,0.118273
0.75513,-0.46323,0.342245;0.970169,0.0110923,-0.1951,0.143475
0.750653,-0.45455,0.338471;0.962477,0.00907083,-0.211051,0.170333
0.746691,-0.445011,0.336066;0.95317,0.00690429,-0.227823,0.198785
0.743657,-0.435271,0.335463;0.942737,0.0047296,-0.244326,0.227002
0.74164,-0.425418,0.336789;0.931189,0.00254931,-0.26054,0.254951
0.740743,-0.415915,0.340009;0.920987,0.00444932,-0.272893,0.278015
0.740883,-0.406801,0.344943;0.921229,0.0284281,-0.268189,0.280364
0.741826,-0.398387,0.350977;0.92096,0.0505475,-0.263703,0.282381
0.743319,-0.390647,0.357638;0.920297,0.0708011,-0.259472,0.284104
0.745156,-0.383569,0.364543;0.91935,0.0891872,-0.255528,0.285563
0.747409,-0.376433,0.37218;0.918075,0.107542,-0.251494,0.28692
0.749762,-0.369946,0.379614;0.916648,0.124028,-0.247786,0.288055
0.752395,-0.363386,0.387522;0.914956,0.140478,-0.244006,0.289106
0.75528,-0.356739,0.395848;0.913,0.156888,-0.240156,0.290073
0.758033,-0.350749,0.403556;0.91104,0.171437,-0.236675,0.290863
0.760945,-0.344671,0.411511;0.908871,0.185946,-0.233141,0.291586
0.763995,-0.338498,0.419674;0.906496,0.200413,-0.229553,0.292243
0.767165,-0.33222,0.428005;0.903913,0.214834,-0.225913,0.292833
0.770435,-0.325828,0.436467;0.901124,0.229207,-0.222221,0.293356
0.773785,-0.319315,0.445019;0.898129,0.243527,-0.218479,0.293812
0.777197,-0.31267,0.453623;0.89493,0.257791,-0.214686,0.294201
0.780217,-0.306741,0.461163;0.891962,0.270224,-0.211328,0.294487
0.783257,-0.300699,0.468686;0.888839,0.28261,-0.207932,0.294721
0.786303,-0.294538,0.476165;0.885561,0.294947,-0.2045,0.294903
0.789342,-0.288252,0.483576;0.882128,0.307232,-0.201033,0.295034
0.792362,-0.281835,0.490891;0.87854,0.319463,-0.19753,0.295114
0.795349,-0.275282,0.498084;0.874799,0.331639,-0.193993,0.295142
0.798291,-0.268586,0.505129;0.870906,0.343756,-0.190422,0.295118
0.801174,-0.261741,0.512;0.86686,0.355814,-0.186818,0.295043
0.803986,-0.254741,0.518671;0.862662,0.367809,-0.183181,0.294916
0.806713,-0.247581,0.525114;0.858314,0.37974,-0.179512,0.294737
0.80971,-0.239194,0.532167;0.853161,0.393294,-0.17528,0.29447
0.812561,-0.23058,0.538851;0.847813,0.406758,-0.171008,0.294136
0.815246,-0.221732,0.545125;0.842272,0.42013,-0.166698,0.293735
0.817746,-0.21264,0.550952;0.836539,0.433405,-0.162349,0.293267
0.820041,-0.203295,0.556292;0.830614,0.446582,-0.157964,0.292731
0.822112,-0.193688,0.561105;0.8245,0.459657,-0.153542,0.292129
0.823941,-0.183811,0.565353;0.818198,0.472627,-0.149085,0.29146
0.825507,-0.173655,0.568997;0.811709,0.485489,-0.144594,0.290725
0.826791,-0.16321,0.571997;0.805035,0.49824,-0.14007,0.289923
0.827774,-0.152469,0.574313;0.798177,0.510877,-0.135515,0.289056
0.828436,-0.141421,0.575908;0.791137,0.523398,-0.130928,0.288122
0.828759,-0.130059,0.576742;0.783917,0.535799,-0.126311,0.287122
0.828747,-0.119852,0.576816;0.777452,0.54655,-0.122248,0.286194
0.828448,-0.109392,0.576251;0.770851,0.557206,-0.118164,0.285215
0.827848,-0.098672,0.575021;0.764116,0.567764,-0.114058,0.284187
0.826934,-0.0876865,0.573099;0.757247,0.578223,-0.109933,0.283109
0.825693,-0.0764297,0.57046;0.750245,0.588581,-0.105789,0.281982
0.824359,-0.0665605,0.567606;0.74414,0.597377,-0.102222,0.280976
0.822773,-0.0565098,0.564199;0.737955,0.606074,-0.0986508,0.279937
0.820982,-0.0465494,0.560344;0.727634,0.621984,-0.0965051,0.27271
0.818956,-0.0364136,0.555971;0.717011,0.637635,-0.0943192,0.265369
0.816972,-0.027275,0.551672;0.707318,0.651324,-0.0923432,0.258751
0.814825,-0.0180317,0.547002;0.697391,0.664799,-0.0903368,0.252047
0.812527,-0.00869976,0.541982;0.687235,0.678055,-0.0883007,0.245261
0.810088,0.000704913,0.53663;0.676853,0.691087,-0.0862355,0.238394
0.807519,0.0101663,0.530964;0.666248,0.703893,-0.0841419,0.231448
0.805173,0.018479,0.525765;0.656789,0.714908,-0.0822873,0.225308
0.802743,0.0268121,0.520351;0.647165,0.725742,-0.080412,0.219112
0.800236,0.0351549,0.514737;0.637377,0.736394,-0.0785164,0.21286
0.79766,0.0434968,0.508935;0.627429,0.746861,-0.076601,0.206554
0.795021,0.0518271,0.502957;0.617322,0.757139,-0.0746664,0.200197
0.792327,0.0601349,0.496816;0.607061,0.767226,-0.0727129,0.193789
0.789585,0.0684096,0.490524;0.596646,0.77712,-0.0707411,0.187332
0.786802,0.0766405,0.484093;0.586081,0.786819,-0.0687514,0.180828
0.783985,0.0848168,0.477537;0.575368,0.796319,-0.0667445,0.174279
0.781142,0.0929279,0.470867;0.56451,0.805618,-0.0647207,0.167685
0.77828,0.100963,0.464097;0.55351,0.814715,-0.0626806,0.16105
0.775406,0.108912,0.457238;0.542371,0.823606,-0.0606248,0.154373
0.772528,0.116763,0.450303;0.531095,0.83229,-0.0585537,0.147658
0.769651,0.124506,0.443305;0.519685,0.840764,-0.0564678,0.140906
0.766785,0.13213,0.436256;0.508144,0.849027,-0.0543676,0.134118
0.763935,0.139624,0.429168;0.496475,0.857075,-0.0522538,0.127296
0.76111,0.146979,0.422055;0.484681,0.864907,-0.0501269,0.120443
0.758315,0.154182,0.414928;0.472765,0.872522,-0.0479873,0.113559
0.75556,0.161224,0.407799;0.46073,0.879917,-0.0458356,0.106646
0.75285,0.168093,0.400683;0.448579,0.88709,-0.0436723,0.0997066
0.750192,0.174779,0.39359;0.436315,0.894039,-0.0414981,0.0927419
0.74723,0.182183,0.38553;0.422164,0.901706,-0.0390004,0.0847538
0.744357,0.189317,0.377536;0.407875,0.909075,-0.03649,0.0767378
0.741583,0.196166,0.369627;0.393451,0.916146,-0.0339675,0.0686966
0.738921,0.202714,0.361821;0.378898,0.922915,-0.0314339,0.0606327
0.73638,0.208945,0.354138;0.36422,0.92938,-0.0288899,0.0525489
0.733681,0.215556,0.345663;0.347564,0.936288,-0.0260166,0.0434341
0.731164,0.221722,0.337393;0.330764,0.942806,-0.0231325,0.0343012
0.728846,0.227421,0.329355;0.313826,0.948932,-0.0202387,0.025154
0.726521,0.233178,0.320727;0.294852,0.955274,-0.0170135,0.0149784
0.724293,0.238775,0.311647;0.273807,0.961683,-0.0134559,0.00377646
0.722437,0.24356,0.303045;0.252592,0.967494,-0.00988979,-0.00742781
0.720762,0.248113,0.293561;0.227317,0.973585,-0.0056676,-0.0206627
0.719637,0.251606,0.28426;0.199878,0.979199,-0.00111522,-0.0348953
0.719298,0.253759,0.274382;0.166291,0.984688,0.00441374,-0.052129
0.720579,0.253041,0.264572;0.124466,0.989448,0.0112337,-0.0733081
0.724355,0.247651,0.257238;0.0783371,0.992088,0.0186734,-0.0963118
0.729521,0.239307,0.254173;0.0400644,0.992234,0.0247818,-0.11512
0.73501,0.23008,0.253844;0.00979311,0.991048,0.0295723,-0.129819
0.740349,0.220944,0.254998;-0.0144338,0.989274,0.0333803,-0.141472
0.74547,0.212098,0.256972;-0.0346155,0.987236,0.0365349,-0.151102
0.750621,0.20315,0.259567;-0.0527641,0.984968,0.0393581,-0.159703
0.755642,0.194393,0.262548;-0.0688779,0.982607,0.0418538,-0.167293
0.760387,0.186096,0.265691;-0.0829592,0.980277,0.0440263,-0.173889
0.765466,0.177198,0.269347;-0.0970195,0.977699,0.0461877,-0.180441
0.770889,0.167686,0.273529;-0.111055,0.974875,0.0483374,-0.186948
0.775814,0.159037,0.27754;-0.123064,0.972259,0.0501704,-0.192488
0.781001,0.149922,0.281954;-0.13505,0.969462,0.0519941,-0.197992
0.786454,0.140336,0.28678;-0.147011,0.966487,0.0538082,-0.203459
0.791204,0.131982,0.29112;-0.156957,0.963871,0.0553123,-0.207987
0.796145,0.123292,0.295756;-0.166884,0.96113,0.0568093,-0.212488
0.801279,0.114262,0.300691;-0.176789,0.958267,0.058299,-0.216961
0.806609,0.104888,0.305931;-0.186671,0.95528,0.0597812,-0.221407
0.812137,0.0951653,0.31148;-0.19653,0.95217,0.0612558,-0.225824
0.816704,0.0871342,0.316145;-0.204398,0.949594,0.0624297,-0.229336
0.821401,0.0788759,0.321012;-0.21225,0.94694,0.0635986,-0.23283
0.826229,0.0703884,0.326085;-0.220084,0.944208,0.0647622,-0.236305
0.83119,0.0616697,0.331365;-0.2279,0.941398,0.0659205,-0.239761
