0.768505,0.0382646,0.645146;0.572647,-0.782765,0.240764,-0.0372334
0.765776,0.0268405,0.643269;0.569852,-0.784826,0.240506,-0.0383857
0.763076,0.0155094,0.641407;0.567049,-0.786876,0.240245,-0.0395375
0.760403,0.00427084,0.639559;0.564239,-0.788916,0.239981,-0.0406887
0.757758,-0.00687532,0.637725;0.561421,-0.790945,0.239713,-0.0418394
0.755141,-0.0179294,0.635905;0.558596,-0.792963,0.239442,-0.0429896
0.752552,-0.0288918,0.634099;0.555763,-0.794971,0.239168,-0.0441391
0.749991,-0.0397627,0.632307;0.552922,-0.796968,0.238891,-0.0452881
0.747457,-0.0505424,0.63053;0.550074,-0.798954,0.23861,-0.0464365
0.74495,-0.0612313,0.628765;0.547219,-0.800929,0.238327,-0.0475842
0.742471,-0.0718296,0.627015;0.544356,-0.802894,0.23804,-0.0487313
0.740019,-0.0823376,0.625279;0.541486,-0.804848,0.23775,-0.0498777
0.737594,-0.0927557,0.623556;0.538609,-0.806791,0.237456,-0.0510235
0.735196,-0.103084,0.621847;0.535724,-0.808723,0.23716,-0.0521685
0.732825,-0.113323,0.620152;0.532832,-0.810645,0.23686,-0.0533129
0.730481,-0.123473,0.61847;0.529933,-0.812555,0.236557,-0.0544566
0.728163,-0.133534,0.616802;0.527027,-0.814455,0.236251,-0.0555995
0.725873,-0.143507,0.615148;0.524114,-0.816343,0.235942,-0.0567417
0.723608,-0.153391,0.613507;0.521194,-0.818221,0.235629,-0.0578831
0.72137,-0.163188,0.611879;0.518267,-0.820087,0.235314,-0.0590237
0.719159,-0.172897,0.610265;0.515332,-0.821943,0.234995,-0.0601636
0.715891,-0.187296,0.607869;0.510918,-0.824706,0.234511,-0.0618718
0.712681,-0.201501,0.605502;0.506488,-0.827443,0.23402,-0.0635782
0.70953,-0.215511,0.603166;0.502043,-0.830156,0.233522,-0.0652826
0.706437,-0.229327,0.600859;0.497583,-0.832843,0.233016,-0.0669851
0.703402,-0.242951,0.598582;0.493107,-0.835505,0.232504,-0.0686855
0.700423,-0.256384,0.596334;0.488617,-0.838142,0.231984,-0.0703839
0.697502,-0.269626,0.594115;0.484112,-0.840754,0.231458,-0.0720801
0.694638,-0.282679,0.591925;0.479592,-0.84334,0.230925,-0.0737742
0.691829,-0.295543,0.589764;0.475058,-0.845901,0.230384,-0.075466
0.689077,-0.30822,0.587632;0.470509,-0.848436,0.229837,-0.0771555
0.68638,-0.320711,0.585529;0.465947,-0.850945,0.229282,-0.0788427
0.683739,-0.333016,0.583454;0.46137,-0.853428,0.228721,-0.0805275
0.681152,-0.345137,0.581407;0.456779,-0.855886,0.228153,-0.0822099
0.67862,-0.357074,0.579388;0.452174,-0.858318,0.227578,-0.0838898
0.676142,-0.368829,0.577398;0.447555,-0.860724,0.226996,-0.0855671
0.673719,-0.380403,0.575435;0.442923,-0.863103,0.226407,-0.0872418
0.671348,-0.391796,0.5735;0.438278,-0.865457,0.225811,-0.088914
0.669031,-0.40301,0.571593;0.433619,-0.867785,0.225209,-0.0905834
0.666767,-0.414045,0.569713;0.428948,-0.870086,0.224599,-0.0922501
0.664556,-0.424903,0.567861;0.424263,-0.872361,0.223983,-0.0939139
0.662396,-0.435584,0.566035;0.419565,-0.874609,0.22336,-0.095575
0.660289,-0.446091,0.564237;0.414855,-0.876831,0.22273,-0.0972331
0.658233,-0.456422,0.562465;0.410132,-0.879026,0.222094,-0.0988883
0.656228,-0.466581,0.56072;0.405397,-0.881195,0.221451,-0.100541
0.654275,-0.476567,0.559002;0.400649,-0.883337,0.220801,-0.10219
0.652371,-0.486381,0.55731;0.395889,-0.885453,0.220144,-0.103836
0.649912,-0.499203,0.555095;0.389524,-0.888231,0.219258,-0.106026
0.64754,-0.511723,0.552926;0.383139,-0.890962,0.218361,-0.10821
0.645257,-0.523946,0.550804;0.376732,-0.893646,0.217451,-0.110388
0.64306,-0.535873,0.548727;0.370305,-0.89628,0.21653,-0.112561
0.640949,-0.547506,0.546695;0.363859,-0.898867,0.215598,-0.114727
0.638923,-0.558849,0.544708;0.357392,-0.901406,0.214653,-0.116887
0.636982,-0.569902,0.542766;0.350907,-0.903895,0.213697,-0.119041
0.635124,-0.58067,0.540869;0.344403,-0.906337,0.21273,-0.121188
0.633349,-0.591154,0.539015;0.33788,-0.908729,0.211751,-0.123329
0.631656,-0.601356,0.537204;0.331339,-0.911073,0.210761,-0.125464
0.630044,-0.611278,0.535437;0.32478,-0.913367,0.209759,-0.127591
0.628142,-0.623293,0.533289;0.316556,-0.916166,0.208492,-0.130241
0.626364,-0.63488,0.531206;0.308307,-0.918888,0.207206,-0.13288
0.624709,-0.646044,0.52919;0.300031,-0.921533,0.205904,-0.135508
0.623174,-0.656789,0.527238;0.29173,-0.9241,0.204583,-0.138124
0.621759,-0.66712,0.525351;0.283405,-0.92659,0.203246,-0.140728
0.620461,-0.677042,0.523527;0.275055,-0.929001,0.201892,-0.143321
0.619058,-0.688415,0.521421;0.265006,-0.931792,0.200244,-0.146417
0.617818,-0.699212,0.519405;0.254924,-0.93447,0.198572,-0.149494
0.616741,-0.709444,0.517478;0.244811,-0.937035,0.196876,-0.152554
0.615684,-0.720675,0.515339;0.232976,-0.939884,0.194868,-0.1561
0.61484,-0.731158,0.513316;0.221102,-0.942578,0.192827,-0.159621
0.61413,-0.74224,0.511145;0.207488,-0.945466,0.190456,-0.163612
0.613685,-0.752381,0.509122;0.193828,-0.948152,0.188043,-0.167568
0.613494,-0.762689,0.507018;0.178412,-0.950928,0.185281,-0.171975
0.613654,-0.772807,0.50489;0.161226,-0.95371,0.182153,-0.176817
0.614347,-0.783143,0.50262;0.140531,-0.956624,0.178318,-0.182549
0.615819,-0.792794,0.500351;0.116303,-0.959438,0.173736,-0.189124
0.619095,-0.802277,0.497791;0.0815612,-0.962361,0.166991,-0.198299
0.626688,-0.807603,0.495312;0.027512,-0.964333,0.156096,-0.21199
0.635899,-0.803429,0.494512;-0.0213879,-0.963435,0.145821,-0.223768
0.643276,-0.796169,0.494684;-0.0545458,-0.961379,0.138628,-0.231427
0.649676,-0.788106,0.495199;-0.0806782,-0.958931,0.13283,-0.237275
0.655599,-0.779558,0.495901;-0.103278,-0.956222,0.127724,-0.242198
0.661352,-0.770458,0.496748;-0.124087,-0.953239,0.122946,-0.24662
0.666846,-0.761151,0.497685;-0.143109,-0.9501,0.118514,-0.250569
0.672009,-0.751932,0.498664;-0.160352,-0.94691,0.114443,-0.25407
0.676784,-0.74305,0.499643;-0.175825,-0.943767,0.110745,-0.257149
0.681668,-0.733642,0.500712;-0.19125,-0.940366,0.107018,-0.260157
0.686655,-0.723734,0.501865;-0.206622,-0.93671,0.103262,-0.263094
0.691165,-0.71453,0.502959;-0.22024,-0.933246,0.0998992,-0.265645
0.695741,-0.704971,0.504115;-0.23381,-0.92958,0.096515,-0.268139
0.700378,-0.695077,0.505329;-0.24733,-0.925715,0.0931101,-0.270575
0.705068,-0.684867,0.506599;-0.260796,-0.92165,0.0896851,-0.272952
0.709211,-0.675688,0.507754;-0.272534,-0.917931,0.0866724,-0.274985
0.713386,-0.666295,0.508947;-0.284226,-0.91406,0.0836454,-0.276972
0.717589,-0.6567,0.510178;-0.295871,-0.910039,0.0806046,-0.278913
0.721934,-0.646638,0.51148;-0.309421,-0.904529,0.079589,-0.282404
0.725967,-0.637172,0.512715;-0.324018,-0.897588,0.0814471,-0.287602
0.730015,-0.62755,0.513979;-0.338522,-0.890385,0.0832813,-0.292715
0.734078,-0.617777,0.515272;-0.352926,-0.882922,0.0850913,-0.297744
0.738153,-0.607858,0.516594;-0.367227,-0.875202,0.0868765,-0.302686
0.742239,-0.597798,0.517944;-0.381422,-0.867226,0.0886363,-0.307539
0.746332,-0.587603,0.519321;-0.395505,-0.858997,0.0903702,-0.312303
0.750432,-0.577278,0.520725;-0.409472,-0.850518,0.0920778,-0.316975
0.754081,-0.567994,0.521995;-0.421788,-0.842773,0.0935732,-0.321051
0.757732,-0.558616,0.523285;-0.434006,-0.834833,0.0950469,-0.325053
0.761384,-0.549146,0.524594;-0.446124,-0.826701,0.0964987,-0.32898
0.765036,-0.539589,0.525923;-0.458139,-0.818378,0.0979283,-0.332831
0.768686,-0.529947,0.52727;-0.470049,-0.809866,0.0993354,-0.336605
0.772333,-0.520225,0.528636;-0.481851,-0.801168,0.100719,-0.340302
0.775976,-0.510426,0.53002;-0.493541,-0.792285,0.10208,-0.34392
0.779614,-0.500555,0.531421;-0.505118,-0.78322,0.103418,-0.347459
0.783244,-0.490613,0.532839;-0.516578,-0.773974,0.104731,-0.350918
0.786867,-0.480607,0.534274;-0.527919,-0.76455,0.106021,-0.354296
0.79048,-0.470538,0.535725;-0.539138,-0.754949,0.107286,-0.357592
0.794082,-0.46041,0.537192;-0.550233,-0.745174,0.108526,-0.360806
0.797672,-0.450228,0.538674;-0.561201,-0.735228,0.109741,-0.363937
0.801248,-0.439995,0.540171;-0.57204,-0.725112,0.110931,-0.366983
0.80481,-0.429715,0.541683;-0.582747,-0.714829,0.112095,-0.369946
0.808356,-0.41939,0.543208;-0.59332,-0.704381,0.113234,-0.372823
0.811884,-0.409026,0.544747;-0.603756,-0.693771,0.114346,-0.375614
0.815393,-0.398626,0.546299;-0.614053,-0.683001,0.115432,-0.378318
0.818883,-0.388193,0.547864;-0.624208,-0.672073,0.116492,-0.380935
0.822351,-0.37773,0.549441;-0.634219,-0.660991,0.117524,-0.383465
0.825797,-0.367243,0.551029;-0.644084,-0.649756,0.11853,-0.385906
0.829218,-0.356734,0.55263;-0.653801,-0.638371,0.119508,-0.388258
0.832614,-0.346207,0.554241;-0.663367,-0.626839,0.120459,-0.39052
0.835984,-0.335665,0.555862;-0.67278,-0.615163,0.121381,-0.392693
0.839326,-0.325113,0.557494;-0.682038,-0.603345,0.122276,-0.394775
0.842638,-0.314554,0.559135;-0.691139,-0.591388,0.123143,-0.396766
0.84592,-0.303992,0.560785;-0.70008,-0.579295,0.123981,-0.398665
0.84917,-0.29343,0.562444;-0.70886,-0.567068,0.124791,-0.400473
0.852387,-0.282872,0.564111;-0.717477,-0.55471,0.125572,-0.402188
0.855569,-0.272321,0.565786;-0.725928,-0.542224,0.126324,-0.403811
0.858715,-0.261782,0.567469;-0.734212,-0.529614,0.127047,-0.405341
0.861824,-0.251259,0.569158;-0.742327,-0.516881,0.127741,-0.406777
0.864895,-0.240754,0.570854;-0.75027,-0.504029,0.128405,-0.408119
0.867926,-0.230271,0.572557;-0.758041,-0.491061,0.129039,-0.409367
0.870916,-0.219814,0.574264;-0.765637,-0.47798,0.129644,-0.410521
0.873863,-0.209388,0.575977;-0.773056,-0.464789,0.130219,-0.411581
0.876767,-0.198994,0.577695;-0.780297,-0.45149,0.130764,-0.412545
0.879626,-0.188638,0.579417;-0.787359,-0.438088,0.131279,-0.413414
0.882438,-0.178322,0.581144;-0.794239,-0.424584,0.131763,-0.414188
0.885203,-0.168051,0.582873;-0.800935,-0.410983,0.132217,-0.414867
0.887918,-0.157828,0.584606;-0.807447,-0.397286,0.132641,-0.41545
0.890583,-0.147657,0.586341;-0.813773,-0.383499,0.133034,-0.415937
0.893197,-0.137542,0.588078;-0.819912,-0.369622,0.133397,-0.416328
0.895757,-0.127485,0.589817;-0.825861,-0.355661,0.133728,-0.416624
0.898264,-0.117491,0.591557;-0.83162,-0.341618,0.134029,-0.416823
0.900715,-0.107564,0.593299;-0.837188,-0.327496,0.134299,-0.416926
0.903108,-0.0977066,0.59504;-0.842562,-0.313298,0.134538,-0.416933
0.905444,-0.0879232,0.596782;-0.847742,-0.299028,0.134746,-0.416844
0.90772,-0.0782173,0.598523;-0.852727,-0.28469,0.134923,-0.416659
0.909935,-0.0685926,0.600263;-0.857515,-0.270285,0.135069,-0.416378
0.912353,-0.0578663,0.602219;-0.862665,-0.254006,0.135195,-0.415947
0.91469,-0.0472527,0.604172;-0.867564,-0.237653,0.135283,-0.415394
0.916945,-0.0367569,0.606123;-0.87221,-0.22123,0.135331,-0.414721
0.919115,-0.0263841,0.60807;-0.876601,-0.204743,0.135339,-0.413926
0.921199,-0.0161396,0.610013;-0.880736,-0.188196,0.135308,-0.413011
0.923195,-0.00602863,0.611951;-0.884614,-0.171594,0.135238,-0.411975
0.925101,0.00394362,0.613884;-0.888235,-0.154942,0.135128,-0.410819
0.926915,0.0137719,0.61581;-0.891596,-0.138245,0.134978,-0.409543
0.928636,0.023451,0.61773;-0.894697,-0.121508,0.134789,-0.408148
0.930435,0.0340242,0.619855;-0.897837,-0.102869,0.134534,-0.406458
0.932114,0.0443996,0.621969;-0.900653,-0.0841938,0.134229,-0.404621
0.93367,0.05457,0.624073;-0.903144,-0.0654879,0.133877,-0.402639
0.9351,0.0645283,0.626165;-0.905311,-0.0467585,0.133476,-0.400512
0.936402,0.0742672,0.628245;-0.907151,-0.0280122,0.133027,-0.398241
0.937683,0.0847182,0.630517;-0.908798,-0.0073799,0.132478,-0.395577
0.938802,0.0948855,0.632773;-0.910049,0.0132556,0.131871,-0.39274
0.939756,0.10476,0.635009;-0.910904,0.0338854,0.131206,-0.389732
0.940604,0.115186,0.637427;-0.911383,0.0563734,0.130416,-0.386257
0.941247,0.12524,0.63982;-0.91139,0.0788322,0.129559,-0.382582
0.941707,0.135696,0.642383;-0.910863,0.103116,0.128554,-0.378377
0.941915,0.145685,0.644913;-0.909783,0.127337,0.127471,-0.373941
0.941852,0.155901,0.647599;-0.907999,0.153334,0.126217,-0.36891
0.941445,0.166203,0.65043;-0.905378,0.181068,0.124776,-0.363231
0.940638,0.176217,0.653328;-0.904413,0.201616,0.118816,-0.356751
0.93926,0.186674,0.656545;-0.904171,0.220452,0.109672,-0.349068
0.937414,0.196181,0.659676;-0.903478,0.239177,0.100474,-0.341212
0.934873,0.205562,0.663013;-0.902198,0.259638,0.0902992,-0.332375
0.93153,0.214538,0.666514;-0.900182,0.28178,0.0791372,-0.322506
0.926931,0.223393,0.670399;-0.897015,0.307356,0.0660438,-0.3107
0.921243,0.231001,0.674299;-0.892651,0.334426,0.0519441,-0.297716
0.913952,0.237349,0.678364;-0.886498,0.364651,0.0358949,-0.282599
0.905385,0.241533,0.682215;-0.878595,0.396082,0.0188459,-0.26615
0.896089,0.243212,0.685561;-0.869275,0.426874,0.00176661,-0.249271
0.886212,0.242493,0.688357;-0.858554,0.456979,-0.0153156,-0.231992
0.87648,0.239706,0.690455;-0.847159,0.484735,-0.0314266,-0.215328
0.867076,0.235296,0.691916;-0.835321,0.510223,-0.046549,-0.199362
0.858137,0.229656,0.692805;-0.823256,0.533529,-0.0606728,-0.184162
0.849763,0.223132,0.693193;-0.811164,0.554742,-0.073794,-0.169789
0.842023,0.21603,0.693154;-0.799227,0.573957,-0.0859139,-0.156295
0.834957,0.208617,0.692762;-0.787612,0.591265,-0.0970376,-0.143722
0.828011,0.200415,0.692015;-0.775433,0.60815,-0.108092,-0.131045
0.821786,0.192229,0.691008;-0.763781,0.623246,-0.118157,-0.119343
0.815733,0.18343,0.689683;-0.751668,0.637966,-0.128151,-0.107568
0.810406,0.17492,0.688194;-0.740265,0.651015,-0.13717,-0.0968077
0.805272,0.165941,0.686427;-0.728492,0.663741,-0.14612,-0.0859991
0.800358,0.156512,0.684373;-0.716358,0.676136,-0.154998,-0.0751478
0.796143,0.147657,0.682275;-0.705132,0.687004,-0.162922,-0.0653494
0.792143,0.138465,0.679934;-0.693622,0.697595,-0.170781,-0.0555247
0.788378,0.12895,0.677345;-0.681832,0.707906,-0.178571,-0.0456777
0.784865,0.119126,0.674502;-0.669768,0.717931,-0.186289,-0.0358122
0.781623,0.109005,0.671401;-0.657434,0.727667,-0.193931,-0.0259323
0.778983,0.0997702,0.668423;-0.646248,0.736075,-0.200659,-0.0171413
0.776584,0.0903213,0.665232;-0.634856,0.744248,-0.207323,-0.00834485
0.774439,0.0806674,0.661826;-0.623262,0.752185,-0.213922,0.000454278
0.772561,0.0708179,0.658199;-0.611469,0.759882,-0.220452,0.00925327
0.770962,0.0607821,0.654349;-0.599482,0.767337,-0.226912,0.0180493
0.769656,0.0505693,0.650271;-0.587304,0.774548,-0.233299,0.0268396
0.768655,0.040189,0.645963;-0.574939,0.781513,-0.239613,0.0356214
0.76801,0.0304461,0.641769;-0.557461,0.791825,-0.247887,0.0283136
0.76764,0.020957,0.637555;-0.538913,0.802234,-0.25629,0.0175936
0.767504,0.0113589,0.633171;-0.520021,0.812131,-0.264528,0.00686231
0.767592,0.00166002,0.628629;-0.500797,0.821509,-0.272599,-0.00387331
0.767894,-0.00813161,0.623937;-0.481253,0.830364,-0.280495,-0.0146065
0.76835,-0.0171818,0.619513;-0.463068,0.838016,-0.287576,-0.0244372
0.768968,-0.0262968,0.614979;-0.444635,0.845218,-0.294503,-0.0342548
0.769741,-0.0354704,0.610343;-0.425964,0.851968,-0.301273,-0.044054
0.77066,-0.0446963,0.605611;-0.407064,0.85826,-0.30788,-0.0538296
0.771718,-0.0539682,0.600792;-0.387946,0.864093,-0.314323,-0.0635764
0.772906,-0.06328,0.595892;-0.36862,0.869463,-0.320597,-0.0732891
0.774217,-0.0726253,0.59092;-0.349097,0.874366,-0.3267,-0.0829625
0.775642,-0.0819979,0.585882;-0.329386,0.878801,-0.332627,-0.0925915
0.777174,-0.0913915,0.580786;-0.309499,0.882765,-0.338376,-0.102171
0.778804,-0.1008,0.57564;-0.289446,0.886255,-0.343943,-0.111695
0.780525,-0.110217,0.570451;-0.269238,0.889271,-0.349327,-0.12116
0.782327,-0.119636,0.565226;-0.248885,0.891809,-0.354522,-0.13056
0.784204,-0.129051,0.559973;-0.2284,0.89387,-0.359528,-0.139889
0.786148,-0.138456,0.554699;-0.207791,0.895452,-0.364342,-0.149144
0.788149,-0.147844,0.549411;-0.187071,0.896554,-0.36896,-0.158319
0.790201,-0.15721,0.544118;-0.166251,0.897175,-0.37338,-0.167409
0.792294,-0.166547,0.538826;-0.145342,0.897315,-0.3776,-0.176409
0.794422,-0.175848,0.533543;-0.124355,0.896974,-0.381617,-0.185315
0.796576,-0.185108,0.528277;-0.103302,0.896152,-0.38543,-0.194121
0.798748,-0.19432,0.523034;-0.0821926,0.89485,-0.389037,-0.202823
0.800929,-0.203478,0.517822;-0.0610395,0.893069,-0.392435,-0.211417
0.803113,-0.212575,0.51265;-0.0398537,0.890809,-0.395622,-0.219897
0.805291,-0.221607,0.507523;-0.0186465,0.888071,-0.398598,-0.22826
0.807454,-0.230565,0.50245;0.00257066,0.884857,-0.40136,-0.2365
0.809595,-0.239444,0.497438;0.0237865,0.881169,-0.403906,-0.244613
0.811706,-0.248238,0.492494;0.0449895,0.877008,-0.406237,-0.252595
0.813779,-0.25694,0.487626;0.0661684,0.872378,-0.408349,-0.260442
0.815805,-0.265545,0.482841;0.0873119,0.86728,-0.410243,-0.268149
0.817954,-0.274812,0.477725;0.110324,0.861188,-0.412057,-0.276393
0.820027,-0.283948,0.472727;0.133265,0.854547,-0.41361,-0.28446
0.822015,-0.292943,0.467856;0.156122,0.847361,-0.414898,-0.292346
0.823906,-0.301791,0.463121;0.178878,0.839634,-0.415921,-0.300045
0.825836,-0.311198,0.458158;0.203403,0.830659,-0.416731,-0.30817
0.827626,-0.320412,0.45338;0.227774,0.821062,-0.417228,-0.316064
0.829266,-0.329422,0.448797;0.251976,0.810851,-0.417413,-0.323722
0.830847,-0.338885,0.444096;0.277827,0.799175,-0.417263,-0.331697
0.83222,-0.348086,0.439653;0.303437,0.786806,-0.41675,-0.339385
0.833443,-0.357639,0.435195;0.330584,0.772795,-0.4158,-0.347294
0.834388,-0.366861,0.43107;0.357401,0.758014,-0.414435,-0.354858
0.835066,-0.376315,0.427056;0.385612,0.741415,-0.412524,-0.362535
0.835388,-0.385906,0.423255;0.415107,0.722858,-0.40998,-0.370242
0.835249,-0.395526,0.419779;0.445757,0.702201,-0.406715,-0.377885
0.834526,-0.405053,0.41676;0.477415,0.679304,-0.402636,-0.385364
0.832993,-0.414796,0.414244;0.511515,0.652735,-0.397379,-0.392913
0.830363,-0.424469,0.412536;0.547713,0.622174,-0.39073,-0.4003
0.826293,-0.433735,0.411999;0.585602,0.587304,-0.382466,-0.407265
0.820625,-0.441914,0.41299;0.623284,0.549317,-0.372748,-0.413312
0.81322,-0.448684,0.415722;0.646497,0.558059,-0.34811,-0.386564
0.804912,-0.453508,0.419812;0.665626,0.570264,-0.322714,-0.357207
0.796431,-0.456538,0.424698;0.681849,0.580361,-0.299059,-0.32989
0.787707,-0.458188,0.430283;0.696206,0.589054,-0.276123,-0.303428
0.779466,-0.458627,0.435993;0.708162,0.59608,-0.255248,-0.279362
0.771425,-0.458126,0.441929;0.718635,0.602035,-0.235319,-0.256403
0.763194,-0.456721,0.448362;0.728339,0.607347,-0.215138,-0.23317
0.755377,-0.454568,0.454803;0.736729,0.611737,-0.196009,-0.211162
0.748055,-0.451815,0.461136;0.743935,0.615315,-0.177989,-0.190442
0.740765,-0.448334,0.467747;0.750532,0.618389,-0.159823,-0.169566
0.734072,-0.44444,0.474108;0.756108,0.620791,-0.142837,-0.150056
0.727498,-0.439898,0.480656;0.76115,0.622754,-0.12575,-0.130441
0.721087,-0.434699,0.487366;0.765654,0.624278,-0.108575,-0.110733
0.715353,-0.42931,0.493682;0.769333,0.625293,-0.0926519,-0.0924719
0.70983,-0.423347,0.500094;0.772548,0.625933,-0.0766736,-0.0741549
0.704553,-0.416803,0.506583;0.775299,0.626195,-0.060649,-0.0557933
0.699558,-0.409669,0.513128;0.777583,0.626081,-0.044588,-0.0373981
0.695256,-0.402608,0.51916;0.779266,0.625646,-0.0298417,-0.0205159
0.691247,-0.39504,0.525207;0.780556,0.624894,-0.0150802,-0.00362322
0.687556,-0.38696,0.531254;0.78145,0.623826,-0.00031111,0.0132713
0.684501,-0.379166,0.536739;0.781921,0.622582,0.0131157,0.0286243
0.681752,-0.370941,0.542199;0.782065,0.621078,0.026537,0.0439653
0.679329,-0.36228,0.547623;0.781882,0.619314,0.0399472,0.059288
0.677252,-0.353179,0.553;0.781372,0.617292,0.0533407,0.0745859
0.675542,-0.343634,0.558317;0.780536,0.615011,0.0667119,0.0898527
0.674333,-0.33466,0.563043;0.779505,0.612739,0.0787224,0.103561
0.673452,-0.325321,0.567703;0.77821,0.61026,0.0907062,0.117234
0.672913,-0.315612,0.572289;0.776652,0.607574,0.102659,0.130867
0.672732,-0.305531,0.576792;0.774831,0.604683,0.114578,0.144457
0.672883,-0.296256,0.58072;0.772992,0.601941,0.125139,0.156495
0.673338,-0.286682,0.584569;0.770947,0.599038,0.135668,0.168492
0.674107,-0.276807,0.588335;0.768695,0.595975,0.14616,0.180443
0.675201,-0.26663,0.592011;0.766238,0.592752,0.156612,0.192346
0.676631,-0.256147,0.595591;0.763576,0.589371,0.167023,0.204198
0.678164,-0.246724,0.598641;0.761079,0.586284,0.176097,0.214524
0.67997,-0.237063,0.60161;0.758426,0.583076,0.185134,0.224805
0.682053,-0.227165,0.604492;0.755618,0.579749,0.194133,0.235041
0.684422,-0.217027,0.607286;0.752656,0.576303,0.203092,0.245229
0.687082,-0.206649,0.609985;0.749539,0.57274,0.21201,0.255366
0.690042,-0.196028,0.612588;0.746269,0.569059,0.220884,0.265451
0.693308,-0.185164,0.615088;0.742846,0.565261,0.229714,0.275482
0.696356,-0.175657,0.617148;0.739792,0.561914,0.237244,0.284035
0.699638,-0.165969,0.619128;0.736625,0.558483,0.244739,0.292545
0.703159,-0.156099,0.621025;0.733348,0.554967,0.252197,0.301012
0.706922,-0.146047,0.622838;0.729961,0.551368,0.259617,0.309433
0.710933,-0.13581,0.624563;0.726464,0.547686,0.266998,0.317807
0.715196,-0.12539,0.626198;0.722858,0.543922,0.274339,0.326134
0.719714,-0.114784,0.627741;0.719143,0.540076,0.281639,0.334412
0.724493,-0.103991,0.629189;0.71532,0.536149,0.288896,0.342639
0.728677,-0.0948544,0.630321;0.712052,0.532814,0.294911,0.349456
0.733048,-0.0855872,0.631384;0.708709,0.529424,0.300894,0.356236
0.737607,-0.076189,0.632376;0.705292,0.525979,0.306847,0.362979
0.742358,-0.0666592,0.633297;0.701802,0.522479,0.312767,0.369684
0.747303,-0.0569973,0.634144;0.698239,0.518924,0.318655,0.376351
0.752444,-0.0472028,0.634916;0.694602,0.515315,0.324509,0.382978
0.757784,-0.0372752,0.635612;0.690893,0.511652,0.33033,0.389565
0.763325,-0.027214,0.63623;0.687112,0.507936,0.336116,0.396112
0.76907,-0.0170186,0.636769;0.683259,0.504166,0.341867,0.402617
0.775022,-0.00668854,0.637228;0.679335,0.500344,0.347582,0.40908
0.781183,0.00377671,0.637604;0.67534,0.49647,0.353261,0.415501
0.787555,0.0143777,0.637896;0.671274,0.492544,0.358903,0.421878
0.792806,0.0229565,0.638069;0.667971,0.489366,0.363389,0.426948
0.798196,0.0316228,0.638187;0.664623,0.486155,0.367851,0.431989
0.803726,0.0403768,0.638249;0.661231,0.482912,0.372289,0.437002
0.809173,0.0488741,0.638255;0.657929,0.479764,0.376531,0.441792
