0.71795,0.163374,0.472464;0.817893,-0.141786,0.480192,0.283485
0.723028,0.175406,0.47109;0.821306,-0.141509,0.476071,0.28069
0.728026,0.187219,0.469738;0.82469,-0.141227,0.471933,0.277886
0.732945,0.198814,0.468409;0.828043,-0.14094,0.467778,0.275071
0.737784,0.210192,0.467101;0.831367,-0.140648,0.463605,0.272246
0.742546,0.221355,0.465815;0.834659,-0.14035,0.459416,0.269411
0.74723,0.232305,0.464551;0.837922,-0.140048,0.45521,0.266567
0.751837,0.243042,0.463308;0.841154,-0.13974,0.450987,0.263712
0.756368,0.253569,0.462087;0.844355,-0.139427,0.446748,0.260848
0.760822,0.263886,0.460887;0.847525,-0.139109,0.442492,0.257975
0.765202,0.273996,0.459708;0.850664,-0.138786,0.438221,0.255092
0.769506,0.2839,0.45855;0.853772,-0.138458,0.433933,0.252199
0.773737,0.293598,0.457412;0.856849,-0.138125,0.429629,0.249298
0.777894,0.303094,0.456296;0.859895,-0.137787,0.42531,0.246387
0.781978,0.312387,0.455199;0.862909,-0.137444,0.420975,0.243468
0.787311,0.324467,0.453768;0.866879,-0.136978,0.415172,0.239561
0.792517,0.336194,0.452373;0.870793,-0.136504,0.409341,0.235639
0.797597,0.347571,0.451013;0.874651,-0.136021,0.403484,0.231701
0.802552,0.358603,0.449688;0.878451,-0.135529,0.3976,0.227749
0.807384,0.369292,0.448397;0.882194,-0.135028,0.391691,0.223782
0.812094,0.379643,0.44714;0.885881,-0.134519,0.385757,0.2198
0.816683,0.389658,0.445916;0.889509,-0.134,0.379797,0.215804
0.821154,0.399341,0.444726;0.89308,-0.133473,0.373813,0.211794
0.825506,0.408695,0.443568;0.896593,-0.132938,0.367804,0.20777
0.829743,0.417725,0.442443;0.900048,-0.132393,0.361772,0.203733
0.834877,0.42856,0.441082;0.904284,-0.131701,0.354198,0.198667
0.839833,0.4389,0.439769;0.908429,-0.130995,0.346589,0.193582
0.844616,0.44875,0.438505;0.912481,-0.130276,0.338944,0.188477
0.849226,0.458119,0.437289;0.916441,-0.129544,0.331265,0.183353
0.853668,0.467013,0.43612;0.920307,-0.128799,0.323553,0.17821
0.858779,0.477067,0.434777;0.924824,-0.127887,0.314254,0.172015
0.863655,0.486459,0.4335;0.929206,-0.126956,0.30491,0.165795
0.869052,0.496594,0.43209;0.934147,-0.125847,0.293952,0.158507
0.874144,0.505862,0.430765;0.938901,-0.124713,0.282936,0.151188
0.879597,0.515415,0.429352;0.944107,-0.123387,0.270277,0.142787
0.885279,0.524872,0.427887;0.94967,-0.121857,0.255952,0.133291
0.891048,0.533823,0.426409;0.955485,-0.120109,0.239937,0.122689
0.897244,0.542476,0.424835;0.961951,-0.117948,0.220591,0.109902
0.903928,0.550224,0.42316;0.969242,-0.11515,0.196229,0.0938276
0.91204,0.555879,0.421175;0.978703,-0.110657,0.158533,0.0690194
0.919951,0.551368,0.419361;0.989063,-0.103366,0.100545,0.0310016
0.922544,0.541338,0.418862;0.993062,-0.0985183,0.0638205,0.00701378
0.923432,0.530957,0.418765;0.994746,-0.0948705,0.0370292,-0.0104432
0.923605,0.520783,0.418831;0.995353,-0.0918339,0.0152317,-0.0246199
0.923372,0.510119,0.418995;0.995308,-0.088975,-0.0048987,-0.0376913
0.922858,0.499352,0.419222;0.994756,-0.0863086,-0.0233493,-0.0496542
0.922168,0.488804,0.419486;0.993831,-0.0838479,-0.0401129,-0.0605086
0.921383,0.478739,0.419765;0.992653,-0.081604,-0.0551864,-0.0702567
0.920459,0.468173,0.420079;0.991148,-0.0793334,-0.0702418,-0.0799818
0.919411,0.457146,0.420422;0.989318,-0.0770367,-0.0852741,-0.0896805
0.918409,0.447191,0.420742;0.987979,-0.0711255,-0.0971962,-0.0969127
0.91731,0.436701,0.421087;0.989502,-0.0378976,-0.101261,-0.0958969
0.916215,0.426597,0.421424;0.989919,-0.00670709,-0.104969,-0.0948467
0.915062,0.416243,0.421774;0.989359,0.0244901,-0.108573,-0.0937027
0.913857,0.40565,0.422134;0.987822,0.0556631,-0.11207,-0.0924662
0.912689,0.395557,0.422478;0.985506,0.0847089,-0.115234,-0.0912297
0.911482,0.385273,0.422829;0.982343,0.113682,-0.118299,-0.0899147
0.91024,0.374808,0.423185;0.978334,0.142557,-0.121262,-0.0885223
0.908968,0.364169,0.423546;0.973483,0.171309,-0.12412,-0.0870537
0.907761,0.354143,0.423883;0.968228,0.197876,-0.126679,-0.0856229
0.906533,0.343982,0.424222;0.962255,0.224297,-0.129144,-0.0841286
0.905288,0.333693,0.424562;0.955568,0.250551,-0.131513,-0.0825719
0.904027,0.323284,0.424902;0.948172,0.276619,-0.133785,-0.0809539
0.902754,0.31276,0.42524;0.940072,0.302481,-0.135957,-0.0792758
0.901472,0.30213,0.425575;0.931275,0.32812,-0.138028,-0.0775389
0.900184,0.2914,0.425908;0.921787,0.353514,-0.139997,-0.0757444
0.898991,0.281412,0.426211;0.912421,0.376723,-0.141722,-0.0740381
0.897798,0.271351,0.42651;0.902479,0.399694,-0.143358,-0.072285
0.896606,0.261221,0.426803;0.891966,0.422412,-0.144903,-0.0704861
0.895419,0.251029,0.42709;0.880889,0.444863,-0.146356,-0.0686427
0.894238,0.240779,0.427371;0.869255,0.467033,-0.147717,-0.0667559
0.893065,0.230477,0.427644;0.857071,0.488907,-0.148984,-0.0648269
0.891903,0.220129,0.427909;0.844345,0.510473,-0.150158,-0.0628569
0.890754,0.20974,0.428165;0.831086,0.531715,-0.151236,-0.0608472
0.88962,0.199316,0.428411;0.817301,0.552622,-0.152219,-0.058799
0.888504,0.188861,0.428646;0.803,0.573179,-0.153105,-0.0567136
0.887408,0.178383,0.42887;0.788191,0.593373,-0.153895,-0.0545924
0.886334,0.167885,0.429082;0.772883,0.613193,-0.154587,-0.0524366
0.885285,0.157373,0.42928;0.757087,0.632624,-0.155182,-0.0502477
0.884262,0.146854,0.429466;0.740812,0.651656,-0.155678,-0.048027
0.883269,0.136331,0.429636;0.724068,0.670276,-0.156076,-0.0457759
0.882307,0.125812,0.429791;0.706867,0.688472,-0.156375,-0.043496
0.881378,0.115301,0.429931;0.689219,0.706233,-0.156576,-0.0411885
0.880485,0.104804,0.430053;0.671135,0.723547,-0.156677,-0.0388549
0.879631,0.0943264,0.430158;0.652627,0.740403,-0.15668,-0.0364968
0.878817,0.0838734,0.430245;0.633706,0.756792,-0.156583,-0.0341156
0.878046,0.0734507,0.430312;0.614385,0.772702,-0.156388,-0.0317129
0.87732,0.0630636,0.43036;0.594675,0.788123,-0.156093,-0.0292901
0.876641,0.0527178,0.430386;0.574589,0.803047,-0.1557,-0.0268488
0.876012,0.0424186,0.430392;0.55414,0.817462,-0.155208,-0.0243905
0.875435,0.0321716,0.430375;0.533341,0.831361,-0.154619,-0.0219168
0.874912,0.0219822,0.430335;0.512204,0.844734,-0.153931,-0.0194292
0.874446,0.011856,0.430271;0.490743,0.857573,-0.153146,-0.0169294
0.874038,0.00179824,0.430183;0.468972,0.869869,-0.152265,-0.0144188
0.873666,-0.00901388,0.430059;0.445053,0.88257,-0.151201,-0.0116888
0.873368,-0.0197321,0.429904;0.420804,0.894615,-0.150025,-0.00895011
0.873147,-0.0303496,0.429718;0.396242,0.905997,-0.148738,-0.00620479
0.873007,-0.0408592,0.429499;0.371386,0.916707,-0.14734,-0.00345486
0.87295,-0.0512541,0.429246;0.346255,0.926736,-0.145833,-0.000702374
0.872979,-0.0615273,0.428958;0.320866,0.936078,-0.144218,0.00205064
0.873098,-0.0716719,0.428635;0.29524,0.944725,-0.142496,0.00480213
0.873308,-0.0816808,0.428276;0.269395,0.952671,-0.140668,0.00755005
0.873641,-0.0922999,0.427846;0.241338,0.960438,-0.138582,0.010503
0.874088,-0.102745,0.427372;0.213074,0.967378,-0.136378,0.013447
0.874652,-0.113007,0.426852;0.184626,0.973485,-0.134056,0.0163794
0.875336,-0.123078,0.426284;0.15602,0.978755,-0.131619,0.0192976
0.876209,-0.133646,0.425623;0.125222,0.983467,-0.128882,0.0224059
0.877243,-0.144124,0.424893;0.124846,0.983889,-0.126129,0.0216237
0.878546,-0.15532,0.424029;0.131768,0.983404,-0.12313,0.0198346
0.880017,-0.16621,0.423104;0.138682,0.982859,-0.120122,0.0180444
0.881646,-0.176788,0.422121;0.145588,0.982255,-0.117108,0.0162531
0.883425,-0.187052,0.421088;0.152485,0.981592,-0.114086,0.0144608
0.885344,-0.196996,0.420009;0.159373,0.98087,-0.111058,0.0126677
0.887926,-0.208973,0.418602;0.16797,0.979884,-0.107263,0.0104252
0.890696,-0.220436,0.417143;0.17655,0.978805,-0.103457,0.0081817
0.893636,-0.23138,0.415641;0.185114,0.977634,-0.0996425,0.00593744
0.896729,-0.241796,0.414105;0.193661,0.976371,-0.0958182,0.00369262
0.899955,-0.251675,0.412548;0.202189,0.975016,-0.0919849,0.00144746
0.903299,-0.261011,0.410978;0.210698,0.973569,-0.0881429,-0.000797847
0.90744,-0.271486,0.409093;0.220883,0.971711,-0.0835215,-0.00349209
0.911694,-0.281153,0.407222;0.231037,0.969722,-0.0788888,-0.00618587
0.916029,-0.289998,0.405385;0.241161,0.9676,-0.0742454,-0.0088788
0.921149,-0.299262,0.403307;0.25293,0.964959,-0.0688154,-0.012019
0.927024,-0.30843,0.401053;0.266322,0.961723,-0.0625942,-0.0156051
0.933574,-0.316897,0.398722;0.281312,0.957804,-0.0555774,-0.0196348
0.94066,-0.323958,0.396457;0.297867,0.953107,-0.047761,-0.0241052
0.949343,-0.329341,0.394154;0.319219,0.946464,-0.0375733,-0.0299029
0.959314,-0.329697,0.392518;0.346832,0.936866,-0.0242157,-0.0374552
0.966692,-0.322857,0.392736;0.372475,0.9269,-0.0116195,-0.0445261
0.970593,-0.313004,0.394227;0.391474,0.918838,-0.00216434,-0.0498014
0.972435,-0.302884,0.396187;0.405583,0.912464,0.00492809,-0.0537403
0.973193,-0.29247,0.398452;0.413591,0.909128,0.0109956,-0.0480467
0.973254,-0.281313,0.401047;0.420139,0.906396,0.0166877,-0.0406306
0.972843,-0.270796,0.4036;0.425706,0.903955,0.0215649,-0.0342695
0.972034,-0.259514,0.406421;0.43123,0.901423,0.0264398,-0.0279048
0.971077,-0.249604,0.408956;0.435799,0.899243,0.0305003,-0.0225988
0.969882,-0.239299,0.411638;0.440338,0.897,0.0345586,-0.0172912
0.968464,-0.22866,0.414449;0.444846,0.894694,0.0386145,-0.0119823
0.966841,-0.217751,0.417371;0.449323,0.892325,0.0426677,-0.00667261
0.96503,-0.206633,0.420385;0.453768,0.889893,0.0467179,-0.00136245
0.963047,-0.195368,0.423475;0.458182,0.887399,0.0507648,0.0039478
0.960909,-0.184018,0.426621;0.462563,0.884842,0.0548081,0.00925778
0.958633,-0.172646,0.429805;0.466911,0.882224,0.0588476,0.0145671
0.956236,-0.161314,0.43301;0.471227,0.879543,0.0628829,0.0198754
0.953734,-0.150084,0.436217;0.47551,0.8768,0.0669138,0.0251823
0.951145,-0.139018,0.439408;0.479759,0.873996,0.07094,0.0304875
0.948485,-0.128178,0.442565;0.483975,0.87113,0.0749613,0.0357905
0.945771,-0.117626,0.44567;0.488156,0.868204,0.0789772,0.0410909
0.943019,-0.107425,0.448705;0.492304,0.865216,0.0829876,0.0463885
0.940248,-0.0976371,0.451652;0.496416,0.862167,0.0869922,0.0516829
0.937473,-0.0883238,0.454492;0.500494,0.859058,0.0909907,0.0569736
0.934162,-0.0778621,0.457734;0.505341,0.855247,0.0957804,0.0633171
0.930899,-0.0682813,0.460766;0.510137,0.85135,0.10056,0.0696542
0.927192,-0.05836,0.463994;0.515667,0.846694,0.106124,0.0770385
0.923143,-0.0488872,0.467217;0.521899,0.84123,0.112465,0.0854647
0.918465,-0.0402178,0.470436;0.529558,0.834188,0.120362,0.0959757
0.911205,-0.0351439,0.473583;0.543698,0.820164,0.135272,0.11587
0.907347,-0.0441947,0.472676;0.546422,0.818744,0.138082,0.109615
0.906072,-0.0546826,0.470766;0.540683,0.826161,0.131952,0.0878005
0.905434,-0.0646477,0.468832;0.536267,0.831285,0.127407,0.071769
0.905015,-0.0752578,0.466742;0.532102,0.83571,0.123239,0.0571747
0.904733,-0.0859894,0.46463;0.528232,0.839501,0.119459,0.0440266
0.90453,-0.0964113,0.462597;0.524696,0.842719,0.116078,0.0323313
0.90435,-0.107614,0.460444;0.52107,0.845792,0.112676,0.0206305
0.904193,-0.118019,0.458479;0.517825,0.848363,0.109684,0.0103893
0.90402,-0.128952,0.456456;0.514511,0.850822,0.106678,0.000146717
0.903818,-0.140381,0.454391;0.51113,0.85317,0.103658,-0.0100958
0.903609,-0.150548,0.452599;0.508179,0.855094,0.101058,-0.0188742
0.903358,-0.161035,0.450799;0.505179,0.856935,0.098449,-0.0276507
0.903054,-0.171823,0.448999;0.50213,0.858694,0.0958301,-0.0364246
0.90269,-0.18289,0.44721;0.499033,0.86037,0.0932021,-0.0451949
0.902254,-0.194216,0.445442;0.495888,0.861964,0.0905651,-0.0539609
0.901738,-0.205782,0.443706;0.492695,0.863474,0.0879194,-0.0627218
0.901132,-0.217566,0.44201;0.489455,0.864902,0.0852652,-0.0714765
0.900551,-0.227539,0.440636;0.486719,0.866028,0.0830472,-0.078767
0.899896,-0.237638,0.439304;0.48395,0.867096,0.0808235,-0.0860522
0.899162,-0.247851,0.438019;0.481149,0.868106,0.0785945,-0.0933316
0.898341,-0.258166,0.436787;0.478316,0.869058,0.0763602,-0.100605
0.897431,-0.268572,0.435614;0.475451,0.869952,0.0741208,-0.107871
0.896423,-0.279057,0.434506;0.472554,0.870788,0.0718765,-0.11513
0.895315,-0.289609,0.433469;0.469625,0.871566,0.0696273,-0.122382
0.894099,-0.300217,0.432508;0.466665,0.872285,0.0673735,-0.129625
0.89277,-0.310868,0.43163;0.463674,0.872946,0.0651152,-0.13686
0.891323,-0.321551,0.43084;0.460652,0.873549,0.0628526,-0.144086
0.889752,-0.332253,0.430144;0.457599,0.874094,0.0605857,-0.151302
0.888053,-0.342965,0.429548;0.454516,0.87458,0.0583148,-0.158507
0.886219,-0.353672,0.429057;0.451402,0.875007,0.05604,-0.165703
0.884245,-0.364365,0.428678;0.448258,0.875377,0.0537614,-0.172887
0.882125,-0.37503,0.428417;0.445084,0.875687,0.0514793,-0.180059
0.879855,-0.385657,0.428279;0.441881,0.875939,0.0491937,-0.18722
0.877428,-0.396232,0.42827;0.438648,0.876133,0.0469049,-0.194368
0.874839,-0.406746,0.428396;0.435385,0.876268,0.0446129,-0.201503
0.872083,-0.417185,0.428663;0.432094,0.876345,0.0423179,-0.208625
0.869154,-0.427539,0.429076;0.428773,0.876363,0.0400201,-0.215733
0.866047,-0.437795,0.429642;0.425424,0.876322,0.0377196,-0.222826
0.862756,-0.447941,0.430366;0.422046,0.876223,0.0354166,-0.229904
0.859276,-0.457966,0.431254;0.418641,0.876065,0.0331112,-0.236967
0.855601,-0.467858,0.432313;0.415207,0.875849,0.0308036,-0.244014
0.851726,-0.477606,0.433547;0.411746,0.875574,0.028494,-0.251045
0.847646,-0.487197,0.434962;0.408257,0.875241,0.0261824,-0.258059
0.843354,-0.496619,0.436566;0.40474,0.874849,0.0238692,-0.265056
0.838846,-0.505862,0.438362;0.401197,0.874399,0.0215543,-0.272035
0.834116,-0.514912,0.440358;0.397627,0.87389,0.0192379,-0.278996
0.829158,-0.523759,0.442559;0.39403,0.873323,0.0169203,-0.285939
0.823968,-0.532391,0.444971;0.390407,0.872698,0.0146016,-0.292862
