0.790439,-0.177968,0.570679;0.492272,0.860667,0.0736204,-0.10724
0.786684,-0.187932,0.57241;0.503952,0.854652,0.0713522,-0.10252
0.783043,-0.1976,0.574073;0.515531,0.848467,0.0690696,-0.0977791
0.779515,-0.206977,0.57567;0.527007,0.842112,0.0667733,-0.093019
0.775539,-0.217553,0.57745;0.540262,0.834485,0.0640774,-0.087442
0.771713,-0.227741,0.579141;0.55337,0.82663,0.061364,-0.0818412
0.768033,-0.237546,0.580746;0.566328,0.818551,0.058634,-0.0762182
0.764499,-0.246975,0.582266;0.579131,0.810249,0.0558879,-0.0705744
0.760635,-0.257296,0.5839;0.59357,0.800491,0.052731,-0.0641009
0.756956,-0.26714,0.585426;0.607798,0.790448,0.0495554,-0.0576046
0.753457,-0.276513,0.586846;0.62181,0.780124,0.0463621,-0.0510878
0.749734,-0.286506,0.58832;0.637308,0.768178,0.04275,-0.0437348
0.746231,-0.295924,0.589665;0.65252,0.755887,0.0391187,-0.0363622
0.742593,-0.30573,0.591012;0.669078,0.741831,0.0350633,-0.0281513
0.738893,-0.315732,0.592319;0.686861,0.725894,0.03058,-0.0191014
0.735209,-0.325728,0.593542;0.705735,0.707951,0.0256657,-0.00921439
0.73162,-0.33551,0.594635;0.725543,0.687875,0.0203189,0.00150461
0.727982,-0.345487,0.595608;0.747551,0.663909,0.0141261,0.0138703
0.724488,-0.355157,0.596353;0.771363,0.635746,0.00708672,0.027863
0.721051,-0.364811,0.596777;0.799063,0.599552,-0.00162352,0.0450838
0.717726,-0.374469,0.596495;0.835224,0.545322,-0.0140545,0.069483
0.716682,-0.379668,0.591679;0.908553,0.394338,-0.0454918,0.130231
0.720242,-0.371764,0.586675;0.937703,0.299766,-0.0632368,0.163876
0.723846,-0.363211,0.582803;0.950919,0.236965,-0.0743081,0.184605
0.727482,-0.354399,0.579296;0.9585,0.184142,-0.0832103,0.201112
0.731081,-0.345575,0.576047;0.962618,0.137433,-0.0907823,0.215029
0.734818,-0.336342,0.572831;0.964348,0.0926331,-0.0977872,0.227795
0.738399,-0.327442,0.569861;0.964072,0.0521346,-0.103906,0.238852
0.74215,-0.318074,0.566843;0.962062,0.0115422,-0.109838,0.249479
0.74572,-0.309128,0.564046;0.958686,-0.0257861,-0.115116,0.25885
0.749379,-0.299926,0.561243;0.95494,0.00638109,-0.136828,0.263302
0.753114,-0.290523,0.558446;0.949722,0.0385384,-0.158328,0.267348
0.756685,-0.281534,0.555829;0.943475,0.0687508,-0.178342,0.27078
0.760299,-0.272452,0.553234;0.935941,0.0988694,-0.198112,0.273843
0.763945,-0.263318,0.550671;0.927131,0.128853,-0.217612,0.276533
0.767612,-0.254174,0.548148;0.917055,0.158661,-0.236816,0.278845
0.771288,-0.245062,0.545673;0.905729,0.188253,-0.255696,0.280776
0.774962,-0.236023,0.543255;0.893167,0.217587,-0.274227,0.282325
0.778851,-0.226546,0.540757;0.878486,0.248429,-0.293506,0.283548
0.782711,-0.217248,0.538344;0.862451,0.278889,-0.312334,0.284335
0.78653,-0.20818,0.536025;0.845089,0.308919,-0.33068,0.284684
0.790512,-0.198884,0.533683;0.825287,0.340196,-0.34955,0.284575
0.79463,-0.189476,0.531352;0.80284,0.372572,-0.368812,0.283928
0.798643,-0.180552,0.529179;0.778849,0.404232,-0.387366,0.282734
0.802931,-0.171336,0.526978;0.750592,0.438317,-0.407004,0.280782
0.807233,-0.162509,0.52492;0.719098,0.472919,-0.42655,0.27803
0.811847,-0.153643,0.522914;0.681063,0.510755,-0.447424,0.274033
0.816778,-0.145109,0.521075;0.634111,0.552505,-0.469768,0.268253
0.822587,-0.137018,0.519511;0.566529,0.604717,-0.49648,0.258592
0.830684,-0.13463,0.519933;0.42018,0.693054,-0.537236,0.233457
0.833016,-0.143934,0.522895;0.321938,0.737219,-0.554136,0.214005
0.833286,-0.153652,0.52568;0.39603,0.719566,-0.540591,0.182061
0.832949,-0.163381,0.528407;0.456887,0.700303,-0.526149,0.154913
0.832267,-0.173265,0.531167;0.509507,0.68004,-0.510953,0.129909
0.831347,-0.183135,0.533936;0.556258,0.658897,-0.495094,0.10636
0.830228,-0.193077,0.536752;0.599269,0.636509,-0.478298,0.0834482
0.828959,-0.202868,0.539563;0.638641,0.613212,-0.460818,0.061285
0.827515,-0.212777,0.542459;0.676167,0.588142,-0.442006,0.0389447
0.825916,-0.222651,0.545411;0.71174,0.561374,-0.421917,0.0164918
0.824181,-0.232338,0.548388;0.745255,0.532983,-0.400609,-0.0060087
0.822241,-0.2421,0.551496;0.777991,0.501656,-0.377095,-0.0295123
0.820104,-0.2517,0.554698;0.809528,0.46728,-0.351291,-0.0539374
0.817685,-0.261199,0.558077;0.840548,0.428229,-0.321976,-0.0801859
0.814898,-0.270386,0.561676;0.871141,0.382642,-0.287751,-0.109077
0.811469,-0.279014,0.565688;0.902227,0.325085,-0.244537,-0.143202
0.806303,-0.285654,0.570823;0.936683,0.233547,-0.175803,-0.192806
0.800271,-0.280206,0.575074;0.957612,0.114268,-0.0862295,-0.249971
0.797569,-0.270589,0.576078;0.958765,0.0533191,-0.0404549,-0.276207
0.795785,-0.260306,0.576261;0.955688,0.00875199,-0.00698209,-0.29417
0.7945,-0.250051,0.576051;0.95092,-0.0265592,0.0195399,-0.307675
0.793514,-0.239889,0.575615;0.945315,-0.0562536,0.041844,-0.318535
0.79273,-0.229802,0.57503;0.939224,-0.0821672,0.0613087,-0.327639
0.792072,-0.219401,0.574309;0.932585,-0.106144,0.0793193,-0.335749
0.791528,-0.208888,0.573487;0.92562,-0.128183,0.0958738,-0.342935
0.791086,-0.19846,0.572598;0.918537,-0.148288,0.110977,-0.349263
0.790732,-0.188307,0.571672;0.911521,-0.166473,0.124637,-0.354797
0.790439,-0.177968,0.570679;0.904292,-0.183796,0.13765,-0.359899
0.79021,-0.167968,0.569677;0.902731,-0.200921,0.128201,-0.35815
0.790018,-0.157472,0.568589;0.90082,-0.217968,0.118701,-0.356263
0.789862,-0.146502,0.567417;0.898559,-0.234931,0.109156,-0.354237
0.789752,-0.13624,0.566294;0.896226,-0.25012,0.100529,-0.352296
0.789668,-0.125625,0.565109;0.893612,-0.26523,0.0918698,-0.350244
0.789612,-0.114671,0.563863;0.890716,-0.280257,0.0831821,-0.348083
0.789583,-0.104662,0.562706;0.887907,-0.29354,0.0754376,-0.346069
0.789574,-0.0944071,0.561506;0.884878,-0.30675,0.0676744,-0.34397
0.789584,-0.0839175,0.560262;0.881629,-0.319885,0.0598944,-0.341785
0.789612,-0.0732032,0.558978;0.878161,-0.332939,0.0520996,-0.339516
0.789658,-0.0622745,0.557654;0.874474,-0.345911,0.0442918,-0.337162
0.789721,-0.0511419,0.556293;0.870571,-0.358797,0.0364729,-0.334724
0.789801,-0.0398156,0.554895;0.866451,-0.371594,0.0286451,-0.332203
0.789884,-0.0297544,0.553643;0.86267,-0.382716,0.0217898,-0.32993
0.789979,-0.0195599,0.552367;0.858725,-0.393765,0.0149303,-0.327594
0.790085,-0.00923897,0.551065;0.854616,-0.404739,0.00806807,-0.325196
0.790202,0.00120146,0.549741;0.850345,-0.415637,0.00120427,-0.322735
0.79033,0.0117544,0.548394;0.845912,-0.426455,-0.00565977,-0.320214
0.790468,0.022413,0.547026;0.841319,-0.437192,-0.0125227,-0.317631
0.790616,0.0331702,0.545638;0.836565,-0.447846,-0.0193833,-0.314988
0.790773,0.044019,0.544231;0.831652,-0.458414,-0.0262402,-0.312285
0.79094,0.0549527,0.542806;0.826581,-0.468896,-0.0330921,-0.309523
0.791115,0.0659642,0.541364;0.821353,-0.479288,-0.0399377,-0.306702
0.791298,0.0770465,0.539907;0.815969,-0.48959,-0.0467757,-0.303823
0.791488,0.0881928,0.538435;0.81043,-0.499798,-0.0536049,-0.300885
0.791687,0.099396,0.536949;0.804736,-0.509911,-0.0604238,-0.297891
0.791892,0.110649,0.535451;0.79889,-0.519927,-0.0672312,-0.29484
0.792103,0.121946,0.533942;0.792891,-0.529845,-0.0740259,-0.291733
0.792321,0.133278,0.532422;0.786742,-0.539661,-0.0808065,-0.28857
0.792545,0.14464,0.530892;0.780443,-0.549375,-0.0875717,-0.285353
0.792774,0.156024,0.529355;0.773996,-0.558985,-0.0943202,-0.282081
0.793008,0.167423,0.52781;0.767402,-0.568488,-0.101051,-0.278756
0.793246,0.178831,0.526259;0.760661,-0.577883,-0.107762,-0.275378
0.793488,0.19024,0.524704;0.753777,-0.587168,-0.114453,-0.271947
0.793735,0.201644,0.523144;0.746748,-0.596342,-0.121122,-0.268464
0.793984,0.213035,0.521582;0.739578,-0.605402,-0.127768,-0.264931
0.794236,0.224407,0.520018;0.732267,-0.614347,-0.13439,-0.261347
0.794491,0.235752,0.518453;0.724817,-0.623175,-0.140987,-0.257714
0.794748,0.247064,0.516888;0.717229,-0.631885,-0.147556,-0.254031
0.795007,0.258336,0.515325;0.709505,-0.640474,-0.154097,-0.2503
0.795267,0.269561,0.513765;0.701645,-0.648942,-0.16061,-0.246522
0.795528,0.280732,0.512208;0.693652,-0.657286,-0.167091,-0.242696
0.795789,0.291841,0.510656;0.685528,-0.665506,-0.173541,-0.238825
0.79605,0.302883,0.50911;0.677273,-0.673598,-0.179958,-0.234908
0.796311,0.313849,0.50757;0.668889,-0.681563,-0.18634,-0.230947
0.796571,0.324734,0.506039;0.660378,-0.689398,-0.192687,-0.226941
0.79683,0.33553,0.504516;0.651742,-0.697102,-0.198998,-0.222892
0.797088,0.34623,0.503004;0.642981,-0.704674,-0.20527,-0.218801
0.797343,0.356828,0.501503;0.634098,-0.712111,-0.211504,-0.214669
0.797596,0.367315,0.500014;0.625095,-0.719413,-0.217697,-0.210495
0.797846,0.377686,0.498538;0.615973,-0.726579,-0.22385,-0.206282
0.798093,0.387934,0.497076;0.606734,-0.733606,-0.229959,-0.202029
0.798337,0.398051,0.495631;0.597379,-0.740493,-0.236025,-0.197738
0.798576,0.408031,0.494201;0.587911,-0.74724,-0.242045,-0.193409
0.798844,0.419259,0.492589;0.576953,-0.754777,-0.24887,-0.188417
0.799106,0.430288,0.491002;0.565852,-0.762126,-0.255633,-0.183378
0.799361,0.441108,0.489441;0.554611,-0.769286,-0.262332,-0.178294
0.799608,0.451708,0.487908;0.543231,-0.776254,-0.268966,-0.173165
0.799847,0.462078,0.486404;0.531717,-0.78303,-0.275533,-0.167993
0.800078,0.472208,0.484931;0.520071,-0.789612,-0.282032,-0.16278
0.800325,0.483304,0.483313;0.506815,-0.796781,-0.289259,-0.156867
0.80056,0.494067,0.481739;0.493399,-0.803701,-0.296396,-0.150904
0.800782,0.504484,0.480211;0.479828,-0.810367,-0.303439,-0.144894
0.800989,0.514539,0.478731;0.466107,-0.816779,-0.310387,-0.138838
0.8012,0.525269,0.477145;0.450689,-0.823602,-0.317992,-0.132059
0.801392,0.535514,0.475625;0.435097,-0.830106,-0.325474,-0.125228
0.801578,0.5462,0.474033;0.41775,-0.836887,-0.333559,-0.117658
0.801737,0.556247,0.472528;0.400207,-0.843276,-0.341486,-0.110032
0.801877,0.566448,0.47099;0.380855,-0.849794,-0.349951,-0.101655
0.801987,0.576565,0.469452;0.359651,-0.856319,-0.358901,-0.0925159
0.802058,0.586975,0.467854;0.334893,-0.863149,-0.368935,-0.0818955
0.80206,0.597054,0.466283;0.306481,-0.869979,-0.379917,-0.0697732
0.80193,0.607229,0.464652;0.269207,-0.877369,-0.393495,-0.0539713
0.801174,0.617061,0.46288;0.193213,-0.887195,-0.418409,-0.0220933
0.799217,0.607813,0.463751;0.0980255,-0.890145,-0.444674,0.0172315
0.79817,0.597839,0.465017;0.0624317,-0.888683,-0.453141,0.0317705
0.797236,0.587598,0.466362;0.0479496,-0.890082,-0.451404,0.0411063
0.796381,0.577441,0.467719;0.0544012,-0.895786,-0.438716,0.0462274
0.795562,0.567187,0.469101;0.0601241,-0.900659,-0.427341,0.0507694
0.794693,0.555833,0.470641;0.0658345,-0.905347,-0.415878,0.0553009
0.793894,0.545038,0.472111;0.0708201,-0.909295,-0.405777,0.0592567
0.793061,0.533477,0.47369;0.0757944,-0.9131,-0.395612,0.063203
0.792324,0.522983,0.475126;0.0800486,-0.916246,-0.38685,0.0665777
0.791567,0.511974,0.476634;0.0842936,-0.919286,-0.378042,0.0699446
0.79079,0.500472,0.47821;0.0885287,-0.922219,-0.369191,0.0733034
0.790131,0.490525,0.479574;0.0920501,-0.924581,-0.361782,0.0760959
0.789461,0.480264,0.480982;0.0955641,-0.926869,-0.354344,0.0788823
0.788781,0.469702,0.482431;0.0990704,-0.929082,-0.346877,0.0816623
0.788092,0.45885,0.483919;0.102569,-0.93122,-0.339382,0.0844357
0.787396,0.447722,0.485444;0.106059,-0.933283,-0.33186,0.0872023
0.786694,0.43633,0.487005;0.10954,-0.93527,-0.324311,0.0899619
0.785986,0.424688,0.488599;0.113013,-0.937182,-0.316736,0.0927142
0.785273,0.412808,0.490224;0.116476,-0.939019,-0.309135,0.0954591
0.784557,0.400702,0.491878;0.119931,-0.94078,-0.30151,0.0981962
0.783839,0.388384,0.49356;0.123375,-0.942464,-0.29386,0.100925
0.783263,0.378385,0.494924;0.126123,-0.943758,-0.287723,0.103103
0.782687,0.368265,0.496302;0.128865,-0.945002,-0.281571,0.105275
0.782111,0.358031,0.497695;0.1316,-0.946198,-0.275404,0.107442
0.781536,0.347688,0.499101;0.134329,-0.947344,-0.269224,0.109603
0.780962,0.337243,0.500518;0.13705,-0.948442,-0.263029,0.111759
0.78039,0.326703,0.501947;0.139765,-0.949491,-0.256821,0.113908
0.77982,0.316075,0.503386;0.142472,-0.950491,-0.2506,0.116052
0.779253,0.305364,0.504833;0.145172,-0.951442,-0.244365,0.11819
0.778689,0.294578,0.506288;0.147864,-0.952344,-0.238119,0.120322
0.778129,0.283723,0.50775;0.150549,-0.953196,-0.231859,0.122448
0.777573,0.272806,0.509218;0.153226,-0.953999,-0.225588,0.124567
0.777022,0.261832,0.510691;0.155895,-0.954753,-0.219305,0.12668
0.776477,0.250809,0.512167;0.158556,-0.955458,-0.213011,0.128786
0.775937,0.239744,0.513646;0.161209,-0.956114,-0.206706,0.130886
0.775404,0.228642,0.515127;0.163853,-0.95672,-0.20039,0.132979
0.774878,0.21751,0.516609;0.166489,-0.957276,-0.194064,0.135065
0.77436,0.206355,0.518089;0.169117,-0.957784,-0.187728,0.137144
0.773849,0.195183,0.519569;0.171736,-0.958241,-0.181382,0.139216
0.773347,0.184001,0.521046;0.174345,-0.95865,-0.175027,0.141281
0.772854,0.172815,0.522519;0.176946,-0.959008,-0.168662,0.143338
0.772371,0.161633,0.523988;0.179538,-0.959318,-0.162289,0.145388
0.771898,0.150459,0.525452;0.18212,-0.959578,-0.155908,0.147431
0.771436,0.139302,0.526908;0.184693,-0.959788,-0.149519,0.149466
0.770985,0.128167,0.528357;0.187257,-0.959948,-0.143121,0.151493
0.770545,0.117061,0.529798;0.189811,-0.96006,-0.136717,0.153512
0.770118,0.105991,0.531228;0.192355,-0.960121,-0.130305,0.155524
0.769703,0.0949623,0.532648;0.194889,-0.960133,-0.123887,0.157527
0.769302,0.0839826,0.534056;0.197413,-0.960095,-0.117462,0.159523
0.768915,0.0730581,0.535452;0.199927,-0.960008,-0.111032,0.16151
0.768542,0.0621953,0.536833;0.20243,-0.959872,-0.104595,0.163489
0.768184,0.0514007,0.5382;0.204923,-0.959685,-0.0981531,0.165459
0.767841,0.0406808,0.53955;0.207406,-0.959449,-0.0917061,0.167421
0.767514,0.0300422,0.540884;0.209878,-0.959164,-0.0852544,0.169374
0.767204,0.0194915,0.542199;0.212338,-0.958829,-0.0787983,0.171318
0.76691,0.0090351,0.543496;0.214788,-0.958445,-0.0723381,0.173254
0.766634,-0.00132039,0.544773;0.217227,-0.958011,-0.0658742,0.17518
0.766376,-0.0115685,0.546028;0.219655,-0.957527,-0.0594068,0.177098
0.766137,-0.0217026,0.547262;0.222071,-0.956995,-0.0529365,0.179006
0.765916,-0.0317162,0.548472;0.224476,-0.956412,-0.0464633,0.180906
0.765669,-0.0440538,0.54995;0.227466,-0.955615,-0.0383686,0.183266
0.765453,-0.0561802,0.551389;0.230437,-0.954741,-0.0302708,0.185612
0.765269,-0.0680825,0.552786;0.23339,-0.95379,-0.0221705,0.187944
0.765119,-0.0797481,0.554139;0.236324,-0.952761,-0.0140684,0.190259
0.765004,-0.0911642,0.555447;0.239239,-0.951656,-0.00596522,0.19256
0.764925,-0.102318,0.556706;0.242135,-0.950474,0.00213846,0.194845
0.764882,-0.113197,0.557915;0.245011,-0.949216,0.010242,0.197114
0.764877,-0.123788,0.559073;0.247867,-0.947881,0.0183446,0.199368
0.764912,-0.134078,0.560176;0.250704,-0.946469,0.0264459,0.201605
0.764985,-0.144055,0.561224;0.25352,-0.944981,0.0345449,0.203826
0.765128,-0.155596,0.562404;0.256872,-0.943095,0.0442601,0.20647
0.765331,-0.166645,0.563498;0.260194,-0.941099,0.0539701,0.209089
0.765597,-0.17718,0.564501;0.263487,-0.938994,0.0636738,0.211685
0.765927,-0.18718,0.56541;0.266748,-0.93678,0.0733701,0.214255
0.766396,-0.19814,0.566347;0.270514,-0.934059,0.0846717,0.217223
0.766956,-0.208305,0.567145;0.274238,-0.931191,0.0959598,0.220156
0.767715,-0.218905,0.567882;0.27844,-0.927733,0.108842,0.223466
0.768721,-0.229471,0.568476;0.283098,-0.923613,0.123307,0.227134
0.770039,-0.239434,0.568831;0.288188,-0.918752,0.139342,0.23114
0.772077,-0.249429,0.568786;0.294664,-0.911991,0.160119,0.236236
0.776411,-0.258138,0.567313;0.305257,-0.899417,0.195075,0.244566
0.783363,-0.25333,0.562885;0.317605,-0.882068,0.237554,0.254265
0.787396,-0.244377,0.559636;0.323285,-0.872973,0.257814,0.258723
0.790818,-0.234357,0.556612;0.327534,-0.865652,0.273303,0.262057
0.793762,-0.224305,0.553852;0.330858,-0.859594,0.285631,0.264663
0.796491,-0.213979,0.551182;0.33371,-0.854147,0.29637,0.266898
0.798947,-0.203963,0.548699;0.336113,-0.849372,0.305537,0.268781
0.801512,-0.19285,0.546033;0.338477,-0.844497,0.314669,0.270632
0.803735,-0.182734,0.543669;0.340417,-0.84036,0.322251,0.272151
0.806035,-0.171828,0.541173;0.342329,-0.836155,0.329807,0.273647
0.808415,-0.160118,0.538544;0.344213,-0.831883,0.337337,0.275122
0.810377,-0.150163,0.536344;0.345701,-0.828417,0.343341,0.276286
0.812391,-0.139679,0.534055;0.347171,-0.824908,0.349327,0.277435
