0.92968,-0.168082,0.5406;0.169296,0.952659,0.249897,-0.0364992
0.9253,-0.178026,0.546491;0.167302,0.954581,0.24408,-0.0347783
0.920965,-0.187834,0.552307;0.165302,0.956462,0.238252,-0.0330558
0.916674,-0.197508,0.558047;0.163293,0.958299,0.232413,-0.0313318
0.912427,-0.207047,0.563713;0.161278,0.960095,0.226564,-0.0296065
0.908224,-0.216453,0.569304;0.159255,0.961847,0.220705,-0.0278799
0.904064,-0.225726,0.574822;0.157225,0.963557,0.214836,-0.026152
0.899948,-0.234866,0.580265;0.155189,0.965224,0.208958,-0.0244229
0.895875,-0.243875,0.585635;0.153145,0.966848,0.20307,-0.0226928
0.891846,-0.252753,0.590932;0.151095,0.968428,0.197173,-0.0209616
0.887859,-0.261501,0.596156;0.149037,0.969966,0.191268,-0.0192295
0.883914,-0.270119,0.601308;0.146974,0.971461,0.185354,-0.0174966
0.880013,-0.278608,0.606387;0.144903,0.972913,0.179432,-0.0157629
0.876153,-0.286969,0.611395;0.142826,0.974321,0.173502,-0.0140285
0.872336,-0.295202,0.616331;0.140743,0.975686,0.167564,-0.0122934
0.868561,-0.303308,0.621197;0.138654,0.977007,0.161618,-0.0105578
0.864827,-0.311288,0.625992;0.136558,0.978285,0.155666,-0.00882176
0.859913,-0.321732,0.632275;0.133755,0.979922,0.147718,-0.00650642
0.855073,-0.331954,0.638435;0.130941,0.981481,0.139759,-0.00419057
0.850306,-0.341956,0.644471;0.128116,0.982962,0.131789,-0.00187438
0.845612,-0.351739,0.650384;0.125282,0.984366,0.123808,0.000441952
0.840989,-0.361305,0.656175;0.122437,0.985692,0.115818,0.00275825
0.836438,-0.370656,0.661846;0.119583,0.986939,0.107818,0.00507433
0.831959,-0.379792,0.667396;0.116719,0.988109,0.0998102,0.00739001
0.82755,-0.388716,0.672827;0.113847,0.989201,0.0917942,0.00970511
0.823211,-0.397429,0.67814;0.110965,0.990215,0.0837709,0.0120194
0.818942,-0.405932,0.683334;0.108074,0.99115,0.0757411,0.0143328
0.814743,-0.414228,0.688412;0.105175,0.992007,0.0677052,0.0166451
0.810613,-0.422317,0.693373;0.102268,0.992785,0.059664,0.018956
0.806551,-0.430201,0.69822;0.099352,0.993485,0.0516181,0.0212654
0.801569,-0.439772,0.704117;0.0956966,0.99425,0.041555,0.0241498
0.796693,-0.449027,0.709836;0.0920293,0.994891,0.0314868,0.0270312
0.791922,-0.457972,0.71538;0.0883506,0.99541,0.0214148,0.0299093
0.787254,-0.466608,0.72075;0.0846611,0.995806,0.01134,0.0327837
0.782689,-0.474939,0.725947;0.080961,0.996079,0.00126388,0.035654
0.778226,-0.482967,0.730973;0.077251,0.996228,-0.00881241,0.03852
0.773865,-0.490697,0.73583;0.0735314,0.996255,-0.0188876,0.0413811
0.768763,-0.499581,0.741437;0.069056,0.996125,-0.0309747,0.0448078
0.763804,-0.508045,0.746805;0.0645683,0.995817,-0.0430562,0.0482264
0.758987,-0.516092,0.751937;0.0600691,0.995332,-0.0551301,0.0516365
0.754309,-0.523729,0.756835;0.0555592,0.99467,-0.0671942,0.0550374
0.749027,-0.532127,0.762259;0.0502852,0.993675,-0.0812537,0.0589927
0.74393,-0.539981,0.767373;0.0449991,0.992438,-0.0952935,0.0629337
0.739017,-0.547301,0.772182;0.039702,0.990962,-0.10931,0.0668595
0.733624,-0.555021,0.77731;0.0336366,0.98898,-0.125297,0.0713262
0.727836,-0.5629,0.782617;0.0268003,0.986377,-0.143234,0.0763242
0.722337,-0.569942,0.787445;0.0199533,0.98338,-0.161114,0.0812917
0.716561,-0.576806,0.792257;0.0123363,0.979588,-0.180905,0.0867729
0.710084,-0.583742,0.797283;0.00318821,0.974398,-0.204534,0.0932935
0.703138,-0.590094,0.802142;-0.00748701,0.967468,-0.231918,0.100817
0.695563,-0.595379,0.806636;-0.020439,0.957794,-0.264864,0.10982
0.686755,-0.598493,0.810364;-0.0379125,0.942531,-0.308828,0.121749
0.677368,-0.595829,0.811364;-0.0612985,0.918071,-0.366786,0.137318
0.671556,-0.588002,0.808891;-0.0806928,0.89419,-0.414065,0.149876
0.668282,-0.578796,0.805082;-0.0954315,0.873784,-0.4495,0.159198
0.666371,-0.569583,0.800917;-0.107088,0.856214,-0.477212,0.16643
0.665192,-0.560259,0.796502;-0.117177,0.839951,-0.500966,0.172585
0.664489,-0.550607,0.79179;-0.126444,0.82412,-0.52259,0.178152
0.664164,-0.540896,0.786942;-0.134904,0.808897,-0.542163,0.183158
0.664128,-0.531355,0.782098;-0.142575,0.794436,-0.559766,0.187632
0.664304,-0.522178,0.777375;-0.149475,0.780877,-0.575479,0.191603
0.664671,-0.512548,0.772363;-0.156302,0.766933,-0.590908,0.195479
0.665161,-0.503514,0.767615;-0.162379,0.754058,-0.604544,0.198884
0.665795,-0.494149,0.762651;-0.168392,0.740882,-0.617939,0.20221
0.666569,-0.484473,0.757481;-0.174337,0.72741,-0.631086,0.205456
0.66737,-0.475625,0.752721;-0.179563,0.71519,-0.64256,0.208271
0.668274,-0.466556,0.747811;-0.184732,0.702743,-0.653832,0.211021
0.669277,-0.45728,0.742759;-0.189843,0.690075,-0.664896,0.213704
0.670376,-0.447809,0.737571;-0.194894,0.677188,-0.67575,0.21632
0.671567,-0.438155,0.732254;-0.199884,0.664087,-0.686391,0.218867
0.672846,-0.428331,0.726814;-0.20481,0.650776,-0.696814,0.221344
0.674035,-0.419605,0.721958;-0.209067,0.63896,-0.705754,0.223455
0.675287,-0.410767,0.717018;-0.213273,0.626989,-0.714523,0.225512
0.676599,-0.401826,0.711997;-0.217428,0.614866,-0.723119,0.227514
0.677969,-0.392788,0.7069;-0.221531,0.602595,-0.73154,0.229461
0.679394,-0.383664,0.701731;-0.225579,0.590178,-0.739784,0.231352
0.680873,-0.37446,0.696495;-0.229573,0.577617,-0.747849,0.233187
0.682402,-0.365186,0.691196;-0.233512,0.564917,-0.755732,0.234966
0.68398,-0.35585,0.685839;-0.237394,0.55208,-0.763433,0.236688
0.685603,-0.34646,0.680427;-0.241218,0.53911,-0.770949,0.238353
0.687176,-0.337551,0.675271;-0.243846,0.529861,-0.776523,0.238327
0.688811,-0.328469,0.669993;-0.240895,0.539028,-0.773934,0.229009
0.690483,-0.319356,0.664674;-0.237899,0.548094,-0.771201,0.219648
0.692192,-0.310215,0.659317;-0.234859,0.557059,-0.768325,0.210246
0.693935,-0.301051,0.653923;-0.231775,0.56592,-0.765306,0.200805
0.695712,-0.291866,0.648495;-0.228648,0.574675,-0.762144,0.191326
0.697523,-0.282665,0.643034;-0.225479,0.583323,-0.75884,0.181812
0.699365,-0.273452,0.637543;-0.222267,0.591863,-0.755394,0.172264
0.701238,-0.26423,0.632022;-0.219014,0.600292,-0.751808,0.162684
0.703142,-0.255002,0.626475;-0.215721,0.60861,-0.748082,0.153073
0.705074,-0.245774,0.620902;-0.212387,0.616814,-0.744217,0.143434
0.707034,-0.236548,0.615307;-0.209013,0.624904,-0.740213,0.133769
0.709021,-0.227328,0.60969;-0.205601,0.632877,-0.736071,0.124078
0.711034,-0.218117,0.604055;-0.20215,0.640732,-0.731792,0.114364
0.713072,-0.208921,0.598402;-0.198662,0.648467,-0.727376,0.104629
0.715134,-0.199742,0.592734;-0.195137,0.656082,-0.722825,0.0948748
0.717218,-0.190584,0.587052;-0.191575,0.663575,-0.71814,0.0851026
0.719324,-0.181451,0.581359;-0.187978,0.670944,-0.713321,0.0753146
0.721451,-0.172347,0.575657;-0.184345,0.678188,-0.708369,0.0655126
0.723598,-0.163275,0.569947;-0.180678,0.685306,-0.703284,0.0556983
0.725764,-0.15424,0.564231;-0.176978,0.692296,-0.698069,0.0458737
0.727947,-0.145244,0.558512;-0.173245,0.699157,-0.692724,0.0360405
0.730148,-0.136292,0.55279;-0.169479,0.705888,-0.68725,0.0262006
0.732363,-0.127387,0.547069;-0.165682,0.712487,-0.681648,0.0163559
0.734594,-0.118533,0.541351;-0.161854,0.718954,-0.675919,0.00650805
0.736838,-0.109734,0.535636;-0.157996,0.725287,-0.670064,-0.00334098
0.739095,-0.100994,0.529927;-0.154108,0.731485,-0.664084,-0.0131894
0.741364,-0.0923164,0.524226;-0.150192,0.737546,-0.65798,-0.0230353
0.743643,-0.0837048,0.518534;-0.146247,0.74347,-0.651754,-0.032877
0.745932,-0.075163,0.512855;-0.142276,0.749256,-0.645406,-0.0427125
0.748229,-0.0666949,0.507189;-0.138278,0.754902,-0.638939,-0.0525401
0.750534,-0.0583041,0.501539;-0.134254,0.760407,-0.632352,-0.0623579
0.752845,-0.0499944,0.495906;-0.130205,0.765771,-0.625647,-0.0721641
0.755163,-0.0417696,0.490293;-0.126132,0.770992,-0.618826,-0.0819568
0.757484,-0.0336333,0.484702;-0.122035,0.776069,-0.61189,-0.0917342
0.759809,-0.0255895,0.479133;-0.117916,0.781002,-0.604839,-0.101495
0.76247,-0.0165144,0.4728;-0.113181,0.786461,-0.596644,-0.112626
0.765132,-0.00757038,0.466504;-0.108419,0.791729,-0.588303,-0.12373
0.767794,0.00123692,0.460245;-0.103631,0.796805,-0.579819,-0.134804
0.770455,0.00990192,0.454029;-0.0988167,0.801686,-0.571195,-0.145845
0.773113,0.018419,0.447857;-0.0939789,0.806373,-0.562431,-0.156851
0.775767,0.0267827,0.441733;-0.0891183,0.810863,-0.55353,-0.167818
0.778415,0.0349872,0.435658;-0.0842359,0.815156,-0.544495,-0.178745
0.781055,0.0430271,0.429638;-0.079333,0.819251,-0.535327,-0.189628
0.783687,0.0508968,0.423673;-0.0744109,0.823147,-0.526029,-0.200465
0.786308,0.0585906,0.417767;-0.0694706,0.826842,-0.516603,-0.211254
0.789243,0.0670289,0.411197;-0.0638927,0.830758,-0.505849,-0.223329
0.79216,0.0752297,0.404709;-0.0582951,0.834419,-0.494938,-0.235335
0.795058,0.0831849,0.398308;-0.0526795,0.837823,-0.483876,-0.247269
0.797934,0.0908865,0.391998;-0.0470477,0.840968,-0.472664,-0.259127
0.800787,0.0983267,0.385782;-0.0414015,0.843855,-0.461307,-0.270905
0.803926,0.106277,0.378991;-0.035113,0.846758,-0.448522,-0.283894
0.80703,0.113884,0.372329;-0.0288111,0.849339,-0.435566,-0.296775
0.810097,0.121136,0.365799;-0.0224983,0.851597,-0.422444,-0.309543
0.813422,0.128692,0.358778;-0.0155444,0.853707,-0.407825,-0.323452
0.816694,0.13579,0.351931;-0.0085834,0.855424,-0.393019,-0.337212
0.820199,0.142996,0.344672;-0.000985167,0.856849,-0.37666,-0.352046
0.823629,0.149622,0.33764;0.00661361,0.857804,-0.360096,-0.366687
0.827257,0.156124,0.33029;0.0148414,0.85831,-0.341928,-0.382321
0.831054,0.162313,0.322701;0.0236913,0.858237,-0.322118,-0.398883
0.834985,0.167975,0.314961;0.0331535,0.85745,-0.300627,-0.416298
0.839013,0.17287,0.307173;0.0432152,0.855802,-0.277421,-0.434481
0.843323,0.176907,0.299018;0.0544837,0.852952,-0.250991,-0.454431
0.848036,0.179571,0.290355;0.0675446,0.8483,-0.219769,-0.476996
0.85297,0.179793,0.281643;0.0823314,0.841244,-0.183638,-0.501805
0.857897,0.176264,0.27345;0.0987496,0.831104,-0.142515,-0.528398
0.861854,0.169166,0.267427;0.124504,0.819687,-0.113433,-0.54749
0.864751,0.160052,0.263518;0.173778,0.808177,-0.112915,-0.551273
0.866807,0.150491,0.261137;0.214504,0.796994,-0.112261,-0.553341
0.868389,0.140469,0.259639;0.250831,0.78571,-0.111501,-0.554356
0.869589,0.130511,0.258797;0.282818,0.774725,-0.11069,-0.554584
0.870544,0.120338,0.258406;0.312513,0.76362,-0.109815,-0.554221
0.87129,0.110161,0.258374;0.339945,0.752562,-0.108898,-0.55338
0.871863,0.100158,0.258621;0.365152,0.741703,-0.107961,-0.552164
0.872322,0.0896603,0.259122;0.390083,0.730283,-0.106942,-0.550532
0.872647,0.0795599,0.259802;0.412834,0.719253,-0.105931,-0.548655
0.872882,0.0690939,0.26068;0.43532,0.707759,-0.10485,-0.546425
0.873028,0.0582897,0.261749;0.457526,0.695809,-0.103703,-0.543844
0.873086,0.0481119,0.262888;0.477622,0.684461,-0.102592,-0.54117
0.873074,0.0376937,0.264174;0.49746,0.672743,-0.101426,-0.538203
0.872993,0.0270562,0.265599;0.51703,0.660661,-0.100205,-0.534945
0.872846,0.0162203,0.267158;0.536319,0.648222,-0.0989299,-0.531397
0.872657,0.00621506,0.268685;0.553603,0.636609,-0.0977241,-0.527923
0.872415,-0.00392099,0.270311;0.57064,0.624711,-0.0964747,-0.524212
0.872123,-0.0141721,0.272031;0.587422,0.612534,-0.0951821,-0.520267
0.871783,-0.0245224,0.273841;0.60394,0.600084,-0.093847,-0.51609
0.871395,-0.0349561,0.275736;0.620189,0.587364,-0.0924698,-0.511681
0.870961,-0.0454576,0.27771;0.636161,0.574383,-0.0910514,-0.507044
0.870483,-0.056011,0.27976;0.651848,0.561144,-0.0895922,-0.50218
0.869962,-0.0666005,0.281878;0.667244,0.547654,-0.088093,-0.497092
0.869399,-0.0772103,0.284062;0.682341,0.53392,-0.0865544,-0.491781
0.868797,-0.0878247,0.286305;0.697133,0.519947,-0.0849771,-0.486251
0.868156,-0.098428,0.288603;0.711614,0.505741,-0.0833618,-0.480503
0.867478,-0.109004,0.290951;0.725776,0.491309,-0.0817092,-0.47454
0.866764,-0.119538,0.293343;0.739614,0.476658,-0.08002,-0.468365
0.866017,-0.130013,0.295776;0.753121,0.461793,-0.0782951,-0.46198
0.865237,-0.140413,0.298244;0.766291,0.446722,-0.0765352,-0.455389
0.864426,-0.150724,0.300741;0.779119,0.431451,-0.0747411,-0.448595
0.863585,-0.160928,0.303264;0.791598,0.415988,-0.0729135,-0.441599
0.862716,-0.171012,0.305806;0.803724,0.400338,-0.0710534,-0.434407
0.861821,-0.180957,0.308364;0.81549,0.384509,-0.0691615,-0.42702
0.8609,-0.19075,0.310932;0.826891,0.368508,-0.0672386,-0.419442
0.859956,-0.200373,0.313504;0.837923,0.352343,-0.0652857,-0.411677
0.858892,-0.210745,0.316335;0.849625,0.334379,-0.0631038,-0.402922
0.857803,-0.220872,0.319158;0.860867,0.316235,-0.0608878,-0.39395
0.856691,-0.230734,0.321969;0.871643,0.297919,-0.0586388,-0.384764
0.855558,-0.240309,0.324761;0.881948,0.279442,-0.0563581,-0.375371
0.854301,-0.250403,0.327775;0.892646,0.259113,-0.0538354,-0.364892
0.853023,-0.260103,0.33075;0.902768,0.238618,-0.0512779,-0.354178
0.85162,-0.270137,0.333919;0.913078,0.216242,-0.0484702,-0.342314
0.850199,-0.279643,0.337019;0.922698,0.193702,-0.0456258,-0.330191
0.848654,-0.289249,0.34027;0.932278,0.169265,-0.0425241,-0.316857
0.846984,-0.298768,0.343636;0.941636,0.142919,-0.0391596,-0.302263
0.845082,-0.308522,0.347285;0.951095,0.112887,-0.0352991,-0.285356
0.842952,-0.318034,0.351125;0.960213,0.0791514,-0.0309306,-0.266025
0.840491,-0.327075,0.355213;0.968833,0.0399332,-0.0258105,-0.243107
0.837285,-0.335488,0.359931;0.976991,-0.0118817,-0.0189778,-0.212101
0.831698,-0.339443,0.366166;0.982625,-0.0866799,0.00139743,-0.164112
0.827223,-0.331115,0.369035;0.982673,-0.116574,0.0330963,-0.140246
0.824592,-0.321132,0.36982;0.981471,-0.135117,0.0528716,-0.125151
0.822586,-0.310845,0.369967;0.979828,-0.149858,0.068656,-0.112987
0.820984,-0.300882,0.3698;0.977997,-0.162072,0.0817778,-0.102797
0.819599,-0.290945,0.369449;0.97599,-0.173005,0.0935575,-0.0935881
0.818268,-0.280183,0.36893;0.973645,-0.183879,0.105305,-0.0843467
0.817134,-0.27,0.368342;0.971277,-0.19349,0.115716,-0.0761074
0.816045,-0.259302,0.367652;0.968642,-0.203049,0.126096,-0.0678472
0.815004,-0.248154,0.366873;0.965742,-0.212552,0.136441,-0.0595684
0.814133,-0.23808,0.366129;0.962987,-0.220819,0.145463,-0.052311
0.813299,-0.227755,0.365337;0.960029,-0.22904,0.154453,-0.0450427
0.812504,-0.217221,0.364508;0.95687,-0.237213,0.163412,-0.0377648
0.811749,-0.206521,0.36365;0.95351,-0.245336,0.172336,-0.030479
0.811034,-0.195698,0.362772;0.94995,-0.253407,0.181224,-0.0231869
0.81036,-0.184795,0.361885;0.94619,-0.261426,0.190074,-0.0158898
0.809728,-0.173856,0.360998;0.942232,-0.269389,0.198884,-0.00858943
0.809139,-0.162923,0.360121;0.938076,-0.277296,0.207652,-0.00128724
0.808593,-0.15204,0.359262;0.933722,-0.285145,0.216376,0.00601521
0.808091,-0.141249,0.358432;0.929173,-0.292933,0.225056,0.0133164
0.807635,-0.130595,0.35764;0.924429,-0.30066,0.233687,0.0206148
0.807224,-0.12012,0.356896;0.91949,-0.308325,0.24227,0.0279089
0.80686,-0.109867,0.356208;0.914359,-0.315924,0.250802,0.0351971
0.806543,-0.0998787,0.355588;0.909035,-0.323457,0.259281,0.0424779
0.806241,-0.0888442,0.354972;0.902717,-0.331983,0.268905,0.0507878
0.806002,-0.0782768,0.35447;0.896152,-0.340417,0.278455,0.0590838
0.805829,-0.0682409,0.354096;0.88934,-0.348759,0.287929,0.0673636
0.805713,-0.0576661,0.353846;0.881386,-0.358029,0.298492,0.0766562
0.805686,-0.0469123,0.353803;0.87219,-0.368182,0.310108,0.0869499
0.805781,-0.0364394,0.354075;0.861642,-0.379169,0.322731,0.0982298
0.806067,-0.0261162,0.354876;0.848601,-0.391899,0.337433,0.111494
0.806782,-0.015987,0.35695;0.829531,-0.409055,0.357384,0.129725
0.809095,-0.0122344,0.364163;0.791599,-0.439017,0.392653,0.162663
0.811043,-0.0202215,0.370638;0.768072,-0.455347,0.412138,0.181293
0.812514,-0.0295856,0.375713;0.752598,-0.465299,0.424118,0.192916
0.813815,-0.0395218,0.380304;0.746119,-0.47542,0.423685,0.194351
0.815019,-0.0496202,0.38457;0.741434,-0.484327,0.421801,0.19439
0.816316,-0.0610947,0.389125;0.736671,-0.493183,0.419871,0.19441
0.817422,-0.0711743,0.392947;0.732805,-0.50023,0.418296,0.19441
0.818591,-0.0819789,0.396904;0.728889,-0.507244,0.416693,0.194398
0.819824,-0.0934392,0.400975;0.724925,-0.514224,0.415062,0.194372
0.821123,-0.105486,0.405136;0.720912,-0.52117,0.413403,0.194334
0.822489,-0.11805,0.409366;0.716851,-0.52808,0.411717,0.194282
0.823558,-0.127771,0.412571;0.713773,-0.53324,0.410434,0.194235
0.824667,-0.137715,0.415793;0.710669,-0.538379,0.409135,0.194181
0.825815,-0.147852,0.419022;0.707537,-0.543499,0.407821,0.194119
0.827004,-0.158154,0.422251;0.704379,-0.548597,0.406492,0.19405
0.828233,-0.168591,0.425468;0.701195,-0.553675,0.405147,0.193973
0.829505,-0.179134,0.428665;0.697984,-0.558732,0.403787,0.193889
0.830819,-0.189754,0.431833;0.694746,-0.563768,0.402411,0.193798
0.832176,-0.200421,0.434963;0.691483,-0.568783,0.401021,0.1937
0.833576,-0.211107,0.438044;0.688193,-0.573776,0.399615,0.193594
0.83502,-0.221782,0.441069;0.684877,-0.578748,0.398195,0.193481
0.83651,-0.232417,0.444026;0.681536,-0.583698,0.396759,0.193361
0.838044,-0.242982,0.446908;0.678169,-0.588625,0.395308,0.193233
0.839625,-0.253449,0.449705;0.674776,-0.593531,0.393843,0.193098
0.841253,-0.263789,0.452408;0.671357,-0.598414,0.392362,0.192956
0.842927,-0.273971,0.455007;0.667914,-0.603275,0.390867,0.192806
0.84465,-0.283968,0.457493;0.664445,-0.608112,0.389357,0.192649
0.846421,-0.293749,0.459856;0.660951,-0.612927,0.387832,0.192485
0.848859,-0.306405,0.462802;0.656253,-0.619311,0.385776,0.192255
0.851386,-0.318558,0.465491;0.651512,-0.625653,0.383694,0.192012
0.854003,-0.330137,0.467903;0.646727,-0.631953,0.381587,0.191756
0.856712,-0.341074,0.470015;0.641898,-0.638211,0.379454,0.191488
0.859515,-0.351299,0.471805;0.637027,-0.644426,0.377296,0.191206
0.863151,-0.362975,0.473556;0.630877,-0.652134,0.374562,0.190836
0.866939,-0.373295,0.474726;0.624662,-0.659773,0.371789,0.190446
0.871687,-0.3837,0.475304;0.617116,-0.668849,0.36841,0.189952
0.877513,-0.392815,0.474745;0.608196,-0.67931,0.364398,0.189339
0.885469,-0.399177,0.471892;0.596544,-0.692555,0.359129,0.188493
0.893964,-0.398783,0.466405;0.584688,-0.705564,0.353739,0.187584
0.900956,-0.3933,0.460157;0.57533,-0.715517,0.349463,0.186833
0.90616,-0.386383,0.45456;0.568573,-0.722536,0.346365,0.186273
0.910451,-0.378946,0.44937;0.563125,-0.728097,0.34386,0.18581
0.914859,-0.369741,0.443522;0.557639,-0.733609,0.341332,0.185336
0.918241,-0.361636,0.438691;0.553499,-0.737711,0.339421,0.184972
0.92169,-0.352469,0.433468;0.549339,-0.741785,0.337497,0.1846
0.925207,-0.34221,0.427844;0.545158,-0.745831,0.335561,0.184222
0.928791,-0.330831,0.42181;0.540957,-0.749848,0.333612,0.183837
0.932443,-0.318302,0.415357;0.536735,-0.753838,0.33165,0.183445
0.934917,-0.309296,0.410817;0.533909,-0.756482,0.330335,0.18318
0.937421,-0.299757,0.406084;0.531074,-0.759113,0.329015,0.182912
0.939956,-0.289676,0.401154;0.528231,-0.761731,0.327689,0.182641
0.942522,-0.279046,0.396026;0.525378,-0.764337,0.326358,0.182366
0.94512,-0.267857,0.390696;0.522517,-0.76693,0.325021,0.182089
0.94775,-0.256101,0.385162;0.519647,-0.76951,0.323679,0.181808
0.950411,-0.243769,0.379421;0.516768,-0.772077,0.322331,0.181525
0.953104,-0.230852,0.373469;0.51388,-0.774631,0.320978,0.181238
0.95583,-0.217342,0.367306;0.510984,-0.777172,0.31962,0.180948
0.958588,-0.20323,0.360926;0.508079,-0.7797,0.318256,0.180656
0.961378,-0.188507,0.354329;0.505166,-0.782215,0.316887,0.18036
0.964201,-0.173165,0.347511;0.502244,-0.784717,0.315512,0.180061
0.967057,-0.157195,0.340469;0.499314,-0.787206,0.314133,0.17976
0.969946,-0.140589,0.333201;0.496376,-0.789681,0.312748,0.179455
0.972868,-0.123337,0.325704;0.493429,-0.792143,0.311357,0.179147
0.975824,-0.105432,0.317975;0.490474,-0.794592,0.309962,0.178836
0.977315,-0.096231,0.314022;0.488993,-0.795812,0.309262,0.17868
0.978813,-0.0868636,0.310011;0.48751,-0.797028,0.308561,0.178523
0.980321,-0.0773285,0.30594;0.486026,-0.798241,0.307859,0.178365
0.981837,-0.0676245,0.30181;0.484539,-0.79945,0.307155,0.178206
0.983361,-0.0577505,0.297619;0.48305,-0.800656,0.30645,0.178046
0.984894,-0.0477055,0.293368;0.481559,-0.801859,0.305744,0.177886
0.986435,-0.0374883,0.289057;0.480066,-0.803058,0.305037,0.177725
0.987985,-0.027098,0.284684;0.478571,-0.804254,0.304328,0.177563
0.989489,-0.0169086,0.280407;0.477127,-0.805405,0.303643,0.177407
