0.935979,-0.202644,0.462686;0.918647,-0.0543375,0.0910354,0.380589
0.931897,-0.192251,0.462156;0.917513,-0.0611203,0.0897489,0.382595
0.927863,-0.181944,0.461638;0.916331,-0.0678998,0.0884577,0.38458
0.923877,-0.171722,0.461131;0.915101,-0.0746758,0.0871617,0.386545
0.919938,-0.161585,0.460635;0.913822,-0.0814478,0.0858612,0.388489
0.916045,-0.151531,0.460151;0.912494,-0.0882154,0.0845561,0.390413
0.9122,-0.141562,0.459678;0.911119,-0.0949784,0.0832465,0.392316
0.908401,-0.131676,0.459217;0.909694,-0.101736,0.0819326,0.394199
0.904649,-0.121873,0.458766;0.908222,-0.108489,0.0806143,0.39606
0.900942,-0.112153,0.458326;0.906702,-0.115236,0.0792917,0.397901
0.897282,-0.102515,0.457897;0.905134,-0.121977,0.0779649,0.39972
0.893667,-0.0929598,0.457478;0.903517,-0.128711,0.076634,0.401519
0.890097,-0.0834862,0.45707;0.901853,-0.135438,0.075299,0.403296
0.886572,-0.074094,0.456672;0.900141,-0.142159,0.0739601,0.405051
0.882228,-0.0624678,0.45619;0.897934,-0.150548,0.0722809,0.407216
0.877954,-0.0509676,0.455723;0.895653,-0.158925,0.0705957,0.409347
0.873749,-0.0395929,0.455272;0.893298,-0.16729,0.0689046,0.411443
0.869611,-0.0283429,0.454837;0.890868,-0.17564,0.0672079,0.413506
0.865542,-0.0172169,0.454417;0.888365,-0.183976,0.0655056,0.415535
0.86154,-0.00621436,0.454011;0.885789,-0.192296,0.0637979,0.417529
0.857605,0.00466547,0.453621;0.883139,-0.200601,0.0620849,0.419489
0.853736,0.0154232,0.453245;0.880416,-0.208889,0.0603668,0.421413
0.849933,0.0260596,0.452884;0.87762,-0.217159,0.0586437,0.423303
0.846195,0.0365753,0.452536;0.874752,-0.225412,0.0569157,0.425158
0.842521,0.0469709,0.452203;0.871811,-0.233646,0.055183,0.426978
0.838912,0.0572471,0.451883;0.868798,-0.241861,0.0534457,0.428763
0.835366,0.0674046,0.451577;0.865713,-0.250055,0.0517041,0.430512
0.831884,0.0774441,0.451285;0.862556,-0.25823,0.0499581,0.432225
0.828464,0.0873662,0.451005;0.859328,-0.266382,0.048208,0.433903
0.825106,0.0971715,0.450738;0.856029,-0.274513,0.0464539,0.435544
0.82181,0.106861,0.450484;0.852659,-0.282621,0.044696,0.43715
0.818575,0.116435,0.450242;0.849219,-0.290705,0.0429344,0.438719
0.814773,0.127772,0.449968;0.844997,-0.300375,0.0408157,0.440555
0.811057,0.138946,0.449711;0.840675,-0.310008,0.0386922,0.442338
0.807427,0.149956,0.449471;0.836253,-0.319605,0.0365641,0.444068
0.803881,0.160805,0.449247;0.831731,-0.329164,0.0344317,0.445745
0.800419,0.171493,0.44904;0.82711,-0.338683,0.0322951,0.447369
0.79704,0.182022,0.448848;0.822391,-0.348163,0.0301547,0.44894
0.793742,0.192392,0.448671;0.817573,-0.3576,0.0280107,0.450457
0.790526,0.202606,0.44851;0.812658,-0.366995,0.0258633,0.451921
0.78739,0.212663,0.448363;0.807646,-0.376347,0.0237129,0.453331
0.784332,0.222566,0.44823;0.802538,-0.385653,0.0215597,0.454686
0.781354,0.232315,0.448111;0.797334,-0.394913,0.0194038,0.455988
0.778452,0.241912,0.448006;0.792035,-0.404127,0.0172457,0.457235
0.775164,0.252917,0.447899;0.785734,-0.414815,0.0147253,0.458621
0.771978,0.263717,0.44781;0.779306,-0.425436,0.0122025,0.459933
0.768894,0.274316,0.447737;0.77275,-0.435987,0.00967771,0.46117
0.76591,0.284714,0.44768;0.76607,-0.446468,0.00715136,0.462333
0.763024,0.294913,0.447639;0.759265,-0.456877,0.00462386,0.46342
0.760236,0.304916,0.447612;0.752337,-0.467211,0.0020956,0.464432
0.757543,0.314723,0.4476;0.745288,-0.47747,-0.000432994,0.465369
0.754581,0.325696,0.447603;0.737083,-0.489099,-0.00332271,0.466347
0.75174,0.336418,0.447622;0.728721,-0.500625,-0.00621172,0.467227
0.749017,0.346894,0.447658;0.720206,-0.512045,-0.00909941,0.468007
0.746412,0.357126,0.447709;0.711538,-0.523356,-0.0119852,0.468689
0.743921,0.367117,0.447774;0.702719,-0.534556,-0.0148684,0.469271
0.741543,0.376869,0.447852;0.693751,-0.545643,-0.0177485,0.469753
0.739,0.387558,0.447955;0.683487,-0.557977,-0.020984,0.470177
0.736594,0.397953,0.448073;0.673039,-0.570162,-0.024214,0.470475
0.734321,0.408057,0.448204;0.662411,-0.582194,-0.0274374,0.470647
0.732179,0.417875,0.448346;0.651605,-0.59407,-0.0306535,0.470692
0.729949,0.428451,0.448518;0.639394,-0.607079,-0.0342172,0.470595
0.727873,0.438684,0.448701;0.626971,-0.619886,-0.0377697,0.470342
0.725947,0.448578,0.448893;0.614341,-0.632489,-0.0413096,0.469933
0.723995,0.459076,0.449114;0.600213,-0.646109,-0.0451877,0.469303
0.722214,0.469179,0.449343;0.585844,-0.659471,-0.0490476,0.468486
0.72046,0.479757,0.449598;0.569902,-0.673746,-0.053236,0.46738
0.718894,0.489881,0.449856;0.553688,-0.6877,-0.0573991,0.466051
0.717404,0.500348,0.450135;0.535826,-0.702446,-0.0618781,0.464361
0.716118,0.510305,0.450411;0.517663,-0.7168,-0.0663225,0.462411
0.714952,0.520471,0.4507;0.49778,-0.731809,-0.0710672,0.460022
0.713942,0.530739,0.450994;0.476119,-0.747362,-0.0760996,0.457131
0.713121,0.540999,0.451284;0.452623,-0.763339,-0.0814049,0.453673
0.712522,0.551142,0.451558;0.427239,-0.779606,-0.0869661,0.449576
0.71216,0.561585,0.451811;0.398385,-0.796903,-0.0930828,0.44449
0.712101,0.571597,0.452006;0.3675,-0.814081,-0.0994012,0.438561
0.712397,0.581924,0.45212;0.331383,-0.832501,-0.106504,0.431026
0.713141,0.592146,0.452083;0.289859,-0.851568,-0.114308,0.421601
0.714489,0.602367,0.451771;0.304156,-0.853257,-0.109451,0.40922
0.716681,0.612177,0.450953;0.357521,-0.841859,-0.095279,0.392904
0.720447,0.621373,0.448956;0.428087,-0.821713,-0.0754873,0.368553
0.726771,0.627026,0.444118;0.522965,-0.784396,-0.0467576,0.330218
0.733377,0.62535,0.4367;0.609444,-0.738209,-0.018049,0.288618
0.738091,0.620183,0.429201;0.669081,-0.697944,0.0034918,0.255328
0.741489,0.614011,0.421856;0.713557,-0.662327,0.0207145,0.227444
0.744001,0.607488,0.414534;0.749232,-0.629513,0.0354083,0.202757
0.745884,0.600652,0.406941;0.779848,-0.597675,0.0487801,0.179559
0.747177,0.593833,0.399268;0.805877,-0.567346,0.0608242,0.158053
0.747948,0.587282,0.391707;0.827785,-0.538979,0.07155,0.138399
0.748293,0.580797,0.383976;0.84712,-0.511302,0.081563,0.119608
0.748244,0.574482,0.376155;0.864084,-0.484508,0.0908685,0.101749
0.7478,0.56801,0.367791;0.87983,-0.457031,0.100046,0.0837454
0.746998,0.56184,0.359441;0.893463,-0.430685,0.108521,0.0667595
0.74589,0.556029,0.351192;0.905189,-0.405612,0.116311,0.0508309
0.744412,0.550198,0.34249;0.915936,-0.380101,0.123975,0.0348474
0.742605,0.544532,0.333585;0.919289,-0.367536,0.139628,0.0181558
0.740582,0.539179,0.324809;0.92027,-0.35864,0.156451,0.00208742
0.738288,0.533807,0.315736;0.920679,-0.349521,0.173176,-0.0139822
0.735973,0.52885,0.307202;0.920551,-0.340971,0.188414,-0.0287053
0.733484,0.523847,0.298502;0.919943,-0.332244,0.203553,-0.0434134
0.730844,0.518784,0.289678;0.918855,-0.323342,0.218586,-0.0580989
0.728081,0.513646,0.280768;0.917287,-0.314272,0.233504,-0.072754
0.725219,0.508418,0.271815;0.91524,-0.305038,0.248301,-0.0873712
0.722284,0.503086,0.262857;0.912716,-0.295645,0.262968,-0.101943
0.719302,0.497635,0.253935;0.909714,-0.286097,0.277498,-0.116461
0.716298,0.492051,0.245091;0.906238,-0.2764,0.291883,-0.130919
0.713298,0.48632,0.236363;0.902289,-0.266558,0.306116,-0.145308
0.710328,0.480426,0.227793;0.897869,-0.256578,0.320189,-0.159621
0.707413,0.474356,0.219421;0.89298,-0.246463,0.334094,-0.173851
0.704578,0.468095,0.211287;0.887624,-0.23622,0.347825,-0.18799
0.701849,0.461628,0.203432;0.881806,-0.225854,0.361375,-0.202031
0.699253,0.45494,0.195895;0.875527,-0.215369,0.374736,-0.215967
0.696814,0.448018,0.188718;0.868791,-0.204772,0.387901,-0.22979
0.694557,0.440847,0.181941;0.861601,-0.194069,0.400864,-0.243493
0.692335,0.432722,0.175051;0.853245,-0.182276,0.414767,-0.258296
0.690394,0.424265,0.168737;0.844359,-0.170371,0.428411,-0.272939
0.688768,0.415456,0.163052;0.834948,-0.15836,0.44179,-0.287412
0.68749,0.406277,0.158047;0.825019,-0.14625,0.454894,-0.301707
0.686593,0.396708,0.153777;0.814576,-0.134049,0.467715,-0.315814
0.68611,0.386731,0.150292;0.803628,-0.121766,0.480246,-0.329725
0.686075,0.376328,0.147645;0.792181,-0.109406,0.492478,-0.343432
0.686465,0.3664,0.146;0.781255,-0.0980166,0.503423,-0.355808
0.687284,0.356082,0.145144;0.769921,-0.086576,0.514105,-0.367999
0.688559,0.345362,0.145117;0.758185,-0.0750902,0.524518,-0.379998
0.690134,0.335253,0.145846;0.747172,-0.0646144,0.533747,-0.390734
0.692126,0.324788,0.147324;0.735837,-0.0541107,0.542746,-0.401302
0.694291,0.315055,0.149319;0.725364,-0.0446373,0.550644,-0.410665
0.696823,0.305017,0.151968;0.714637,-0.0351483,0.558351,-0.419884
0.699736,0.294665,0.155293;0.703661,-0.025647,0.565862,-0.428957
0.702656,0.285194,0.158833;0.693697,-0.0171938,0.572373,-0.436896
0.705607,0.276304,0.162563;0.705899,-0.0180707,0.567676,-0.423231
0.708755,0.267376,0.166665;0.718009,-0.0190827,0.562662,-0.40928
0.712141,0.258259,0.171182;0.729856,-0.0200876,0.557442,-0.395178
0.715753,0.248965,0.176094;0.741434,-0.0210852,0.552017,-0.38093
0.719187,0.240458,0.180834;0.751622,-0.0219764,0.546961,-0.367988
0.722788,0.231823,0.185862;0.761586,-0.0228611,0.541743,-0.354936
0.726546,0.223068,0.191162;0.771323,-0.023739,0.536362,-0.341778
0.730454,0.214202,0.196718;0.780831,-0.0246098,0.530823,-0.328519
0.734047,0.206233,0.20186;0.789087,-0.0253777,0.525766,-0.316651
0.737745,0.198188,0.207182;0.797158,-0.0261396,0.520585,-0.304708
0.741544,0.190071,0.212674;0.805041,-0.0268954,0.515282,-0.292694
0.745437,0.181889,0.218323;0.812735,-0.0276449,0.509858,-0.28061
0.749419,0.173646,0.224121;0.820238,-0.0283878,0.504314,-0.268461
0.753484,0.165348,0.230055;0.827547,-0.0291241,0.498652,-0.256249
0.757626,0.157001,0.236115;0.834663,-0.0298536,0.492872,-0.243976
0.76184,0.148609,0.242291;0.841582,-0.030576,0.486976,-0.231646
0.766119,0.140179,0.248572;0.848303,-0.0312912,0.480966,-0.219262
0.769912,0.132776,0.254145;0.85402,-0.031911,0.475614,-0.208383
0.773748,0.125351,0.259783;0.859583,-0.032525,0.470176,-0.197466
0.777622,0.117908,0.265479;0.864992,-0.0331332,0.464654,-0.186514
0.78153,0.110451,0.271225;0.870245,-0.0337354,0.459048,-0.175529
0.785469,0.102983,0.277014;0.875341,-0.0343316,0.453359,-0.164512
0.789434,0.0955075,0.282839;0.88028,-0.0349215,0.447589,-0.153465
0.793422,0.0880291,0.288692;0.88506,-0.0355052,0.441739,-0.142391
0.797429,0.080551,0.294568;0.889681,-0.0360825,0.435808,-0.131291
0.80145,0.0730768,0.300457;0.894141,-0.0366533,0.429799,-0.120167
0.805484,0.0656102,0.306354;0.898441,-0.0372175,0.423713,-0.109022
0.809524,0.0581548,0.312251;0.902579,-0.0377749,0.417551,-0.0978569
0.813568,0.0507144,0.318141;0.906554,-0.0383256,0.411313,-0.0866743
0.817611,0.0432926,0.324016;0.910366,-0.0388694,0.405002,-0.0754762
0.821651,0.035893,0.32987;0.914014,-0.0394062,0.398617,-0.0642644
0.825682,0.0285194,0.335695;0.917498,-0.0399359,0.39216,-0.0530411
0.829701,0.0211752,0.341484;0.920816,-0.0404584,0.385633,-0.0418083
0.833705,0.0138643,0.347229;0.923968,-0.0409736,0.379037,-0.0305679
0.837689,0.00659026,0.352925;0.926955,-0.0414814,0.372372,-0.019322
0.842212,-0.00167309,0.359363;0.930163,-0.0420526,0.364673,-0.0064654
0.8467,-0.00987805,0.365715;0.933152,-0.042614,0.356889,0.0063927
0.851145,-0.0180192,0.37197;0.935923,-0.0431653,0.34902,0.0192493
0.855543,-0.026091,0.378118;0.938473,-0.0437065,0.34107,0.0321014
0.859887,-0.034088,0.384148;0.940802,-0.0442374,0.333039,0.0449459
0.864171,-0.0420047,0.390048;0.94291,-0.0447578,0.32493,0.0577799
0.86839,-0.0498358,0.39581;0.944796,-0.0452678,0.316744,0.0706002
0.872538,-0.0575758,0.40142;0.94646,-0.0457671,0.308484,0.083404
0.876609,-0.0652191,0.40687;0.947902,-0.0462556,0.300151,0.0961882
0.880598,-0.0727603,0.412147;0.94912,-0.0467333,0.291748,0.10895
0.88498,-0.0811154,0.417866;0.950224,-0.0472575,0.282213,0.123276
0.889242,-0.0893266,0.423338;0.951045,-0.0477677,0.272593,0.137565
0.893376,-0.0973861,0.428548;0.951583,-0.0482637,0.262892,0.151813
0.897374,-0.105286,0.433481;0.951838,-0.0487452,0.253113,0.166016
0.901646,-0.113868,0.438619;0.951789,-0.0492633,0.24216,0.181739
0.905728,-0.122232,0.443375;0.95139,-0.0497633,0.231117,0.197396
0.90961,-0.130369,0.447728;0.950642,-0.050245,0.219989,0.212979
0.913635,-0.139043,0.452026;0.949415,-0.0507535,0.207656,0.230031
0.917715,-0.148161,0.456097;0.947595,-0.0512825,0.194096,0.248516
0.921453,-0.1569,0.459488;0.945274,-0.0517843,0.180433,0.266869
0.925094,-0.165918,0.462352;0.942195,-0.0522971,0.165524,0.286592
0.928511,-0.175082,0.464444;0.938225,-0.0528129,0.149354,0.307633
0.931739,-0.184823,0.465502;0.93286,-0.0533559,0.130743,0.331407
0.93445,-0.194795,0.46489;0.925777,-0.0539067,0.109659,0.35778
0.936204,-0.204246,0.461986;0.918053,-0.0631033,0.0940173,0.379943
0.936742,-0.212654,0.456496;0.913101,-0.113378,0.110998,0.375595
0.936153,-0.219466,0.449078;0.905921,-0.161164,0.126944,0.370431
0.934696,-0.224923,0.440235;0.896856,-0.206388,0.141856,0.364597
0.932714,-0.229039,0.430916;0.886811,-0.246883,0.155057,0.358569
0.930472,-0.232105,0.421641;0.876357,-0.28271,0.166613,0.352582
0.92801,-0.234492,0.412201;0.865266,-0.316026,0.177252,0.346445
0.925254,-0.236427,0.402161;0.852978,-0.348906,0.187646,0.339827
0.922444,-0.23786,0.392281;0.840385,-0.379292,0.197154,0.333197
0.919659,-0.238886,0.382715;0.82771,-0.407238,0.205812,0.326642
0.91675,-0.239632,0.372878;0.814157,-0.434752,0.214253,0.319741
0.913746,-0.240121,0.362827;0.799742,-0.461805,0.222466,0.312502
0.91068,-0.240372,0.352622;0.78448,-0.488369,0.230444,0.304931
0.907583,-0.240406,0.342319;0.768386,-0.514416,0.238177,0.297037
0.904705,-0.240262,0.332717;0.752713,-0.538114,0.245132,0.289425
0.901853,-0.239965,0.323129;0.736351,-0.561321,0.251863,0.281549
0.898837,-0.239494,0.312873;0.71798,-0.585739,0.258855,0.272779
0.89591,-0.238886,0.302745;0.698847,-0.609537,0.265572,0.263721
0.893103,-0.238161,0.292804;0.678975,-0.632688,0.272008,0.254383
0.890447,-0.237342,0.283109;0.658382,-0.65517,0.278156,0.244775
0.887805,-0.236381,0.27306;0.635546,-0.678486,0.284415,0.234194
0.88526,-0.23529,0.262806;0.610335,-0.702446,0.290711,0.222593
0.883043,-0.234161,0.253119;0.58428,-0.725434,0.296604,0.210685
0.881,-0.232885,0.243005;0.554004,-0.750094,0.302743,0.19694
0.879366,-0.231511,0.232888;0.519227,-0.775952,0.308941,0.181264
0.878429,-0.230063,0.222926;0.477852,-0.803611,0.315243,0.162755
0.878944,-0.228532,0.213032;0.421849,-0.836223,0.322105,0.137922
0.884756,-0.227404,0.20582;0.326092,-0.88068,0.329933,0.0959742
0.894242,-0.228187,0.209241;0.248855,-0.907319,0.333062,0.0625579
0.902389,-0.229558,0.215686;0.201124,-0.920015,0.333694,0.0420784
0.909677,-0.231074,0.222756;0.165467,-0.92771,0.333548,0.0268607
0.916531,-0.232671,0.230135;0.135906,-0.932959,0.333036,0.0142959
0.923044,-0.234309,0.237626;0.110452,-0.936672,0.332317,0.00351351
0.92955,-0.23604,0.245472;0.087043,-0.939434,0.33143,-0.00637294
