1.03604,-0.309717,0.40937;-0.336113,0.820253,-0.452361,0.0978859
1.02807,-0.302676,0.400933;-0.339333,0.82089,-0.44927,0.0956577
1.02026,-0.295727,0.392746;-0.342544,0.821505,-0.446166,0.0934271
1.01261,-0.28887,0.384805;-0.345746,0.8221,-0.443052,0.0911941
1.00512,-0.282105,0.377108;-0.34894,0.822674,-0.439926,0.0889588
0.997787,-0.27543,0.369653;-0.352124,0.823227,-0.43679,0.0867212
0.99061,-0.268844,0.362437;-0.3553,0.823759,-0.433642,0.0844815
0.983588,-0.262347,0.355457;-0.358467,0.824271,-0.430483,0.0822396
0.97672,-0.255937,0.34871;-0.361625,0.824761,-0.427313,0.0799956
0.970003,-0.249615,0.342195;-0.364774,0.825231,-0.424133,0.0777497
0.963436,-0.243378,0.335907;-0.367913,0.82568,-0.420942,0.0755017
0.957018,-0.237225,0.329846;-0.371043,0.826108,-0.41774,0.0732518
0.950748,-0.231157,0.324007;-0.374164,0.826515,-0.414528,0.0710001
0.944623,-0.225172,0.318388;-0.377275,0.826901,-0.411305,0.0687466
0.936682,-0.21732,0.311235;-0.381409,0.827384,-0.406991,0.0657393
0.928995,-0.209611,0.304463;-0.385525,0.827829,-0.40266,0.0627289
0.921558,-0.202044,0.298065;-0.389624,0.828237,-0.39831,0.0597158
0.914369,-0.194616,0.292035;-0.393706,0.828608,-0.393942,0.0566999
0.907423,-0.187326,0.286367;-0.397769,0.828941,-0.389557,0.0536816
0.900717,-0.180171,0.281054;-0.401815,0.829237,-0.385154,0.0506608
0.894248,-0.173149,0.276091;-0.405843,0.829496,-0.380734,0.0476377
0.888013,-0.166258,0.27147;-0.409853,0.829718,-0.376296,0.0446125
0.882008,-0.159496,0.267187;-0.413844,0.829902,-0.371842,0.0415852
0.87482,-0.15122,0.262296;-0.418807,0.83008,-0.366251,0.0377986
0.867981,-0.143138,0.25791;-0.42374,0.8302,-0.360634,0.0340093
0.861482,-0.135246,0.254015;-0.428643,0.830261,-0.354991,0.0302176
0.855318,-0.127538,0.2506;-0.433517,0.830264,-0.349324,0.0264238
0.848355,-0.118527,0.247118;-0.439325,0.83019,-0.342491,0.0218688
0.841852,-0.109769,0.244287;-0.445088,0.830033,-0.335623,0.0173116
0.835799,-0.101257,0.242087;-0.450807,0.829791,-0.328721,0.0127526
0.830185,-0.092983,0.240496;-0.456479,0.829466,-0.321786,0.00819233
0.824174,-0.0836217,0.239381;-0.463039,0.82898,-0.313654,0.00287102
0.818727,-0.0745632,0.239034;-0.469535,0.82838,-0.305479,-0.00245069
0.813824,-0.0657961,0.23942;-0.475967,0.827666,-0.297262,-0.00777207
0.808867,-0.0561183,0.240715;-0.483237,0.82671,-0.28782,-0.0138523
0.80457,-0.0467885,0.242874;-0.49042,0.825606,-0.278327,-0.01993
0.800909,-0.0377894,0.245847;-0.497514,0.824353,-0.268784,-0.0260042
0.797515,-0.0280391,0.2501;-0.505389,0.822767,-0.257991,-0.0328319
0.794853,-0.0186606,0.255247;-0.513149,0.820993,-0.247138,-0.0396522
0.792883,-0.00962944,0.261218;-0.520791,0.819032,-0.23623,-0.0464635
0.791568,-0.000920815,0.267939;-0.528315,0.816885,-0.225267,-0.0532642
0.790868,0.00748991,0.27534;-0.535719,0.814551,-0.214254,-0.0600527
0.790733,0.014736,0.282432;-0.542198,0.812322,-0.204423,-0.0660756
0.791027,0.0217835,0.289953;-0.54858,0.809946,-0.194555,-0.0720865
0.791724,0.0286497,0.297855;-0.554862,0.807424,-0.184652,-0.0780845
0.792797,0.0353521,0.306087;-0.561045,0.804758,-0.174716,-0.0840685
0.794218,0.0419078,0.314598;-0.567127,0.801946,-0.164749,-0.0900373
0.795961,0.0483343,0.323339;-0.573107,0.798991,-0.154752,-0.0959899
0.798,0.0546489,0.332259;-0.578984,0.795891,-0.144727,-0.101925
0.800163,0.0605027,0.340769;-0.572573,0.801718,-0.135062,-0.105673
0.802499,0.066177,0.349203;-0.551894,0.817466,-0.125245,-0.107129
0.805036,0.0717889,0.3577;-0.530788,0.83258,-0.115331,-0.108503
0.807761,0.0773457,0.366243;-0.509272,0.84705,-0.105328,-0.109793
0.810663,0.0828547,0.374815;-0.487361,0.860864,-0.0952434,-0.110997
0.813732,0.0883233,0.383399;-0.465073,0.874012,-0.0850851,-0.112116
0.816954,0.0937586,0.391979;-0.442425,0.886484,-0.074861,-0.113148
0.82032,0.099168,0.400537;-0.419435,0.898269,-0.0645789,-0.114092
0.823817,0.104559,0.409057;-0.39612,0.909359,-0.0542468,-0.114948
0.827434,0.109938,0.417521;-0.372498,0.919745,-0.0438728,-0.115715
0.83116,0.115314,0.425912;-0.348588,0.929419,-0.0334647,-0.116393
0.834983,0.120693,0.434215;-0.324408,0.938373,-0.0230308,-0.11698
0.838892,0.126082,0.44241;-0.299977,0.946602,-0.012579,-0.117477
0.842876,0.131489,0.450483;-0.275314,0.954097,-0.00211754,-0.117883
0.846923,0.136922,0.458415;-0.250437,0.960854,0.00834559,-0.118198
0.851022,0.142386,0.46619;-0.225367,0.966867,0.0188023,-0.118421
0.85516,0.147891,0.473791;-0.200123,0.972132,0.0292444,-0.118552
0.859328,0.153443,0.481201;-0.174723,0.976645,0.0396639,-0.118592
0.863513,0.159049,0.488403;-0.149188,0.980401,0.0500527,-0.11854
0.868027,0.165155,0.495907;-0.121561,0.983597,0.061197,-0.118381
0.872533,0.171342,0.503128;-0.0938239,0.985911,0.0722864,-0.118116
0.877018,0.177619,0.510047;-0.066003,0.987339,0.083311,-0.117745
0.881467,0.183994,0.516641;-0.0381228,0.987881,0.0942607,-0.117269
0.885866,0.190478,0.522889;-0.0102084,0.987537,0.105126,-0.116687
0.890507,0.197554,0.529176;0.0197094,0.986183,0.116662,-0.115947
0.895058,0.204777,0.535017;0.0496069,0.983814,0.128078,-0.115088
0.899499,0.212156,0.540384;0.0794533,0.980431,0.139362,-0.11411
0.904097,0.220212,0.545558;0.111198,0.975708,0.15124,-0.112937
0.90853,0.228474,0.550133;0.142813,0.969842,0.16294,-0.111632
0.912777,0.236953,0.554076;0.174261,0.962838,0.174449,-0.110196
0.916816,0.245665,0.557357;0.205503,0.954706,0.185754,-0.108631
0.920626,0.254622,0.559944;0.236506,0.945454,0.196841,-0.106938
0.924187,0.263838,0.561805;0.26723,0.935093,0.207697,-0.105121
0.927476,0.273327,0.562909;0.297642,0.923636,0.21831,-0.103179
0.930427,0.282942,0.563226;0.335758,0.908726,0.226567,-0.100748
0.933117,0.292899,0.562778;0.379856,0.889865,0.232999,-0.0977847
0.935522,0.303042,0.561587;0.423062,0.868911,0.238882,-0.0945914
0.937556,0.312815,0.559792;0.463287,0.847056,0.243964,-0.0913434
0.939346,0.322641,0.557379;0.502524,0.823394,0.248525,-0.0879006
0.940901,0.332464,0.554375;0.54069,0.797978,0.252557,-0.0842703
0.942228,0.342228,0.550809;0.577703,0.770859,0.25605,-0.0804604
0.943283,0.351397,0.546925;0.611725,0.743574,0.258863,-0.076682
0.944144,0.360413,0.54258;0.644571,0.714857,0.261177,-0.072756
0.944819,0.369228,0.537798;0.676176,0.684766,0.262989,-0.06869
0.945312,0.377793,0.532603;0.70648,0.653356,0.264296,-0.0644919
0.945643,0.386487,0.526714;0.73691,0.618936,0.265121,-0.0599389
0.945787,0.394795,0.52042;0.765768,0.583197,0.265381,-0.055258
0.945753,0.40266,0.513748;0.792994,0.546214,0.265076,-0.0504594
0.945546,0.410026,0.506726;0.818529,0.508067,0.264205,-0.0455532
0.945175,0.416837,0.499381;0.842318,0.468836,0.262771,-0.0405499
0.944617,0.42333,0.49135;0.865364,0.42657,0.260662,-0.0352035
0.943893,0.429083,0.483025;0.886375,0.383301,0.25794,-0.0297744
0.942968,0.434246,0.474022;0.906152,0.337007,0.254439,-0.0240119
0.94188,0.438451,0.464766;0.92359,0.289843,0.250282,-0.0181875
0.94064,0.441623,0.455294;0.938647,0.241932,0.245478,-0.0123162
0.939191,0.443753,0.4452;0.951798,0.191178,0.23978,-0.00614421
0.937597,0.444587,0.43495;0.962265,0.139884,0.233406,4.50645e-05
0.935947,0.444092,0.42504;0.969739,0.0904502,0.226692,0.00596535
0.934185,0.442257,0.415061;0.974711,0.0407827,0.219394,0.0118703
0.932406,0.439188,0.405506;0.977112,-0.00672713,0.211899,0.0174784
0.930632,0.435006,0.396409;0.977263,-0.0519616,0.204298,0.0227815
0.928882,0.429845,0.387793;0.975477,-0.0948331,0.196673,0.0277746
0.927171,0.423842,0.379677;0.972053,-0.135281,0.1891,0.0324558
0.925512,0.41714,0.372071;0.967277,-0.173269,0.181648,0.0368256
0.923918,0.409886,0.364981;0.961422,-0.208779,0.174378,0.0408866
0.922196,0.401158,0.357549;0.958432,-0.225738,0.168408,0.0457002
0.920597,0.392287,0.350861;0.958139,-0.229138,0.164086,0.0504095
0.918971,0.382586,0.344264;0.957796,-0.232526,0.159755,0.0551162
0.917593,0.373896,0.338841;0.957471,-0.235339,0.156139,0.0590362
0.916194,0.364682,0.333489;0.957111,-0.238145,0.152518,0.0629541
0.914771,0.354967,0.328213;0.956717,-0.240941,0.148891,0.0668697
0.913326,0.344775,0.323016;0.956288,-0.243729,0.145259,0.0707829
0.911856,0.334128,0.317902;0.955823,-0.246508,0.141622,0.0746934
0.91036,0.323051,0.312874;0.955324,-0.249277,0.137979,0.0786013
0.909145,0.313895,0.308917;0.9549,-0.251487,0.135062,0.0817255
0.907912,0.304491,0.30502;0.954453,-0.25369,0.132141,0.0848478
0.906661,0.294851,0.301184;0.953984,-0.255888,0.129217,0.0879682
0.905392,0.284986,0.297411;0.953493,-0.258079,0.12629,0.0910864
0.904104,0.274909,0.293705;0.95298,-0.260265,0.12336,0.0942026
0.902797,0.264632,0.290065;0.952444,-0.262444,0.120427,0.0973166
0.90147,0.254167,0.286495;0.951886,-0.264617,0.117491,0.100428
0.900122,0.243525,0.282996;0.951306,-0.266785,0.114553,0.103538
0.898754,0.23272,0.279571;0.950704,-0.268946,0.111612,0.106645
0.897365,0.221763,0.27622;0.95008,-0.2711,0.108668,0.109749
0.895954,0.210666,0.272947;0.949433,-0.273248,0.105722,0.112851
0.89452,0.199441,0.269752;0.948764,-0.27539,0.102774,0.11595
0.893064,0.1881,0.266639;0.948073,-0.277526,0.0998225,0.119047
0.891584,0.176656,0.263608;0.94736,-0.279655,0.0968691,0.12214
0.890081,0.16512,0.260662;0.946625,-0.281777,0.0939135,0.125231
0.888554,0.153504,0.257802;0.945868,-0.283893,0.0909557,0.128319
0.887001,0.141821,0.255031;0.945088,-0.286003,0.0879957,0.131404
0.885424,0.130082,0.252351;0.944287,-0.288105,0.0850337,0.134486
0.883821,0.1183,0.249762;0.943464,-0.290201,0.0820698,0.137565
0.882192,0.106487,0.247269;0.942618,-0.29229,0.0791039,0.140641
0.880536,0.0946537,0.244871;0.941751,-0.294373,0.0761361,0.143713
0.878853,0.0828136,0.242572;0.940861,-0.296448,0.0731666,0.146782
0.877142,0.0709783,0.240372;0.93995,-0.298517,0.0701954,0.149847
0.875403,0.0591598,0.238275;0.939017,-0.300578,0.0672226,0.152909
0.873636,0.0473703,0.236281;0.938062,-0.302633,0.0642481,0.155968
0.87184,0.0356216,0.234394;0.937084,-0.30468,0.0612722,0.159023
0.870013,0.023926,0.232614;0.936086,-0.306721,0.0582948,0.162074
0.868157,0.0122955,0.230943;0.935065,-0.308754,0.0553161,0.165121
0.866271,0.000742074,0.229385;0.934022,-0.31078,0.0523361,0.168165
0.864353,-0.0107222,0.22794;0.932958,-0.312799,0.0493549,0.171204
0.862403,-0.0220852,0.22661;0.931872,-0.31481,0.0463725,0.17424
0.860422,-0.0333349,0.225398;0.930764,-0.316814,0.043389,0.177271
0.858408,-0.0444593,0.224305;0.929634,-0.318811,0.0404046,0.180298
0.856361,-0.0554462,0.223333;0.928483,-0.3208,0.0374192,0.183322
0.854281,-0.0662837,0.222484;0.92731,-0.322782,0.0344329,0.18634
0.852166,-0.0769598,0.22176;0.926115,-0.324757,0.0314458,0.189355
0.850018,-0.0874622,0.221164;0.924899,-0.326723,0.0284579,0.192365
0.847834,-0.097779,0.220696;0.923661,-0.328682,0.0254694,0.195371
0.845614,-0.107898,0.220359;0.922402,-0.330634,0.0224804,0.198372
0.843359,-0.117808,0.220154;0.921121,-0.332577,0.0194907,0.201368
0.840489,-0.129881,0.220089;0.919489,-0.334996,0.0157531,0.205107
0.837561,-0.141584,0.220237;0.917824,-0.337403,0.0120149,0.208839
0.834574,-0.152894,0.220603;0.916126,-0.339797,0.00827622,0.212562
0.831527,-0.163787,0.221191;0.914394,-0.342179,0.00453726,0.216278
0.82842,-0.174238,0.222004;0.912629,-0.344548,0.000798137,0.219987
0.82525,-0.184226,0.223046;0.910831,-0.346905,-0.00294102,0.223687
0.822018,-0.193726,0.224322;0.908999,-0.349249,-0.00668006,0.227379
0.818528,-0.203229,0.22593;0.904845,-0.362527,-0.00519669,0.223164
0.814659,-0.212923,0.227981;0.898891,-0.382045,-0.000947764,0.21456
0.810728,-0.22198,0.230347;0.89248,-0.401368,0.00330164,0.205846
0.806382,-0.231171,0.233286;0.884968,-0.422215,0.00793537,0.196221
0.801995,-0.239682,0.2366;0.876921,-0.442807,0.0125643,0.186478
0.797215,-0.248181,0.240612;0.867605,-0.464811,0.0175703,0.175795
0.792428,-0.255982,0.245061;0.857672,-0.486486,0.0225638,0.164988
0.787289,-0.26366,0.250343;0.846295,-0.509441,0.0279234,0.153218
0.782196,-0.270651,0.256131;0.83422,-0.531976,0.03326,0.141322
0.777174,-0.277021,0.262426;0.821458,-0.554074,0.0385693,0.12931
0.772251,-0.282834,0.269227;0.80802,-0.575715,0.0438467,0.117191
0.767455,-0.288154,0.276533;0.793916,-0.596881,0.0490881,0.104976
0.762814,-0.293045,0.284343;0.779159,-0.617556,0.054289,0.0926739
0.758353,-0.297573,0.292658;0.763759,-0.637723,0.0594452,0.0802958
0.754101,-0.301801,0.301476;0.747731,-0.657364,0.0645524,0.0678516
0.750364,-0.305515,0.310115;0.732296,-0.675118,0.0692473,0.0562459
0.746853,-0.309078,0.319187;0.71634,-0.692392,0.0738931,0.0446004
0.743588,-0.312543,0.328692;0.699876,-0.709175,0.0784863,0.0329231
0.740814,-0.315697,0.337849;0.684237,-0.72422,0.0826769,0.0221232
0.738286,-0.318851,0.347374;0.668184,-0.738827,0.0868174,0.0113099
0.736022,-0.322045,0.357267;0.651727,-0.752986,0.0909053,0.000489682
0.734193,-0.325044,0.366658;0.636294,-0.765566,0.0946044,-0.00942923
0.732614,-0.328142,0.376358;0.620538,-0.777756,0.0982553,-0.0193433
0.731298,-0.331371,0.386365;0.604466,-0.789551,0.101856,-0.0292476
0.730257,-0.334762,0.39668;0.588087,-0.800944,0.105405,-0.039137
0.729562,-0.338012,0.406325;0.572937,-0.810949,0.108586,-0.0481103
0.729117,-0.341445,0.416223;0.557547,-0.820612,0.11172,-0.0570633
0.72893,-0.345085,0.426375;0.541922,-0.829931,0.114807,-0.0659923
0.729012,-0.348955,0.43678;0.526069,-0.838901,0.117847,-0.0748936
0.729325,-0.352654,0.446362;0.511613,-0.846672,0.12054,-0.082878
0.729871,-0.356576,0.456148;0.496982,-0.854156,0.123192,-0.0908341
0.730657,-0.360737,0.46614;0.482182,-0.861348,0.125802,-0.0987594
0.731691,-0.365156,0.476336;0.467218,-0.868248,0.128369,-0.106651
0.732824,-0.369313,0.48557;0.453783,-0.874133,0.130614,-0.113635
0.734164,-0.373699,0.494967;0.440226,-0.879782,0.132824,-0.120589
0.735715,-0.378326,0.504525;0.426551,-0.885195,0.134999,-0.127511
0.737484,-0.383205,0.514244;0.41276,-0.89037,0.137137,-0.134398
0.739474,-0.388348,0.524124;0.398859,-0.895306,0.139238,-0.141249
0.741402,-0.393076,0.532901;0.386607,-0.899427,0.141046,-0.147212
0.743507,-0.398023,0.541802;0.374276,-0.903363,0.142825,-0.153145
0.745793,-0.403198,0.550826;0.361868,-0.907113,0.144575,-0.159047
0.748263,-0.408609,0.559973;0.349385,-0.910676,0.146294,-0.164916
0.75092,-0.414265,0.569243;0.33683,-0.914052,0.147984,-0.170751
