0.82392,-0.15101,0.321746;0.258117,0.804406,0.373913,-0.382747
0.819267,-0.137931,0.325943;0.259881,0.806322,0.368772,-0.382509
0.814705,-0.125069,0.330107;0.261637,0.808212,0.363618,-0.382259
0.810236,-0.112422,0.334238;0.263383,0.810074,0.358452,-0.381996
0.805857,-0.0999899,0.338336;0.265121,0.81191,0.353274,-0.38172
0.801569,-0.0877702,0.342401;0.266851,0.813718,0.348085,-0.381432
0.797371,-0.075762,0.346433;0.268571,0.8155,0.342884,-0.38113
0.793261,-0.0639638,0.350432;0.270282,0.817254,0.337671,-0.380817
0.789241,-0.0523743,0.354399;0.271985,0.818981,0.332447,-0.38049
0.785308,-0.0409921,0.358334;0.273678,0.820681,0.327212,-0.380151
0.781463,-0.0298159,0.362236;0.275362,0.822354,0.321967,-0.379799
0.777705,-0.0188443,0.366106;0.277037,0.823999,0.31671,-0.379435
0.774033,-0.00807592,0.369945;0.278703,0.825617,0.311443,-0.379058
0.770446,0.00249063,0.373751;0.28036,0.827207,0.306166,-0.378668
0.766944,0.0128567,0.377526;0.282007,0.82877,0.300878,-0.378266
0.763527,0.0230237,0.381269;0.283645,0.830305,0.295581,-0.377851
0.760194,0.0329929,0.384981;0.285273,0.831813,0.290273,-0.377423
0.756943,0.0427657,0.388662;0.286892,0.833292,0.284956,-0.376983
0.753775,0.0523436,0.392311;0.288502,0.834745,0.27963,-0.376531
0.75069,0.0617278,0.39593;0.290102,0.836169,0.274294,-0.376065
0.747685,0.0709198,0.399517;0.291692,0.837566,0.268949,-0.375588
0.744761,0.0799208,0.403074;0.293272,0.838934,0.263595,-0.375098
0.740988,0.0916277,0.407769;0.295364,0.840716,0.256443,-0.374425
0.737355,0.103001,0.412409;0.297439,0.842448,0.249276,-0.37373
0.733862,0.114044,0.416996;0.299496,0.844129,0.242093,-0.373013
0.730507,0.124759,0.421529;0.301535,0.845761,0.234897,-0.372273
0.727288,0.135151,0.426009;0.303557,0.847343,0.227687,-0.371512
0.724205,0.145222,0.430436;0.30556,0.848875,0.220463,-0.370729
0.721256,0.154975,0.434811;0.307545,0.850357,0.213226,-0.369924
0.718439,0.164414,0.439133;0.309513,0.851788,0.205977,-0.369097
0.715753,0.173542,0.443404;0.311462,0.853169,0.198715,-0.368248
0.713197,0.182363,0.447622;0.313392,0.8545,0.191442,-0.367377
0.710182,0.192961,0.452824;0.315779,0.856092,0.182334,-0.366258
0.707364,0.203089,0.457946;0.318137,0.857604,0.17321,-0.365106
0.70474,0.212755,0.462989;0.320465,0.859038,0.164069,-0.363919
0.702308,0.221963,0.467953;0.322764,0.860392,0.154914,-0.362699
0.700065,0.230722,0.47284;0.325033,0.861667,0.145744,-0.361445
0.697619,0.240646,0.478603;0.327716,0.863091,0.134722,-0.359897
0.695437,0.249942,0.484255;0.330356,0.864401,0.123683,-0.3583
0.693512,0.258621,0.489799;0.332951,0.865595,0.112626,-0.356656
0.691587,0.26798,0.49613;0.335923,0.866843,0.0997089,-0.354678
0.689999,0.276531,0.502317;0.338834,0.867934,0.0867733,-0.352636
0.688587,0.285336,0.509211;0.342086,0.868988,0.0719707,-0.350224
0.687595,0.293134,0.515921;0.345257,0.869837,0.057151,-0.347729
0.686965,0.300736,0.523252;0.348727,0.870545,0.0404628,-0.344823
0.68685,0.307771,0.531131;0.352459,0.871027,0.0219065,-0.341474
0.687409,0.313853,0.539481;0.356415,0.871185,0.00148537,-0.337644
0.688804,0.318585,0.548217;0.360548,0.870912,-0.0207926,-0.333294
0.691416,0.32171,0.557928;0.365127,0.870009,-0.0467688,-0.327994
0.695325,0.322346,0.567774;0.369739,0.868341,-0.0745623,-0.322053
0.699944,0.320556,0.576457;0.373767,0.866132,-0.100447,-0.316265
0.705437,0.316607,0.584663;0.377523,0.863296,-0.12626,-0.310249
0.711268,0.311128,0.591868;0.380767,0.860103,-0.150147,-0.304461
0.717229,0.304621,0.598174;0.383549,0.856678,-0.172114,-0.298949
0.723148,0.297511,0.603671;0.385921,0.853137,-0.192169,-0.293756
0.72888,0.290155,0.608439;0.387927,0.849587,-0.210328,-0.288922
0.734924,0.282002,0.612993;0.38979,0.845724,-0.228408,-0.283981
0.740611,0.274024,0.616914;0.391343,0.841979,-0.244609,-0.279444
0.746516,0.265479,0.620669;0.392779,0.837982,-0.260736,-0.274823
0.751935,0.257436,0.623871;0.393957,0.834218,-0.275006,-0.270647
0.757501,0.249,0.626948;0.395042,0.830257,-0.289211,-0.266406
0.763203,0.240197,0.629902;0.396033,0.8261,-0.303347,-0.262103
0.76903,0.231052,0.632735;0.39693,0.821747,-0.317412,-0.257737
0.774222,0.22279,0.635118;0.397638,0.817779,-0.329657,-0.253867
0.779493,0.214305,0.637412;0.398274,0.813662,-0.341842,-0.249951
0.784835,0.205612,0.639619;0.398838,0.809398,-0.353965,-0.24599
0.790241,0.196731,0.641741;0.39933,0.804988,-0.366025,-0.241984
0.7962,0.186849,0.64396;0.406068,0.801454,-0.36749,-0.240274
0.801549,0.177901,0.645851;0.412729,0.798419,-0.36748,-0.239039
0.806943,0.168809,0.647664;0.419367,0.795341,-0.367451,-0.23779
0.812378,0.15958,0.649401;0.425982,0.792219,-0.367401,-0.236528
0.817851,0.150221,0.651063;0.432574,0.789053,-0.36733,-0.235253
0.823358,0.14074,0.652649;0.439142,0.785844,-0.36724,-0.233965
0.828896,0.131144,0.654161;0.445685,0.782591,-0.367129,-0.232664
0.834462,0.121441,0.655599;0.452204,0.779295,-0.366998,-0.23135
0.840052,0.111639,0.656963;0.458699,0.775956,-0.366847,-0.230024
0.845662,0.101744,0.658255;0.465167,0.772575,-0.366675,-0.228684
0.85129,0.0917642,0.659475;0.471611,0.769151,-0.366484,-0.227333
0.856931,0.0817075,0.660624;0.478028,0.765684,-0.366272,-0.225968
0.862582,0.0715811,0.661702;0.484419,0.762176,-0.36604,-0.224592
0.868241,0.0613925,0.66271;0.490783,0.758625,-0.365787,-0.223203
0.873902,0.0511492,0.663649;0.49712,0.755033,-0.365515,-0.221801
0.879563,0.0408586,0.664518;0.50343,0.751399,-0.365223,-0.220388
0.885221,0.0305284,0.66532;0.509712,0.747723,-0.36491,-0.218962
0.890872,0.0201659,0.666054;0.515966,0.744007,-0.364577,-0.217524
0.896512,0.00977873,0.666721;0.522192,0.740249,-0.364224,-0.216074
0.902139,-0.000625698,0.667321;0.528388,0.736451,-0.363852,-0.214613
0.907748,-0.0110399,0.667856;0.534556,0.732612,-0.363459,-0.213139
0.913336,-0.0214563,0.668326;0.540694,0.728732,-0.363046,-0.211654
0.9189,-0.0318674,0.668731;0.546802,0.724813,-0.362613,-0.210157
0.924436,-0.0422658,0.669072;0.552881,0.720853,-0.36216,-0.208648
0.929941,-0.052644,0.66935;0.558928,0.716854,-0.361687,-0.207128
0.935411,-0.0629944,0.669566;0.564945,0.712815,-0.361194,-0.205597
0.940843,-0.0733096,0.669719;0.570931,0.708737,-0.360681,-0.204054
0.946234,-0.083582,0.669812;0.576886,0.70462,-0.360149,-0.2025
0.951579,-0.0938042,0.669843;0.582808,0.700464,-0.359596,-0.200935
0.956876,-0.103969,0.669815;0.588699,0.69627,-0.359024,-0.199359
0.962121,-0.114068,0.669726;0.594557,0.692037,-0.358432,-0.197771
0.967311,-0.124095,0.66958;0.600382,0.687766,-0.35782,-0.196173
0.972442,-0.134041,0.669374;0.606174,0.683457,-0.357188,-0.194564
0.977511,-0.1439,0.669112;0.611933,0.679111,-0.356537,-0.192945
0.982514,-0.153663,0.668792;0.617658,0.674727,-0.355866,-0.191314
0.987448,-0.163324,0.668416;0.623349,0.670306,-0.355176,-0.189674
0.992309,-0.172874,0.667984;0.629006,0.665848,-0.354466,-0.188022
0.997094,-0.182307,0.667497;0.634628,0.661353,-0.353736,-0.186361
1.0018,-0.191615,0.666956;0.640215,0.656822,-0.352987,-0.184689
1.00642,-0.20079,0.666361;0.645767,0.652254,-0.352219,-0.183007
1.01096,-0.209825,0.665712;0.651283,0.647651,-0.351431,-0.181315
1.01628,-0.220471,0.664865;0.657855,0.64208,-0.35046,-0.179271
1.02147,-0.230892,0.663942;0.664375,0.636458,-0.349461,-0.177213
1.02652,-0.241074,0.662947;0.670842,0.630785,-0.348434,-0.175141
1.03142,-0.251004,0.661878;0.677256,0.625063,-0.34738,-0.173055
1.03617,-0.26067,0.660739;0.683616,0.619291,-0.346298,-0.170955
1.04075,-0.270059,0.659528;0.689922,0.613469,-0.345189,-0.168842
1.04518,-0.279158,0.658249;0.696173,0.607599,-0.344052,-0.166715
1.05012,-0.289388,0.65667;0.703396,0.60069,-0.342692,-0.164217
1.05482,-0.299185,0.655001;0.710544,0.593716,-0.341294,-0.161702
1.05927,-0.308528,0.653241;0.717614,0.586678,-0.339859,-0.159169
1.06403,-0.318624,0.651124;0.7256,0.578557,-0.338175,-0.156253
1.06844,-0.328069,0.648894;0.733483,0.570354,-0.336443,-0.153315
1.07296,-0.337879,0.646255;0.742228,0.561029,-0.334438,-0.149984
1.07697,-0.346754,0.643491;0.750811,0.551638,-0.33238,-0.146638
1.08092,-0.355681,0.640206;0.77419,0.520716,-0.32593,-0.152496
1.08458,-0.364259,0.636366;0.798871,0.485186,-0.318112,-0.158757
1.08801,-0.372723,0.631523;0.826637,0.440902,-0.307812,-0.165917
1.09076,-0.380278,0.625421;0.857208,0.385285,-0.294074,-0.173985
1.09214,-0.38583,0.617178;0.891956,0.309301,-0.274,-0.183498
1.0907,-0.386225,0.607415;0.924582,0.21598,-0.247476,-0.19302
1.087,-0.381484,0.599314;0.944906,0.133511,-0.222454,-0.199606
1.08264,-0.374624,0.593316;0.955695,0.0676277,-0.20145,-0.203695
1.07812,-0.366926,0.588687;0.961099,0.0124574,-0.183186,-0.206339
1.07352,-0.358735,0.584954;0.963142,-0.0361339,-0.166594,-0.208083
1.06888,-0.350191,0.581882;0.962789,-0.0802282,-0.151127,-0.209192
1.06409,-0.341146,0.579283;0.960506,-0.121957,-0.136127,-0.209821
1.05952,-0.33232,0.577248;0.956857,-0.159092,-0.122478,-0.210034
1.05499,-0.323405,0.575607;0.952042,-0.193814,-0.109454,-0.209931
1.05055,-0.314532,0.574325;0.94632,-0.226121,-0.0971057,-0.209568
1.04595,-0.305181,0.57331;0.939434,-0.258149,-0.0846375,-0.208948
1.04151,-0.296038,0.572617;0.931965,-0.287757,-0.0729064,-0.208137
1.03695,-0.286509,0.572183;0.923499,-0.317057,-0.0610972,-0.207103
1.03261,-0.277329,0.572023;0.914751,-0.343961,-0.0500726,-0.205945
1.02819,-0.267843,0.572108;0.90516,-0.370547,-0.0390019,-0.204596
1.02369,-0.258061,0.572448;0.894732,-0.396792,-0.0278951,-0.203059
1.01947,-0.248781,0.572998;0.884373,-0.420692,-0.0176197,-0.201473
1.0152,-0.239269,0.573783;0.873319,-0.444262,-0.00733032,-0.199729
1.01089,-0.229537,0.574811;0.861577,-0.467483,0.00296478,-0.197828
1.0069,-0.220428,0.575973;0.850219,-0.488445,0.0124001,-0.195948
1.00278,-0.210917,0.57739;0.836964,-0.512296,0.0233825,-0.191044
0.998864,-0.201778,0.578935;0.822403,-0.537571,0.0353169,-0.18282
0.994928,-0.192498,0.580668;0.80697,-0.562276,0.0472138,-0.174403
0.990969,-0.183089,0.582575;0.79068,-0.586384,0.0590606,-0.165801
0.986987,-0.173561,0.584645;0.773552,-0.609871,0.0708447,-0.157022
0.982981,-0.163925,0.586864;0.755603,-0.63271,0.0825537,-0.148077
0.97922,-0.154844,0.589058;0.738127,-0.653421,0.0934033,-0.139587
0.975439,-0.145687,0.591359;0.719969,-0.673529,0.104167,-0.130967
0.971637,-0.136462,0.593758;0.701146,-0.693014,0.114834,-0.122226
0.967814,-0.12718,0.596243;0.681675,-0.711858,0.125395,-0.113373
0.96397,-0.117848,0.598804;0.661573,-0.730045,0.13584,-0.104414
0.960104,-0.108475,0.601431;0.640861,-0.747557,0.146159,-0.0953595
0.956216,-0.0990695,0.604113;0.619556,-0.764378,0.156343,-0.0862165
0.952307,-0.0896409,0.606838;0.597678,-0.780493,0.166383,-0.0769938
0.948376,-0.0801977,0.609598;0.575248,-0.795887,0.17627,-0.0677
0.944422,-0.0707487,0.61238;0.552286,-0.810545,0.185993,-0.0583436
0.940447,-0.0613025,0.615175;0.528814,-0.824453,0.195544,-0.0489333
0.936449,-0.0518679,0.617972;0.504854,-0.8376,0.204915,-0.0394778
0.932428,-0.0424537,0.620759;0.480426,-0.849973,0.214096,-0.0299858
0.928384,-0.0330686,0.623528;0.455555,-0.86156,0.223079,-0.0204661
0.924318,-0.0237214,0.626267;0.430263,-0.872351,0.231857,-0.0109274
0.920228,-0.0144207,0.628965;0.404573,-0.882336,0.24042,-0.00137868
0.916115,-0.00517547,0.631612;0.378509,-0.891506,0.24876,0.00817133
0.911979,0.00400571,0.634197;0.352095,-0.899851,0.256871,0.0177138
0.907819,0.013114,0.63671;0.325356,-0.907365,0.264745,0.0272399
0.903635,0.0221408,0.63914;0.298317,-0.91404,0.272374,0.0367408
0.899428,0.0310771,0.641476;0.271001,-0.919871,0.279751,0.0462078
0.895196,0.0399144,0.643708;0.243435,-0.924852,0.286869,0.055632
0.890635,0.049263,0.645972;0.213652,-0.929239,0.294202,0.0656721
0.886046,0.0584771,0.648092;0.183641,-0.932641,0.301222,0.0756426
0.881429,0.0675458,0.650054;0.153436,-0.935053,0.307923,0.0855328
0.876783,0.0764585,0.651845;0.123068,-0.936474,0.314298,0.0953323
0.872108,0.0852043,0.653452;0.0925689,-0.936901,0.320339,0.105031
0.86709,0.0943372,0.654949;0.0599296,-0.93626,0.326407,0.115252
0.862039,0.103255,0.656206;0.0272179,-0.93449,0.332082,0.125335
0.856955,0.111944,0.657207;-0.00552667,-0.931592,0.337356,0.135267
0.851516,0.120913,0.657974;-0.0403095,-0.92728,0.342514,0.14564
0.846038,0.129593,0.658415;-0.0750375,-0.921705,0.347204,0.155814
0.840522,0.137969,0.658512;-0.109663,-0.914874,0.351422,0.165776
0.83464,0.14649,0.658218;-0.146162,-0.906283,0.355365,0.176078
0.828713,0.154634,0.657494;-0.182437,-0.896307,0.358766,0.186111
0.822409,0.162801,0.656239;-0.220424,-0.884292,0.361761,0.196392
0.816056,0.170507,0.654453;-0.258036,-0.870772,0.36414,0.206339
0.809314,0.178094,0.651971;-0.297152,-0.854939,0.365975,0.21643
0.802516,0.18512,0.648841;-0.335708,-0.837494,0.367119,0.226113
0.795661,0.191558,0.645032;-0.37363,-0.81847,0.367571,0.235369
0.788602,0.197501,0.64041;-0.395287,-0.807721,0.364739,0.241455
0.781686,0.202652,0.635201;-0.382913,-0.817382,0.356441,0.241277
0.774761,0.207164,0.629347;-0.370418,-0.826784,0.348032,0.241023
0.767863,0.211025,0.622907;-0.357806,-0.835926,0.339512,0.240694
0.761028,0.214223,0.615939;-0.345081,-0.844805,0.330885,0.240288
0.754293,0.216747,0.608501;-0.332248,-0.853417,0.322155,0.239807
0.747692,0.218585,0.600651;-0.319309,-0.86176,0.313322,0.23925
0.741263,0.219725,0.592449;-0.30627,-0.869831,0.304391,0.238618
0.73504,0.220156,0.583952;-0.293135,-0.877628,0.295363,0.23791
0.72906,0.219865,0.575219;-0.279907,-0.885148,0.286243,0.237127
0.723359,0.21884,0.566308;-0.26659,-0.89239,0.277032,0.23627
0.717973,0.217071,0.557278;-0.25319,-0.899349,0.267734,0.235338
0.712937,0.214544,0.548187;-0.23971,-0.906025,0.258352,0.234332
0.708288,0.21125,0.539093;-0.226154,-0.912416,0.248888,0.233252
0.704062,0.207174,0.530055;-0.212527,-0.918519,0.239345,0.232098
0.700294,0.202306,0.521132;-0.198833,-0.924332,0.229727,0.230872
0.69702,0.196635,0.512381;-0.185076,-0.929853,0.220037,0.229572
0.694277,0.190147,0.503861;-0.171261,-0.935082,0.210277,0.2282
0.692101,0.182832,0.495631;-0.157392,-0.940015,0.200451,0.226756
0.69067,0.175626,0.488605;-0.145022,-0.944152,0.191664,0.225413
0.689741,0.167748,0.481895;-0.132616,-0.948053,0.182829,0.224013
0.689338,0.15919,0.475543;-0.120177,-0.951718,0.173948,0.222558
0.689487,0.149944,0.469588;-0.107708,-0.955146,0.165024,0.221047
0.690212,0.140002,0.464072;-0.0952119,-0.958336,0.156059,0.219481
0.69134,0.130725,0.459637;-0.0842584,-0.960932,0.148182,0.218066
0.692946,0.120903,0.455598;-0.0732889,-0.963344,0.140277,0.216609
0.695046,0.11053,0.451981;-0.0623054,-0.965572,0.132346,0.215111
0.697658,0.0996015,0.448814;-0.05131,-0.967617,0.124389,0.213572
0.700318,0.0897872,0.446478;-0.0418775,-0.969222,0.11755,0.21222
0.703376,0.0795567,0.444511;-0.0324391,-0.970691,0.110694,0.210839
0.706844,0.0689067,0.442929;-0.0229962,-0.972025,0.103823,0.209428
0.710732,0.0578335,0.441749;-0.01355,-0.973222,0.0969378,0.207987
0.714301,0.0482801,0.441086;-0.00567674,-0.974115,0.0911894,0.206765
0.718175,0.0384284,0.440724;0.00219711,-0.974914,0.0854322,0.205522
0.722361,0.0282765,0.440675;0.0100707,-0.975618,0.0796666,0.20426
0.726865,0.0178222,0.440947;0.0179434,-0.976226,0.0738932,0.202977
0.731693,0.00706356,0.44155;0.0258143,-0.97674,0.0681127,0.201675
0.73685,-0.00400143,0.442495;0.0336827,-0.977159,0.0623255,0.200353
0.741218,-0.0130754,0.443504;0.0399751,-0.977426,0.0576914,0.199281
0.745805,-0.0223477,0.444744;0.046265,-0.977631,0.0530537,0.198197
0.750613,-0.0318194,0.446218;0.052552,-0.977776,0.0484127,0.197101
0.755645,-0.0414917,0.447933;0.0588357,-0.97786,0.0437686,0.195992
0.760906,-0.0513654,0.449894;0.0651158,-0.977883,0.0391218,0.194872
0.766397,-0.0614417,0.452105;0.0713918,-0.977845,0.0344726,0.193739
0.772123,-0.0717215,0.454572;0.0776634,-0.977746,0.0298213,0.192594
0.778086,-0.082206,0.4573;0.0839302,-0.977586,0.0251681,0.191437
