0.826566,0.289029,0.507909;0.773824,0.485941,0.379139,0.145984
0.826993,0.28664,0.518321;0.759626,0.504416,0.385114,0.142194
0.827519,0.284933,0.528275;0.744979,0.522592,0.390861,0.13832
0.828202,0.283822,0.538621;0.728496,0.542066,0.396866,0.134
0.829067,0.283466,0.549237;0.71006,0.562731,0.403055,0.129213
0.830057,0.283951,0.559252;0.691035,0.58293,0.40891,0.124319
0.831257,0.285367,0.569379;0.669908,0.604142,0.414837,0.118934
0.832693,0.287856,0.579491;0.646559,0.626225,0.420745,0.113038
0.834275,0.291289,0.58886;0.622496,0.647618,0.426189,0.107017
0.836118,0.295919,0.598059;0.596074,0.669649,0.431478,0.100465
0.838112,0.301476,0.606462;0.568903,0.69084,0.436225,0.0937863
0.840248,0.307882,0.614093;0.541019,0.711165,0.440426,0.0869903
0.842519,0.315061,0.62098;0.512457,0.730598,0.444074,0.0800853
0.844915,0.322936,0.627146;0.483251,0.749114,0.447165,0.0730797
0.847429,0.331432,0.632618;0.45344,0.76669,0.449695,0.0659825
0.850052,0.340472,0.637421;0.423059,0.783305,0.45166,0.0588025
0.852603,0.349373,0.641339;0.394095,0.797989,0.452989,0.0520041
0.855235,0.358621,0.644712;0.364696,0.811793,0.453818,0.0451484
0.857942,0.368155,0.647561;0.334895,0.824702,0.454146,0.0382428
0.860716,0.377911,0.649907;0.304725,0.836702,0.453974,0.0312952
0.86355,0.387826,0.651771;0.274219,0.84778,0.453302,0.024313
0.866439,0.397837,0.653174;0.24341,0.857923,0.452129,0.017304
0.869374,0.407881,0.654137;0.212333,0.867119,0.450459,0.0102759
0.872349,0.417896,0.654681;0.181022,0.87536,0.448291,0.0032365
0.875357,0.427818,0.654826;0.149512,0.882636,0.445629,-0.00380647
0.87839,0.437584,0.654594;0.117836,0.888939,0.442476,-0.0108452
0.881443,0.447132,0.654006;0.086031,0.894261,0.438835,-0.0178721
0.884712,0.457005,0.653009;0.0520016,0.898852,0.434418,-0.0253454
0.887986,0.466481,0.651656;0.0179069,0.902315,0.429456,-0.032787
0.891376,0.475811,0.649903;0.0705737,0.896891,0.436402,-0.0125981
0.894984,0.485195,0.647657;0.127874,0.887618,0.442373,0.00943016
0.898704,0.494269,0.644941;0.186849,0.874334,0.446752,0.0322656
0.902654,0.503219,0.641613;0.249312,0.855982,0.449367,0.0566392
0.906676,0.511571,0.637757;0.312656,0.832639,0.449784,0.0815634
0.911002,0.519645,0.633066;0.380452,0.801988,0.447552,0.108487
0.915455,0.526873,0.627627;0.449742,0.763992,0.442121,0.136296
0.920099,0.533088,0.62124;0.521368,0.716653,0.432699,0.165395
0.924962,0.537882,0.613676;0.595472,0.657422,0.418107,0.19595
0.929701,0.540445,0.605282;0.666612,0.588228,0.398274,0.225821
0.934117,0.540329,0.596306;0.731685,0.510692,0.373405,0.253769
0.937876,0.537503,0.587463;0.785915,0.431033,0.345573,0.277717
0.940853,0.532541,0.5793;0.827886,0.354797,0.317144,0.296889
0.943143,0.526067,0.571922;0.859395,0.283716,0.289261,0.311888
0.944846,0.518681,0.565389;0.88225,0.219073,0.262855,0.32334
0.946105,0.510636,0.559523;0.898704,0.159634,0.23775,0.332149
0.947025,0.501968,0.554129;0.910353,0.10379,0.213477,0.338988
0.94765,0.492919,0.549215;0.917964,0.0518788,0.190331,0.34413
0.948025,0.483868,0.544845;0.923751,0.0117714,0.184268,0.335544
0.948222,0.474309,0.540682;0.928534,-0.0237044,0.185658,0.320615
0.948275,0.464555,0.536806;0.931775,-0.057281,0.186717,0.306025
0.948216,0.454734,0.533211;0.933679,-0.0889219,0.187485,0.291866
0.948075,0.444966,0.52989;0.934443,-0.118604,0.188001,0.278218
0.947877,0.435356,0.526833;0.934252,-0.146317,0.188303,0.265153
0.947621,0.42532,0.523835;0.933185,-0.173892,0.188428,0.251839
0.947339,0.415576,0.521091;0.931398,-0.199483,0.188385,0.239199
0.947021,0.405478,0.518403;0.928849,-0.22491,0.188188,0.226363
0.946673,0.395034,0.515773;0.925541,-0.250153,0.187837,0.213342
0.946328,0.385033,0.513384;0.921791,-0.27341,0.187374,0.201095
0.945969,0.374746,0.511049;0.917391,-0.296475,0.186778,0.188705
0.9456,0.364182,0.508769;0.912345,-0.319331,0.186051,0.176183
0.945256,0.354189,0.506714;0.907115,-0.340228,0.185263,0.164514
0.944911,0.34397,0.50471;0.90134,-0.360922,0.184364,0.152746
0.94457,0.33353,0.502757;0.895024,-0.381398,0.183354,0.140885
0.944237,0.322874,0.500857;0.88817,-0.401646,0.182234,0.128941
0.943942,0.312921,0.499162;0.881418,-0.419994,0.181111,0.117923
0.943661,0.302795,0.497514;0.874221,-0.438131,0.179897,0.106846
0.943396,0.292501,0.495914;0.866583,-0.456046,0.178592,0.0957151
0.94315,0.282041,0.494363;0.858507,-0.473731,0.177196,0.0845357
0.942927,0.271421,0.492861;0.849998,-0.491176,0.175711,0.0733137
0.94273,0.260643,0.491411;0.841059,-0.508374,0.174138,0.0620546
0.942575,0.250713,0.490137;0.832565,-0.523786,0.172631,0.0517918
0.942447,0.24066,0.488907;0.823723,-0.538979,0.171052,0.0415073
0.942346,0.230486,0.487721;0.814538,-0.553947,0.169402,0.0312055
0.942277,0.220195,0.486581;0.805012,-0.568684,0.167681,0.0208907
0.94224,0.20979,0.485487;0.795151,-0.583184,0.16589,0.0105672
0.942239,0.199274,0.484441;0.784958,-0.597441,0.16403,0.000239302
0.942275,0.18865,0.483441;0.774437,-0.611448,0.162102,-0.0100887
0.942352,0.17792,0.482491;0.763593,-0.6252,0.160105,-0.0204125
0.942471,0.167089,0.48159;0.752431,-0.638691,0.158042,-0.0307278
0.942634,0.156158,0.480739;0.740954,-0.651916,0.155913,-0.0410303
0.942845,0.145131,0.479939;0.729169,-0.664869,0.153719,-0.0513157
0.943076,0.135128,0.479264;0.718301,-0.676289,0.15169,-0.0605543
0.94335,0.125051,0.478631;0.707191,-0.687481,0.149609,-0.0697725
0.943666,0.114903,0.478041;0.695842,-0.69844,0.147478,-0.078967
0.944028,0.104686,0.477495;0.684257,-0.709163,0.145297,-0.0881349
0.944436,0.0944032,0.476994;0.672442,-0.719647,0.143067,-0.097273
0.944893,0.0840556,0.476537;0.660399,-0.729887,0.140788,-0.106378
0.9454,0.0736459,0.476126;0.648133,-0.739881,0.138462,-0.115448
0.945958,0.0631763,0.475761;0.635648,-0.749625,0.136089,-0.124478
0.94657,0.0526489,0.475443;0.622948,-0.759115,0.13367,-0.133466
0.947238,0.0420659,0.475172;0.610037,-0.768349,0.131206,-0.142409
0.947962,0.0314295,0.474949;0.59692,-0.777323,0.128697,-0.151304
0.948745,0.0207421,0.474775;0.583602,-0.786034,0.126145,-0.160148
0.949588,0.0100056,0.47465;0.570086,-0.794479,0.12355,-0.168937
0.950493,-0.000777542,0.474574;0.556377,-0.802656,0.120914,-0.17767
0.951571,-0.0127769,0.474549;0.549565,-0.806603,0.121701,-0.18044
0.952788,-0.0254699,0.474589;0.550452,-0.806119,0.126069,-0.176866
0.954082,-0.0382029,0.474697;0.551322,-0.805607,0.130434,-0.173286
0.955446,-0.0509631,0.474873;0.552174,-0.80507,0.134794,-0.1697
0.956874,-0.063738,0.475116;0.553007,-0.804505,0.139149,-0.166109
0.958358,-0.0765147,0.475424;0.553822,-0.803915,0.1435,-0.162512
0.959891,-0.0892805,0.475798;0.554619,-0.803297,0.147847,-0.15891
0.961467,-0.102023,0.476237;0.555398,-0.802654,0.152188,-0.155303
0.963077,-0.114729,0.476741;0.556158,-0.801984,0.156524,-0.15169
0.964714,-0.127385,0.477307;0.5569,-0.801288,0.160856,-0.148073
0.966373,-0.139981,0.477937;0.557624,-0.800565,0.165182,-0.144451
0.968046,-0.152501,0.47863;0.55833,-0.799816,0.169502,-0.140824
0.969725,-0.164934,0.479384;0.559017,-0.799041,0.173817,-0.137192
0.971403,-0.177268,0.480199;0.559685,-0.798239,0.178127,-0.133556
0.973074,-0.189488,0.481075;0.560336,-0.797412,0.18243,-0.129915
0.974731,-0.201583,0.482011;0.560968,-0.796558,0.186727,-0.12627
0.976366,-0.21354,0.483006;0.561581,-0.795677,0.191019,-0.122621
0.977972,-0.225346,0.48406;0.562176,-0.794771,0.195304,-0.118968
0.979542,-0.236989,0.485171;0.562753,-0.793839,0.199582,-0.115311
0.98107,-0.248455,0.486341;0.563311,-0.79288,0.203854,-0.111651
0.982547,-0.259732,0.487567;0.56385,-0.791895,0.20812,-0.107986
0.983967,-0.270807,0.488849;0.564371,-0.790885,0.212378,-0.104318
0.985324,-0.281668,0.490187;0.564874,-0.789848,0.216629,-0.100647
0.986609,-0.292302,0.49158;0.565357,-0.788785,0.220874,-0.0969722
0.987816,-0.302695,0.493027;0.565823,-0.787697,0.225111,-0.0932943
0.988937,-0.312836,0.494528;0.566269,-0.786582,0.229341,-0.0896134
0.989967,-0.322711,0.496082;0.566697,-0.785442,0.233563,-0.0859295
0.991112,-0.334663,0.498098;0.567206,-0.78398,0.23883,-0.0813207
0.992089,-0.346155,0.500195;0.567686,-0.782478,0.244084,-0.0767077
0.992882,-0.357162,0.502372;0.568136,-0.780936,0.249326,-0.0720907
0.993479,-0.367661,0.504627;0.568558,-0.779353,0.254556,-0.0674701
0.993864,-0.377625,0.506959;0.56895,-0.777731,0.259772,-0.062846
0.99403,-0.388842,0.509858;0.569382,-0.775731,0.266014,-0.0572928
0.993848,-0.399212,0.512864;0.569772,-0.773674,0.272236,-0.0517354
0.993165,-0.41018,0.516504;0.570173,-0.771202,0.279469,-0.0452469
0.991939,-0.419868,0.520283;0.570517,-0.768652,0.286675,-0.0387539
0.989825,-0.429285,0.52477;0.57084,-0.765643,0.294874,-0.0313286
0.986468,-0.437645,0.530024;0.571114,-0.762138,0.304052,-0.0229702
0.981431,-0.443992,0.536111;0.571306,-0.758094,0.31419,-0.0136787
0.974172,-0.447166,0.543098;0.571382,-0.753466,0.325268,-0.0034549
0.96589,-0.446375,0.549703;0.571328,-0.749096,0.335268,0.00584029
0.958114,-0.443127,0.555106;0.556711,-0.763515,0.327222,0.00658892
0.950363,-0.43833,0.559994;0.530392,-0.790665,0.305827,0.00151454
0.943136,-0.432858,0.56425;0.507024,-0.812735,0.287021,-0.00283761
0.935869,-0.426596,0.568312;0.484299,-0.832529,0.268889,-0.00694441
0.92868,-0.419782,0.572165;0.462355,-0.850207,0.251515,-0.0108018
0.921667,-0.412623,0.575795;0.441316,-0.865922,0.234973,-0.0144072
0.914911,-0.405301,0.579193;0.421291,-0.879827,0.219326,-0.0177597
0.908481,-0.397976,0.58235;0.402375,-0.892069,0.20463,-0.0208593
0.901919,-0.390169,0.585505;0.383163,-0.903656,0.189783,-0.0239435
0.895764,-0.382554,0.588411;0.36518,-0.913765,0.175955,-0.026775
0.889532,-0.374568,0.591307;0.346968,-0.923303,0.162017,-0.0295897
0.883238,-0.366228,0.594191;0.32854,-0.932263,0.147978,-0.032386
0.877429,-0.358289,0.596819;0.311467,-0.939966,0.135027,-0.0349315
0.871595,-0.350084,0.59943;0.29423,-0.947175,0.122005,-0.0374587
0.865748,-0.341627,0.602021;0.276839,-0.953886,0.10892,-0.0399661
0.859901,-0.332932,0.60459;0.259303,-0.960097,0.0957767,-0.0424527
0.854067,-0.324014,0.607133;0.24163,-0.965804,0.0825835,-0.0449169
0.848785,-0.315725,0.60942;0.225454,-0.970552,0.0705519,-0.0471367
0.843532,-0.307275,0.611681;0.20918,-0.974879,0.0584897,-0.049336
0.838319,-0.298674,0.613915;0.192815,-0.978783,0.046402,-0.0515139
0.833156,-0.289933,0.616119;0.176366,-0.982262,0.0342943,-0.0536694
0.82805,-0.281064,0.618291;0.159841,-0.985315,0.0221716,-0.0558017
0.823013,-0.272076,0.620429;0.143246,-0.98794,0.0100394,-0.0579098
0.818053,-0.262982,0.622531;0.12659,-0.990137,-0.00209723,-0.0599927
0.81318,-0.25379,0.624594;0.109878,-0.991904,-0.0142329,-0.0620496
0.808403,-0.244514,0.626617;0.0931189,-0.993241,-0.0263625,-0.0640796
0.803732,-0.235163,0.628597;0.0763193,-0.994147,-0.0384806,-0.0660818
0.799176,-0.225748,0.630532;0.0594865,-0.994621,-0.050582,-0.0680553
0.794744,-0.216281,0.632421;0.0426279,-0.994664,-0.0626614,-0.0699992
0.790447,-0.206772,0.63426;0.0257508,-0.994275,-0.0747137,-0.0719128
0.786293,-0.197231,0.636049;0.00886255,-0.993455,-0.0867335,-0.0737952
0.782291,-0.18767,0.637784;-0.00802956,-0.992204,-0.0987157,-0.0756456
0.778453,-0.1781,0.639464;-0.0249182,-0.990522,-0.110655,-0.0774631
0.774785,-0.168532,0.641086;-0.041796,-0.988411,-0.122546,-0.0792471
0.771299,-0.158976,0.642648;-0.0586557,-0.98587,-0.134385,-0.0809966
0.768004,-0.149444,0.644149;-0.0754899,-0.982902,-0.146164,-0.082711
0.764909,-0.139945,0.645586;-0.0922914,-0.979507,-0.157881,-0.0843896
0.761746,-0.129549,0.64709;-0.110726,-0.975282,-0.17069,-0.0861936
0.75885,-0.119222,0.648512;-0.129103,-0.970545,-0.183409,-0.0879524
0.756232,-0.108979,0.649848;-0.147413,-0.965299,-0.196032,-0.089665
0.753905,-0.0988335,0.651095;-0.165644,-0.959545,-0.208552,-0.0913306
0.751883,-0.0888005,0.652251;-0.183789,-0.953288,-0.220962,-0.0929482
0.750176,-0.0788943,0.653314;-0.201837,-0.94653,-0.233257,-0.094517
0.74869,-0.0682493,0.654362;-0.221405,-0.938592,-0.246529,-0.0961718
0.747611,-0.0577912,0.655291;-0.240835,-0.930067,-0.259647,-0.0977665
0.746957,-0.047539,0.656097;-0.260114,-0.92096,-0.272603,-0.0993001
0.746743,-0.0375113,0.656778;-0.27923,-0.911279,-0.285389,-0.100772
0.747027,-0.0269232,0.657368;-0.299743,-0.900148,-0.299038,-0.102295
0.747867,-0.0166446,0.6578;-0.320035,-0.888357,-0.312469,-0.103743
0.749285,-0.00669941,0.658071;-0.340093,-0.875915,-0.32567,-0.105115
0.751482,0.00361055,0.658176;-0.361415,-0.861797,-0.339619,-0.106506
0.754398,0.0134763,0.658082;-0.382429,-0.846947,-0.35328,-0.107807
0.758059,0.0228681,0.657783;-0.403118,-0.831377,-0.36664,-0.109016
