0.810567,0.573781,0.450658;0.951504,0.213371,-0.0196295,0.220744
0.809357,0.561408,0.451612;0.950342,0.217252,-0.0227822,0.221658
0.808172,0.54915,0.45257;0.949155,0.221126,-0.0259342,0.222566
0.807013,0.537005,0.453532;0.947942,0.224995,-0.0290855,0.223467
0.805879,0.524973,0.454496;0.946703,0.228858,-0.0322361,0.224363
0.80477,0.513054,0.455465;0.945438,0.232714,-0.0353857,0.225252
0.803686,0.501246,0.456436;0.944148,0.236564,-0.0385344,0.226136
0.802628,0.48955,0.457411;0.942832,0.240408,-0.0416821,0.227013
0.801594,0.477965,0.458389;0.94149,0.244245,-0.0448286,0.227884
0.800584,0.466491,0.45937;0.940123,0.248075,-0.0479739,0.228749
0.799599,0.455127,0.460354;0.93873,0.251899,-0.0511179,0.229607
0.798639,0.443873,0.461341;0.937312,0.255716,-0.0542605,0.230459
0.797702,0.432727,0.462331;0.935868,0.259526,-0.0574016,0.231306
0.79679,0.42169,0.463324;0.934399,0.263328,-0.0605411,0.232145
0.795902,0.410762,0.46432;0.932904,0.267124,-0.0636791,0.232979
0.795038,0.399941,0.465319;0.931384,0.270912,-0.0668153,0.233806
0.794197,0.389228,0.466321;0.929839,0.274694,-0.0699496,0.234627
0.79338,0.378621,0.467325;0.928269,0.278467,-0.0730821,0.235441
0.792586,0.368121,0.468332;0.926673,0.282233,-0.0762126,0.236249
0.791815,0.357726,0.469341;0.925052,0.285991,-0.079341,0.237051
0.791068,0.347437,0.470353;0.923406,0.289742,-0.0824673,0.237846
0.790344,0.337252,0.471368;0.921734,0.293485,-0.0855913,0.238635
0.789642,0.327172,0.472385;0.920038,0.297219,-0.088713,0.239417
0.788963,0.317196,0.473404;0.918317,0.300946,-0.0918322,0.240192
0.788094,0.304056,0.474767;0.915983,0.305902,-0.0959874,0.241217
0.787264,0.291098,0.476134;0.913605,0.310843,-0.100138,0.242229
0.786473,0.278322,0.477504;0.911183,0.31577,-0.104284,0.24323
0.785722,0.265726,0.478879;0.908716,0.320681,-0.108424,0.244219
0.785009,0.253309,0.480257;0.906206,0.325576,-0.11256,0.245196
0.784336,0.241071,0.481639;0.903652,0.330456,-0.116689,0.246161
0.7837,0.22901,0.483024;0.901054,0.33532,-0.120814,0.247115
0.783102,0.217125,0.484412;0.898413,0.340168,-0.124932,0.248056
0.782542,0.205415,0.485803;0.895728,0.344999,-0.129045,0.248986
0.78202,0.193878,0.487197;0.893001,0.349813,-0.133151,0.249903
0.781534,0.182515,0.488595;0.890229,0.354611,-0.137251,0.250808
0.781085,0.171322,0.489995;0.887415,0.359391,-0.141344,0.251702
0.780672,0.1603,0.491397;0.884558,0.364154,-0.14543,0.252583
0.780295,0.149447,0.492802;0.881659,0.3689,-0.149509,0.253452
0.779954,0.138762,0.49421;0.878716,0.373628,-0.153581,0.254308
0.779648,0.128244,0.495619;0.875732,0.378337,-0.157646,0.255153
0.779377,0.117892,0.497031;0.872704,0.383029,-0.161703,0.255985
0.779141,0.107705,0.498445;0.869635,0.387702,-0.165752,0.256804
0.778939,0.0976811,0.49986;0.866524,0.392356,-0.169793,0.257612
0.778735,0.0853796,0.501632;0.862576,0.398147,-0.174833,0.258603
0.778583,0.0733296,0.503406;0.858563,0.403907,-0.17986,0.259575
0.778483,0.061529,0.505183;0.854485,0.409638,-0.184873,0.260528
0.778435,0.0499756,0.506961;0.850342,0.415337,-0.189872,0.26146
0.778437,0.0386671,0.508741;0.846136,0.421005,-0.194857,0.262373
0.778489,0.0276014,0.510522;0.841865,0.426642,-0.199827,0.263267
0.778591,0.0167762,0.512305;0.837531,0.432246,-0.204782,0.26414
0.778741,0.0061893,0.514089;0.833133,0.437817,-0.209722,0.264993
0.77894,-0.00416143,0.515873;0.828673,0.443356,-0.214646,0.265827
0.779186,-0.0142782,0.517658;0.82415,0.448861,-0.219553,0.26664
0.77948,-0.0241633,0.519443;0.819565,0.454332,-0.224444,0.267433
0.779892,-0.0357227,0.521584;0.813981,0.460852,-0.230291,0.268358
0.780371,-0.0469554,0.523726;0.808309,0.467321,-0.236113,0.269254
0.780914,-0.0578652,0.525866;0.802549,0.47374,-0.241909,0.270121
0.78152,-0.068456,0.528005;0.796702,0.480108,-0.247678,0.270958
0.782189,-0.0787315,0.530142;0.790768,0.486423,-0.253421,0.271766
0.782919,-0.0886956,0.532277;0.784748,0.492686,-0.259136,0.272545
0.783846,-0.0999319,0.534764;0.777616,0.499924,-0.265768,0.273415
0.784854,-0.110756,0.537247;0.77037,0.507088,-0.272361,0.274245
0.78594,-0.121173,0.539725;0.76301,0.514178,-0.278914,0.275035
0.787102,-0.131189,0.542197;0.755537,0.521191,-0.285425,0.275784
0.78834,-0.140811,0.544663;0.747952,0.528127,-0.291894,0.276492
0.789844,-0.151333,0.547472;0.739148,0.535958,-0.299234,0.277251
0.791441,-0.161356,0.550272;0.730201,0.543686,-0.306516,0.277956
0.793129,-0.17089,0.553059;0.721113,0.551309,-0.31374,0.278608
0.795132,-0.181042,0.556181;0.710723,0.559756,-0.321793,0.279277
0.797243,-0.190599,0.559286;0.700158,0.568067,-0.329768,0.279877
0.79971,-0.200536,0.562713;0.688219,0.577139,-0.338534,0.280464
0.802301,-0.209772,0.566116;0.676072,0.586036,-0.347198,0.280966
0.805287,-0.219143,0.569828;0.662475,0.595618,-0.356606,0.281421
0.8087,-0.228451,0.573838;0.647366,0.605823,-0.366722,0.281799
0.81257,-0.237492,0.57813;0.63068,0.616581,-0.377501,0.282071
0.816927,-0.246058,0.582689;0.612351,0.627814,-0.388893,0.282202
0.821797,-0.253943,0.587493;0.592311,0.639438,-0.400843,0.282158
0.827203,-0.260945,0.592518;0.570491,0.651357,-0.413289,0.281899
0.833521,-0.267173,0.598039;0.545418,0.664163,-0.426908,0.281348
0.84043,-0.271962,0.603703;0.518373,0.676976,-0.440831,0.280467
0.848313,-0.275265,0.609751;0.487825,0.690278,-0.45566,0.279137
0.856408,-0.276638,0.615559;0.456627,0.702661,-0.469882,0.277436
0.865066,-0.276183,0.621365;0.423292,0.714629,-0.484109,0.275258
0.873451,-0.274112,0.626622;0.390895,0.725079,-0.49703,0.272804
0.881908,-0.270609,0.631582;0.357977,0.734564,-0.50929,0.269986
0.889945,-0.266114,0.635992;0.326716,0.748506,-0.507414,0.27482
0.897864,-0.260672,0.64005;0.29578,0.767619,-0.490263,0.287954
0.905341,-0.254663,0.64362;0.265984,0.784459,-0.473205,0.299922
0.912779,-0.247889,0.646914;0.23576,0.80004,-0.455387,0.311408
0.919752,-0.240847,0.649764;0.206868,0.813577,-0.437887,0.321797
0.926663,-0.233236,0.652352;0.177678,0.825948,-0.41976,0.331725
0.933097,-0.2256,0.654544;0.149973,0.836511,-0.40215,0.340636
0.939453,-0.217554,0.656492;0.122077,0.846013,-0.384029,0.349114
0.945719,-0.209141,0.658192;0.094027,0.854441,-0.365422,0.35715
0.951501,-0.200963,0.659553;0.0676206,0.861359,-0.347555,0.364272
0.957186,-0.19254,0.660685;0.0411388,0.867316,-0.329302,0.370987
0.962764,-0.183911,0.661583;0.0146112,0.872305,-0.31068,0.377289
0.968225,-0.175113,0.662243;-0.0119327,0.876323,-0.291713,0.383171
0.973561,-0.166183,0.662658;-0.0384634,0.879363,-0.27242,0.388625
0.978763,-0.157159,0.662825;-0.0649511,0.881422,-0.252824,0.393646
0.98382,-0.148077,0.662739;-0.0913664,0.882498,-0.232945,0.398227
0.988725,-0.138977,0.662394;-0.11768,0.882591,-0.212807,0.402365
0.993468,-0.129894,0.661786;-0.143862,0.881699,-0.192432,0.406054
0.99804,-0.120866,0.66091;-0.169884,0.879825,-0.171841,0.409291
1.00243,-0.111932,0.65976;-0.195716,0.876969,-0.15106,0.41207
1.00691,-0.102546,0.658228;-0.223029,0.872845,-0.128708,0.414529
1.01115,-0.0933544,0.656374;-0.25006,0.867613,-0.106192,0.416462
1.01516,-0.0844016,0.654192;-0.276773,0.861281,-0.0835418,0.417866
1.01915,-0.075202,0.651507;-0.30477,0.853356,-0.0593605,0.418778
1.02285,-0.0663781,0.648439;-0.332331,0.844209,-0.0350941,0.419089
1.02642,-0.0575052,0.644764;-0.360993,0.833206,-0.00934626,0.418765
1.0298,-0.0487342,0.640399;-0.390618,0.820141,0.0178475,0.417693
1.03291,-0.0402435,0.635256;-0.421046,0.804804,0.046437,0.415758
1.03564,-0.0322429,0.629238;-0.452096,0.786984,0.076356,0.412839
1.0379,-0.0249764,0.622239;-0.483564,0.766471,0.10752,0.408813
1.03957,-0.0187259,0.614148;-0.515221,0.743061,0.139823,0.403556
1.04051,-0.0139846,0.605246;-0.545528,0.717703,0.171759,0.397242
1.04066,-0.0108271,0.595285;-0.559967,0.716357,0.176714,0.376884
1.04009,-0.00939653,0.585175;-0.561144,0.733994,0.160393,0.347339
1.03895,-0.00928621,0.575106;-0.561508,0.74962,0.144818,0.319071
1.0374,-0.0101606,0.56526;-0.561194,0.763394,0.130048,0.292195
1.03543,-0.0118787,0.555098;-0.560245,0.776306,0.11513,0.26499
1.03322,-0.0141546,0.545393;-0.558788,0.787566,0.101089,0.239327
1.0307,-0.0169962,0.535537;-0.556781,0.79805,0.0869488,0.213429
1.0281,-0.0200699,0.526302;-0.554426,0.807082,0.0737415,0.189192
1.02528,-0.0234954,0.517037;-0.5516,0.815428,0.0604716,0.164794
1.02225,-0.0272074,0.507791;-0.548307,0.823083,0.0471503,0.140256
1.01905,-0.0311404,0.498611;-0.544547,0.830038,0.033789,0.115599
1.01569,-0.035229,0.489546;-0.540326,0.836289,0.020399,0.0908446
1.0122,-0.0394078,0.480644;-0.535646,0.84183,0.00699171,0.0660126
1.00861,-0.0436113,0.471953;-0.53051,0.846656,-0.00642153,0.0411245
1.00492,-0.0477743,0.463522;-0.524925,0.850763,-0.0198293,0.0162015
1.00089,-0.052137,0.454788;-0.518412,0.854379,-0.0342493,-0.0106534
0.996811,-0.0562951,0.446471;-0.511388,0.857153,-0.0486356,-0.0374978
0.992427,-0.0604301,0.438092;-0.503304,0.859189,-0.063996,-0.066218
0.987773,-0.0643653,0.429842;-0.494054,0.86029,-0.0803002,-0.0967696
0.982617,-0.0680567,0.421519;-0.482889,0.860206,-0.098518,-0.130989
0.977059,-0.0710412,0.413612;-0.469563,0.858471,-0.118571,-0.168759
0.970491,-0.0727663,0.405972;-0.451581,0.853877,-0.143297,-0.215485
0.962727,-0.0708908,0.400251;-0.425685,0.843713,-0.175234,-0.276105
0.956342,-0.0633062,0.400222;-0.397461,0.828935,-0.206213,-0.335214
0.95304,-0.0545498,0.403755;-0.377428,0.816558,-0.226249,-0.373621
0.951102,-0.0456016,0.408555;-0.348073,0.828937,-0.22888,-0.373261
0.949896,-0.0368324,0.413826;-0.316183,0.850081,-0.224014,-0.356662
0.94909,-0.0280128,0.419466;-0.287177,0.867731,-0.219326,-0.341276
0.948575,-0.0195424,0.425105;-0.261244,0.882287,-0.214931,-0.3273
0.948247,-0.0111116,0.430882;-0.236781,0.894999,-0.210617,-0.313931
0.948066,-0.0028742,0.436652;-0.213862,0.906035,-0.20643,-0.301247
0.947993,0.00571538,0.442779;-0.190766,0.916324,-0.202072,-0.288315
0.948014,0.0139219,0.448723;-0.169307,0.92515,-0.197902,-0.276166
0.948113,0.0223622,0.454917;-0.147729,0.933325,-0.193592,-0.263822
0.948283,0.0310047,0.461334;-0.126046,0.940844,-0.189146,-0.251293
0.948494,0.0390774,0.46739;-0.106092,0.947155,-0.184954,-0.239653
0.948753,0.0472688,0.473592;-0.086076,0.952906,-0.180652,-0.227871
0.949054,0.0555543,0.479918;-0.0660087,0.958094,-0.176244,-0.215954
0.949392,0.0639095,0.48635;-0.0459024,0.962716,-0.171732,-0.20391
0.949761,0.07231,0.492867;-0.0257689,0.966769,-0.167118,-0.191745
0.950156,0.0807312,0.499448;-0.00562022,0.97025,-0.162405,-0.179467
0.950571,0.0891487,0.506073;0.0145318,0.973158,-0.157596,-0.167083
0.951001,0.0975379,0.512723;0.0346752,0.97549,-0.152694,-0.1546
0.95144,0.105875,0.519376;0.0547982,0.977246,-0.147702,-0.142025
0.951883,0.114134,0.526013;0.0748887,0.978425,-0.142622,-0.129367
0.952325,0.122292,0.532614;0.094935,0.979025,-0.137459,-0.116632
0.952759,0.130323,0.539158;0.114925,0.979046,-0.132213,-0.103829
0.95318,0.138205,0.545625;0.134847,0.978489,-0.12689,-0.0909635
0.953583,0.145911,0.551994;0.15469,0.977353,-0.121492,-0.0780446
0.953996,0.154089,0.558808;0.176232,0.975456,-0.115521,-0.063899
0.954373,0.161998,0.565457;0.197649,0.972872,-0.109469,-0.0497084
0.954733,0.170225,0.572441;0.220695,0.969301,-0.102826,-0.0342961
0.955034,0.178059,0.579167;0.243558,0.96493,-0.0960984,-0.0188555
0.955283,0.186008,0.586082;0.267954,0.959331,-0.0887644,-0.00221012
0.955448,0.19391,0.593067;0.293808,0.952314,-0.0808124,0.0156261
0.955495,0.201567,0.599979;0.321028,0.943676,-0.0722326,0.0346321
0.955366,0.209139,0.607013;0.35117,0.932548,-0.0624729,0.0559608
0.954943,0.216439,0.614113;0.38563,0.917701,-0.0509627,0.08073
0.953858,0.223321,0.621494;0.430271,0.894837,-0.0354493,0.113476
0.949131,0.225333,0.627825;0.520174,0.834436,-0.00182623,0.182024
0.944429,0.21689,0.62433;0.569826,0.791083,0.0184009,0.221694
0.940943,0.208194,0.619411;0.597143,0.763463,0.0301545,0.244203
0.93803,0.199984,0.61439;0.586014,0.775072,0.025307,0.234968
0.93533,0.191838,0.609218;0.56893,0.791939,0.0180237,0.220965
0.932674,0.183428,0.603752;0.552743,0.806929,0.0112874,0.207877
0.930116,0.175023,0.598198;0.537563,0.820172,0.00510532,0.195751
0.927702,0.166847,0.592728;0.523487,0.83179,-0.000517463,0.184627
0.925214,0.158199,0.586883;0.509155,0.843001,-0.00613999,0.173412
0.922921,0.150044,0.581325;0.496044,0.85274,-0.0111978,0.163247
0.920584,0.141562,0.575504;0.482736,0.862141,-0.0162511,0.153016
0.918212,0.132782,0.569439;0.469238,0.871201,-0.0212981,0.142726
0.916081,0.124748,0.56386;0.457083,0.878966,-0.0257772,0.133531
0.913933,0.116518,0.558116;0.444785,0.886455,-0.0302483,0.124294
0.911774,0.10811,0.552222;0.432348,0.893667,-0.03471,0.115019
0.909611,0.0995427,0.54619;0.419776,0.9006,-0.0391607,0.105707
0.907447,0.0908358,0.540035;0.407073,0.907251,-0.0435993,0.0963628
0.90529,0.0820074,0.53377;0.394243,0.913619,-0.0480242,0.0869882
0.903143,0.0730765,0.527407;0.381289,0.919701,-0.0524341,0.0775864
0.901014,0.0640618,0.520961;0.368216,0.925495,-0.0568276,0.0681603
0.898907,0.054982,0.514445;0.355028,0.931001,-0.0612033,0.058713
0.897086,0.0469985,0.508696;0.343397,0.935579,-0.0650164,0.0504314
0.89529,0.0389921,0.502913;0.331684,0.939933,-0.068814,0.0421377
0.893523,0.0309754,0.497104;0.319892,0.944063,-0.0725951,0.0338339
0.891789,0.0229609,0.491279;0.308023,0.947966,-0.0763588,0.0255221
0.89009,0.0149612,0.485446;0.296081,0.951643,-0.0801042,0.0172041
0.888432,0.00698879,0.479615;0.284067,0.955091,-0.0838305,0.00888202
0.886589,-0.00207288,0.472964;0.270254,0.958753,-0.0880644,-0.000631415
0.88481,-0.0110637,0.46634;0.256357,0.962114,-0.0922709,-0.0101447
0.883098,-0.0199648,0.459756;0.24238,0.965175,-0.0964485,-0.0196547
0.881459,-0.0287576,0.453227;0.228327,0.967934,-0.100596,-0.0291587
0.8799,-0.0374232,0.446764;0.214202,0.970391,-0.104712,-0.0386535
0.878425,-0.0459429,0.440382;0.200011,0.972544,-0.108795,-0.0481362
0.877039,-0.0542979,0.434094;0.185757,0.974393,-0.112844,-0.0576039
0.87575,-0.0624696,0.427914;0.171444,0.975938,-0.116858,-0.0670535
0.874561,-0.070439,0.421854;0.157079,0.977177,-0.120836,-0.0764822
0.873351,-0.0791397,0.415199;0.140859,0.978206,-0.125265,-0.0870608
0.872284,-0.087534,0.408732;0.124583,0.978849,-0.129645,-0.0976049
0.871367,-0.0955954,0.402473;0.108258,0.979103,-0.133973,-0.10811
0.870534,-0.104129,0.395786;0.0900694,0.978932,-0.138721,-0.119733
0.869908,-0.112183,0.389405;0.0718366,0.978283,-0.1434,-0.131297
0.86947,-0.120442,0.382772;0.0517404,0.977016,-0.148467,-0.143943
0.869308,-0.128682,0.376037;0.0297827,0.974976,-0.153893,-0.157641
0.869527,-0.136628,0.369379;0.00597214,0.971993,-0.15965,-0.172356
0.870317,-0.144429,0.362599;-0.0215065,0.967553,-0.166128,-0.189156
0.872076,-0.151687,0.355854;-0.054447,0.960822,-0.173661,-0.209041
0.8763,-0.157711,0.349089;-0.101862,0.948419,-0.184053,-0.237172
0.88511,-0.156662,0.346245;-0.163335,0.927482,-0.196721,-0.272762
0.89258,-0.15039,0.348295;-0.200865,0.911927,-0.203994,-0.293988
0.898932,-0.143049,0.351703;-0.227411,0.899611,-0.208922,-0.308764
0.904651,-0.135365,0.355665;-0.24847,0.889046,-0.212698,-0.320341
0.909864,-0.127682,0.35984;-0.265886,0.879764,-0.215732,-0.329817
0.914913,-0.119741,0.3643;-0.28145,0.871043,-0.218371,-0.338208
0.919693,-0.111843,0.368839;-0.295191,0.863001,-0.220645,-0.345554
0.924751,-0.103135,0.373933;-0.30884,0.854689,-0.22285,-0.352792
0.929411,-0.0948373,0.378856;-0.320704,0.847197,-0.224723,-0.359035
0.934293,-0.085893,0.384223;-0.332491,0.839502,-0.226541,-0.365192
0.938657,-0.0777024,0.389183;-0.342531,0.832746,-0.228057,-0.3704
0.943189,-0.0690196,0.394482;-0.35251,0.825844,-0.229532,-0.375543
0.947891,-0.0598367,0.400124;-0.362428,0.818797,-0.230967,-0.38062
0.951942,-0.0517966,0.405094;-0.370644,0.812814,-0.232132,-0.3848
