0.86753,0.551859,0.571807;0.711043,0.585039,0.382061,0.0785937
0.869012,0.538747,0.570557;0.70689,0.590837,0.381539,0.0751379
0.870476,0.525847,0.569303;0.702692,0.596598,0.380993,0.0716774
0.871923,0.513157,0.568045;0.698451,0.602322,0.380423,0.0682123
0.873353,0.500676,0.566783;0.694165,0.608007,0.379829,0.064743
0.874766,0.488403,0.565518;0.689836,0.613655,0.379211,0.0612695
0.876162,0.476336,0.564248;0.685463,0.619263,0.378569,0.0577922
0.877542,0.464473,0.562975;0.681046,0.624832,0.377903,0.0543112
0.878905,0.452814,0.561698;0.676587,0.630362,0.377214,0.0508269
0.880251,0.441356,0.560417;0.672085,0.635852,0.3765,0.0473393
0.881581,0.430098,0.559134;0.667541,0.641302,0.375763,0.0438487
0.882895,0.41904,0.557846;0.662954,0.646712,0.375002,0.0403554
0.884193,0.408179,0.556556;0.658326,0.652081,0.374217,0.0368595
0.885474,0.397513,0.555263;0.653656,0.657409,0.373409,0.0333613
0.88674,0.387043,0.553967;0.648945,0.662695,0.372578,0.0298609
0.88799,0.376765,0.552668;0.644193,0.667939,0.371722,0.0263587
0.889224,0.366679,0.551366;0.639401,0.673141,0.370844,0.0228549
0.890442,0.356784,0.550061;0.634568,0.678301,0.369942,0.0193496
0.891943,0.344679,0.548427;0.62847,0.684691,0.368781,0.0149662
0.89342,0.332867,0.546789;0.622311,0.691013,0.367584,0.0105814
0.894873,0.321344,0.545147;0.61609,0.697267,0.366351,0.00619561
0.896303,0.310108,0.543502;0.609809,0.703452,0.365082,0.00180916
0.897709,0.299155,0.541854;0.603468,0.709568,0.363777,-0.00257747
0.899092,0.288483,0.540202;0.597067,0.715614,0.362436,-0.00696385
0.900452,0.27809,0.538548;0.590607,0.721589,0.36106,-0.0113495
0.901789,0.267971,0.536891;0.584089,0.727493,0.359647,-0.0157341
0.903104,0.258125,0.535232;0.577513,0.733326,0.3582,-0.0201171
0.904652,0.246665,0.533238;0.569547,0.74023,0.356416,-0.0253741
0.906168,0.235589,0.531242;0.5615,0.747028,0.354581,-0.0306275
0.907653,0.224892,0.529242;0.553374,0.753721,0.352697,-0.0358765
0.909106,0.214567,0.527241;0.545169,0.760306,0.350762,-0.0411204
0.910529,0.204612,0.525238;0.536887,0.766784,0.348777,-0.0463585
0.912151,0.193457,0.522899;0.527128,0.774204,0.346399,-0.0524612
0.913732,0.18279,0.520558;0.517267,0.781474,0.343954,-0.0585538
0.915273,0.172603,0.518217;0.507307,0.788593,0.341443,-0.0646351
0.916774,0.162888,0.515875;0.497248,0.79556,0.338866,-0.0707039
0.918442,0.152353,0.513199;0.485635,0.803333,0.33584,-0.0776229
0.92006,0.142413,0.510524;0.473899,0.810905,0.33273,-0.0845223
0.921821,0.131928,0.507517;0.460554,0.819177,0.329131,-0.0922586
0.923522,0.122165,0.504513;0.447061,0.827188,0.325426,-0.0999653
0.925341,0.112144,0.501182;0.431902,0.83578,0.321188,-0.108491
0.927259,0.102101,0.497525;0.415031,0.84485,0.316381,-0.117819
0.929254,0.0922804,0.493549;0.396401,0.854284,0.310964,-0.127932
0.931305,0.0829355,0.489259;0.375964,0.863958,0.304896,-0.138805
0.933533,0.073762,0.484337;0.352073,0.874403,0.297643,-0.151235
0.935886,0.0653574,0.478801;0.32462,0.885304,0.289104,-0.16516
0.93843,0.0580353,0.472355;0.291851,0.896836,0.278637,-0.1813
0.94129,0.052521,0.46442;0.250249,0.90926,0.264937,-0.20107
0.944288,0.0507757,0.455108;0.199522,0.92121,0.247639,-0.224137
0.946933,0.0539455,0.445771;0.146363,0.930125,0.228843,-0.247136
0.948901,0.0603074,0.43791;0.099604,0.93502,0.211763,-0.266407
0.950358,0.0680217,0.431438;0.0595414,0.937071,0.196731,-0.282222
0.951529,0.0766628,0.425727;0.0228518,0.937237,0.182647,-0.296148
0.952473,0.0856154,0.420735;-0.0103794,0.935984,0.169631,-0.308305
0.95326,0.0947584,0.416259;-0.0571085,0.937856,0.156178,-0.304588
0.953931,0.104035,0.412181;-0.104449,0.938268,0.142869,-0.297207
0.954513,0.113429,0.408422;-0.149399,0.936497,0.129835,-0.289475
0.95502,0.12282,0.404964;-0.191896,0.932849,0.117149,-0.281505
0.955485,0.1326,0.401628;-0.234002,0.927294,0.104224,-0.27296
0.955893,0.142214,0.398573;-0.27356,0.920261,0.0917471,-0.264325
0.956271,0.152103,0.395631;-0.312614,0.91153,0.0791011,-0.255202
0.956623,0.162233,0.392803;-0.351091,0.901118,0.0663091,-0.245609
0.956938,0.172017,0.390232;-0.386947,0.889721,0.0540773,-0.236102
0.957237,0.181952,0.387766;-0.422162,0.876851,0.0417559,-0.226205
0.957524,0.192007,0.385407;-0.456679,0.862528,0.0293653,-0.215933
0.957802,0.202151,0.383156;-0.490439,0.846778,0.0169262,-0.205303
0.958075,0.212353,0.381016;-0.523387,0.829627,0.00445899,-0.194334
0.958347,0.222582,0.378986;-0.555469,0.811101,-0.00801556,-0.183043
0.95862,0.232806,0.377069;-0.586631,0.791233,-0.0204768,-0.171449
0.958898,0.242994,0.375265;-0.616822,0.770055,-0.0329042,-0.159571
0.959186,0.253115,0.373577;-0.645992,0.747602,-0.0452771,-0.147429
0.959485,0.263138,0.372005;-0.674093,0.723911,-0.0575751,-0.135042
0.959801,0.273032,0.370551;-0.701077,0.699022,-0.0697777,-0.122433
0.960154,0.283301,0.369146;-0.728301,0.671496,-0.0825326,-0.108903
0.960533,0.293355,0.367875;-0.754181,0.642731,-0.0951352,-0.0951722
0.960964,0.303665,0.366685;-0.779919,0.611172,-0.108211,-0.0805297
0.961433,0.313654,0.365647;-0.804064,0.578364,-0.121066,-0.0657226
0.96197,0.323749,0.364723;-0.827646,0.542645,-0.134296,-0.0500312
0.962589,0.333839,0.363941;-0.85035,0.503915,-0.147832,-0.0334722
0.963304,0.343797,0.363328;-0.871837,0.462093,-0.161592,-0.0160727
0.964169,0.35386,0.362903;-0.892518,0.415222,-0.176051,0.00288756
0.965256,0.36409,0.36273;-0.912294,0.36116,-0.191576,0.0241092
0.966621,0.373997,0.362917;-0.929925,0.299627,-0.207867,0.0474884
0.968553,0.383879,0.363699;-0.945301,0.222225,-0.226437,0.0758171
0.971813,0.393181,0.365864;-0.94699,0.211601,-0.227544,0.0816066
0.977971,0.397127,0.371821;-0.939825,0.256878,-0.214161,0.0698478
0.982707,0.391225,0.378309;-0.93219,0.293817,-0.202713,0.0600053
0.985401,0.382622,0.383624;-0.925579,0.320729,-0.194062,0.0526886
0.986849,0.372944,0.388338;-0.919252,0.343568,-0.186509,0.0463793
0.987269,0.363576,0.392263;-0.913517,0.362428,-0.180121,0.0410981
0.986825,0.353284,0.396093;-0.907364,0.381122,-0.17365,0.0357981
0.985573,0.343431,0.399388;-0.901472,0.397799,-0.167758,0.031014
0.983411,0.333203,0.402472;-0.895246,0.414328,-0.161804,0.0262184
0.980237,0.322778,0.405283;-0.888688,0.430703,-0.15579,0.0214131
0.976486,0.313489,0.407501;-0.882582,0.445126,-0.150396,0.017135
0.971785,0.304309,0.409409;-0.876218,0.459418,-0.144958,0.0128519
0.966066,0.295363,0.410962;-0.869597,0.473575,-0.139477,0.00856509
0.959256,0.286774,0.412116;-0.862722,0.487594,-0.133956,0.00427572
0.952022,0.279345,0.412785;-0.850836,0.5082,-0.13345,0.00142045
0.944136,0.272602,0.413066;-0.820459,0.552389,-0.147341,0.00207926
0.935803,0.266426,0.413024;-0.788927,0.593217,-0.160252,0.00270574
0.927201,0.260697,0.412719;-0.756613,0.630771,-0.1722,0.00329896
0.918484,0.255317,0.412206;-0.723865,0.665161,-0.183211,0.00385839
0.909782,0.250206,0.411534;-0.690998,0.696514,-0.193315,0.00438386
0.900771,0.24506,0.4107;-0.656636,0.726358,-0.203001,0.00489983
0.891956,0.24007,0.40977;-0.622587,0.75332,-0.211817,0.00538138
0.882968,0.234941,0.408724;-0.587314,0.778802,-0.220216,0.00585237
0.874317,0.229891,0.407635;-0.552736,0.801594,-0.227796,0.00628916
0.865603,0.224624,0.406466;-0.517178,0.822964,-0.234972,0.00671482
0.856869,0.219095,0.40523;-0.480703,0.842876,-0.241731,0.00712856
0.848619,0.213574,0.404008;-0.445361,0.860362,-0.247739,0.00750889
0.840432,0.207739,0.402747;-0.40931,0.876479,-0.253353,0.00787727
0.832345,0.201553,0.401459;-0.372607,0.891202,-0.258564,0.00823311
0.824397,0.194977,0.400153;-0.335312,0.904506,-0.263363,0.00857586
0.816626,0.187974,0.39884;-0.297484,0.916372,-0.267744,0.00890496
0.809485,0.180934,0.397604;-0.261321,0.92624,-0.27149,0.00920277
0.802568,0.173446,0.39638;-0.224787,0.934793,-0.274851,0.00948753
0.795908,0.165478,0.395178;-0.187935,0.942019,-0.277822,0.00975882
0.789904,0.157513,0.394074;-0.153005,0.9476,-0.280257,0.0100015
0.784183,0.149069,0.393005;-0.117884,0.951989,-0.282341,0.0102316
0.778772,0.140118,0.391977;-0.0826137,0.955181,-0.28407,0.0104489
0.774006,0.131243,0.391058;-0.049453,0.957083,-0.285366,0.0106406
0.769558,0.121878,0.390189;-0.0162376,0.957927,-0.286347,0.0108206
0.765713,0.112675,0.389428;0.0147803,0.957761,-0.286977,0.0109778
0.762184,0.103008,0.38872;0.045784,0.956672,-0.287331,0.0111244
0.758987,0.0928592,0.388071;0.0767437,0.954662,-0.287408,0.0112604
0.756333,0.0829879,0.387525;0.105426,0.951974,-0.287232,0.0113769
0.753995,0.0726711,0.387038;0.134022,0.948495,-0.286817,0.011484
0.752132,0.0627403,0.386644;0.160319,0.944585,-0.286224,0.0115743
0.750562,0.0524065,0.386306;0.186503,0.940006,-0.285427,0.0116565
0.749298,0.0416585,0.386028;0.212555,0.934763,-0.284429,0.0117305
0.748417,0.0314327,0.385829;0.236305,0.929377,-0.283338,0.011791
0.747664,0.0170939,0.385647;0.24647,0.927445,-0.280983,0.0120704
0.747426,0.00672523,0.385576;0.246999,0.927864,-0.279121,0.0123272
0.747413,-0.0039187,0.385547;0.247526,0.928278,-0.277257,0.0125839
0.747614,-0.0148127,0.385554;0.248053,0.928689,-0.275392,0.0128405
0.748019,-0.0259314,0.385594;0.248578,0.929097,-0.273527,0.0130971
0.748618,-0.0372497,0.385662;0.249103,0.9295,-0.27166,0.0133536
0.7494,-0.0487424,0.385754;0.249626,0.9299,-0.269792,0.0136101
0.750355,-0.0603841,0.385866;0.250148,0.930296,-0.267923,0.0138666
0.751473,-0.0721496,0.385994;0.25067,0.930689,-0.266052,0.0141229
0.752742,-0.0840138,0.386133;0.25119,0.931077,-0.264181,0.0143792
0.754154,-0.0959513,0.386279;0.25171,0.931462,-0.262309,0.0146355
0.755697,-0.107937,0.386427;0.252228,0.931844,-0.260436,0.0148917
0.757362,-0.119946,0.386575;0.252746,0.932221,-0.258561,0.0151479
0.759137,-0.131952,0.386717;0.253262,0.932595,-0.256686,0.0154039
0.761013,-0.143931,0.386848;0.253777,0.932965,-0.25481,0.01566
0.762979,-0.155856,0.386966;0.254292,0.933331,-0.252932,0.0159159
0.765025,-0.167704,0.387065;0.254805,0.933694,-0.251054,0.0161718
0.767141,-0.179449,0.387142;0.255318,0.934053,-0.249174,0.0164276
0.769315,-0.191065,0.387192;0.255829,0.934408,-0.247294,0.0166834
0.771539,-0.202527,0.38721;0.256339,0.93476,-0.245413,0.0169391
0.773801,-0.213811,0.387193;0.256849,0.935108,-0.24353,0.0171947
0.776092,-0.22489,0.387136;0.257357,0.935452,-0.241647,0.0174503
0.7784,-0.235739,0.387036;0.257864,0.935792,-0.239762,0.0177058
0.780716,-0.246334,0.386887;0.25837,0.936128,-0.237877,0.0179612
0.783029,-0.256649,0.386686;0.258876,0.936461,-0.235991,0.0182166
0.785328,-0.266659,0.386428;0.25938,0.93679,-0.234104,0.0184719
0.788731,-0.281047,0.385926;0.260134,0.937277,-0.231271,0.0188546
0.792046,-0.294606,0.385272;0.260886,0.937755,-0.228437,0.0192372
0.795238,-0.307251,0.384452;0.261636,0.938225,-0.2256,0.0196197
0.798272,-0.318897,0.383452;0.262383,0.938687,-0.222761,0.0200019
0.801115,-0.329459,0.382258;0.263128,0.939139,-0.219921,0.020384
0.804545,-0.341708,0.380338;0.264118,0.93973,-0.21613,0.0208932
0.807488,-0.351677,0.378012;0.265103,0.940306,-0.212336,0.021402
0.810356,-0.360623,0.374484;0.266329,0.941005,-0.207589,0.0220376
0.812762,-0.365694,0.366191;0.268518,0.942203,-0.199031,0.0231802
0.811675,-0.358593,0.357806;0.270206,0.943083,-0.192363,0.0240675
0.809703,-0.349734,0.352177;0.271165,0.943565,-0.188549,0.0245741
0.807515,-0.340644,0.347529;0.271881,0.943917,-0.185686,0.0249538
0.804681,-0.329363,0.3425;0.272595,0.94426,-0.182822,0.0253332
0.801166,-0.315805,0.337075;0.273306,0.944594,-0.179956,0.0257124
0.798428,-0.305459,0.333232;0.273779,0.944813,-0.178045,0.0259651
