0.698628,-0.177641,0.357395;0.272309,0.718065,0.353387,-0.53418
0.708648,-0.181709,0.363208;0.277818,0.719961,0.349719,-0.531197
0.718441,-0.185534,0.368949;0.283311,0.721816,0.346032,-0.528184
0.728009,-0.189117,0.37462;0.288788,0.723631,0.342325,-0.525141
0.737356,-0.192463,0.380221;0.294249,0.725405,0.338599,-0.522069
0.746484,-0.195574,0.385752;0.299693,0.727138,0.334854,-0.518967
0.755393,-0.198453,0.391214;0.30512,0.72883,0.33109,-0.515836
0.764088,-0.201104,0.396606;0.31053,0.730482,0.327307,-0.512677
0.772569,-0.20353,0.401931;0.315923,0.732092,0.323506,-0.509488
0.780839,-0.205733,0.407187;0.321298,0.733661,0.319687,-0.50627
0.790884,-0.20818,0.413662;0.327991,0.735564,0.314888,-0.502209
0.800606,-0.210291,0.420033;0.334656,0.737402,0.310061,-0.498103
0.810011,-0.212072,0.426299;0.341291,0.739175,0.305207,-0.493953
0.819103,-0.213529,0.432462;0.347895,0.740884,0.300325,-0.48976
0.827885,-0.214668,0.438523;0.35447,0.742527,0.295418,-0.485523
0.836363,-0.215496,0.444483;0.361013,0.744105,0.290484,-0.481244
0.844539,-0.216018,0.450342;0.367524,0.745618,0.285525,-0.476923
0.853961,-0.216251,0.45724;0.375295,0.747346,0.279541,-0.471682
0.862963,-0.216063,0.463997;0.383019,0.74898,0.273522,-0.466381
0.871553,-0.215465,0.470613;0.390694,0.750519,0.267468,-0.461022
0.879739,-0.214469,0.477089;0.398319,0.751963,0.26138,-0.455604
0.887527,-0.213083,0.483427;0.405894,0.753311,0.255259,-0.450128
0.896121,-0.21099,0.49065;0.414666,0.754764,0.248077,-0.443667
0.904197,-0.208399,0.497688;0.423367,0.756087,0.240852,-0.43713
0.911765,-0.205328,0.504545;0.431995,0.757279,0.233586,-0.430518
0.918838,-0.201793,0.511224;0.440549,0.758341,0.226279,-0.423832
0.925427,-0.19781,0.517725;0.449026,0.759272,0.218933,-0.417072
0.93238,-0.192733,0.524942;0.45862,0.760176,0.210492,-0.409259
0.938735,-0.187118,0.531935;0.46811,0.760909,0.202004,-0.401353
0.944507,-0.180992,0.538707;0.477496,0.76147,0.19347,-0.393358
0.949716,-0.17438,0.545261;0.486773,0.76186,0.184892,-0.385273
0.954378,-0.167306,0.551601;0.495941,0.762079,0.176273,-0.377102
0.958511,-0.159795,0.55773;0.504997,0.762125,0.167614,-0.368846
0.962133,-0.151874,0.563651;0.51394,0.762001,0.158918,-0.360507
0.965261,-0.143566,0.569369;0.522767,0.761704,0.150186,-0.352087
0.967912,-0.134897,0.574887;0.531476,0.761236,0.141419,-0.343588
0.970104,-0.125892,0.580207;0.540066,0.760597,0.132621,-0.335011
0.971854,-0.116577,0.585333;0.548534,0.759787,0.123793,-0.326359
0.973181,-0.106975,0.59027;0.556878,0.758805,0.114938,-0.317633
0.9741,-0.0971136,0.595019;0.565097,0.757653,0.106056,-0.308836
0.974631,-0.0870165,0.599585;0.573189,0.75633,0.0971506,-0.299969
0.97479,-0.0767091,0.603971;0.581152,0.754836,0.0882232,-0.291035
0.974595,-0.0662165,0.60818;0.588984,0.753173,0.079276,-0.282035
0.974064,-0.055564,0.612217;0.596683,0.75134,0.0703109,-0.272972
0.973336,-0.0461314,0.615609;0.60331,0.749598,0.0624534,-0.264991
0.972376,-0.0366124,0.618873;0.609832,0.747726,0.0545851,-0.256964
0.971195,-0.0270238,0.622012;0.61625,0.745725,0.0467074,-0.248893
0.969805,-0.0173823,0.625028;0.622561,0.743596,0.0388217,-0.24078
0.968218,-0.0077049,0.627923;0.628765,0.741339,0.0309292,-0.232624
0.966444,0.00199166,0.6307;0.634861,0.738954,0.0230315,-0.224429
0.964497,0.0116905,0.63336;0.640847,0.736441,0.0151297,-0.216195
0.962388,0.0213749,0.635906;0.646723,0.733802,0.00722538,-0.207924
0.960127,0.0310279,0.638341;0.652487,0.731036,-0.000680207,-0.199616
0.957728,0.0406327,0.640666;0.658139,0.728144,-0.00858568,-0.191275
0.955202,0.0501726,0.642884;0.663677,0.725126,-0.0164897,-0.1829
0.952561,0.0596306,0.644997;0.669101,0.721984,-0.0243908,-0.174494
0.949415,0.0703179,0.647287;0.675159,0.71824,-0.0334155,-0.16485
0.946389,0.0801027,0.649296;0.670792,0.723236,-0.0314944,-0.161171
0.943098,0.0902679,0.651295;0.656582,0.736336,-0.0197281,-0.162236
0.939712,0.100263,0.653175;0.642034,0.749059,-0.00795155,-0.163217
0.936242,0.110081,0.654936;0.627158,0.761397,0.00382904,-0.164114
0.932693,0.119715,0.656581;0.61196,0.773344,0.0156077,-0.164927
0.929075,0.129156,0.658112;0.596447,0.784895,0.0273783,-0.165655
0.925396,0.138396,0.659532;0.580629,0.796042,0.0391348,-0.166299
0.921287,0.148321,0.660967;0.562885,0.807833,0.0520436,-0.166908
0.917125,0.157984,0.662273;0.544791,0.819122,0.0649201,-0.167414
0.912919,0.167376,0.663453;0.526359,0.829902,0.0777563,-0.167815
0.908681,0.176487,0.664509;0.507601,0.840167,0.0905442,-0.168113
0.904034,0.186092,0.665525;0.486778,0.850771,0.10443,-0.168318
0.899374,0.195337,0.6664;0.465595,0.860745,0.118239,-0.168399
0.894717,0.204209,0.66714;0.444069,0.870084,0.131961,-0.168356
0.889691,0.213383,0.667793;0.420378,0.879475,0.146715,-0.168168
0.884701,0.222088,0.668296;0.396324,0.888103,0.161343,-0.167835
0.879388,0.230916,0.668676;0.370035,0.896534,0.176938,-0.167313
0.873791,0.239725,0.668904;0.341456,0.904566,0.19345,-0.166568
0.867959,0.248351,0.66895;0.310538,0.911983,0.210816,-0.165561
0.861955,0.256611,0.668787;0.277242,0.91855,0.228964,-0.164252
0.855528,0.264695,0.668359;0.239544,0.924277,0.248843,-0.162502
0.848836,0.272159,0.667602;0.197365,0.928616,0.270278,-0.160217
0.841533,0.278937,0.66634;0.146577,0.931041,0.294994,-0.157025
0.833201,0.284183,0.66413;0.0788449,0.929671,0.326158,-0.152043
0.824436,0.283886,0.660058;-0.0182897,0.918763,0.367358,-0.143488
0.820408,0.275914,0.655892;-0.100837,0.901276,0.399161,-0.134923
0.81975,0.26626,0.652792;-0.156131,0.88528,0.418792,-0.128511
0.820505,0.256257,0.650254;-0.198743,0.870547,0.432982,-0.123191
0.822068,0.246011,0.648028;-0.218315,0.873888,0.416481,-0.123301
0.823986,0.236326,0.646134;-0.231632,0.87904,0.397775,-0.124136
0.826223,0.226481,0.644346;-0.24381,0.883364,0.380312,-0.124846
0.828645,0.216728,0.642673;-0.254873,0.886961,0.364147,-0.125445
0.8314,0.206312,0.640966;-0.265834,0.890206,0.347837,-0.125994
0.834175,0.196294,0.639385;-0.275708,0.89285,0.332889,-0.12645
0.837192,0.185779,0.637776;-0.285491,0.8952,0.317833,-0.126864
0.840101,0.175909,0.636304;-0.294216,0.897064,0.304192,-0.127202
0.843181,0.165673,0.634807;-0.302862,0.89869,0.290471,-0.127505
0.846422,0.155088,0.633286;-0.311428,0.900077,0.276673,-0.127775
0.849427,0.145401,0.631914;-0.318973,0.901109,0.264346,-0.127986
0.852542,0.135464,0.630523;-0.326451,0.901952,0.251964,-0.12817
0.855758,0.125289,0.629111;-0.33386,0.902605,0.239528,-0.128328
0.859067,0.11489,0.62768;-0.341199,0.903069,0.227042,-0.128458
0.862461,0.104278,0.626228;-0.348467,0.903343,0.214509,-0.128562
0.865494,0.094827,0.624941;-0.354766,0.903427,0.203505,-0.12863
0.86858,0.085231,0.623638;-0.361008,0.903366,0.192469,-0.128678
0.871715,0.0754979,0.622319;-0.367192,0.90316,0.181401,-0.128705
0.874892,0.0656359,0.620984;-0.373317,0.902809,0.170305,-0.128711
0.878106,0.0556532,0.619633;-0.379382,0.902312,0.159181,-0.128697
0.881352,0.0455581,0.618265;-0.385386,0.901671,0.148031,-0.128662
0.884624,0.0353587,0.616881;-0.391328,0.900884,0.136858,-0.128606
0.887918,0.0250632,0.61548;-0.397207,0.899953,0.125663,-0.128529
0.891227,0.01468,0.614062;-0.403023,0.898877,0.114447,-0.128432
0.894546,0.0042171,0.612627;-0.408773,0.897656,0.103213,-0.128315
0.897869,-0.00631716,0.611174;-0.414458,0.896291,0.0919627,-0.128176
0.901192,-0.0169146,0.609705;-0.420076,0.894782,0.0806973,-0.128017
0.904509,-0.027567,0.608217;-0.425627,0.89313,0.069419,-0.127838
0.907814,-0.0382661,0.606712;-0.431109,0.891333,0.0581296,-0.127637
0.911102,-0.0490038,0.605189;-0.436522,0.889393,0.0468308,-0.127417
0.914367,-0.0597718,0.603648;-0.441864,0.887311,0.0355244,-0.127176
0.917605,-0.0705619,0.602089;-0.447136,0.885085,0.0242124,-0.126914
0.92081,-0.0813658,0.600511;-0.452336,0.882718,0.0128964,-0.126632
0.923975,-0.0921755,0.598915;-0.457463,0.880208,0.00157843,-0.12633
0.927097,-0.102983,0.5973;-0.462516,0.877557,-0.00973983,-0.126007
0.930169,-0.113779,0.595666;-0.467495,0.874765,-0.0210565,-0.125664
0.933186,-0.124556,0.594014;-0.472399,0.871832,-0.0323699,-0.125301
0.936143,-0.135306,0.592342;-0.477227,0.868759,-0.043678,-0.124918
0.939034,-0.146021,0.59065;-0.481979,0.865546,-0.0549791,-0.124515
0.941854,-0.156692,0.58894;-0.486652,0.862194,-0.0662713,-0.124091
0.944597,-0.167312,0.58721;-0.491248,0.858704,-0.0775529,-0.123648
0.947258,-0.177871,0.585459;-0.495765,0.855075,-0.088822,-0.123185
0.949831,-0.188362,0.583689;-0.500201,0.851309,-0.100077,-0.122702
0.952312,-0.198777,0.581899;-0.504558,0.847406,-0.111316,-0.122199
0.954694,-0.209106,0.580089;-0.508833,0.843367,-0.122536,-0.121677
0.956973,-0.219343,0.578258;-0.513027,0.839193,-0.133738,-0.121135
0.959142,-0.229479,0.576407;-0.517138,0.834883,-0.144917,-0.120573
0.961197,-0.239506,0.574534;-0.521166,0.830439,-0.156074,-0.119993
0.963132,-0.249415,0.572641;-0.52511,0.825862,-0.167205,-0.119393
0.964942,-0.259198,0.570727;-0.528969,0.821152,-0.178309,-0.118773
0.966849,-0.270214,0.568514;-0.533276,0.815607,-0.190965,-0.118042
0.968577,-0.281043,0.566272;-0.537471,0.809891,-0.20358,-0.117286
0.970231,-0.292492,0.563825;-0.537934,0.808034,-0.211776,-0.113396
0.971624,-0.303341,0.561425;-0.534262,0.81078,-0.214159,-0.106471
0.972819,-0.31395,0.558999;-0.530549,0.813466,-0.216525,-0.0995384
0.973825,-0.324311,0.556548;-0.526797,0.81609,-0.218876,-0.0925983
0.974648,-0.334413,0.554074;-0.523006,0.818654,-0.22121,-0.0856512
0.975296,-0.344248,0.551581;-0.519176,0.821157,-0.223527,-0.0786977
0.975872,-0.356149,0.54844;-0.514333,0.824199,-0.226401,-0.0699977
0.9762,-0.367597,0.545277;-0.509431,0.827145,-0.229248,-0.0612895
0.976296,-0.378573,0.542096;-0.504469,0.829995,-0.232068,-0.0525742
0.976174,-0.389059,0.538902;-0.499448,0.832748,-0.234861,-0.0438527
0.975849,-0.399036,0.5357;-0.494369,0.835404,-0.237627,-0.0351261
0.975211,-0.410308,0.531853;-0.488198,0.838462,-0.240909,-0.0246489
0.974326,-0.420787,0.52801;-0.481945,0.841379,-0.244151,-0.0141675
0.97322,-0.430441,0.524178;-0.475611,0.844155,-0.247352,-0.00368373
0.971683,-0.440615,0.519733;-0.468121,0.847214,-0.251034,0.00854797
0.969919,-0.449569,0.515328;-0.460523,0.85008,-0.254658,0.0207777
0.967677,-0.458241,0.510359;-0.451712,0.853117,-0.258729,0.0347486
0.964621,-0.466626,0.504275;-0.440508,0.856555,-0.263709,0.0521971
0.960738,-0.472889,0.497211;-0.426792,0.860153,-0.269522,0.0731025
0.955844,-0.474511,0.488839;-0.409246,0.863837,-0.276533,0.0991634
0.951559,-0.469386,0.48159;-0.392481,0.866458,-0.282815,0.123394
0.948598,-0.460584,0.476346;-0.379056,0.867961,-0.287569,0.142354
0.94656,-0.450103,0.472391;-0.367912,0.868826,-0.291339,0.157807
0.945273,-0.439835,0.469543;-0.359149,0.869272,-0.294195,0.169785
0.944411,-0.429517,0.46727;-0.351572,0.869497,-0.296589,0.180022
0.943798,-0.417764,0.465163;-0.343936,0.869575,-0.298934,0.190228
0.943496,-0.40685,0.463539;-0.337528,0.869528,-0.300849,0.198709
0.943398,-0.394899,0.46204;-0.331081,0.86938,-0.30273,0.207166
0.943477,-0.384577,0.460934;-0.325896,0.869189,-0.304208,0.213915
0.943705,-0.37357,0.459914;-0.320686,0.868933,-0.305665,0.220648
0.944051,-0.362837,0.459054;-0.31302,0.870778,-0.305453,0.224637
0.944486,-0.352419,0.458327;-0.299006,0.87747,-0.301512,0.223004
0.945024,-0.341512,0.457662;-0.284916,0.883935,-0.297493,0.221314
0.945588,-0.331289,0.457117;-0.27217,0.889557,-0.29381,0.219743
0.946221,-0.320689,0.456621;-0.259368,0.894992,-0.290065,0.218126
0.946914,-0.309721,0.456172;-0.246511,0.90024,-0.286259,0.216464
0.947576,-0.299671,0.455813;-0.23504,0.904745,-0.282826,0.214948
0.948275,-0.289344,0.45549;-0.223529,0.9091,-0.279345,0.213396
0.949007,-0.278747,0.455203;-0.211981,0.913305,-0.275818,0.211809
0.949767,-0.267885,0.454951;-0.200398,0.917357,-0.272246,0.210186
0.95055,-0.256766,0.454734;-0.188781,0.921258,-0.268628,0.208529
0.95135,-0.245395,0.45455;-0.177134,0.925006,-0.264966,0.206837
0.952061,-0.235244,0.454417;-0.166918,0.928159,-0.261725,0.205329
0.952778,-0.22491,0.454308;-0.156681,0.931194,-0.258451,0.203794
0.953499,-0.214397,0.454224;-0.146424,0.934111,-0.255144,0.202233
0.954219,-0.203709,0.454164;-0.136148,0.936909,-0.251805,0.200647
0.954936,-0.19285,0.454128;-0.125855,0.939588,-0.248434,0.199035
0.955646,-0.181825,0.454115;-0.115546,0.942148,-0.245031,0.197398
0.956345,-0.170638,0.454124;-0.105222,0.944588,-0.241597,0.195736
0.957031,-0.159293,0.454156;-0.0948854,0.946908,-0.238132,0.194049
0.9577,-0.147795,0.45421;-0.0845363,0.949108,-0.234637,0.192337
0.958349,-0.136147,0.454285;-0.0741765,0.951187,-0.231113,0.190601
0.958886,-0.126047,0.454366;-0.0652891,0.952872,-0.228068,0.189094
0.959404,-0.115844,0.454462;-0.0563956,0.954469,-0.225002,0.187569
0.9599,-0.105539,0.454573;-0.0474969,0.955977,-0.221915,0.186026
0.960373,-0.0951363,0.454699;-0.0385937,0.957395,-0.218808,0.184466
0.96082,-0.0846374,0.454839;-0.0296869,0.958724,-0.21568,0.182889
0.961239,-0.0740453,0.454993;-0.0207774,0.959964,-0.212531,0.181295
0.961628,-0.0633628,0.45516;-0.0118658,0.961114,-0.209363,0.179684
0.961985,-0.0525924,0.455341;-0.00295324,0.962174,-0.206176,0.178056
0.962308,-0.0417369,0.455536;0.00595965,0.963144,-0.202969,0.176411
0.962595,-0.030799,0.455743;0.014872,0.964025,-0.199743,0.17475
0.962843,-0.0197814,0.455963;0.0237829,0.964815,-0.196499,0.173073
0.963051,-0.00868665,0.456195;0.0326916,0.965515,-0.193236,0.17138
0.963216,0.00248246,0.456439;0.0415973,0.966126,-0.189955,0.16967
0.963337,0.0137233,0.456695;0.0504991,0.966646,-0.186657,0.167945
0.963411,0.0250331,0.456963;0.0593962,0.967075,-0.183341,0.166204
0.963436,0.0364093,0.457242;0.0682877,0.967415,-0.180008,0.164447
0.96341,0.0478492,0.457532;0.0771728,0.967664,-0.176658,0.162675
0.96333,0.05935,0.457832;0.0860508,0.967823,-0.173291,0.160888
0.963196,0.0709092,0.458143;0.0949207,0.967891,-0.169909,0.159086
0.963005,0.0825239,0.458464;0.103782,0.967869,-0.16651,0.157269
0.962754,0.0941916,0.458795;0.112633,0.967756,-0.163096,0.155437
0.962441,0.10591,0.459135;0.121474,0.967554,-0.159667,0.153591
0.962065,0.117675,0.459485;0.130303,0.967261,-0.156223,0.151731
0.961623,0.129485,0.459844;0.139121,0.966877,-0.152764,0.149856
0.961114,0.141338,0.460211;0.147925,0.966404,-0.149291,0.147968
0.960535,0.15323,0.460587;0.156716,0.96584,-0.145804,0.146065
0.959883,0.165159,0.460971;0.165492,0.965186,-0.142304,0.144149
0.959158,0.177122,0.461363;0.174252,0.964441,-0.13879,0.142219
0.958495,0.187116,0.461696;0.18154,0.963752,-0.135852,0.140601
0.957778,0.197129,0.462033;0.188816,0.963001,-0.132905,0.138974
0.957006,0.207162,0.462376;0.19608,0.962187,-0.129949,0.137338
0.956177,0.217212,0.462724;0.203331,0.961311,-0.126986,0.135693
0.955291,0.227277,0.463076;0.210569,0.960372,-0.124013,0.134039
0.954345,0.237357,0.463432;0.217794,0.959371,-0.121033,0.132376
0.953339,0.247449,0.463793;0.225004,0.958308,-0.118045,0.130705
0.952272,0.257552,0.464158;0.2322,0.957183,-0.115049,0.129025
0.951142,0.267664,0.464527;0.23938,0.955996,-0.112046,0.127337
0.949949,0.277784,0.4649;0.246546,0.954747,-0.109036,0.125641
0.94869,0.287911,0.465277;0.253695,0.953435,-0.106018,0.123936
0.947365,0.298043,0.465657;0.260827,0.952062,-0.102994,0.122224
0.945972,0.308177,0.466041;0.267943,0.950628,-0.0999627,0.120503
0.944511,0.318314,0.466428;0.275042,0.949131,-0.0969252,0.118775
0.94298,0.32845,0.466817;0.282122,0.947573,-0.0938813,0.117039
0.941377,0.338586,0.46721;0.289184,0.945954,-0.0908314,0.115295
0.939702,0.348718,0.467606;0.296228,0.944273,-0.0877756,0.113544
0.937954,0.358845,0.468004;0.303252,0.942531,-0.0847141,0.111786
0.936131,0.368967,0.468404;0.310257,0.940728,-0.0816471,0.11002
0.934231,0.379081,0.468807;0.317241,0.938864,-0.0785748,0.108248
0.932255,0.389186,0.469211;0.324205,0.936939,-0.0754974,0.106468
0.9302,0.39928,0.469618;0.331148,0.934954,-0.0724152,0.104681
0.928065,0.409362,0.470026;0.33807,0.932908,-0.0693282,0.102888
0.92585,0.419429,0.470436;0.344969,0.930801,-0.0662367,0.101088
0.923552,0.429482,0.470848;0.351847,0.928634,-0.063141,0.0992809
0.921171,0.439518,0.471261;0.358701,0.926406,-0.0600411,0.0974678
0.918706,0.449535,0.471674;0.365532,0.924119,-0.0569374,0.0956483
0.916154,0.459532,0.472089;0.37234,0.921772,-0.0538299,0.0938227
0.913516,0.469507,0.472505;0.379123,0.919365,-0.050719,0.0919909
0.91079,0.47946,0.472921;0.385881,0.916898,-0.0476048,0.0901532
0.907974,0.489387,0.473338;0.392615,0.914372,-0.0444874,0.0883097
0.905067,0.499289,0.473755;0.399323,0.911786,-0.0413673,0.0864604
0.902069,0.509162,0.474172;0.406006,0.909142,-0.0382444,0.0846055
0.898977,0.519007,0.474589;0.412662,0.906438,-0.035119,0.0827452
0.895792,0.52882,0.475006;0.419291,0.903676,-0.0319914,0.0808794
0.892511,0.538601,0.475423;0.425893,0.900855,-0.0288617,0.0790085
0.889133,0.548348,0.475839;0.432467,0.897976,-0.0257301,0.0771324
0.885657,0.558059,0.476255;0.439014,0.895038,-0.0225969,0.0752513
0.882082,0.567734,0.476669;0.445532,0.892043,-0.0194621,0.0733653
0.878407,0.577369,0.477083;0.452021,0.888989,-0.0163262,0.0714745
0.87463,0.586964,0.477496;0.45848,0.885878,-0.0131891,0.0695792
0.87075,0.596518,0.477907;0.46491,0.88271,-0.0100513,0.0676793
0.866766,0.606028,0.478317;0.47131,0.879484,-0.00691272,0.065775
0.862677,0.615494,0.478725;0.47768,0.876201,-0.00377373,0.0638665
0.858482,0.624913,0.479132;0.484018,0.872862,-0.000634498,0.0619538
0.854179,0.634284,0.479536;0.490325,0.869466,0.00250478,0.0600371
0.849767,0.643605,0.479939;0.4966,0.866013,0.00564389,0.0581165
0.845245,0.652876,0.480339;0.502843,0.862505,0.00878263,0.0561922
0.840612,0.662093,0.480737;0.509053,0.85894,0.0119208,0.0542642
