0.696822,0.0331993,0.638412;-0.237401,0.750189,-0.15148,-0.598257
0.706759,0.0363883,0.638043;-0.260983,0.744609,-0.153667,-0.594838
0.716436,0.0395472,0.637535;-0.284407,0.738579,-0.155762,-0.59106
0.7267,0.0429589,0.636827;-0.309764,0.731493,-0.15794,-0.586532
0.736663,0.0463349,0.635962;-0.334899,0.723881,-0.160005,-0.581582
0.746329,0.049675,0.634945;-0.359794,0.715749,-0.161954,-0.576215
0.755702,0.0529794,0.63378;-0.384429,0.707102,-0.163787,-0.570433
0.765532,0.0565188,0.632356;-0.410806,0.697162,-0.16564,-0.563708
0.775028,0.0600164,0.630769;-0.436836,0.686635,-0.167354,-0.556507
0.78489,0.0637361,0.628884;-0.464456,0.67465,-0.169041,-0.548227
0.794379,0.0674072,0.626824;-0.491622,0.662005,-0.170563,-0.539412
0.803503,0.0710298,0.624595;-0.518307,0.648714,-0.171919,-0.530069
0.812881,0.0748574,0.622029;-0.546334,0.633769,-0.173184,-0.519484
0.821855,0.0786293,0.619285;-0.573749,0.618112,-0.174255,-0.508315
0.830993,0.0825914,0.616174;-0.602281,0.600648,-0.175182,-0.495774
0.839693,0.0864902,0.612882;-0.630043,0.582416,-0.175885,-0.482599
0.848467,0.0905635,0.609197;-0.658658,0.562231,-0.176386,-0.467925
0.857244,0.0947988,0.6051;-0.68792,0.539975,-0.176639,-0.451654
0.865508,0.0989542,0.600815;-0.716071,0.516846,-0.176607,-0.434653
0.87369,0.103254,0.596106;-0.744528,0.491527,-0.176263,-0.415945
0.881334,0.107465,0.591223;-0.771645,0.465322,-0.175602,-0.396489
0.888818,0.111801,0.585914;-0.798687,0.436834,-0.174564,-0.375237
0.896076,0.116249,0.580174;-0.825364,0.405985,-0.1731,-0.352118
0.903047,0.120793,0.574005;-0.851363,0.372709,-0.171157,-0.327068
0.90967,0.125416,0.567415;-0.876346,0.33696,-0.168684,-0.300036
0.915645,0.129909,0.560709;-0.899015,0.300322,-0.165767,-0.272212
0.921221,0.13446,0.553624;-0.92014,0.261248,-0.162256,-0.242414
0.926352,0.139051,0.546186;-0.939333,0.219749,-0.158103,-0.210635
0.930996,0.143664,0.538428;-0.956187,0.175865,-0.153261,-0.176889
0.935119,0.14828,0.530396;-0.970275,0.129667,-0.147687,-0.141216
0.938694,0.152879,0.522146;-0.981157,0.0812627,-0.141339,-0.103681
0.941703,0.157441,0.513745;-0.988384,0.030797,-0.134182,-0.0643798
0.944273,0.162233,0.504728;-0.990644,0.0102874,-0.129615,-0.0414581
0.946301,0.167366,0.494911;-0.991079,0.0178242,-0.127744,-0.0335465
0.947447,0.172241,0.485515;-0.991393,0.0253589,-0.125857,-0.0256308
0.94776,0.176899,0.476576;-0.991585,0.0328904,-0.123954,-0.017712
0.947136,0.18211,0.466774;-0.991654,0.041672,-0.121715,-0.0084706
0.945519,0.187141,0.4577;-0.991557,0.0504466,-0.119456,0.000772173
0.942553,0.192749,0.448296;-0.991243,0.0604643,-0.11685,0.0113351
0.938502,0.198296,0.440002;-0.990711,0.0704688,-0.114218,0.0218955
0.93348,0.203875,0.432905;-0.989963,0.0804578,-0.11156,0.0324512
0.9276,0.20958,0.427091;-0.988999,0.0904293,-0.108879,0.0429997
0.9201,0.216264,0.422187;-0.987655,0.101623,-0.105834,0.0548555
0.912774,0.222544,0.41938;-0.986231,0.11155,-0.103102,0.0653813
0.904943,0.229241,0.418121;-0.984591,0.121453,-0.100349,0.0758928
0.897032,0.236164,0.418445;-0.983597,0.111683,-0.117481,0.0791321
0.889582,0.242842,0.420045;-0.982102,0.0894768,-0.146571,0.0773701
0.882194,0.249553,0.42278;-0.979287,0.0671502,-0.175463,0.0755042
0.875074,0.256051,0.426537;-0.975155,0.0447333,-0.204119,0.0735367
0.868428,0.262092,0.431205;-0.969711,0.0222562,-0.232501,0.0714703
0.862115,0.267732,0.437035;-0.962499,-0.00165775,-0.262313,0.0691695
0.85654,0.272511,0.44404;-0.953271,-0.0269749,-0.293444,0.0666191
0.852034,0.275962,0.452635;-0.941115,-0.0550494,-0.327445,0.0636525
0.84964,0.276972,0.462346;-0.926224,-0.084402,-0.362406,0.0603937
0.850098,0.274758,0.472511;-0.909188,-0.113559,-0.396527,0.0569951
0.853112,0.269873,0.481391;-0.892908,-0.138344,-0.425045,0.0539766
0.857329,0.263929,0.488296;-0.879193,-0.157461,-0.446729,0.0515651
0.86248,0.25705,0.49427;-0.868325,-0.172057,-0.462438,0.0505914
0.867945,0.249963,0.499246;-0.879343,-0.162094,-0.443315,0.0628799
0.87373,0.242616,0.503695;-0.888873,-0.152857,-0.425497,0.0741038
0.879532,0.235381,0.507618;-0.89706,-0.144376,-0.40907,0.0842677
0.885757,0.22775,0.511399;-0.904787,-0.135822,-0.392433,0.0943884
0.892316,0.219855,0.515011;-0.912051,-0.127198,-0.375596,0.104461
0.899122,0.211824,0.518428;-0.918847,-0.118509,-0.358566,0.11448
0.906085,0.203787,0.521626;-0.925174,-0.109759,-0.341352,0.12444
0.913115,0.195875,0.524579;-0.931026,-0.100953,-0.323964,0.134337
0.920124,0.188218,0.52726;-0.936402,-0.0920958,-0.30641,0.144164
0.927023,0.180944,0.529645;-0.941298,-0.0831911,-0.288699,0.153918
0.934379,0.173542,0.531895;-0.946127,-0.0733468,-0.269046,0.164556
0.941989,0.16638,0.533864;-0.950726,-0.062556,-0.247417,0.176045
0.949573,0.15995,0.535376;-0.954917,-0.0508142,-0.22378,0.188344
0.958134,0.154089,0.536286;-0.959151,-0.0353946,-0.192582,0.20418
0.967572,0.152182,0.534957;-0.962955,-0.0108064,-0.142464,0.228702
0.970427,0.160457,0.530308;-0.963274,0.0119985,-0.0955808,0.250648
0.96902,0.17009,0.526113;-0.962105,0.0247571,-0.0691828,0.262591
0.966519,0.179421,0.522368;-0.96068,0.0338559,-0.050283,0.270962
0.963553,0.188457,0.518903;-0.959185,0.0411227,-0.0351442,0.277558
0.959936,0.198295,0.515249;-0.958019,0.0463808,-0.0232651,0.281969
0.956161,0.207834,0.51179;-0.960585,0.0397335,-0.0299453,0.273499
0.952385,0.216943,0.508535;-0.962697,0.0339116,-0.0357864,0.26605
0.948198,0.226715,0.505073;-0.964687,0.0280854,-0.0416229,0.258568
0.944304,0.235585,0.501946;-0.966295,0.0230887,-0.0466214,0.252127
0.940146,0.244881,0.498678;-0.967811,0.0180897,-0.0516155,0.245664
0.935743,0.254575,0.495273;-0.969236,0.0130891,-0.0566047,0.239177
0.931113,0.264637,0.491734;-0.970571,0.00808724,-0.0615887,0.232667
0.927093,0.273285,0.488687;-0.971613,0.00391842,-0.0657376,0.227226
0.922938,0.282152,0.485554;-0.972592,-0.000250657,-0.0698822,0.22177
0.918658,0.291223,0.482336;-0.973507,-0.00441972,-0.0740222,0.216299
0.914264,0.300482,0.479037;-0.974359,-0.00858849,-0.0781574,0.210814
0.909765,0.309911,0.47566;-0.975147,-0.0127567,-0.0822875,0.205316
0.905172,0.319495,0.472206;-0.975871,-0.0169241,-0.0864122,0.199804
0.900496,0.329216,0.468678;-0.976532,-0.0210904,-0.0905313,0.194279
0.895747,0.339059,0.46508;-0.977129,-0.0252553,-0.0946445,0.188741
0.890934,0.349008,0.461413;-0.977662,-0.0294185,-0.0987515,0.183191
0.886069,0.359045,0.457681;-0.978132,-0.0335798,-0.102852,0.177629
0.881162,0.369154,0.453885;-0.978537,-0.037739,-0.106946,0.172056
0.876224,0.379319,0.450028;-0.978879,-0.0418956,-0.111033,0.166471
0.871263,0.389523,0.446114;-0.979157,-0.0460496,-0.115112,0.160875
0.866292,0.39975,0.442144;-0.97937,-0.0502005,-0.119184,0.155269
0.86132,0.409983,0.438122;-0.97952,-0.0543482,-0.123249,0.149653
0.856357,0.420207,0.434049;-0.979606,-0.0584923,-0.127305,0.144027
0.851414,0.430404,0.429929;-0.979628,-0.0626326,-0.131353,0.138391
0.846501,0.440557,0.425763;-0.979586,-0.0667688,-0.135392,0.132747
0.841629,0.450652,0.421556;-0.97948,-0.0709006,-0.139423,0.127094
0.836808,0.460671,0.417308;-0.97931,-0.0750278,-0.143444,0.121432
0.832048,0.470597,0.413023;-0.979077,-0.0791501,-0.147456,0.115763
0.82736,0.480415,0.408704;-0.978779,-0.0832673,-0.151459,0.110086
0.822753,0.490108,0.404352;-0.978417,-0.087379,-0.155451,0.104402
0.818239,0.499659,0.399972;-0.977992,-0.091485,-0.159434,0.0987109
0.813828,0.509052,0.395564;-0.977502,-0.095585,-0.163406,0.0930135
0.809529,0.518271,0.391132;-0.976949,-0.0996788,-0.167367,0.0873101
0.805354,0.527298,0.386678;-0.976332,-0.103766,-0.171317,0.0816009
0.801313,0.536118,0.382206;-0.975651,-0.107847,-0.175257,0.0758865
0.797415,0.544715,0.377717;-0.974907,-0.11192,-0.179184,0.070167
0.793672,0.553071,0.373214;-0.974099,-0.115986,-0.1831,0.064443
0.789398,0.562758,0.367796;-0.973045,-0.120856,-0.187784,0.0575687
0.78538,0.572047,0.362366;-0.9719,-0.125714,-0.19245,0.0506889
0.781634,0.58091,0.35693;-0.970664,-0.13056,-0.197097,0.0438044
0.778179,0.589317,0.35149;-0.969336,-0.135394,-0.201727,0.0369158
0.775033,0.597241,0.346052;-0.967917,-0.140215,-0.206337,0.0300237
0.771776,0.605838,0.339716;-0.966147,-0.145823,-0.211691,0.0219794
0.768992,0.613692,0.333396;-0.964253,-0.151412,-0.217018,0.0139323
0.766425,0.621703,0.326201;-0.961937,-0.157776,-0.223072,0.00473342
0.764556,0.628618,0.319047;-0.959461,-0.164114,-0.229089,-0.0044662
0.763339,0.635005,0.31106;-0.956483,-0.171211,-0.235811,-0.0148148
0.763157,0.64026,0.302279;-0.952938,-0.179054,-0.243223,-0.0263095
0.764476,0.643649,0.292759;-0.94875,-0.187628,-0.251302,-0.0389456
0.767856,0.644289,0.282571;-0.94384,-0.196913,-0.260025,-0.0527163
