0.71274,-0.414832,0.652498;0.858424,-0.376473,0.347272,0.0278965
0.711876,-0.404165,0.653141;0.858046,-0.376828,0.347699,0.0293734
0.71102,-0.393579,0.653774;0.857666,-0.377181,0.348126,0.0308501
0.710171,-0.383075,0.654397;0.857284,-0.377534,0.348551,0.0323268
0.70933,-0.372652,0.65501;0.856899,-0.377885,0.348975,0.0338034
0.708496,-0.362311,0.655613;0.856512,-0.378236,0.349399,0.0352799
0.70767,-0.352049,0.656205;0.856123,-0.378585,0.349822,0.0367563
0.706851,-0.341869,0.656788;0.855732,-0.378934,0.350243,0.0382326
0.706039,-0.331769,0.657361;0.855338,-0.379281,0.350664,0.0397089
0.705235,-0.321748,0.657923;0.854942,-0.379628,0.351084,0.041185
0.703648,-0.301947,0.659019;0.854144,-0.380318,0.351921,0.0441369
0.702091,-0.282463,0.660076;0.853336,-0.381004,0.352754,0.0470883
0.700563,-0.263294,0.661094;0.85252,-0.381686,0.353584,0.0500393
0.699064,-0.244439,0.662074;0.851695,-0.382364,0.35441,0.0529897
0.697594,-0.225895,0.663015;0.85086,-0.383038,0.355232,0.0559395
0.696152,-0.207661,0.663918;0.850017,-0.383708,0.35605,0.0588888
0.694739,-0.189735,0.664783;0.849164,-0.384374,0.356865,0.0618374
0.693354,-0.172115,0.665611;0.848303,-0.385036,0.357676,0.0647854
0.691998,-0.154798,0.666401;0.847433,-0.385694,0.358483,0.0677327
0.690669,-0.137783,0.667155;0.846554,-0.386347,0.359286,0.0706793
0.689368,-0.121069,0.667872;0.845666,-0.386997,0.360086,0.0736252
0.688095,-0.104653,0.668553;0.844769,-0.387643,0.360882,0.0765703
0.68685,-0.0885326,0.669198;0.843863,-0.388284,0.361674,0.0795146
0.685632,-0.0727069,0.669807;0.842948,-0.388922,0.362462,0.082458
0.684441,-0.0571737,0.670381;0.842025,-0.389555,0.363246,0.0854006
0.683278,-0.041931,0.670919;0.841092,-0.390184,0.364027,0.0883422
0.682141,-0.0269769,0.671423;0.840151,-0.39081,0.364803,0.091283
0.681031,-0.0123096,0.671893;0.839201,-0.391431,0.365576,0.0942227
0.679948,0.0020729,0.672328;0.838242,-0.392048,0.366345,0.0971615
0.678891,0.0161725,0.672729;0.837274,-0.39266,0.36711,0.100099
0.677861,0.0299911,0.673096;0.836298,-0.393269,0.367872,0.103036
0.676857,0.0435306,0.673431;0.835312,-0.393874,0.368629,0.105972
0.675879,0.0567929,0.673732;0.834318,-0.394474,0.369382,0.108906
0.674926,0.06978,0.674;0.833315,-0.39507,0.370132,0.11184
0.674,0.0824937,0.674236;0.832303,-0.395662,0.370878,0.114772
0.673099,0.0949359,0.674439;0.831283,-0.39625,0.37162,0.117703
0.672224,0.107109,0.674611;0.830253,-0.396834,0.372358,0.120632
0.671373,0.119014,0.674751;0.829215,-0.397413,0.373092,0.123561
0.670548,0.130653,0.67486;0.828169,-0.397989,0.373822,0.126488
0.669748,0.142029,0.674938;0.827113,-0.39856,0.374548,0.129414
0.668973,0.153142,0.674985;0.826049,-0.399127,0.37527,0.132338
0.668222,0.163996,0.675002;0.824976,-0.39969,0.375988,0.135261
0.667496,0.174591,0.674988;0.823894,-0.400248,0.376702,0.138183
0.666794,0.184931,0.674945;0.822804,-0.400803,0.377413,0.141103
0.666116,0.195016,0.674872;0.821705,-0.401353,0.378119,0.144022
0.665145,0.209671,0.674708;0.820041,-0.40217,0.379171,0.148397
0.664227,0.223764,0.674479;0.818357,-0.402978,0.380214,0.152769
0.663362,0.237303,0.674186;0.816653,-0.403776,0.381248,0.157137
0.66255,0.250293,0.673831;0.814931,-0.404565,0.382273,0.161501
0.66179,0.262742,0.673413;0.813189,-0.405344,0.383289,0.165862
0.661081,0.274654,0.672935;0.811427,-0.406113,0.384296,0.170219
0.660423,0.286038,0.672396;0.809647,-0.406873,0.385294,0.174571
0.659816,0.296899,0.671799;0.807847,-0.407623,0.386283,0.17892
0.659258,0.307243,0.671144;0.806028,-0.408364,0.387262,0.183264
0.658592,0.320244,0.670182;0.803573,-0.409336,0.388554,0.189049
0.658012,0.332353,0.669121;0.801085,-0.410291,0.389829,0.194827
0.657518,0.343587,0.667963;0.798562,-0.411229,0.391088,0.200596
0.657107,0.353961,0.666712;0.796006,-0.412149,0.392331,0.206357
0.656711,0.365741,0.665018;0.792764,-0.413276,0.393861,0.213546
0.656442,0.376229,0.663185;0.78947,-0.414375,0.395365,0.220721
0.656283,0.387154,0.660809;0.785448,-0.415657,0.397135,0.229311
0.65632,0.397673,0.657803;0.780662,-0.417104,0.399153,0.239306
0.656708,0.407801,0.653586;0.774361,-0.418885,0.401672,0.252111
0.657798,0.415641,0.647392;0.765703,-0.421121,0.404897,0.2691
0.660404,0.416411,0.637614;0.752941,-0.424015,0.409203,0.292992
0.662947,0.410227,0.630089;0.743587,-0.425864,0.412055,0.309724
0.665213,0.40222,0.624152;0.736386,-0.427145,0.414092,0.322196
0.667474,0.392836,0.618687;0.729854,-0.428207,0.415828,0.333225
0.669633,0.382974,0.613776;0.724038,-0.429077,0.41729,0.342829
0.671614,0.373361,0.609481;0.718978,-0.429779,0.4185,0.351026
0.67371,0.362731,0.605114;0.713849,-0.43044,0.419671,0.35919
0.675542,0.353133,0.601426;0.709524,-0.43096,0.420616,0.365967
0.677449,0.342895,0.597699;0.705152,-0.431451,0.421533,0.37272
0.679428,0.332045,0.593937;0.700734,-0.431914,0.422423,0.379448
0.681477,0.320615,0.590145;0.69627,-0.432349,0.423285,0.386152
0.683165,0.311073,0.587092;0.692665,-0.432676,0.423954,0.391496
0.684895,0.301193,0.584026;0.689032,-0.432985,0.424606,0.396825
0.686666,0.290991,0.580948;0.685369,-0.433275,0.425239,0.402136
0.688477,0.280482,0.57786;0.681678,-0.433548,0.425855,0.40743
0.690326,0.269682,0.574765;0.677957,-0.433802,0.426453,0.412708
0.692212,0.258605,0.571666;0.674208,-0.434038,0.427033,0.417968
0.694134,0.247268,0.568564;0.670431,-0.434256,0.427595,0.42321
0.696091,0.235684,0.565462;0.666626,-0.434455,0.428139,0.428434
0.698081,0.22387,0.562363;0.662792,-0.434636,0.428665,0.433641
0.700103,0.211841,0.559268;0.658931,-0.434799,0.429172,0.438829
0.702157,0.199612,0.55618;0.655042,-0.434943,0.429662,0.443999
0.70424,0.187198,0.553101;0.651125,-0.435069,0.430134,0.44915
0.706351,0.174615,0.550035;0.647181,-0.435177,0.430587,0.454282
0.70849,0.161878,0.546982;0.64321,-0.435267,0.431023,0.459395
0.710111,0.152233,0.544703;0.640213,-0.435322,0.431337,0.463217
0.711747,0.142516,0.542434;0.637202,-0.435366,0.431642,0.467028
0.713396,0.132734,0.540176;0.634175,-0.435401,0.431936,0.470828
0.715189,0.122122,0.537755;0.636717,-0.437011,0.432001,0.46582
0.716824,0.112464,0.535577;0.640976,-0.438982,0.431943,0.458116
0.718471,0.102756,0.533412;0.645183,-0.440917,0.43185,0.450374
0.72013,0.0930032,0.53126;0.649338,-0.442816,0.431721,0.442596
0.7218,0.0832073,0.529121;0.65344,-0.444678,0.431558,0.434782
0.723482,0.0733718,0.526996;0.657489,-0.446505,0.43136,0.426932
0.725175,0.0634995,0.524886;0.661484,-0.448295,0.431126,0.419047
0.726879,0.0535934,0.52279;0.665425,-0.450049,0.430857,0.411129
0.728593,0.0436567,0.520709;0.669312,-0.451767,0.430554,0.403177
0.730318,0.0336922,0.518644;0.673145,-0.453447,0.430215,0.395192
0.732054,0.023703,0.516595;0.676923,-0.455091,0.429841,0.387175
0.733799,0.0136921,0.514562;0.680646,-0.456697,0.429432,0.379126
0.735554,0.00366247,0.512547;0.684313,-0.458267,0.428989,0.371047
0.737319,-0.00638287,0.510548;0.687925,-0.459799,0.42851,0.362937
0.739093,-0.0164409,0.508567;0.691481,-0.461293,0.427996,0.354798
0.740877,-0.0265087,0.506604;0.69498,-0.46275,0.427448,0.34663
0.742669,-0.0365832,0.50466;0.698423,-0.46417,0.426865,0.338434
0.744471,-0.0466614,0.502735;0.701809,-0.465551,0.426247,0.33021
0.746281,-0.0567403,0.500829;0.705138,-0.466895,0.425595,0.321959
0.748099,-0.0668169,0.498942;0.70841,-0.468201,0.424907,0.313683
0.749926,-0.0768882,0.497076;0.711624,-0.469469,0.424186,0.30538
0.751761,-0.0869512,0.495231;0.71478,-0.470698,0.423429,0.297053
0.753603,-0.097003,0.493407;0.717878,-0.471889,0.422638,0.288702
0.755453,-0.10704,0.491604;0.720917,-0.473042,0.421813,0.280327
0.75731,-0.117061,0.489823;0.723898,-0.474156,0.420954,0.271929
0.759175,-0.12706,0.488065;0.72682,-0.475232,0.42006,0.263509
0.761046,-0.137037,0.486329;0.729683,-0.476269,0.419132,0.255068
0.762925,-0.146987,0.484616;0.732486,-0.477267,0.41817,0.246606
0.764809,-0.156908,0.482927;0.735229,-0.478227,0.417174,0.238124
0.7667,-0.166797,0.481262;0.737913,-0.479147,0.416144,0.229622
0.768598,-0.17665,0.479622;0.740537,-0.480028,0.41508,0.221102
0.770501,-0.186465,0.478006;0.743101,-0.480871,0.413982,0.212564
0.77241,-0.196239,0.476416;0.745604,-0.481674,0.412851,0.204008
0.774324,-0.205968,0.474851;0.748046,-0.482438,0.411686,0.195436
0.776628,-0.217581,0.473008;0.750896,-0.483303,0.410244,0.185129
0.778939,-0.22912,0.471203;0.753659,-0.484112,0.408753,0.1748
0.781257,-0.240581,0.469438;0.756333,-0.484863,0.407215,0.16445
0.783582,-0.251958,0.467712;0.758918,-0.485558,0.405629,0.154081
0.785913,-0.263246,0.466026;0.761415,-0.486196,0.403996,0.143694
0.78825,-0.27444,0.464382;0.763822,-0.486777,0.402315,0.13329
0.790592,-0.285535,0.46278;0.76614,-0.487301,0.400587,0.122871
0.792939,-0.296526,0.461221;0.768368,-0.487768,0.398812,0.112437
0.795291,-0.307407,0.459706;0.770506,-0.488177,0.396991,0.10199
0.797647,-0.318173,0.458234;0.772554,-0.48853,0.395122,0.0915311
0.800007,-0.328819,0.456807;0.774511,-0.488825,0.393208,0.0810614
0.802371,-0.33934,0.455426;0.776377,-0.489063,0.391247,0.0705822
0.804738,-0.34973,0.454092;0.778152,-0.489243,0.389241,0.0600948
0.807108,-0.359985,0.452804;0.779837,-0.489366,0.387189,0.0496003
0.809481,-0.3701,0.451565;0.781429,-0.489432,0.385092,0.0391
0.811856,-0.380068,0.450374;0.78293,-0.489441,0.382949,0.0285951
0.814233,-0.389885,0.449232;0.78434,-0.489392,0.380762,0.0180869
0.816611,-0.399546,0.44814;0.785657,-0.489286,0.37853,0.0075765
0.819387,-0.410613,0.446931;0.787078,-0.489089,0.37587,-0.00468662
0.822163,-0.421452,0.445792;0.788373,-0.488815,0.37315,-0.016949
0.824941,-0.432054,0.444724;0.789543,-0.488462,0.37037,-0.0292087
0.827718,-0.442412,0.443729;0.790586,-0.488032,0.367531,-0.0414637
0.830494,-0.452517,0.442808;0.791503,-0.487524,0.364634,-0.0537121
0.833269,-0.462361,0.441962;0.792294,-0.486938,0.361679,-0.0659519
0.836438,-0.473282,0.441087;0.793044,-0.486173,0.35823,-0.0799273
0.839603,-0.483839,0.440314;0.793628,-0.485307,0.354707,-0.093886
0.842764,-0.494019,0.439644;0.794046,-0.48434,0.351111,-0.107825
0.845921,-0.503811,0.439079;0.7943,-0.483272,0.347441,-0.121742
0.849464,-0.514347,0.438569;0.794387,-0.48195,0.343225,-0.137368
0.852999,-0.524359,0.438197;0.794264,-0.480501,0.33892,-0.152957
0.856524,-0.533828,0.437964;0.793933,-0.478926,0.334525,-0.168507
0.860428,-0.543692,0.437872;0.793319,-0.477027,0.329538,-0.185731
0.864704,-0.553716,0.437977;0.792345,-0.474759,0.323929,-0.204608
0.868959,-0.562842,0.438302;0.791059,-0.472303,0.318192,-0.223405
0.873575,-0.571738,0.438914;0.7893,-0.469413,0.31179,-0.243809
0.878921,-0.580663,0.439975;0.786782,-0.465763,0.304138,-0.26747
0.884974,-0.588867,0.441654;0.783288,-0.461227,0.295154,-0.2943
0.892075,-0.595713,0.444316;0.778292,-0.455343,0.284168,-0.325841
0.900528,-0.599568,0.448538;0.771022,-0.447504,0.270423,-0.363506
0.908807,-0.598294,0.453894;0.762424,-0.438895,0.256212,-0.400546
0.915499,-0.593166,0.459203;0.75433,-0.431212,0.244139,-0.430626
0.920975,-0.585945,0.464264;0.761687,-0.420609,0.238137,-0.431523
0.925355,-0.578122,0.468798;0.773391,-0.410246,0.234898,-0.422361
0.929268,-0.569581,0.473221;0.783803,-0.400703,0.231885,-0.413907
0.93273,-0.560786,0.477434;0.792987,-0.392019,0.229117,-0.4062
0.936132,-0.550994,0.481855;0.801991,-0.383246,0.226298,-0.3984
0.939103,-0.541492,0.485949;0.809841,-0.375375,0.223748,-0.391391
0.942021,-0.531275,0.49019;0.817547,-0.367436,0.221159,-0.384312
0.94453,-0.521776,0.494015;0.824169,-0.360436,0.218861,-0.378062
0.946995,-0.511779,0.497941;0.830679,-0.353386,0.216532,-0.371759
0.949415,-0.501308,0.501962;0.837074,-0.346288,0.214174,-0.365406
0.951453,-0.491972,0.505481;0.842464,-0.340166,0.21213,-0.35992
0.953455,-0.48232,0.509062;0.847769,-0.334009,0.210064,-0.354398
0.955421,-0.472364,0.512702;0.852989,-0.327819,0.207977,-0.34884
0.95735,-0.462121,0.516399;0.858123,-0.321596,0.205869,-0.343247
0.95924,-0.451605,0.520148;0.86317,-0.315341,0.20374,-0.33762
0.961092,-0.440829,0.523945;0.868131,-0.309054,0.20159,-0.331958
0.962903,-0.42981,0.527789;0.873004,-0.302735,0.199421,-0.326263
0.964381,-0.420451,0.531024;0.876997,-0.297446,0.197597,-0.321492
0.965831,-0.410941,0.534287;0.880929,-0.292137,0.19576,-0.316698
0.96725,-0.401289,0.537575;0.8848,-0.286807,0.193909,-0.311883
0.968639,-0.391502,0.540886;0.888608,-0.281457,0.192044,-0.307045
0.969998,-0.38159,0.544219;0.892354,-0.276087,0.190166,-0.302186
0.971325,-0.37156,0.547571;0.896038,-0.270698,0.188275,-0.297306
0.97262,-0.361422,0.55094;0.899659,-0.26529,0.186371,-0.292405
0.973882,-0.351183,0.554325;0.903217,-0.259863,0.184453,-0.287483
0.975112,-0.340852,0.557724;0.906712,-0.254418,0.182523,-0.282542
0.976308,-0.330438,0.561134;0.910144,-0.248956,0.180579,-0.27758
0.97747,-0.319948,0.564553;0.913511,-0.243476,0.178623,-0.2726
0.978597,-0.309392,0.56798;0.916815,-0.237979,0.176655,-0.2676
0.979689,-0.298778,0.571413;0.920054,-0.232465,0.174674,-0.262581
0.980744,-0.288114,0.574849;0.92323,-0.226935,0.172681,-0.257544
0.981764,-0.277409,0.578287;0.92634,-0.221389,0.170676,-0.252489
0.982746,-0.266671,0.581725;0.929386,-0.215828,0.168659,-0.247416
0.983691,-0.255908,0.58516;0.932366,-0.210251,0.16663,-0.242326
0.984598,-0.24513,0.588591;0.935282,-0.20466,0.16459,-0.237219
0.985466,-0.234343,0.592016;0.938131,-0.199054,0.162538,-0.232096
0.986294,-0.223558,0.595432;0.940916,-0.193435,0.160475,-0.226956
0.987083,-0.212782,0.598839;0.943634,-0.187802,0.1584,-0.2218
0.987831,-0.202024,0.602233;0.946286,-0.182156,0.156314,-0.216629
0.988539,-0.191291,0.605612;0.948872,-0.176497,0.154218,-0.211442
0.989205,-0.180594,0.608976;0.951392,-0.170825,0.15211,-0.206241
0.989828,-0.169939,0.612322;0.953845,-0.165142,0.149992,-0.201025
0.99041,-0.159336,0.615647;0.956231,-0.159447,0.147863,-0.195795
0.990947,-0.148793,0.61895;0.95855,-0.153741,0.145724,-0.190552
0.991441,-0.138318,0.62223;0.960802,-0.148025,0.143575,-0.185295
0.991891,-0.12792,0.625483;0.962987,-0.142297,0.141416,-0.180025
0.992296,-0.117608,0.628708;0.965104,-0.13656,0.139247,-0.174743
0.992655,-0.107389,0.631903;0.967154,-0.130814,0.137068,-0.169448
0.992968,-0.0972715,0.635066;0.969136,-0.125058,0.13488,-0.164142
0.993235,-0.0872651,0.638196;0.971051,-0.119293,0.132682,-0.158824
0.993454,-0.0773776,0.641289;0.972897,-0.11352,0.130475,-0.153495
0.993626,-0.0676176,0.644345;0.974675,-0.10774,0.128258,-0.148155
0.993749,-0.0579934,0.64736;0.976385,-0.101951,0.126033,-0.142805
0.993832,-0.0466355,0.650924;0.978347,-0.0949958,0.123351,-0.136371
0.993844,-0.0355,0.654423;0.98021,-0.0880308,0.120657,-0.129924
0.993783,-0.0246015,0.657856;0.981975,-0.0810569,0.11795,-0.123464
0.993649,-0.0139545,0.661218;0.98364,-0.0740748,0.115231,-0.116991
0.993441,-0.00357352,0.664506;0.985206,-0.0670853,0.112501,-0.110507
0.993158,0.00652675,0.667717;0.986673,-0.060089,0.10976,-0.104011
0.992798,0.0163318,0.670847;0.98804,-0.0530867,0.107007,-0.0975051
0.992281,0.0273783,0.674392;0.98951,-0.0449105,0.103783,-0.0899022
0.991656,0.03798,0.677817;0.990844,-0.0367282,0.100543,-0.082287
0.990924,0.0481137,0.681116;0.992041,-0.0285409,0.0972906,-0.0746606
0.990082,0.0577562,0.684285;0.993103,-0.0203497,0.0940243,-0.0670238
0.988983,0.0681451,0.687739;0.994149,-0.0109849,0.0902757,-0.058285
0.987736,0.0778277,0.691008;0.995017,-0.00161815,0.0865109,-0.0495356
0.986154,0.0878332,0.694452;0.995781,0.0089197,0.082257,-0.0396821
0.984169,0.0977909,0.697977;0.996364,0.0206259,0.0775086,-0.0287233
0.981704,0.107257,0.701468;0.996684,0.033496,0.0722603,-0.0166594
0.978405,0.116315,0.705046;0.996626,0.0486911,0.0660264,-0.00239517
0.97344,0.124444,0.708771;0.995839,0.0685258,0.0578277,0.0162588
0.964673,0.128212,0.712189;0.996192,0.0618413,0.0543001,0.0287994
0.955426,0.12345,0.713186;0.997068,0.0414413,0.0545535,0.0340832
0.948371,0.116092,0.712827;0.997415,0.0273068,0.0547147,0.0377325
0.941699,0.107035,0.711852;0.997545,0.0147379,0.0548482,0.0409696
0.935583,0.0973367,0.710531;0.997521,0.00373793,0.0549574,0.0437964
0.930153,0.0878157,0.709077;0.997398,-0.00569102,0.0550454,0.0462149
0.924567,0.0772711,0.707349;0.99718,-0.0151194,0.0551282,0.048629
0.919803,0.0677647,0.705712;0.996926,-0.0229754,0.0551932,0.0506373
0.91495,0.057658,0.703911;0.996607,-0.0308298,0.0552545,0.0526422
0.910017,0.0470013,0.701957;0.996222,-0.0386822,0.0553122,0.0546436
0.905014,0.0358447,0.69986;0.995772,-0.0465321,0.0553663,0.0566415
0.900966,0.0265933,0.698089;0.995364,-0.0528098,0.0554069,0.0582371
0.896883,0.0170799,0.696241;0.994915,-0.0590853,0.0554452,0.0598302
0.89277,0.00733012,0.694322;0.994423,-0.0653583,0.0554812,0.0614209
0.888631,-0.00263024,0.692338;0.99389,-0.0716285,0.0555148,0.0630089
0.884471,-0.0127755,0.690295;0.993315,-0.0778958,0.0555461,0.0645943
0.880294,-0.0230799,0.688199;0.992698,-0.0841597,0.0555751,0.066177
0.876105,-0.0335178,0.686056;0.992039,-0.0904201,0.0556017,0.0677568
0.871909,-0.0440634,0.683873;0.991339,-0.0966767,0.0556259,0.0693339
0.867711,-0.0546911,0.681654;0.990596,-0.102929,0.0556479,0.070908
0.863514,-0.0653751,0.679407;0.989812,-0.109177,0.0556674,0.0724791
0.859323,-0.0760897,0.677137;0.988986,-0.115421,0.0556847,0.0740472
0.855144,-0.0868092,0.67485;0.988119,-0.12166,0.0556995,0.0756121
0.850981,-0.0975078,0.672553;0.98721,-0.127893,0.0557121,0.0771739
0.846838,-0.10816,0.670251;0.986259,-0.134122,0.0557223,0.0787324
0.842719,-0.11874,0.66795;0.985267,-0.140344,0.0557301,0.0802876
0.838631,-0.129222,0.665657;0.984234,-0.146561,0.0557356,0.0818394
0.834576,-0.13958,0.663378;0.983158,-0.152771,0.0557388,0.0833878
0.83056,-0.149789,0.661117;0.982042,-0.158975,0.0557396,0.0849326
0.826588,-0.159822,0.658883;0.980884,-0.165173,0.055738,0.0864739
0.822663,-0.169655,0.65668;0.979685,-0.171363,0.0557341,0.0880115
0.818792,-0.179261,0.654514;0.978444,-0.177546,0.0557279,0.0895455
0.814977,-0.188615,0.652392;0.977163,-0.183722,0.0557193,0.0910756
0.811224,-0.197692,0.65032;0.97584,-0.18989,0.0557084,0.0926019
0.806627,-0.208606,0.647809;0.974128,-0.197588,0.0556914,0.0945043
0.802143,-0.218997,0.645396;0.972353,-0.205274,0.0556708,0.0964005
0.79778,-0.228812,0.643095;0.970513,-0.212946,0.0556465,0.0982904
0.793549,-0.238002,0.640915;0.96861,-0.220604,0.0556185,0.100174
0.788656,-0.248134,0.638478;0.966242,-0.229775,0.0555801,0.102425
0.783981,-0.257207,0.636254;0.963782,-0.238924,0.0555365,0.104667
0.778821,-0.266337,0.633957;0.960797,-0.249569,0.0554789,0.107269
0.773342,-0.274684,0.631763;0.957234,-0.261695,0.0554043,0.110227
0.766605,-0.282163,0.629583;0.952071,-0.278296,0.0552866,0.114263
0.757397,-0.282724,0.62844;0.94244,-0.306758,0.0550417,0.121148
0.753085,-0.272892,0.629853;0.935334,-0.326066,0.054844,0.125793
0.751353,-0.262701,0.631633;0.940677,-0.314483,0.0400042,0.120942
0.750414,-0.252317,0.633541;0.946438,-0.300474,0.0251703,0.115486
0.749896,-0.241462,0.635587;0.951235,-0.287742,0.0118092,0.110529
0.749686,-0.230731,0.637641;0.955189,-0.276332,-7.12502e-05,0.106087
0.749689,-0.22059,0.639602;0.958409,-0.266278,-0.0104668,0.102173
0.749859,-0.209817,0.6417;0.961403,-0.256161,-0.0208599,0.098235
0.750192,-0.198481,0.643922;0.964172,-0.245984,-0.0312481,0.0942741
0.750603,-0.188365,0.645913;0.966365,-0.237216,-0.0401465,0.0908614
0.751125,-0.177928,0.647974;0.968391,-0.228406,-0.049038,0.0874329
0.751755,-0.167209,0.650097;0.97025,-0.219556,-0.057921,0.0839894
0.752491,-0.156254,0.652273;0.971942,-0.210669,-0.066794,0.0805315
0.753327,-0.145102,0.654491;0.973466,-0.201746,-0.0756555,0.0770596
0.754261,-0.133798,0.656743;0.974822,-0.192787,-0.084504,0.0735744
0.755288,-0.122383,0.65902;0.97601,-0.183796,-0.0933379,0.0700765
0.756407,-0.1109,0.661313;0.97703,-0.174773,-0.102156,0.0665666
0.757612,-0.0993903,0.663612;0.977881,-0.165719,-0.110956,0.0630451
0.758901,-0.0878976,0.665908;0.978563,-0.156637,-0.119737,0.0595128
0.76027,-0.0764638,0.668192;0.979077,-0.147528,-0.128497,0.0559702
0.761716,-0.0651312,0.670456;0.979421,-0.138394,-0.137235,0.052418
0.763234,-0.0539423,0.672689;0.979597,-0.129235,-0.14595,0.0488567
0.764822,-0.0429394,0.674883;0.979603,-0.120055,-0.154639,0.045287
0.766476,-0.032165,0.677028;0.979441,-0.110853,-0.163302,0.0417094
0.768192,-0.0216615,0.679115;0.979109,-0.101633,-0.171936,0.0381247
0.769967,-0.0114711,0.681136;0.978609,-0.0923946,-0.180541,0.0345334
0.771797,-0.00163634,0.683081;0.97794,-0.0831406,-0.189115,0.0309361
0.773997,0.00933155,0.685241;0.976946,-0.0723263,-0.199076,0.0267326
0.776263,0.0196904,0.687271;0.975722,-0.061495,-0.20899,0.0225228
0.778587,0.0293729,0.689156;0.97427,-0.0506492,-0.218856,0.0183077
0.781309,0.0395241,0.691114;0.97233,-0.0382397,-0.230068,0.0134853
0.784445,0.0496582,0.69304;0.96979,-0.0242651,-0.242596,0.00805519
0.788006,0.0591532,0.694802;0.966528,-0.00872692,-0.256406,0.00201815
0.792732,0.0684065,0.696427;0.961594,0.0114778,-0.274175,-0.00583101
0.800135,0.0748925,0.69726;0.952484,0.0425381,-0.301072,-0.0178952
0.808327,0.0695152,0.695484;0.940356,0.076608,-0.329991,-0.0311253
0.812758,0.0603367,0.693169;0.932819,0.0951217,-0.345446,-0.0383132
0.81604,0.0502941,0.690753;0.926744,0.108965,-0.356882,-0.0436871
0.818562,0.0405086,0.688449;0.921769,0.119702,-0.365681,-0.0478552
0.820695,0.0306898,0.686165;0.917334,0.128884,-0.373154,-0.0514189
0.822801,0.0195052,0.683587;0.912739,0.138043,-0.380564,-0.0549737
0.82453,0.00911068,0.681207;0.908791,0.145658,-0.386688,-0.0579289
0.826236,-0.00228629,0.678611;0.904733,0.153255,-0.392766,-0.0608771
0.827581,-0.0121422,0.676375;0.901409,0.159319,-0.397594,-0.0632304
0.828909,-0.0226679,0.673995;0.898016,0.165372,-0.402392,-0.0655789
0.830217,-0.033876,0.671467;0.894553,0.171411,-0.40716,-0.0679224
0.831505,-0.0457791,0.66879;0.891023,0.177438,-0.411895,-0.0702606
0.832772,-0.0583897,0.66596;0.887424,0.183451,-0.4166,-0.0725935
0.833708,-0.0683195,0.663736;0.88468,0.187951,-0.420107,-0.0743395
0.834631,-0.0786597,0.661423;0.881897,0.192443,-0.423596,-0.0760823
0.835541,-0.0894156,0.659021;0.879077,0.196928,-0.427067,-0.0778218
0.836437,-0.100592,0.656528;0.876219,0.201403,-0.43052,-0.079558
0.837318,-0.112195,0.653943;0.873323,0.20587,-0.433954,-0.0812907
0.838185,-0.12423,0.651265;0.87039,0.210328,-0.437369,-0.0830199
0.839037,-0.136701,0.648493;0.867419,0.214777,-0.440765,-0.0847456
0.839874,-0.149615,0.645626;0.86441,0.219217,-0.444143,-0.0864675
0.840694,-0.162976,0.642662;0.861364,0.223647,-0.447501,-0.0881858
0.841498,-0.17679,0.6396;0.858281,0.228067,-0.45084,-0.0899003
0.842285,-0.191061,0.63644;0.855161,0.232478,-0.454159,-0.0916108
0.8428,-0.200833,0.634277;0.853061,0.235413,-0.456361,-0.092749
0.843307,-0.210812,0.63207;0.850944,0.238343,-0.458555,-0.0938854
0.843806,-0.221,0.629818;0.848811,0.241269,-0.460739,-0.09502
0.844298,-0.231399,0.62752;0.846661,0.24419,-0.462915,-0.0961528
0.844781,-0.24201,0.625177;0.844496,0.247107,-0.465082,-0.0972838
0.845255,-0.252835,0.622787;0.842314,0.250019,-0.46724,-0.0984129
0.845722,-0.263875,0.620352;0.840116,0.252926,-0.469389,-0.0995401
0.846179,-0.275132,0.617869;0.837902,0.255828,-0.471529,-0.100665
0.846628,-0.286608,0.615339;0.835672,0.258725,-0.47366,-0.101789
0.847068,-0.298303,0.612762;0.833425,0.261617,-0.475781,-0.10291
0.847499,-0.31022,0.610136;0.831163,0.264505,-0.477894,-0.10403
0.847921,-0.322361,0.607463;0.828885,0.267387,-0.479998,-0.105147
0.848333,-0.334726,0.604741;0.826591,0.270264,-0.482092,-0.106262
0.848736,-0.347317,0.601971;0.824281,0.273136,-0.484177,-0.107376
0.84913,-0.360137,0.599151;0.821956,0.276002,-0.486253,-0.108487
0.849514,-0.373186,0.596282;0.819614,0.278864,-0.48832,-0.109596
0.849888,-0.386466,0.593363;0.817257,0.28172,-0.490377,-0.110704
0.850253,-0.399978,0.590393;0.814884,0.28457,-0.492424,-0.111809
0.850607,-0.413725,0.587373;0.812496,0.287416,-0.494463,-0.112911
0.850951,-0.427707,0.584303;0.810092,0.290255,-0.496492,-0.114012
0.851285,-0.441927,0.581181;0.807673,0.293089,-0.498511,-0.115111
0.851608,-0.456386,0.578008;0.805238,0.295918,-0.500521,-0.116207
0.851921,-0.471085,0.574782;0.802787,0.298741,-0.502521,-0.117301
0.852223,-0.486026,0.571505;0.800321,0.301558,-0.504511,-0.118393
0.852514,-0.501211,0.568175;0.79784,0.304369,-0.506492,-0.119483
