0.775766,-0.361429,0.551235;0.810469,0.141166,0.364744,-0.436089
0.774105,-0.364932,0.541459;0.814092,0.142008,0.361366,-0.43186
0.772519,-0.368295,0.531941;0.817679,0.142844,0.357972,-0.427612
0.770519,-0.372562,0.519648;0.822408,0.143949,0.353424,-0.42192
0.768649,-0.376586,0.507802;0.827073,0.145042,0.348848,-0.416195
0.766907,-0.38037,0.496397;0.831675,0.146125,0.344246,-0.410438
0.765292,-0.38392,0.485428;0.836213,0.147197,0.339617,-0.40465
0.763801,-0.387237,0.474888;0.840687,0.148257,0.334962,-0.39883
0.762433,-0.390327,0.464771;0.845097,0.149306,0.330281,-0.392981
0.761187,-0.393193,0.45507;0.849441,0.150343,0.325576,-0.387101
0.759797,-0.396467,0.443522;0.854781,0.151624,0.319658,-0.379709
0.75859,-0.399405,0.432602;0.860017,0.152887,0.313703,-0.372272
0.757563,-0.402014,0.422301;0.865151,0.154131,0.307709,-0.36479
0.756563,-0.404722,0.410737;0.871175,0.155599,0.300469,-0.355754
0.755811,-0.406981,0.400023;0.877049,0.157041,0.293176,-0.346657
0.755301,-0.408805,0.39014;0.882771,0.158456,0.285833,-0.3375
0.755004,-0.410399,0.379631;0.889254,0.160072,0.277205,-0.326744
0.755045,-0.411543,0.368928;0.896408,0.161872,0.267263,-0.314357
0.755562,-0.412002,0.358492;0.904127,0.163839,0.255982,-0.300307
0.75684,-0.411437,0.347949;0.913085,0.166155,0.242058,-0.282976
0.759221,-0.409275,0.338459;0.922989,0.168769,0.225423,-0.262284
0.763661,-0.404216,0.330567;0.934811,0.171981,0.203396,-0.234907
0.769862,-0.39641,0.327307;0.945917,0.175122,0.179767,-0.205567
0.776095,-0.38823,0.328197;0.954051,0.177532,0.159862,-0.18087
0.782203,-0.380079,0.33135;0.960268,0.179465,0.14247,-0.159308
0.787837,-0.372515,0.33558;0.964922,0.180988,0.127663,-0.140961
0.793296,-0.365182,0.340554;0.968668,0.182282,0.114138,-0.124211
0.79846,-0.358261,0.345866;0.971642,0.183371,0.101919,-0.109085
0.803842,-0.351081,0.351897;0.974239,0.184389,0.0896595,-0.0939171
0.808792,-0.344519,0.357805;0.97623,0.185234,0.0787332,-0.0804033
0.813883,-0.337819,0.364177;0.977921,0.186022,0.0677827,-0.0668649
0.819102,-0.331012,0.370962;0.979313,0.186754,0.0568114,-0.053306
0.824434,-0.324129,0.378112;0.980404,0.187427,0.0458227,-0.0397308
0.829182,-0.318069,0.384628;0.981113,0.18797,0.0361959,-0.0278423
0.833997,-0.311995,0.391352;0.981591,0.188468,0.0265607,-0.0159473
0.838869,-0.305929,0.398251;0.981838,0.188922,0.0169192,-0.00404852
0.843789,-0.299891,0.405292;0.981855,0.189332,0.00727373,0.0078512
0.848603,-0.294074,0.412236;0.986474,0.163823,0.00398979,0.00381878
0.85335,-0.288432,0.419125;0.990405,0.138192,0.000893991,-0.000451828
0.858123,-0.282855,0.426089;0.993642,0.112464,-0.00220244,-0.00472212
0.862918,-0.277354,0.433116;0.996184,0.086657,-0.00529732,-0.0089891
0.867731,-0.27194,0.440193;0.998027,0.0607895,-0.0083885,-0.0132498
0.872557,-0.266623,0.44731;0.999172,0.0348795,-0.0114738,-0.0175012
0.877393,-0.261413,0.454454;0.999618,0.00894497,-0.0145511,-0.0217403
0.882234,-0.256322,0.461614;0.999363,-0.0169958,-0.0176181,-0.0259643
0.887479,-0.250952,0.469375;0.998298,-0.0450842,-0.0209268,-0.0305196
0.89272,-0.245745,0.477125;0.996412,-0.0731357,-0.0242183,-0.0350498
0.897952,-0.240716,0.484851;0.993707,-0.101127,-0.0274899,-0.0395513
0.903169,-0.235878,0.492536;0.990185,-0.129035,-0.0307389,-0.0440202
0.908365,-0.231244,0.500167;0.98585,-0.156837,-0.0339626,-0.0484529
0.913537,-0.226827,0.507728;0.980705,-0.184511,-0.0371584,-0.0528459
0.919071,-0.222328,0.515775;0.974263,-0.214142,-0.0405658,-0.0575281
0.924562,-0.218114,0.523705;0.966892,-0.24357,-0.0439346,-0.0621554
0.930005,-0.2142,0.5315;0.9586,-0.272766,-0.0472615,-0.0667235
0.935392,-0.210604,0.53914;0.949394,-0.301701,-0.0505433,-0.071228
0.941094,-0.207122,0.547134;0.938526,-0.332384,-0.0540061,-0.0759789
0.946716,-0.204043,0.554907;0.926632,-0.362703,-0.0574097,-0.0806466
0.952615,-0.201228,0.562928;0.912828,-0.394605,-0.0609709,-0.0855281
0.958762,-0.198793,0.571115;0.896916,-0.427961,-0.0646715,-0.0905979
0.964773,-0.19696,0.578923;0.879744,-0.460717,-0.0682811,-0.0955404
0.970976,-0.19571,0.586741;0.860215,-0.494692,-0.0719984,-0.100627
0.977327,-0.195199,0.594449;0.838131,-0.529709,-0.0757991,-0.105824
0.984092,-0.195648,0.602262;0.812013,-0.567327,-0.0798448,-0.111352
0.99087,-0.197321,0.609586;0.782785,-0.605431,-0.0838993,-0.116887
0.997873,-0.200624,0.616488;0.748801,-0.64537,-0.0880969,-0.122611
1.0047,-0.205792,0.62237;0.711173,-0.68505,-0.092207,-0.128208
1.01076,-0.212498,0.626665;0.673015,-0.721186,-0.0958892,-0.133214
1.0161,-0.220606,0.629451;0.634677,-0.753923,-0.0991661,-0.137662
1.02067,-0.229803,0.630809;0.626651,-0.759604,-0.10144,-0.141492
1.02447,-0.239576,0.630956;0.662834,-0.72749,-0.102418,-0.14464
1.02759,-0.249432,0.630201;0.694377,-0.696808,-0.103099,-0.147207
1.03028,-0.259548,0.628724;0.723093,-0.666406,-0.10356,-0.149381
1.03244,-0.269141,0.626795;0.747714,-0.638211,-0.103819,-0.151104
1.03439,-0.279176,0.62431;0.771284,-0.60912,-0.103932,-0.152615
1.03603,-0.288963,0.621477;0.79248,-0.580959,-0.103905,-0.153841
1.03739,-0.298389,0.6184;0.811455,-0.5539,-0.103762,-0.154817
1.03858,-0.308009,0.614926;0.829544,-0.526236,-0.103506,-0.155623
1.03961,-0.317777,0.611067;0.846726,-0.497997,-0.103137,-0.15626
1.04042,-0.326986,0.607128;0.861928,-0.471148,-0.102691,-0.156699
1.0411,-0.336245,0.602873;0.876309,-0.443851,-0.102146,-0.15699
1.04163,-0.345516,0.59831;0.889855,-0.416131,-0.101505,-0.157131
1.04203,-0.354762,0.593451;0.902554,-0.388015,-0.100767,-0.157123
1.04229,-0.363943,0.588303;0.914393,-0.359529,-0.0999327,-0.156964
1.04241,-0.373023,0.582876;0.925361,-0.330701,-0.0990034,-0.156657
1.0424,-0.381963,0.577179;0.935449,-0.301558,-0.0979798,-0.1562
1.04225,-0.390726,0.571222;0.944645,-0.272128,-0.096863,-0.155594
1.04198,-0.399273,0.565014;0.952942,-0.242438,-0.0956539,-0.154841
1.04157,-0.407566,0.558564;0.960331,-0.212518,-0.0943537,-0.153939
1.04104,-0.415568,0.551882;0.966806,-0.182395,-0.0929636,-0.152892
1.04037,-0.42324,0.544976;0.97236,-0.152099,-0.091485,-0.151698
1.03958,-0.430545,0.537857;0.976988,-0.121658,-0.0899193,-0.15036
1.03866,-0.437444,0.530533;0.980686,-0.0911009,-0.088268,-0.148879
1.03754,-0.444344,0.52247;0.983611,-0.0582657,-0.0864054,-0.147135
1.03628,-0.450688,0.514194;0.985461,-0.0253668,-0.0844484,-0.14523
1.03488,-0.456429,0.505717;0.986234,0.0075598,-0.0823991,-0.143166
1.03334,-0.461521,0.497051;0.985928,0.0404782,-0.0802597,-0.140946
1.03166,-0.465918,0.488205;0.984545,0.0733523,-0.0780326,-0.138572
1.02972,-0.469788,0.478587;0.981883,0.108329,-0.075563,-0.135872
1.02763,-0.472757,0.468793;0.978,0.14317,-0.0729994,-0.133004
1.02539,-0.474768,0.458836;0.9729,0.177834,-0.0703451,-0.12997
1.023,-0.475765,0.448732;0.96659,0.212276,-0.0676032,-0.126774
1.02046,-0.47569,0.438493;0.959078,0.246455,-0.0647773,-0.12342
1.01796,-0.474597,0.428784;0.950952,0.27822,-0.0620547,-0.120137
1.01532,-0.472465,0.418982;0.941787,0.30968,-0.0592643,-0.116723
1.01259,-0.469287,0.409186;0.938136,0.319752,-0.0492573,-0.123424
1.00974,-0.465083,0.399349;0.93829,0.315737,-0.0344427,-0.136874
1.00707,-0.460478,0.390461;0.938095,0.312012,-0.021097,-0.148931
1.00432,-0.455154,0.38156;0.937584,0.308181,-0.00774432,-0.160937
1.00147,-0.449165,0.372661;0.936756,0.304246,0.00561102,-0.172889
0.998855,-0.443329,0.364768;0.935755,0.300662,0.017481,-0.183464
0.996174,-0.437051,0.356903;0.934505,0.296998,0.0293463,-0.19399
0.993423,-0.430369,0.349079;0.933005,0.293255,0.0412038,-0.204464
0.990603,-0.423324,0.341306;0.931256,0.289434,0.0530503,-0.214884
0.987716,-0.415953,0.333599;0.92926,0.285535,0.0648826,-0.225247
0.984761,-0.408295,0.325968;0.927015,0.281561,0.0766977,-0.23555
0.981741,-0.40039,0.318426;0.924524,0.277511,0.0884923,-0.245789
0.978656,-0.392277,0.310985;0.921786,0.273387,0.100263,-0.255964
0.975904,-0.385038,0.304567;0.919189,0.269719,0.110541,-0.26481
0.973104,-0.377694,0.298243;0.916404,0.265996,0.120796,-0.273603
0.970257,-0.370274,0.292022;0.913432,0.262219,0.131027,-0.28234
0.967362,-0.362802,0.285912;0.910273,0.258388,0.141231,-0.291019
0.964422,-0.355304,0.279921;0.906929,0.254504,0.151406,-0.299639
0.961006,-0.346738,0.273231;0.902881,0.250002,0.162997,-0.309415
0.957532,-0.338212,0.266718;0.898591,0.245434,0.174544,-0.319108
0.954,-0.329764,0.260396;0.894063,0.2408,0.186044,-0.328717
0.950413,-0.321435,0.254277;0.889296,0.236102,0.197496,-0.338238
0.94677,-0.313262,0.248372;0.884291,0.23134,0.208894,-0.347669
0.943073,-0.305285,0.242694;0.879052,0.226518,0.220237,-0.357007
0.939322,-0.297543,0.237254;0.873577,0.221634,0.231521,-0.36625
0.935041,-0.289162,0.231436;0.867141,0.21607,0.244141,-0.376531
0.930695,-0.281182,0.225952;0.860411,0.210433,0.25668,-0.386686
0.926286,-0.27366,0.22082;0.853392,0.204725,0.269131,-0.39671
0.921315,-0.265906,0.215553;0.845255,0.198302,0.28286,-0.40769
0.915761,-0.258198,0.210313;0.835897,0.191141,0.297825,-0.419573
0.909603,-0.250888,0.205296;0.825209,0.183219,0.313979,-0.432294
0.902818,-0.244408,0.200731;0.813072,0.174514,0.331266,-0.445782
0.89485,-0.239007,0.196653;0.798356,0.164317,0.350923,-0.460956
0.885646,-0.235884,0.193668;0.780776,0.152574,0.372802,-0.477629
0.875709,-0.236448,0.192529;0.761137,0.139941,0.395478,-0.494656
0.866722,-0.240644,0.193371;0.742817,0.128553,0.415188,-0.509231
0.858744,-0.247424,0.195619;0.726136,0.118475,0.432071,-0.52154
0.852405,-0.254929,0.198419;0.712614,0.110489,0.44509,-0.530913
0.846592,-0.263508,0.201783;0.700009,0.10318,0.456731,-0.539202
0.841776,-0.271855,0.205147;0.709752,0.085866,0.452572,-0.532971
0.83744,-0.280281,0.208614;0.718463,0.070168,0.448493,-0.527012
0.833095,-0.289539,0.212494;0.726904,0.0544436,0.444246,-0.520856
0.829183,-0.298534,0.216331;0.734269,0.0402741,0.440282,-0.515149
0.825276,-0.308114,0.220486;0.741411,0.0260924,0.436185,-0.509285
0.82181,-0.317087,0.22444;0.747571,0.0134796,0.432431,-0.503943
0.818357,-0.326459,0.228633;0.753552,0.000863667,0.428574,-0.498481
0.814919,-0.3362,0.233059;0.759352,-0.0117525,0.424614,-0.492899
0.811927,-0.345004,0.237119;0.764278,-0.0227895,0.421066,-0.487918
0.808953,-0.354049,0.24135;0.769063,-0.0338223,0.41744,-0.482847
0.806,-0.363314,0.245747;0.773708,-0.0448488,0.413738,-0.477688
0.803069,-0.372781,0.250307;0.77821,-0.0558672,0.40996,-0.472441
0.800164,-0.382428,0.255026;0.78257,-0.0668753,0.406107,-0.467107
0.797287,-0.392237,0.259901;0.786786,-0.0778711,0.402179,-0.461688
0.794442,-0.402188,0.264926;0.790858,-0.0888526,0.398177,-0.456184
0.79163,-0.41226,0.2701;0.794785,-0.0998178,0.394102,-0.450596
0.789248,-0.420975,0.274648;0.798035,-0.109202,0.390552,-0.44574
0.786895,-0.429753,0.2793;0.801177,-0.118572,0.386949,-0.440825
0.784571,-0.438581,0.284053;0.804211,-0.127925,0.383294,-0.43585
0.78228,-0.447446,0.288904;0.807137,-0.137262,0.379588,-0.430817
0.780022,-0.456337,0.293851;0.809954,-0.146579,0.37583,-0.425725
0.777798,-0.46524,0.298891;0.812661,-0.155877,0.372021,-0.420576
0.775612,-0.474143,0.304023;0.815259,-0.165154,0.368163,-0.41537
0.773463,-0.483034,0.309243;0.817748,-0.174409,0.364255,-0.410108
0.771355,-0.4919,0.314549;0.820126,-0.18364,0.360297,-0.404791
0.769288,-0.500728,0.319939;0.822393,-0.192847,0.356291,-0.39942
0.767265,-0.509507,0.325411;0.82455,-0.202028,0.352237,-0.393994
0.765286,-0.518224,0.330961;0.826595,-0.211181,0.348136,-0.388515
0.763354,-0.526866,0.336589;0.828529,-0.220306,0.343987,-0.382985
0.761471,-0.535421,0.34229;0.830352,-0.229401,0.339793,-0.377402
0.759637,-0.543876,0.348063;0.832062,-0.238465,0.335552,-0.371768
0.757855,-0.552219,0.353906;0.83366,-0.247497,0.331266,-0.366085
0.756127,-0.560437,0.359815;0.835146,-0.256496,0.326936,-0.360352
0.754453,-0.568518,0.365789;0.83652,-0.26546,0.322561,-0.354571
0.752836,-0.57645,0.371825;0.83778,-0.274388,0.318143,-0.348741
0.751023,-0.585498,0.378943;0.839108,-0.284758,0.312935,-0.341881
0.749293,-0.594306,0.386138;0.840282,-0.295075,0.307669,-0.334958
0.747647,-0.602854,0.393406;0.841302,-0.305338,0.302347,-0.327974
0.746088,-0.611122,0.400744;0.842167,-0.315545,0.296969,-0.320929
0.744619,-0.61909,0.408149;0.842878,-0.325694,0.291536,-0.313826
0.743243,-0.626738,0.415615;0.843434,-0.335784,0.286051,-0.306665
0.741962,-0.634047,0.423139;0.843836,-0.345812,0.280512,-0.299447
0.740779,-0.640998,0.430718;0.844082,-0.355776,0.274923,-0.292175
0.739696,-0.647569,0.438348;0.844174,-0.365675,0.269282,-0.284849
0.738585,-0.654589,0.447124;0.844089,-0.376906,0.262776,-0.276413
0.737613,-0.661059,0.455956;0.843802,-0.388047,0.256207,-0.26791
0.736783,-0.66695,0.464837;0.843313,-0.399095,0.249576,-0.259344
0.736101,-0.672231,0.473763;0.842621,-0.410047,0.242885,-0.250715
0.735568,-0.676872,0.482726;0.841728,-0.420901,0.236136,-0.242026
0.735154,-0.681294,0.492849;0.840482,-0.43299,0.228476,-0.232181
0.734941,-0.684827,0.503004;0.838981,-0.444949,0.220747,-0.222267
0.734935,-0.68743,0.513184;0.837225,-0.456773,0.212951,-0.212284
0.735141,-0.68906,0.523381;0.835216,-0.468458,0.20509,-0.202238
0.735565,-0.689676,0.533586;0.832953,-0.48,0.197167,-0.19213
0.736213,-0.689235,0.543792;0.830438,-0.491398,0.189184,-0.181964
0.73709,-0.687696,0.55399;0.82767,-0.502646,0.181144,-0.171742
0.738202,-0.685015,0.564172;0.824652,-0.513742,0.173049,-0.161469
0.739555,-0.681152,0.57433;0.821384,-0.524682,0.164901,-0.151146
0.740964,-0.676691,0.583332;0.818269,-0.534273,0.157617,-0.141932
0.742571,-0.671233,0.592303;0.814959,-0.543736,0.150295,-0.132684
0.74438,-0.664747,0.601237;0.811453,-0.553069,0.142937,-0.123404
0.746132,-0.658207,0.60902;0.808226,-0.561126,0.13647,-0.11526
0.748045,-0.650838,0.616766;0.80485,-0.56908,0.129979,-0.107095
0.750122,-0.64262,0.624472;0.801327,-0.57693,0.123463,-0.0989096
0.752033,-0.634886,0.631042;0.79819,-0.583575,0.11786,-0.0918793
0.754068,-0.626501,0.637577;0.794946,-0.590141,0.112242,-0.0848367
0.756229,-0.617454,0.644075;0.791594,-0.596627,0.106608,-0.0777826
0.758516,-0.607731,0.650533;0.788136,-0.603032,0.10096,-0.0707181
0.76052,-0.599104,0.655883;0.785173,-0.608309,0.0962426,-0.0648236
