0.761326,-0.0646391,0.517142;0.834303,-0.505133,0.136085,0.173953
0.757708,-0.0753588,0.520777;0.831321,-0.510471,0.136281,0.172489
0.754133,-0.0859776,0.524372;0.828306,-0.515789,0.13647,0.171018
0.750599,-0.0964958,0.527928;0.825258,-0.521086,0.136655,0.16954
0.747108,-0.106914,0.531445;0.822177,-0.526363,0.136834,0.168056
0.743659,-0.117232,0.534923;0.819064,-0.531619,0.137007,0.166565
0.740252,-0.127451,0.538362;0.815919,-0.536854,0.137175,0.165067
0.736887,-0.13757,0.541763;0.812741,-0.542068,0.137338,0.163563
0.733562,-0.147591,0.545125;0.809531,-0.54726,0.137495,0.162053
0.730279,-0.157514,0.54845;0.806289,-0.552431,0.137647,0.160536
0.727037,-0.167338,0.551735;0.803015,-0.55758,0.137793,0.159012
0.723836,-0.177065,0.554983;0.799709,-0.562706,0.137934,0.157483
0.720676,-0.186695,0.558194;0.796372,-0.567811,0.13807,0.155947
0.717556,-0.196228,0.561366;0.793003,-0.572893,0.1382,0.154405
0.714477,-0.205664,0.564501;0.789603,-0.577952,0.138324,0.152857
0.711438,-0.215004,0.567599;0.786171,-0.582989,0.138443,0.151302
0.708438,-0.224249,0.57066;0.782709,-0.588002,0.138557,0.149742
0.705479,-0.233398,0.573684;0.779215,-0.592992,0.138665,0.148176
0.701595,-0.245449,0.577658;0.774509,-0.599609,0.1388,0.146079
0.697781,-0.257332,0.581567;0.769749,-0.606184,0.138926,0.143971
0.694036,-0.269047,0.585412;0.764934,-0.612716,0.139042,0.141854
0.690361,-0.280597,0.589192;0.760065,-0.619205,0.139148,0.139726
0.686755,-0.29198,0.592908;0.755143,-0.625651,0.139245,0.137589
0.683217,-0.3032,0.596561;0.750168,-0.632052,0.139332,0.135441
0.679747,-0.314255,0.60015;0.74514,-0.638409,0.139408,0.133285
0.676345,-0.325148,0.603676;0.74006,-0.644721,0.139475,0.131119
0.67301,-0.335879,0.60714;0.734928,-0.650988,0.139533,0.128943
0.669741,-0.346449,0.610542;0.729744,-0.657209,0.13958,0.126759
0.66654,-0.356858,0.613882;0.724508,-0.663384,0.139618,0.124566
0.663403,-0.367108,0.617161;0.719222,-0.669512,0.139645,0.122364
0.660333,-0.3772,0.620379;0.713885,-0.675593,0.139663,0.120153
0.657327,-0.387134,0.623536;0.708498,-0.681626,0.139672,0.117934
0.654387,-0.396912,0.626633;0.703061,-0.687611,0.13967,0.115706
0.65151,-0.406533,0.629671;0.697575,-0.693549,0.139658,0.113471
0.648698,-0.416,0.632648;0.692039,-0.699437,0.139637,0.111227
0.645948,-0.425312,0.635567;0.686455,-0.705276,0.139606,0.108976
0.6426,-0.436738,0.639133;0.679407,-0.712505,0.139553,0.106151
0.63935,-0.447925,0.642607;0.672284,-0.719656,0.139485,0.103315
0.636197,-0.458877,0.645992;0.665087,-0.726727,0.139401,0.100467
0.633139,-0.469594,0.649287;0.657817,-0.733719,0.139303,0.0976075
0.630177,-0.480079,0.652493;0.650475,-0.74063,0.139189,0.0947378
0.627309,-0.490333,0.655611;0.643062,-0.74746,0.139059,0.0918576
0.624535,-0.500357,0.658641;0.635577,-0.754207,0.138915,0.0889674
0.621853,-0.510155,0.661585;0.628023,-0.760872,0.138755,0.0860674
0.619264,-0.519726,0.664443;0.6204,-0.767453,0.13858,0.0831579
0.616765,-0.529074,0.667216;0.612709,-0.77395,0.138389,0.0802393
0.613886,-0.539997,0.670432;0.60339,-0.781633,0.138141,0.0767253
0.611136,-0.550604,0.673528;0.593976,-0.789193,0.13787,0.0731992
0.608513,-0.560896,0.676505;0.584468,-0.796628,0.137578,0.0696615
0.606016,-0.570877,0.679364;0.574868,-0.803937,0.137264,0.0661127
0.603643,-0.580549,0.682107;0.565176,-0.811119,0.136928,0.0625536
0.601031,-0.591448,0.685161;0.553756,-0.819335,0.136509,0.0583887
0.598583,-0.601936,0.68806;0.542217,-0.827375,0.13606,0.0542112
0.596299,-0.612017,0.690806;0.530562,-0.835236,0.135583,0.0500221
0.594175,-0.621697,0.693402;0.518792,-0.842918,0.135076,0.0458222
0.591942,-0.632273,0.696186;0.505203,-0.851474,0.13446,0.0410103
0.589913,-0.642339,0.698779;0.491473,-0.859791,0.133807,0.0361869
0.588084,-0.651899,0.701184;0.477604,-0.867866,0.133117,0.0313532
0.586262,-0.662061,0.703668;0.461841,-0.876658,0.132295,0.0259049
0.584524,-0.672625,0.706158;0.444134,-0.886061,0.131327,0.0198405
0.583082,-0.682438,0.70837;0.426232,-0.895074,0.130301,0.0137673
0.58183,-0.69238,0.710488;0.406324,-0.904534,0.129106,0.00707996
0.580852,-0.70223,0.712431;0.384359,-0.914305,0.127725,-0.000219509
0.58021,-0.712437,0.714228;0.358428,-0.924973,0.126011,-0.00873505
0.580111,-0.722455,0.715681;0.328414,-0.936188,0.123919,-0.0184575
0.5809,-0.732589,0.716629;0.290382,-0.948723,0.121108,-0.03058
0.583489,-0.742242,0.716462;0.238241,-0.962996,0.116977,-0.0468561
0.59029,-0.748564,0.71338;0.159642,-0.978459,0.110172,-0.0706777
0.598853,-0.746893,0.708172;0.0899273,-0.986347,0.103581,-0.0911196
0.606301,-0.741924,0.703163;0.039813,-0.988733,0.0985291,-0.105427
0.612979,-0.735847,0.698452;-0.000363837,-0.988685,0.0942921,-0.116666
0.619117,-0.729302,0.693995;-0.0345164,-0.987277,0.0905599,-0.126059
0.625251,-0.722048,0.689447;-0.0666207,-0.984807,0.0869421,-0.134753
0.63088,-0.714875,0.685206;-0.0946518,-0.981736,0.0836961,-0.142236
0.63631,-0.707558,0.681064;-0.120608,-0.978126,0.0806174,-0.149076
0.64192,-0.699641,0.676739;-0.146475,-0.97379,0.0774787,-0.155804
0.647248,-0.691825,0.672595;-0.170255,-0.969145,0.0745303,-0.161912
0.652705,-0.683547,0.668317;-0.193928,-0.963887,0.0715348,-0.167918
0.657814,-0.675573,0.664285;-0.215521,-0.958531,0.068749,-0.17333
0.663013,-0.667247,0.660156;-0.236999,-0.952664,0.0659267,-0.17865
0.668296,-0.65859,0.655938;-0.258351,-0.946291,0.0630693,-0.183874
0.673163,-0.650445,0.652033;-0.277643,-0.940061,0.0604425,-0.188539
0.678085,-0.642055,0.648066;-0.296813,-0.933417,0.0577891,-0.193121
0.683055,-0.633432,0.644044;-0.315852,-0.926362,0.0551103,-0.197618
0.688068,-0.624591,0.639972;-0.334753,-0.918901,0.0524073,-0.202029
0.692609,-0.616457,0.63627;-0.351638,-0.91184,0.0499549,-0.205922
0.697175,-0.608168,0.632536;-0.368397,-0.904454,0.0474846,-0.209742
0.701742,-0.599763,0.62879;-0.384075,-0.896107,0.0518923,-0.216299
0.706416,-0.591051,0.624945;-0.399823,-0.887183,0.0569966,-0.223157
0.711104,-0.582199,0.621078;-0.415411,-0.877903,0.062078,-0.229926
0.715804,-0.573213,0.617189;-0.430833,-0.868271,0.0671346,-0.236603
0.720514,-0.564097,0.613281;-0.446081,-0.858292,0.0721642,-0.243185
0.725231,-0.554858,0.609357;-0.461151,-0.847968,0.0771649,-0.249669
0.729481,-0.546441,0.605813;-0.474557,-0.838386,0.0816392,-0.25542
0.733732,-0.537931,0.602259;-0.487808,-0.828533,0.086087,-0.261087
0.737984,-0.529333,0.598697;-0.5009,-0.81841,0.0905068,-0.26667
0.742234,-0.520651,0.595127;-0.513831,-0.808021,0.0948972,-0.272166
0.746481,-0.511888,0.591552;-0.526594,-0.79737,0.0992569,-0.277574
0.750723,-0.503049,0.587974;-0.539187,-0.786461,0.103584,-0.282892
0.754957,-0.494137,0.584394;-0.551604,-0.775296,0.107878,-0.288118
0.759183,-0.485155,0.580813;-0.563842,-0.763879,0.112137,-0.293251
0.763399,-0.476109,0.577234;-0.575898,-0.752214,0.116359,-0.298288
0.767602,-0.467002,0.573657;-0.587766,-0.740306,0.120544,-0.303228
0.77179,-0.457837,0.570084;-0.599444,-0.728157,0.124689,-0.30807
0.775963,-0.448619,0.566518;-0.610927,-0.715771,0.128794,-0.312812
0.780118,-0.439352,0.562959;-0.622212,-0.703154,0.132858,-0.317453
0.784253,-0.430039,0.55941;-0.633295,-0.690308,0.136878,-0.32199
0.788366,-0.420684,0.555871;-0.644172,-0.677238,0.140853,-0.326423
0.792457,-0.411291,0.552345;-0.65484,-0.663948,0.144783,-0.33075
0.796522,-0.401864,0.548833;-0.665296,-0.650442,0.148666,-0.33497
0.800561,-0.392408,0.545336;-0.675535,-0.636726,0.152501,-0.339081
0.80457,-0.382925,0.541857;-0.685556,-0.622803,0.156286,-0.343082
0.80855,-0.373419,0.538396;-0.695354,-0.608677,0.16002,-0.346971
0.812497,-0.363896,0.534957;-0.704926,-0.594354,0.163703,-0.350748
0.81641,-0.354358,0.531539;-0.714269,-0.579838,0.167332,-0.354411
0.820287,-0.344809,0.528144;-0.72338,-0.565134,0.170907,-0.357959
0.824126,-0.335253,0.524775;-0.732257,-0.550247,0.174427,-0.361391
0.827926,-0.325694,0.521433;-0.740896,-0.535181,0.17789,-0.364705
0.831684,-0.316137,0.51812;-0.749295,-0.519941,0.181295,-0.367901
0.835399,-0.306584,0.514836;-0.75745,-0.504532,0.184641,-0.370978
0.83907,-0.29704,0.511585;-0.765359,-0.48896,0.187928,-0.373934
0.842693,-0.287509,0.508366;-0.77302,-0.473229,0.191153,-0.376769
0.846269,-0.277994,0.505183;-0.78043,-0.457344,0.194317,-0.379481
0.849793,-0.2685,0.502036;-0.787587,-0.441311,0.197417,-0.382071
0.853266,-0.25903,0.498927;-0.794488,-0.425135,0.200453,-0.384536
0.856684,-0.249588,0.495858;-0.801131,-0.40882,0.203424,-0.386877
0.860047,-0.240178,0.49283;-0.807514,-0.392373,0.20633,-0.389092
0.863352,-0.230804,0.489845;-0.813635,-0.375799,0.209168,-0.39118
0.866598,-0.22147,0.486905;-0.819492,-0.359102,0.211938,-0.393142
0.869783,-0.21218,0.484011;-0.825083,-0.342289,0.214639,-0.394976
0.872904,-0.202937,0.481165;-0.830406,-0.325365,0.217271,-0.396682
0.875961,-0.193746,0.478368;-0.83546,-0.308335,0.219832,-0.398259
0.879279,-0.183598,0.47532;-0.840757,-0.289296,0.222595,-0.39986
0.882512,-0.173524,0.472338;-0.845717,-0.270141,0.225268,-0.4013
0.885659,-0.16353,0.469422;-0.850338,-0.250878,0.22785,-0.40258
0.888715,-0.153619,0.466577;-0.854618,-0.231514,0.230342,-0.403698
0.891679,-0.143798,0.463803;-0.858556,-0.212058,0.232741,-0.404655
0.894549,-0.134072,0.461103;-0.86215,-0.192516,0.235046,-0.405449
0.897322,-0.124447,0.458479;-0.865398,-0.172898,0.237258,-0.406081
0.899995,-0.114927,0.455934;-0.868299,-0.15321,0.239374,-0.40655
0.902565,-0.105518,0.453469;-0.870853,-0.13346,0.241395,-0.406856
0.905273,-0.0953027,0.450853;-0.873259,-0.111674,0.243506,-0.407005
0.90785,-0.0852352,0.448341;-0.875241,-0.0898345,0.245499,-0.406956
0.910294,-0.0753226,0.445934;-0.876799,-0.067951,0.247372,-0.40671
0.912602,-0.0655719,0.443637;-0.877932,-0.0460346,0.249126,-0.406267
0.91477,-0.0559904,0.441451;-0.878639,-0.0240958,0.250759,-0.405626
0.916971,-0.0457389,0.439198;-0.878925,-0.000149664,0.252402,-0.404703
0.918999,-0.0357063,0.437085;-0.878703,0.0237966,0.253899,-0.403547
0.920847,-0.0259017,0.435116;-0.877974,0.0477291,0.25525,-0.402158
0.922643,-0.0155482,0.433151;-0.876613,0.0736244,0.256547,-0.400391
0.924219,-0.00548477,0.431364;-0.874658,0.0994699,0.25767,-0.398353
0.925663,0.00501482,0.429646;-0.871891,0.127228,0.258684,-0.395857
0.926839,0.0151497,0.428146;-0.868438,0.154886,0.259496,-0.393049
0.927793,0.0255872,0.426788;-0.863982,0.184383,0.260139,-0.389699
0.928422,0.0355712,0.425696;-0.858748,0.213715,0.260547,-0.385997
0.928726,0.0457009,0.424833;-0.852311,0.244789,0.260724,-0.381665
0.928623,0.0558515,0.424266;-0.844513,0.277529,0.260619,-0.376633
0.928022,0.0658833,0.424071;-0.835192,0.311844,0.260178,-0.37083
0.926743,0.076129,0.424359;-0.823563,0.349495,0.259293,-0.363818
0.924536,0.0863882,0.425326;-0.814142,0.379706,0.252253,-0.359673
0.921102,0.0964132,0.42721;-0.809268,0.398942,0.236983,-0.360235
0.916315,0.105585,0.430149;-0.803416,0.419497,0.220273,-0.360589
0.910511,0.113078,0.433954;-0.796972,0.439744,0.203401,-0.360678
0.903785,0.118968,0.43856;-0.789941,0.459668,0.186379,-0.360501
0.896231,0.123334,0.443897;-0.782329,0.479253,0.169221,-0.360059
0.887944,0.126254,0.449898;-0.774141,0.498485,0.151937,-0.359352
0.879726,0.127732,0.455969;-0.766077,0.515912,0.135884,-0.358464
0.871037,0.128106,0.462495;-0.757532,0.533016,0.119745,-0.357352
0.862724,0.12753,0.468832;-0.749282,0.548401,0.104885,-0.356135
0.854136,0.126124,0.475465;-0.740637,0.563497,0.0899692,-0.354731
0.846138,0.124166,0.481718;-0.732439,0.576963,0.0763684,-0.353292
0.838003,0.121596,0.488152;-0.723922,0.590178,0.0627344,-0.351699
0.829774,0.11845,0.494735;-0.715089,0.603136,0.049073,-0.349953
0.822324,0.115155,0.500763;-0.706874,0.614573,0.0367593,-0.348251
0.814864,0.111448,0.506865;-0.698408,0.625794,0.0244326,-0.346426
0.807425,0.107355,0.513018;-0.689697,0.636793,0.0120973,-0.344479
0.80004,0.102902,0.5192;-0.680742,0.647568,-0.000242256,-0.342411
0.792739,0.0981134,0.525389;-0.671547,0.658115,-0.0125817,-0.340221
0.785553,0.0930165,0.531562;-0.662115,0.66843,-0.0249168,-0.337912
0.778515,0.0876365,0.537697;-0.65245,0.678508,-0.037243,-0.335483
0.771655,0.0819994,0.54377;-0.642554,0.688347,-0.0495561,-0.332936
0.765006,0.0761309,0.549761;-0.632431,0.697944,-0.0618517,-0.330272
0.758597,0.0700569,0.555646;-0.622086,0.707294,-0.0741255,-0.327491
0.752461,0.0638032,0.561402;-0.611521,0.716394,-0.0863732,-0.324595
0.746629,0.0573956,0.567008;-0.60074,0.725242,-0.0985903,-0.321584
0.741133,0.05086,0.572441;-0.589747,0.733834,-0.110773,-0.318459
0.735457,0.0434793,0.578248;-0.577289,0.743076,-0.124263,-0.314856
0.730277,0.0360079,0.583782;-0.564579,0.751995,-0.137698,-0.311115
0.725636,0.028481,0.589014;-0.551624,0.760587,-0.151074,-0.307239
0.721205,0.0201798,0.594381;-0.537095,0.769655,-0.165712,-0.302821
0.717535,0.0119015,0.599304;-0.522284,0.778317,-0.180261,-0.298243
0.714467,0.00295229,0.60412;-0.505812,0.787298,-0.196025,-0.29307
0.71233,-0.00657755,0.608622;-0.48761,0.796471,-0.212964,-0.287258
0.711515,-0.0160301,0.612376;-0.467918,0.806972,-0.226736,-0.280071
0.712203,-0.0256683,0.615385;-0.439042,0.833431,-0.20956,-0.262142
0.714514,-0.0354302,0.617552;-0.40778,0.859228,-0.191083,-0.242756
0.718301,-0.0449059,0.618802;-0.375556,0.882996,-0.172155,-0.222797
0.723152,-0.0537371,0.619222;-0.343968,0.903741,-0.153708,-0.203255
0.729075,-0.0624104,0.618968;-0.31164,0.922542,-0.13493,-0.183275
0.735589,-0.0705701,0.618171;-0.280228,0.938605,-0.116776,-0.163879
0.74246,-0.078271,0.616977;-0.24988,0.952169,-0.0993185,-0.145157
0.749491,-0.0855554,0.615507;-0.220722,0.963473,-0.0826179,-0.127183
0.756944,-0.0928611,0.613758;-0.191215,0.973255,-0.0657867,-0.109009
0.764295,-0.099809,0.611895;-0.16307,0.981082,-0.0497948,-0.0916858
0.771876,-0.106831,0.609869;-0.134694,0.987527,-0.0337326,-0.0742334
0.779159,-0.113531,0.607852;-0.107814,0.992321,-0.0185715,-0.0577116
0.786523,-0.120343,0.605763;-0.0807987,0.995876,-0.00338715,-0.0411178
0.793911,-0.127288,0.603638;-0.0536828,0.998188,0.0118014,-0.0244726
0.801262,-0.134389,0.601511;-0.0264999,0.999254,0.0269752,-0.00779686
0.808518,-0.141668,0.599417;0.000716047,0.999073,0.0421154,0.00888861
0.815619,-0.149148,0.597393;0.0279311,0.997644,0.057203,0.025563
0.822507,-0.15685,0.595472;0.0551113,0.99497,0.0722191,0.0422054
0.829122,-0.164797,0.593689;0.0822227,0.991054,0.0871451,0.0587952
0.835405,-0.173011,0.592081;0.109232,0.985901,0.101962,0.0753116
0.841297,-0.181514,0.590681;0.136104,0.979517,0.116652,0.0917339
0.846739,-0.190329,0.589524;0.162806,0.97191,0.131197,0.108042
0.851671,-0.199478,0.588647;0.189306,0.963089,0.145577,0.124215
0.856035,-0.208982,0.588084;0.215569,0.953067,0.159776,0.140233
0.859771,-0.218865,0.587869;0.241562,0.941855,0.173775,0.156075
0.862651,-0.228494,0.588016;0.265658,0.930275,0.186703,0.170752
0.864879,-0.238493,0.58853;0.289463,0.917675,0.199426,0.18524
0.866405,-0.24888,0.589438;0.31295,0.904067,0.21193,0.199526
0.867154,-0.258942,0.590668;0.334561,0.890472,0.223391,0.212662
0.86721,-0.269374,0.592291;0.355853,0.876025,0.234638,0.225594
0.866607,-0.279404,0.594171;0.37532,0.861861,0.244881,0.23741
0.865341,-0.289777,0.596428;0.394478,0.846986,0.254923,0.249031
0.863585,-0.299534,0.598828;0.401153,0.841582,0.255931,0.25557
0.861229,-0.309709,0.601587;0.397487,0.844536,0.249051,0.258334
0.858343,-0.320116,0.604641;0.393792,0.847425,0.242153,0.261077
0.854977,-0.330704,0.607954;0.390065,0.850248,0.235236,0.263801
0.851181,-0.341421,0.611494;0.386309,0.853006,0.2283,0.266504
0.847006,-0.352218,0.615225;0.382523,0.855699,0.221347,0.269186
0.842501,-0.363042,0.619114;0.378708,0.858325,0.214377,0.271848
0.837716,-0.373844,0.623126;0.374863,0.860885,0.207391,0.274489
0.832702,-0.384572,0.627226;0.370989,0.863378,0.200388,0.277109
0.827509,-0.395176,0.631381;0.367087,0.865805,0.19337,0.279707
0.822188,-0.405604,0.635556;0.363156,0.868166,0.186338,0.282284
0.816787,-0.415806,0.639717;0.359198,0.870459,0.17929,0.284839
0.811359,-0.425732,0.64383;0.355211,0.872685,0.172229,0.287371
0.805951,-0.435329,0.647861;0.351198,0.874844,0.165155,0.289882
0.800616,-0.444547,0.651775;0.347157,0.876936,0.158068,0.292371
0.795402,-0.453336,0.655537;0.343089,0.878959,0.150968,0.294837
0.790361,-0.461644,0.659114;0.338995,0.880915,0.143858,0.29728
0.784378,-0.471277,0.663273;0.333841,0.883265,0.134953,0.300301
0.77884,-0.479979,0.667022;0.328647,0.885508,0.126033,0.303287
0.772921,-0.489055,0.670885;0.322361,0.888059,0.115308,0.306821
0.76723,-0.497543,0.674369;0.314957,0.89084,0.102771,0.310877
0.761551,-0.505678,0.677197;0.303173,0.894785,0.0830222,0.317102
0.764524,-0.501059,0.671942;0.281299,0.900619,0.0469988,0.327944
0.770558,-0.492574,0.666293;0.273513,0.902251,0.0343657,0.331591
0.776703,-0.484078,0.660877;0.267912,0.903287,0.0253369,0.334148
0.782796,-0.475745,0.655665;0.263408,0.904037,0.0181116,0.336164
0.789989,-0.46599,0.649633;0.258883,0.904717,0.0108849,0.338154
0.796136,-0.457711,0.644551;0.255477,0.905181,0.0054643,0.33963
0.802952,-0.448582,0.638975;0.252059,0.905607,4.3458e-05,0.341091
0.810457,-0.438581,0.632889;0.24863,0.905992,-0.00537739,0.342537
0.818672,-0.427689,0.62628;0.245191,0.906339,-0.010798,0.343969
0.824555,-0.419921,0.621576;0.242892,0.906548,-0.0144115,0.344914
0.830768,-0.41174,0.616629;0.240589,0.90674,-0.0180247,0.345854
0.83732,-0.40314,0.611434;0.238281,0.906914,-0.0216376,0.346786
0.844216,-0.394115,0.605987;0.235968,0.907071,-0.02525,0.347712
0.851462,-0.384658,0.600284;0.233651,0.90721,-0.028862,0.348632
0.859065,-0.374764,0.594321;0.231329,0.907332,-0.0324734,0.349544
0.86703,-0.364425,0.588092;0.229003,0.907436,-0.0360842,0.35045
0.875365,-0.353635,0.581595;0.226672,0.907523,-0.0396943,0.351349
0.884075,-0.342388,0.574824;0.224337,0.907592,-0.0433036,0.352241
0.893167,-0.330678,0.567776;0.221998,0.907644,-0.0469121,0.353126
0.902646,-0.318498,0.560446;0.219654,0.907678,-0.0505197,0.354005
0.91252,-0.305842,0.55283;0.217306,0.907695,-0.0541263,0.354877
0.922795,-0.292703,0.544923;0.214954,0.907695,-0.0577318,0.355742
0.933476,-0.279075,0.536721;0.212598,0.907676,-0.0613363,0.3566
0.944571,-0.264953,0.528221;0.210238,0.907641,-0.0649395,0.357451
