0.971453,-0.00189274,0.366116;0.893455,-0.231987,0.0978469,-0.371949
0.967494,0.00842487,0.370359;0.893108,-0.241019,0.100231,-0.366364
0.963622,0.0185286,0.374529;0.892654,-0.250022,0.102604,-0.360735
0.959833,0.0284202,0.378626;0.892095,-0.258996,0.104964,-0.355064
0.956129,0.0381018,0.382651;0.89143,-0.267939,0.107312,-0.349351
0.952509,0.0475752,0.386605;0.890659,-0.276851,0.109647,-0.343596
0.94897,0.0568423,0.390487;0.889782,-0.285729,0.111969,-0.337801
0.945514,0.065905,0.394298;0.8888,-0.294574,0.114278,-0.331965
0.942138,0.0747652,0.39804;0.887713,-0.303384,0.116573,-0.32609
0.938194,0.0851328,0.402438;0.886269,-0.313908,0.119309,-0.318989
0.934364,0.0952149,0.406737;0.884674,-0.324378,0.122024,-0.311834
0.930647,0.105015,0.410938;0.882928,-0.334793,0.124719,-0.304626
0.927042,0.114536,0.415041;0.881031,-0.345151,0.127393,-0.297365
0.923548,0.123781,0.419048;0.878984,-0.35545,0.130044,-0.290054
0.920163,0.132754,0.422959;0.876786,-0.365689,0.132674,-0.282693
0.916887,0.141457,0.426776;0.874439,-0.375864,0.135281,-0.275284
0.913199,0.151276,0.43111;0.871512,-0.387655,0.138293,-0.26658
0.909655,0.160738,0.435319;0.868383,-0.399356,0.141273,-0.257815
0.906253,0.169849,0.439403;0.865051,-0.410963,0.14422,-0.24899
0.902989,0.178613,0.443364;0.861519,-0.422476,0.147134,-0.240107
0.899428,0.188213,0.447741;0.857237,-0.435512,0.150422,-0.229887
0.896044,0.197375,0.451963;0.852694,-0.448416,0.153664,-0.219597
0.892833,0.206108,0.456029;0.847893,-0.461184,0.15686,-0.20924
0.889425,0.215428,0.460423;0.842184,-0.475381,0.160398,-0.197513
0.886229,0.224225,0.464626;0.836152,-0.489395,0.163875,-0.18571
0.88292,0.233401,0.469079;0.829072,-0.504745,0.167664,-0.172512
0.879862,0.241959,0.473305;0.8216,-0.519856,0.171373,-0.159232
0.876781,0.25068,0.477698;0.81293,-0.536193,0.175359,-0.144538
0.873747,0.259388,0.482191;0.80294,-0.553664,0.179593,-0.128413
0.870837,0.267902,0.486715;0.791499,-0.572164,0.184042,-0.110846
0.867946,0.276581,0.491502;0.77751,-0.592939,0.188991,-0.0904666
0.865254,0.284996,0.496385;0.760654,-0.615718,0.194356,-0.0672545
0.862743,0.293413,0.501651;0.738395,-0.642688,0.200615,-0.038457
0.860708,0.301467,0.507419;0.706322,-0.676549,0.208305,5.43961e-05
0.860575,0.307925,0.514828;0.637166,-0.734646,0.220927,0.0742006
0.866684,0.301681,0.518091;0.533012,-0.79548,0.232855,0.169967
0.872231,0.293175,0.517294;0.471871,-0.820314,0.236969,0.219699
0.877457,0.284638,0.515615;0.421299,-0.835962,0.239073,0.257914
0.882709,0.275862,0.513393;0.376134,-0.847421,0.238104,0.289322
0.887884,0.267154,0.510825;0.373759,-0.861655,0.202564,0.27717
0.893011,0.258512,0.507988;0.37096,-0.873817,0.168696,0.265282
0.898013,0.25009,0.504984;0.367837,-0.884111,0.136597,0.253742
0.903153,0.241467,0.501687;0.364243,-0.893274,0.104323,0.241878
0.908067,0.233266,0.498356;0.36045,-0.900827,0.0739442,0.230474
0.913048,0.225016,0.494817;0.356252,-0.907368,0.0434824,0.218811
0.918066,0.21678,0.491096;0.351653,-0.912888,0.0129717,0.206902
0.923096,0.20862,0.487216;0.346659,-0.917381,-0.0175535,0.19476
0.92811,0.200598,0.483202;0.341275,-0.920843,-0.0480591,0.182399
0.933081,0.192776,0.479079;0.335508,-0.92327,-0.0785106,0.169833
0.938307,0.184724,0.474587;0.32894,-0.924714,-0.110894,0.15622
0.943421,0.177047,0.470027;0.321951,-0.924976,-0.143136,0.142406
0.948694,0.169385,0.465142;0.314075,-0.923957,-0.177191,0.12753
0.954056,0.161928,0.459962;0.305242,-0.921424,-0.212969,0.111579
0.959418,0.154904,0.454532;0.295381,-0.917132,-0.25036,0.0945459
0.964923,0.148303,0.448635;0.283864,-0.910464,-0.291159,0.0755227
0.97036,0.14267,0.442377;0.270533,-0.900859,-0.335104,0.0544985
0.976005,0.138383,0.435168;0.253342,-0.885956,-0.387395,0.0287147
0.981426,0.137634,0.426799;0.229792,-0.861706,-0.452369,-0.00458681
0.984593,0.14351,0.419302;0.252776,-0.860852,-0.441572,-0.0073054
0.985275,0.152504,0.414516;0.285863,-0.867601,-0.406877,0.00126791
0.984853,0.162435,0.411117;0.312678,-0.871596,-0.37747,0.0083488
0.983902,0.172307,0.408586;0.33486,-0.873845,-0.352221,0.0143014
0.982586,0.182639,0.40645;0.355301,-0.875024,-0.328176,0.019867
0.98104,0.193084,0.404631;0.37405,-0.875313,-0.305428,0.0250432
0.979375,0.203365,0.403068;0.39116,-0.874879,-0.28406,0.0298296
0.977676,0.213263,0.401712;0.406686,-0.873879,-0.264141,0.0342275
0.975853,0.223472,0.400421;0.421944,-0.872304,-0.244048,0.0386029
0.973937,0.233913,0.399178;0.436925,-0.870154,-0.223794,0.0429529
0.97196,0.244508,0.397964;0.451618,-0.867432,-0.203392,0.0472746
0.970119,0.254289,0.396863;0.464825,-0.864435,-0.184573,0.0512089
0.968276,0.264072,0.395757;0.477776,-0.86096,-0.165652,0.0551149
0.96629,0.274676,0.394531;0.491602,-0.856626,-0.144907,0.0593411
0.96436,0.285133,0.393265;0.505105,-0.851728,-0.124066,0.0635283
0.962518,0.295363,0.391943;0.518275,-0.84627,-0.103144,0.0676736
0.960793,0.305289,0.390546;0.531105,-0.840254,-0.0821532,0.0717744
0.959094,0.315607,0.388928;0.544608,-0.833114,-0.0593531,0.0761636
0.957608,0.325375,0.387179;0.557691,-0.825329,-0.0365072,0.0804939
0.956292,0.335165,0.385122;0.571298,-0.816234,-0.0118728,0.0850877
0.954994,0.331239,0.389132;0.557221,-0.826459,-0.0129204,0.079391
0.953519,0.322938,0.395398;0.535112,-0.841526,-0.0217811,0.0708134
0.952,0.314635,0.401752;0.514057,-0.85493,-0.0300342,0.0627521
0.950509,0.306443,0.40802;0.494158,-0.866798,-0.0376775,0.0552239
0.949098,0.298467,0.414064;0.475504,-0.877251,-0.0447112,0.0482428
0.947684,0.290093,0.420305;0.456585,-0.887217,-0.0517201,0.0412348
0.946413,0.282064,0.426158;0.43902,-0.89592,-0.0581198,0.0347907
0.945188,0.273698,0.432097;0.42125,-0.904205,-0.0644923,0.0283303
0.944034,0.264993,0.438085;0.403284,-0.912067,-0.0708347,0.0218567
0.942974,0.255949,0.444084;0.385129,-0.919504,-0.0771441,0.0153729
0.942111,0.24743,0.449515;0.368468,-0.925893,-0.0828487,0.00947219
0.941363,0.238629,0.454895;0.351666,-0.931924,-0.0885214,0.00356786
0.940747,0.229544,0.460195;0.334727,-0.937596,-0.0941599,-0.00233786
0.94028,0.220175,0.465387;0.31766,-0.942906,-0.0997621,-0.00824267
0.939981,0.210521,0.470443;0.30047,-0.947852,-0.105326,-0.0141443
0.939866,0.20058,0.475333;0.283164,-0.952433,-0.110849,-0.0200405
0.939935,0.191387,0.47957;0.267495,-0.956242,-0.115783,-0.0253405
0.940181,0.181962,0.48363;0.251742,-0.959752,-0.120681,-0.0306326
0.940616,0.172302,0.487491;0.235911,-0.962962,-0.125542,-0.0359151
0.941254,0.162408,0.491133;0.220006,-0.965871,-0.130363,-0.0411864
0.942106,0.152279,0.494535;0.204033,-0.968478,-0.135143,-0.0464448
0.943187,0.141914,0.497676;0.187995,-0.970783,-0.139881,-0.0516888
0.944508,0.131313,0.500536;0.171899,-0.972784,-0.144576,-0.0569165
0.946083,0.120475,0.503093;0.155749,-0.974482,-0.149225,-0.0621265
0.947706,0.110641,0.505096;0.141353,-0.975735,-0.153319,-0.0667414
0.949548,0.100619,0.506829;0.126922,-0.976747,-0.157375,-0.0713398
0.951619,0.0904088,0.508278;0.112459,-0.977518,-0.161392,-0.0759205
0.953927,0.0800091,0.509427;0.0979685,-0.978048,-0.165369,-0.0804825
0.956482,0.0694197,0.510263;0.0834539,-0.978336,-0.169305,-0.0850247
0.959292,0.0586403,0.510771;0.0689187,-0.978383,-0.173199,-0.0895458
0.962366,0.0476704,0.510936;0.0543665,-0.978189,-0.177051,-0.0940449
0.96528,0.0379151,0.510788;0.0416221,-0.97782,-0.180385,-0.0979626
0.968409,0.0280133,0.510356;0.0288699,-0.977267,-0.183686,-0.101862
0.97176,0.0179647,0.509631;0.0161123,-0.976529,-0.186951,-0.105742
0.975338,0.00776899,0.508603;0.00335158,-0.975606,-0.190182,-0.109602
0.979149,-0.00257412,0.507262;-0.00940975,-0.974499,-0.193376,-0.113441
0.9832,-0.0130649,0.505599;-0.0221693,-0.973208,-0.196534,-0.117258
0.987496,-0.0237038,0.503603;-0.0349247,-0.971733,-0.199654,-0.121054
0.991379,-0.0329408,0.501621;-0.0458527,-0.970322,-0.202299,-0.124289
