0.795817,-0.0846842,0.364096;0.499663,0.825849,-0.0926548,-0.244389
0.804723,-0.091115,0.364235;0.491452,0.832032,-0.0959844,-0.238716
0.813192,-0.0967741,0.364214;0.483168,0.838091,-0.0992996,-0.233006
0.822529,-0.102426,0.363996;0.473412,0.845002,-0.103149,-0.226301
0.832501,-0.107667,0.363499;0.462146,0.852691,-0.107522,-0.218583
0.841746,-0.111651,0.362749;0.450757,0.860154,-0.111867,-0.210806
0.851302,-0.114684,0.361619;0.437802,0.868278,-0.116719,-0.201991
0.861809,-0.116396,0.359848;0.421769,0.877811,-0.122597,-0.191125
0.871854,-0.115886,0.357461;0.404038,0.88771,-0.128938,-0.179163
0.881144,-0.112698,0.354385;0.384559,0.897837,-0.135722,-0.166083
0.888861,-0.106954,0.350847;0.36481,0.907336,-0.14241,-0.152888
0.894662,-0.0995434,0.347216;0.346354,0.915541,-0.148496,-0.140612
0.898923,-0.091102,0.343613;0.329254,0.922584,-0.153997,-0.129285
0.901964,-0.0821581,0.340137;0.313566,0.928586,-0.158931,-0.118932
0.904252,-0.0720928,0.336493;0.297748,0.934204,-0.1638,-0.10853
0.905699,-0.0621456,0.333089;0.283406,0.93893,-0.168123,-0.0991294
0.906523,-0.0526491,0.329979;0.270578,0.942866,-0.171919,-0.0907453
0.906932,-0.0425821,0.3268;0.257679,0.946553,-0.17567,-0.0823372
0.906946,-0.0319881,0.323566;0.244711,0.949989,-0.179374,-0.0739073
0.906649,-0.0223204,0.320699;0.23331,0.95279,-0.182576,-0.066515
0.906078,-0.0123117,0.317807;0.221863,0.955397,-0.185741,-0.0591093
0.905246,-0.00199148,0.314896;0.21037,0.957811,-0.188868,-0.0516915
0.904166,0.00861124,0.311975;0.198835,0.96003,-0.191957,-0.0442633
0.902852,0.0194672,0.309051;0.18726,0.962055,-0.195007,-0.0368261
0.901317,0.0305472,0.306133;0.175647,0.963885,-0.198018,-0.0293814
0.899836,0.0402005,0.303641;0.165664,0.965298,-0.200567,-0.0229955
0.89821,0.0499785,0.301165;0.155656,0.966567,-0.203085,-0.0166061
0.896448,0.0598629,0.298708;0.145626,0.967692,-0.205574,-0.0102143
0.894558,0.0698353,0.296276;0.135573,0.968673,-0.208032,-0.00382094
0.892549,0.0798772,0.293873;0.125501,0.96951,-0.210459,0.00257298
0.890429,0.0899702,0.291505;0.11541,0.970203,-0.212854,0.00896652
0.888206,0.100096,0.289176;0.105301,0.970751,-0.215218,0.0153587
0.885889,0.110236,0.286892;0.0951774,0.971154,-0.21755,0.0217486
0.883487,0.120372,0.284657;0.0850392,0.971413,-0.219849,0.0281353
0.881006,0.130486,0.282476;0.0748883,0.971527,-0.222116,0.0345178
0.878457,0.140559,0.280354;0.0647263,0.971496,-0.22435,0.0408952
0.875847,0.150573,0.278296;0.0545546,0.971321,-0.22655,0.0472664
0.873112,0.160773,0.276256;0.0423424,0.973776,-0.218433,0.0474827
0.870413,0.170568,0.274351;0.0298519,0.976888,-0.206737,0.0453788
0.86767,0.180264,0.272521;0.0173521,0.9797,-0.194977,0.0432611
0.864885,0.18985,0.270767;0.00484701,0.982211,-0.183158,0.04113
0.862061,0.199316,0.269093;-0.00765956,0.98442,-0.171283,0.0389864
0.858842,0.209809,0.267308;-0.0217264,0.986545,-0.157861,0.0365605
0.855582,0.220122,0.265631;-0.0357849,0.988287,-0.144377,0.0341204
0.852285,0.230242,0.264066;-0.0498294,0.989644,-0.130837,0.031667
0.848955,0.240154,0.262615;-0.0638546,0.990618,-0.117246,0.0292014
0.845597,0.249843,0.261284;-0.077855,0.991206,-0.10361,0.0267244
0.842214,0.259295,0.260075;-0.0918252,0.991409,-0.0899338,0.024237
0.838433,0.269502,0.25888;-0.107305,0.991184,-0.0746971,0.0214623
0.834632,0.279378,0.257847;-0.122734,0.990483,-0.0594245,0.0186773
0.830817,0.288904,0.256979;-0.138104,0.989307,-0.0441234,0.0158833
0.826613,0.298954,0.256223;-0.154935,0.987465,-0.027268,0.0128011
0.822406,0.30853,0.255681;-0.171675,0.985051,-0.0103969,0.00971156
0.818206,0.317605,0.255359;-0.188316,0.982065,0.00648033,0.00661636
0.81364,0.326903,0.255269;-0.206344,0.978158,0.0248872,0.00323546
0.808722,0.336228,0.255487;-0.225714,0.973163,0.0448082,-0.000429623
0.803476,0.345352,0.256101;-0.246369,0.966901,0.0662205,-0.00437617
0.797927,0.354011,0.257212;-0.268241,0.959185,0.0890926,-0.00859994
0.791755,0.362343,0.25906;-0.292679,0.949188,0.114897,-0.0133754
0.785035,0.36968,0.261892;-0.31951,0.93646,0.143547,-0.0186905
0.777539,0.375396,0.26623;-0.349884,0.919699,0.176407,-0.0248038
0.769781,0.377993,0.272318;-0.382091,0.898981,0.211784,-0.0314066
0.762826,0.376671,0.279544;-0.411967,0.876796,0.245141,-0.0376533
0.757216,0.3723,0.286983;-0.437099,0.855695,0.273643,-0.043008
0.752803,0.366104,0.294183;-0.457804,0.836467,0.29746,-0.0474951
0.749435,0.359216,0.300736;-0.47438,0.819761,0.316766,-0.0511412
0.746539,0.351325,0.30734;-0.489373,0.803557,0.334427,-0.0544839
0.744179,0.343145,0.313582;-0.50262,0.791728,0.340958,-0.0654764
0.742276,0.335111,0.319336;-0.514095,0.782201,0.343178,-0.07809
0.740522,0.326303,0.325353;-0.52537,0.772371,0.345265,-0.0906734
0.739075,0.317766,0.330976;-0.535344,0.763269,0.347029,-0.101969
0.737755,0.308698,0.336778;-0.545151,0.753928,0.348685,-0.113232
0.736693,0.300229,0.342074;-0.553725,0.745427,0.350066,-0.123214
0.735736,0.291407,0.347488;-0.562162,0.736741,0.351359,-0.133166
0.734889,0.282265,0.353009;-0.57046,0.727873,0.352566,-0.143085
0.734152,0.272834,0.358625;-0.578617,0.718825,0.353686,-0.152968
0.733528,0.263145,0.364326;-0.586631,0.709599,0.354718,-0.162813
0.733078,0.254482,0.369374;-0.593524,0.701383,0.355549,-0.171395
0.732717,0.245668,0.37447;-0.600305,0.693034,0.356313,-0.179945
0.732448,0.236724,0.379607;-0.606972,0.684553,0.357009,-0.18846
0.732273,0.227671,0.384778;-0.613524,0.675943,0.357638,-0.19694
0.732192,0.21853,0.389974;-0.61996,0.667204,0.358199,-0.205382
0.732208,0.209323,0.395188;-0.626278,0.65834,0.358692,-0.213786
0.732322,0.200071,0.400412;-0.632478,0.649351,0.359117,-0.222149
0.732535,0.190795,0.40564;-0.638558,0.640238,0.359474,-0.23047
0.73285,0.181517,0.410863;-0.644518,0.631005,0.359764,-0.238747
0.733268,0.172257,0.416073;-0.650355,0.621652,0.359985,-0.246979
0.733791,0.163038,0.421264;-0.656069,0.612181,0.360138,-0.255164
0.734419,0.153879,0.426428;-0.661659,0.602595,0.360222,-0.263301
0.735155,0.144803,0.431556;-0.667123,0.592894,0.360239,-0.271388
0.736,0.135831,0.436643;-0.672461,0.583081,0.360187,-0.279424
0.736956,0.126983,0.441679;-0.677672,0.573157,0.360067,-0.287407
0.738025,0.118282,0.446657;-0.682755,0.563126,0.359879,-0.295335
0.739386,0.108543,0.452267;-0.688405,0.55153,0.35958,-0.304328
0.740898,0.0990554,0.45778;-0.693885,0.539798,0.359193,-0.313245
0.742564,0.0898495,0.463186;-0.699193,0.527933,0.358717,-0.322085
0.744386,0.0809574,0.468473;-0.704328,0.515937,0.358152,-0.330845
0.746366,0.0724109,0.47363;-0.709289,0.503813,0.357498,-0.339523
0.748786,0.0632484,0.479261;-0.714661,0.490025,0.356657,-0.349186
0.751413,0.0546085,0.484698;-0.719809,0.476084,0.355705,-0.358739
0.75425,0.0465363,0.489923;-0.724731,0.461993,0.354641,-0.36818
0.757653,0.038288,0.495461;-0.729935,0.446168,0.353329,-0.378534
0.761707,0.0301626,0.501203;-0.735332,0.428561,0.351727,-0.389755
0.766506,0.022525,0.507015;-0.740829,0.409126,0.349793,-0.401788
0.77216,0.015816,0.512736;-0.746318,0.387814,0.347478,-0.414572
0.778787,0.0105633,0.518174;-0.751684,0.36458,0.344731,-0.428035
0.787062,0.00727786,0.523394;-0.757119,0.337689,0.341272,-0.443024
0.796693,0.0072356,0.527681;-0.762073,0.308753,0.337227,-0.45847
0.805926,0.0103867,0.530302;-0.765738,0.282933,0.333345,-0.471674
0.814611,0.0157862,0.531644;-0.771164,0.261663,0.330236,-0.477266
0.822678,0.0225738,0.532079;-0.78006,0.245442,0.328228,-0.472791
0.830246,0.0301954,0.531918;-0.787822,0.230766,0.326318,-0.468616
0.83719,0.0380792,0.531367;-0.794525,0.217663,0.324538,-0.464788
0.844313,0.046925,0.53046;-0.801042,0.204509,0.322683,-0.46085
0.850674,0.0553923,0.529396;-0.806591,0.19296,0.320998,-0.457317
0.857137,0.0644833,0.528099;-0.811994,0.181376,0.319255,-0.453701
0.862746,0.072732,0.526815;-0.81651,0.171421,0.317715,-0.450537
0.868408,0.081367,0.525385;-0.820918,0.161444,0.316133,-0.447313
0.874113,0.0903552,0.523819;-0.825218,0.151445,0.31451,-0.444031
0.879851,0.0996633,0.522129;-0.829409,0.141426,0.312845,-0.44069
0.885612,0.109258,0.520327;-0.833491,0.131388,0.311139,-0.43729
0.891386,0.119107,0.518424;-0.837462,0.121333,0.309392,-0.433833
0.897162,0.129176,0.516432;-0.841324,0.111263,0.307604,-0.430319
0.90293,0.139432,0.514361;-0.845074,0.101177,0.305776,-0.426749
0.907724,0.148098,0.512584;-0.848114,0.0927623,0.304222,-0.42373
0.912499,0.156852,0.510767;-0.851077,0.084339,0.302639,-0.420672
0.91725,0.165675,0.508917;-0.853961,0.075908,0.301029,-0.417576
0.921971,0.174547,0.50704;-0.856767,0.06747,0.299391,-0.414442
0.926657,0.183449,0.505144;-0.859495,0.0590258,0.297726,-0.41127
0.9313,0.192363,0.503234;-0.862144,0.0505762,0.296034,-0.40806
0.935896,0.201268,0.501318;-0.864715,0.042122,0.294315,-0.404813
0.940438,0.210146,0.499401;-0.867206,0.0336639,0.292568,-0.401528
0.944921,0.218977,0.497491;-0.869617,0.0252027,0.290795,-0.398207
0.950213,0.229487,0.495217;-0.872406,0.0150464,0.288632,-0.394174
0.955402,0.239868,0.492973;-0.87508,0.00488801,0.286431,-0.390088
0.960475,0.250089,0.490772;-0.877638,-0.00527099,0.284192,-0.385951
0.965425,0.260115,0.488623;-0.880081,-0.0154293,0.281916,-0.381764
0.970239,0.269914,0.486539;-0.882407,-0.0255856,0.279603,-0.377526
0.974909,0.279453,0.484531;-0.884617,-0.0357385,0.277252,-0.373238
0.979424,0.288698,0.48261;-0.886711,-0.0458866,0.274866,-0.368901
0.983773,0.297616,0.480788;-0.888687,-0.0560288,0.272442,-0.364515
0.988626,0.307563,0.478803;-0.890845,-0.0678518,0.26957,-0.359337
0.993223,0.316968,0.476986;-0.892843,-0.0796627,0.266649,-0.354095
0.998144,0.326984,0.475139;-0.89493,-0.0931432,0.263253,-0.348027
1.00269,0.336144,0.473563;-0.896807,-0.106602,0.259794,-0.341877
1.00732,0.345327,0.472146;-0.898668,-0.121713,0.255831,-0.334862
1.01223,0.354782,0.470983;-0.90058,-0.140132,0.250884,-0.326154
1.01722,0.363694,0.47051;-0.902436,-0.163484,0.244427,-0.314862
1.02258,0.368993,0.47417;-0.904238,-0.214751,0.229512,-0.289066
1.02152,0.360854,0.480154;-0.90377,-0.24581,0.219968,-0.272747
1.01923,0.351671,0.485096;-0.902953,-0.263646,0.214309,-0.263133
1.01676,0.342785,0.489421;-0.902107,-0.276544,0.210134,-0.256068
1.01396,0.333228,0.49382;-0.897135,-0.29322,0.213823,-0.251895
1.01105,0.323635,0.498077;-0.890208,-0.310589,0.221098,-0.249357
1.00808,0.314076,0.502216;-0.883663,-0.326113,0.227569,-0.246986
1.00517,0.304888,0.506124;-0.877599,-0.339821,0.233258,-0.24481
1.00202,0.295087,0.510235;-0.871306,-0.353441,0.238885,-0.242569
0.999072,0.286037,0.513989;-0.865612,-0.365282,0.243758,-0.240557
0.995948,0.27657,0.517882;-0.859744,-0.37705,0.248582,-0.238496
0.992657,0.266712,0.521904;-0.853704,-0.388742,0.253356,-0.236387
0.989204,0.256485,0.526049;-0.847493,-0.400357,0.25808,-0.234231
0.986119,0.247446,0.529692;-0.842035,-0.410248,0.262087,-0.232346
0.982923,0.23817,0.533413;-0.836452,-0.420079,0.266056,-0.230426
0.97962,0.228673,0.537207;-0.830746,-0.429848,0.269986,-0.228473
0.976213,0.21897,0.541069;-0.824917,-0.439554,0.273876,-0.226486
0.972705,0.209077,0.544994;-0.818967,-0.449195,0.277725,-0.224465
0.969102,0.199009,0.548977;-0.812897,-0.45877,0.281534,-0.222412
0.965405,0.188782,0.553013;-0.806707,-0.468278,0.285301,-0.220326
0.961619,0.17841,0.557095;-0.800398,-0.477716,0.289026,-0.218207
0.957748,0.16791,0.56122;-0.793971,-0.487085,0.292709,-0.216056
0.95446,0.159073,0.564686;-0.788526,-0.494837,0.295745,-0.214239
0.951117,0.150167,0.568175;-0.783,-0.502538,0.298751,-0.212401
0.947721,0.1412,0.571683;-0.777394,-0.510188,0.301726,-0.21054
0.944275,0.132181,0.575209;-0.771709,-0.517786,0.30467,-0.208659
0.940781,0.123119,0.578748;-0.765945,-0.525331,0.307584,-0.206755
0.93724,0.114024,0.582298;-0.760103,-0.532822,0.310465,-0.204831
0.933656,0.104903,0.585856;-0.754182,-0.540259,0.313315,-0.202886
0.93003,0.0957668,0.589418;-0.748185,-0.54764,0.316133,-0.20092
0.926364,0.0866234,0.592983;-0.742111,-0.554966,0.318919,-0.198933
0.92266,0.0774819,0.596546;-0.735962,-0.562235,0.321672,-0.196926
0.918921,0.0683513,0.600106;-0.729737,-0.569446,0.324392,-0.194899
0.915148,0.0592404,0.603658;-0.723437,-0.576599,0.327079,-0.192852
0.911345,0.0501582,0.6072;-0.717063,-0.583693,0.329732,-0.190785
0.907512,0.0411137,0.61073;-0.710616,-0.590727,0.332352,-0.188699
0.903652,0.0321158,0.614243;-0.704097,-0.597701,0.334938,-0.186594
0.899767,0.0231734,0.617738;-0.697505,-0.604614,0.33749,-0.184469
0.89586,0.0142954,0.62121;-0.690842,-0.611465,0.340007,-0.182326
0.891932,0.00549086,0.624657;-0.684109,-0.618254,0.342489,-0.180164
0.887985,-0.00323135,0.628077;-0.677305,-0.624979,0.344936,-0.177983
0.884022,-0.0118623,0.631466;-0.670432,-0.63164,0.347348,-0.175784
0.879248,-0.0220864,0.635487;-0.662095,-0.639549,0.350195,-0.173122
0.874457,-0.0321507,0.639455;-0.653659,-0.647363,0.352991,-0.170435
0.869653,-0.0420398,0.643363;-0.645128,-0.655082,0.355735,-0.167722
0.86484,-0.0517383,0.647207;-0.636501,-0.662704,0.358427,-0.164984
0.86002,-0.0612308,0.650982;-0.627781,-0.670229,0.361065,-0.162223
0.855199,-0.0705017,0.654682;-0.618968,-0.677655,0.363651,-0.159437
0.850379,-0.0795357,0.658303;-0.610065,-0.684981,0.366183,-0.156628
0.845565,-0.0883173,0.661839;-0.601071,-0.692206,0.368661,-0.153796
0.840759,-0.096831,0.665284;-0.591989,-0.69933,0.371085,-0.150941
0.835966,-0.105061,0.668635;-0.582819,-0.70635,0.373454,-0.148064
0.830395,-0.114285,0.672417;-0.572013,-0.714409,0.376149,-0.14468
0.824852,-0.123077,0.676054;-0.561093,-0.722325,0.378768,-0.141266
0.819343,-0.131414,0.679538;-0.55006,-0.730096,0.381311,-0.137825
0.813874,-0.139271,0.682862;-0.538916,-0.737721,0.383778,-0.134356
0.807679,-0.147631,0.686452;-0.526049,-0.746254,0.386503,-0.130359
0.801552,-0.155294,0.689809;-0.513044,-0.754591,0.389126,-0.126327
0.794752,-0.163039,0.693292;-0.498253,-0.763735,0.391956,-0.121752
0.788062,-0.169804,0.696447;-0.483297,-0.772625,0.394656,-0.117136
0.780771,-0.17611,0.699546;-0.466491,-0.782203,0.397503,-0.111963
0.772246,-0.181895,0.702669;-0.446073,-0.793274,0.400704,-0.105694
0.763317,-0.185835,0.705272;-0.423658,-0.80474,0.403906,-0.0988326
0.753459,-0.187172,0.707202;-0.397431,-0.817278,0.407253,-0.0908311
0.743529,-0.184548,0.707905;-0.369053,-0.829823,0.41041,-0.0822043
0.735391,-0.178598,0.707298;-0.343904,-0.840087,0.412821,-0.074585
0.728861,-0.170627,0.705817;-0.322128,-0.848349,0.414623,-0.0680063
0.723756,-0.161866,0.703874;-0.303836,-0.854853,0.415939,-0.0624932
0.719438,-0.152271,0.701553;-0.287266,-0.860407,0.416977,-0.0575096
0.715831,-0.142339,0.699021;-0.272458,-0.865105,0.417784,-0.0530636
0.71286,-0.132535,0.696433;-0.259442,-0.86903,0.418401,-0.049162
0.710068,-0.121665,0.693488;-0.246373,-0.872781,0.418934,-0.0452505
0.707821,-0.111481,0.690675;-0.235133,-0.875857,0.419323,-0.0418905
0.705714,-0.100482,0.687589;-0.223858,-0.878804,0.419651,-0.0385244
0.704067,-0.0906814,0.684805;-0.214436,-0.881161,0.419878,-0.0357149
0.702522,-0.0802944,0.681825;-0.204993,-0.883428,0.420061,-0.0329018
0.701081,-0.0693121,0.678646;-0.195529,-0.885604,0.420201,-0.0300854
0.699745,-0.0577255,0.675264;-0.186044,-0.88769,0.420298,-0.0272658
0.698754,-0.0480152,0.672412;-0.178443,-0.889293,0.420345,-0.0250081
0.697833,-0.0379079,0.669427;-0.170831,-0.890838,0.420365,-0.0227488
0.696983,-0.0273991,0.666308;-0.163207,-0.892325,0.420356,-0.020488
0.696205,-0.016484,0.663053;-0.155572,-0.893754,0.420321,-0.0182259
