0.89187,-0.487363,0.180273;0.808301,0.581031,-0.0542899,-0.078138
0.885037,-0.495786,0.179486;0.815912,0.572435,-0.046934,-0.0663533
0.87837,-0.503338,0.179083;0.823259,0.563653,-0.0395627,-0.0545472
0.871153,-0.510729,0.179074;0.831108,0.553681,-0.0313575,-0.0414086
0.863443,-0.517666,0.179582;0.839356,0.542455,-0.0223173,-0.0269372
0.855302,-0.523843,0.180738;0.847891,0.529908,-0.0124431,-0.0111355
0.846795,-0.52894,0.182673;0.856583,0.515971,-0.00173816,0.00598992
0.837376,-0.532822,0.185753;0.865892,0.499456,0.0106147,0.0257443
0.828373,-0.534632,0.1897;0.874419,0.48249,0.022958,0.0454754
0.819218,-0.534364,0.19482;0.882644,0.463914,0.0361011,0.0664762
0.811045,-0.532128,0.200427;0.889533,0.446066,0.0483894,0.086103
0.803769,-0.528377,0.206327;0.895239,0.429044,0.0598192,0.104352
0.797308,-0.523508,0.212352;0.899907,0.412936,0.0703908,0.121223
0.791592,-0.517873,0.218355;0.903675,0.397819,0.0801069,0.136725
0.78611,-0.51118,0.22476;0.906922,0.382472,0.0897768,0.152147
0.781286,-0.50415,0.230967;0.909437,0.368209,0.0985955,0.166208
0.777064,-0.497041,0.236872;0.911341,0.355088,0.106571,0.17892
0.772995,-0.489271,0.243016;0.91288,0.341824,0.114504,0.191561
0.769462,-0.48173,0.248738;0.913952,0.32977,0.121604,0.202872
0.766049,-0.473688,0.254633;0.914726,0.317608,0.128665,0.214117
0.762755,-0.46516,0.260693;0.915204,0.305343,0.135684,0.225292
0.759923,-0.457185,0.266211;0.915379,0.294358,0.141887,0.235165
0.757183,-0.44885,0.271844;0.91532,0.283297,0.148052,0.244977
0.754531,-0.440167,0.277587;0.915025,0.272163,0.15418,0.254726
0.751967,-0.431146,0.283434;0.914495,0.260959,0.160269,0.26441
0.749489,-0.421799,0.289378;0.913731,0.249689,0.166316,0.274026
0.74739,-0.413362,0.294653;0.91287,0.239774,0.171572,0.282382
0.745356,-0.404691,0.299993;0.911829,0.229813,0.176795,0.290683
0.743385,-0.395795,0.305395;0.91061,0.219806,0.181982,0.298927
0.741476,-0.38668,0.310852;0.909211,0.209756,0.187135,0.307112
0.739628,-0.377354,0.316362;0.907634,0.199665,0.19225,0.315237
0.737841,-0.367825,0.321919;0.905878,0.189535,0.197327,0.3233
0.736113,-0.3581,0.327521;0.903945,0.179367,0.202366,0.331299
0.734444,-0.348187,0.333161;0.901834,0.169165,0.207365,0.339233
0.733059,-0.339546,0.338024;0.899883,0.160393,0.211618,0.345981
0.731716,-0.330777,0.34291;0.897802,0.151598,0.21584,0.352679
0.730414,-0.321885,0.347816;0.895592,0.142781,0.22003,0.359326
0.729152,-0.312874,0.352739;0.893253,0.133944,0.224189,0.365921
0.727931,-0.30375,0.357678;0.890784,0.125087,0.228316,0.372463
0.726749,-0.294516,0.362629;0.888187,0.116212,0.23241,0.378951
0.725606,-0.285179,0.367589;0.885462,0.10732,0.23647,0.385385
0.724502,-0.275742,0.372556;0.882609,0.0984133,0.240496,0.391763
0.723435,-0.26621,0.377527;0.879628,0.0894919,0.244487,0.398084
0.722405,-0.256588,0.382499;0.876521,0.0805577,0.248443,0.404348
0.721412,-0.24688,0.387471;0.873287,0.0716119,0.252363,0.410554
0.720455,-0.237093,0.392438;0.869927,0.0626556,0.256247,0.4167
0.719533,-0.227229,0.397398;0.866441,0.0536904,0.260093,0.422786
0.718646,-0.217294,0.402349;0.86283,0.0447174,0.263903,0.428812
0.717793,-0.207294,0.407288;0.859095,0.035738,0.267674,0.434775
0.716974,-0.197231,0.412212;0.855236,0.0267533,0.271406,0.440675
0.716188,-0.187112,0.417118;0.851253,0.0177649,0.275099,0.446512
0.715435,-0.176941,0.422004;0.847147,0.00877382,0.278753,0.452285
0.714713,-0.166723,0.426867;0.842919,-0.000218484,0.282366,0.457992
0.71397,-0.155658,0.432082;0.846133,0.000910658,0.276585,0.455586
0.713285,-0.144897,0.437104;0.849447,0.0023449,0.270666,0.452962
0.712634,-0.134097,0.442096;0.852713,0.00377902,0.264733,0.450313
0.712015,-0.12326,0.447057;0.855933,0.00521293,0.258786,0.44764
0.711428,-0.11239,0.451988;0.859106,0.00664655,0.252824,0.444941
0.710874,-0.101491,0.456886;0.862232,0.0080798,0.246848,0.442219
0.710351,-0.0905651,0.461752;0.86531,0.00951262,0.240859,0.439472
0.70986,-0.0796159,0.466584;0.86834,0.0109449,0.234856,0.436701
0.709399,-0.0686468,0.471381;0.871323,0.0123766,0.22884,0.433906
0.708969,-0.0576611,0.476144;0.874258,0.0138076,0.222812,0.431087
0.708568,-0.046662,0.480871;0.877145,0.0152379,0.216772,0.428245
0.708198,-0.0356527,0.485561;0.879984,0.0166673,0.21072,0.425379
0.707856,-0.0246367,0.490213;0.882775,0.0180958,0.204656,0.422489
0.707543,-0.0136172,0.494827;0.885517,0.0195233,0.198581,0.419577
0.707258,-0.00259736,0.499403;0.88821,0.0209497,0.192495,0.416641
0.707001,0.00841941,0.503938;0.890854,0.022375,0.186398,0.413683
0.706772,0.0194299,0.508433;0.89345,0.023799,0.180292,0.410701
0.706569,0.0304307,0.512887;0.895996,0.0252218,0.174175,0.407697
0.706393,0.0414187,0.517298;0.898494,0.0266431,0.168049,0.404671
0.706243,0.0523905,0.521667;0.900942,0.028063,0.161913,0.401623
0.706119,0.0633429,0.525992;0.90334,0.0294814,0.155769,0.398552
0.706021,0.0742726,0.530272;0.905689,0.0308981,0.149616,0.39546
0.705947,0.0851762,0.534507;0.907988,0.0323131,0.143455,0.392346
0.705897,0.0960506,0.538696;0.910237,0.0337264,0.137286,0.38921
0.705872,0.106892,0.542839;0.912436,0.0351378,0.131109,0.386053
0.70587,0.117698,0.546934;0.914585,0.0365473,0.124925,0.382874
0.705892,0.128465,0.55098;0.916683,0.0379547,0.118735,0.379675
0.705936,0.13919,0.554977;0.918732,0.0393601,0.112537,0.376455
0.706002,0.149868,0.558924;0.92073,0.0407633,0.106334,0.373214
0.706091,0.160498,0.562821;0.922677,0.0421643,0.100125,0.369952
0.706201,0.171076,0.566666;0.924573,0.043563,0.0939102,0.366671
0.706332,0.181598,0.570459;0.926419,0.0449592,0.0876903,0.363369
0.706484,0.192061,0.574199;0.928214,0.046353,0.0814656,0.360047
0.706656,0.202462,0.577885;0.929958,0.0477443,0.0752365,0.356705
0.706847,0.212798,0.581516;0.93165,0.0491329,0.0690032,0.353344
0.707059,0.223065,0.585092;0.933292,0.0505188,0.0627661,0.349963
0.707289,0.23326,0.588612;0.934882,0.051902,0.0565255,0.346563
0.707537,0.24338,0.592074;0.936421,0.0532823,0.0502819,0.343144
0.707804,0.253421,0.595479;0.937909,0.0546596,0.0440355,0.339707
0.708089,0.263381,0.598826;0.939345,0.056034,0.0377866,0.33625
0.708391,0.273255,0.602113;0.940729,0.0574053,0.0315357,0.332775
0.708709,0.283042,0.605341;0.942061,0.0587734,0.0252831,0.329282
0.709045,0.292736,0.608507;0.943342,0.0601383,0.0190291,0.325771
0.709396,0.302336,0.611612;0.944571,0.0614999,0.012774,0.322241
0.709838,0.313726,0.615255;0.945978,0.0631294,0.00526703,0.317983
0.710301,0.324968,0.618807;0.947309,0.0647538,-0.00224037,0.3137
0.710786,0.336058,0.622266;0.948566,0.0663732,-0.00974759,0.309391
0.711291,0.34699,0.625632;0.949747,0.0679873,-0.017254,0.305058
0.711815,0.357757,0.628902;0.950853,0.069596,-0.0247591,0.300701
0.712359,0.368355,0.632076;0.951884,0.0711992,-0.0322623,0.29632
0.71292,0.378777,0.635151;0.95284,0.0727967,-0.0397628,0.291916
0.713499,0.389019,0.638128;0.953721,0.0743885,-0.0472603,0.287489
0.714094,0.399073,0.641003;0.954525,0.0759745,-0.0547539,0.283039
0.714705,0.408935,0.643777;0.955255,0.0775544,-0.0622433,0.278566
0.715331,0.418599,0.646448;0.955909,0.0791281,-0.0697277,0.274072
0.71608,0.429616,0.649431;0.956576,0.0809563,-0.0784526,0.268801
0.716848,0.440347,0.652269;0.95714,0.0827757,-0.0871689,0.263501
0.717633,0.450782,0.654961;0.957601,0.0845862,-0.0958759,0.258173
0.718434,0.460912,0.657503;0.957959,0.0863876,-0.104573,0.252816
0.719249,0.47073,0.659895;0.958214,0.0881797,-0.113258,0.247433
0.720199,0.481555,0.66244;0.958379,0.0902162,-0.123169,0.241248
0.721165,0.491945,0.664782;0.958409,0.09224,-0.133063,0.235029
0.722145,0.501887,0.666918;0.958304,0.0942508,-0.142938,0.228777
0.723263,0.51252,0.66907;0.958025,0.0964971,-0.154024,0.221705
0.724376,0.522388,0.670922;0.959323,0.119007,-0.135589,0.217145
0.725607,0.532516,0.672641;0.959792,0.144712,-0.113494,0.212078
0.726941,0.542604,0.674119;0.959049,0.171943,-0.08978,0.206399
0.728381,0.552546,0.67528;0.956855,0.200623,-0.0644529,0.200063
0.730022,0.562755,0.676068;0.952694,0.232316,-0.0360328,0.192625
0.731876,0.572988,0.676299;0.946007,0.266834,-0.00454428,0.183983
0.73396,0.583007,0.675763;0.936184,0.303932,0.0299525,0.174031
0.736388,0.592946,0.674138;0.921969,0.344852,0.0688443,0.162205
0.739094,0.602144,0.671144;0.903023,0.387555,0.110452,0.14883
0.742107,0.610446,0.666463;0.878625,0.431544,0.154526,0.133825
0.745353,0.617541,0.659975;0.849079,0.474867,0.199304,0.11766
0.748633,0.623174,0.652051;0.816429,0.514526,0.241687,0.101454
0.751709,0.627371,0.643495;0.78376,0.548158,0.278868,0.086459
0.754667,0.63065,0.63434;0.750849,0.577442,0.31235,0.07228
0.757487,0.633252,0.624846;0.718404,0.60272,0.342257,0.0590258
0.760148,0.635358,0.615263;0.687045,0.624349,0.36874,0.0467809
0.762762,0.637188,0.605308;0.655708,0.643612,0.393173,0.0350186
0.765182,0.638739,0.595647;0.626332,0.6598,0.414462,0.0243692
0.76753,0.640158,0.585902;0.597614,0.674065,0.433925,0.0142733
0.769795,0.641487,0.576172;0.56976,0.686561,0.451646,0.00475133
0.772116,0.642839,0.565894;0.541145,0.698141,0.468763,-0.00477698
0.774344,0.644156,0.555753;0.513661,0.708149,0.484242,-0.0137042
0.77647,0.645448,0.545843;0.487464,0.716739,0.498175,-0.022022
0.778641,0.646824,0.535498;0.460768,0.724596,0.511599,-0.0303172
0.780699,0.648193,0.525497;0.435557,0.731228,0.523596,-0.0379924
0.782798,0.649666,0.515113;0.40996,0.737215,0.53513,-0.045634
0.784772,0.651133,0.505184;0.386012,0.742164,0.545358,-0.0526521
0.786782,0.652715,0.494923;0.361772,0.746555,0.555177,-0.0596307
0.788796,0.654396,0.484497;0.347395,0.752792,0.555206,-0.066079
0.790669,0.656036,0.474688;0.34228,0.760334,0.547361,-0.0716435
0.792569,0.657757,0.464638;0.337105,0.767741,0.53942,-0.0771954
0.794495,0.65954,0.454368;0.331871,0.775014,0.531384,-0.0827337
0.796447,0.661368,0.443899;0.326579,0.782151,0.523255,-0.0882575
0.798422,0.663222,0.433251;0.321229,0.789151,0.515034,-0.0937659
0.800418,0.665085,0.422446;0.315823,0.796012,0.506723,-0.0992578
0.802436,0.66694,0.411504;0.310362,0.802733,0.498323,-0.104732
0.804473,0.668767,0.400446;0.304846,0.809314,0.489835,-0.110188
0.806528,0.670549,0.389292;0.299277,0.815752,0.481261,-0.115625
0.808599,0.672269,0.378063;0.293655,0.822048,0.472603,-0.121041
0.810685,0.673908,0.36678;0.287981,0.828199,0.463862,-0.126437
0.812785,0.675449,0.355464;0.282257,0.834204,0.455039,-0.13181
0.814897,0.676873,0.344136;0.276483,0.840063,0.446137,-0.137159
0.81702,0.678164,0.332815;0.270661,0.845775,0.437156,-0.142485
0.819153,0.679301,0.321524;0.264792,0.851338,0.428098,-0.147786
0.821293,0.680269,0.310282;0.258875,0.856752,0.418966,-0.153061
0.82344,0.681049,0.299111;0.252914,0.862015,0.40976,-0.158309
0.825593,0.681623,0.288031;0.246908,0.867127,0.400481,-0.163529
0.827749,0.681974,0.277063;0.240859,0.872087,0.391133,-0.16872
0.829908,0.682083,0.266227;0.234767,0.876894,0.381716,-0.173882
0.832067,0.681932,0.255545;0.228634,0.881546,0.372232,-0.179014
0.834227,0.681504,0.245037;0.222461,0.886044,0.362682,-0.184113
0.836384,0.680781,0.234724;0.216249,0.890387,0.353069,-0.189181
0.838538,0.679745,0.224627;0.209999,0.894573,0.343394,-0.194215
0.840688,0.678377,0.214766;0.203712,0.898602,0.333659,-0.199216
0.843138,0.676386,0.203812;0.196484,0.903014,0.322461,-0.204887
0.845577,0.673913,0.193225;0.18921,0.907219,0.311189,-0.210512
0.848005,0.67093,0.183035;0.181893,0.911215,0.299846,-0.216089
0.850418,0.667412,0.173275;0.174534,0.915003,0.288434,-0.221616
0.852815,0.663331,0.163974;0.167135,0.918581,0.276956,-0.227092
0.855194,0.658661,0.155163;0.159698,0.921948,0.265415,-0.232516
0.857552,0.653375,0.146874;0.152224,0.925104,0.253813,-0.237887
0.859888,0.647447,0.139138;0.144716,0.928047,0.242152,-0.243203
0.8622,0.640849,0.131985;0.137174,0.930778,0.230436,-0.248463
0.864484,0.633555,0.125447;0.129601,0.933296,0.218667,-0.253667
0.86674,0.625538,0.119554;0.121998,0.9356,0.206848,-0.258812
0.868965,0.616772,0.114337;0.114367,0.937689,0.194982,-0.263898
0.871157,0.60723,0.109828;0.10671,0.939563,0.183071,-0.268923
0.873314,0.596885,0.106057;0.0990279,0.941221,0.171118,-0.273887
0.875171,0.587153,0.103388;0.0922878,0.942496,0.160627,-0.278179
0.876998,0.576769,0.101328;0.0855315,0.943605,0.150107,-0.282422
0.878794,0.565714,0.0998983;0.0787601,0.944548,0.139562,-0.286616
0.880307,0.55569,0.0991905;0.0729451,0.945224,0.130503,-0.29017
0.881796,0.545149,0.0989743;0.0671206,0.945779,0.121427,-0.293687
0.883258,0.53408,0.0992625;0.0612875,0.946212,0.112336,-0.297166
0.884694,0.522471,0.100068;0.0554465,0.946522,0.10323,-0.300607
0.88587,0.512376,0.101145;0.0505734,0.946688,0.0956318,-0.303445
0.887026,0.501892,0.102597;0.0456959,0.946769,0.0880249,-0.306255
0.888162,0.491012,0.104433;0.0408143,0.946765,0.0804101,-0.309038
0.889277,0.47973,0.106661;0.035929,0.946676,0.0727881,-0.311794
0.89034,0.468384,0.109204;0.0374405,0.947775,0.0639799,-0.310205
0.891367,0.456852,0.112069;0.0402735,0.949039,0.0549999,-0.307698
0.892209,0.446982,0.114723;0.0426314,0.950022,0.0475125,-0.305586
0.893036,0.436887,0.117614;0.0449864,0.950942,0.0400219,-0.303453
0.893851,0.426578,0.120737;0.0473384,0.951798,0.0325287,-0.301301
0.894653,0.416067,0.124086;0.0496872,0.95259,0.0250332,-0.299128
0.895441,0.405365,0.127656;0.0520327,0.953318,0.0175361,-0.296935
0.896217,0.394483,0.131441;0.0543747,0.953982,0.0100377,-0.294722
0.89698,0.383432,0.135436;0.056713,0.954582,0.00253875,-0.292489
0.89773,0.372223,0.139637;0.0590476,0.955119,-0.00496041,-0.290237
0.898467,0.360867,0.144036;0.0613782,0.955591,-0.0124592,-0.287965
0.899191,0.349376,0.14863;0.0637047,0.955999,-0.0199572,-0.285674
0.899762,0.340094,0.152441;0.0655628,0.956279,-0.0259547,-0.283827
0.900324,0.330737,0.156371;0.0674181,0.956519,-0.031951,-0.281968
0.900878,0.321312,0.160415;0.0692705,0.956717,-0.037946,-0.280097
0.901425,0.311824,0.164573;0.0711199,0.956874,-0.0439393,-0.278214
0.901964,0.30228,0.16884;0.0729663,0.95699,-0.0499308,-0.27632
0.902494,0.292685,0.173214;0.0748095,0.957065,-0.0559201,-0.274413
0.903017,0.283044,0.177692;0.0766496,0.957099,-0.061907,-0.272494
0.903532,0.273364,0.182273;0.0784863,0.957092,-0.0678913,-0.270564
0.904039,0.263649,0.186952;0.0803197,0.957044,-0.0738726,-0.268622
0.904539,0.253907,0.191727;0.0821497,0.956955,-0.0798508,-0.266669
0.905031,0.244141,0.196596;0.0839761,0.956825,-0.0858255,-0.264704
0.905515,0.234359,0.201555;0.0857989,0.956654,-0.0917966,-0.262728
0.905991,0.224566,0.206602;0.087618,0.956441,-0.0977637,-0.26074
0.90646,0.214767,0.211735;0.0894334,0.956188,-0.103727,-0.258742
0.906922,0.204969,0.21695;0.0912449,0.955893,-0.109685,-0.256732
0.907376,0.195176,0.222244;0.0930525,0.955558,-0.115639,-0.254711
0.907822,0.185396,0.227616;0.0948561,0.955181,-0.121588,-0.25268
0.908261,0.175632,0.233062;0.0966557,0.954764,-0.127531,-0.250637
0.908693,0.165892,0.23858;0.0984511,0.954306,-0.133469,-0.248584
0.909117,0.15618,0.244166;0.100242,0.953806,-0.139402,-0.24652
0.909534,0.146503,0.249818;0.102029,0.953266,-0.145328,-0.244446
0.909943,0.136866,0.255533;0.103812,0.952685,-0.151248,-0.242361
0.910346,0.127275,0.26131;0.10559,0.952063,-0.157162,-0.240265
0.910741,0.117735,0.267143;0.107363,0.9514,-0.163069,-0.238159
0.911129,0.108253,0.273032;0.109132,0.950696,-0.168969,-0.236043
0.91151,0.0988336,0.278974;0.110896,0.949952,-0.174862,-0.233917
0.911883,0.089483,0.284965;0.112656,0.949166,-0.180747,-0.231781
0.91225,0.0802068,0.291002;0.11441,0.94834,-0.186624,-0.229635
0.91261,0.0710107,0.297084;0.11616,0.947474,-0.192494,-0.227479
0.912962,0.0619003,0.303207;0.117905,0.946566,-0.198355,-0.225314
0.913308,0.0528815,0.309369;0.119645,0.945618,-0.204208,-0.223138
0.913647,0.0439598,0.315567;0.121379,0.94463,-0.210051,-0.220953
0.913979,0.0351411,0.321798;0.123108,0.9436,-0.215886,-0.218759
0.914304,0.026431,0.32806;0.124833,0.942531,-0.221712,-0.216555
0.914622,0.0178352,0.334349;0.126551,0.941421,-0.227528,-0.214342
0.914933,0.0093594,0.340663;0.128264,0.94027,-0.233334,-0.21212
0.915238,0.00100933,0.346999;0.129972,0.93908,-0.239131,-0.209889
0.915536,-0.00720932,0.353355;0.131674,0.937849,-0.244917,-0.207648
0.915828,-0.0152908,0.359727;0.133371,0.936577,-0.250692,-0.205399
0.916112,-0.0232295,0.366114;0.135062,0.935266,-0.256457,-0.203141
0.916391,-0.0310197,0.372511;0.136747,0.933914,-0.262211,-0.200874
0.916729,-0.0405399,0.38052;0.138845,0.932168,-0.269387,-0.198028
0.917058,-0.0498079,0.388537;0.140933,0.93036,-0.276546,-0.19517
0.917376,-0.0588126,0.396556;0.143013,0.928489,-0.283685,-0.192298
0.917684,-0.067543,0.404573;0.145082,0.926556,-0.290806,-0.189413
0.917983,-0.0759877,0.412581;0.147142,0.924561,-0.297907,-0.186515
0.918271,-0.0841358,0.420576;0.149192,0.922504,-0.304989,-0.183605
0.91855,-0.0919761,0.428553;0.151232,0.920384,-0.31205,-0.180683
0.918819,-0.0994974,0.436505;0.153262,0.918204,-0.319089,-0.177748
0.919078,-0.106689,0.444427;0.155282,0.915961,-0.326108,-0.174802
0.919328,-0.113539,0.452315;0.157291,0.913658,-0.333105,-0.171844
0.919569,-0.120036,0.460163;0.15929,0.911293,-0.340079,-0.168874
0.919845,-0.127352,0.469519;0.161674,0.908374,-0.348418,-0.165295
0.920107,-0.134126,0.478801;0.164043,0.905368,-0.356723,-0.161701
0.920356,-0.140338,0.487999;0.166396,0.902274,-0.364994,-0.158091
0.920592,-0.145968,0.497103;0.168733,0.899093,-0.37323,-0.154465
0.920815,-0.150998,0.506105;0.171053,0.895826,-0.38143,-0.150825
0.921059,-0.156081,0.516465;0.17374,0.891904,-0.39095,-0.14656
0.921286,-0.160291,0.526659;0.176403,0.887866,-0.400418,-0.142275
0.921495,-0.163596,0.536671;0.179044,0.88371,-0.409834,-0.137972
0.921687,-0.165965,0.546486;0.18166,0.879439,-0.419195,-0.13365
0.921886,-0.167489,0.557445;0.184622,0.874415,-0.429827,-0.12869
0.922063,-0.167706,0.568107;0.187552,0.869242,-0.440385,-0.123708
0.922219,-0.16657,0.578449;0.190449,0.86392,-0.450868,-0.118704
0.922354,-0.164036,0.58845;0.193314,0.858449,-0.461273,-0.11368
0.922468,-0.160058,0.598088;0.196146,0.852831,-0.471598,-0.108637
0.922562,-0.154591,0.607341;0.198944,0.847066,-0.481843,-0.103574
0.922635,-0.147588,0.616187;0.201707,0.841156,-0.492005,-0.0984945
0.922683,-0.140165,0.623577;0.204097,0.835866,-0.500828,-0.0940357
0.922716,-0.131502,0.630623;0.206461,0.830467,-0.509585,-0.0895645
0.922733,-0.123065,0.636379;0.208465,0.825752,-0.517038,-0.0857226
0.922738,-0.113676,0.641863;0.210448,0.820957,-0.52444,-0.0818725
0.922733,-0.103313,0.647065;0.212412,0.816083,-0.531792,-0.0780145
0.922721,-0.0939207,0.651179;0.214033,0.811961,-0.53788,-0.0747937
0.922702,-0.0838285,0.655086;0.215639,0.807785,-0.543931,-0.0715679
0.922675,-0.0730252,0.65878;0.217231,0.803554,-0.549946,-0.0683373
0.922642,-0.0614997,0.662257;0.218808,0.79927,-0.555924,-0.0651022
