0.784509,-0.230389,0.528146;0.894437,-0.00251991,0.211723,-0.393889
0.778865,-0.235652,0.535817;0.897795,-0.0132538,0.209629,-0.387097
0.773615,-0.240503,0.542972;0.900994,-0.0239854,0.207498,-0.380237
0.767976,-0.245653,0.550681;0.904524,-0.0365001,0.204965,-0.372148
0.762159,-0.250879,0.558666;0.908291,-0.0507916,0.202009,-0.362793
0.756393,-0.255935,0.566625;0.912188,-0.0668503,0.198609,-0.352134
0.750922,-0.260559,0.574237;0.916092,-0.0846617,0.194738,-0.340125
0.745609,-0.264768,0.581718;0.920182,-0.10598,0.189966,-0.325495
0.740072,-0.268457,0.589723;0.925094,-0.137811,0.182558,-0.30312
0.737751,-0.265004,0.594438;0.930917,-0.21632,0.162791,-0.245151
0.742125,-0.256952,0.589414;0.930316,-0.255664,0.15205,-0.214543
0.746724,-0.249656,0.583782;0.928621,-0.280971,0.14483,-0.194276
0.751301,-0.242742,0.578059;0.926525,-0.300995,0.138938,-0.177907
0.756141,-0.235614,0.571935;0.924027,-0.319162,0.133451,-0.16279
0.761034,-0.228513,0.565689;0.921279,-0.335514,0.128393,-0.148964
0.76581,-0.221644,0.559555;0.918419,-0.35009,0.123787,-0.136457
0.770911,-0.214346,0.552968;0.915193,-0.364526,0.119132,-0.123896
0.775697,-0.207516,0.54676;0.912019,-0.377237,0.114955,-0.11269
0.780702,-0.200382,0.540243;0.908558,-0.389829,0.110741,-0.101447
0.785908,-0.192959,0.53344;0.904812,-0.402298,0.106492,-0.090173
0.790612,-0.186239,0.527272;0.9013,-0.413105,0.102747,-0.0802846
0.795444,-0.179321,0.520918;0.897571,-0.423812,0.0989769,-0.0703769
0.800391,-0.172215,0.514393;0.893626,-0.434417,0.0951831,-0.0604522
0.805442,-0.164933,0.507714;0.889465,-0.444918,0.0913664,-0.050513
0.810583,-0.157485,0.500895;0.885091,-0.455311,0.0875277,-0.0405616
0.815803,-0.149881,0.493952;0.880503,-0.465595,0.0836678,-0.0306004
0.82033,-0.143249,0.487914;0.876401,-0.47432,0.0803434,-0.0220563
0.824899,-0.136517,0.481806;0.872144,-0.482962,0.0770046,-0.0135083
0.829501,-0.129693,0.475637;0.867733,-0.491518,0.0736523,-0.00495792
0.83413,-0.122783,0.469418;0.863169,-0.499987,0.0702869,0.00359335
0.838776,-0.115794,0.463157;0.858451,-0.508367,0.0669091,0.012144
0.843434,-0.108732,0.456865;0.853582,-0.516657,0.0635195,0.0206925
0.848094,-0.101606,0.450551;0.848562,-0.524856,0.0601185,0.0292373
0.852749,-0.0944205,0.444225;0.843391,-0.532963,0.056707,0.037777
0.857393,-0.0871834,0.437897;0.838071,-0.540974,0.0532854,0.0463099
0.862262,-0.079511,0.431239;0.834038,-0.547596,0.0469452,0.048116
0.86741,-0.0713045,0.424178;0.8304,-0.553819,0.0390074,0.0468972
0.87252,-0.0630534,0.417142;0.826664,-0.559977,0.031065,0.045673
0.877589,-0.0547632,0.41014;0.822833,-0.566071,0.023119,0.0444434
0.88261,-0.0464395,0.403179;0.818906,-0.572098,0.0151703,0.0432087
0.887579,-0.0380879,0.396266;0.814883,-0.578058,0.00721987,0.041969
0.89249,-0.029714,0.389411;0.810766,-0.583952,-0.000731419,0.0407243
0.897338,-0.0213234,0.382619;0.806554,-0.589777,-0.00868263,0.0394749
0.902117,-0.0129217,0.375899;0.802248,-0.595533,-0.0166328,0.038221
0.906824,-0.00451433,0.369259;0.797849,-0.601221,-0.0245811,0.0369625
0.911451,0.003893,0.362706;0.793357,-0.606838,-0.0325265,0.0356998
0.915995,0.0122947,0.356248;0.788773,-0.612384,-0.0404681,0.0344329
0.92045,0.0206853,0.349892;0.784096,-0.61786,-0.048405,0.033162
0.92481,0.0290591,0.343646;0.779328,-0.623263,-0.0563362,0.0318872
0.92907,0.0374105,0.337519;0.77447,-0.628593,-0.0642609,0.0306088
0.933226,0.045734,0.331517;0.769521,-0.633851,-0.0721781,0.0293267
0.937271,0.054024,0.325648;0.764483,-0.639035,-0.0800869,0.0280413
0.941201,0.062275,0.31992;0.759356,-0.644144,-0.0879864,0.0267525
0.94501,0.0704812,0.31434;0.75414,-0.649178,-0.0958757,0.0254607
0.948693,0.0786372,0.308917;0.748837,-0.654137,-0.103754,0.0241659
0.952245,0.0867374,0.303657;0.743446,-0.659019,-0.11162,0.0228683
0.955661,0.0947761,0.29857;0.737969,-0.663825,-0.119473,0.021568
0.959467,0.10407,0.292861;0.73147,-0.669334,-0.128617,0.0200478
0.963071,0.113263,0.287408;0.724855,-0.674737,-0.137741,0.0185245
0.966466,0.122347,0.282224;0.718126,-0.680032,-0.146843,0.0169982
0.969643,0.131314,0.277321;0.711282,-0.68522,-0.155921,0.0154693
0.972595,0.140154,0.27271;0.704326,-0.6903,-0.164975,0.0139378
0.975311,0.148859,0.268403;0.697258,-0.69527,-0.174003,0.0124042
0.978118,0.158629,0.263871;0.689045,-0.700815,-0.184287,0.0106491
0.980596,0.168198,0.259771;0.68069,-0.706215,-0.194532,0.00889179
0.982731,0.177552,0.256121;0.672193,-0.711469,-0.204737,0.00713264
0.98471,0.187802,0.252577;0.662469,-0.717203,-0.216167,0.00515184
0.986222,0.197744,0.249651;0.652571,-0.722749,-0.227541,0.00316969
0.987333,0.208406,0.247158;0.641372,-0.72869,-0.240108,0.000966352
0.987824,0.21864,0.245497;0.629966,-0.734395,-0.252598,-0.0012373
0.987616,0.22937,0.244672;0.617184,-0.740396,-0.266241,-0.00366083
0.986594,0.239516,0.244945;0.604161,-0.746107,-0.279781,-0.00608292
0.984512,0.249877,0.246548;0.589684,-0.752004,-0.294426,-0.00872245
0.981382,0.259456,0.249574;0.574933,-0.75755,-0.308935,-0.0113579
0.977161,0.268209,0.254084;0.559913,-0.762744,-0.323299,-0.0139881
0.972267,0.275515,0.259607;0.548015,-0.768626,-0.329834,-0.0101908
0.966564,0.281983,0.266254;0.53754,-0.77508,-0.332105,-0.00261719
0.96091,0.287094,0.272969;0.528281,-0.780592,-0.334035,0.0040102
0.954698,0.291722,0.280438;0.518935,-0.785976,-0.335909,0.0106369
0.947984,0.295892,0.288581;0.509504,-0.791231,-0.337729,0.0172619
0.941874,0.299122,0.296035;0.501354,-0.795633,-0.339244,0.0229383
0.935472,0.302051,0.303874;0.493144,-0.799938,-0.340719,0.0286119
0.928816,0.304695,0.312045;0.484874,-0.804148,-0.342153,0.034282
0.92194,0.307071,0.3205;0.476546,-0.80826,-0.343545,0.039948
0.914882,0.309194,0.329185;0.46816,-0.812276,-0.344897,0.0456093
0.907677,0.311081,0.338052;0.459719,-0.816193,-0.346206,0.051265
0.90036,0.312749,0.347047;0.451222,-0.820013,-0.347475,0.0569146
0.892969,0.314214,0.356122;0.44267,-0.823734,-0.348701,0.0625573
0.885538,0.315492,0.365224;0.434066,-0.827355,-0.349885,0.0681925
0.878104,0.316599,0.374303;0.425409,-0.830878,-0.351028,0.0738195
0.870702,0.317551,0.383307;0.416701,-0.8343,-0.352128,0.0794376
0.863369,0.318366,0.392187;0.407943,-0.837622,-0.353185,0.0850461
0.85614,0.319059,0.40089;0.399135,-0.840843,-0.3542,0.0906444
0.849052,0.319646,0.409366;0.39028,-0.843963,-0.355173,0.0962318
0.84214,0.320144,0.417565;0.381378,-0.846981,-0.356103,0.101808
0.835441,0.320569,0.425434;0.37243,-0.849897,-0.35699,0.107371
0.827941,0.320994,0.434131;0.361934,-0.853171,-0.35797,0.113846
0.820835,0.321368,0.44223;0.351379,-0.856304,-0.358892,0.120302
0.813272,0.321766,0.45065;0.339245,-0.859714,-0.359874,0.127655
0.806384,0.322169,0.458062;0.327039,-0.862939,-0.360779,0.134982
0.798853,0.322739,0.465727;0.311683,-0.866712,-0.361801,0.1441
0.791113,0.323708,0.472667;0.291566,-0.871182,-0.362949,0.15588
0.783941,0.327219,0.474038;0.249271,-0.878893,-0.364678,0.180058
0.786714,0.330967,0.464299;0.250912,-0.878636,-0.364628,0.179134
0.791047,0.333731,0.454707;0.266645,-0.875998,-0.364078,0.170221
0.795793,0.336134,0.445278;0.279166,-0.873677,-0.363551,0.16305
0.800789,0.33832,0.435912;0.290074,-0.871493,-0.363026,0.156746
0.805641,0.340218,0.427159;0.299386,-0.869507,-0.362528,0.151323
0.810973,0.342111,0.417822;0.308662,-0.867417,-0.361987,0.145881
0.816741,0.34397,0.407982;0.3179,-0.865222,-0.361402,0.140422
0.821848,0.345472,0.399458;0.32557,-0.863314,-0.360882,0.135859
0.827201,0.346914,0.390689;0.333212,-0.861333,-0.360331,0.131286
0.832775,0.34828,0.381722;0.340827,-0.859281,-0.359751,0.126701
0.838543,0.349554,0.372604;0.348413,-0.857156,-0.35914,0.122106
0.84448,0.350719,0.363383;0.35597,-0.85496,-0.358499,0.1175
0.850562,0.351759,0.354105;0.363497,-0.852693,-0.357828,0.112885
0.856761,0.352657,0.344818;0.370994,-0.850354,-0.357128,0.10826
0.863052,0.353397,0.335569;0.37846,-0.847945,-0.356397,0.103626
0.86941,0.353964,0.326405;0.385894,-0.845464,-0.355637,0.098984
0.875809,0.354339,0.317373;0.393296,-0.842913,-0.354847,0.0943333
0.882224,0.354508,0.30852;0.400666,-0.840292,-0.354028,0.0896747
0.888628,0.354454,0.299894;0.408001,-0.8376,-0.353178,0.0850086
0.894997,0.35416,0.291542;0.415303,-0.834838,-0.3523,0.0803355
0.901304,0.35361,0.28351;0.42257,-0.832007,-0.351392,0.0756556
0.908755,0.35259,0.274362;0.431244,-0.828517,-0.350263,0.0700314
0.916037,0.35115,0.265825;0.439865,-0.824928,-0.349092,0.0643989
0.923105,0.34926,0.257981;0.448434,-0.821239,-0.34788,0.0587585
0.929915,0.346895,0.250911;0.456949,-0.817452,-0.346625,0.0531111
0.937475,0.343495,0.24375;0.466814,-0.812909,-0.345109,0.0465145
0.944553,0.339362,0.237883;0.476602,-0.808233,-0.343536,0.0399102
0.951961,0.333686,0.232929;0.487692,-0.802727,-0.34167,0.0323545
0.959303,0.326003,0.229819;0.500044,-0.796328,-0.339483,0.0238461
0.96545,0.316857,0.229581;0.512261,-0.789713,-0.337204,0.0153313
0.969789,0.30742,0.232003;0.523004,-0.783654,-0.335102,0.00775908
0.972633,0.298099,0.236315;0.532313,-0.778214,-0.333203,0.00113194
0.974305,0.289284,0.241742;0.540222,-0.77345,-0.331533,-0.00454867
0.975225,0.279678,0.248853;0.548067,-0.768593,-0.329822,-0.0102287
0.975386,0.271118,0.25606;0.554502,-0.764508,-0.328378,-0.0149232
0.975102,0.263695,0.262873;0.553427,-0.767862,-0.322012,-0.0203625
0.974461,0.255914,0.270473;0.552308,-0.771152,-0.315619,-0.0258001
0.973488,0.247802,0.278812;0.551142,-0.774378,-0.309201,-0.0312356
0.972208,0.239387,0.287841;0.549931,-0.777541,-0.302756,-0.0366685
0.970979,0.232454,0.295526;0.54893,-0.780025,-0.297583,-0.0410127
0.969581,0.22536,0.303595;0.5479,-0.782467,-0.292393,-0.0453547
0.968027,0.218117,0.312023;0.54684,-0.784869,-0.287189,-0.0496943
0.96633,0.21074,0.320784;0.545752,-0.787229,-0.281969,-0.0540313
0.964502,0.203242,0.329852;0.544635,-0.789547,-0.276734,-0.0583654
0.962556,0.195638,0.339203;0.543489,-0.791824,-0.271485,-0.0626964
0.960504,0.187942,0.34881;0.542315,-0.794058,-0.266221,-0.0670242
0.958359,0.180168,0.358649;0.541112,-0.796251,-0.260943,-0.0713484
0.956133,0.17233,0.368693;0.53988,-0.798402,-0.255652,-0.0756688
0.953839,0.164442,0.378918;0.53862,-0.800511,-0.250347,-0.0799852
0.951489,0.156518,0.389298;0.537331,-0.802577,-0.245029,-0.0842974
0.949698,0.15056,0.39717;0.536346,-0.804099,-0.241031,-0.0875287
0.947888,0.144596,0.405104;0.535345,-0.805597,-0.237027,-0.0907573
0.946065,0.138631,0.413089;0.534328,-0.807071,-0.233016,-0.0939833
0.944233,0.132672,0.421115;0.533295,-0.808522,-0.228997,-0.0972064
0.942398,0.126724,0.429172;0.532247,-0.809948,-0.224972,-0.100427
0.940565,0.120794,0.437247;0.531182,-0.81135,-0.220941,-0.103644
0.93874,0.114886,0.445331;0.530102,-0.812728,-0.216902,-0.106858
0.936928,0.109009,0.453413;0.529006,-0.814082,-0.212857,-0.110069
0.935134,0.103166,0.461483;0.527894,-0.815411,-0.208806,-0.113277
0.933364,0.0973641,0.469528;0.526767,-0.816717,-0.204749,-0.116481
0.931622,0.0916096,0.47754;0.525624,-0.817998,-0.200686,-0.119682
0.929353,0.0840202,0.48815;0.524076,-0.819669,-0.195258,-0.123945
0.927158,0.0765391,0.498655;0.5225,-0.821296,-0.189821,-0.128201
0.925048,0.0691802,0.509029;0.520896,-0.82288,-0.184374,-0.13245
0.923037,0.0619578,0.519247;0.519265,-0.82442,-0.178916,-0.136692
0.921136,0.0548857,0.529283;0.517606,-0.825917,-0.17345,-0.140927
0.919359,0.0479781,0.539112;0.515921,-0.82737,-0.167974,-0.145154
0.917717,0.0412491,0.548709;0.514208,-0.828779,-0.162489,-0.149374
0.916224,0.0347127,0.558048;0.512467,-0.830145,-0.156996,-0.153586
0.914892,0.0283829,0.567103;0.5107,-0.831467,-0.151494,-0.157789
0.913733,0.0222738,0.57585;0.508906,-0.832745,-0.145985,-0.161985
0.912761,0.0163996,0.584263;0.507085,-0.833979,-0.140468,-0.166172
0.911826,0.00940837,0.59427;0.50477,-0.83546,-0.133561,-0.171393
0.911226,0.00283344,0.603666;0.502415,-0.836871,-0.126643,-0.1766
0.910985,-0.00329773,0.612401;0.500017,-0.838214,-0.119714,-0.181792
0.911205,-0.0100307,0.621941;0.497086,-0.839734,-0.111387,-0.188003
0.912021,-0.0160377,0.630372;0.494096,-0.841154,-0.103047,-0.194192
0.913781,-0.0220649,0.638691;0.490534,-0.842684,-0.0933009,-0.201383
0.917427,-0.0281459,0.646779;0.485836,-0.844451,-0.0807486,-0.210581
0.924191,-0.032812,0.652284;0.479919,-0.846305,-0.0653779,-0.221746
0.934754,-0.0341086,0.652213;0.473246,-0.847941,-0.0485804,-0.233824
0.943804,-0.0325921,0.648313;0.468672,-0.848808,-0.0373687,-0.241815
0.953133,-0.0295988,0.642185;0.464588,-0.84942,-0.0275519,-0.248766
0.960641,-0.0264647,0.636177;0.461625,-0.849773,-0.0205371,-0.253706
0.968882,-0.0224693,0.628754;0.458624,-0.850056,-0.0135206,-0.258625
0.976018,-0.0186345,0.621763;0.456196,-0.850231,-0.00790653,-0.262545
0.983651,-0.0142168,0.613809;0.453744,-0.850362,-0.00229208,-0.266451
0.991793,-0.00920233,0.604866;0.451267,-0.850448,0.0033225,-0.270343
0.998241,-0.00504128,0.597495;0.449395,-0.850483,0.00753333,-0.273252
1.00499,-0.00053065,0.589543;0.447509,-0.850492,0.0117439,-0.276154
1.01204,0.0043355,0.580999;0.445609,-0.850477,0.0159542,-0.279047
1.0194,0.00956311,0.571852;0.443697,-0.850436,0.020164,-0.281932
1.02708,0.0151581,0.562093;0.441771,-0.85037,0.0243732,-0.284809
1.03507,0.0211264,0.551709;0.439832,-0.850278,0.0285816,-0.287677
1.04058,0.0253156,0.544435;0.438532,-0.850203,0.0313868,-0.289584
1.04624,0.0296751,0.536876;0.437226,-0.850117,0.0341916,-0.291488
1.05204,0.0342067,0.529028;0.435915,-0.85002,0.0369959,-0.293387
