0.862069,0.25759,0.493851;-0.182146,0.934646,0.165807,-0.256452
0.859685,0.247457,0.495565;-0.183695,0.935169,0.162562,-0.255517
0.857324,0.237404,0.497265;-0.18524,0.935679,0.159315,-0.254578
0.854987,0.22743,0.498952;-0.186783,0.936175,0.156067,-0.253636
0.852672,0.217536,0.500625;-0.188324,0.936659,0.152815,-0.25269
0.850381,0.207721,0.502285;-0.189862,0.937129,0.149562,-0.251741
0.848112,0.197984,0.503931;-0.191397,0.937586,0.146307,-0.250788
0.845866,0.188327,0.505564;-0.19293,0.93803,0.143049,-0.249831
0.84254,0.173987,0.507989;-0.195223,0.93867,0.138159,-0.24839
0.839265,0.159822,0.510384;-0.197511,0.939282,0.133265,-0.246941
0.83604,0.145833,0.512749;-0.199792,0.939863,0.128367,-0.245484
0.832866,0.132016,0.515085;-0.202067,0.940415,0.123464,-0.244019
0.829742,0.118373,0.517392;-0.204335,0.940937,0.118558,-0.242547
0.826667,0.104901,0.519669;-0.206597,0.941429,0.113647,-0.241067
0.823642,0.0916009,0.521917;-0.208853,0.941892,0.108733,-0.239579
0.820666,0.0784707,0.524137;-0.211102,0.942324,0.103816,-0.238083
0.81774,0.0655099,0.526328;-0.213344,0.942727,0.0988956,-0.23658
0.814862,0.0527176,0.52849;-0.215579,0.9431,0.0939719,-0.23507
0.812032,0.040093,0.530623;-0.217808,0.943443,0.0890453,-0.233552
0.80925,0.0276351,0.532729;-0.22003,0.943756,0.0841158,-0.232027
0.806516,0.0153432,0.534806;-0.222244,0.944039,0.0791836,-0.230494
0.80383,0.0032164,0.536855;-0.224452,0.944292,0.074249,-0.228954
0.801191,-0.00874619,0.538877;-0.226653,0.944516,0.069312,-0.227407
0.798599,-0.0205454,0.540871;-0.228846,0.94471,0.0643728,-0.225853
0.796054,-0.0321821,0.542837;-0.231032,0.944873,0.0594315,-0.224291
0.793556,-0.0436572,0.544776;-0.233211,0.945007,0.0544884,-0.222723
0.791103,-0.0549715,0.546687;-0.235383,0.945111,0.0495436,-0.221147
0.788696,-0.0661258,0.548572;-0.237547,0.945185,0.0445972,-0.219564
0.786335,-0.0771211,0.550429;-0.239703,0.945229,0.0396493,-0.217975
0.78402,-0.0879582,0.55226;-0.241852,0.945243,0.0347003,-0.216378
0.781749,-0.0986379,0.554064;-0.243993,0.945227,0.0297501,-0.214775
0.779524,-0.109161,0.555841;-0.246127,0.945181,0.024799,-0.213165
0.777342,-0.119529,0.557592;-0.248253,0.945105,0.019847,-0.211548
0.775205,-0.129741,0.559317;-0.25037,0.945,0.0148945,-0.209924
0.773112,-0.1398,0.561016;-0.25248,0.944864,0.0099415,-0.208294
0.771063,-0.149706,0.562688;-0.254582,0.944699,0.00498818,-0.206657
0.769057,-0.15946,0.564335;-0.256676,0.944503,3.46986e-05,-0.205014
0.76645,-0.172229,0.566492;-0.259456,0.944196,-0.00656992,-0.202813
0.763919,-0.184731,0.568602;-0.26222,0.943836,-0.0131742,-0.2006
0.761463,-0.196969,0.570669;-0.26497,0.943423,-0.0197777,-0.198376
0.759081,-0.208943,0.57269;-0.267705,0.942956,-0.0263801,-0.196141
0.756774,-0.220657,0.574667;-0.270425,0.942437,-0.032981,-0.193895
0.754541,-0.232111,0.576601;-0.27313,0.941864,-0.03958,-0.191638
0.75238,-0.243309,0.578491;-0.275819,0.941239,-0.0461768,-0.18937
0.750291,-0.254252,0.580337;-0.278493,0.94056,-0.0527711,-0.187091
0.748273,-0.264942,0.582141;-0.281151,0.939829,-0.0593623,-0.184802
0.746327,-0.275381,0.583903;-0.283793,0.939045,-0.0659502,-0.182503
0.74445,-0.285572,0.585622;-0.286419,0.938208,-0.0725344,-0.180193
0.742643,-0.295516,0.5873;-0.289029,0.937318,-0.0791145,-0.177873
0.740482,-0.307602,0.589339;-0.292269,0.936131,-0.0873334,-0.174959
0.738426,-0.31931,0.591314;-0.295483,0.934862,-0.0955445,-0.17203
0.736475,-0.330643,0.593225;-0.298671,0.933511,-0.103747,-0.169085
0.734628,-0.341606,0.595074;-0.301833,0.932077,-0.111941,-0.166126
0.732884,-0.352203,0.596861;-0.304969,0.930562,-0.120125,-0.163152
0.731241,-0.362437,0.598586;-0.308077,0.928965,-0.128298,-0.160164
0.729697,-0.372313,0.600251;-0.311159,0.927286,-0.13646,-0.157161
0.727975,-0.383696,0.60217;-0.31482,0.925164,-0.146238,-0.15354
0.726393,-0.394576,0.604004;-0.318442,0.922924,-0.155998,-0.1499
0.724948,-0.404959,0.605754;-0.322023,0.920568,-0.165738,-0.146241
0.723639,-0.414853,0.607421;-0.325564,0.918095,-0.175458,-0.142563
0.722279,-0.425785,0.609263;-0.329642,0.915063,-0.186768,-0.138249
0.721097,-0.43607,0.610995;-0.333664,0.911874,-0.198047,-0.133911
0.71996,-0.447048,0.612844;-0.33819,0.908036,-0.210895,-0.128926
0.719045,-0.457211,0.614555;-0.342639,0.903994,-0.223695,-0.123911
0.718274,-0.467693,0.616319;-0.347553,0.899203,-0.238036,-0.118237
0.717732,-0.478183,0.618085;-0.352896,0.89358,-0.25389,-0.111892
0.717503,-0.488353,0.619796;-0.35863,0.887031,-0.271225,-0.104868
0.717714,-0.498581,0.621516;-0.36521,0.878805,-0.291564,-0.0965088
0.718655,-0.508602,0.623201;-0.37301,0.867964,-0.316357,-0.0861427
0.721247,-0.518292,0.624828;-0.383632,0.851014,-0.351491,-0.071108
0.729135,-0.522883,0.625598;-0.400784,0.816893,-0.412459,-0.0439971
0.737218,-0.517009,0.624613;-0.411839,0.788855,-0.455545,-0.0239859
0.743536,-0.50924,0.623311;-0.418487,0.76877,-0.483477,-0.0105991
0.749061,-0.501006,0.621933;-0.423382,0.751921,-0.505334,0.00012205
0.754203,-0.492442,0.620501;-0.427352,0.736623,-0.524086,0.00950328
0.759209,-0.483432,0.618995;-0.430775,0.721963,-0.541176,0.0182087
0.764007,-0.474275,0.617466;-0.433707,0.708049,-0.556665,0.026235
0.768539,-0.465219,0.615955;-0.436202,0.69498,-0.570617,0.0335808
0.773186,-0.455574,0.614346;-0.438511,0.681614,-0.584325,0.0409124
0.777498,-0.446331,0.612806;-0.440449,0.669212,-0.596572,0.0475624
0.781883,-0.436667,0.611196;-0.442232,0.656574,-0.608609,0.0541957
0.786331,-0.426616,0.609524;-0.443858,0.643706,-0.620431,0.0608099
0.790379,-0.417264,0.607968;-0.445189,0.63193,-0.630885,0.0667445
0.794462,-0.407646,0.60637;-0.446393,0.619974,-0.641159,0.07266
0.798474,-0.398026,0.604773;-0.455426,0.611443,-0.642835,0.0740708
0.802255,-0.388809,0.603243;-0.46907,0.60548,-0.638836,0.0725005
0.806052,-0.379411,0.601685;-0.482601,0.599371,-0.634683,0.0709129
0.809862,-0.369843,0.600099;-0.496016,0.593119,-0.630377,0.0693082
0.813681,-0.360115,0.598487;-0.509312,0.586723,-0.62592,0.0676868
0.817507,-0.350235,0.59685;-0.522485,0.580187,-0.621313,0.0660492
0.821336,-0.340214,0.59519;-0.535533,0.573512,-0.616556,0.0643958
0.825165,-0.33006,0.593509;-0.548453,0.566698,-0.611652,0.0627268
0.828992,-0.319784,0.591808;-0.56124,0.559749,-0.6066,0.0610428
0.832812,-0.309395,0.590088;-0.573893,0.552665,-0.601403,0.0593442
0.836624,-0.298902,0.588351;-0.586408,0.545449,-0.596061,0.0576313
0.840424,-0.288314,0.586599;-0.598783,0.538101,-0.590577,0.0559045
0.843736,-0.278981,0.585054;-0.609492,0.531566,-0.585661,0.0543826
0.847035,-0.269589,0.583498;-0.62009,0.524933,-0.580638,0.0528507
0.850318,-0.260145,0.581935;-0.630573,0.518204,-0.575508,0.051309
0.853584,-0.250655,0.580363;-0.640941,0.511379,-0.570272,0.0497579
0.856829,-0.241126,0.578784;-0.651191,0.504461,-0.564931,0.0481977
0.860053,-0.231564,0.5772;-0.661321,0.497449,-0.559487,0.0466286
0.863253,-0.221975,0.57561;-0.671329,0.490346,-0.553939,0.0450509
0.866427,-0.212366,0.574017;-0.681214,0.483153,-0.54829,0.0434649
0.869574,-0.202743,0.572421;-0.690973,0.475871,-0.54254,0.041871
0.87269,-0.193113,0.570823;-0.700606,0.468502,-0.53669,0.0402693
0.875774,-0.183481,0.569224;-0.71011,0.461046,-0.530741,0.0386603
0.878824,-0.173855,0.567625;-0.719483,0.453506,-0.524695,0.0370441
0.881837,-0.16424,0.566027;-0.728724,0.445882,-0.518552,0.0354212
0.884813,-0.154644,0.564431;-0.737831,0.438176,-0.512314,0.0337917
0.887748,-0.145071,0.562838;-0.746802,0.43039,-0.505982,0.032156
0.890641,-0.13553,0.561249;-0.755636,0.422524,-0.499557,0.0305143
0.893489,-0.126025,0.559665;-0.764331,0.414581,-0.493039,0.0288671
0.896687,-0.115217,0.557862;-0.774096,0.40541,-0.48548,0.0269781
0.899822,-0.104474,0.556069;-0.783674,0.396141,-0.477805,0.0250826
0.902889,-0.0938074,0.554286;-0.793065,0.386778,-0.470014,0.0231811
0.905887,-0.0832259,0.552516;-0.802265,0.377321,-0.462111,0.021274
0.908812,-0.0727393,0.55076;-0.811273,0.367774,-0.454096,0.0193618
0.91166,-0.0623569,0.549018;-0.820086,0.358138,-0.445973,0.0174449
0.91443,-0.0520883,0.547294;-0.828702,0.348417,-0.437742,0.0155238
0.917117,-0.041943,0.545587;-0.837118,0.338611,-0.429407,0.0135991
0.91972,-0.0319305,0.543901;-0.845334,0.328725,-0.420968,0.011671
0.922234,-0.0220603,0.542235;-0.853347,0.318759,-0.412428,0.00974018
0.924656,-0.0123419,0.540592;-0.861154,0.308717,-0.403789,0.007807
0.927268,-0.00160204,0.538773;-0.869691,0.297331,-0.393955,0.00562995
0.929757,0.00892013,0.536986;-0.877963,0.285855,-0.384,0.00345119
0.932117,0.0192111,0.535234;-0.885968,0.274292,-0.373929,0.00127138
0.934344,0.0292572,0.533519;-0.893704,0.262646,-0.363744,-0.00090882
0.936435,0.0390451,0.531843;-0.901168,0.250919,-0.353449,-0.00308874
0.938591,0.049601,0.530029;-0.90914,0.237801,-0.341884,-0.00550975
0.940568,0.0598028,0.528268;-0.916771,0.224593,-0.330191,-0.00792868
0.942357,0.0696319,0.526564;-0.924058,0.211301,-0.318373,-0.0103446
0.944103,0.0799911,0.524758;-0.931673,0.196588,-0.305236,-0.0129977
0.945609,0.0898522,0.523028;-0.938865,0.181786,-0.291961,-0.0156448
0.946967,0.100013,0.521231;-0.946225,0.165545,-0.277328,-0.0185245
0.948091,0.11028,0.519397;-0.95362,0.147849,-0.261306,-0.0216327
0.948885,0.120432,0.51756;-0.960908,0.128688,-0.243867,-0.0249647
0.949242,0.13082,0.515646;-0.968372,0.106674,-0.223718,-0.02875
0.948912,0.140867,0.513742;-0.975656,0.0817875,-0.200794,-0.0329753
0.947407,0.150639,0.5118;-0.982948,0.0512382,-0.172447,-0.0380847
0.943115,0.159364,0.509835;-0.99019,0.0080465,-0.131985,-0.0451646
0.933892,0.161552,0.508706;-0.97393,0.089713,-0.196404,-0.0695495
0.924573,0.157287,0.508788;-0.953183,0.153153,-0.245588,-0.0875954
0.916382,0.151153,0.50932;-0.932911,0.200453,-0.281651,-0.100839
0.908707,0.144147,0.510067;-0.912469,0.240345,-0.311643,-0.111862
0.901573,0.136844,0.51092;-0.892312,0.274657,-0.337115,-0.121231
0.894836,0.1294,0.51184;-0.872289,0.305154,-0.359488,-0.129465
0.888249,0.121699,0.51283;-0.851791,0.333513,-0.380055,-0.137039
0.881883,0.113918,0.513862;-0.831098,0.359775,-0.398885,-0.143978
0.875409,0.105709,0.51498;-0.809141,0.385489,-0.417108,-0.150698
0.869246,0.0976496,0.516102;-0.787351,0.409157,-0.433681,-0.156814
0.863045,0.0893225,0.517285;-0.7645,0.432273,-0.449669,-0.162719
0.856833,0.0807815,0.518523;-0.74062,0.454807,-0.465051,-0.168404
0.851023,0.072628,0.519727;-0.717326,0.475376,-0.478904,-0.173528
0.845251,0.0643784,0.520967;-0.693182,0.495383,-0.492189,-0.178447
0.839539,0.0560771,0.522238;-0.668218,0.514804,-0.504892,-0.183154
0.833909,0.0477686,0.523533;-0.642463,0.533615,-0.516998,-0.187645
0.828385,0.0394973,0.524846;-0.615947,0.551794,-0.528491,-0.191913
0.822634,0.0307658,0.526262;-0.58686,0.570465,-0.54006,-0.196216
0.817057,0.0221812,0.527686;-0.556983,0.588367,-0.550902,-0.200254
0.811682,0.0137975,0.529111;-0.526355,0.605477,-0.561002,-0.204023
0.806221,0.00517016,0.530618;-0.493038,0.622762,-0.570904,-0.207725
0.800757,-0.00357914,0.532197;-0.456944,0.640031,-0.580443,-0.211301
0.795388,-0.012301,0.533836;-0.418002,0.657075,-0.589438,-0.214685
0.790227,-0.0208147,0.535515;-0.376154,0.673667,-0.597697,-0.217807
0.784984,-0.0296246,0.537372;-0.327055,0.690994,-0.605638,-0.220829
0.780047,-0.0381273,0.539351;-0.270463,0.708262,-0.612585,-0.223506
0.775262,-0.0467389,0.541763;-0.1928,0.727521,-0.618492,-0.225852
0.77438,-0.0506057,0.546059;0.00453671,0.754892,-0.615894,-0.22537
0.780189,-0.0421789,0.547007;0.0953334,0.748781,-0.609081,-0.24343
0.785788,-0.0336485,0.547243;0.151389,0.739733,-0.602668,-0.258201
0.791287,-0.0251519,0.547247;0.196289,0.730541,-0.595955,-0.269477
0.796941,-0.0163585,0.547114;0.236531,0.720794,-0.588714,-0.279151
0.802494,-0.00769103,0.546893;0.272166,0.710935,-0.581306,-0.287368
0.808105,0.00108471,0.546599;0.305335,0.700689,-0.573543,-0.29471
0.813672,0.00979807,0.546252;0.336067,0.690243,-0.565577,-0.301241
0.819109,0.0183073,0.545869;0.364399,0.679771,-0.557551,-0.307021
0.824752,0.0271361,0.545432;0.392362,0.668612,-0.548961,-0.312491
0.830156,0.0355831,0.544979;0.417974,0.657646,-0.540488,-0.317288
0.835698,0.0442341,0.544483;0.443222,0.646106,-0.531545,-0.321809
0.841359,0.053055,0.543947;0.468084,0.634004,-0.522138,-0.326049
0.847118,0.0620111,0.543372;0.492538,0.62135,-0.512277,-0.330005
0.852957,0.0710681,0.542761;0.516563,0.608154,-0.501969,-0.333674
0.858399,0.0794881,0.542167;0.538341,0.595503,-0.492066,-0.336802
0.863877,0.0879378,0.541545;0.55972,0.58241,-0.481798,-0.339681
0.869375,0.0963898,0.540897;0.580683,0.568885,-0.471172,-0.342307
0.874878,0.104817,0.540224;0.601215,0.554938,-0.460196,-0.34468
0.880369,0.113193,0.53953;0.621301,0.540578,-0.448879,-0.346797
0.886289,0.122177,0.538753;0.64254,0.52457,-0.436243,-0.348799
0.892158,0.131034,0.537955;0.663219,0.508104,-0.423228,-0.350498
0.897957,0.13973,0.537136;0.683321,0.491197,-0.409843,-0.351891
0.903666,0.14823,0.536299;0.702827,0.473861,-0.396102,-0.352978
0.909267,0.1565,0.535445;0.721721,0.456112,-0.382015,-0.353758
0.915154,0.16511,0.534511;0.741365,0.436555,-0.366473,-0.354252
0.920867,0.173369,0.533562;0.760261,0.416556,-0.350561,-0.354389
0.926768,0.181782,0.532534;0.779653,0.394663,-0.33312,-0.354139
0.932778,0.190198,0.531428;0.79934,0.370806,-0.314091,-0.353419
0.938802,0.198441,0.530244;0.819103,0.344923,-0.293419,-0.352143
0.94504,0.206707,0.528918;0.839745,0.315388,-0.269799,-0.350097
0.951258,0.214556,0.527457;0.860741,0.282064,-0.243111,-0.347077
0.95785,0.222191,0.525666;0.88402,0.239927,-0.20931,-0.342247
0.965122,0.228752,0.523051;0.913144,0.1752,-0.157278,-0.332772
0.96889,0.223875,0.518914;0.946375,0.0610867,-0.0652468,-0.310461
0.966415,0.21404,0.517269;0.954198,0.00937488,-0.0234217,-0.29811
0.963161,0.204549,0.516263;0.956957,-0.0251386,0.00453404,-0.289104
0.95959,0.195198,0.515519;0.958186,-0.0525785,0.0258876,-0.280079
0.955841,0.185935,0.514924;0.959798,-0.0758037,0.0408546,-0.267156
0.951843,0.176415,0.514404;0.960491,-0.09718,0.0546368,-0.255006
0.947756,0.166929,0.513948;0.960455,-0.116707,0.0672325,-0.243689
0.943713,0.157722,0.513547;0.959866,-0.134392,0.0786444,-0.23326
0.939378,0.148,0.513158;0.958747,-0.152003,0.0900129,-0.222703
0.935243,0.138841,0.512815;0.957287,-0.167781,0.100202,-0.213095
0.930902,0.129325,0.512476;0.9554,-0.183485,0.110347,-0.203393
0.92637,0.119481,0.512141;0.953084,-0.199106,0.120442,-0.193599
0.921661,0.109338,0.511806;0.950343,-0.214638,0.130483,-0.183719
0.917337,0.100093,0.511508;0.94755,-0.228364,0.13936,-0.174868
0.912895,0.0906543,0.511208;0.944421,-0.242009,0.148188,-0.165954
0.908345,0.0810417,0.510904;0.940959,-0.255569,0.156963,-0.156983
0.903697,0.0712754,0.510596;0.937164,-0.269038,0.165682,-0.147955
0.89896,0.0613757,0.510282;0.933039,-0.282412,0.174344,-0.138876
0.894145,0.0513626,0.50996;0.928583,-0.295687,0.182943,-0.129747
0.889262,0.0412564,0.50963;0.9238,-0.308857,0.191478,-0.120572
0.884321,0.031077,0.509289;0.91869,-0.321918,0.199945,-0.111355
0.879333,0.0208448,0.508937;0.913255,-0.334865,0.208342,-0.102099
0.874937,0.011864,0.508619;0.908235,-0.346097,0.215629,-0.0939696
0.870518,0.0028717,0.50829;0.902969,-0.357235,0.222857,-0.085815
0.866085,-0.00611873,0.507949;0.897459,-0.368277,0.230025,-0.0776373
0.861642,-0.0150938,0.507596;0.891706,-0.379219,0.237131,-0.0694385
0.856564,-0.0253147,0.507176;0.884836,-0.391598,0.245173,-0.0600456
0.851493,-0.0354778,0.506737;0.877654,-0.403839,0.253129,-0.0506315
0.846441,-0.0455628,0.506279;0.870161,-0.415937,0.260995,-0.0411995
0.841416,-0.0555496,0.505798;0.862361,-0.427888,0.268769,-0.0317529
0.836429,-0.0654181,0.505295;0.854256,-0.439689,0.276449,-0.0222951
0.831491,-0.0751481,0.504768;0.845849,-0.451333,0.28403,-0.0128294
0.826611,-0.0847194,0.504216;0.837143,-0.462818,0.291511,-0.00335923
0.821799,-0.0941119,0.503637;0.828142,-0.47414,0.298889,0.00611216
0.817066,-0.103305,0.503029;0.818848,-0.485294,0.306161,0.0155814
0.812422,-0.11228,0.502392;0.809264,-0.496277,0.313326,0.0250451
0.807316,-0.122089,0.501639;0.798141,-0.508423,0.321253,0.035681
0.802349,-0.131567,0.500845;0.786661,-0.520341,0.329037,0.046301
0.797536,-0.140685,0.500007;0.77483,-0.532027,0.336673,0.0569003
0.792386,-0.150358,0.499025;0.761277,-0.544732,0.344981,0.0686472
0.787463,-0.159512,0.497985;0.747304,-0.557136,0.353099,0.0803563
0.782334,-0.168935,0.49677;0.731458,-0.570425,0.361803,0.0931847
0.777531,-0.177629,0.49548;0.715123,-0.583332,0.370266,0.105951
0.772309,-0.186893,0.493851;0.695203,-0.598084,0.379948,0.120946
0.767285,-0.195551,0.491965;0.673026,-0.613346,0.389978,0.136969
0.762095,-0.204074,0.489481;0.64512,-0.630985,0.401588,0.156223
0.756828,-0.211803,0.485762;0.605735,-0.653241,0.416274,0.181871
0.753142,-0.213345,0.478014;0.531217,-0.688147,0.439413,0.226227
0.755106,-0.205172,0.47229;0.481364,-0.706993,0.451986,0.253294
0.758157,-0.196246,0.468431;0.44978,-0.717284,0.458889,0.269486
0.761739,-0.186673,0.465098;0.423649,-0.724899,0.464019,0.282363
0.765575,-0.176877,0.462134;0.401227,-0.730815,0.468023,0.293054
0.769284,-0.167667,0.459609;0.382682,-0.735292,0.471066,0.301656
0.773024,-0.158554,0.457286;0.366054,-0.738996,0.473594,0.309189
0.777191,-0.148546,0.45489;0.349297,-0.742439,0.475955,0.316612
0.781195,-0.13904,0.452731;0.334532,-0.745236,0.477883,0.323016
0.785541,-0.12882,0.450514;0.319678,-0.747831,0.479682,0.329333
0.789543,-0.119483,0.448566;0.306876,-0.749895,0.48112,0.334676
0.793805,-0.109602,0.446573;0.294013,-0.75181,0.482463,0.339953
0.798332,-0.0991712,0.444536;0.281092,-0.753575,0.48371,0.345162
0.80231,-0.0900514,0.442803;0.270282,-0.754932,0.484675,0.349451
0.806476,-0.0805381,0.441038;0.259434,-0.756184,0.485574,0.353691
0.810835,-0.0706264,0.439241;0.248551,-0.757332,0.486406,0.357883
0.815387,-0.0603114,0.437412;0.237633,-0.758376,0.48717,0.362025
0.820136,-0.0495881,0.43555;0.226682,-0.759314,0.487868,0.366117
0.825083,-0.0384516,0.433654;0.2157,-0.760148,0.488498,0.370159
0.829186,-0.0292416,0.432113;0.206893,-0.76074,0.488953,0.373356
0.83342,-0.0197615,0.430551;0.198068,-0.761265,0.489365,0.376519
0.837784,-0.0100088,0.428967;0.189225,-0.761722,0.489734,0.37965
0.842282,1.9071e-05,0.427361;0.180366,-0.762112,0.49006,0.382747
0.846913,0.0103246,0.425732;0.17149,-0.762434,0.490342,0.38581
0.85168,0.0209103,0.424082;0.1626,-0.76269,0.490581,0.388839
0.856583,0.0317786,0.422409;0.153695,-0.762878,0.490777,0.391833
0.861624,0.0429322,0.420713;0.144776,-0.762998,0.49093,0.394793
0.866804,0.0543735,0.418994;0.135845,-0.763051,0.491039,0.397718
