0.821938,0.165001,0.220388;0.890753,-0.218168,0.220223,0.332361
0.818149,0.155227,0.223573;0.892102,-0.204224,0.223474,0.335419
0.814477,0.145542,0.226705;0.893258,-0.190237,0.226677,0.338404
0.810922,0.135946,0.229784;0.894221,-0.176209,0.229831,0.341316
0.807482,0.126441,0.232811;0.894991,-0.162142,0.232935,0.344155
0.804156,0.117024,0.235787;0.895567,-0.148041,0.235989,0.346919
0.800942,0.107697,0.238711;0.89595,-0.133907,0.238992,0.349608
0.797841,0.0984591,0.241585;0.896139,-0.119745,0.241943,0.352221
0.79485,0.0893103,0.244409;0.896134,-0.105556,0.244842,0.354759
0.791567,0.0789636,0.247575;0.895892,-0.0893133,0.24809,0.357565
0.788424,0.0687329,0.250677;0.895396,-0.0730451,0.251268,0.36027
0.785422,0.0586182,0.253716;0.894648,-0.0567562,0.254375,0.362873
0.782558,0.0486193,0.256692;0.893647,-0.0404513,0.257411,0.365374
0.77983,0.0387361,0.259606;0.892394,-0.024135,0.260373,0.367772
0.777238,0.0289683,0.262459;0.890889,-0.00781183,0.263263,0.370065
0.774778,0.019316,0.265252;0.889133,0.00851351,0.266077,0.372255
0.772451,0.00977883,0.267985;0.887125,0.0248364,0.268817,0.374339
0.770253,0.000356749,0.270658;0.884867,0.0411524,0.271481,0.376318
0.767934,-0.0101057,0.273597;0.882028,0.0594937,0.274386,0.378417
0.765774,-0.020423,0.276462;0.878874,0.0778137,0.277193,0.38038
0.763773,-0.0305953,0.279256;0.875406,0.0961059,0.279901,0.382208
0.761927,-0.0406227,0.281979;0.871625,0.114364,0.282509,0.383899
0.760233,-0.0505056,0.284633;0.867533,0.132581,0.285016,0.385453
0.758691,-0.0602441,0.287218;0.863131,0.150751,0.287422,0.38687
0.757296,-0.0698385,0.289736;0.85842,0.168866,0.289724,0.388148
0.755918,-0.08033,0.292455;0.852827,0.188924,0.292161,0.389405
0.754717,-0.0906442,0.295093;0.846857,0.208898,0.294469,0.390491
0.753689,-0.100781,0.297653;0.840513,0.22878,0.296648,0.391404
0.752832,-0.110741,0.300134;0.833799,0.248562,0.298695,0.392145
0.752142,-0.120525,0.302539;0.826717,0.268233,0.30061,0.392713
0.751572,-0.131083,0.305098;0.818506,0.289735,0.302564,0.393137
0.751196,-0.141429,0.307569;0.809857,0.311082,0.304357,0.393352
0.751011,-0.151562,0.309952;0.800777,0.332263,0.305987,0.393357
0.75101,-0.161483,0.31225;0.791269,0.353267,0.307454,0.393151
0.751217,-0.172064,0.314663;0.780416,0.375964,0.308866,0.392688
0.751633,-0.182394,0.316978;0.769066,0.398423,0.310083,0.391975
0.752254,-0.192474,0.3192;0.757228,0.420629,0.311103,0.391014
0.753074,-0.202302,0.321331;0.744909,0.442568,0.311925,0.389804
0.75418,-0.212668,0.323538;0.73103,0.466017,0.312592,0.388213
0.755506,-0.222741,0.325644;0.716606,0.489119,0.313026,0.386334
0.757045,-0.232522,0.327652;0.701648,0.511856,0.313226,0.384166
0.758932,-0.242729,0.329707;0.684954,0.535915,0.313181,0.381511
0.761049,-0.252599,0.331656;0.667668,0.55951,0.312865,0.378527
0.763561,-0.262801,0.333631;0.648507,0.584254,0.312227,0.374966
0.766317,-0.272618,0.335493;0.628703,0.608418,0.311278,0.371033
0.769303,-0.282051,0.337246;0.608275,0.631978,0.310021,0.366732
0.772733,-0.29169,0.339003;0.58582,0.656417,0.308341,0.361743
0.7764,-0.300895,0.340648;0.562703,0.680114,0.306312,0.356346
0.780542,-0.3102,0.34228;0.537446,0.704451,0.303778,0.35017
0.785187,-0.31952,0.343885;0.509958,0.72924,0.300673,0.343145
0.79008,-0.328295,0.345372;0.48174,0.752986,0.297138,0.33563
0.795492,-0.336967,0.346824;0.451209,0.776884,0.292946,0.327176
0.801441,-0.345444,0.34823;0.418296,0.800702,0.28803,0.317716
0.807622,-0.353254,0.349524;0.384645,0.823108,0.282605,0.307695
0.814334,-0.360739,0.350773;0.348582,0.84507,0.276373,0.296588
0.821578,-0.367799,0.351975;0.310075,0.866315,0.269268,0.284335
0.829345,-0.374326,0.353132;0.269112,0.886547,0.261225,0.270876
0.83762,-0.380211,0.35425;0.2257,0.905453,0.252183,0.256159
0.846379,-0.38534,0.355338;0.179871,0.9227,0.242084,0.240137
0.855606,-0.389605,0.356411;0.160358,0.933866,0.227035,0.22502
0.86523,-0.392861,0.35748;0.151734,0.942813,0.209654,0.210061
0.875629,-0.39505,0.358607;0.142332,0.95173,0.190776,0.193793
0.886022,-0.395876,0.359734;0.132817,0.959897,0.171748,0.177371
0.896367,-0.395344,0.360887;0.123198,0.967306,0.152584,0.160809
0.906621,-0.393458,0.362093;0.113481,0.973952,0.133299,0.144121
0.916743,-0.390224,0.363378;0.103675,0.97983,0.11391,0.127319
0.925986,-0.386017,0.364664;0.0944963,0.984595,0.0958247,0.111626
0.935045,-0.380654,0.366062;0.0852529,0.988691,0.0776743,0.0958582
0.943215,-0.374681,0.36747;0.076669,0.991875,0.0608729,0.0812448
0.951171,-0.36773,0.369007;0.0680406,0.994484,0.0440361,0.0665843
0.958256,-0.360501,0.370545;0.0600965,0.996369,0.0285798,0.0531114
0.965119,-0.352455,0.372218;0.0521231,0.997769,0.0131096,0.0396127
0.971149,-0.344432,0.373867;0.0448524,0.998619,-0.00096004,0.0273242
0.976963,-0.335737,0.375648;0.0375637,0.999068,-0.0150293,0.0150247
0.982547,-0.326371,0.377572;0.0302598,0.999115,-0.0290924,0.00271913
0.987363,-0.31737,0.379432;0.0236759,0.998813,-0.0417394,-0.00835694
0.991969,-0.307829,0.381421;0.0170842,0.998185,-0.0543728,-0.0194303
0.996352,-0.297748,0.383547;0.0104869,0.997232,-0.0669885,-0.0304973
1.00005,-0.288335,0.385557;0.00461975,0.996112,-0.0781842,-0.0403264
1.00356,-0.278498,0.387686;-0.0012486,0.994736,-0.0893597,-0.0501451
1.00687,-0.268237,0.389937;-0.00711664,0.993102,-0.100512,-0.0599509
1.00998,-0.257554,0.392317;-0.0129828,0.991214,-0.111639,-0.0697413
1.01251,-0.24786,0.394509;-0.0181131,0.989351,-0.121351,-0.0782932
1.01488,-0.237844,0.396805;-0.0232397,0.987294,-0.13104,-0.0868297
1.01707,-0.227506,0.39921;-0.0283618,0.985042,-0.140702,-0.095349
1.01909,-0.216847,0.401726;-0.0334783,0.982595,-0.150337,-0.10385
1.02091,-0.205867,0.404358;-0.0385882,0.979955,-0.159942,-0.11233
1.02232,-0.196201,0.406707;-0.042962,0.977538,-0.16815,-0.119581
1.02359,-0.1863,0.409146;-0.0473297,0.974979,-0.176334,-0.126814
1.02471,-0.176164,0.411675;-0.0516905,0.972279,-0.184492,-0.13403
1.02568,-0.165795,0.414298;-0.0560438,0.969438,-0.192623,-0.141226
1.0265,-0.155192,0.417016;-0.060389,0.966457,-0.200726,-0.148401
1.02716,-0.144355,0.419831;-0.0647254,0.963336,-0.2088,-0.155555
1.02766,-0.133285,0.422745;-0.0690524,0.960075,-0.216844,-0.162686
1.028,-0.121983,0.425761;-0.0733695,0.956675,-0.224857,-0.169794
1.02817,-0.110449,0.42888;-0.0776759,0.953136,-0.232837,-0.176877
1.02817,-0.100115,0.431709;-0.0942453,0.952157,-0.231416,-0.175958
1.02805,-0.0893501,0.434689;-0.112477,0.951066,-0.229043,-0.174244
1.02783,-0.0796434,0.4374;-0.128651,0.949824,-0.226867,-0.172671
1.0275,-0.069817,0.440168;-0.14479,0.948324,-0.22463,-0.171052
1.02708,-0.0598803,0.442986;-0.16089,0.946568,-0.222332,-0.169386
1.02656,-0.0498426,0.445852;-0.176946,0.944556,-0.219975,-0.167674
1.02595,-0.0397133,0.448761;-0.192955,0.942289,-0.217557,-0.165917
1.02525,-0.0295016,0.45171;-0.208911,0.939767,-0.215081,-0.164115
1.02446,-0.0192169,0.454694;-0.224811,0.936991,-0.212547,-0.162269
1.02359,-0.00886852,0.457709;-0.24065,0.933962,-0.209955,-0.160378
1.02263,0.00153416,0.460752;-0.256424,0.93068,-0.207307,-0.158445
1.0216,0.0119818,0.463818;-0.272129,0.927147,-0.204602,-0.156468
1.02048,0.0224651,0.466904;-0.28776,0.923363,-0.201842,-0.15445
1.01929,0.0329748,0.470005;-0.303313,0.919329,-0.199028,-0.152389
1.01803,0.0435014,0.473117;-0.318785,0.915047,-0.19616,-0.150288
1.0167,0.0540356,0.476237;-0.33417,0.910518,-0.193239,-0.148146
1.01531,0.0645682,0.479361;-0.349465,0.905742,-0.190265,-0.145963
1.01385,0.0750897,0.482484;-0.364665,0.900721,-0.18724,-0.143741
1.01233,0.0855909,0.485602;-0.379767,0.895457,-0.184165,-0.141481
1.01075,0.0960623,0.488712;-0.394766,0.889951,-0.181039,-0.139182
1.00912,0.106495,0.49181;-0.409659,0.884204,-0.177865,-0.136845
1.00743,0.116879,0.494891;-0.42444,0.878218,-0.174643,-0.134472
1.00569,0.127205,0.497951;-0.439107,0.871995,-0.171373,-0.132062
1.00391,0.137464,0.500987;-0.453655,0.865536,-0.168057,-0.129617
1.00208,0.147647,0.503995;-0.468081,0.858843,-0.164696,-0.127136
1.0002,0.157745,0.50697;-0.48238,0.851918,-0.16129,-0.124621
0.998291,0.167747,0.509909;-0.496549,0.844763,-0.157841,-0.122072
0.996342,0.177644,0.512807;-0.510583,0.837379,-0.154349,-0.119491
0.994359,0.187428,0.515661;-0.524479,0.829769,-0.150815,-0.116877
0.992343,0.197089,0.518467;-0.538234,0.821934,-0.14724,-0.114231
0.990299,0.206618,0.52122;-0.551843,0.813878,-0.143626,-0.111555
0.987968,0.217168,0.524249;-0.566974,0.804551,-0.139513,-0.108508
0.985608,0.227525,0.527202;-0.581912,0.794949,-0.135353,-0.105424
0.983222,0.237676,0.530072;-0.596651,0.785075,-0.131146,-0.102304
0.980814,0.247608,0.532853;-0.611185,0.774932,-0.126895,-0.0991483
0.978388,0.257307,0.535541;-0.62551,0.764525,-0.1226,-0.0959592
0.975948,0.266761,0.538128;-0.639622,0.753855,-0.118263,-0.0927372
0.973225,0.27696,0.540879;-0.655044,0.741698,-0.113397,-0.0891201
0.970495,0.286821,0.543492;-0.67019,0.729228,-0.108483,-0.0854654
0.967762,0.296326,0.54596;-0.685052,0.716449,-0.103523,-0.0817745
0.964759,0.306348,0.548496;-0.701067,0.702043,-0.0980168,-0.0776747
0.961766,0.315892,0.550836;-0.716723,0.687279,-0.0924605,-0.0735352
0.958522,0.325731,0.553153;-0.733384,0.670772,-0.0863452,-0.0689766
0.955041,0.335679,0.55537;-0.75093,0.652429,-0.0796611,-0.0639909
0.951345,0.345522,0.557397;-0.769226,0.632155,-0.0723995,-0.0585707
0.94746,0.355009,0.559131;-0.788121,0.609852,-0.0645528,-0.0527096
0.943175,0.364362,0.560517;-0.80863,0.583876,-0.0555861,-0.0460068
0.938326,0.373345,0.561307;-0.831492,0.552407,-0.044951,-0.0380498
0.932398,0.381529,0.560879;-0.859107,0.510109,-0.0310145,-0.0276117
0.924679,0.385764,0.557032;-0.895036,0.445703,-0.0104977,-0.0122225
0.919084,0.381308,0.55029;-0.921817,0.387554,0.00737596,0.0012056
0.916023,0.373795,0.543893;-0.937323,0.34778,0.019278,0.0101584
0.914109,0.36561,0.538018;-0.933509,0.357476,0.0227452,0.0159592
0.912771,0.357221,0.532483;-0.924685,0.379448,0.0236678,0.0204254
0.91172,0.348255,0.526875;-0.916062,0.399535,0.0245073,0.0245375
0.910899,0.339058,0.521343;-0.907759,0.417774,0.0252661,0.0282964
0.910262,0.329927,0.51601;-0.899882,0.434205,0.0259469,0.0317033
0.90977,0.321113,0.510979;-0.892529,0.448864,0.0265519,0.0347603
0.90935,0.31176,0.505743;-0.884926,0.463399,0.0271495,0.0378076
0.908995,0.301894,0.500316;-0.877077,0.477805,0.0277396,0.0408443
0.90873,0.292716,0.495343;-0.869895,0.490498,0.0282576,0.0435341
0.908508,0.283171,0.490239;-0.862522,0.503083,0.0287694,0.0462143
0.908326,0.273278,0.485014;-0.854958,0.515558,0.0292749,0.0488844
0.908195,0.26435,0.480351;-0.848186,0.52638,0.0297119,0.0512118
0.908088,0.255182,0.475609;-0.84127,0.537113,0.0301439,0.0535307
0.908002,0.245785,0.470796;-0.834212,0.547756,0.0305708,0.0558405
0.907935,0.236172,0.465916;-0.827014,0.558307,0.0309925,0.0581409
0.907883,0.226356,0.460977;-0.819677,0.568763,0.0314091,0.0604315
0.907845,0.216348,0.455985;-0.812201,0.579124,0.0318203,0.0627119
0.907816,0.20616,0.450947;-0.804588,0.589386,0.0322262,0.0649817
0.907795,0.195805,0.445869;-0.79684,0.59955,0.0326266,0.0672406
0.907781,0.186805,0.441489;-0.790092,0.608181,0.0329654,0.0691678
0.907769,0.177699,0.437089;-0.783245,0.616737,0.0333002,0.0710864
0.907757,0.168494,0.432672;-0.776302,0.625216,0.0336309,0.0729962
0.907742,0.159199,0.428243;-0.769263,0.633618,0.0339573,0.0748969
0.907725,0.14982,0.423806;-0.762128,0.641942,0.0342796,0.0767884
0.907702,0.140365,0.419365;-0.754899,0.650186,0.0345976,0.0786704
0.907672,0.130843,0.414923;-0.747576,0.658349,0.0349114,0.0805426
0.907634,0.12126,0.410485;-0.740161,0.666431,0.0352208,0.0824049
0.907585,0.111625,0.406055;-0.732654,0.67443,0.0355258,0.0842569
0.907524,0.101944,0.401637;-0.725057,0.682346,0.0358265,0.0860985
0.907449,0.0922267,0.397236;-0.717369,0.690178,0.0361227,0.0879294
0.907359,0.0824796,0.392854;-0.709593,0.697923,0.0364144,0.0897495
0.907251,0.0727105,0.388497;-0.701729,0.705583,0.0367017,0.0915584
0.907124,0.0629272,0.384167;-0.693777,0.713155,0.0369844,0.093356
0.906976,0.0531374,0.379871;-0.68574,0.720638,0.0372625,0.095142
0.906806,0.0433487,0.37561;-0.677618,0.728033,0.037536,0.0969163
0.906611,0.0335687,0.37139;-0.669412,0.735337,0.0378048,0.0986785
0.906391,0.0238053,0.367215;-0.661124,0.74255,0.0380689,0.100429
0.906142,0.0140659,0.363089;-0.652753,0.749671,0.0383284,0.102166
0.905864,0.00435838,0.359015;-0.644301,0.756699,0.0385831,0.103891
0.905555,-0.00530968,0.354997;-0.63577,0.763634,0.038833,0.105603
0.905213,-0.0149306,0.351041;-0.62716,0.770474,0.0390781,0.107302
0.904836,-0.0244966,0.347149;-0.618472,0.777218,0.0393184,0.108988
0.904423,-0.0340002,0.343327;-0.609707,0.783867,0.0395538,0.11066
0.903972,-0.0434336,0.339577;-0.600867,0.790418,0.0397842,0.112318
0.90348,-0.0527891,0.335905;-0.591953,0.796871,0.0400098,0.113963
0.902855,-0.0635953,0.331723;-0.58146,0.804275,0.0402667,0.115864
0.902169,-0.0742729,0.327659;-0.570869,0.811543,0.0405168,0.117745
0.901422,-0.0848097,0.323717;-0.560182,0.818675,0.0407601,0.119606
0.900609,-0.0951935,0.319906;-0.549401,0.825668,0.0409965,0.121448
0.899729,-0.105412,0.316231;-0.538527,0.832523,0.041226,0.123268
0.898778,-0.115454,0.312698;-0.527562,0.839237,0.0414485,0.125068
0.897755,-0.125305,0.309315;-0.516508,0.845809,0.0416641,0.126847
0.896655,-0.134956,0.306087;-0.505367,0.852239,0.0418726,0.128605
0.895301,-0.145722,0.302598;-0.492531,0.859411,0.0421023,0.130587
0.893841,-0.15619,0.299329;-0.479585,0.866395,0.0423227,0.13254
0.89227,-0.166343,0.296292;-0.466535,0.873187,0.0425337,0.134464
0.890583,-0.176162,0.293496;-0.453381,0.879787,0.0427355,0.136359
0.888543,-0.186786,0.290649;-0.438464,0.886981,0.0429511,0.138454
0.886346,-0.196939,0.288133;-0.423425,0.893927,0.0431548,0.140511
0.883987,-0.206595,0.285962;-0.408268,0.900624,0.0433465,0.142528
0.881167,-0.216708,0.283969;-0.391294,0.907771,0.0435453,0.144724
0.878132,-0.22614,0.282438;-0.374185,0.914605,0.0437292,0.146869
0.874534,-0.235685,0.281308;-0.355216,0.92176,0.043914,0.149171
0.870287,-0.245053,0.280767;-0.334355,0.929127,0.0440948,0.151611
0.865291,-0.253901,0.281031;-0.311569,0.936588,0.0442659,0.154169
0.858995,-0.262331,0.282488;-0.285053,0.94452,0.0444315,0.15701
0.851621,-0.269092,0.285472;-0.256526,0.952175,0.0445701,0.159905
0.843535,-0.273408,0.290006;-0.227773,0.958992,0.0446695,0.16266
0.834873,-0.275165,0.296029;-0.226848,0.962195,0.0478827,0.142927
0.826673,-0.274756,0.302585;-0.229122,0.964266,0.0510668,0.122828
0.818908,-0.272931,0.3094;-0.231085,0.965781,0.0539139,0.104694
0.811733,-0.270232,0.316134;-0.232765,0.966849,0.0564293,0.088544
0.804334,-0.266591,0.323461;-0.23438,0.967655,0.0589293,0.0723703
0.797698,-0.262688,0.330324;-0.235742,0.968145,0.0611038,0.0582022
0.790933,-0.258162,0.337578;-0.237055,0.968434,0.0632655,0.0440219
0.784057,-0.253061,0.345195;-0.238319,0.968522,0.0654142,0.0298325
0.778091,-0.248265,0.35199;-0.239363,0.968438,0.0672451,0.0176652
0.772071,-0.24311,0.359013;-0.24037,0.968206,0.0690657,0.00549509
0.76601,-0.237623,0.366244;-0.241341,0.967826,0.0708758,-0.00667581
0.75992,-0.231835,0.373667;-0.242275,0.967298,0.0726751,-0.0188457
0.753814,-0.225773,0.381261;-0.243172,0.966624,0.0744633,-0.0310127
0.747703,-0.219469,0.38901;-0.244031,0.965801,0.0762402,-0.043175
0.741601,-0.212949,0.396896;-0.244854,0.964832,0.0780054,-0.0553307
0.736531,-0.207374,0.403558;-0.245511,0.963911,0.0794674,-0.0654541
0.731483,-0.201686,0.410292;-0.246142,0.962889,0.0809209,-0.0755705
0.726464,-0.195903,0.417086;-0.246747,0.961764,0.0823659,-0.085679
0.721482,-0.190042,0.423931;-0.247326,0.960538,0.0838021,-0.0957783
0.716542,-0.184119,0.430817;-0.247878,0.95921,0.0852295,-0.105868
0.711653,-0.178152,0.437731;-0.248405,0.957781,0.0866479,-0.115946
0.706822,-0.172157,0.444664;-0.248905,0.95625,0.088057,-0.126011
0.702056,-0.16615,0.451606;-0.249378,0.954617,0.0894569,-0.136064
0.697363,-0.16015,0.458546;-0.249826,0.952884,0.0908473,-0.146102
0.692748,-0.154172,0.465473;-0.250247,0.95105,0.092228,-0.156124
0.68822,-0.148234,0.472377;-0.250641,0.949115,0.093599,-0.16613
0.683787,-0.142352,0.479248;-0.251009,0.947079,0.0949601,-0.176119
0.6786,-0.135392,0.487433;-0.251415,0.944504,0.0965801,-0.18808
0.673571,-0.128566,0.495537;-0.251783,0.941786,0.0981854,-0.200013
0.668713,-0.121903,0.503541;-0.252112,0.938923,0.0997757,-0.211915
0.664038,-0.115433,0.511426;-0.252404,0.935917,0.101351,-0.223785
0.659558,-0.109185,0.519176;-0.252656,0.932769,0.10291,-0.23562
0.655286,-0.103187,0.526771;-0.25287,0.929478,0.104454,-0.24742
0.651234,-0.0974694,0.534194;-0.253046,0.926045,0.105982,-0.259182
0.646802,-0.091191,0.542611;-0.253202,0.921862,0.107745,-0.272855
0.642707,-0.0853792,0.55074;-0.253305,0.917488,0.109484,-0.28647
0.638968,-0.0800801,0.558552;-0.253356,0.912923,0.111202,-0.300027
0.635156,-0.0747112,0.567054;-0.25335,0.907475,0.113136,-0.315443
0.631493,-0.0696296,0.576025;-0.25326,0.901051,0.115275,-0.332684
0.628246,-0.0652887,0.585184;-0.253059,0.89355,0.117606,-0.351707
0.625574,-0.062077,0.594935;-0.252677,0.884051,0.120336,-0.374336
0.624257,-0.0614628,0.605012;-0.251982,0.871419,0.123646,-0.402301
0.625898,-0.0663128,0.613633;-0.250831,0.855165,0.127463,-0.43535
0.629807,-0.0747713,0.617425;-0.249698,0.841711,0.13031,-0.460644
0.634608,-0.0845592,0.61845;-0.248662,0.830649,0.132472,-0.480251
0.639104,-0.0935269,0.618046;-0.247828,0.822336,0.134001,-0.494356
0.643758,-0.102712,0.616859;-0.247044,0.81488,0.13531,-0.506588
0.648298,-0.111617,0.6152;-0.246331,0.808354,0.136409,-0.51699
0.65336,-0.121503,0.612929;-0.24558,0.801704,0.137488,-0.527312
0.657985,-0.130514,0.610557;-0.244926,0.79607,0.13837,-0.535853
0.662988,-0.140244,0.607737;-0.244246,0.790351,0.139238,-0.544337
0.668376,-0.15071,0.604459;-0.24354,0.784548,0.140092,-0.552763
0.672969,-0.159624,0.601499;-0.242956,0.779846,0.140763,-0.559462
0.677817,-0.169029,0.598234;-0.242356,0.775092,0.141426,-0.566123
0.682923,-0.178933,0.594658;-0.24174,0.770284,0.142079,-0.572746
0.688291,-0.189345,0.590766;-0.241107,0.765425,0.142722,-0.579329
