0.7208,0.135269,0.552975;-0.325829,0.874531,0.237703,-0.26931
0.713666,0.12797,0.554649;-0.339426,0.877719,0.222558,-0.25469
0.706579,0.121053,0.556672;-0.35401,0.880558,0.205874,-0.238556
0.6992,0.114311,0.559276;-0.370686,0.883026,0.186214,-0.219505
0.691901,0.108289,0.562554;-0.389273,0.884727,0.163509,-0.197456
0.684404,0.103158,0.567064;-0.411765,0.885175,0.134822,-0.169523
0.677211,0.100209,0.573536;-0.439699,0.882966,0.0971133,-0.132685
0.672134,0.101711,0.582007;-0.470949,0.87622,0.0517115,-0.088155
0.670537,0.107266,0.590215;-0.497128,0.86631,0.0104718,-0.0475444
0.671153,0.114472,0.59725;-0.5171,0.855489,-0.0234437,-0.0140312
0.672981,0.122461,0.603517;-0.533296,0.844138,-0.0528856,0.0151459
0.675568,0.130875,0.609233;-0.546911,0.832399,-0.0792897,0.0413797
0.678559,0.139224,0.614342;-0.55823,0.82077,-0.102648,0.0646407
0.681908,0.147714,0.619132;-0.568158,0.808861,-0.124421,0.0863691
0.685472,0.156154,0.623584;-0.576815,0.79688,-0.144609,0.106557
0.689426,0.165032,0.627999;-0.584877,0.784075,-0.164648,0.126635
0.693418,0.173617,0.632051;-0.591821,0.771459,-0.183104,0.145162
0.69769,0.182484,0.636043;-0.598238,0.758155,-0.201397,0.163559
0.701861,0.190879,0.639662;-0.603688,0.745274,-0.218123,0.180413
0.706227,0.199437,0.643206;-0.60868,0.731828,-0.234684,0.197129
0.710769,0.208123,0.646665;-0.613209,0.717826,-0.251067,0.213696
0.715464,0.2169,0.650027;-0.617273,0.703278,-0.267259,0.2301
0.720293,0.225732,0.653283;-0.620868,0.688197,-0.283248,0.24633
0.725235,0.234582,0.656419;-0.623992,0.672593,-0.299022,0.262372
0.730268,0.243413,0.659427;-0.626641,0.656478,-0.314569,0.278216
0.735372,0.252189,0.662294;-0.628815,0.639864,-0.329877,0.293848
0.740387,0.260643,0.664938;-0.642432,0.626715,-0.331806,0.290542
0.745572,0.269213,0.667497;-0.670097,0.616552,-0.317738,0.264342
0.750778,0.277659,0.669891;-0.696587,0.605308,-0.303113,0.237679
0.755995,0.285972,0.672115;-0.721856,0.593004,-0.287956,0.210599
0.761501,0.294592,0.674272;-0.747155,0.578888,-0.271411,0.181614
0.766991,0.303043,0.676227;-0.770995,0.563642,-0.254335,0.152275
0.772453,0.311312,0.677973;-0.793329,0.547295,-0.236763,0.122639
0.778157,0.31981,0.67958;-0.815164,0.528933,-0.217767,0.0911853
0.783799,0.328082,0.68094;-0.835235,0.509427,-0.1983,0.0595342
0.789638,0.336512,0.682097;-0.854363,0.48776,-0.177398,0.0261631
0.795372,0.344665,0.682967;-0.871453,0.464929,-0.156073,-0.00727047
0.801247,0.352892,0.68356;-0.887126,0.439822,-0.133334,-0.0422761
0.807222,0.361132,0.683823;-0.901027,0.412343,-0.109189,-0.0787531
0.813247,0.369317,0.683695;-0.912782,0.382413,-0.0836619,-0.116574
0.819269,0.377369,0.683111;-0.922003,0.34997,-0.0567954,-0.155583
0.825444,0.385494,0.681949;-0.928459,0.313606,-0.0275666,-0.197118
0.831653,0.393526,0.680064;-0.931315,0.273175,0.00394514,-0.240859
0.837753,0.401271,0.677296;-0.929682,0.228586,0.0376066,-0.2864
0.84357,0.408511,0.673463;-0.922635,0.17982,0.0732209,-0.333238
0.849038,0.41516,0.668202;-0.908752,0.125423,0.111574,-0.382087
0.853825,0.420809,0.661181;-0.886528,0.0655138,0.152232,-0.431974
0.857384,0.424825,0.652498;-0.856162,0.00351261,0.192629,-0.479445
0.859385,0.426882,0.642804;-0.820449,-0.055425,0.229468,-0.520707
0.859943,0.427183,0.632586;-0.78188,-0.109337,0.26182,-0.555121
0.859342,0.426108,0.622407;-0.779322,-0.169455,0.257564,-0.54553
0.857946,0.424007,0.61236;-0.783052,-0.226741,0.24451,-0.525007
0.856092,0.421222,0.602872;-0.783811,-0.277151,0.23205,-0.504957
0.853833,0.417736,0.593393;-0.782254,-0.324738,0.219411,-0.484235
0.8514,0.413839,0.584456;-0.778863,-0.367548,0.207275,-0.464023
0.848793,0.409489,0.575763;-0.773883,-0.407591,0.195225,-0.44369
0.845949,0.404521,0.566967;-0.767211,-0.446743,0.182748,-0.422388
0.843054,0.399213,0.558545;-0.759296,-0.483123,0.170494,-0.40124
0.840164,0.393646,0.550546;-0.750382,-0.516798,0.158538,-0.380412
0.837168,0.387567,0.542592;-0.740124,-0.549547,0.146299,-0.358902
0.834256,0.381333,0.535133;-0.729184,-0.579666,0.134462,-0.337932
0.831297,0.374635,0.527784;-0.717072,-0.608854,0.122409,-0.316418
0.828315,0.367472,0.520579;-0.703808,-0.637064,0.11016,-0.294396
0.825498,0.360278,0.513938;-0.690242,-0.662767,0.0984277,-0.273163
0.822702,0.352666,0.507486;-0.675687,-0.68752,0.0865546,-0.251538
0.819947,0.344634,0.501251;-0.660163,-0.711288,0.0745575,-0.229552
0.817408,0.336689,0.495608;-0.644688,-0.732728,0.0631682,-0.208559
0.814939,0.32837,0.490207;-0.628395,-0.753237,0.0516987,-0.187301
0.812557,0.319676,0.485073;-0.611303,-0.77279,0.0401635,-0.165805
0.810279,0.310604,0.480229;-0.593436,-0.791361,0.0285774,-0.144099
0.808252,0.301756,0.475974;-0.576,-0.80786,0.0176822,-0.123583
0.806344,0.292575,0.472015;-0.557922,-0.823458,0.0067672,-0.102928
0.804569,0.283059,0.468374;-0.539222,-0.838136,-0.00415532,-0.0821594
0.802941,0.273207,0.465068;-0.519919,-0.85188,-0.0150732,-0.0612986
0.801474,0.263019,0.46212;-0.500037,-0.864673,-0.0259743,-0.0403694
0.800261,0.253206,0.459707;-0.480976,-0.875742,-0.0361227,-0.0207944
0.799212,0.243098,0.457638;-0.461448,-0.885961,-0.046236,-0.00119922
0.798336,0.232694,0.455929;-0.441471,-0.895318,-0.0563043,0.0183972
0.797689,0.222767,0.454679;-0.422536,-0.903228,-0.0656047,0.0365782
0.797211,0.212584,0.453767;-0.403247,-0.910381,-0.0748502,0.0547286
0.79691,0.202144,0.453205;-0.383621,-0.916771,-0.0840328,0.0728331
0.796796,0.191447,0.453006;-0.363672,-0.922392,-0.0931451,0.0908765
0.796864,0.181342,0.453157;-0.344988,-0.926895,-0.101487,0.107465
0.797105,0.171017,0.453639;-0.326057,-0.930737,-0.109757,0.123976
0.797528,0.160471,0.454461;-0.306893,-0.933913,-0.117948,0.140399
0.798094,0.150379,0.455551;-0.312857,-0.931326,-0.121494,0.141394
0.798852,0.139694,0.457005;-0.330047,-0.925981,-0.123261,0.135779
0.799774,0.128836,0.458772;-0.347117,-0.920303,-0.124985,0.130116
0.80085,0.117826,0.460839;-0.364064,-0.914296,-0.126664,0.124406
0.801928,0.107929,0.462916;-0.379018,-0.908681,-0.128118,0.119293
0.803112,0.0979462,0.46521;-0.393864,-0.902808,-0.129536,0.114146
0.804395,0.0878919,0.467709;-0.408599,-0.896679,-0.130917,0.108967
0.805771,0.0777822,0.470404;-0.423219,-0.890296,-0.132261,0.103757
0.807232,0.0676326,0.473285;-0.437718,-0.883661,-0.133568,0.0985178
0.808772,0.0574587,0.476343;-0.452093,-0.876776,-0.134836,0.0932505
0.810383,0.0472762,0.479567;-0.46634,-0.869642,-0.136067,0.0879567
0.812059,0.0371006,0.482948;-0.480455,-0.862261,-0.137259,0.0826381
0.813792,0.0269476,0.486476;-0.494433,-0.854636,-0.138412,0.077296
0.815575,0.0168328,0.490141;-0.508272,-0.846769,-0.139526,0.071932
0.817402,0.00677175,0.493933;-0.521967,-0.838662,-0.1406,0.0665476
0.819264,-0.00321984,0.497843;-0.535513,-0.830317,-0.141634,0.0611443
0.821156,-0.0131264,0.50186;-0.548908,-0.821737,-0.142628,0.0557238
0.82307,-0.0229323,0.505974;-0.562147,-0.812924,-0.143582,0.0502874
0.825,-0.0326219,0.510177;-0.575227,-0.803881,-0.144495,0.0448368
0.826937,-0.0421797,0.514458;-0.588144,-0.79461,-0.145368,0.0393735
0.828876,-0.0515899,0.518807;-0.600894,-0.785113,-0.146199,0.033899
0.830808,-0.0608371,0.523214;-0.613474,-0.775394,-0.146988,0.0284149
0.832728,-0.0699055,0.52767;-0.62588,-0.765456,-0.147736,0.0229227
0.834628,-0.0787796,0.532164;-0.638109,-0.7553,-0.148442,0.0174241
0.836732,-0.0885112,0.537254;-0.65165,-0.743619,-0.149186,0.0112323
0.838793,-0.0979548,0.542367;-0.664957,-0.731672,-0.149877,0.00503645
0.840799,-0.107088,0.547488;-0.678026,-0.719462,-0.150513,-0.00116118
0.842741,-0.115889,0.552604;-0.690851,-0.706994,-0.151096,-0.0073584
0.844608,-0.124336,0.5577;-0.703429,-0.694272,-0.151625,-0.013553
0.846584,-0.133277,0.563323;-0.717108,-0.679845,-0.152148,-0.02043
0.848442,-0.141723,0.568885;-0.73047,-0.665117,-0.152604,-0.0272981
0.850334,-0.150405,0.57491;-0.744793,-0.648577,-0.153028,-0.0348388
0.852049,-0.158409,0.580813;-0.758718,-0.631688,-0.153369,-0.0423609
0.853695,-0.166321,0.587084;-0.773445,-0.612879,-0.153648,-0.0505408
0.855189,-0.173866,0.59364;-0.788842,-0.592062,-0.15384,-0.0593658
0.856498,-0.181162,0.600844;-0.805874,-0.567492,-0.153918,-0.0694928
0.857423,-0.187783,0.608893;-0.825251,-0.537265,-0.153809,-0.081553
0.857483,-0.192468,0.617692;-0.847323,-0.499277,-0.153377,-0.0961327
0.85542,-0.192262,0.6275;-0.874487,-0.445769,-0.152258,-0.115676
0.851368,-0.18535,0.633591;-0.895214,-0.39795,-0.150797,-0.132243
0.847198,-0.176605,0.636311;-0.907997,-0.364139,-0.149521,-0.143484
0.843123,-0.167432,0.637495;-0.91704,-0.337477,-0.14838,-0.152086
0.83902,-0.157847,0.637818;-0.924158,-0.31439,-0.1473,-0.159354
0.8347,-0.147511,0.637524;-0.927076,-0.301294,-0.147488,-0.167332
0.830723,-0.137824,0.636855;-0.928831,-0.291681,-0.147828,-0.174191
0.82644,-0.127228,0.635828;-0.930454,-0.282025,-0.148147,-0.181025
0.82246,-0.117242,0.634653;-0.931765,-0.273544,-0.148409,-0.186984
0.81828,-0.10662,0.633238;-0.932974,-0.265033,-0.148654,-0.192923
0.814551,-0.0970292,0.631847;-0.933929,-0.257715,-0.148852,-0.197996
0.810697,-0.0870078,0.630301;-0.93481,-0.250376,-0.149038,-0.203053
0.806729,-0.0765734,0.62861;-0.935615,-0.243017,-0.149211,-0.208095
0.802658,-0.0657432,0.626786;-0.936345,-0.235638,-0.149373,-0.213119
0.799193,-0.0564284,0.62517;-0.936897,-0.229475,-0.149498,-0.217293
0.795669,-0.0468608,0.623474;-0.937396,-0.223299,-0.149616,-0.221455
0.792092,-0.0370506,0.621704;-0.937842,-0.21711,-0.149724,-0.225604
0.788467,-0.0270078,0.619866;-0.938237,-0.21091,-0.149825,-0.229741
0.784802,-0.0167424,0.617964;-0.938579,-0.204697,-0.149917,-0.233865
0.781101,-0.00626455,0.616007;-0.938869,-0.198474,-0.150001,-0.237977
0.777371,0.00441579,0.613998;-0.939107,-0.192239,-0.150076,-0.242074
0.773618,0.0152886,0.611945;-0.939292,-0.185993,-0.150144,-0.246159
0.769847,0.0263437,0.609852;-0.939425,-0.179737,-0.150202,-0.250229
0.766065,0.0375711,0.607727;-0.939505,-0.173471,-0.150253,-0.254286
0.762277,0.0489609,0.605574;-0.939534,-0.167196,-0.150295,-0.258329
0.75849,0.0605029,0.6034;-0.939509,-0.160911,-0.150328,-0.262357
0.754709,0.072187,0.60121;-0.939433,-0.154617,-0.150353,-0.26637
0.751693,0.08163,0.599452;-0.939334,-0.149576,-0.150368,-0.26957
0.748688,0.0911524,0.59769;-0.939202,-0.144529,-0.150376,-0.272761
0.745697,0.100749,0.595928;-0.939036,-0.139477,-0.15038,-0.275942
0.742723,0.110415,0.594168;-0.938836,-0.13442,-0.150378,-0.279113
0.739769,0.120145,0.592415;-0.938604,-0.129359,-0.150371,-0.282274
0.736838,0.129933,0.590671;-0.938337,-0.124293,-0.150358,-0.285425
0.733933,0.139776,0.588939;-0.938037,-0.119222,-0.15034,-0.288565
0.731058,0.149667,0.587221;-0.937704,-0.114147,-0.150317,-0.291696
0.728214,0.159601,0.585522;-0.937337,-0.109068,-0.150288,-0.294816
0.725406,0.169574,0.583843;-0.936937,-0.103985,-0.150254,-0.297925
0.722637,0.179579,0.582189;-0.936504,-0.0988986,-0.150214,-0.301024
0.719909,0.189613,0.580561;-0.936037,-0.0938085,-0.150169,-0.304112
0.717225,0.19967,0.578964;-0.935536,-0.0887151,-0.150119,-0.30719
0.714589,0.209744,0.5774;-0.935003,-0.0836185,-0.150064,-0.310256
0.712003,0.219831,0.575871;-0.934436,-0.0785189,-0.150003,-0.313311
0.709471,0.229925,0.574382;-0.933835,-0.0734166,-0.149937,-0.316356
0.706996,0.240022,0.572935;-0.933202,-0.0683116,-0.149865,-0.319388
0.70458,0.250116,0.571533;-0.932535,-0.0632041,-0.149788,-0.32241
0.702227,0.260201,0.570179;-0.931834,-0.0580945,-0.149706,-0.32542
0.699939,0.270274,0.568876;-0.931101,-0.0529827,-0.149618,-0.328418
0.697721,0.280328,0.567627;-0.930334,-0.0478691,-0.149525,-0.331405
0.695574,0.290359,0.566436;-0.929534,-0.0427537,-0.149427,-0.33438
0.693503,0.300361,0.565304;-0.928701,-0.0376368,-0.149323,-0.337343
0.691509,0.310329,0.564236;-0.927835,-0.0325186,-0.149214,-0.340293
0.689596,0.320259,0.563234;-0.926936,-0.0273992,-0.1491,-0.343232
0.687768,0.330145,0.562301;-0.926004,-0.0222789,-0.148981,-0.346159
0.686026,0.339981,0.56144;-0.925038,-0.0171577,-0.148856,-0.349073
0.683976,0.3522,0.560471;-0.923785,-0.0107554,-0.148692,-0.352698
0.682073,0.364323,0.559624;-0.922481,-0.00435255,-0.14852,-0.356303
0.680323,0.376342,0.558907;-0.921125,0.00205058,-0.14834,-0.359889
0.678731,0.388246,0.558326;-0.919718,0.00845358,-0.148152,-0.363455
0.677304,0.400024,0.557885;-0.918259,0.0148561,-0.147955,-0.367
0.676048,0.411668,0.557591;-0.916749,0.0212578,-0.14775,-0.370525
0.674968,0.423166,0.55745;-0.915189,0.0276584,-0.147537,-0.374029
0.674071,0.43451,0.557468;-0.913577,0.0340573,-0.147316,-0.377512
0.673362,0.445688,0.55765;-0.911914,0.0404544,-0.147086,-0.380975
0.672847,0.456691,0.558003;-0.910201,0.0468492,-0.146848,-0.384416
0.672533,0.467508,0.558532;-0.908436,0.0532415,-0.146602,-0.387836
0.672425,0.47813,0.559244;-0.906622,0.0596307,-0.146348,-0.391234
0.672529,0.488547,0.560144;-0.904756,0.0660167,-0.146086,-0.39461
0.672852,0.498748,0.561237;-0.90284,0.0723989,-0.145816,-0.397964
0.673398,0.508724,0.562531;-0.900874,0.0787771,-0.145537,-0.401296
0.674359,0.520383,0.564355;-0.898449,0.0864251,-0.145192,-0.405265
0.67566,0.531686,0.566486;-0.895951,0.0940662,-0.144836,-0.409202
0.677314,0.542614,0.568934;-0.893381,0.1017,-0.144467,-0.413105
0.67933,0.553152,0.571709;-0.89074,0.109325,-0.144087,-0.416976
0.681718,0.563281,0.57482;-0.888027,0.116942,-0.143696,-0.420813
0.684489,0.572984,0.578279;-0.885243,0.124549,-0.143293,-0.424616
0.687653,0.582243,0.582096;-0.882388,0.132146,-0.142879,-0.428385
0.69122,0.591042,0.586279;-0.879462,0.139733,-0.142453,-0.43212
0.695201,0.599363,0.590841;-0.876466,0.147308,-0.142016,-0.43582
0.699605,0.607188,0.59579;-0.873399,0.154872,-0.141567,-0.439485
0.704444,0.614501,0.601138;-0.870262,0.162423,-0.141107,-0.443115
0.709727,0.621283,0.606893;-0.867056,0.169961,-0.140635,-0.44671
0.715465,0.627518,0.613067;-0.863779,0.177486,-0.140153,-0.450268
0.721668,0.633188,0.61967;-0.860434,0.184996,-0.139659,-0.45379
