0.788809,-0.394361,0.599897;0.0934659,0.926193,-0.341174,-0.130503
0.789605,-0.397843,0.609329;0.0924651,0.92739,-0.339593,-0.126783
0.790853,-0.402896,0.622863;0.0909606,0.929154,-0.337208,-0.121198
0.792163,-0.407747,0.63567;0.0894523,0.930879,-0.33481,-0.115609
0.793533,-0.412397,0.647762;0.0879402,0.932564,-0.332397,-0.110015
0.794962,-0.416845,0.659154;0.0864244,0.93421,-0.32997,-0.104416
0.796446,-0.421093,0.669858;0.084905,0.935816,-0.32753,-0.0988123
0.797985,-0.425142,0.679888;0.0833819,0.937383,-0.325075,-0.0932047
0.799576,-0.428991,0.689256;0.0818554,0.93891,-0.322607,-0.0875932
0.801775,-0.433814,0.700739;0.0798146,0.940885,-0.319294,-0.0801055
0.804058,-0.438285,0.711101;0.0777678,0.942788,-0.315958,-0.0726117
0.80642,-0.442406,0.720371;0.0757152,0.944622,-0.312598,-0.0651125
0.809476,-0.447067,0.730472;0.0731415,0.946813,-0.308365,-0.0557317
0.813283,-0.451943,0.740492;0.0700417,0.949296,-0.303238,-0.0444662
0.817896,-0.456651,0.749417;0.0664103,0.951991,-0.297192,-0.0313137
0.824059,-0.461163,0.756771;0.0617191,0.955133,-0.289317,-0.0143933
0.833316,-0.464648,0.759881;0.054902,0.959031,-0.27775,0.0100554
0.84284,-0.464592,0.755064;0.0480413,0.962167,-0.265962,0.034496
0.849502,-0.462504,0.747646;0.0432689,0.963892,-0.257678,0.0514016
0.855419,-0.459255,0.738575;0.039013,0.965118,-0.250231,0.0664126
0.86056,-0.455347,0.72893;0.0352793,0.965952,-0.243653,0.079531
0.86492,-0.45121,0.719526;0.0320726,0.96649,-0.237971,0.0907609
0.868507,-0.447212,0.710968;0.0293962,0.966814,-0.233205,0.100108
0.872042,-0.442716,0.701817;0.0267163,0.967025,-0.228411,0.109442
0.875515,-0.437726,0.692136;0.0240332,0.967122,-0.223591,0.118764
0.878917,-0.432242,0.681984;0.0213474,0.967105,-0.218744,0.128073
0.881581,-0.427503,0.673564;0.0191969,0.96701,-0.214848,0.135508
0.884189,-0.422451,0.664912;0.0170449,0.966843,-0.210936,0.142934
0.886735,-0.417089,0.65606;0.0148917,0.966603,-0.207009,0.150349
0.889214,-0.411418,0.647038;0.0127374,0.96629,-0.203065,0.157752
0.891623,-0.405439,0.637878;0.0105821,0.965905,-0.199107,0.165144
0.893955,-0.399153,0.628609;0.00842598,0.965447,-0.195133,0.172523
0.895896,-0.393505,0.620579;0.0248796,0.966707,-0.187107,0.172768
0.897866,-0.387331,0.612101;0.055455,0.968435,-0.175172,0.168443
0.899649,-0.381314,0.604121;0.0840646,0.969088,-0.163808,0.16422
0.901369,-0.375072,0.59612;0.112593,0.968805,-0.152286,0.159839
0.903024,-0.368604,0.588108;0.141013,0.967586,-0.140617,0.155303
0.904611,-0.361907,0.580093;0.169296,0.965433,-0.128811,0.150617
0.90613,-0.354979,0.572086;0.197416,0.962347,-0.116882,0.145786
0.907485,-0.348302,0.564628;0.22349,0.958628,-0.105646,0.141149
0.908777,-0.34142,0.557192;0.249376,0.954103,-0.0943203,0.136394
0.910005,-0.33433,0.549788;0.275052,0.948774,-0.0829156,0.131524
0.911168,-0.327032,0.542422;0.300496,0.942648,-0.0714412,0.126544
0.912265,-0.319522,0.535103;0.325688,0.935728,-0.0599067,0.121457
0.913294,-0.3118,0.527838;0.350605,0.928021,-0.0483218,0.116267
0.914253,-0.303863,0.520635;0.375228,0.919533,-0.0366962,0.11098
0.915082,-0.2963,0.51401;0.39781,0.910958,-0.0258732,0.105987
0.915848,-0.288548,0.507451;0.420103,0.901723,-0.0150314,0.100917
0.916551,-0.280606,0.500965;0.442091,0.891833,-0.00417868,0.0957738
0.917191,-0.272474,0.494558;0.463758,0.881296,0.00667706,0.090561
0.917765,-0.264148,0.488236;0.485089,0.87012,0.017528,0.0852826
0.918274,-0.255629,0.482007;0.506068,0.858312,0.0283661,0.0799423
0.918715,-0.246913,0.475875;0.52668,0.845882,0.0391837,0.0745439
0.919088,-0.238001,0.469848;0.54691,0.832838,0.0499729,0.0690915
0.91937,-0.229597,0.464383;0.565231,0.820261,0.0599001,0.0640139
0.919593,-0.221024,0.459017;0.583204,0.807177,0.0697903,0.0588968
0.919755,-0.212278,0.453755;0.600815,0.793593,0.0796374,0.0537432
0.919856,-0.20336,0.448603;0.618056,0.77952,0.0894352,0.0485565
0.919894,-0.194268,0.443564;0.634914,0.764964,0.0991778,0.0433396
0.919869,-0.185,0.438644;0.65138,0.749935,0.108859,0.0380961
0.91978,-0.175557,0.433849;0.667443,0.734443,0.118473,0.0328289
0.919626,-0.165935,0.429182;0.683093,0.718497,0.128014,0.0275415
0.919406,-0.156135,0.424649;0.698321,0.702106,0.137475,0.022237
0.91912,-0.146155,0.420256;0.713118,0.685282,0.146852,0.0169188
0.918798,-0.136848,0.416354;0.726294,0.669487,0.155367,0.0120345
0.918419,-0.127387,0.412577;0.739093,0.653344,0.163802,0.00714394
0.917982,-0.117773,0.408928;0.751509,0.636862,0.172152,0.00224968
0.917486,-0.108003,0.405412;0.763533,0.620049,0.180412,-0.00264575
0.916931,-0.0980783,0.402032;0.775161,0.602915,0.188579,-0.00753981
0.916316,-0.0879965,0.398791;0.786387,0.585466,0.196648,-0.0124299
0.915641,-0.077757,0.395694;0.797204,0.567714,0.204614,-0.0173136
0.914905,-0.067359,0.392745;0.807607,0.549667,0.212474,-0.0221883
0.914106,-0.0568015,0.389947;0.81759,0.531334,0.220224,-0.0270515
0.913326,-0.0470647,0.387538;0.826297,0.514428,0.22717,-0.0314604
0.912494,-0.0371947,0.38526;0.83465,0.497302,0.234019,-0.0358558
0.911609,-0.0271909,0.383115;0.842644,0.479961,0.240767,-0.0402359
0.910671,-0.0170524,0.381108;0.850277,0.462415,0.247412,-0.0445986
0.90968,-0.00677873,0.37924;0.857544,0.44467,0.25395,-0.0489422
0.908634,0.00363089,0.377515;0.864443,0.426735,0.26038,-0.0532648
0.907534,0.0141771,0.375935;0.870972,0.408616,0.266698,-0.0575645
0.906379,0.0248606,0.374503;0.877126,0.390322,0.272901,-0.0618396
0.905168,0.0356822,0.373222;0.882904,0.37186,0.278987,-0.066088
0.903901,0.0466423,0.372095;0.888302,0.353238,0.284954,-0.0703081
0.902713,0.0566256,0.371215;0.892835,0.336349,0.290219,-0.0740804
0.901479,0.0667222,0.370464;0.897057,0.319343,0.295383,-0.077827
0.900198,0.0769327,0.369844;0.900968,0.302225,0.300445,-0.0815465
0.89887,0.0872576,0.369357;0.904565,0.285003,0.305402,-0.0852377
0.897495,0.0976973,0.369006;0.907847,0.267681,0.310252,-0.0888992
0.896072,0.108252,0.368792;0.910814,0.250267,0.314995,-0.0925298
0.894602,0.118923,0.368718;0.913464,0.232765,0.319629,-0.0961282
0.893083,0.129711,0.368785;0.915797,0.215183,0.324151,-0.0996932
0.891516,0.140615,0.368996;0.917811,0.197525,0.328561,-0.103223
0.8899,0.151636,0.369352;0.919506,0.179799,0.332856,-0.106718
0.888422,0.161532,0.369794;0.920744,0.16399,0.336577,-0.109793
0.886883,0.171661,0.370362;0.922884,0.152151,0.336268,-0.109811
0.885156,0.182841,0.371121;0.927227,0.147257,0.328264,-0.103958
0.883382,0.194123,0.372022;0.93144,0.142343,0.320214,-0.0980906
0.881564,0.205498,0.373061;0.935521,0.137409,0.312118,-0.0922091
0.879704,0.216959,0.374233;0.939469,0.132455,0.303978,-0.0863146
0.877802,0.228494,0.375536;0.943286,0.127483,0.295795,-0.0804079
0.875862,0.240095,0.376964;0.946969,0.122492,0.287571,-0.0744899
0.873885,0.251752,0.378514;0.950518,0.117485,0.279305,-0.0685614
0.871872,0.263457,0.380183;0.953934,0.11246,0.271001,-0.0626232
0.870169,0.27324,0.381662;0.956677,0.108261,0.264051,-0.0576679
0.868443,0.283045,0.383218;0.959327,0.104052,0.257076,-0.0527069
0.866696,0.292866,0.384849;0.961882,0.0998317,0.250075,-0.0477408
0.864929,0.302696,0.386552;0.964343,0.0956021,0.24305,-0.04277
0.863142,0.312532,0.388327;0.96671,0.0913631,0.236,-0.037795
0.861337,0.322368,0.39017;0.968982,0.0871151,0.228928,-0.0328163
0.859514,0.332198,0.392079;0.971159,0.0828586,0.221834,-0.0278344
0.857676,0.342017,0.394053;0.973241,0.078594,0.214717,-0.0228497
0.855822,0.35182,0.396088;0.975227,0.0743216,0.20758,-0.0178629
0.853954,0.361601,0.398182;0.977118,0.070042,0.200422,-0.0128742
0.852072,0.371355,0.400335;0.978913,0.0657555,0.193244,-0.00788434
0.850179,0.381077,0.402542;0.980612,0.0614626,0.186048,-0.00289368
0.848274,0.390761,0.404802;0.982215,0.0571636,0.178833,0.00209727
0.846359,0.400402,0.407113;0.983722,0.0528591,0.171601,0.00708801
0.844434,0.409994,0.409473;0.985132,0.0485494,0.164352,0.0120781
0.842502,0.419533,0.411879;0.986446,0.0442349,0.157087,0.0170669
0.840174,0.430901,0.414824;0.987895,0.0390518,0.148349,0.0230513
0.837837,0.442175,0.417828;0.989204,0.0338632,0.139589,0.0290324
0.835494,0.453345,0.420889;0.990374,0.0286698,0.13081,0.0350095
0.833145,0.464403,0.424001;0.991404,0.0234724,0.122013,0.0409816
0.830793,0.475338,0.427162;0.992294,0.0182717,0.113198,0.0469479
0.82844,0.486142,0.430367;0.993045,0.0130684,0.104368,0.0529076
0.826087,0.496805,0.433613;0.993654,0.00786322,0.0955222,0.0588598
0.823736,0.507319,0.436895;0.994124,0.00265696,0.0866634,0.0648037
0.821389,0.517674,0.44021;0.994454,-0.00254968,0.0777923,0.0707385
0.819048,0.527861,0.443554;0.994643,-0.00775595,0.0689102,0.0766632
0.816713,0.53787,0.446923;0.994691,-0.0129611,0.0600184,0.0825772
0.814388,0.547692,0.450314;0.9946,-0.0181645,0.0511181,0.0884795
0.812074,0.557318,0.453722;0.994368,-0.0233653,0.0422106,0.0943693
0.809772,0.566739,0.457143;0.993995,-0.0285628,0.0332972,0.100246
0.807484,0.575946,0.460575;0.993482,-0.0337562,0.024379,0.106108
0.804836,0.586404,0.464586;0.992707,-0.0398092,0.0139702,0.112929
0.802212,0.596543,0.468599;0.991741,-0.0458545,0.00355878,0.119727
0.799616,0.606347,0.472608;0.990584,-0.051891,-0.00685335,0.126503
0.797051,0.615804,0.476607;0.989237,-0.0579176,-0.0172642,0.133254
0.794518,0.624897,0.48059;0.987701,-0.063933,-0.0276717,0.13998
0.791667,0.634826,0.485114;0.985712,-0.0707926,-0.0395593,0.147634
0.788868,0.644239,0.4896;0.983476,-0.0776345,-0.0514371,0.155251
0.786123,0.653115,0.494039;0.980993,-0.0844569,-0.0633019,0.162828
0.783107,0.662432,0.498965;0.977905,-0.0921067,-0.0766307,0.171304
0.780172,0.671009,0.503807;0.974507,-0.0997273,-0.0899352,0.179726
0.777013,0.679635,0.509073;0.970369,-0.108157,-0.104684,0.189016
0.773672,0.687974,0.514705;0.965378,-0.117381,-0.120861,0.19915
0.770199,0.695633,0.520632;0.95941,-0.12738,-0.138442,0.210096
0.766393,0.702577,0.52722;0.951764,-0.138954,-0.158854,0.222717
0.762157,0.707962,0.53468;0.941496,-0.152864,-0.183474,0.237812
0.757365,0.709648,0.54332;0.926628,-0.170605,-0.215023,0.256944
0.753274,0.704579,0.55094;0.909204,-0.188807,-0.24757,0.276423
0.750912,0.696044,0.555519;0.895112,-0.20201,-0.271299,0.290455
0.74942,0.685792,0.558549;0.882744,-0.212713,-0.290611,0.301764
0.748552,0.675612,0.560426;0.87255,-0.221007,-0.30563,0.310487
0.748003,0.664682,0.561726;0.862924,-0.228457,-0.319157,0.31829
0.747713,0.653445,0.56255;0.853971,-0.235086,-0.331224,0.325206
0.747623,0.642317,0.562996;0.845785,-0.240915,-0.341863,0.331267
0.747676,0.631681,0.563158;0.838448,-0.245966,-0.351102,0.336502
0.747855,0.620192,0.563101;0.83095,-0.25097,-0.360273,0.341672
0.74812,0.609313,0.562863;0.836148,-0.252904,-0.355605,0.332328
0.748462,0.598439,0.56248;0.843036,-0.254227,-0.348812,0.32092
0.748837,0.588293,0.562015;0.848998,-0.255355,-0.342709,0.31072
0.749277,0.577706,0.561435;0.85481,-0.256437,-0.336544,0.300464
0.749781,0.566692,0.560743;0.860469,-0.257474,-0.330319,0.290154
0.750273,0.556713,0.560048;0.865295,-0.258344,-0.324824,0.281091
0.750811,0.546424,0.559272;0.870003,-0.259178,-0.319285,0.271989
0.751394,0.535834,0.558417;0.874593,-0.259977,-0.313702,0.26285
0.752021,0.52495,0.557486;0.879063,-0.260741,-0.308076,0.253676
0.75269,0.513781,0.556479;0.883413,-0.261469,-0.302409,0.244467
0.753401,0.502336,0.5554;0.887643,-0.262161,-0.2967,0.235224
0.754042,0.492311,0.554419;0.891172,-0.262726,-0.291774,0.227276
0.754711,0.482095,0.553387;0.894612,-0.263265,-0.286819,0.219306
0.755408,0.471691,0.552306;0.897963,-0.263777,-0.281836,0.211313
0.756133,0.461106,0.551176;0.901223,-0.264263,-0.276824,0.2033
0.756883,0.450345,0.550001;0.904393,-0.264722,-0.271785,0.195266
0.757659,0.439412,0.54878;0.907472,-0.265155,-0.266718,0.187212
0.75846,0.428313,0.547515;0.910461,-0.265562,-0.261624,0.17914
0.759285,0.417053,0.546207;0.913358,-0.265941,-0.256505,0.171049
0.760133,0.405638,0.544858;0.916164,-0.266294,-0.251359,0.162942
0.761004,0.394072,0.543468;0.918877,-0.266621,-0.246189,0.154818
0.761896,0.382361,0.542041;0.921499,-0.26692,-0.240993,0.146679
0.762809,0.37051,0.540575;0.924029,-0.267193,-0.235774,0.138525
0.763585,0.360531,0.539326;0.926066,-0.2674,-0.231406,0.131719
0.764375,0.350462,0.538053;0.928039,-0.267589,-0.227023,0.124905
0.765178,0.340304,0.536756;0.929947,-0.267758,-0.222623,0.118081
0.765993,0.330063,0.535437;0.93179,-0.267909,-0.218208,0.111249
0.766821,0.319739,0.534095;0.933569,-0.268042,-0.213778,0.10441
0.76766,0.309337,0.532732;0.935283,-0.268156,-0.209333,0.0975632
0.768511,0.29886,0.531349;0.936931,-0.268251,-0.204874,0.0907097
0.769372,0.28831,0.529946;0.938515,-0.268327,-0.2004,0.0838499
0.770244,0.27769,0.528524;0.940033,-0.268385,-0.195912,0.0769843
0.771126,0.267004,0.527083;0.941485,-0.268424,-0.191411,0.0701133
0.772017,0.256255,0.525625;0.942872,-0.268445,-0.186896,0.0632374
0.772917,0.245445,0.524151;0.944194,-0.268446,-0.182368,0.0563571
0.773826,0.234577,0.52266;0.94545,-0.268429,-0.177828,0.0494729
0.774743,0.223655,0.521154;0.94664,-0.268394,-0.173275,0.0425853
0.775668,0.212682,0.519634;0.947764,-0.26834,-0.16871,0.0356946
0.7766,0.20166,0.5181;0.948822,-0.268267,-0.164133,0.0288016
0.777538,0.190593,0.516553;0.949814,-0.268175,-0.159545,0.0219065
0.778483,0.179483,0.514994;0.950741,-0.268065,-0.154946,0.0150098
0.779434,0.168334,0.513424;0.9516,-0.267936,-0.150336,0.00811217
0.780391,0.157148,0.511843;0.952394,-0.267788,-0.145716,0.00121395
0.781352,0.14593,0.510252;0.953122,-0.267622,-0.141085,-0.00568437
0.782318,0.13468,0.508652;0.953783,-0.267437,-0.136445,-0.0125823
0.783288,0.123404,0.507043;0.954378,-0.267234,-0.131795,-0.0194793
0.784262,0.112103,0.505427;0.954906,-0.267012,-0.127136,-0.026375
0.785239,0.100781,0.503804;0.955368,-0.266771,-0.122469,-0.0332689
0.786219,0.0894401,0.502175;0.955763,-0.266512,-0.117792,-0.0401604
0.787201,0.0780842,0.500541;0.956092,-0.266234,-0.113108,-0.0470491
0.788185,0.0667161,0.498902;0.956355,-0.265938,-0.108415,-0.0539346
0.78917,0.0553387,0.497259;0.95655,-0.265623,-0.103715,-0.0608163
0.790156,0.043955,0.495614;0.95668,-0.26529,-0.099008,-0.0676938
0.791143,0.0325681,0.493966;0.956742,-0.264939,-0.0942939,-0.0745666
0.79213,0.0211809,0.492316;0.956739,-0.264568,-0.0895733,-0.0814342
0.793117,0.00979651,0.490666;0.956668,-0.26418,-0.0848464,-0.0882961
0.794102,-0.0015821,0.489016;0.956531,-0.263773,-0.0801136,-0.0951519
0.795087,-0.0129519,0.487366;0.956328,-0.263348,-0.0753753,-0.102001
0.79607,-0.0243099,0.485718;0.956057,-0.262904,-0.0706317,-0.108843
0.79705,-0.0356531,0.484072;0.955721,-0.262442,-0.0658832,-0.115678
0.798028,-0.0469785,0.48243;0.955318,-0.261962,-0.0611301,-0.122504
0.799003,-0.058283,0.480791;0.954848,-0.261464,-0.0563727,-0.129322
0.799975,-0.0695636,0.479156;0.954312,-0.260947,-0.0516115,-0.136131
0.800942,-0.0808174,0.477527;0.953709,-0.260412,-0.0468466,-0.14293
0.801905,-0.0920413,0.475905;0.953041,-0.25986,-0.0420785,-0.14972
0.802864,-0.103232,0.474288;0.952305,-0.259289,-0.0373074,-0.156499
0.803816,-0.114387,0.47268;0.951504,-0.2587,-0.0325338,-0.163267
0.804764,-0.125504,0.47108;0.950636,-0.258093,-0.0277579,-0.170024
0.805705,-0.136578,0.469489;0.949703,-0.257468,-0.02298,-0.176769
0.806639,-0.147607,0.467908;0.948703,-0.256825,-0.0182006,-0.183501
0.807566,-0.158588,0.466337;0.947637,-0.256164,-0.0134199,-0.190221
0.808486,-0.169519,0.464778;0.946505,-0.255486,-0.00863822,-0.196928
0.809398,-0.180395,0.463231;0.945307,-0.254789,-0.00385598,-0.203621
0.810301,-0.191215,0.461697;0.944044,-0.254075,0.000926532,-0.2103
0.811196,-0.201974,0.460177;0.942715,-0.253343,0.00570898,-0.216964
0.812081,-0.21267,0.458671;0.94132,-0.252594,0.010491,-0.223613
0.812956,-0.223301,0.45718;0.93986,-0.251827,0.0152724,-0.230247
0.813821,-0.233862,0.455705;0.938334,-0.251043,0.0200526,-0.236864
0.814676,-0.244351,0.454247;0.936743,-0.250241,0.0248315,-0.243465
0.815519,-0.254765,0.452807;0.935087,-0.249421,0.0296086,-0.250049
0.816351,-0.265101,0.451385;0.933366,-0.248585,0.0343837,-0.256616
0.817171,-0.275356,0.449981;0.93158,-0.247731,0.0391564,-0.263165
0.817978,-0.285527,0.448598;0.929729,-0.246859,0.0439263,-0.269695
0.818773,-0.295611,0.447235;0.927813,-0.245971,0.0486932,-0.276207
0.819554,-0.305605,0.445893;0.925833,-0.245065,0.0534567,-0.282699
0.820321,-0.315505,0.444573;0.923788,-0.244143,0.0582165,-0.289172
0.821223,-0.327259,0.44302;0.92125,-0.243013,0.0639229,-0.296913
0.822104,-0.338868,0.441501;0.918619,-0.241859,0.0696229,-0.304624
0.822962,-0.350329,0.440017;0.915896,-0.240681,0.0753159,-0.312305
0.823798,-0.361636,0.43857;0.913082,-0.239479,0.0810013,-0.319954
0.82461,-0.372784,0.437161;0.910176,-0.238253,0.0866786,-0.327571
0.825398,-0.383767,0.435791;0.907178,-0.237003,0.0923473,-0.335156
0.82616,-0.39458,0.434463;0.90409,-0.235729,0.0980067,-0.342706
0.826897,-0.405219,0.433176;0.900911,-0.234431,0.103656,-0.350223
0.827607,-0.415677,0.431932;0.897642,-0.233111,0.109295,-0.357704
0.828289,-0.42595,0.430734;0.894283,-0.231766,0.114924,-0.36515
0.828943,-0.436032,0.429581;0.890835,-0.230399,0.12054,-0.372558
0.82967,-0.447548,0.428296;0.886699,-0.228774,0.127078,-0.381155
0.830355,-0.458788,0.427077;0.882442,-0.227118,0.133598,-0.389699
0.830999,-0.469746,0.425927;0.878064,-0.225431,0.1401,-0.398191
0.8316,-0.480412,0.424847;0.873567,-0.223714,0.146583,-0.406628
0.832156,-0.490779,0.423841;0.868951,-0.221966,0.153046,-0.41501
0.832666,-0.500839,0.422909;0.864216,-0.220187,0.159488,-0.423335
0.833192,-0.511947,0.421938;0.85866,-0.218118,0.166823,-0.432778
0.833655,-0.522631,0.42107;0.852952,-0.21601,0.174129,-0.442144
0.834053,-0.532878,0.42031;0.847091,-0.213864,0.181404,-0.451432
0.83442,-0.543867,0.419585;0.840318,-0.211404,0.18955,-0.461785
0.834701,-0.554269,0.419004;0.833355,-0.208896,0.197653,-0.472033
0.834908,-0.565118,0.418532;0.825399,-0.206054,0.206603,-0.483295
0.835,-0.575196,0.418248;0.817212,-0.203155,0.215497,-0.494423
0.834965,-0.585364,0.418161;0.807945,-0.1999,0.22521,-0.506504
0.834733,-0.596097,0.418373;0.796641,-0.195967,0.236591,-0.520561
0.8342,-0.60669,0.419058;0.783134,-0.191315,0.249585,-0.536477
0.833167,-0.616755,0.420529;0.766278,-0.185574,0.26497,-0.555131
0.830879,-0.625928,0.423976;0.740715,-0.176988,0.286768,-0.581189
0.825896,-0.6273,0.431748;0.710834,-0.165165,0.312711,-0.607986
0.821475,-0.620461,0.438751;0.728437,-0.161242,0.311533,-0.588496
0.818063,-0.612687,0.444177;0.739887,-0.158564,0.310625,-0.575271
0.8147,-0.603632,0.449525;0.749994,-0.156111,0.309725,-0.563213
0.811495,-0.594037,0.454616;0.758817,-0.153897,0.308859,-0.552375
0.808536,-0.584508,0.459307;0.766413,-0.151935,0.30805,-0.542801
0.805893,-0.575538,0.46349;0.772829,-0.150234,0.307318,-0.534528
0.803156,-0.565862,0.46781;0.779159,-0.148516,0.306553,-0.526194
0.800332,-0.555509,0.472254;0.7854,-0.146782,0.305752,-0.517801
0.797917,-0.546389,0.476045;0.790533,-0.145323,0.305059,-0.510762
0.795449,-0.53684,0.479908;0.795604,-0.143854,0.304341,-0.503683
0.792931,-0.52688,0.483835;0.800613,-0.142373,0.3036,-0.496564
0.790367,-0.516527,0.487822;0.805559,-0.140881,0.302835,-0.489407
0.787761,-0.5058,0.49186;0.810441,-0.139378,0.302046,-0.482211
0.785115,-0.494717,0.495942;0.81526,-0.137864,0.301233,-0.474977
0.782434,-0.483296,0.500063;0.820015,-0.136339,0.300397,-0.467706
0.780265,-0.473928,0.503383;0.823773,-0.135112,0.299711,-0.461862
0.778077,-0.464365,0.506719;0.827489,-0.133877,0.29901,-0.455996
0.775873,-0.454616,0.510068;0.831164,-0.132636,0.298293,-0.450106
0.773653,-0.444691,0.513427;0.834797,-0.131388,0.297562,-0.444194
0.771419,-0.434598,0.516792;0.838388,-0.130134,0.296816,-0.43826
0.769173,-0.424348,0.52016;0.841936,-0.128873,0.296055,-0.432303
0.766917,-0.413949,0.523527;0.845443,-0.127606,0.295279,-0.426325
0.764653,-0.40341,0.526889;0.848907,-0.126332,0.294489,-0.420325
0.762381,-0.392742,0.530244;0.852328,-0.125052,0.293683,-0.414305
0.760105,-0.381953,0.533588;0.855707,-0.123765,0.292863,-0.408263
0.757826,-0.371053,0.536918;0.859043,-0.122473,0.292028,-0.402201
0.755546,-0.360051,0.540229;0.862335,-0.121174,0.291178,-0.396119
0.753266,-0.348956,0.543518;0.865584,-0.119869,0.290314,-0.390017
0.750987,-0.337779,0.546783;0.86879,-0.118558,0.289435,-0.383895
0.748713,-0.326527,0.550019;0.871952,-0.117241,0.288542,-0.377754
0.746445,-0.315211,0.553224;0.87507,-0.115919,0.287634,-0.371594
0.744183,-0.303839,0.556392;0.878144,-0.11459,0.286712,-0.365415
0.741931,-0.292422,0.559522;0.881174,-0.113256,0.285775,-0.359218
0.73969,-0.280968,0.56261;0.88416,-0.111916,0.284824,-0.353003
0.737461,-0.269487,0.565652;0.887101,-0.11057,0.283859,-0.34677
0.735247,-0.257988,0.568644;0.889998,-0.109219,0.282879,-0.34052
0.733049,-0.246481,0.571584;0.89285,-0.107862,0.281885,-0.334253
0.730868,-0.234974,0.574468;0.895658,-0.1065,0.280877,-0.327968
0.728708,-0.223477,0.577292;0.89842,-0.105133,0.279855,-0.321668
0.726569,-0.212,0.580052;0.901137,-0.10376,0.278819,-0.315351
0.724453,-0.200551,0.582747;0.903809,-0.102382,0.277769,-0.309018
0.722361,-0.189141,0.585371;0.906435,-0.100999,0.276704,-0.30267
0.720297,-0.177778,0.587921;0.909016,-0.0996106,0.275626,-0.296307
0.718261,-0.166472,0.590395;0.911551,-0.0982174,0.274534,-0.289929
0.716255,-0.155232,0.592788;0.914041,-0.0968193,0.273429,-0.283536
0.714281,-0.144068,0.595097;0.916484,-0.0954163,0.272309,-0.277129
0.712341,-0.132988,0.597319;0.918882,-0.0940085,0.271176,-0.270708
0.710436,-0.122002,0.59945;0.921233,-0.092596,0.270029,-0.264273
0.708568,-0.11112,0.601487;0.923538,-0.0911789,0.268869,-0.257825
0.706739,-0.100351,0.603426;0.925796,-0.0897572,0.267695,-0.251364
0.704951,-0.0897033,0.605263;0.928008,-0.0883309,0.266508,-0.244891
0.703206,-0.0791875,0.606996;0.930174,-0.0869003,0.265307,-0.238405
0.701504,-0.0688124,0.608621;0.932293,-0.0854652,0.264093,-0.231907
0.699849,-0.0585875,0.610134;0.934364,-0.0840259,0.262866,-0.225398
0.698241,-0.048522,0.611532;0.936389,-0.0825823,0.261625,-0.218877
0.696683,-0.0386254,0.612811;0.938367,-0.0811346,0.260372,-0.212346
0.694807,-0.0265061,0.614238;0.940773,-0.0793193,0.258786,-0.204166
0.693015,-0.0146834,0.615468;0.943105,-0.0774977,0.257181,-0.19597
0.69131,-0.00317544,0.616494;0.945364,-0.07567,0.255555,-0.187759
0.689695,0.00799949,0.617308;0.947547,-0.0738364,0.253909,-0.179533
0.688174,0.0188232,0.617905;0.949657,-0.071997,0.252243,-0.171294
0.68675,0.0292774,0.618277;0.951692,-0.070152,0.250557,-0.16304
0.685427,0.0393439,0.618418;0.953652,-0.0683014,0.248852,-0.154774
0.683976,0.0508863,0.618272;0.955906,-0.0660737,0.246779,-0.144839
0.682681,0.0618127,0.617772;0.958051,-0.0638385,0.244679,-0.134887
0.681548,0.0720915,0.616905;0.960088,-0.0615961,0.242552,-0.12492
0.680439,0.083223,0.615416;0.962328,-0.0589711,0.240034,-0.113274
0.679566,0.0933802,0.613393;0.964419,-0.0563371,0.23748,-0.101611
0.678872,0.103731,0.610406;0.966628,-0.0533162,0.234517,-0.0882627
0.678494,0.113684,0.606149;0.96888,-0.0499049,0.231127,-0.0732246
0.678598,0.122517,0.600261;0.971093,-0.0460998,0.227291,-0.0564939
0.67938,0.129358,0.592313;0.973176,-0.0418974,0.222989,-0.0380698
0.680899,0.132999,0.582754;0.974889,-0.0376791,0.218602,-0.0196312
0.682948,0.133369,0.572605;0.976124,-0.0338319,0.214542,-0.00286229
0.685361,0.131183,0.562238;0.976975,-0.0303602,0.21083,0.0122307
0.687974,0.127147,0.552008;0.977522,-0.0272678,0.207486,0.0256442
0.690634,0.121939,0.54225;0.977839,-0.0245574,0.204526,0.0373769
0.693199,0.11619,0.533273;0.977991,-0.0222312,0.201963,0.0474289
0.695541,0.110468,0.525351;0.978034,-0.0202908,0.19981,0.0558016
0.698074,0.103881,0.51702;0.978,-0.0183487,0.197641,0.0641699
0.700801,0.0964104,0.508273;0.977889,-0.0164053,0.195457,0.0725332
0.703125,0.0897855,0.500972;0.977745,-0.0148496,0.193699,0.0792197
0.705576,0.0825741,0.493398;0.977551,-0.0132931,0.191931,0.0859022
0.708157,0.0747669,0.485546;0.977309,-0.011736,0.190153,0.0925805
0.71087,0.0663545,0.477414;0.977018,-0.0101782,0.188366,0.0992541
0.713715,0.0573277,0.468998;0.976677,-0.00862002,0.186569,0.105923
0.716696,0.047677,0.460294;0.976287,-0.00706136,0.184763,0.112586
