0.950641,0.435563,0.409377;0.70877,-0.45898,-0.00070234,0.535707
0.956832,0.428872,0.403821;0.714977,-0.448495,0.00147586,0.536338
0.962457,0.422274,0.398691;0.721074,-0.437941,0.00365382,0.536887
0.968323,0.414694,0.393235;0.728047,-0.425543,0.00619406,0.537422
0.973461,0.407241,0.388335;0.734868,-0.413056,0.00873299,0.537846
0.97847,0.398877,0.383396;0.742475,-0.39868,0.0116324,0.538192
0.982589,0.390677,0.379146;0.749879,-0.384195,0.0145286,0.538391
0.986202,0.381647,0.375159;0.757964,-0.367774,0.017782,0.538439
0.989003,0.371854,0.371684;0.76664,-0.349379,0.0213897,0.538275
0.99059,0.362312,0.369175;0.774989,-0.330836,0.0249882,0.53788
0.991011,0.352105,0.367483;0.783791,-0.310275,0.0289343,0.537182
0.989986,0.341313,0.366852;0.792931,-0.287663,0.0332219,0.536103
0.98752,0.330875,0.367422;0.801584,-0.264875,0.0374892,0.534695
0.983727,0.32079,0.369124;0.809745,-0.241923,0.0417334,0.532959
0.979179,0.311852,0.371619;0.816788,-0.220753,0.0456015,0.53108
0.973696,0.303206,0.374954;0.82341,-0.19947,0.049446,0.528926
0.967972,0.295597,0.37867;0.829061,-0.180031,0.0529189,0.526731
0.961612,0.288225,0.382995;0.834359,-0.160516,0.0563692,0.524312
0.95468,0.28109,0.387891;0.8393,-0.140932,0.0597955,0.521669
0.948007,0.274869,0.392751;0.843441,-0.123255,0.0628574,0.519099
0.940969,0.268837,0.398012;0.847291,-0.105535,0.0658976,0.516351
0.933616,0.262993,0.403643;0.850848,-0.0877791,0.068915,0.513424
0.925995,0.257335,0.409617;0.85411,-0.0699926,0.0719086,0.510319
0.919032,0.252461,0.41519;0.856763,-0.0541619,0.0745487,0.507411
0.911929,0.247733,0.42099;0.859181,-0.0383164,0.0771685,0.504365
0.904716,0.243151,0.426996;0.861365,-0.0224605,0.0797672,0.501181
0.897429,0.238712,0.433188;0.863314,-0.00659839,0.0823441,0.49786
0.890099,0.234416,0.439545;0.865027,0.00926549,0.0848985,0.494404
0.882761,0.230264,0.446046;0.866504,0.0251268,0.0874297,0.490812
0.875447,0.226253,0.452672;0.867744,0.0409813,0.0899371,0.487086
0.868191,0.222382,0.459402;0.868747,0.0568246,0.0924199,0.483227
0.861026,0.218652,0.466215;0.869513,0.0726524,0.0948775,0.479236
0.854274,0.215209,0.472804;0.88067,0.045708,0.0960638,0.461631
0.847583,0.211859,0.479507;0.891373,0.0160475,0.0970695,0.442465
0.84063,0.208438,0.486672;0.901413,-0.0154898,0.097993,0.42144
0.833852,0.205158,0.493869;0.910067,-0.0470032,0.0987658,0.399767
0.827265,0.202016,0.501086;0.917321,-0.0784444,0.0993866,0.377479
0.820882,0.199009,0.508313;0.923164,-0.109765,0.0998546,0.35461
0.814363,0.195971,0.515962;0.927803,-0.142743,0.100183,0.329802
0.808108,0.193079,0.523594;0.930842,-0.175474,0.100338,0.304425
0.802136,0.19033,0.531195;0.932275,-0.207903,0.10032,0.278524
0.796156,0.187582,0.53917;0.932044,-0.241744,0.100114,0.250663
0.790531,0.184987,0.547079;0.930021,-0.27512,0.099715,0.222321
0.785016,0.182417,0.555316;0.925962,-0.30968,0.0990882,0.192026
0.779699,0.179893,0.563845;0.919578,-0.345258,0.0982031,0.159778
0.774679,0.177436,0.572627;0.910576,-0.381659,0.0970286,0.125593
0.770069,0.175066,0.581612;0.898657,-0.418662,0.0955336,0.0895103
0.765992,0.172804,0.590744;0.883522,-0.456015,0.0936868,0.0515913
0.762586,0.170668,0.599957;0.864878,-0.493437,0.0914578,0.011926
0.759927,0.168606,0.60952;0.841513,-0.532005,0.0887091,-0.0309533
0.758315,0.166663,0.619294;0.812783,-0.571127,0.0853737,-0.0768704
0.758118,0.164833,0.629411;0.776866,-0.611323,0.0812505,-0.12713
0.759836,0.163231,0.63931;0.73407,-0.650377,0.076385,-0.179766
0.763802,0.16193,0.648486;0.685302,-0.686399,0.070886,-0.232792
0.769911,0.160985,0.656321;0.633648,-0.71711,0.0651014,-0.282852
0.7778,0.160365,0.662639;0.581465,-0.741988,0.0592906,-0.328385
0.787217,0.160005,0.667581;0.538364,-0.759183,0.0522058,-0.362051
0.797043,0.159864,0.671072;0.554245,-0.756911,0.0378277,-0.344192
0.807389,0.159888,0.673661;0.568604,-0.75427,0.0244498,-0.327367
0.817876,0.160056,0.67553;0.581517,-0.75138,0.0120862,-0.31164
0.828199,0.160339,0.676836;0.593061,-0.748352,0.000746508,-0.297065
0.839125,0.160756,0.677779;0.604318,-0.744961,-0.0105935,-0.282347
0.84952,0.161255,0.678345;0.614299,-0.741567,-0.0208983,-0.268849
0.860301,0.161877,0.678652;0.624033,-0.737876,-0.0311948,-0.255243
0.870288,0.162544,0.678726;0.632582,-0.734302,-0.040451,-0.24291
0.880503,0.163319,0.678621;0.640925,-0.73049,-0.0496942,-0.230499
0.890908,0.164205,0.678353;0.649062,-0.726442,-0.0589213,-0.218013
0.901461,0.165207,0.677937;0.656988,-0.722159,-0.0681293,-0.205456
0.912125,0.166328,0.677387;0.664701,-0.717642,-0.0773153,-0.192833
0.922859,0.167572,0.676717;0.6722,-0.712893,-0.0864762,-0.180148
0.933625,0.168945,0.675942;0.679481,-0.707913,-0.0956092,-0.167404
0.944381,0.170449,0.675077;0.686542,-0.702704,-0.104711,-0.154607
0.95509,0.172089,0.674137;0.69338,-0.697268,-0.113779,-0.141759
0.965711,0.17387,0.673135;0.699995,-0.691606,-0.122811,-0.128865
0.976205,0.175795,0.672087;0.706383,-0.68572,-0.131802,-0.115929
0.986532,0.177869,0.671007;0.712542,-0.679612,-0.140751,-0.102956
0.996653,0.180095,0.66991;0.718471,-0.673285,-0.149655,-0.0899502
1.00653,0.182478,0.668811;0.724167,-0.666739,-0.15851,-0.0769148
1.01717,0.185314,0.667604;0.730221,-0.659213,-0.168288,-0.062402
1.0274,0.188355,0.666432;0.735984,-0.651424,-0.177999,-0.0478642
1.03717,0.191606,0.665314;0.741452,-0.643375,-0.18764,-0.0333074
1.04732,0.195432,0.664173;0.747125,-0.634224,-0.198157,-0.0172797
1.05678,0.199526,0.663148;0.752437,-0.624766,-0.208579,-0.00124367
1.06622,0.204307,0.662196;0.757816,-0.614104,-0.219833,0.0162506
1.0753,0.209869,0.661397;0.763152,-0.602155,-0.231881,0.0351919
1.08363,0.216317,0.660858;0.768322,-0.588833,-0.244682,0.0555632
1.09115,0.224303,0.660711;0.776936,-0.576171,-0.244246,0.068854
1.09679,0.233452,0.661075;0.787766,-0.564276,-0.234717,0.0769748
1.10019,0.243134,0.661864;0.798269,-0.552146,-0.225091,0.0850637
1.10152,0.253221,0.662965;0.80844,-0.539786,-0.215371,0.0931172
1.101,0.263582,0.664263;0.818275,-0.527203,-0.205561,0.101132
1.09879,0.274088,0.665644;0.82777,-0.5144,-0.195666,0.109105
1.09554,0.283561,0.666861;0.836022,-0.502694,-0.186692,0.116242
1.09123,0.292951,0.667969;0.843992,-0.49082,-0.177654,0.123339
1.08601,0.302165,0.668883;0.851678,-0.47878,-0.168556,0.130395
1.08001,0.311108,0.66952;0.859078,-0.466579,-0.159402,0.137408
1.07337,0.319686,0.669796;0.866188,-0.454221,-0.150194,0.144374
1.06624,0.327805,0.669628;0.873007,-0.44171,-0.140935,0.151291
1.05875,0.335369,0.668932;0.879531,-0.429051,-0.131629,0.158158
1.05105,0.342284,0.667625;0.88576,-0.416247,-0.122279,0.164971
1.04328,0.348456,0.665622;0.891691,-0.403303,-0.112887,0.171729
1.03473,0.354328,0.66248;0.897928,-0.388761,-0.102408,0.17917
1.02646,0.359037,0.658262;0.903793,-0.374058,-0.0918862,0.186536
1.01865,0.362452,0.652854;0.909282,-0.3592,-0.0813261,0.193825
1.01151,0.364445,0.64614;0.914393,-0.344192,-0.0707322,0.201033
1.0051,0.364906,0.637923;0.90118,-0.363519,-0.0849176,0.220266
0.999848,0.364028,0.629433;0.884014,-0.387784,-0.102903,0.239905
0.99514,0.362167,0.620742;0.866452,-0.410203,-0.11979,0.258158
0.990476,0.359408,0.611663;0.847651,-0.432035,-0.136507,0.276042
0.985921,0.356069,0.602944;0.828782,-0.452088,-0.152116,0.29257
0.981339,0.352351,0.59479;0.810057,-0.470436,-0.16663,0.307786
0.976319,0.348149,0.586858;0.790417,-0.488252,-0.180956,0.322655
0.970711,0.343532,0.579312;0.769885,-0.505516,-0.195077,0.337158
0.964368,0.338572,0.572319;0.748483,-0.52221,-0.208979,0.351281
0.957621,0.333672,0.566412;0.72765,-0.537325,-0.221797,0.364162
0.949975,0.328589,0.561272;0.706095,-0.551906,-0.234395,0.376681
0.941919,0.323733,0.557287;0.685344,-0.565022,-0.245944,0.388028
0.932873,0.318815,0.554202;0.664001,-0.577649,-0.257279,0.399039
0.9235,0.314236,0.552238;0.643667,-0.588927,-0.267607,0.408956
0.913946,0.310031,0.551275;0.624472,-0.598947,-0.276962,0.417838
0.904371,0.306222,0.55117;0.606527,-0.607799,-0.285384,0.425748
0.894948,0.302816,0.551767;0.589932,-0.615564,-0.292908,0.432742
0.884802,0.299482,0.553065;0.573077,-0.623058,-0.300303,0.439544
0.875023,0.296558,0.554866;0.557691,-0.629568,-0.306845,0.445501
0.864603,0.293719,0.557298;0.542106,-0.635852,-0.313278,0.451298
0.854781,0.291277,0.560012;0.52809,-0.641248,-0.318902,0.456316
0.844412,0.28892,0.563268;0.513924,-0.646462,-0.324435,0.461205
0.834878,0.286936,0.566578;0.50141,-0.650875,-0.329202,0.465376
0.824899,0.28503,0.570333;0.488788,-0.655148,-0.333898,0.469447
0.814462,0.283208,0.574546;0.47606,-0.659278,-0.338522,0.473416
0.805143,0.281719,0.578533;0.465068,-0.662705,-0.342427,0.476736
0.795472,0.280299,0.582876;0.454002,-0.666027,-0.346277,0.479981
0.785439,0.278953,0.587583;0.442865,-0.669243,-0.350073,0.48315
0.775039,0.277684,0.592663;0.431656,-0.672353,-0.353812,0.486242
0.766084,0.276689,0.597189;0.422264,-0.674863,-0.356886,0.488759
0.756864,0.275752,0.601984;0.412825,-0.677298,-0.35992,0.491223
0.747373,0.274876,0.607055;0.40334,-0.679659,-0.362915,0.493632
0.737607,0.274063,0.612407;0.393811,-0.681945,-0.36587,0.495987
