0.728434,-0.101775,0.149488;0.627239,-0.606605,0.364347,-0.32535
0.734061,-0.108394,0.157591;0.629827,-0.605309,0.363663,-0.323525
0.739593,-0.114834,0.165572;0.632407,-0.604005,0.362975,-0.321696
0.74503,-0.121099,0.17343;0.634979,-0.602694,0.362282,-0.319864
0.750374,-0.127189,0.181167;0.637544,-0.601376,0.361585,-0.318027
0.755625,-0.133105,0.188783;0.640101,-0.60005,0.360884,-0.316187
0.760783,-0.13885,0.19628;0.64265,-0.598717,0.360178,-0.314342
0.76585,-0.144423,0.203657;0.645191,-0.597377,0.359468,-0.312494
0.770825,-0.149828,0.210916;0.647724,-0.596029,0.358753,-0.310642
0.77571,-0.155064,0.218058;0.65025,-0.594674,0.358034,-0.308787
0.782869,-0.162606,0.228552;0.654023,-0.592628,0.356948,-0.305996
0.789828,-0.169778,0.238787;0.657779,-0.590566,0.355851,-0.303197
0.796588,-0.176583,0.248764;0.661516,-0.588488,0.354745,-0.30039
0.803153,-0.183028,0.258486;0.665235,-0.586394,0.35363,-0.297574
0.809524,-0.189115,0.267957;0.668936,-0.584283,0.352504,-0.294751
0.815704,-0.194851,0.277178;0.672619,-0.582157,0.351369,-0.291919
0.821694,-0.200238,0.286152;0.676283,-0.580015,0.350224,-0.289079
0.827496,-0.205283,0.294883;0.679929,-0.577856,0.34907,-0.286232
0.833114,-0.209989,0.303372;0.683556,-0.575682,0.347906,-0.283376
0.838548,-0.214361,0.311622;0.687165,-0.573492,0.346732,-0.280513
0.843802,-0.218404,0.319636;0.690754,-0.571287,0.345549,-0.277642
0.848876,-0.222121,0.327417;0.694325,-0.569066,0.344357,-0.274764
0.855368,-0.226581,0.337433;0.699056,-0.56608,0.342752,-0.270914
0.861551,-0.230482,0.347044;0.703754,-0.563067,0.341131,-0.267051
0.86743,-0.233835,0.356258;0.708417,-0.560026,0.339493,-0.263175
0.87301,-0.236651,0.36508;0.713045,-0.556958,0.337839,-0.259287
0.878296,-0.238941,0.373517;0.717639,-0.553863,0.336168,-0.255385
0.884498,-0.241081,0.383531;0.723332,-0.549956,0.334057,-0.250491
0.890259,-0.242436,0.392964;0.72897,-0.546007,0.33192,-0.245578
0.895589,-0.243028,0.40183;0.734553,-0.542017,0.329757,-0.240646
0.901429,-0.242761,0.411737;0.741178,-0.537174,0.327129,-0.234704
0.90668,-0.241462,0.420864;0.747722,-0.532272,0.324466,-0.228735
0.912083,-0.238692,0.430557;0.755253,-0.52648,0.321313,-0.221741
0.916733,-0.234625,0.439252;0.762672,-0.520609,0.318113,-0.214714
0.920659,-0.229319,0.446982;0.769977,-0.514661,0.314865,-0.207654
0.924292,-0.221813,0.454678;0.778184,-0.507769,0.311096,-0.199548
0.927054,-0.212851,0.461209;0.78624,-0.500778,0.307266,-0.191403
0.928787,-0.203883,0.466007;0.793164,-0.494581,0.303866,-0.184246
0.929912,-0.193925,0.469984;0.799969,-0.48831,0.30042,-0.177061
0.930455,-0.183035,0.473174;0.806655,-0.481966,0.29693,-0.16985
0.930479,-0.173002,0.475307;0.81229,-0.476471,0.293903,-0.163649
0.930112,-0.162364,0.476908;0.817836,-0.470924,0.290843,-0.15743
0.929371,-0.151156,0.477997;0.823293,-0.465326,0.287752,-0.151193
0.928275,-0.139415,0.478596;0.828659,-0.459676,0.28463,-0.144941
0.927101,-0.12925,0.478736;0.833062,-0.45493,0.282004,-0.139718
0.925702,-0.118762,0.478563;0.837401,-0.450149,0.279356,-0.134484
0.924088,-0.107971,0.478088;0.841676,-0.445334,0.276688,-0.12924
0.922267,-0.0968985,0.477324;0.845888,-0.440484,0.273998,-0.123987
0.920251,-0.0855661,0.476283;0.850035,-0.435602,0.271287,-0.118723
0.918049,-0.0739946,0.474978;0.854117,-0.430686,0.268556,-0.113451
0.91567,-0.0622051,0.47342;0.858135,-0.425737,0.265804,-0.108171
0.913126,-0.0502187,0.471622;0.862087,-0.420756,0.263032,-0.102882
0.910977,-0.0405021,0.470019;0.865201,-0.416749,0.2608,-0.0986448
0.908734,-0.0306839,0.468276;0.868274,-0.41272,0.258556,-0.0944031
0.9064,-0.0207748,0.4664;0.871304,-0.408672,0.256298,-0.0901569
0.903982,-0.0107856,0.464396;0.874291,-0.404604,0.254029,-0.0859063
0.901484,-0.000727326,0.462272;0.877236,-0.400516,0.251747,-0.0816515
0.89876,0.00997617,0.459901;0.878477,-0.401828,0.246828,-0.0767352
0.896178,0.0198992,0.457605;0.876278,-0.412833,0.237902,-0.0714695
0.893531,0.0298643,0.455208;0.873874,-0.423743,0.228921,-0.0661872
0.890824,0.0398669,0.452714;0.871267,-0.434553,0.219886,-0.0608895
0.888057,0.0499025,0.450126;0.868456,-0.445262,0.210801,-0.0555775
0.885235,0.0599663,0.447448;0.865442,-0.455868,0.201665,-0.0502526
0.88236,0.0700539,0.444682;0.862227,-0.466366,0.192483,-0.0449159
0.879434,0.0801605,0.441832;0.85881,-0.476756,0.183256,-0.0395688
0.876461,0.0902816,0.438902;0.855193,-0.487035,0.173986,-0.0342124
0.873442,0.100413,0.435893;0.851376,-0.4972,0.164676,-0.028848
0.870382,0.110549,0.432811;0.847361,-0.507249,0.155327,-0.0234769
0.867282,0.120686,0.429658;0.843148,-0.51718,0.145942,-0.0181004
0.864145,0.130819,0.426437;0.838738,-0.52699,0.136523,-0.0127196
0.860974,0.140943,0.423151;0.834132,-0.536677,0.127072,-0.0073358
0.857772,0.151054,0.419805;0.829332,-0.546239,0.117591,-0.00195033
0.854541,0.161147,0.4164;0.824338,-0.555673,0.108083,0.0034356
0.851284,0.171218,0.412942;0.819152,-0.564978,0.0985493,0.00882073
0.848005,0.181262,0.409432;0.813775,-0.574151,0.088993,0.0142038
0.844704,0.191274,0.405874;0.808208,-0.583189,0.0794158,0.0195836
0.841387,0.20125,0.402271;0.802452,-0.592092,0.0698202,0.0249587
0.838054,0.211186,0.398627;0.796509,-0.600857,0.0602082,0.0303281
0.834709,0.221075,0.394945;0.79038,-0.609481,0.0505822,0.0356904
0.831354,0.230915,0.391227;0.784067,-0.617963,0.0409444,0.0410443
0.827993,0.2407,0.387479;0.77757,-0.626301,0.031297,0.0463887
0.824628,0.250425,0.383702;0.770893,-0.634493,0.0216423,0.0517223
0.821261,0.260087,0.3799;0.764035,-0.642536,0.0119826,0.0570437
0.817896,0.26968,0.376077;0.756999,-0.65043,0.00232011,0.0623519
0.814535,0.2792,0.372235;0.749786,-0.658172,-0.00734295,0.0676455
0.811181,0.288643,0.368377;0.742399,-0.665761,-0.0170043,0.0729234
0.807836,0.298003,0.364508;0.734838,-0.673194,-0.0266617,0.0781842
0.804504,0.307276,0.360631;0.727106,-0.680469,-0.0363128,0.0834268
0.801187,0.316457,0.356748;0.719204,-0.687587,-0.0459555,0.0886499
0.797888,0.325543,0.352863;0.711134,-0.694543,-0.0555875,0.0938523
0.794609,0.334527,0.34898;0.702898,-0.701338,-0.0652065,0.0990328
0.791353,0.343406,0.345101;0.694498,-0.707969,-0.0748102,0.10419
0.788124,0.352175,0.34123;0.685936,-0.714435,-0.0843965,0.109323
0.784923,0.36083,0.33737;0.677215,-0.720734,-0.0939631,0.114431
0.78136,0.370423,0.333044;0.667214,-0.727619,-0.104699,0.120145
0.77784,0.37986,0.328742;0.657016,-0.734289,-0.115404,0.125823
0.774368,0.389132,0.324468;0.646624,-0.740743,-0.126076,0.131465
0.770947,0.398233,0.320225;0.636041,-0.746978,-0.136709,0.137067
0.767582,0.407157,0.31602;0.62527,-0.752992,-0.147303,0.14263
0.764276,0.415898,0.311856;0.614314,-0.758783,-0.157853,0.14815
0.761032,0.424448,0.307738;0.603177,-0.764351,-0.168356,0.153626
0.757508,0.433717,0.303223;0.590594,-0.770273,-0.179968,0.159657
0.754071,0.442734,0.298778;0.577795,-0.775913,-0.191515,0.16563
0.750728,0.451491,0.294408;0.564786,-0.781271,-0.202991,0.171543
0.747483,0.459977,0.29012;0.551571,-0.786344,-0.214394,0.177393
0.744034,0.468989,0.285505;0.536802,-0.791592,-0.226846,0.183754
0.740718,0.477651,0.281007;0.521797,-0.796492,-0.239198,0.190033
0.73726,0.486688,0.276242;0.505165,-0.801436,-0.252553,0.196788
0.733978,0.495279,0.271635;0.488267,-0.80596,-0.265775,0.203439
0.730632,0.504065,0.266837;0.469673,-0.810383,-0.279941,0.210524
0.727285,0.512898,0.261909;0.449325,-0.814587,-0.295004,0.218009
0.72401,0.521612,0.256924;0.427167,-0.818446,-0.310908,0.225855
0.720891,0.530017,0.251966;0.403147,-0.821822,-0.327591,0.23402
0.717898,0.538249,0.246916;0.39491,-0.828345,-0.31883,0.237146
0.715029,0.546354,0.241645;0.395393,-0.837311,-0.293565,0.237473
0.712306,0.554285,0.235937;0.395598,-0.847672,-0.26169,0.237641
0.70985,0.561638,0.2292;0.395094,-0.861141,-0.214418,0.237405
0.709262,0.561914,0.220767;0.391226,-0.881811,-0.118434,0.235214
0.711034,0.552292,0.218211;0.386606,-0.890785,-0.0544889,0.232526
0.712712,0.542063,0.217547;0.382698,-0.894639,-0.0124528,0.230234
0.714167,0.531908,0.217481;0.379125,-0.896543,0.0207531,0.228132
0.715437,0.521682,0.217693;0.375684,-0.897378,0.0495141,0.226102
0.716556,0.511112,0.21807;0.372226,-0.897477,0.0760262,0.224059
0.717494,0.500501,0.218539;0.368821,-0.897001,0.100281,0.222045
0.718238,0.490115,0.219043;0.365532,-0.896098,0.122279,0.220098
0.718849,0.479047,0.219602;0.36206,-0.894747,0.144216,0.21804
0.71926,0.468519,0.220134;0.358782,-0.893149,0.163898,0.216095
0.719517,0.45747,0.220679;0.355358,-0.891191,0.183514,0.214063
0.719599,0.447226,0.221162;0.352193,-0.889147,0.200888,0.212184
0.719528,0.436593,0.221634;0.348916,-0.886819,0.218198,0.210237
0.719288,0.425584,0.222083;0.345528,-0.884207,0.235438,0.208223
0.718864,0.414208,0.2225;0.342029,-0.881313,0.252603,0.206142
0.71833,0.403963,0.22283;0.338878,-0.87855,0.267556,0.204268
0.717633,0.393454,0.22312;0.335644,-0.875572,0.282444,0.202343
0.716764,0.382687,0.223364;0.332328,-0.872379,0.297263,0.200369
0.715802,0.372533,0.223543;0.320749,-0.869836,0.310668,0.209742
0.714637,0.361686,0.223686;0.306036,-0.866879,0.324476,0.22266
0.713442,0.351558,0.223786;0.292392,-0.863725,0.336968,0.234389
0.712135,0.341265,0.223863;0.278606,-0.860148,0.349296,0.246003
0.71073,0.330816,0.223922;0.264682,-0.856149,0.361452,0.257496
0.709237,0.320221,0.223972;0.25063,-0.851732,0.373431,0.268863
0.707669,0.30949,0.224018;0.236454,-0.846897,0.385227,0.280098
0.706038,0.298632,0.224067;0.222163,-0.841648,0.396834,0.291197
0.70451,0.288661,0.224121;0.209076,-0.836518,0.407218,0.301162
0.702947,0.2786,0.224187;0.195905,-0.831049,0.417437,0.311006
0.70136,0.268459,0.224272;0.182654,-0.825244,0.427487,0.320724
0.699756,0.258243,0.224381;0.16933,-0.819105,0.437364,0.330312
0.698145,0.247962,0.224518;0.155937,-0.812635,0.447064,0.339767
0.696536,0.237621,0.224688;0.142481,-0.805836,0.456584,0.349084
0.694937,0.227229,0.224897;0.128967,-0.79871,0.465918,0.35826
0.693357,0.216792,0.225149;0.115401,-0.791262,0.475064,0.36729
0.691805,0.20632,0.225449;0.101788,-0.783493,0.484017,0.376172
0.69029,0.195818,0.225803;0.088134,-0.775407,0.492775,0.384902
0.68882,0.185294,0.226216;0.0744444,-0.767007,0.501333,0.393476
0.687406,0.174756,0.226693;0.0607247,-0.758297,0.509688,0.401891
0.686054,0.164211,0.227238;0.0469804,-0.74928,0.517837,0.410143
0.684775,0.153667,0.227856;0.0332171,-0.739959,0.525777,0.418229
0.683577,0.143131,0.228554;0.0194404,-0.730339,0.533503,0.426146
0.68247,0.13261,0.229335;0.00565575,-0.720424,0.541014,0.433891
0.681461,0.122112,0.230204;-0.00813116,-0.710217,0.548306,0.44146
0.680559,0.111645,0.231168;-0.0219148,-0.699723,0.555376,0.44885
0.679774,0.101215,0.23223;-0.0356895,-0.688945,0.562221,0.456058
0.679115,0.0908308,0.233397;-0.0494498,-0.677889,0.568838,0.463082
0.67859,0.0804992,0.234672;-0.0631901,-0.666558,0.575225,0.469919
0.678208,0.0702278,0.236061;-0.0769048,-0.654957,0.58138,0.476565
0.677978,0.0600239,0.237569;-0.0905884,-0.643092,0.587299,0.483018
0.677908,0.0498951,0.239201;-0.104235,-0.630966,0.592981,0.489276
0.678009,0.0398487,0.240962;-0.11784,-0.618584,0.598422,0.495336
0.678287,0.0298923,0.242857;-0.131397,-0.605953,0.603622,0.501196
0.678754,0.0200332,0.244891;-0.144901,-0.593076,0.608577,0.506852
0.679416,0.0102789,0.24707;-0.158346,-0.579959,0.613285,0.512304
0.680382,-0.000320876,0.249638;-0.173062,-0.565259,0.618178,0.518061
0.681608,-0.0107749,0.252394;-0.187693,-0.550283,0.622768,0.523564
0.683105,-0.0210734,0.255343;-0.202231,-0.535037,0.627053,0.528811
0.684886,-0.0312063,0.258493;-0.216671,-0.51953,0.631032,0.533799
0.686962,-0.0411638,0.26185;-0.231005,-0.503767,0.634701,0.538526
0.689345,-0.0509359,0.265422;-0.245226,-0.487759,0.638059,0.542989
0.692047,-0.0605128,0.269213;-0.259326,-0.471511,0.641105,0.547186
0.69508,-0.0698846,0.273233;-0.2733,-0.455032,0.643836,0.551115
0.698455,-0.0790413,0.277486;-0.287139,-0.438331,0.646253,0.554774
0.702184,-0.087973,0.28198;-0.300838,-0.421414,0.648353,0.558162
0.706279,-0.0966698,0.286721;-0.31439,-0.404292,0.650136,0.561276
0.710752,-0.105122,0.291716;-0.327788,-0.386971,0.6516,0.564115
0.715615,-0.113319,0.296973;-0.341025,-0.369462,0.652745,0.566678
0.720538,-0.120766,0.302144;-0.357517,-0.35408,0.650716,0.568663
0.725711,-0.12784,0.307446;-0.383038,-0.341452,0.641872,0.569818
0.7312,-0.134673,0.312954;-0.408218,-0.32852,0.632457,0.570466
0.736981,-0.141256,0.31865;-0.433034,-0.315295,0.622478,0.570607
0.743031,-0.14758,0.324517;-0.457465,-0.30179,0.611945,0.570239
0.749326,-0.153637,0.330537;-0.481489,-0.288016,0.600867,0.569363
0.755843,-0.159417,0.33669;-0.505084,-0.273986,0.589254,0.567981
0.762558,-0.164912,0.34296;-0.528229,-0.259711,0.577117,0.566092
0.769448,-0.170112,0.349328;-0.550904,-0.245206,0.564466,0.5637
0.77649,-0.17501,0.355776;-0.573088,-0.230482,0.551312,0.560806
0.783659,-0.179596,0.362286;-0.594762,-0.215553,0.537667,0.557413
0.790933,-0.183861,0.36884;-0.615907,-0.200432,0.523544,0.553523
0.798287,-0.187797,0.375419;-0.636503,-0.185132,0.508954,0.54914
0.805699,-0.191395,0.382006;-0.656533,-0.169668,0.493912,0.544269
0.813145,-0.194645,0.388583;-0.675978,-0.154053,0.478429,0.538913
0.820602,-0.19754,0.395131;-0.694821,-0.1383,0.462521,0.533077
0.828045,-0.200069,0.401633;-0.713046,-0.122424,0.446201,0.526767
0.835452,-0.202226,0.408069;-0.730635,-0.10644,0.429483,0.519987
0.843361,-0.20412,0.414908;-0.74885,-0.0891201,0.411053,0.512169
0.851171,-0.205559,0.421628;-0.766292,-0.0717082,0.392198,0.503821
0.858853,-0.206533,0.428207;-0.782942,-0.0542224,0.372938,0.494954
0.866908,-0.207047,0.435073;-0.799884,-0.0354259,0.351875,0.484886
0.874746,-0.207001,0.441724;-0.815878,-0.0165874,0.330396,0.474243
0.882827,-0.206318,0.448549;-0.831872,0.00352814,0.307053,0.462272
0.890577,-0.204966,0.455062;-0.846744,0.0236389,0.283296,0.449677
0.898398,-0.202776,0.461605;-0.861294,0.044971,0.257637,0.435631
0.905743,-0.199792,0.467717;-0.874532,0.0662347,0.231585,0.420921
0.912943,-0.195745,0.473677;-0.887098,0.0886386,0.203618,0.404649
0.91983,-0.190456,0.479342;-0.898718,0.112122,0.17372,0.386724
0.925914,-0.184097,0.484311;-0.90863,0.135393,0.143493,0.368063
0.931122,-0.176639,0.488526;-0.916814,0.158406,0.112992,0.348702
0.935379,-0.168055,0.49193;-0.923254,0.181117,0.0822766,0.328678
0.93847,-0.15886,0.494358;-0.927736,0.202317,0.0530325,0.309131
0.94058,-0.148605,0.495959;-0.930634,0.223171,0.0236979,0.289056
0.941582,-0.138583,0.496651;-0.931877,0.241389,-0.0024129,0.270797
0.941734,-0.128395,0.496642;-0.931901,0.258173,-0.0268894,0.253346
0.941156,-0.118184,0.496035;-0.930926,0.273563,-0.049706,0.236788
0.939971,-0.108084,0.494934;-0.929161,0.287601,-0.0708474,0.221193
0.938301,-0.0982258,0.493441;-0.926797,0.300332,-0.090307,0.206622
0.93606,-0.0878458,0.491477;-0.92373,0.312835,-0.109698,0.191895
0.933488,-0.0778668,0.489251;-0.920303,0.324088,-0.1274,0.178267
0.930708,-0.0684052,0.486864;-0.916678,0.334139,-0.143423,0.165779
0.927496,-0.0585682,0.484122;-0.91257,0.344014,-0.159371,0.153204
0.924226,-0.0493906,0.481345;-0.908462,0.352746,-0.173652,0.141817
0.920591,-0.0399028,0.478267;-0.903966,0.361328,-0.187859,0.130369
0.916581,-0.0301017,0.474884;-0.899085,0.369756,-0.201985,0.118866
0.912697,-0.0211244,0.471616;-0.894423,0.377115,-0.21447,0.108598
0.908505,-0.0118953,0.468096;-0.88946,0.384347,-0.226883,0.0982936
0.904,-0.00241221,0.464322;-0.884198,0.391449,-0.239219,0.087956
0.899798,0.00609533,0.460807;-0.879348,0.397556,-0.249947,0.0788862
