0.848859,0.603085,0.288678;0.22128,0.95891,0.14664,0.100119
0.849485,0.600057,0.292742;0.218486,0.959535,0.147408,0.0991342
0.850107,0.597042,0.296787;0.21569,0.96015,0.148175,0.0981487
0.850724,0.594037,0.300811;0.212892,0.960757,0.14894,0.0971622
0.851336,0.591044,0.304815;0.210092,0.961354,0.149704,0.0961748
0.851944,0.588063,0.308799;0.207289,0.961941,0.150466,0.0951865
0.852748,0.584105,0.314079;0.203549,0.96271,0.15148,0.0938672
0.853544,0.580168,0.319324;0.199806,0.963462,0.152492,0.0925463
0.854331,0.57625,0.324534;0.19606,0.964197,0.153501,0.0912238
0.855111,0.572353,0.329708;0.192309,0.964916,0.154507,0.0898998
0.855883,0.568476,0.334847;0.188556,0.965618,0.15551,0.0885741
0.856647,0.564619,0.339951;0.184799,0.966303,0.156511,0.087247
0.857403,0.560782,0.34502;0.181039,0.966971,0.157509,0.0859183
0.858151,0.556965,0.350053;0.177276,0.967623,0.158505,0.0845881
0.858891,0.553168,0.355052;0.17351,0.968258,0.159497,0.0832565
0.859624,0.54939,0.360016;0.169741,0.968876,0.160487,0.0819234
0.860348,0.545633,0.364945;0.165969,0.969477,0.161474,0.0805889
0.861065,0.541895,0.369839;0.162194,0.970062,0.162458,0.079253
0.861775,0.538177,0.374699;0.158416,0.970629,0.16344,0.0779157
0.862476,0.534478,0.379525;0.154636,0.97118,0.164418,0.0765771
0.86317,0.5308,0.384315;0.150853,0.971714,0.165394,0.0752371
0.863857,0.52714,0.389072;0.147067,0.972231,0.166367,0.0738958
0.864535,0.523501,0.393794;0.143279,0.972731,0.167337,0.0725533
0.865206,0.51988,0.398483;0.139488,0.973214,0.168304,0.0712095
0.86587,0.51628,0.403137;0.135694,0.973681,0.169268,0.0698645
0.866526,0.512698,0.407757;0.131899,0.97413,0.170229,0.0685182
0.867174,0.509136,0.412343;0.128101,0.974563,0.171188,0.0671708
0.867815,0.505593,0.416896;0.124301,0.974979,0.172143,0.0658222
0.868449,0.50207,0.421415;0.120498,0.975378,0.173095,0.0644724
0.869075,0.498566,0.4259;0.116694,0.97576,0.174045,0.0631216
0.869693,0.495081,0.430352;0.112888,0.976125,0.174991,0.0617696
0.870305,0.491615,0.43477;0.109079,0.976473,0.175934,0.0604166
0.870908,0.488168,0.439155;0.105269,0.976804,0.176874,0.0590625
0.871505,0.48474,0.443507;0.101457,0.977118,0.177811,0.0577074
0.872094,0.481331,0.447826;0.0976432,0.977415,0.178745,0.0563513
0.872676,0.477941,0.452111;0.0938277,0.977695,0.179676,0.0549942
0.873251,0.47457,0.456364;0.0900105,0.977959,0.180604,0.0536362
0.873818,0.471218,0.460584;0.0861918,0.978205,0.181529,0.0522772
0.874378,0.467884,0.464771;0.0823716,0.978435,0.182451,0.0509173
0.874931,0.46457,0.468925;0.07855,0.978647,0.183369,0.0495566
0.875477,0.461274,0.473046;0.074727,0.978842,0.184284,0.048195
0.876016,0.457996,0.477135;0.0709027,0.979021,0.185196,0.0468325
0.876548,0.454738,0.481192;0.0670772,0.979182,0.186105,0.0454693
0.877072,0.451498,0.485216;0.0632505,0.979327,0.187011,0.0441052
0.87759,0.448276,0.489208;0.0594227,0.979454,0.187913,0.0427404
0.8781,0.445073,0.493168;0.0555939,0.979565,0.188812,0.0413748
0.878604,0.441889,0.497096;0.0517641,0.979658,0.189708,0.0400086
0.8791,0.438722,0.500992;0.0479334,0.979735,0.1906,0.0386416
0.87959,0.435575,0.504855;0.0441019,0.979795,0.191489,0.037274
0.880192,0.431666,0.50964;0.0393114,0.979845,0.192596,0.0355635
0.880783,0.427785,0.514376;0.0345199,0.979869,0.193698,0.0338521
0.881364,0.423933,0.519062;0.0297275,0.979867,0.194794,0.0321397
0.881934,0.420109,0.523699;0.0249342,0.979837,0.195885,0.0304265
0.882493,0.416314,0.528287;0.0201403,0.979782,0.196971,0.0287125
0.883042,0.412546,0.532826;0.0153458,0.9797,0.198052,0.0269977
0.88358,0.408807,0.537317;0.0105509,0.979591,0.199127,0.0252821
0.884108,0.405096,0.541759;0.0057557,0.979455,0.200196,0.0235659
0.884625,0.401412,0.546152;0.000960353,0.979294,0.201261,0.0218491
0.885132,0.397757,0.550498;-0.00383501,0.979105,0.202319,0.0201316
0.885629,0.394129,0.554795;-0.00863028,0.97889,0.203373,0.0184136
0.886115,0.390528,0.559045;-0.0134253,0.978649,0.20442,0.0166951
0.886591,0.386956,0.563247;-0.01822,0.978381,0.205463,0.0149761
0.887057,0.38341,0.567402;-0.0230141,0.978086,0.206499,0.0132568
0.887513,0.379892,0.57151;-0.0278077,0.977765,0.207531,0.0115371
0.887959,0.376402,0.57557;-0.0326005,0.977418,0.208556,0.00981703
0.888394,0.372938,0.579583;-0.0373924,0.977044,0.209576,0.00809673
0.88882,0.369502,0.58355;-0.0421833,0.976643,0.21059,0.00637621
0.889236,0.366093,0.58747;-0.0469731,0.976216,0.211598,0.00465552
0.889642,0.36271,0.591344;-0.0517615,0.975763,0.212601,0.0029347
0.890038,0.359355,0.595171;-0.0565486,0.975283,0.213598,0.0012138
0.890424,0.356026,0.598953;-0.0613342,0.974777,0.214589,-0.000507127
0.8908,0.352724,0.602688;-0.066118,0.974244,0.215574,-0.00222804
0.891239,0.348796,0.607111;-0.0718563,0.97357,0.216749,-0.00429306
0.891665,0.344907,0.611467;-0.0775918,0.972858,0.217915,-0.00635791
0.892076,0.341055,0.615759;-0.0833243,0.972108,0.219073,-0.00842251
0.892474,0.337241,0.619986;-0.0890535,0.97132,0.220222,-0.0104868
0.892858,0.333465,0.624148;-0.0947792,0.970494,0.221363,-0.0125506
0.893228,0.329727,0.628246;-0.100501,0.96963,0.222495,-0.014614
0.893586,0.326025,0.63228;-0.106219,0.968728,0.223618,-0.0166768
0.893929,0.322361,0.63625;-0.111933,0.967789,0.224732,-0.018739
0.89426,0.318734,0.640157;-0.117643,0.966812,0.225838,-0.0208004
0.894577,0.315144,0.644;-0.123348,0.965797,0.226935,-0.022861
0.894882,0.311591,0.647781;-0.129048,0.964744,0.228023,-0.0249207
0.895173,0.308074,0.6515;-0.134743,0.963654,0.229102,-0.0269794
0.895452,0.304593,0.655156;-0.140433,0.962526,0.230173,-0.0290371
0.89576,0.300579,0.659343;-0.147064,0.961162,0.23141,-0.0314363
0.896051,0.296613,0.663447;-0.153688,0.959748,0.232635,-0.0338339
0.896326,0.292696,0.667467;-0.160303,0.958283,0.233847,-0.0362296
0.896583,0.288828,0.671405;-0.16691,0.956766,0.235048,-0.0386234
0.896823,0.285009,0.67526;-0.173508,0.955199,0.236235,-0.0410152
0.897046,0.281237,0.679033;-0.180096,0.953581,0.237411,-0.0434047
0.897253,0.277513,0.682725;-0.186676,0.951913,0.238573,-0.045792
0.897443,0.273837,0.686336;-0.193245,0.950194,0.239723,-0.0481769
0.897617,0.270209,0.689867;-0.199804,0.948424,0.24086,-0.0505591
0.897796,0.26612,0.693804;-0.207287,0.94634,0.242144,-0.0532785
0.897954,0.262092,0.697638;-0.214755,0.944191,0.243411,-0.0559941
0.898091,0.258125,0.701368;-0.222209,0.941975,0.244661,-0.0587058
0.898207,0.254218,0.704997;-0.229647,0.939695,0.245895,-0.0614135
0.898303,0.250372,0.708523;-0.237069,0.937349,0.247111,-0.0641168
0.898379,0.246585,0.711949;-0.244475,0.934938,0.24831,-0.0668158
0.898441,0.242397,0.715684;-0.252786,0.932149,0.249638,-0.0698466
0.898478,0.238282,0.719293;-0.261075,0.929277,0.250945,-0.0728712
0.89849,0.234243,0.722777;-0.269342,0.926324,0.252229,-0.0758894
0.898477,0.230276,0.726137;-0.277584,0.92329,0.253491,-0.078901
0.89844,0.226383,0.729375;-0.285802,0.920174,0.254731,-0.0819056
0.898372,0.222143,0.73283;-0.294904,0.916618,0.256083,-0.0852357
0.898274,0.217991,0.736137;-0.303974,0.912962,0.257406,-0.0885565
0.898148,0.213928,0.739296;-0.313011,0.909207,0.258702,-0.0918677
0.897976,0.20956,0.742602;-0.322912,0.904963,0.260095,-0.0954985
0.897771,0.205296,0.745734;-0.332771,0.9006,0.261454,-0.0991168
0.897533,0.201137,0.748692;-0.342586,0.89612,0.262779,-0.102722
0.897236,0.196717,0.751725;-0.353243,0.891097,0.264184,-0.10664
0.896901,0.192419,0.754557;-0.363844,0.885936,0.265549,-0.110541
0.896496,0.187898,0.7574;-0.375264,0.880188,0.26698,-0.114747
0.896048,0.183516,0.760013;-0.386616,0.874279,0.268363,-0.118933
0.895519,0.178952,0.762573;-0.398762,0.867737,0.269797,-0.123416
0.894942,0.174546,0.764874;-0.410822,0.86101,0.271173,-0.127873
0.894272,0.169999,0.767055;-0.423648,0.8536,0.272584,-0.132618
0.893499,0.165343,0.769064;-0.437214,0.845466,0.274016,-0.137644
0.892616,0.160614,0.770844;-0.451496,0.836567,0.275453,-0.142942
0.891611,0.155847,0.772339;-0.466463,0.826859,0.276882,-0.148503
0.890476,0.151079,0.773491;-0.482084,0.816296,0.278284,-0.154316
0.889136,0.146118,0.774267;-0.499129,0.804251,0.279707,-0.16067
0.88764,0.141262,0.774533;-0.516731,0.791219,0.281054,-0.167245
0.885979,0.13655,0.774228;-0.534842,0.777151,0.282305,-0.174025
0.884067,0.131843,0.773241;-0.554179,0.761355,0.283481,-0.181281
0.88205,0.127556,0.771592;-0.573142,0.745042,0.284465,-0.188414
0.879848,0.123531,0.769198;-0.59245,0.727542,0.285284,-0.195697
0.877637,0.120066,0.766266;-0.610607,0.710213,0.285874,-0.202565
0.875433,0.117104,0.762891;-0.627649,0.693123,0.286259,-0.209029
0.873252,0.114591,0.759159;-0.643613,0.67634,0.286459,-0.215101
0.871106,0.112476,0.75515;-0.658537,0.659923,0.286498,-0.220794
0.869009,0.110715,0.750936;-0.672461,0.643929,0.286394,-0.22612
0.866969,0.109266,0.746583;-0.685423,0.62841,0.286168,-0.231092
0.864893,0.108032,0.74191;-0.698088,0.612619,0.285818,-0.235964
0.862888,0.107055,0.737185;-0.709839,0.597372,0.28537,-0.240497
0.860962,0.106301,0.73246;-0.720716,0.582711,0.284844,-0.244705
0.859123,0.105737,0.727783;-0.730756,0.568676,0.284254,-0.248601
0.857265,0.105314,0.722905;-0.740567,0.554464,0.283575,-0.252418
0.8555,0.105042,0.718136;-0.749589,0.540928,0.282856,-0.255939
0.853723,0.104889,0.713201;-0.758404,0.527243,0.282057,-0.259389
0.852047,0.10485,0.708428;-0.766476,0.51428,0.281238,-0.262557
0.850362,0.104912,0.703518;-0.774361,0.501191,0.28035,-0.265662
0.848669,0.10507,0.698477;-0.782057,0.487981,0.279393,-0.268702
0.847084,0.105304,0.693657;-0.789068,0.475543,0.278439,-0.27148
0.845494,0.105618,0.68873;-0.795912,0.463005,0.277426,-0.274201
0.843902,0.106011,0.6837;-0.802586,0.450368,0.276354,-0.276863
0.842422,0.106445,0.67894;-0.808631,0.438548,0.275305,-0.279282
0.84094,0.106943,0.674097;-0.814528,0.426648,0.274207,-0.28165
0.839459,0.107505,0.669175;-0.820275,0.414669,0.273058,-0.283967
0.837979,0.108128,0.664177;-0.825873,0.402615,0.271859,-0.286231
0.8365,0.108811,0.659105;-0.831319,0.390487,0.27061,-0.288444
0.835024,0.109552,0.653963;-0.836612,0.378287,0.269311,-0.290603
0.833665,0.110287,0.649157;-0.841363,0.366964,0.268069,-0.292549
0.83231,0.111069,0.644296;-0.845982,0.355584,0.266785,-0.294449
0.830959,0.111897,0.639382;-0.850469,0.344148,0.265459,-0.296303
0.829613,0.11277,0.634418;-0.854823,0.332659,0.264092,-0.298111
0.828273,0.113686,0.629407;-0.859044,0.321117,0.262684,-0.299873
0.826939,0.114644,0.624351;-0.863131,0.309526,0.261234,-0.301588
0.825613,0.115644,0.619251;-0.867083,0.297886,0.259744,-0.303255
0.824373,0.11662,0.614423;-0.871543,0.289271,0.253525,-0.304073
0.823164,0.117611,0.609653;-0.875821,0.280827,0.2473,-0.304821
0.821963,0.118635,0.60485;-0.879987,0.272345,0.241044,-0.305531
0.820768,0.119691,0.600015;-0.884039,0.263829,0.234756,-0.306201
0.819581,0.120779,0.595149;-0.887977,0.255279,0.228438,-0.306832
0.818402,0.121898,0.590254;-0.8918,0.246696,0.22209,-0.307423
0.81723,0.123048,0.58533;-0.895509,0.238081,0.215714,-0.307974
0.816067,0.124228,0.580378;-0.899102,0.229436,0.20931,-0.308486
0.814912,0.125438,0.575399;-0.902579,0.22076,0.20288,-0.308958
0.813766,0.126677,0.570393;-0.90594,0.212057,0.196422,-0.30939
0.812628,0.127945,0.565363;-0.909184,0.203326,0.18994,-0.309783
0.811499,0.129242,0.560308;-0.912311,0.194569,0.183433,-0.310135
0.810379,0.130565,0.555229;-0.91532,0.185786,0.176903,-0.310447
0.809269,0.131917,0.550128;-0.918211,0.17698,0.170349,-0.31072
0.808168,0.133294,0.545005;-0.920984,0.168151,0.163774,-0.310952
0.807077,0.134698,0.539861;-0.923638,0.1593,0.157178,-0.311144
0.805996,0.136128,0.534697;-0.926173,0.150429,0.150561,-0.311296
0.804925,0.137583,0.529515;-0.928589,0.141539,0.143925,-0.311408
0.80396,0.138926,0.524788;-0.930681,0.13344,0.137876,-0.311475
0.803004,0.14029,0.520046;-0.932674,0.125328,0.131813,-0.311509
0.802057,0.141674,0.515291;-0.934567,0.117202,0.125735,-0.311509
0.801119,0.143076,0.510523;-0.936361,0.109064,0.119644,-0.311477
0.80019,0.144498,0.505742;-0.938056,0.100914,0.11354,-0.311411
0.799271,0.145938,0.50095;-0.93965,0.092753,0.107424,-0.311312
0.798361,0.147396,0.496148;-0.941144,0.0845824,0.101297,-0.31118
0.79746,0.148871,0.491334;-0.942538,0.0764028,0.0951588,-0.311014
0.79657,0.150364,0.486512;-0.943831,0.068215,0.0890106,-0.310816
0.795689,0.151874,0.48168;-0.945024,0.06002,0.0828528,-0.310584
0.794818,0.1534,0.47684;-0.946116,0.0518186,0.0766863,-0.310319
0.793958,0.154942,0.471993;-0.947108,0.0436117,0.0705115,-0.310022
0.793108,0.1565,0.467139;-0.947998,0.0354001,0.0643293,-0.309691
0.792268,0.158074,0.462278;-0.948787,0.0271848,0.0581401,-0.309327
0.791439,0.159662,0.457413;-0.949476,0.0189665,0.0519448,-0.30893
0.790621,0.161265,0.452542;-0.950063,0.0107463,0.045744,-0.308501
0.789814,0.162882,0.447667;-0.950549,0.00252485,0.0395383,-0.308038
0.789019,0.164513,0.442789;-0.950933,-0.00569683,0.0333283,-0.307543
0.788234,0.166157,0.437908;-0.951217,-0.0139179,0.0271149,-0.307015
0.787461,0.167815,0.433024;-0.951399,-0.0221375,0.0208985,-0.306454
0.7867,0.169485,0.428139;-0.951479,-0.0303547,0.0146799,-0.30586
0.78595,0.171167,0.423254;-0.951458,-0.0385687,0.00845973,-0.305234
0.785213,0.172861,0.418368;-0.951336,-0.0467786,0.00223866,-0.304575
0.784487,0.174567,0.413483;-0.951113,-0.0549835,-0.00398264,-0.303884
0.783774,0.176283,0.408599;-0.950788,-0.0631825,-0.0102035,-0.303161
0.783073,0.178011,0.403717;-0.950362,-0.0713749,-0.0164233,-0.302405
0.782384,0.179749,0.398838;-0.949834,-0.0795596,-0.0226413,-0.301617
0.781709,0.181496,0.393962;-0.949205,-0.0877358,-0.028857,-0.300797
0.781046,0.183254,0.38909;-0.948476,-0.0959027,-0.0350695,-0.299945
0.780396,0.18502,0.384222;-0.947645,-0.104059,-0.0412783,-0.299061
0.779759,0.186795,0.37936;-0.946713,-0.112205,-0.0474828,-0.298145
0.779136,0.188579,0.374504;-0.94568,-0.120339,-0.0536821,-0.297197
0.778526,0.190371,0.369655;-0.944547,-0.128459,-0.0598758,-0.296218
0.777929,0.19217,0.364812;-0.943312,-0.136566,-0.066063,-0.295207
0.777347,0.193977,0.359978;-0.941978,-0.144659,-0.0722432,-0.294164
0.776778,0.19579,0.355153;-0.940543,-0.152736,-0.0784158,-0.29309
0.776223,0.19761,0.350336;-0.939008,-0.160797,-0.0845799,-0.291985
0.775683,0.199436,0.34553;-0.937372,-0.168841,-0.0907351,-0.290849
0.775157,0.201268,0.340735;-0.935637,-0.176866,-0.0968806,-0.289682
0.774645,0.203105,0.335951;-0.933802,-0.184873,-0.103016,-0.288484
0.774149,0.204947,0.331178;-0.931868,-0.192861,-0.10914,-0.287255
0.773667,0.206793,0.326419;-0.929834,-0.200827,-0.115252,-0.285996
0.7732,0.208644,0.321673;-0.927701,-0.208772,-0.121353,-0.284706
0.772748,0.210498,0.316941;-0.92547,-0.216695,-0.12744,-0.283386
0.772311,0.212356,0.312224;-0.92314,-0.224595,-0.133514,-0.282036
0.77189,0.214217,0.307523;-0.920711,-0.232471,-0.139573,-0.280655
0.771485,0.216081,0.302837;-0.918184,-0.240323,-0.145618,-0.279245
0.771095,0.217946,0.298168;-0.91556,-0.248148,-0.151647,-0.277805
0.770721,0.219814,0.293517;-0.912838,-0.255947,-0.15766,-0.276335
0.770364,0.221683,0.288884;-0.910019,-0.263719,-0.163656,-0.274836
0.769989,0.22374,0.283809;-0.906805,-0.272236,-0.170232,-0.273153
0.769634,0.225798,0.278758;-0.903475,-0.280717,-0.176786,-0.271435
0.769299,0.227857,0.273732;-0.900029,-0.289163,-0.183317,-0.269682
0.768985,0.229915,0.26873;-0.896466,-0.297571,-0.189824,-0.267894
0.76869,0.231972,0.263756;-0.892788,-0.30594,-0.196307,-0.266072
0.768417,0.234028,0.258808;-0.888994,-0.314271,-0.202764,-0.264215
0.768164,0.236082,0.253889;-0.885086,-0.32256,-0.209196,-0.262325
0.767932,0.238134,0.248999;-0.881064,-0.330808,-0.2156,-0.2604
0.767722,0.240184,0.244138;-0.876929,-0.339014,-0.221977,-0.258442
0.767533,0.24223,0.239309;-0.87268,-0.347176,-0.228325,-0.256451
0.767366,0.244272,0.234511;-0.868319,-0.355293,-0.234643,-0.254426
0.76722,0.24631,0.229746;-0.863845,-0.363364,-0.240931,-0.252369
0.767097,0.248343,0.225015;-0.859261,-0.371388,-0.247189,-0.250279
0.766996,0.25037,0.220318;-0.854565,-0.379365,-0.253414,-0.248157
0.766917,0.252392,0.215656;-0.84976,-0.387292,-0.259607,-0.246003
0.766861,0.254407,0.21103;-0.844845,-0.39517,-0.265766,-0.243817
0.766828,0.256416,0.206442;-0.839821,-0.402996,-0.271891,-0.2416
0.766819,0.258598,0.20148;-0.834217,-0.411475,-0.278532,-0.239145
0.766837,0.260771,0.196565;-0.828484,-0.419891,-0.285131,-0.236654
0.766883,0.262934,0.191697;-0.822625,-0.428242,-0.291687,-0.234127
0.766957,0.265086,0.186877;-0.816639,-0.436528,-0.298197,-0.231564
0.76706,0.267227,0.182108;-0.810529,-0.444747,-0.304662,-0.228965
0.767192,0.269355,0.17739;-0.804293,-0.452897,-0.31108,-0.226331
0.767352,0.271471,0.172724;-0.797935,-0.460978,-0.31745,-0.223662
0.767542,0.273573,0.168112;-0.791454,-0.468988,-0.323772,-0.220959
0.767762,0.275661,0.163554;-0.784851,-0.476926,-0.330044,-0.218223
0.768034,0.277907,0.158679;-0.777563,-0.485443,-0.336781,-0.21522
0.768341,0.280134,0.153872;-0.770134,-0.493873,-0.343458,-0.212178
0.768684,0.282342,0.149132;-0.762567,-0.502214,-0.350073,-0.209099
0.769063,0.28453,0.144463;-0.754862,-0.510464,-0.356624,-0.205981
0.769478,0.286697,0.139865;-0.747022,-0.518623,-0.363112,-0.202827
0.76993,0.288843,0.13534;-0.739047,-0.526688,-0.369534,-0.199636
0.770458,0.291129,0.13055;-0.730309,-0.535267,-0.376376,-0.196159
0.77103,0.293387,0.125848;-0.72142,-0.543734,-0.383139,-0.192642
0.771645,0.295617,0.121236;-0.712379,-0.552088,-0.389822,-0.189084
0.772305,0.297819,0.116716;-0.70319,-0.560327,-0.396424,-0.185487
0.773061,0.300143,0.111977;-0.693181,-0.569024,-0.403406,-0.18159
0.773869,0.302432,0.107348;-0.683007,-0.577585,-0.41029,-0.177649
0.77473,0.304683,0.102831;-0.672668,-0.586007,-0.417077,-0.173666
0.775643,0.306896,0.0984287;-0.662169,-0.594289,-0.423763,-0.169641
0.776677,0.309212,0.0938612;-0.650794,-0.602966,-0.430783,-0.165303
0.777771,0.311481,0.0894291;-0.639242,-0.611479,-0.437686,-0.160919
0.779002,0.313839,0.0848716;-0.626777,-0.62034,-0.444889,-0.156214
0.780303,0.316139,0.0804735;-0.614119,-0.629011,-0.451955,-0.151461
0.781759,0.318511,0.075994;-0.60051,-0.63798,-0.459285,-0.146377
0.783296,0.320815,0.071701;-0.586694,-0.64673,-0.466456,-0.141243
0.785007,0.323171,0.0673759;-0.571891,-0.655723,-0.473852,-0.135771
0.78681,0.325446,0.0632675;-0.556867,-0.664463,-0.481064,-0.130246
0.78881,0.32775,0.0591821;-0.540822,-0.673388,-0.488457,-0.124377
0.791021,0.330066,0.0551622;-0.523727,-0.68245,-0.495995,-0.118157
0.793464,0.332376,0.051254;-0.505553,-0.6916,-0.503642,-0.111581
0.796274,0.334752,0.0473557;-0.498599,-0.696035,-0.505363,-0.107439
0.79943,0.337116,0.043624;-0.508632,-0.693693,-0.498603,-0.107132
0.802752,0.339314,0.04031;-0.518589,-0.691247,-0.491768,-0.106808
0.806533,0.34151,0.0371792;-0.529286,-0.688478,-0.484278,-0.10644
0.810493,0.343517,0.0345133;-0.539888,-0.685586,-0.476703,-0.106052
0.814626,0.345339,0.0322993;-0.550395,-0.682572,-0.469042,-0.105646
0.819259,0.347097,0.0304054;-0.561599,-0.67919,-0.460698,-0.105187
0.824071,0.348648,0.029004;-0.572688,-0.675667,-0.45226,-0.104706
0.829054,0.349995,0.0280789;-0.583658,-0.672005,-0.443727,-0.104204
0.834195,0.351143,0.0276136;-0.594507,-0.668204,-0.435103,-0.10368
0.839486,0.352095,0.0275918;-0.605234,-0.664265,-0.426389,-0.103135
0.844524,0.352808,0.0279544;-0.615082,-0.660484,-0.418218,-0.102609
0.849674,0.353359,0.0286723;-0.624821,-0.656585,-0.409973,-0.102065
0.854927,0.353752,0.0297323;-0.634448,-0.652569,-0.401655,-0.101503
0.859861,0.353976,0.0310031;-0.643234,-0.648759,-0.393913,-0.100969
0.86487,0.35407,0.032544;-0.651923,-0.64485,-0.386111,-0.100419
0.869948,0.354038,0.0343448;-0.660512,-0.640843,-0.37825,-0.0998531
0.874657,0.353898,0.0362149;-0.668298,-0.637085,-0.370994,-0.0993215
0.879414,0.353655,0.0382867;-0.675998,-0.633245,-0.363691,-0.0987772
0.884213,0.353312,0.0405523;-0.683612,-0.629324,-0.356341,-0.0982203
0.889049,0.352869,0.0430038;-0.691138,-0.625323,-0.348945,-0.0976509
0.893475,0.352382,0.045387;-0.697904,-0.621617,-0.342184,-0.0971224
0.897923,0.351817,0.0479113;-0.704596,-0.617845,-0.335386,-0.0965837
0.902391,0.351174,0.0505708;-0.711214,-0.614007,-0.328553,-0.0960347
0.906874,0.350456,0.0533594;-0.717757,-0.610105,-0.321685,-0.0954757
0.91137,0.349663,0.0562713;-0.724224,-0.606139,-0.314783,-0.0949065
0.915874,0.348797,0.0593005;-0.730615,-0.602108,-0.307848,-0.0943274
0.919932,0.347957,0.062122;-0.7363,-0.598426,-0.301578,-0.0937977
0.923991,0.34706,0.0650294;-0.741923,-0.594694,-0.295283,-0.0932599
0.928048,0.346107,0.0680183;-0.747482,-0.59091,-0.288963,-0.0927142
0.932101,0.3451,0.0710843;-0.752978,-0.587076,-0.282618,-0.0921605
0.936147,0.344039,0.0742231;-0.758409,-0.583191,-0.276249,-0.091599
0.940183,0.342926,0.0774303;-0.763775,-0.579257,-0.269856,-0.0910296
0.944207,0.341761,0.0807017;-0.769076,-0.575273,-0.26344,-0.0904525
0.948216,0.340546,0.0840328;-0.774312,-0.57124,-0.257002,-0.0898676
0.952206,0.339281,0.0874193;-0.779481,-0.567159,-0.250541,-0.089275
0.956177,0.337969,0.0908569;-0.784583,-0.563028,-0.24406,-0.0886748
0.960124,0.336609,0.0943413;-0.789619,-0.55885,-0.237557,-0.0880671
0.964045,0.335203,0.097868;-0.794587,-0.554624,-0.231034,-0.0874518
0.967937,0.333752,0.101433;-0.799487,-0.55035,-0.224491,-0.086829
0.971799,0.332257,0.105031;-0.804318,-0.54603,-0.217929,-0.0861988
0.975626,0.330719,0.108659;-0.809081,-0.541663,-0.211349,-0.0855613
0.979416,0.32914,0.112312;-0.813775,-0.537249,-0.20475,-0.0849164
0.983168,0.327519,0.115986;-0.818399,-0.53279,-0.198134,-0.0842643
0.986877,0.325859,0.119675;-0.822954,-0.528285,-0.191501,-0.083605
0.990541,0.324161,0.123377;-0.827438,-0.523735,-0.184852,-0.0829385
0.994157,0.322425,0.127087;-0.831851,-0.51914,-0.178187,-0.0822649
0.997724,0.320652,0.1308;-0.836193,-0.514501,-0.171506,-0.0815844
1.00124,0.318844,0.134511;-0.840464,-0.509817,-0.164811,-0.0808968
1.0047,0.317002,0.138218;-0.844663,-0.505091,-0.158102,-0.0802023
1.00809,0.315126,0.141915;-0.848789,-0.500321,-0.15138,-0.079501
1.01143,0.313218,0.145597;-0.852843,-0.495508,-0.144644,-0.0787929
1.01471,0.311279,0.149261;-0.856825,-0.490653,-0.137896,-0.078078
1.01792,0.30931,0.152903;-0.860733,-0.485756,-0.131136,-0.0773565
1.02106,0.307312,0.156517;-0.864567,-0.480817,-0.124365,-0.0766283
1.02412,0.305286,0.1601;-0.868328,-0.475838,-0.117584,-0.0758936
1.02712,0.303234,0.163647;-0.872014,-0.470817,-0.110792,-0.0751524
1.03003,0.301155,0.167154;-0.875626,-0.465757,-0.103991,-0.0744048
1.03318,0.298817,0.170999;-0.879551,-0.460087,-0.096424,-0.0735667
1.03622,0.296449,0.174782;-0.883384,-0.454369,-0.0888466,-0.0727208
1.03916,0.294054,0.178499;-0.887123,-0.448603,-0.0812599,-0.0718673
1.04199,0.291633,0.182143;-0.890769,-0.44279,-0.0736646,-0.0710061
1.0447,0.289187,0.185708;-0.89432,-0.43693,-0.0660616,-0.0701375
1.04755,0.28647,0.189532;-0.898118,-0.430431,-0.0576902,-0.0691734
1.05044,0.283536,0.193499;-0.89954,-0.427987,-0.0571951,-0.0662094
1.05335,0.280351,0.197618;-0.899958,-0.427288,-0.0602655,-0.0622036
1.05607,0.27713,0.201592;-0.900352,-0.426577,-0.0633343,-0.0581962
1.0586,0.273873,0.205422;-0.900723,-0.425856,-0.0664014,-0.0541873
1.06095,0.270579,0.209112;-0.90107,-0.425123,-0.0694668,-0.0501769
1.06311,0.267246,0.212662;-0.901394,-0.424379,-0.0725304,-0.0461653
1.06509,0.263874,0.216077;-0.901694,-0.423624,-0.0755921,-0.0421524
1.06689,0.260461,0.219356;-0.90197,-0.422858,-0.0786518,-0.0381384
1.06877,0.256427,0.223015;-0.902263,-0.42195,-0.0822188,-0.0334542
1.07041,0.252334,0.226497;-0.902524,-0.421028,-0.085783,-0.0287688
1.07182,0.248182,0.229805;-0.902752,-0.42009,-0.089344,-0.0240824
1.07301,0.243968,0.232944;-0.902949,-0.419137,-0.0929019,-0.0193951
1.07396,0.239691,0.235915;-0.903113,-0.41817,-0.0964565,-0.0147071
1.0747,0.235349,0.238724;-0.903246,-0.417188,-0.100008,-0.0100186
1.07522,0.230941,0.241372;-0.903346,-0.41619,-0.103555,-0.00532971
1.07553,0.226464,0.243864;-0.903414,-0.415178,-0.107099,-0.000640654
1.07563,0.221918,0.246203;-0.90345,-0.414152,-0.110639,0.00404842
1.07552,0.217301,0.248391;-0.903453,-0.41311,-0.114176,0.00873735
1.07521,0.212611,0.250434;-0.903425,-0.412054,-0.117708,0.013426
1.07471,0.207846,0.252334;-0.903364,-0.410983,-0.121236,0.0181141
1.07401,0.203004,0.254094;-0.903271,-0.409897,-0.124759,0.0228016
1.07313,0.198085,0.255717;-0.903147,-0.408797,-0.128278,0.0274883
1.07205,0.193086,0.257208;-0.90299,-0.407683,-0.131793,0.032174
1.0708,0.188006,0.25857;-0.902801,-0.406553,-0.135303,0.0368586
1.06937,0.182843,0.259806;-0.902579,-0.40541,-0.138808,0.0415418
1.06777,0.177596,0.260918;-0.902326,-0.404252,-0.142308,0.0462236
1.066,0.172263,0.261912;-0.902041,-0.403079,-0.145803,0.0509037
1.06406,0.166841,0.26279;-0.901723,-0.401893,-0.149293,0.0555821
1.06227,0.162124,0.263452;-0.901425,-0.400864,-0.15228,0.0595905
1.06036,0.157339,0.264035;-0.901104,-0.399825,-0.155264,0.0635973
1.05835,0.152487,0.264538;-0.900759,-0.398776,-0.158243,0.0676025
1.05621,0.147565,0.264966;-0.900391,-0.397716,-0.161218,0.071606
1.05398,0.142574,0.26532;-0.899999,-0.396645,-0.164188,0.0756075
1.05163,0.137513,0.265601;-0.899584,-0.395565,-0.167155,0.0796071
1.04918,0.132379,0.265813;-0.899145,-0.394473,-0.170117,0.0836046
1.04663,0.127172,0.265957;-0.898682,-0.393372,-0.173075,0.0876
1.04398,0.121892,0.266035;-0.898196,-0.39226,-0.176028,0.091593
1.0417,0.117434,0.266052;-0.897774,-0.391326,-0.178485,0.0949187
1.03935,0.112924,0.266026;-0.897334,-0.390385,-0.180939,0.0982427
1.03694,0.10836,0.265958;-0.896879,-0.389437,-0.18339,0.101565
1.03447,0.103742,0.26585;-0.896407,-0.388481,-0.185838,0.104885
1.03193,0.0990703,0.265703;-0.895919,-0.387519,-0.188282,0.108204
1.02934,0.0943432,0.265519;-0.895415,-0.386549,-0.190723,0.11152
1.02669,0.0895604,0.265297;-0.894894,-0.385573,-0.19316,0.114835
1.02398,0.0847214,0.26504;-0.894358,-0.384589,-0.195594,0.118147
1.02121,0.0798255,0.264749;-0.893805,-0.383598,-0.198024,0.121457
1.01839,0.0748722,0.264425;-0.893235,-0.382601,-0.200451,0.124765
1.01552,0.0698608,0.264069;-0.89265,-0.381597,-0.202874,0.128071
1.0126,0.0647907,0.263683;-0.892048,-0.380585,-0.205293,0.131374
1.00963,0.0596614,0.263267;-0.891431,-0.379567,-0.207709,0.134675
1.00661,0.0544722,0.262824;-0.890797,-0.378542,-0.210121,0.137974
1.00392,0.0498816,0.262414;-0.889589,-0.378746,-0.212296,0.14182
1.00127,0.0453519,0.261995;-0.885452,-0.383923,-0.214715,0.149917
0.998585,0.0407792,0.261559;-0.881213,-0.389056,-0.217108,0.157996
0.995866,0.0361646,0.261108;-0.876873,-0.394144,-0.219477,0.166057
0.993117,0.0315093,0.260645;-0.872431,-0.399187,-0.22182,0.174098
0.990337,0.0268147,0.26017;-0.867888,-0.404184,-0.224137,0.18212
0.987784,0.0225136,0.259731;-0.863672,-0.408686,-0.226222,0.189394
0.985206,0.018182,0.259286;-0.859373,-0.413149,-0.228285,0.19665
0.982605,0.0138205,0.258837;-0.854993,-0.417573,-0.230326,0.203888
0.979981,0.00943027,0.258384;-0.850531,-0.421957,-0.232345,0.211106
0.977334,0.00501209,0.25793;-0.845988,-0.4263,-0.234342,0.218304
0.974665,0.000566926,0.257475;-0.841364,-0.430604,-0.236317,0.225481
0.971975,-0.00390433,0.257022;-0.83666,-0.434866,-0.238269,0.232636
0.969263,-0.00840075,0.256572;-0.831876,-0.439086,-0.240199,0.23977
0.966531,-0.0129214,0.256125;-0.827013,-0.443265,-0.242106,0.24688
0.963779,-0.0174654,0.255685;-0.822072,-0.447401,-0.243989,0.253967
0.961008,-0.0220319,0.255251;-0.817052,-0.451495,-0.245849,0.26103
0.958217,-0.0266199,0.254825;-0.811954,-0.455546,-0.247686,0.268068
0.955409,-0.0312284,0.25441;-0.806778,-0.459554,-0.2495,0.27508
0.952582,-0.0358567,0.254006;-0.801526,-0.463517,-0.251289,0.282067
0.949738,-0.0405037,0.253615;-0.796197,-0.467437,-0.253055,0.289026
0.946877,-0.0451686,0.253238;-0.790793,-0.471312,-0.254796,0.295958
0.943999,-0.0498504,0.252876;-0.785313,-0.475142,-0.256513,0.302861
0.941106,-0.0545482,0.252532;-0.779758,-0.478926,-0.258206,0.309736
0.938198,-0.0592612,0.252206;-0.774129,-0.482665,-0.259874,0.316581
0.935567,-0.063515,0.25193;-0.769,-0.485991,-0.261354,0.322716
0.932925,-0.0677797,0.251671;-0.763812,-0.489279,-0.262814,0.328826
0.930272,-0.0720545,0.251431;-0.758564,-0.49253,-0.264254,0.33491
0.927608,-0.0763389,0.25121;-0.753258,-0.495742,-0.265673,0.340969
0.924934,-0.080632,0.251009;-0.747894,-0.498917,-0.267072,0.347001
0.922249,-0.0849334,0.25083;-0.742472,-0.502052,-0.26845,0.353007
0.919555,-0.0892422,0.250673;-0.736992,-0.505149,-0.269807,0.358985
0.916851,-0.0935579,0.25054;-0.731456,-0.508207,-0.271144,0.364936
0.914139,-0.0978798,0.250431;-0.725863,-0.511226,-0.272459,0.370858
0.911418,-0.102207,0.250348;-0.720215,-0.514205,-0.273754,0.376752
0.908689,-0.106539,0.250292;-0.71451,-0.517145,-0.275027,0.382617
0.905952,-0.110876,0.250263;-0.708751,-0.520045,-0.27628,0.388452
0.903207,-0.115216,0.250264;-0.702937,-0.522904,-0.277511,0.394257
0.900456,-0.119558,0.250294;-0.697068,-0.525723,-0.27872,0.400032
0.897698,-0.123903,0.250355;-0.691146,-0.528502,-0.279908,0.405776
0.894933,-0.12825,0.250448;-0.68517,-0.53124,-0.281074,0.411489
0.892163,-0.132597,0.250574;-0.679142,-0.533937,-0.282219,0.41717
0.889387,-0.136944,0.250734;-0.673061,-0.536592,-0.283342,0.422818
0.886606,-0.141291,0.25093;-0.666928,-0.539206,-0.284443,0.428434
0.88382,-0.145637,0.251161;-0.660744,-0.541779,-0.285522,0.434017
0.88103,-0.149981,0.25143;-0.654508,-0.544309,-0.286579,0.439566
0.878236,-0.154322,0.251737;-0.648222,-0.546798,-0.287614,0.445082
0.875438,-0.158661,0.252083;-0.641886,-0.549244,-0.288627,0.450563
0.872637,-0.162995,0.25247;-0.635501,-0.551648,-0.289617,0.456009
0.869833,-0.167325,0.252898;-0.629066,-0.55401,-0.290585,0.46142
0.867026,-0.17165,0.253369;-0.622583,-0.556329,-0.291531,0.466796
0.864218,-0.175969,0.253883;-0.616052,-0.558604,-0.292454,0.472135
0.861407,-0.180281,0.254442;-0.609473,-0.560837,-0.293354,0.477438
0.858596,-0.184587,0.255046;-0.602848,-0.563026,-0.294232,0.482705
0.855783,-0.188884,0.255697;-0.596175,-0.565172,-0.295087,0.487933
0.85297,-0.193173,0.256396;-0.589457,-0.567274,-0.29592,0.493125
0.850156,-0.197453,0.257144;-0.582693,-0.569333,-0.296729,0.498278
0.847343,-0.201723,0.257941;-0.575884,-0.571347,-0.297516,0.503392
0.84453,-0.205983,0.25879;-0.569031,-0.573318,-0.29828,0.508468
0.841719,-0.210231,0.25969;-0.562134,-0.575244,-0.29902,0.513505
0.838908,-0.214468,0.260643;-0.555193,-0.577125,-0.299738,0.518502
0.836099,-0.218692,0.261651;-0.54821,-0.578963,-0.300432,0.523459
0.833293,-0.222903,0.262713;-0.541184,-0.580755,-0.301103,0.528375
0.830488,-0.2271,0.263832;-0.534116,-0.582503,-0.301751,0.533251
0.827687,-0.231283,0.265008;-0.527007,-0.584205,-0.302376,0.538086
0.824888,-0.23545,0.266242;-0.519858,-0.585863,-0.302977,0.542879
0.822094,-0.239602,0.267536;-0.512668,-0.587475,-0.303555,0.54763
0.819303,-0.243737,0.268889;-0.505439,-0.589042,-0.30411,0.552338
0.816517,-0.247855,0.270305;-0.498171,-0.590564,-0.304641,0.557005
0.813735,-0.251955,0.271782;-0.490864,-0.59204,-0.305148,0.561628
0.810958,-0.256037,0.273324;-0.48352,-0.59347,-0.305632,0.566208
0.808187,-0.260099,0.274929;-0.476138,-0.594854,-0.306093,0.570744
0.805422,-0.264142,0.276601;-0.468719,-0.596193,-0.30653,0.575236
0.802663,-0.268164,0.278339;-0.461264,-0.597485,-0.306943,0.579683
0.799911,-0.272165,0.280145;-0.453774,-0.598732,-0.307332,0.584086
0.797165,-0.276145,0.282019;-0.446248,-0.599932,-0.307698,0.588444
0.794427,-0.280102,0.283964;-0.438688,-0.601086,-0.30804,0.592757
0.791697,-0.284035,0.285979;-0.431095,-0.602193,-0.308358,0.597023
0.788975,-0.287945,0.288066;-0.423468,-0.603254,-0.308652,0.601244
0.786261,-0.29183,0.290226;-0.415808,-0.604268,-0.308923,0.605418
0.783557,-0.295691,0.29246;-0.408116,-0.605236,-0.309169,0.609545
0.780861,-0.299525,0.29477;-0.400393,-0.606157,-0.309392,0.613626
0.778175,-0.303333,0.297155;-0.392638,-0.607031,-0.309591,0.617659
0.7755,-0.307114,0.299618;-0.384854,-0.607858,-0.309766,0.621644
0.772834,-0.310867,0.302159;-0.377039,-0.608639,-0.309917,0.625581
0.77018,-0.314591,0.304779;-0.369196,-0.609372,-0.310044,0.62947
0.767536,-0.318287,0.307479;-0.361324,-0.610059,-0.310147,0.633311
0.76504,-0.321764,0.310116;-0.364924,-0.610272,-0.309264,0.63147
0.762482,-0.325315,0.312905;-0.371979,-0.610333,-0.308042,0.627881
0.759937,-0.328838,0.315768;-0.379011,-0.610355,-0.306802,0.624252
0.757408,-0.332331,0.318704;-0.386018,-0.610338,-0.305541,0.620582
0.754894,-0.335795,0.321709;-0.393,-0.610282,-0.304261,0.616873
0.752397,-0.339229,0.324783;-0.399957,-0.610186,-0.302961,0.613125
0.749919,-0.342633,0.327924;-0.406888,-0.610052,-0.301642,0.609337
0.747461,-0.346007,0.331128;-0.413794,-0.609878,-0.300303,0.605509
0.745024,-0.349351,0.334395;-0.420673,-0.609665,-0.298946,0.601643
0.74261,-0.352665,0.337722;-0.427524,-0.609413,-0.297569,0.597739
0.740219,-0.355948,0.341108;-0.434349,-0.609122,-0.296173,0.593796
0.737853,-0.3592,0.34455;-0.441145,-0.608792,-0.294758,0.589815
0.735514,-0.362421,0.348045;-0.447913,-0.608422,-0.293324,0.585796
0.733202,-0.365611,0.351594;-0.454653,-0.608014,-0.291871,0.58174
0.730919,-0.368769,0.355192;-0.461363,-0.607567,-0.290399,0.577646
0.728667,-0.371896,0.358839;-0.468044,-0.60708,-0.288909,0.573515
0.726446,-0.37499,0.362532;-0.474694,-0.606555,-0.287401,0.569348
0.724258,-0.378053,0.366269;-0.481315,-0.605991,-0.285873,0.565144
0.722104,-0.381083,0.370048;-0.487904,-0.605388,-0.284328,0.560903
0.719985,-0.38408,0.373868;-0.494462,-0.604746,-0.282764,0.556627
0.717903,-0.387045,0.377726;-0.500988,-0.604066,-0.281182,0.552315
0.71586,-0.389976,0.38162;-0.507482,-0.603346,-0.279583,0.547968
0.713855,-0.392875,0.385548;-0.513944,-0.602588,-0.277965,0.543585
0.711892,-0.39574,0.389509;-0.520373,-0.601791,-0.276329,0.539167
0.70997,-0.398571,0.3935;-0.526768,-0.600956,-0.274676,0.534715
0.708091,-0.401368,0.397519;-0.533129,-0.600082,-0.273005,0.530229
0.706257,-0.404131,0.401564;-0.539457,-0.59917,-0.271316,0.525709
0.704469,-0.40686,0.405633;-0.545749,-0.598219,-0.269611,0.521154
0.702728,-0.409555,0.409725;-0.552007,-0.59723,-0.267887,0.516567
0.701036,-0.412214,0.413837;-0.558229,-0.596202,-0.266147,0.511946
0.699393,-0.414839,0.417967;-0.564416,-0.595136,-0.26439,0.507293
0.697801,-0.417428,0.422113;-0.570566,-0.594032,-0.262615,0.502607
0.696262,-0.419983,0.426273;-0.576679,-0.59289,-0.260824,0.497888
0.694776,-0.422501,0.430446;-0.582756,-0.59171,-0.259016,0.493138
0.693345,-0.424984,0.434629;-0.588795,-0.590492,-0.257191,0.488356
0.69197,-0.42743,0.43882;-0.594797,-0.589236,-0.25535,0.483543
0.690653,-0.429841,0.443017;-0.60076,-0.587943,-0.253493,0.478699
0.689242,-0.432509,0.447743;-0.607423,-0.586442,-0.251384,0.473212
0.687907,-0.43513,0.452473;-0.614036,-0.584894,-0.249254,0.467687
0.68665,-0.437705,0.457201;-0.620599,-0.583298,-0.247104,0.462124
0.685473,-0.440233,0.461927;-0.627113,-0.581655,-0.244935,0.456524
0.684378,-0.442713,0.466646;-0.633575,-0.579965,-0.242745,0.450886
0.683367,-0.445146,0.471356;-0.639985,-0.578228,-0.240535,0.445212
0.682441,-0.44753,0.476054;-0.646344,-0.576443,-0.238307,0.439502
0.681603,-0.449867,0.480738;-0.65265,-0.574612,-0.236058,0.433756
0.680854,-0.452154,0.485404;-0.658904,-0.572735,-0.233791,0.427975
0.680196,-0.454393,0.49005;-0.665104,-0.57081,-0.231504,0.422159
0.679631,-0.456583,0.494673;-0.671249,-0.56884,-0.229199,0.416309
0.679161,-0.458723,0.499269;-0.677341,-0.566823,-0.226875,0.410425
0.678788,-0.460813,0.503837;-0.683377,-0.56476,-0.224533,0.404508
0.678488,-0.463076,0.508874;-0.690019,-0.562415,-0.221909,0.397895
0.678313,-0.465278,0.513868;-0.696591,-0.560013,-0.219263,0.391242
0.678265,-0.467416,0.518816;-0.703094,-0.557554,-0.216595,0.384549
0.678345,-0.469491,0.523712;-0.709527,-0.55504,-0.213905,0.377818
0.678558,-0.471503,0.528553;-0.715888,-0.55247,-0.211194,0.37105
0.678905,-0.473451,0.533336;-0.722178,-0.549845,-0.208461,0.364244
0.679388,-0.475334,0.538056;-0.728395,-0.547165,-0.205708,0.357401
0.680011,-0.477153,0.542709;-0.734539,-0.54443,-0.202934,0.350523
0.680861,-0.479078,0.547746;-0.741212,-0.541358,-0.199859,0.342916
0.681885,-0.480923,0.552692;-0.747796,-0.538221,-0.19676,0.335268
0.683088,-0.482688,0.557542;-0.754289,-0.535018,-0.193637,0.327579
0.684473,-0.484373,0.562292;-0.76069,-0.531751,-0.190491,0.319851
0.686043,-0.485976,0.566935;-0.767,-0.528419,-0.187321,0.312083
0.687802,-0.487498,0.571466;-0.773216,-0.525023,-0.184129,0.304278
0.689752,-0.488937,0.575882;-0.779338,-0.521563,-0.180915,0.296436
0.692103,-0.490412,0.580559;-0.785909,-0.517717,-0.177383,0.287839
0.694691,-0.491788,0.585084;-0.792367,-0.513796,-0.173825,0.279202
0.69752,-0.493064,0.589451;-0.79871,-0.5098,-0.170243,0.270524
0.700595,-0.494239,0.593653;-0.804938,-0.505731,-0.166636,0.261807
0.70392,-0.495313,0.597683;-0.81105,-0.50159,-0.163005,0.253052
0.707499,-0.496284,0.601534;-0.817045,-0.497375,-0.15935,0.244261
0.711337,-0.497152,0.605199;-0.822921,-0.493089,-0.155672,0.235434
0.715438,-0.497917,0.608672;-0.828679,-0.488732,-0.151972,0.226574
0.719432,-0.498526,0.61168;-0.833853,-0.484676,-0.148561,0.218423
0.723655,-0.499046,0.614517;-0.838925,-0.480561,-0.145132,0.210245
0.728109,-0.499478,0.617175;-0.843895,-0.476388,-0.141685,0.202042
0.732799,-0.49982,0.619651;-0.848763,-0.472157,-0.138222,0.193815
0.737726,-0.500073,0.621938;-0.853528,-0.467869,-0.134741,0.185564
0.742415,-0.500223,0.62385;-0.85777,-0.463921,-0.131563,0.178044
