0.704056,-0.171643,0.186345;0.84561,-0.219441,0.196309,0.445254
0.711232,-0.173947,0.194639;0.848199,-0.213133,0.201295,0.44115
0.718203,-0.175933,0.202752;0.850712,-0.206806,0.206263,0.437008
0.724971,-0.177608,0.210684;0.853151,-0.200461,0.211213,0.432826
0.731538,-0.178976,0.218439;0.855514,-0.194098,0.216144,0.428607
0.739157,-0.180219,0.227513;0.85825,-0.18644,0.222036,0.423493
0.746496,-0.181035,0.236336;0.860878,-0.178758,0.2279,0.418326
0.753557,-0.181434,0.244914;0.863396,-0.171054,0.233735,0.413106
0.760345,-0.181424,0.253249;0.865804,-0.163328,0.239541,0.407833
0.766865,-0.181014,0.261344;0.868102,-0.155581,0.245316,0.402508
0.77312,-0.180211,0.269203;0.870291,-0.147814,0.25106,0.397133
0.780089,-0.178792,0.278079;0.872704,-0.138729,0.25772,0.390797
0.78671,-0.176864,0.286644;0.874966,-0.129621,0.264337,0.384395
0.79299,-0.174443,0.294904;0.877077,-0.120489,0.270907,0.377925
0.798935,-0.17154,0.302864;0.879036,-0.111337,0.277431,0.371391
0.804553,-0.168172,0.310529;0.880844,-0.102166,0.283907,0.364792
0.81058,-0.163768,0.318937;0.882723,-0.0916634,0.291247,0.357173
0.816197,-0.158793,0.326976;0.884403,-0.0811398,0.298522,0.349474
0.821415,-0.153267,0.334654;0.885883,-0.0705979,0.30573,0.341696
0.826242,-0.147211,0.341979;0.887164,-0.06004,0.312868,0.33384
0.83069,-0.140645,0.34896;0.888244,-0.0494686,0.319936,0.32591
0.834767,-0.13359,0.355606;0.889123,-0.038886,0.326932,0.317905
0.838485,-0.126065,0.361924;0.889802,-0.0282947,0.333854,0.309829
0.841851,-0.118092,0.367922;0.890279,-0.0176969,0.3407,0.301683
0.844878,-0.109692,0.373609;0.890556,-0.00709517,0.34747,0.293469
0.847573,-0.100883,0.378993;0.890632,0.00350818,0.354161,0.285189
0.849948,-0.0916876,0.384082;0.890507,0.0141107,0.360772,0.276844
0.852012,-0.0821254,0.388885;0.89018,0.0247101,0.367302,0.268436
0.853775,-0.0722169,0.39341;0.889653,0.0353039,0.373748,0.259969
0.855247,-0.0619828,0.397664;0.888925,0.0458897,0.380111,0.251442
0.856438,-0.0514433,0.401657;0.887996,0.0564652,0.386387,0.242859
0.857257,-0.0419869,0.404942;0.887018,0.0657083,0.391808,0.235303
0.857875,-0.0323261,0.408039;0.885888,0.0749401,0.397161,0.227707
0.858298,-0.0224746,0.410953;0.884604,0.0841589,0.402445,0.220071
0.858534,-0.0124462,0.413689;0.883167,0.0933632,0.407659,0.212398
0.858588,-0.00225447,0.416253;0.881578,0.102551,0.412803,0.204688
0.858468,0.00808682,0.418651;0.879836,0.111722,0.417876,0.196942
0.858179,0.018564,0.420887;0.877942,0.120873,0.422876,0.189162
0.85773,0.0291633,0.422968;0.875897,0.130003,0.427804,0.18135
0.857125,0.039871,0.424899;0.8737,0.139111,0.432657,0.173506
0.856373,0.0506736,0.426686;0.871352,0.148195,0.437436,0.165632
0.855479,0.0615572,0.428334;0.868853,0.157253,0.442139,0.15773
0.85445,0.0725081,0.429848;0.866204,0.166284,0.446765,0.1498
0.853292,0.0835127,0.431234;0.863406,0.175286,0.451315,0.141845
0.852014,0.0945572,0.432498;0.860458,0.184258,0.455786,0.133865
0.85062,0.105628,0.433645;0.857362,0.193198,0.460179,0.125862
0.849117,0.116711,0.434681;0.854117,0.202104,0.464492,0.117837
0.847513,0.127793,0.435611;0.850725,0.210976,0.468725,0.109791
0.845814,0.138861,0.436441;0.847185,0.219811,0.472876,0.101727
0.844027,0.149899,0.437176;0.843499,0.228608,0.476946,0.0936452
0.842157,0.160896,0.437821;0.839668,0.237366,0.480934,0.0855471
0.840212,0.171836,0.438383;0.835691,0.246083,0.484838,0.0774343
0.838199,0.182707,0.438867;0.83157,0.254757,0.488659,0.069308
0.836123,0.193494,0.439278;0.827305,0.263387,0.492395,0.0611698
0.833992,0.204184,0.439622;0.822897,0.271971,0.496046,0.053021
0.831863,0.214519,0.439898;0.82452,0.27792,0.490443,0.0489261
0.829448,0.225874,0.440139;0.828555,0.283561,0.48061,0.0458713
0.826984,0.23708,0.440313;0.832462,0.289158,0.470704,0.0428095
0.824479,0.248131,0.440423;0.836241,0.29471,0.460725,0.0397411
0.821935,0.259019,0.440472;0.839891,0.300217,0.450675,0.0366666
0.819358,0.269736,0.440462;0.843412,0.305678,0.440555,0.0335864
0.816754,0.280273,0.440395;0.846803,0.311092,0.430368,0.030501
0.814126,0.290623,0.440274;0.850063,0.316458,0.420114,0.027411
0.811479,0.300779,0.440102;0.853192,0.321775,0.409796,0.0243167
0.808819,0.310732,0.439882;0.85619,0.327042,0.399414,0.0212187
0.80615,0.320474,0.439615;0.859056,0.332259,0.388971,0.0181174
0.803031,0.331564,0.439249;0.862232,0.338281,0.376711,0.0144957
0.799915,0.342343,0.438828;0.865227,0.344232,0.364373,0.010871
0.796808,0.352801,0.438356;0.868041,0.350111,0.351958,0.00724399
0.79372,0.362925,0.437837;0.870673,0.355916,0.33947,0.00361547
0.790656,0.372701,0.437275;0.873122,0.361646,0.32691,-1.38017e-05
0.787195,0.383433,0.436585;0.875697,0.368103,0.312472,-0.0041615
0.783789,0.393677,0.435851;0.878031,0.374458,0.297948,-0.00830805
0.780449,0.403414,0.435079;0.880125,0.380711,0.283343,-0.0124523
0.776785,0.413739,0.434172;0.882193,0.38762,0.26682,-0.0171105
0.773234,0.423374,0.433232;0.883955,0.394396,0.250204,-0.0217628
0.769443,0.433235,0.432162;0.885553,0.401763,0.23164,-0.026923
0.765486,0.443016,0.430965;0.886873,0.409669,0.211106,-0.0325859
0.761457,0.452357,0.429654;0.887789,0.418051,0.188581,-0.0387442
0.757187,0.461419,0.428145;0.888166,0.427504,0.162156,-0.0458985
0.752239,0.470385,0.426189;0.887486,0.439758,0.126079,-0.0555451
0.74565,0.475676,0.422758;0.881576,0.463313,0.0495597,-0.0755554
0.744853,0.465909,0.421134;0.872841,0.479395,-0.0100035,-0.0907147
0.746158,0.455733,0.42078;0.866926,0.486927,-0.0407452,-0.0983967
0.748031,0.445411,0.420772;0.873584,0.47239,-0.0531621,-0.104266
0.750156,0.435212,0.420953;0.889596,0.440414,-0.0525557,-0.109052
0.752441,0.424984,0.421259;0.902856,0.411508,-0.0519592,-0.113188
0.75472,0.415194,0.421641;0.913698,0.385867,-0.0513934,-0.116711
0.757052,0.40544,0.422091;0.923121,0.361785,-0.0508318,-0.1199
0.759574,0.395086,0.422636;0.931916,0.337457,-0.0502356,-0.123008
0.762056,0.385027,0.423223;0.939474,0.314797,-0.049655,-0.125803
0.764672,0.374514,0.423891;0.946487,0.291955,-0.0490457,-0.128525
0.767176,0.364505,0.424577;0.952436,0.270867,-0.0484622,-0.130954
0.769771,0.354161,0.425333;0.957921,0.249647,-0.0478551,-0.13332
0.772202,0.344485,0.426081;0.962503,0.230251,-0.047283,-0.135415
0.774691,0.334567,0.426888;0.966698,0.210763,-0.0466919,-0.137455
0.777232,0.324423,0.427755;0.970505,0.191189,-0.046082,-0.13944
0.779817,0.314071,0.428682;0.973921,0.171539,-0.0454537,-0.141369
0.782438,0.303525,0.42967;0.976947,0.15182,-0.044807,-0.143242
0.785087,0.292803,0.430718;0.979579,0.13204,-0.0441424,-0.145056
0.78749,0.283016,0.431714;0.981612,0.114192,-0.043529,-0.146639
0.789904,0.273111,0.43276;0.983325,0.0963076,-0.0429014,-0.148175
0.792324,0.263101,0.433857;0.984718,0.0783914,-0.0422599,-0.149662
0.794743,0.252997,0.435004;0.985791,0.0604496,-0.0416047,-0.151101
0.797157,0.242811,0.436203;0.986542,0.0424882,-0.0409359,-0.15249
0.799561,0.232555,0.437454;0.986973,0.024513,-0.0402537,-0.15383
0.801947,0.222242,0.438756;0.987082,0.00652972,-0.0395585,-0.15512
0.804311,0.211883,0.440111;0.986869,-0.0114556,-0.0388504,-0.156359
0.806647,0.20149,0.441518;0.986336,-0.0294373,-0.0381296,-0.157547
0.808949,0.191076,0.442978;0.985481,-0.0474093,-0.0373964,-0.158684
0.811213,0.180651,0.444492;0.984306,-0.0653659,-0.036651,-0.15977
0.813431,0.170228,0.44606;0.98281,-0.0833012,-0.0358938,-0.160803
0.8156,0.15982,0.447682;0.980994,-0.101209,-0.0351248,-0.161784
0.817712,0.149437,0.449358;0.978859,-0.119085,-0.0343444,-0.162712
0.819763,0.139093,0.451089;0.976405,-0.136921,-0.0335528,-0.163588
0.821747,0.128798,0.452875;0.973633,-0.154713,-0.0327503,-0.16441
0.823658,0.118566,0.454717;0.970544,-0.172455,-0.0319371,-0.165178
0.82549,0.108407,0.456615;0.967139,-0.19014,-0.0311135,-0.165893
0.827239,0.0983343,0.458569;0.96342,-0.207764,-0.0302798,-0.166554
0.828898,0.0883594,0.460579;0.959386,-0.225319,-0.0294363,-0.16716
0.830462,0.0784942,0.462647;0.955041,-0.242802,-0.0285831,-0.167712
0.831925,0.0687509,0.464772;0.950384,-0.260205,-0.0277207,-0.16821
0.833425,0.0580823,0.467201;0.944847,-0.279443,-0.0267518,-0.168698
0.834787,0.0475953,0.469702;0.938931,-0.298568,-0.0257722,-0.169119
0.836002,0.0373063,0.472275;0.932637,-0.317574,-0.0247823,-0.169472
0.837063,0.0272316,0.47492;0.925969,-0.336451,-0.0237823,-0.169757
0.837961,0.0173878,0.477639;0.918928,-0.355194,-0.0227729,-0.169973
0.83869,0.00779118,0.480432;0.911517,-0.373793,-0.0217542,-0.170121
0.839286,-0.00245994,0.48359;0.902943,-0.394079,-0.0206237,-0.170205
0.839658,-0.0123702,0.486838;0.89393,-0.414173,-0.0194831,-0.170206
0.839794,-0.0219177,0.490178;0.884482,-0.434066,-0.018333,-0.170125
0.839663,-0.0318938,0.493926;0.873684,-0.455526,-0.0170682,-0.169942
0.839226,-0.0413839,0.497784;0.862381,-0.476722,-0.0157935,-0.16966
0.838393,-0.0510834,0.502089;0.849573,-0.499374,-0.0144024,-0.169244
0.837124,-0.0604165,0.506666;0.839907,-0.515725,-0.0124427,-0.168612
0.835404,-0.0691733,0.511452;0.860112,-0.481896,-0.00658788,-0.167151
0.833135,-0.0776883,0.516649;0.880016,-0.445244,-0.000377423,-0.165315
0.830283,-0.0858806,0.522252;0.899324,-0.405697,0.00617857,-0.163057
0.82682,-0.0936783,0.528245;0.917719,-0.3632,0.0130661,-0.160331
0.822934,-0.100689,0.5343;0.934096,-0.319904,0.0199249,-0.157252
0.818456,-0.107272,0.540684;0.949081,-0.273688,0.0270792,-0.153648
0.813388,-0.113389,0.547355;0.96231,-0.224561,0.0345035,-0.149472
0.808004,-0.11879,0.553962;0.972978,-0.174837,0.041836,-0.144898
0.80211,-0.123759,0.560746;0.981363,-0.122357,0.0493824,-0.139705
0.795753,-0.128305,0.567634;0.987069,-0.0672189,0.0571035,-0.133852
0.789273,-0.132305,0.574262;0.989649,-0.0118676,0.0646438,-0.127576
0.782485,-0.136005,0.580823;0.989004,0.0458274,0.0722802,-0.120609
0.775492,-0.139476,0.587199;0.984729,0.10566,0.0799582,-0.112925
0.768163,-0.142937,0.593463;0.976033,0.16965,0.0878938,-0.10418
0.760698,-0.146515,0.599372;0.962049,0.237393,0.0959749,-0.0943138
0.75315,-0.150536,0.604766;0.941173,0.31054,0.104314,-0.082924
0.74561,-0.15563,0.609337;0.910166,0.392441,0.113141,-0.069198
0.73886,-0.162678,0.612118;0.865258,0.483341,0.122235,-0.052626
0.734694,-0.171818,0.611787;0.809814,0.570982,0.130191,-0.0350999
0.73375,-0.181286,0.608818;0.757446,0.638325,0.13565,-0.0203882
0.734866,-0.190546,0.604452;0.710783,0.689424,0.139329,-0.00834195
0.737098,-0.199126,0.599606;0.670909,0.727859,0.141777,0.0013276
0.740103,-0.20758,0.594326;0.634272,0.759602,0.143551,0.00978605
0.743507,-0.215585,0.588994;0.601642,0.785348,0.144794,0.017018
0.747206,-0.223327,0.583606;0.571735,0.807061,0.145683,0.0234214
0.751179,-0.230976,0.578111;0.543594,0.825978,0.146318,0.0292663
0.755515,-0.238801,0.572348;0.520513,0.842875,0.135511,0.0162653
0.760007,-0.24651,0.566541;0.498451,0.857806,0.12529,0.00411453
0.764537,-0.253982,0.560798;0.477536,0.870933,0.115691,-0.00717213
0.769005,-0.261116,0.555211;0.457878,0.882408,0.106744,-0.0175855
0.77373,-0.26845,0.549365;0.437896,0.89326,0.0977226,-0.0279865
0.778693,-0.275956,0.543271;0.417605,0.903481,0.0886318,-0.0383677
0.783437,-0.282965,0.537479;0.398745,0.91229,0.0802435,-0.0478601
0.788351,-0.290075,0.531501;0.379648,0.920557,0.0718075,-0.0573242
0.793423,-0.297265,0.525345;0.360326,0.928277,0.0633288,-0.0667542
0.798638,-0.304514,0.519023;0.34079,0.935446,0.0548126,-0.0761445
0.803491,-0.311139,0.51314;0.322855,0.941482,0.0470422,-0.0846421
0.80844,-0.317779,0.507135;0.30476,0.947055,0.0392487,-0.0930982
0.813475,-0.32442,0.501016;0.286516,0.952164,0.0314359,-0.101509
0.818586,-0.331046,0.49479;0.268132,0.956805,0.0236078,-0.109869
0.823761,-0.33764,0.488466;0.249616,0.960978,0.015768,-0.118176
0.82899,-0.344188,0.482049;0.230977,0.964678,0.00792048,-0.126425
0.834263,-0.350673,0.475549;0.212225,0.967905,6.90878e-05,-0.134611
0.83957,-0.35708,0.468972;0.193369,0.970657,-0.00778234,-0.142732
0.844899,-0.363392,0.462327;0.174419,0.972933,-0.0156299,-0.150782
0.85024,-0.369596,0.45562;0.155382,0.974731,-0.0234699,-0.158759
0.855583,-0.375674,0.448859;0.136269,0.976051,-0.0312983,-0.166657
0.860917,-0.381611,0.442052;0.11709,0.976893,-0.0391114,-0.174474
0.866232,-0.387391,0.435207;0.0978526,0.977254,-0.0469052,-0.182206
0.871518,-0.392999,0.428331;0.0785675,0.977136,-0.0546761,-0.189847
0.876763,-0.398419,0.421431;0.0592439,0.976539,-0.0624201,-0.197396
0.881957,-0.403634,0.414515;0.0398912,0.975463,-0.0701335,-0.204848
0.887599,-0.409117,0.406899;0.018581,0.973726,-0.0785783,-0.212929
0.893154,-0.414314,0.399282;-0.0027403,0.97141,-0.0869765,-0.220883
0.898606,-0.419203,0.391675;-0.0240599,0.968519,-0.095323,-0.228706
0.903943,-0.423763,0.384089;-0.0453653,0.965052,-0.103613,-0.236393
0.909149,-0.427974,0.376532;-0.0666437,0.961012,-0.111841,-0.243941
0.914664,-0.432145,0.368335;-0.0898109,0.955954,-0.120742,-0.252008
0.91999,-0.435849,0.360199;-0.112915,0.95022,-0.129557,-0.259898
0.925107,-0.439057,0.352137;-0.135939,0.943815,-0.138281,-0.267604
0.930396,-0.441943,0.343502;-0.160772,0.936124,-0.147621,-0.275739
0.935397,-0.444181,0.334985;-0.185473,0.927657,-0.156839,-0.283645
0.940434,-0.445829,0.325965;-0.211901,0.917678,-0.16662,-0.291896
0.945082,-0.446642,0.317123;-0.238125,0.906817,-0.176241,-0.299866
0.949596,-0.44654,0.307871;-0.265967,0.894212,-0.186361,-0.308085
0.953842,-0.445261,0.298281;-0.295341,0.879679,-0.196928,-0.316477
0.957458,-0.442712,0.289011;-0.324345,0.864041,-0.207248,-0.324472
0.960402,-0.43883,0.280091;-0.35294,0.847318,-0.217308,-0.332059
0.962629,-0.433548,0.271552;-0.381093,0.82953,-0.227095,-0.339228
0.964098,-0.426804,0.263426;-0.408766,0.810701,-0.236596,-0.345972
0.964747,-0.419095,0.256209;-0.434245,0.792123,-0.245234,-0.3519
0.964687,-0.410642,0.249848;-0.457593,0.773994,-0.253052,-0.357082
0.964027,-0.401667,0.244283;-0.478879,0.756493,-0.260094,-0.361586
0.962884,-0.392389,0.239453;-0.498176,0.739781,-0.266403,-0.365478
0.961368,-0.383023,0.235295;-0.515556,0.724002,-0.27202,-0.368819
0.959589,-0.373775,0.231749;-0.531091,0.709284,-0.276987,-0.371666
0.957419,-0.363813,0.228433;-0.546365,0.694219,-0.281818,-0.374331
0.955122,-0.354223,0.225651;-0.559883,0.680368,-0.286048,-0.376572
0.952491,-0.344031,0.223066;-0.573178,0.666247,-0.290164,-0.378664
0.949866,-0.334455,0.22094;-0.584805,0.653473,-0.293726,-0.380397
0.946967,-0.324386,0.218978;-0.596248,0.640493,-0.297196,-0.38201
0.943787,-0.313816,0.217184;-0.607504,0.627312,-0.300573,-0.383504
0.94077,-0.304149,0.215756;-0.617196,0.615617,-0.30345,-0.384712
0.93753,-0.294087,0.214462;-0.62674,0.603774,-0.306254,-0.385827
0.934065,-0.283624,0.213306;-0.636134,0.591786,-0.308984,-0.38685
0.93037,-0.272754,0.212289;-0.645374,0.579655,-0.31164,-0.38778
0.927018,-0.26311,0.21153;-0.653171,0.569146,-0.313857,-0.388502
0.923491,-0.25316,0.210878;-0.660852,0.558537,-0.316019,-0.389156
0.919789,-0.242901,0.210333;-0.668417,0.547829,-0.318124,-0.389741
0.915909,-0.232329,0.209898;-0.675864,0.537025,-0.320174,-0.390258
0.912291,-0.22262,0.209603;-0.682414,0.527294,-0.321957,-0.390661
