0.906011,-0.072781,0.562439;0.671254,-0.644635,-0.178244,0.319519
0.898887,-0.0635868,0.562678;0.658912,-0.655213,-0.179032,0.323231
0.891938,-0.0546656,0.562917;0.646385,-0.66561,-0.17977,0.326853
0.885164,-0.0460143,0.563157;0.633678,-0.675821,-0.180458,0.330383
0.878563,-0.0376299,0.563398;0.620795,-0.685843,-0.181095,0.333822
0.872133,-0.0295095,0.563639;0.607739,-0.695675,-0.181682,0.337167
0.865873,-0.0216499,0.563881;0.594513,-0.705312,-0.182218,0.340419
0.858923,-0.0129833,0.564159;0.579196,-0.716086,-0.182769,0.344019
0.85219,-0.00464899,0.564437;0.563667,-0.726599,-0.183253,0.347493
0.845671,0.00335733,0.564715;0.547934,-0.736847,-0.183671,0.350842
0.838589,0.011978,0.565029;0.529996,-0.748056,-0.184061,0.354455
0.831771,0.0201957,0.565343;0.511813,-0.75892,-0.184366,0.357906
0.825214,0.0280167,0.565658;0.493395,-0.769435,-0.184586,0.361192
0.818228,0.0362493,0.566008;0.472664,-0.780702,-0.184731,0.364648
0.811554,0.0440088,0.566358;0.451664,-0.791525,-0.184771,0.367896
0.804567,0.0520083,0.566744;0.428269,-0.80291,-0.184693,0.371228
0.79736,0.0601079,0.567163;0.40241,-0.8147,-0.184464,0.374571
0.790578,0.0675678,0.567583;0.376223,-0.825823,-0.184083,0.377607
0.783701,0.074945,0.568036;0.347506,-0.837109,-0.183501,0.380547
0.776358,0.0825713,0.568558;0.313957,-0.849131,-0.18261,0.383485
0.769208,0.0896917,0.569111;0.277731,-0.860757,-0.181402,0.386078
0.761604,0.0968358,0.569764;0.234191,-0.872934,-0.179624,0.388427
0.753959,0.103404,0.570513;0.183182,-0.884794,-0.177106,0.39015
0.745697,0.109418,0.571486;0.115195,-0.896703,-0.173043,0.390781
0.736545,0.113281,0.572985;0.00635636,-0.906784,-0.164911,0.387952
0.730898,0.106805,0.57525;-0.168335,-0.900126,-0.14772,0.373651
0.732135,0.0967764,0.576488;-0.27007,-0.882863,-0.135282,0.359602
0.734883,0.0871199,0.577328;-0.342255,-0.864194,-0.125294,0.346889
0.738275,0.0776635,0.577992;-0.401629,-0.844523,-0.116296,0.334589
0.74203,0.0684002,0.578546;-0.453016,-0.824097,-0.107892,0.322489
0.746216,0.058882,0.579042;-0.500871,-0.801989,-0.0995068,0.309903
0.750487,0.0497352,0.579464;-0.543254,-0.779695,-0.0915884,0.297595
0.754909,0.0406954,0.579836;-0.582353,-0.756644,-0.0838333,0.28518
0.759637,0.0314062,0.580179;-0.620127,-0.731872,-0.0758876,0.272116
0.764375,0.0224141,0.580476;-0.654708,-0.706795,-0.0681789,0.259131
0.769318,0.01332,0.580744;-0.687945,-0.680268,-0.0603304,0.245615
0.774432,0.00418373,0.580982;-0.71977,-0.652345,-0.0523579,0.231594
0.779491,-0.00460657,0.581182;-0.707065,-0.66381,-0.0555981,0.237327
0.784852,-0.0136718,0.581357;-0.674661,-0.691175,-0.0635224,0.251147
0.79031,-0.0226482,0.581499;-0.640872,-0.717121,-0.0713162,0.264451
0.795844,-0.0315038,0.581607;-0.605767,-0.741595,-0.0789637,0.277213
0.801439,-0.0402063,0.581679;-0.569419,-0.764547,-0.0864491,0.289406
0.807074,-0.0487236,0.581715;-0.531902,-0.78593,-0.093757,0.301004
0.812731,-0.0570235,0.581713;-0.493294,-0.805699,-0.100873,0.311985
0.818691,-0.06549,0.581669;-0.451561,-0.824722,-0.108139,0.322852
0.824633,-0.0736425,0.581581;-0.4088,-0.841868,-0.115159,0.332984
0.830832,-0.0818237,0.58144;-0.362903,-0.857811,-0.122248,0.342807
0.837253,-0.0899314,0.581238;-0.313847,-0.872205,-0.129345,0.352176
0.843857,-0.0978477,0.580964;-0.261639,-0.884687,-0.136384,0.360934
0.850593,-0.105437,0.580609;-0.206325,-0.894874,-0.143292,0.368915
0.857672,-0.112811,0.580142;-0.145644,-0.902602,-0.150245,0.376197
0.864986,-0.119675,0.579539;-0.0796771,-0.907044,-0.157086,0.382422
0.87288,-0.126021,0.578721;-0.00386817,-0.907171,-0.164046,0.387447
0.881494,-0.131279,0.577563;0.0861483,-0.900465,-0.171067,0.390484
0.890976,-0.134002,0.575798;0.198751,-0.881444,-0.177924,0.38974
0.899957,-0.130767,0.573193;0.331207,-0.843103,-0.183096,0.38204
0.90491,-0.122317,0.570683;0.434016,-0.800178,-0.184724,0.370437
0.907024,-0.112652,0.568636;0.505064,-0.762829,-0.184457,0.359134
0.907746,-0.102715,0.566866;0.559143,-0.729587,-0.183381,0.348474
0.907649,-0.0925933,0.565256;0.603391,-0.698878,-0.181865,0.338251
0.907006,-0.0825069,0.563778;0.640397,-0.670463,-0.180101,0.328534
0.905897,-0.0718187,0.56231;0.672021,-0.644464,-0.176465,0.319239
0.904549,-0.0617486,0.560997;0.679543,-0.642625,-0.158639,0.316368
0.902854,-0.0509062,0.559638;0.686802,-0.640537,-0.140751,0.313375
0.901049,-0.0405373,0.558379;0.693109,-0.638447,-0.124605,0.310578
0.898995,-0.0296352,0.55709;0.699199,-0.636158,-0.108421,0.307683
0.896973,-0.019532,0.555921;0.704429,-0.633955,-0.0940058,0.30503
0.894778,-0.00907264,0.554732;0.709485,-0.631596,-0.0795677,0.302301
0.892419,0.00171213,0.553524;0.714366,-0.629082,-0.0651099,0.299497
0.889909,0.0127917,0.552301;0.71907,-0.626411,-0.050636,0.29662
0.887597,0.0227039,0.551219;0.723041,-0.623948,-0.0379609,0.294042
0.885184,0.0327977,0.550128;0.726874,-0.621366,-0.0252787,0.291408
0.882679,0.0430526,0.549029;0.730571,-0.618667,-0.0125917,0.288719
0.880087,0.053448,0.547923;0.734129,-0.615851,9.76601e-05,0.285976
0.877416,0.0639633,0.546812;0.737548,-0.612919,0.012787,0.283179
0.874675,0.0745779,0.545697;0.740828,-0.60987,0.025474,0.280328
0.871869,0.0852713,0.544579;0.743968,-0.606706,0.0381561,0.277424
0.869006,0.096023,0.543461;0.746966,-0.603428,0.050831,0.274467
0.866094,0.106812,0.542342;0.749824,-0.600035,0.0634963,0.271459
0.86314,0.117619,0.541225;0.75254,-0.596529,0.0761496,0.268399
0.860151,0.128422,0.54011;0.755114,-0.59291,0.0887885,0.265289
0.857134,0.139201,0.539;0.757544,-0.589179,0.101411,0.262128
0.854098,0.149935,0.537895;0.759832,-0.585336,0.114013,0.258918
0.851048,0.160604,0.536797;0.761975,-0.581383,0.126595,0.255658
0.847992,0.171188,0.535708;0.763975,-0.57732,0.139152,0.252351
0.844938,0.181665,0.534628;0.76583,-0.573147,0.151683,0.248996
0.841894,0.192015,0.533559;0.76754,-0.568866,0.164186,0.245593
0.838865,0.202218,0.532502;0.769105,-0.564478,0.176657,0.242144
0.83586,0.212254,0.531458;0.770525,-0.559983,0.189095,0.23865
0.832885,0.2221,0.53043;0.771799,-0.555382,0.201497,0.23511
0.829949,0.231738,0.529418;0.772927,-0.550675,0.213861,0.231526
0.826649,0.242469,0.528283;0.774037,-0.545169,0.227942,0.227376
0.82342,0.252871,0.527173;0.774956,-0.539529,0.241966,0.22317
0.820272,0.262911,0.526091;0.775683,-0.533755,0.255931,0.218908
0.817215,0.272558,0.525037;0.776219,-0.527849,0.269832,0.214593
0.8139,0.282905,0.523889;0.776592,-0.521049,0.285391,0.209675
0.810731,0.292674,0.522783;0.776723,-0.514087,0.300861,0.204692
0.807399,0.302796,0.521607;0.776583,-0.506162,0.31794,0.199079
0.80399,0.31297,0.520383;0.776084,-0.497219,0.336584,0.192817
0.800608,0.322834,0.519136;0.775125,-0.487199,0.356743,0.185883
0.797154,0.332575,0.517806;0.773462,-0.475167,0.380011,0.177663
0.793584,0.342051,0.516312;0.770465,-0.459169,0.409502,0.166898
0.789726,0.348221,0.513709;0.758109,-0.414745,0.484001,0.13784
0.791722,0.337848,0.513184;0.751973,-0.3925,0.516608,0.116608
0.794096,0.328104,0.51321;0.759461,-0.394789,0.508574,0.0933435
0.796807,0.317542,0.513379;0.765477,-0.396541,0.501418,0.073352
0.799504,0.307301,0.513613;0.770203,-0.397853,0.495267,0.0566645
0.802247,0.297043,0.513888;0.774233,-0.398918,0.489586,0.0416291
0.804917,0.287153,0.514179;0.777636,-0.399772,0.484423,0.0282545
0.80779,0.276583,0.514511;0.78087,-0.400539,0.479155,0.0148738
0.810459,0.266812,0.51483;0.783559,-0.401139,0.47446,0.00316289
0.813262,0.256587,0.515173;0.786119,-0.401672,0.469685,-0.00854853
0.816189,0.245938,0.515538;0.788547,-0.402138,0.464832,-0.0202585
0.819231,0.234895,0.515922;0.790843,-0.402536,0.459902,-0.0319651
0.821921,0.22514,0.516263;0.792706,-0.402825,0.455615,-0.0419952
0.824681,0.215138,0.516615;0.794473,-0.403064,0.451272,-0.0520201
0.827505,0.204907,0.516975;0.796142,-0.403253,0.446874,-0.0620387
0.830386,0.194468,0.517341;0.797713,-0.403394,0.442421,-0.0720496
0.833318,0.18384,0.517713;0.799187,-0.403484,0.437914,-0.0820517
0.836296,0.173041,0.518087;0.800562,-0.403526,0.433353,-0.0920438
0.839312,0.162092,0.518462;0.80184,-0.403518,0.428739,-0.102025
0.84236,0.151011,0.518837;0.803019,-0.40346,0.424072,-0.111993
0.845434,0.139817,0.519209;0.8041,-0.403353,0.419354,-0.121947
0.848527,0.128531,0.519578;0.805083,-0.403197,0.414584,-0.131887
0.851634,0.117171,0.51994;0.805967,-0.402991,0.409763,-0.141811
0.854748,0.105757,0.520296;0.806752,-0.402736,0.404892,-0.151717
0.857862,0.0943072,0.520641;0.807438,-0.402431,0.399972,-0.161604
0.860971,0.0828419,0.520976;0.808025,-0.402077,0.395002,-0.171472
0.864068,0.07138,0.521298;0.808513,-0.401674,0.389984,-0.181318
0.867147,0.0599408,0.521605;0.808902,-0.401222,0.384919,-0.191143
0.870201,0.0485437,0.521896;0.809192,-0.40072,0.379806,-0.200944
0.873224,0.0372079,0.522168;0.809383,-0.400169,0.374647,-0.21072
0.87621,0.0259528,0.522421;0.809475,-0.39957,0.369441,-0.220471
0.879152,0.0147975,0.522652;0.809467,-0.398921,0.364191,-0.230194
0.882044,0.00376136,0.52286;0.809361,-0.398224,0.358895,-0.23989
0.884881,-0.00713628,0.523043;0.809155,-0.397477,0.353556,-0.249556
0.887655,-0.0178762,0.523198;0.80885,-0.396682,0.348174,-0.259191
0.89036,-0.028439,0.523326;0.808446,-0.395839,0.342749,-0.268795
0.892989,-0.0388055,0.523422;0.807942,-0.394947,0.337281,-0.278366
0.895538,-0.0489564,0.523487;0.80734,-0.394006,0.331773,-0.287902
0.897999,-0.0588724,0.523517;0.806639,-0.393017,0.326224,-0.297403
0.90075,-0.0701184,0.523508;0.805696,-0.391803,0.319699,-0.308442
0.903364,-0.0809878,0.523447;0.804619,-0.390523,0.313121,-0.319429
0.905829,-0.09145,0.523332;0.803407,-0.389178,0.306491,-0.330363
0.908137,-0.101474,0.52316;0.802062,-0.387768,0.29981,-0.341242
0.910568,-0.112355,0.52289;0.80036,-0.386078,0.292114,-0.353606
0.912764,-0.122578,0.522538;0.798485,-0.384303,0.284353,-0.365892
0.914935,-0.133237,0.522038;0.796166,-0.382207,0.275549,-0.379618
0.916952,-0.143956,0.521348;0.793333,-0.379754,0.265677,-0.394747
0.918655,-0.154278,0.520414;0.789905,-0.376906,0.254714,-0.411233
0.91992,-0.164336,0.519062;0.785434,-0.373341,0.241623,-0.430498
0.920219,-0.174083,0.516711;0.778498,-0.368051,0.223268,-0.456762
0.915863,-0.177745,0.510814;0.763558,-0.357302,0.188994,-0.503583
0.910121,-0.170464,0.506377;0.768183,-0.352566,0.18418,-0.501667
0.905239,-0.162208,0.503166;0.782159,-0.350907,0.193354,-0.477185
0.900442,-0.153239,0.500233;0.793448,-0.349261,0.200983,-0.456139
0.895607,-0.143656,0.497412;0.803276,-0.347573,0.207809,-0.436757
0.89091,-0.133973,0.494756;0.811762,-0.345899,0.21386,-0.419117
0.886487,-0.124598,0.492311;0.819018,-0.344289,0.219162,-0.403289
0.881857,-0.114568,0.489794;0.826001,-0.342563,0.224392,-0.387326
0.877655,-0.105303,0.487537;0.831884,-0.340959,0.228906,-0.373252
0.873327,-0.0956259,0.485235;0.837555,-0.339268,0.233362,-0.359083
0.868892,-0.0855801,0.482891;0.843012,-0.33749,0.237758,-0.344822
0.864363,-0.0752074,0.48051;0.848253,-0.335626,0.242093,-0.330473
0.86042,-0.0660884,0.478444;0.852573,-0.33396,0.24576,-0.318106
0.856431,-0.0567868,0.476356;0.856733,-0.332232,0.249381,-0.305679
0.852406,-0.0473295,0.47425;0.860732,-0.330441,0.252954,-0.293195
0.848354,-0.0377429,0.472128;0.864569,-0.328587,0.256481,-0.280657
0.844287,-0.0280538,0.469994;0.868244,-0.326673,0.259959,-0.268065
0.840213,-0.0182887,0.46785;0.871756,-0.324696,0.263388,-0.255423
0.836144,-0.00847442,0.465699;0.875104,-0.322659,0.266768,-0.242733
0.832089,0.00136256,0.463544;0.878288,-0.320561,0.270098,-0.229997
0.828058,0.0111955,0.461387;0.881306,-0.318403,0.273377,-0.217218
0.824061,0.0209979,0.459232;0.884159,-0.316185,0.276604,-0.204399
0.820109,0.030743,0.457081;0.886847,-0.313908,0.27978,-0.191541
0.816211,0.0404042,0.454937;0.889367,-0.311572,0.282903,-0.178647
0.812377,0.0499548,0.452803;0.891721,-0.309177,0.285973,-0.165719
0.808619,0.0593682,0.450681;0.893907,-0.306724,0.288989,-0.152761
0.804944,0.0686179,0.448575;0.895925,-0.304214,0.291952,-0.139774
0.800778,0.0791665,0.44614;0.898067,-0.301213,0.295338,-0.124589
0.796757,0.0894136,0.443736;0.899979,-0.298135,0.298649,-0.109372
0.792897,0.0993169,0.441364;0.901661,-0.294981,0.301883,-0.0941272
0.789213,0.108834,0.439031;0.903113,-0.291751,0.305041,-0.0788585
0.785723,0.117923,0.436741;0.904334,-0.288447,0.30812,-0.0635696
0.78199,0.127731,0.434181;0.905446,-0.284581,0.311543,-0.0460769
0.778554,0.136861,0.431689;0.906256,-0.280619,0.314861,-0.0285688
0.775073,0.146244,0.428976;0.906805,-0.27605,0.318469,-0.00886106
0.771722,0.155459,0.426084;0.906966,-0.270837,0.32232,0.0130404
0.768483,0.164669,0.422801;0.906534,-0.264396,0.326719,0.0393122
0.765623,0.173462,0.418779;0.9049,-0.255499,0.332202,0.074292
0.765902,0.176748,0.411812;0.897418,-0.235474,0.342371,0.148236
0.770362,0.168035,0.409003;0.890877,-0.223658,0.347159,0.189198
0.774958,0.158137,0.407683;0.885881,-0.215977,0.349846,0.214889
0.779366,0.148326,0.406939;0.881696,-0.210109,0.351689,0.234053
0.784008,0.137806,0.406464;0.877664,-0.204819,0.353203,0.251004
0.788647,0.12716,0.406197;0.873895,-0.200133,0.35443,0.265768
0.793065,0.11693,0.406083;0.870487,-0.196077,0.355411,0.278369
0.797066,0.107607,0.40607;0.867522,-0.192668,0.356176,0.28883
0.801364,0.0975407,0.406134;0.864444,-0.189234,0.356896,0.299254
0.805964,0.0867164,0.406277;0.861253,-0.185775,0.357569,0.309638
0.809865,0.0775007,0.406449;0.858619,-0.182991,0.358073,0.317916
0.813967,0.0677821,0.406674;0.855914,-0.180191,0.358548,0.326168
0.818272,0.0575527,0.406951;0.853137,-0.177377,0.358993,0.334393
0.822783,0.0468044,0.407282;0.850289,-0.174547,0.359408,0.34259
0.827503,0.0355296,0.407667;0.84737,-0.171703,0.359793,0.350758
0.832435,0.0237202,0.408108;0.84438,-0.168845,0.360148,0.358897
0.837582,0.0113684,0.408606;0.84132,-0.165972,0.360473,0.367006
0.841586,0.00174379,0.409016;0.838979,-0.163809,0.360696,0.373067
0.845713,-0.00819368,0.409459;0.836598,-0.161638,0.360903,0.379111
0.849966,-0.0184474,0.409935;0.834178,-0.159459,0.361093,0.385138
