0.999825,0.0603126,0.243169;0.957492,-0.0136053,-0.0123861,-0.287872
0.997805,0.057458,0.257031;0.95748,-0.00958443,-0.0116843,-0.288102
0.995803,0.0547305,0.270605;0.957453,-0.00556341,-0.0109823,-0.288328
0.993818,0.0521283,0.283893;0.957409,-0.00154231,-0.0102801,-0.288549
0.99185,0.0496497,0.2969;0.957349,0.00247883,-0.00957778,-0.288765
0.989898,0.0472929,0.309628;0.957273,0.00649992,-0.00887527,-0.288976
0.987964,0.0450562,0.32208;0.957181,0.0105209,-0.00817262,-0.289183
0.986046,0.0429379,0.33426;0.957073,0.0145417,-0.00746983,-0.289384
0.984146,0.0409362,0.346171;0.95695,0.0185623,-0.00676691,-0.289581
0.982261,0.0390494,0.357816;0.95681,0.0225825,-0.00606389,-0.289773
0.980394,0.0372758,0.369197;0.956654,0.0266024,-0.00536076,-0.28996
0.978543,0.0356135,0.380319;0.956482,0.0306218,-0.00465754,-0.290142
0.976709,0.034061,0.391185;0.956294,0.0346408,-0.00395424,-0.29032
0.974891,0.0326164,0.401797;0.956091,0.0386591,-0.00325088,-0.290492
0.973089,0.031278,0.412159;0.955871,0.0426768,-0.00254746,-0.29066
0.971304,0.0300442,0.422274;0.955635,0.0466938,-0.001844,-0.290823
0.969535,0.028913,0.432145;0.955383,0.05071,-0.00114051,-0.290981
0.967202,0.0275617,0.444932;0.955023,0.0560636,-0.000202492,-0.291184
0.964897,0.0263858,0.4573;0.954634,0.0614155,0.000735529,-0.291378
0.962621,0.0253813,0.469254;0.954217,0.0667657,0.00167353,-0.291564
0.960373,0.0245441,0.480803;0.953771,0.0721138,0.00261148,-0.291741
0.958154,0.0238699,0.491955;0.953298,0.0774598,0.00354935,-0.291909
0.955963,0.0233548,0.502716;0.952795,0.0828035,0.00448712,-0.292069
0.953799,0.0229946,0.513094;0.952265,0.0881447,0.00542475,-0.29222
0.951664,0.0227852,0.523098;0.951706,0.0934833,0.00636222,-0.292363
0.949034,0.0227293,0.535086;0.950968,0.100153,0.0075338,-0.292528
0.946447,0.0228945,0.546514;0.950185,0.106817,0.00870502,-0.29268
0.943902,0.0232729,0.557398;0.949359,0.113477,0.00987583,-0.292819
0.941401,0.0238564,0.567751;0.948488,0.120132,0.0110462,-0.292944
0.938941,0.0246369,0.577588;0.947574,0.12678,0.012216,-0.293055
0.936045,0.0258224,0.588733;0.946418,0.134751,0.0136191,-0.293171
0.933209,0.0272662,0.599182;0.945199,0.142713,0.0150213,-0.293267
0.930432,0.0289545,0.608961;0.943917,0.150665,0.0164224,-0.293344
0.927267,0.0312147,0.619555;0.942342,0.15993,0.0180557,-0.293408
0.924181,0.0337667,0.629312;0.94068,0.169181,0.0196873,-0.293446
0.920751,0.0370123,0.639489;0.938677,0.179734,0.0215498,-0.293456
0.917424,0.0405773,0.648684;0.936562,0.190265,0.0234098,-0.293432
0.9138,0.044929,0.657931;0.93405,0.202086,0.0254989,-0.293363
0.910302,0.0495965,0.666098;0.931397,0.213877,0.0275842,-0.29325
0.906561,0.0550961,0.67401;0.928285,0.22694,0.0298963,-0.293072
0.902621,0.0614526,0.681436;0.924663,0.24126,0.0324332,-0.292814
0.898707,0.0683286,0.687914;0.925349,0.252797,0.0381839,-0.279936
0.89465,0.0760489,0.693698;0.934562,0.258163,0.0508742,-0.239495
0.890626,0.0843412,0.698489;0.94233,0.263278,0.0641269,-0.196432
0.886671,0.093155,0.702277;0.94834,0.26805,0.0778957,-0.150771
0.882819,0.102419,0.705094;0.952263,0.272378,0.0921247,-0.10256
0.879265,0.111621,0.706963;0.953747,0.276008,0.106118,-0.0540856
0.875861,0.121075,0.708154;0.952687,0.279048,0.120456,-0.00326217
0.872648,0.130643,0.708848;0.948738,0.281386,0.135057,0.0497785
0.869551,0.140527,0.709312;0.941198,0.282952,0.150409,0.107063
0.866656,0.15044,0.709906;0.929314,0.283506,0.166339,0.16832
0.863976,0.160301,0.71124;0.911663,0.282748,0.183168,0.235315
0.861603,0.16971,0.714391;0.88617,0.280166,0.201046,0.3095
0.860314,0.174946,0.715249;0.859574,0.294435,0.213251,0.359116
0.860352,0.174096,0.705257;0.845125,0.345778,0.212594,0.347858
0.860369,0.173345,0.695171;0.829671,0.391944,0.211436,0.33663
0.860374,0.172653,0.684807;0.812987,0.4351,0.209838,0.325128
0.860374,0.172015,0.674343;0.795376,0.475282,0.207872,0.313484
0.860372,0.171428,0.663933;0.777125,0.512547,0.205607,0.301824
0.860373,0.170889,0.653703;0.758498,0.546971,0.203108,0.290258
0.860379,0.170365,0.643169;0.738603,0.580481,0.20027,0.278206
0.860392,0.169884,0.632987;0.718679,0.611239,0.197281,0.266397
0.860415,0.169416,0.622623;0.697683,0.641085,0.193998,0.254191
0.86045,0.16896,0.61212;0.675647,0.669975,0.190426,0.241605
0.8605,0.168517,0.601523;0.652602,0.697866,0.18657,0.228659
0.860562,0.16811,0.5915;0.630024,0.723166,0.182686,0.216163
0.860642,0.167714,0.581468;0.606613,0.747511,0.178561,0.203381
0.860741,0.167328,0.571463;0.582401,0.770868,0.174201,0.19033
0.86087,0.166927,0.560901;0.555833,0.794569,0.169315,0.176189
0.861026,0.166537,0.550454;0.528437,0.817084,0.164177,0.161785
0.861211,0.166157,0.540165;0.500252,0.838381,0.158794,0.147139
0.861428,0.165787,0.530077;0.471321,0.858427,0.153175,0.132274
0.861695,0.165404,0.519663;0.439923,0.878257,0.146976,0.11632
0.862003,0.165031,0.509575;0.407789,0.896618,0.140531,0.100172
0.862376,0.164648,0.499337;0.373132,0.914373,0.133474,0.0829455
0.862827,0.164255,0.489081;0.335901,0.931221,0.125776,0.0646459
0.863367,0.163853,0.478964;0.296064,0.946842,0.117415,0.0452884
0.864044,0.163424,0.468744;0.251662,0.961477,0.107952,0.0239707
0.864887,0.162972,0.458778;0.202625,0.974407,0.0973318,0.000726978
0.866058,0.162445,0.448579;0.142932,0.985772,0.0841769,-0.027162
0.867861,0.161783,0.438566;0.0643803,0.993699,0.0665005,-0.0632098
0.873054,0.160401,0.431865;-0.100874,0.985087,0.0278651,-0.136573
0.8778,0.159531,0.441198;-0.0619458,0.990617,0.0343191,-0.116891
0.880789,0.159193,0.450988;-0.039641,0.992899,0.0379775,-0.105538
0.883367,0.159059,0.461116;-0.0210335,0.994311,0.0410075,-0.0960252
0.885717,0.15909,0.471478;-0.00427843,0.995202,0.0437189,-0.0874265
0.887802,0.15926,0.481485;0.0106164,0.99569,0.0461157,-0.0797566
0.889861,0.159586,0.492069;0.0255083,0.995894,0.0484993,-0.0720638
0.891872,0.160087,0.503067;0.0403928,0.995811,0.050869,-0.0643503
0.893813,0.160784,0.514314;0.0552657,0.995443,0.0532241,-0.0566184
0.895436,0.16157,0.52423;0.0682666,0.994887,0.0552724,-0.0498396
0.896974,0.162534,0.5341;0.0812526,0.994113,0.0573085,-0.0430498
0.898609,0.163871,0.545184;0.0960717,0.992961,0.05962,-0.0352786
0.90009,0.165478,0.555901;0.110863,0.991524,0.0619144,-0.0274973
0.901397,0.167374,0.566087;0.125623,0.989803,0.0641911,-0.0197081
0.902631,0.169879,0.576705;0.142185,0.987528,0.0667304,-0.0109386
0.903671,0.173157,0.587185;0.160526,0.984579,0.0695234,-0.00119017
0.904363,0.177409,0.596741;0.180617,0.980827,0.0725596,0.00953352
0.904495,0.183374,0.604803;0.204235,0.975707,0.0760971,0.0221999
0.903504,0.192236,0.608925;0.233089,0.968392,0.0803715,0.0377651
0.901272,0.202199,0.605884;0.259897,0.960526,0.0842952,0.0523186
0.89901,0.209798,0.599594;0.277625,0.954744,0.0868641,0.0619925
0.89672,0.216459,0.591854;0.291719,0.94981,0.0888912,0.0697118
