0.750127,0.109928,0.571727;-0.446702,0.692568,-0.0954888,-0.558291
0.752935,0.0982702,0.572543;-0.443825,0.695732,-0.0991899,-0.556002
0.755691,0.0868014,0.573363;-0.440931,0.69887,-0.102887,-0.553692
0.758395,0.07552,0.574186;-0.438022,0.701981,-0.106581,-0.551362
0.761048,0.0644248,0.575011;-0.435095,0.705067,-0.110271,-0.549011
0.763649,0.0535147,0.57584;-0.432153,0.708126,-0.113956,-0.54664
0.766199,0.0427884,0.576671;-0.429194,0.71116,-0.117638,-0.544248
0.768699,0.0322448,0.577504;-0.42622,0.714166,-0.121314,-0.541836
0.771149,0.0218827,0.57834;-0.42323,0.717146,-0.124987,-0.539404
0.773548,0.0117009,0.579179;-0.420223,0.720099,-0.128655,-0.536952
0.775899,0.00169814,0.580019;-0.417202,0.723026,-0.132318,-0.53448
0.778201,-0.00812667,0.580862;-0.414164,0.725925,-0.135976,-0.531987
0.781194,-0.0209517,0.581989;-0.410091,0.72975,-0.140845,-0.528634
0.784102,-0.0334653,0.58312;-0.40599,0.733525,-0.145705,-0.525245
0.786925,-0.0456704,0.584254;-0.401862,0.737252,-0.150556,-0.521822
0.789665,-0.0575697,0.585391;-0.397708,0.740931,-0.155396,-0.518364
0.792322,-0.069166,0.586531;-0.393528,0.74456,-0.160227,-0.514872
0.794898,-0.0804622,0.587673;-0.389321,0.74814,-0.165046,-0.511346
0.797392,-0.0914611,0.588818;-0.385089,0.751671,-0.169855,-0.507786
0.799807,-0.102165,0.589965;-0.380831,0.755152,-0.174653,-0.504192
0.802143,-0.112578,0.591114;-0.376548,0.758583,-0.179439,-0.500565
0.804401,-0.122702,0.592264;-0.37224,0.761964,-0.184213,-0.496905
0.806581,-0.132539,0.593416;-0.367907,0.765294,-0.188975,-0.493212
0.8092,-0.144438,0.594858;-0.362457,0.769385,-0.194909,-0.48855
0.811701,-0.1559,0.596302;-0.35697,0.773397,-0.200824,-0.483838
0.814087,-0.16693,0.597746;-0.351445,0.77733,-0.206718,-0.479075
0.816359,-0.177534,0.599191;-0.345884,0.781181,-0.21259,-0.474263
0.818519,-0.187718,0.600636;-0.340288,0.784952,-0.218441,-0.469402
0.820569,-0.197486,0.602081;-0.334656,0.788642,-0.224269,-0.464492
0.822887,-0.208667,0.603814;-0.327853,0.792962,-0.231232,-0.458537
0.825051,-0.219269,0.605545;-0.321,0.797164,-0.23816,-0.452513
0.827065,-0.229299,0.607274;-0.3141,0.801247,-0.245053,-0.446423
0.829231,-0.240291,0.609286;-0.305991,0.80586,-0.253048,-0.439233
0.831201,-0.250535,0.611293;-0.297819,0.81031,-0.260993,-0.431954
0.833221,-0.261344,0.613577;-0.288407,0.815194,-0.270007,-0.423528
0.835,-0.271216,0.615851;-0.278918,0.819863,-0.27895,-0.41499
0.836723,-0.281231,0.618394;-0.268155,0.824855,-0.288922,-0.405254
0.838304,-0.291041,0.621198;-0.256091,0.830078,-0.299889,-0.394277
0.839758,-0.301043,0.624527;-0.241475,0.835892,-0.312885,-0.380889
0.840874,-0.310365,0.628354;-0.224241,0.842046,-0.327811,-0.364985
0.841456,-0.319183,0.633434;-0.200565,0.849306,-0.34764,-0.342929
0.840338,-0.324816,0.641382;-0.161308,0.858423,-0.378865,-0.305859
0.836751,-0.320171,0.649276;-0.118819,0.864381,-0.410449,-0.265066
0.833235,-0.311737,0.654153;-0.090183,0.866191,-0.430486,-0.237196
0.830017,-0.302646,0.657682;-0.0679289,0.866403,-0.445381,-0.215332
0.826875,-0.29295,0.660606;-0.0482246,0.86573,-0.458082,-0.195825
0.823964,-0.283397,0.662988;-0.0311105,0.864494,-0.468746,-0.178772
0.821149,-0.27372,0.665054;-0.0152934,0.862818,-0.478298,-0.162919
0.818483,-0.26419,0.666829;-0.000786131,0.86083,-0.486804,-0.148301
0.815755,-0.254091,0.668488;0.0137215,0.858411,-0.495067,-0.13361
0.813237,-0.244465,0.669889;0.0269046,0.855839,-0.502364,-0.120195
0.810614,-0.234126,0.671228;0.0406559,0.86055,-0.492419,-0.123796
0.808132,-0.224042,0.672385;0.053648,0.867518,-0.476013,-0.133962
0.805645,-0.213646,0.67344;0.0666085,0.873975,-0.459326,-0.14405
0.803368,-0.203859,0.674318;0.0784546,0.879441,-0.443791,-0.153222
0.801099,-0.193842,0.675108;0.0902619,0.884472,-0.428037,-0.162319
0.798843,-0.183608,0.67581;0.102024,0.889063,-0.41207,-0.171335
0.796605,-0.173174,0.676423;0.113736,0.893214,-0.395899,-0.180266
0.794391,-0.162553,0.676946;0.125392,0.896923,-0.379532,-0.189108
0.792404,-0.152749,0.677344;0.135934,0.899908,-0.364489,-0.197064
0.790444,-0.142815,0.677666;0.146421,0.902525,-0.349297,-0.20494
0.788516,-0.132763,0.677912;0.156847,0.904772,-0.333962,-0.212732
0.786624,-0.122602,0.678082;0.167209,0.906649,-0.31849,-0.220437
0.784771,-0.112345,0.678174;0.177503,0.908154,-0.302888,-0.228052
0.782963,-0.102003,0.678189;0.187724,0.909287,-0.287162,-0.235573
0.781202,-0.0915864,0.678125;0.197868,0.910048,-0.271317,-0.242998
0.779493,-0.0811073,0.677982;0.207931,0.910436,-0.255362,-0.250323
0.77784,-0.0705767,0.677759;0.217909,0.910451,-0.239302,-0.257546
0.776246,-0.0600056,0.677457;0.227798,0.910092,-0.223145,-0.264663
0.774717,-0.0494054,0.677073;0.237593,0.909362,-0.206895,-0.271671
0.773254,-0.0387873,0.676608;0.247291,0.908258,-0.190561,-0.278569
0.771864,-0.0281625,0.67606;0.256888,0.906783,-0.174149,-0.285352
0.770549,-0.0175423,0.67543;0.266379,0.904936,-0.157666,-0.292019
0.769314,-0.00693779,0.674717;0.275762,0.902718,-0.141118,-0.298565
0.768162,0.00363974,0.67392;0.285031,0.900131,-0.124512,-0.30499
0.767098,0.0141791,0.673038;0.294184,0.897175,-0.107855,-0.311289
0.766126,0.024669,0.672071;0.303216,0.893851,-0.0911541,-0.317461
0.765249,0.0350982,0.671018;0.312124,0.890161,-0.0744158,-0.323503
0.764471,0.0454556,0.669879;0.320904,0.886107,-0.057647,-0.329413
0.763797,0.05573,0.668653;0.329553,0.881689,-0.0408545,-0.335187
0.76323,0.06591,0.66734;0.338066,0.87691,-0.0240453,-0.340824
0.762775,0.0759844,0.665938;0.346441,0.871773,-0.00722631,-0.346322
0.762435,0.0859421,0.664447;0.354674,0.866278,0.00959567,-0.351678
0.762199,0.0967474,0.662704;0.363563,0.859823,0.0280951,-0.357403
0.762113,0.107383,0.660851;0.372271,0.852943,0.0465805,-0.36295
0.762182,0.117834,0.658889;0.380795,0.84564,0.0650429,-0.368318
0.762411,0.128085,0.656817;0.38913,0.837917,0.083473,-0.373503
0.762806,0.138121,0.654633;0.397273,0.82978,0.101862,-0.378503
0.763372,0.147928,0.652336;0.405218,0.821231,0.1202,-0.383316
0.76419,0.158347,0.649702;0.413656,0.81144,0.140137,-0.388349
0.765225,0.168456,0.646932;0.421851,0.801171,0.159992,-0.393153
0.766484,0.178235,0.644025;0.429796,0.79043,0.179752,-0.397725
0.767972,0.187665,0.64098;0.437488,0.779222,0.199406,-0.402063
0.769853,0.197464,0.637526;0.44553,0.766562,0.220564,-0.406494
0.772021,0.206806,0.633906;0.453263,0.753371,0.241571,-0.410644
0.774686,0.216327,0.629823;0.46124,0.738582,0.264005,-0.414795
0.777597,0.224968,0.625694;0.460837,0.737799,0.265869,-0.415447
0.781151,0.233767,0.620978;0.449005,0.755962,0.24005,-0.411451
0.785061,0.241878,0.616068;0.436655,0.773255,0.213954,-0.406981
0.789585,0.249762,0.610636;0.422928,0.790717,0.185847,-0.401696
0.794437,0.256846,0.605023;0.408647,0.807142,0.157497,-0.395884
0.799905,0.263484,0.598884;0.392886,0.823434,0.127149,-0.38914
0.805649,0.269196,0.592589;0.376543,0.838507,0.0966131,-0.38182
0.811978,0.274222,0.58578;0.358632,0.853114,0.064126,-0.373454
0.818504,0.278184,0.578852;0.340126,0.866304,0.0315326,-0.364468
0.825172,0.281068,0.571834;0.321056,0.878057,-0.00111324,-0.354877
0.832299,0.282928,0.564361;0.300348,0.888882,-0.0355696,-0.344115
0.839452,0.283557,0.556855;0.279086,0.898063,-0.0699602,-0.332716
0.846565,0.282938,0.549349;0.257307,0.905583,-0.104221,-0.320702
0.853569,0.281056,0.541879;0.235053,0.911429,-0.13829,-0.308095
0.860397,0.277894,0.534479;0.212363,0.91559,-0.172103,-0.294919
0.866643,0.273706,0.527563;0.190506,0.91797,-0.203843,-0.281933
0.872614,0.268341,0.520769;0.168332,0.918827,-0.235246,-0.268478
0.87795,0.262184,0.514491;0.147132,0.918236,-0.264546,-0.255362
0.882658,0.255409,0.508728;0.126981,0.916438,-0.291766,-0.242672
0.887021,0.247676,0.503126;0.106662,0.913439,-0.318603,-0.229663
0.890762,0.239547,0.49804;0.0874865,0.909539,-0.343384,-0.217194
0.893919,0.231185,0.493452;0.0694976,0.904953,-0.366156,-0.205329
0.896725,0.222069,0.489032;0.0514389,0.899458,-0.388561,-0.193259
0.898994,0.212923,0.48509;0.0346234,0.893548,-0.409017,-0.181877
0.900915,0.203116,0.481316;0.0177781,0.886863,-0.429118,-0.170337
0.902362,0.193472,0.47799;0.00221447,0.880012,-0.447344,-0.159554
0.903478,0.183257,0.474825;-0.0133507,0.872511,-0.46524,-0.148653
0.904196,0.173388,0.472072;-0.0276105,0.86507,-0.481344,-0.138564
0.904609,0.163032,0.469469;-0.0418531,0.857092,-0.497149,-0.128389
0.904708,0.153192,0.467236;-0.0547787,0.849379,-0.51125,-0.11907
0.904534,0.142946,0.465138;-0.0676762,0.841231,-0.52509,-0.10969
0.904077,0.132291,0.463178;-0.080539,0.832651,-0.53866,-0.100254
0.903416,0.122349,0.461536;-0.0920805,0.824565,-0.550638,-0.0917173
0.902495,0.111904,0.459992;-0.106487,0.816743,-0.561223,-0.0813607
0.901369,0.101525,0.458622;-0.126512,0.810436,-0.567997,-0.0675818
0.900016,0.0908398,0.457365;-0.146451,0.80358,-0.574387,-0.0537571
0.898574,0.0807159,0.456302;-0.164769,0.79677,-0.579941,-0.0409634
0.896955,0.0703517,0.455328;-0.182992,0.789499,-0.58516,-0.028146
0.895165,0.0597568,0.454441;-0.20111,0.781774,-0.590042,-0.0153124
0.893381,0.0498504,0.453702;-0.217616,0.774296,-0.594219,-0.00354036
0.891465,0.0397658,0.453031;-0.234017,0.766444,-0.598107,0.0082334
0.889424,0.0295103,0.452426;-0.250304,0.75822,-0.601706,0.0200032
0.887262,0.0190915,0.451886;-0.266471,0.749629,-0.605013,0.0317633
0.884985,0.00851684,0.451406;-0.282508,0.740675,-0.608028,0.043508
0.8826,-0.00220632,0.450986;-0.298408,0.731362,-0.610747,0.0552316
0.880341,-0.0120772,0.450654;-0.312738,0.722588,-0.612963,0.0658664
0.878001,-0.022059,0.450368;-0.326942,0.713524,-0.614934,0.0764748
0.875584,-0.0321462,0.450125;-0.341015,0.704175,-0.616658,0.0870526
0.873094,-0.0423331,0.449925;-0.354952,0.694545,-0.618136,0.0975955
0.870535,-0.0526142,0.449765;-0.368747,0.684636,-0.619366,0.108099
0.867912,-0.0629838,0.449644;-0.382394,0.674453,-0.620348,0.11856
0.865229,-0.0734364,0.44956;-0.395889,0.664,-0.621081,0.128973
0.862489,-0.0839663,0.449512;-0.409224,0.653281,-0.621566,0.139335
0.859698,-0.094568,0.449498;-0.422396,0.642301,-0.621803,0.14964
0.856859,-0.105236,0.449515;-0.435399,0.631064,-0.62179,0.159886
0.853976,-0.115964,0.449563;-0.448227,0.619574,-0.621528,0.170068
0.851348,-0.125667,0.449631;-0.45962,0.609021,-0.62108,0.179174
0.848692,-0.13541,0.449721;-0.470863,0.59827,-0.62043,0.188221
0.84601,-0.14519,0.449832;-0.481954,0.587325,-0.61958,0.197207
0.843305,-0.155002,0.449963;-0.492888,0.57619,-0.618528,0.20613
0.840581,-0.164842,0.450112;-0.503662,0.564868,-0.617276,0.214985
0.83784,-0.174706,0.450278;-0.514274,0.553363,-0.615823,0.223771
0.835087,-0.18459,0.45046;-0.524718,0.541679,-0.614171,0.232485
0.832322,-0.19449,0.450657;-0.534992,0.529818,-0.61232,0.241123
0.829551,-0.204402,0.450867;-0.545093,0.517786,-0.61027,0.249682
0.826775,-0.214322,0.45109;-0.555017,0.505586,-0.608022,0.258161
0.823999,-0.224246,0.451323;-0.564761,0.493222,-0.605577,0.266556
0.821224,-0.234169,0.451567;-0.574322,0.480699,-0.602936,0.274865
0.818455,-0.244088,0.451819;-0.583697,0.468019,-0.600099,0.283084
0.815693,-0.253998,0.452079;-0.592882,0.455188,-0.597068,0.291212
0.812943,-0.263896,0.452345;-0.601875,0.442208,-0.593843,0.299245
0.810207,-0.273777,0.452615;-0.610673,0.429086,-0.590426,0.307182
0.807489,-0.283637,0.45289;-0.619273,0.415824,-0.586817,0.315018
0.80479,-0.293473,0.453167;-0.627673,0.402428,-0.583017,0.322753
0.802116,-0.303279,0.453445;-0.635868,0.388901,-0.579029,0.330383
0.799468,-0.313053,0.453723;-0.643858,0.375248,-0.574853,0.337905
0.796849,-0.32279,0.454001;-0.651638,0.361473,-0.570491,0.345319
0.794263,-0.332485,0.454275;-0.659208,0.347582,-0.565943,0.35262
0.791432,-0.343204,0.454576;-0.667367,0.332014,-0.560675,0.360598
0.78865,-0.353862,0.454871;-0.67526,0.316314,-0.555183,0.368432
0.78592,-0.364453,0.455158;-0.682882,0.300487,-0.549468,0.376118
0.783246,-0.374971,0.455436;-0.690231,0.284539,-0.543534,0.383654
0.780634,-0.385411,0.455702;-0.697303,0.268478,-0.537381,0.391036
0.778087,-0.395768,0.455956;-0.704096,0.25231,-0.531014,0.398262
0.775609,-0.406034,0.456195;-0.710608,0.23604,-0.524434,0.405328
0.773205,-0.416206,0.456418;-0.716835,0.219676,-0.517644,0.412232
0.770879,-0.426277,0.456623;-0.722774,0.203224,-0.510647,0.418971
0.768635,-0.436242,0.456808;-0.728425,0.18669,-0.503446,0.425542
0.766477,-0.446096,0.456972;-0.733784,0.170082,-0.496043,0.431943
0.764208,-0.456798,0.457126;-0.73934,0.151734,-0.48767,0.438784
0.762054,-0.467351,0.45725;-0.744537,0.133314,-0.479061,0.445413
0.760021,-0.477748,0.457342;-0.749374,0.114828,-0.470221,0.451825
0.758114,-0.487979,0.457399;-0.753847,0.096287,-0.461152,0.458019
0.756339,-0.498039,0.45742;-0.757956,0.0776992,-0.45186,0.463991
0.754701,-0.50792,0.457402;-0.761698,0.0590738,-0.442349,0.469739
0.753078,-0.518485,0.457335;-0.765358,0.0387229,-0.431729,0.475749
0.751633,-0.528819,0.457216;-0.768578,0.0183496,-0.420861,0.481485
0.750372,-0.538911,0.457043;-0.771354,-0.0020342,-0.40975,0.486943
0.749223,-0.54956,0.45679;-0.77386,-0.024115,-0.397446,0.49254
0.748309,-0.559903,0.456465;-0.775843,-0.0461795,-0.384874,0.497803
0.747639,-0.569925,0.456066;-0.7773,-0.0682127,-0.372041,0.502729
0.747201,-0.580347,0.455547;-0.778282,-0.0918888,-0.35794,0.507654
0.747068,-0.590369,0.454933;-0.778653,-0.115493,-0.343558,0.512181
