0.831179,-0.200575,0.345155;0.874454,-0.400227,0.180222,-0.206565
0.827086,-0.208368,0.351595;0.875899,-0.396847,0.179366,-0.207703
0.823051,-0.216051,0.357956;0.877332,-0.393461,0.178506,-0.208837
0.819075,-0.223624,0.364238;0.87875,-0.390069,0.177644,-0.209969
0.815158,-0.231087,0.370442;0.880155,-0.38667,0.176779,-0.211097
0.811298,-0.238443,0.376568;0.881546,-0.383266,0.175912,-0.212222
0.807496,-0.24569,0.382616;0.882924,-0.379856,0.175041,-0.213344
0.80375,-0.252829,0.388587;0.884288,-0.376439,0.174168,-0.214462
0.798239,-0.263338,0.397399;0.886308,-0.371304,0.172853,-0.216133
0.792855,-0.273608,0.40604;0.888297,-0.366156,0.171533,-0.217797
0.787596,-0.283641,0.41451;0.890255,-0.360995,0.170206,-0.219453
0.782463,-0.29344,0.422811;0.892181,-0.355821,0.168873,-0.221101
0.777453,-0.303005,0.430945;0.894077,-0.350635,0.167534,-0.222741
0.772565,-0.312339,0.438912;0.895941,-0.345436,0.16619,-0.224374
0.767799,-0.321444,0.446714;0.897774,-0.340226,0.16484,-0.225999
0.763154,-0.330322,0.454353;0.899576,-0.335003,0.163483,-0.227616
0.758627,-0.338974,0.461829;0.901346,-0.329769,0.162122,-0.229225
0.754219,-0.347402,0.469144;0.903085,-0.324524,0.160754,-0.230826
0.749929,-0.355609,0.4763;0.904792,-0.319267,0.159381,-0.232419
0.745754,-0.363597,0.483297;0.906467,-0.313998,0.158002,-0.234004
0.741695,-0.371366,0.490138;0.908111,-0.308719,0.156618,-0.235581
0.737749,-0.37892,0.496822;0.909722,-0.303429,0.155229,-0.237149
0.733916,-0.38626,0.503352;0.911303,-0.298129,0.153833,-0.238709
0.730195,-0.393387,0.50973;0.912851,-0.292818,0.152433,-0.240261
0.725406,-0.402564,0.517997;0.914865,-0.285721,0.150557,-0.242317
0.720812,-0.411371,0.525998;0.916823,-0.278606,0.148672,-0.244358
0.716409,-0.419814,0.533736;0.918724,-0.271473,0.146778,-0.246384
0.712195,-0.427897,0.541213;0.920567,-0.264324,0.144875,-0.248394
0.708168,-0.435624,0.548433;0.922354,-0.257158,0.142962,-0.250389
0.704325,-0.443,0.5554;0.924083,-0.249977,0.141041,-0.252368
0.700664,-0.45003,0.562116;0.925754,-0.24278,0.139111,-0.254332
0.696339,-0.458336,0.570163;0.927763,-0.233762,0.136687,-0.256764
0.692288,-0.466117,0.577829;0.929681,-0.224722,0.134249,-0.259172
0.688507,-0.47338,0.585121;0.931509,-0.21566,0.131798,-0.261554
0.684991,-0.480136,0.592045;0.933247,-0.206576,0.129334,-0.263911
0.681115,-0.487585,0.599876;0.935212,-0.19565,0.126361,-0.266705
0.677604,-0.494329,0.607196;0.937047,-0.184697,0.12337,-0.269462
0.673958,-0.50133,0.615105;0.939022,-0.171885,0.119859,-0.272631
0.670369,-0.508213,0.623332;0.941059,-0.157203,0.115819,-0.276189
0.667042,-0.514577,0.631583;0.943072,-0.14064,0.111239,-0.28011
0.664196,-0.519994,0.639544;0.94496,-0.122184,0.106109,-0.284362
0.66164,-0.524784,0.64865;0.946987,-0.0962678,0.0988582,-0.29013
0.66075,-0.526154,0.658446;0.948714,-0.055402,0.0873145,-0.298746
0.664326,-0.518527,0.663618;0.948395,-0.00511404,0.0729251,-0.30855
0.668889,-0.509044,0.663407;0.946816,0.0265652,0.0637565,-0.314276
0.673437,-0.499612,0.661621;0.94489,0.0507723,0.0566964,-0.318418
0.677928,-0.490283,0.659098;0.942777,0.0712298,0.0506932,-0.321758
0.682476,-0.480814,0.656059;0.940471,0.0897987,0.045215,-0.324664
0.686914,-0.471546,0.652759;0.938082,0.106481,0.0402695,-0.327172
0.691108,-0.46276,0.649406;0.935712,0.121282,0.0358628,-0.329314
0.695515,-0.453494,0.645686;0.933108,0.136053,0.0314472,-0.331375
0.699531,-0.445021,0.642148;0.93064,0.148949,0.0275771,-0.33311
0.703681,-0.436234,0.638365;0.927995,0.161818,0.0237018,-0.334782
0.707952,-0.427156,0.634353;0.925172,0.174655,0.0198219,-0.336391
0.71233,-0.417811,0.630129;0.922174,0.187459,0.0159383,-0.337935
0.716801,-0.408223,0.625711;0.919,0.200228,0.0120516,-0.339415
0.720697,-0.399831,0.621781;0.91614,0.211142,0.00871834,-0.340632
0.725109,-0.390282,0.617249;0.911878,0.221978,0.00712023,-0.345185
0.729388,-0.380976,0.612774;0.907466,0.23205,0.00603188,-0.350174
0.733713,-0.371523,0.608178;0.902921,0.242087,0.00494264,-0.355111
0.738079,-0.361935,0.603465;0.898242,0.252089,0.00385268,-0.359995
0.74185,-0.353616,0.59934;0.894127,0.260633,0.00291797,-0.36414
0.745644,-0.345209,0.595139;0.889916,0.269148,0.00198295,-0.368246
0.749459,-0.33672,0.590867;0.885608,0.277635,0.00104771,-0.372312
0.75329,-0.328156,0.586528;0.881205,0.286091,0.000112354,-0.376337
0.757136,-0.319523,0.582127;0.876706,0.294517,-0.000823011,-0.380322
0.760992,-0.310825,0.577668;0.872113,0.302911,-0.00175829,-0.384266
0.764856,-0.30207,0.573155;0.867426,0.311272,-0.00269337,-0.388168
0.768724,-0.293263,0.568594;0.862645,0.319599,-0.00362817,-0.392029
0.772594,-0.284409,0.563987;0.857771,0.327892,-0.00456257,-0.395847
0.776462,-0.275516,0.559339;0.852804,0.33615,-0.00549648,-0.399622
0.780325,-0.266588,0.554656;0.847745,0.344371,-0.0064298,-0.403355
0.78418,-0.257632,0.54994;0.842595,0.352555,-0.00736242,-0.407043
0.788024,-0.248653,0.545197;0.837354,0.360701,-0.00829425,-0.410688
0.791854,-0.239657,0.540431;0.832022,0.368808,-0.00922518,-0.414288
0.795666,-0.23065,0.535646;0.8266,0.376876,-0.0101551,-0.417844
0.799457,-0.221639,0.530847;0.821089,0.384902,-0.011084,-0.421354
0.803225,-0.212628,0.526037;0.81549,0.392887,-0.0120116,-0.424819
0.806966,-0.203624,0.521222;0.809802,0.40083,-0.0129379,-0.428239
0.810678,-0.194633,0.516405;0.804027,0.408729,-0.0138629,-0.431611
0.814356,-0.185661,0.511591;0.798165,0.416584,-0.0147863,-0.434938
0.817998,-0.176713,0.506784;0.792217,0.424394,-0.0157082,-0.438217
0.8216,-0.167795,0.501989;0.786184,0.432159,-0.0166284,-0.441449
0.82516,-0.158913,0.497209;0.780065,0.439876,-0.0175467,-0.444633
0.828675,-0.150074,0.492451;0.773863,0.447547,-0.0184632,-0.44777
0.832141,-0.141282,0.487716;0.767576,0.455168,-0.0193777,-0.450858
0.835555,-0.132545,0.483011;0.761207,0.462741,-0.02029,-0.453897
0.838913,-0.123867,0.478339;0.754756,0.470264,-0.0212002,-0.456887
0.842214,-0.115255,0.473705;0.748223,0.477736,-0.0221081,-0.459828
0.845454,-0.106714,0.469112;0.741609,0.485156,-0.0230137,-0.46272
0.848629,-0.0982504,0.464567;0.734916,0.492524,-0.0239167,-0.465561
0.851737,-0.0898702,0.460071;0.728143,0.499839,-0.0248171,-0.468352
0.855273,-0.0802064,0.454897;0.720141,0.508305,-0.0258643,-0.471544
0.858708,-0.0706733,0.449804;0.712034,0.516696,-0.0269076,-0.474667
0.862036,-0.0612802,0.444801;0.703822,0.525011,-0.027947,-0.47772
0.865254,-0.0520364,0.439892;0.695507,0.533248,-0.0289822,-0.480703
0.868356,-0.0429513,0.435087;0.68709,0.541408,-0.0300132,-0.483616
0.871337,-0.0340342,0.430391;0.678571,0.549488,-0.0310398,-0.486457
0.874191,-0.0252945,0.425811;0.669953,0.557487,-0.0320618,-0.489227
0.876915,-0.0167415,0.421355;0.661237,0.565404,-0.0330792,-0.491925
0.879861,-0.00720718,0.416421;0.651156,0.57435,-0.0342359,-0.49492
0.882622,0.00205715,0.411668;0.64095,0.583187,-0.035386,-0.497819
0.885191,0.0110376,0.407106;0.630621,0.591911,-0.0365293,-0.500623
0.887559,0.0197201,0.402745;0.620172,0.600521,-0.0376656,-0.503331
0.889976,0.0291146,0.398092;0.608273,0.61007,-0.0389353,-0.506263
0.89212,0.0380946,0.39372;0.596227,0.619471,-0.0401955,-0.509071
0.894169,0.0475621,0.389212;0.582673,0.62974,-0.0415843,-0.512046
0.896002,0.0573247,0.3847;0.567562,0.640817,-0.0430976,-0.515141
0.897476,0.0671546,0.380342;0.550842,0.652636,-0.0447306,-0.518304
0.898426,0.0767849,0.376326;0.53246,0.665122,-0.0464778,-0.521478
0.89866,0.0862984,0.372724;0.50569,0.689401,-0.0601413,-0.515157
0.8978,0.0960268,0.369606;0.47057,0.719963,-0.0795487,-0.503874
0.895163,0.105442,0.367497;0.42576,0.754834,-0.103071,-0.488191
0.889621,0.113742,0.367219;0.366919,0.79441,-0.132091,-0.465656
0.881162,0.11887,0.369452;0.30024,0.831713,-0.162707,-0.437763
0.871843,0.120568,0.373233;0.23884,0.85969,-0.188984,-0.410089
0.862539,0.120237,0.377621;0.183686,0.880017,-0.211143,-0.38373
0.8535,0.118784,0.38217;0.133504,0.894771,-0.23018,-0.358579
0.844712,0.116691,0.386711;0.086737,0.905428,-0.246992,-0.334174
0.83601,0.114194,0.391226;0.0416575,0.91294,-0.262367,-0.309787
0.827145,0.111388,0.395764;-0.0035437,0.917787,-0.276976,-0.284496
0.818224,0.108442,0.400191;-0.0487345,0.919955,-0.290776,-0.258374
0.809359,0.105526,0.404373;-0.093783,0.919436,-0.303728,-0.231498
0.800285,0.1027,0.408329;-0.140496,0.916033,-0.316296,-0.202734
0.791158,0.100197,0.411847;-0.188679,0.909391,-0.328319,-0.172088
0.7815,0.098192,0.414844;-0.241863,0.898231,-0.340438,-0.137064
0.771733,0.0973152,0.416718;-0.299515,0.881343,-0.352135,-0.0976029
0.761831,0.0985406,0.41664;-0.250794,0.894735,-0.360967,-0.079087
0.752998,0.10243,0.414119;-0.160145,0.913985,-0.366657,-0.0674354
0.746002,0.108289,0.409894;-0.0704655,0.925045,-0.369114,-0.0555138
0.740644,0.115272,0.404888;0.0150466,0.92843,-0.36861,-0.0437923
0.736439,0.12299,0.399629;0.0980814,0.92508,-0.365484,-0.0320823
0.733055,0.131235,0.394507;0.180424,0.915205,-0.35978,-0.020146
0.73025,0.139858,0.389924;0.263787,0.898314,-0.351266,-0.00772134
0.727775,0.148881,0.386394;0.351856,0.872458,-0.339088,0.00580083
0.725244,0.158573,0.385112;0.453829,0.831173,-0.320478,0.0220186
0.722391,0.167089,0.389329;0.565743,0.769489,-0.293547,0.0406266
0.719772,0.170754,0.398421;0.648275,0.710442,-0.268299,0.0550193
0.71752,0.1712,0.408635;0.688879,0.6806,-0.243754,0.0530452
0.715556,0.170327,0.418791;0.694003,0.686287,-0.215556,0.0301049
0.713827,0.169005,0.429043;0.697754,0.690547,-0.19024,0.00967761
0.712354,0.167588,0.439395;0.700579,0.693857,-0.166317,-0.00948295
0.711215,0.166343,0.449457;0.70261,0.696347,-0.143844,-0.0273583
0.710405,0.165386,0.45968;0.704055,0.698255,-0.121252,-0.0452108
0.710019,0.164927,0.469844;0.704912,0.699581,-0.098558,-0.0630256
0.710187,0.165224,0.480416;0.705177,0.700353,-0.0741525,-0.0820541
0.711073,0.16659,0.490394;0.704766,0.700454,-0.049676,-0.101004
0.712943,0.169514,0.500076;0.703584,0.699821,-0.0235158,-0.12111
0.71591,0.174258,0.508443;0.701634,0.698426,0.00267011,-0.141084
0.720119,0.181134,0.515166;0.698919,0.696269,0.0288531,-0.160904
0.724934,0.189144,0.519441;0.695918,0.693758,0.0517383,-0.178103
0.729979,0.197658,0.521734;0.692883,0.691145,0.0713206,-0.192728
0.735403,0.206917,0.522599;0.689728,0.688378,0.0892329,-0.20603
0.740444,0.215602,0.522349;0.686882,0.685849,0.103855,-0.216835
0.746055,0.225343,0.521175;0.683799,0.683085,0.11844,-0.227565
0.751542,0.234935,0.519307;0.680861,0.680429,0.131372,-0.237037
0.756744,0.244079,0.517003;0.678137,0.677953,0.142657,-0.245273
0.762332,0.253952,0.514046;0.675272,0.675336,0.153913,-0.253457
0.767438,0.263015,0.510969;0.672704,0.67298,0.163535,-0.260429
0.772845,0.27265,0.507374;0.670033,0.670521,0.173132,-0.267362
0.777586,0.281127,0.503969;0.667729,0.668393,0.181109,-0.273108
0.782545,0.290021,0.500183;0.665353,0.666195,0.189067,-0.278825
0.787726,0.299343,0.496005;0.662907,0.663925,0.197005,-0.284513
0.793135,0.309102,0.491424;0.66039,0.661584,0.204922,-0.29017
0.797629,0.31723,0.487464;0.658325,0.659661,0.21124,-0.294673
0.802273,0.325648,0.483234;0.656216,0.657693,0.217544,-0.299156
0.80707,0.334361,0.47873;0.654062,0.65568,0.223833,-0.303619
0.812022,0.343375,0.473947;0.651864,0.653623,0.230106,-0.308061
0.817131,0.352694,0.46888;0.649621,0.651521,0.236364,-0.312483
0.8224,0.362323,0.463523;0.647334,0.649374,0.242605,-0.316883
0.82783,0.372267,0.457871;0.645003,0.647183,0.248831,-0.321261
0.833425,0.38253,0.45192;0.642628,0.644948,0.255039,-0.325617
0.83773,0.390441,0.447256;0.640817,0.643243,0.259683,-0.32887
0.842129,0.398536,0.442419;0.638983,0.641514,0.264318,-0.33211
0.846624,0.406818,0.437405;0.637123,0.639759,0.268943,-0.335338
0.851215,0.415288,0.432214;0.63524,0.63798,0.273557,-0.338552
0.855904,0.42395,0.426842;0.633332,0.636177,0.278161,-0.341754
