0.855738,-0.528808,0.544345;0.032017,0.816918,-0.556643,-0.147538
0.85401,-0.53736,0.550868;0.0437535,0.819991,-0.550656,-0.149931
0.8523,-0.545196,0.55714;0.0554818,0.822908,-0.544565,-0.152295
0.850369,-0.553287,0.564006;0.0688726,0.826052,-0.537478,-0.154961
0.848226,-0.561309,0.57135;0.0839169,0.829345,-0.529346,-0.157915
0.846113,-0.568211,0.5783;0.0989349,0.83238,-0.52105,-0.16082
0.843571,-0.57516,0.586269;0.117248,0.835736,-0.510689,-0.164302
0.84085,-0.580924,0.594318;0.137163,0.838953,-0.499116,-0.168013
0.837743,-0.585329,0.602882;0.1603,0.842117,-0.485263,-0.172225
0.834067,-0.587443,0.612122;0.188232,0.845105,-0.467951,-0.177165
0.829877,-0.585596,0.621428;0.220821,0.847416,-0.446919,-0.182723
0.826032,-0.579733,0.628773;0.251467,0.848402,-0.4263,-0.187742
0.822701,-0.571283,0.634166;0.278591,0.848284,-0.407348,-0.192012
0.820036,-0.562171,0.637808;0.300698,0.847478,-0.391399,-0.195368
0.817623,-0.552055,0.640569;0.321022,0.846157,-0.376324,-0.198353
0.815628,-0.542306,0.642456;0.338057,0.844608,-0.363377,-0.200778
0.813851,-0.532537,0.643826;0.353407,0.842859,-0.351459,-0.2029
0.812109,-0.521938,0.644876;0.368621,0.840785,-0.339407,-0.204945
0.810571,-0.511718,0.645558;0.382192,0.838641,-0.328447,-0.206718
0.809061,-0.500877,0.645996;0.395644,0.836236,-0.317385,-0.208427
0.807742,-0.490739,0.646188;0.407497,0.833879,-0.307469,-0.20989
0.806446,-0.480147,0.646199;0.41925,0.831317,-0.297478,-0.211303
0.805171,-0.469118,0.646034;0.4309,0.828549,-0.287413,-0.212663
0.804073,-0.459122,0.64575;0.441007,0.82596,-0.278547,-0.21381
0.802992,-0.448816,0.645339;0.45103,0.823215,-0.26963,-0.214917
0.801928,-0.438211,0.644804;0.460968,0.820314,-0.260661,-0.215983
0.80088,-0.427318,0.644148;0.470819,0.817259,-0.251643,-0.217008
0.799849,-0.416149,0.643377;0.480582,0.814049,-0.242578,-0.217993
0.798834,-0.404715,0.642491;0.490253,0.810686,-0.233466,-0.218936
0.797977,-0.394713,0.641645;0.49847,0.807682,-0.225622,-0.219712
0.797132,-0.384531,0.64072;0.506617,0.804565,-0.217746,-0.220457
0.7963,-0.374178,0.639719;0.514694,0.801337,-0.20984,-0.221171
0.795479,-0.36366,0.638644;0.522699,0.797998,-0.201904,-0.221855
0.79467,-0.352984,0.637496;0.530633,0.794548,-0.193941,-0.222509
0.793872,-0.342158,0.636279;0.538492,0.790987,-0.185951,-0.223131
0.793087,-0.331189,0.634995;0.546277,0.787318,-0.177935,-0.223722
0.792313,-0.320084,0.633645;0.553986,0.783539,-0.169894,-0.224283
0.791552,-0.308851,0.632231;0.561618,0.779651,-0.16183,-0.224812
0.790802,-0.297495,0.630757;0.569173,0.775655,-0.153743,-0.22531
0.790063,-0.286025,0.629223;0.576648,0.771552,-0.145635,-0.225777
0.789336,-0.274448,0.627633;0.584044,0.767341,-0.137507,-0.226212
0.788621,-0.26277,0.625988;0.591358,0.763025,-0.12936,-0.226617
0.787918,-0.251,0.624291;0.598591,0.758602,-0.121195,-0.226989
0.787226,-0.239143,0.622544;0.60574,0.754074,-0.113013,-0.227331
0.786658,-0.229203,0.621051;0.611634,0.750221,-0.106182,-0.227591
0.786098,-0.219212,0.619526;0.617469,0.746296,-0.0993419,-0.227829
0.785546,-0.209174,0.61797;0.623244,0.742299,-0.0924917,-0.228046
0.785002,-0.199095,0.616385;0.628959,0.73823,-0.0856327,-0.22824
0.784466,-0.188977,0.614771;0.634614,0.73409,-0.0787654,-0.228413
0.783938,-0.178826,0.61313;0.640208,0.72988,-0.0718906,-0.228563
0.783418,-0.168645,0.611464;0.64574,0.725599,-0.0650088,-0.228692
0.782905,-0.158438,0.609773;0.65121,0.721248,-0.0581207,-0.228798
0.782401,-0.14821,0.608059;0.656617,0.716828,-0.051227,-0.228882
0.781904,-0.137965,0.606322;0.661961,0.712339,-0.0443285,-0.228945
0.781415,-0.127706,0.604565;0.667241,0.707782,-0.0374256,-0.228985
0.780934,-0.117439,0.602789;0.672457,0.703156,-0.0305191,-0.229003
0.78046,-0.107166,0.600994;0.677608,0.698462,-0.0236097,-0.229
0.779995,-0.0968935,0.599182;0.682694,0.693701,-0.0166981,-0.228974
0.779537,-0.086624,0.597355;0.687714,0.688874,-0.0097848,-0.228926
0.779086,-0.0763622,0.595513;0.692668,0.683979,-0.00287057,-0.228856
0.778644,-0.0661121,0.593658;0.697555,0.67902,0.00404393,-0.228764
0.778209,-0.055878,0.591791;0.702375,0.673994,0.010958,-0.22865
0.777782,-0.0456639,0.589913;0.707127,0.668904,0.0178711,-0.228514
0.777362,-0.035474,0.588026;0.711812,0.66375,0.0247824,-0.228356
0.77695,-0.0253125,0.58613;0.716427,0.658531,0.0316914,-0.228176
0.776545,-0.0151836,0.584228;0.720974,0.653249,0.0385973,-0.227974
0.776148,-0.00509129,0.582321;0.725451,0.647904,0.0454994,-0.22775
0.775726,0.00581232,0.580246;0.728387,0.644691,0.0537136,-0.225703
0.775329,0.0162327,0.57825;0.728289,0.645626,0.0627199,-0.220972
0.774941,0.0266024,0.576251;0.728115,0.646494,0.0717196,-0.216218
0.77456,0.0369188,0.57425;0.727865,0.647295,0.0807118,-0.211441
0.774187,0.0471795,0.572247;0.72754,0.648027,0.0896956,-0.206642
0.773823,0.057382,0.570242;0.727138,0.648693,0.09867,-0.201822
0.773467,0.0675238,0.568237;0.72666,0.64929,0.107634,-0.196981
0.773119,0.0776025,0.566232;0.726107,0.64982,0.116587,-0.192119
0.772779,0.0876156,0.564228;0.725478,0.650282,0.125528,-0.187237
0.772447,0.0975606,0.562225;0.724773,0.650676,0.134455,-0.182336
0.772123,0.107435,0.560223;0.723992,0.651003,0.143369,-0.177415
0.771807,0.117236,0.558224;0.723136,0.651261,0.152268,-0.172476
0.771439,0.128898,0.555829;0.722009,0.651481,0.162925,-0.166526
0.771083,0.140447,0.55344;0.720774,0.651603,0.173558,-0.16055
0.770738,0.151879,0.551057;0.71943,0.651627,0.184164,-0.154551
0.770404,0.163189,0.548681;0.717978,0.651554,0.194743,-0.148528
0.770083,0.174373,0.546313;0.716418,0.651382,0.205293,-0.142483
0.769773,0.185427,0.543955;0.71475,0.651113,0.215812,-0.136416
0.769474,0.196347,0.541607;0.712975,0.650745,0.226299,-0.130329
0.769187,0.207128,0.539271;0.711093,0.65028,0.236751,-0.124222
0.768912,0.217766,0.536948;0.709104,0.649717,0.247168,-0.118097
0.768648,0.228257,0.534637;0.707008,0.649057,0.257548,-0.111954
0.768396,0.238596,0.532342;0.704806,0.648299,0.267889,-0.105794
0.768155,0.24878,0.530062;0.702499,0.647443,0.278189,-0.0996177
0.767926,0.258804,0.527798;0.700085,0.64649,0.288448,-0.0934268
0.767708,0.268664,0.525553;0.697566,0.64544,0.298664,-0.087222
0.767469,0.279953,0.522956;0.694496,0.644093,0.310525,-0.0799664
0.767245,0.291006,0.520387;0.691283,0.642613,0.322323,-0.0726945
0.767037,0.301817,0.517846;0.687928,0.641002,0.334055,-0.0654078
0.766844,0.312377,0.515336;0.684433,0.63926,0.345718,-0.0581076
0.766667,0.322681,0.512858;0.680798,0.637388,0.357311,-0.0507956
0.766505,0.332722,0.510413;0.677023,0.635384,0.368831,-0.0434731
0.766359,0.342492,0.508004;0.67311,0.633251,0.380275,-0.0361418
0.766211,0.353319,0.505295;0.66847,0.630655,0.393259,-0.0277542
0.766084,0.363774,0.502637;0.663651,0.62789,0.406137,-0.0193592
0.765976,0.373847,0.500032;0.658654,0.624957,0.418908,-0.0109589
0.765889,0.383528,0.497483;0.653482,0.621857,0.431566,-0.00255581
0.765815,0.393938,0.494684;0.647454,0.618171,0.445668,0.00689842
0.765766,0.403824,0.491962;0.641207,0.614276,0.45962,0.0163503
0.765742,0.414178,0.489032;0.634012,0.609705,0.474939,0.0268458
0.765749,0.423847,0.486206;0.626553,0.604879,0.490061,0.0373301
0.765793,0.433671,0.483222;0.618045,0.599279,0.506457,0.0488446
0.765884,0.443385,0.480125;0.608408,0.592825,0.524052,0.0613776
0.766047,0.453352,0.47673;0.596703,0.584845,0.544181,0.0759522
0.766307,0.462876,0.473153;0.582728,0.575139,0.566639,0.0925322
0.76677,0.472223,0.468981;0.563444,0.561469,0.595193,0.11414
0.768064,0.4795,0.462706;0.522839,0.531826,0.647736,0.155686
0.769925,0.470714,0.459127;0.477443,0.497594,0.696847,0.197111
0.770999,0.460332,0.458539;0.454569,0.479989,0.718451,0.216345
0.771885,0.449788,0.458602;0.436913,0.466258,0.733869,0.230536
0.772643,0.439601,0.458975;0.422493,0.454957,0.745708,0.241733
0.773375,0.428863,0.459578;0.40905,0.444357,0.756166,0.251869
0.774023,0.418715,0.460287;0.409062,0.443222,0.756172,0.253822
0.774665,0.408139,0.461133;0.423289,0.451935,0.745218,0.247452
0.775267,0.3978,0.462042;0.436061,0.459683,0.734975,0.241566
0.775885,0.386805,0.463082;0.448675,0.467264,0.724466,0.235592
0.776454,0.376375,0.464127;0.459889,0.473943,0.714783,0.230143
0.777034,0.365463,0.465272;0.470968,0.480482,0.70489,0.224626
0.777558,0.35538,0.466372;0.4807,0.486176,0.695922,0.219666
0.77809,0.344952,0.467549;0.49032,0.491757,0.686793,0.214656
0.778629,0.334196,0.468799;0.499826,0.497225,0.677504,0.209595
0.779174,0.323129,0.470122;0.509216,0.502576,0.668058,0.204486
0.779655,0.313204,0.471338;0.517336,0.507163,0.659665,0.199977
0.78014,0.303065,0.472606;0.525364,0.51166,0.651155,0.195432
0.780628,0.292723,0.473927;0.533298,0.516066,0.64253,0.190853
0.781119,0.282189,0.475298;0.541137,0.520381,0.63379,0.186239
0.781613,0.271475,0.476719;0.54888,0.524602,0.624937,0.181592
0.782108,0.260592,0.478188;0.556526,0.528731,0.615974,0.176913
0.782605,0.249552,0.479705;0.564073,0.532766,0.606901,0.172203
0.783104,0.238365,0.481268;0.57152,0.536705,0.59772,0.167462
0.783603,0.227043,0.482876;0.578864,0.54055,0.588433,0.162691
0.784102,0.215596,0.484528;0.586107,0.544298,0.579041,0.157892
0.78453,0.205695,0.485978;0.592231,0.547434,0.570909,0.153756
0.784957,0.195718,0.487459;0.598278,0.550499,0.562703,0.149599
0.785384,0.185672,0.48897;0.604248,0.553491,0.554423,0.145423
0.78581,0.175564,0.490511;0.610138,0.556412,0.54607,0.141228
0.786234,0.165402,0.49208;0.615948,0.559259,0.537646,0.137015
0.786657,0.155193,0.493676;0.621679,0.562034,0.529152,0.132784
0.787078,0.144943,0.4953;0.627328,0.564735,0.520589,0.128535
0.787497,0.13466,0.496951;0.632895,0.567362,0.511958,0.12427
0.787914,0.12435,0.498627;0.638379,0.569916,0.50326,0.119988
0.788328,0.114022,0.500328;0.64378,0.572395,0.494497,0.115691
0.788739,0.103681,0.502054;0.649097,0.574799,0.485669,0.111378
0.789147,0.0933359,0.503803;0.654329,0.577128,0.476777,0.107051
0.789552,0.0829925,0.505575;0.659476,0.579382,0.467823,0.10271
0.789953,0.0726582,0.507369;0.664537,0.58156,0.458808,0.098356
0.790349,0.0623403,0.509185;0.669511,0.583662,0.449733,0.0939888
0.790742,0.0520457,0.511021;0.674397,0.585688,0.4406,0.0896093
0.79113,0.0417815,0.512878;0.679195,0.587638,0.431409,0.0852182
0.791513,0.0315549,0.514754;0.683905,0.58951,0.422161,0.0808159
0.791891,0.0213728,0.516648;0.688525,0.591306,0.412859,0.076403
0.792264,0.0112425,0.518561;0.693056,0.593025,0.403502,0.0719802
0.79263,0.00117085,0.52049;0.697496,0.594666,0.394093,0.067548
0.792991,-0.00883493,0.522436;0.701845,0.596229,0.384632,0.063107
0.793346,-0.0187678,0.524398;0.706102,0.597715,0.375121,0.0586577
0.793694,-0.0286207,0.526374;0.710267,0.599123,0.365562,0.0542007
0.794092,-0.0400051,0.528699;0.715009,0.600666,0.354348,0.0489921
0.79448,-0.0512598,0.531041;0.719624,0.602102,0.343072,0.0437747
0.794858,-0.0623734,0.533401;0.724111,0.603432,0.331734,0.0385496
0.795226,-0.0733348,0.535777;0.728469,0.604654,0.320338,0.0333175
0.795582,-0.0841327,0.538168;0.732698,0.605769,0.308885,0.0280796
0.795927,-0.0947558,0.540573;0.736796,0.606776,0.297377,0.0228367
0.79626,-0.105193,0.54299;0.740764,0.607675,0.285816,0.0175897
0.796581,-0.115433,0.545419;0.7446,0.608466,0.274204,0.0123396
0.796889,-0.125464,0.547859;0.748303,0.609149,0.262543,0.00708732
0.797184,-0.135276,0.550307;0.751874,0.609724,0.250836,0.00183377
0.797505,-0.146206,0.553116;0.755791,0.610248,0.237402,-0.00417064
0.797807,-0.156817,0.555933;0.759532,0.610631,0.223912,-0.0101741
0.79809,-0.167094,0.558758;0.763098,0.610872,0.210371,-0.0161752
0.798353,-0.177018,0.561588;0.766486,0.610971,0.196781,-0.0221725
0.798625,-0.187741,0.564776;0.770085,0.610913,0.181438,-0.0289133
0.798869,-0.197973,0.567967;0.773457,0.610675,0.166041,-0.0356455
0.799087,-0.207691,0.571159;0.776602,0.610258,0.150596,-0.0423673
0.799294,-0.217856,0.574701;0.77983,0.609584,0.133382,-0.0498213
0.799466,-0.227323,0.578238;0.782774,0.608689,0.116121,-0.0572572
0.79961,-0.236892,0.582117;0.785685,0.60745,0.0970846,-0.0654126
0.799713,-0.246272,0.586331;0.788467,0.605794,0.0762696,-0.0742766
0.799759,-0.255745,0.591215;0.791192,0.603462,0.0519357,-0.0845685
0.799709,-0.264522,0.596745;0.793617,0.600272,0.0240814,-0.0962566
0.799486,-0.272222,0.603558;0.795613,0.595501,-0.0107649,-0.11074
0.798882,-0.276417,0.612538;0.796475,0.587691,-0.0577732,-0.130033
0.797865,-0.272611,0.621521;0.795146,0.577951,-0.10636,-0.149678
0.796908,-0.264687,0.627537;0.794092,0.569534,-0.137659,-0.161553
0.796006,-0.255274,0.632122;0.807351,0.5543,-0.133655,-0.151896
0.795145,-0.245224,0.635894;0.818244,0.541185,-0.130213,-0.143663
0.794378,-0.235657,0.638906;0.826932,0.530306,-0.127361,-0.136887
0.793558,-0.224943,0.641849;0.835415,0.519295,-0.124478,-0.130078
0.792786,-0.214503,0.644408;0.842781,0.5094,-0.121889,-0.123997
0.792079,-0.204694,0.646602;0.849091,0.500659,-0.119604,-0.118657
0.791344,-0.194283,0.648754;0.855274,0.491843,-0.117301,-0.113299
0.790583,-0.183299,0.650863;0.861329,0.482954,-0.11498,-0.107925
0.78991,-0.173448,0.652637;0.866416,0.475277,-0.112977,-0.103305
0.789219,-0.163212,0.654379;0.871407,0.467547,-0.110962,-0.0986733
0.788512,-0.152609,0.656089;0.876303,0.459766,-0.108935,-0.0940311
0.787788,-0.141656,0.657767;0.881102,0.451935,-0.106895,-0.0893786
0.787049,-0.130369,0.659413;0.885803,0.444053,-0.104844,-0.0847162
0.786295,-0.118767,0.661026;0.890408,0.436123,-0.102781,-0.0800444
0.785657,-0.108869,0.662345;0.89417,0.429477,-0.101054,-0.0761446
0.78501,-0.0987737,0.663641;0.897863,0.422799,-0.0993181,-0.0722389
0.784354,-0.0884905,0.664914;0.901488,0.416089,-0.0975751,-0.0683276
0.783689,-0.0780295,0.666164;0.905044,0.409346,-0.0958247,-0.0644112
0.783018,-0.0674004,0.667391;0.908531,0.402572,-0.0940669,-0.0604898
0.782339,-0.0566133,0.668594;0.911948,0.395768,-0.0923019,-0.0565638
0.781653,-0.045678,0.669774;0.915295,0.388933,-0.0905299,-0.0526335
0.780962,-0.0346045,0.670931;0.918573,0.382068,-0.0887509,-0.0486991
0.780264,-0.0234026,0.672063;0.92178,0.375175,-0.0869652,-0.0447611
0.779562,-0.0120822,0.673172;0.924916,0.368252,-0.0851727,-0.0408195
0.778854,-0.00065331,0.674257;0.927982,0.361301,-0.0833738,-0.0368749
0.778142,0.0108743,0.675317;0.930977,0.354323,-0.0815685,-0.0329275
0.777427,0.0224906,0.676353;0.9339,0.347318,-0.079757,-0.0289775
0.776708,0.0341857,0.677365;0.936752,0.340285,-0.0779393,-0.0250253
0.775986,0.0459499,0.678353;0.939533,0.333227,-0.0761157,-0.0210712
0.775262,0.057773,0.679316;0.942241,0.326144,-0.0742863,-0.0171155
0.774535,0.0696453,0.680254;0.944878,0.319035,-0.0724512,-0.0131585
0.773808,0.0815569,0.681168;0.947442,0.311902,-0.0706105,-0.00920043
0.773079,0.0934977,0.682056;0.949934,0.304746,-0.0687644,-0.0052417
0.77235,0.105458,0.682919;0.952353,0.297566,-0.0669131,-0.00128256
0.771621,0.117428,0.683758;0.954699,0.290363,-0.0650567,0.00267667
0.770892,0.129397,0.68457;0.956972,0.283138,-0.0631952,0.0066357
0.770164,0.141357,0.685358;0.959172,0.275891,-0.061329,0.0105942
0.769437,0.153296,0.68612;0.961298,0.268623,-0.059458,0.0145519
0.768713,0.165204,0.686856;0.963351,0.261335,-0.0575825,0.0185085
0.76799,0.177073,0.687566;0.965331,0.254026,-0.0557026,0.0224637
0.767271,0.188892,0.688251;0.967236,0.246698,-0.0538185,0.0264172
0.766554,0.200652,0.688909;0.969067,0.239352,-0.0519302,0.0303686
0.765842,0.212341,0.689541;0.970825,0.231987,-0.0500379,0.0343177
0.765133,0.223951,0.690147;0.972508,0.224604,-0.0481418,0.0382642
0.76443,0.235472,0.690727;0.974116,0.217204,-0.0462421,0.0422078
0.763731,0.246893,0.69128;0.97565,0.209788,-0.0443388,0.0461481
0.763038,0.258205,0.691806;0.97711,0.202355,-0.0424321,0.0500849
0.762351,0.269397,0.692306;0.978494,0.194907,-0.0405221,0.0540179
0.761671,0.280461,0.692779;0.979804,0.187444,-0.0386091,0.0579468
0.760998,0.291385,0.693224;0.981039,0.179966,-0.0366931,0.0618712
0.760332,0.302161,0.693643;0.982199,0.172475,-0.0347743,0.0657908
0.759674,0.312778,0.694034;0.983283,0.164971,-0.0328528,0.0697055
0.759025,0.323226,0.694398;0.984293,0.157454,-0.0309288,0.0736148
0.758385,0.333495,0.694735;0.985227,0.149925,-0.0290025,0.0775185
0.757754,0.343576,0.695043;0.986086,0.142385,-0.0270739,0.0814162
0.75701,0.355411,0.695377;0.987017,0.133322,-0.0247569,0.0860852
0.756281,0.366942,0.695671;0.987839,0.124244,-0.0224372,0.0907448
0.755568,0.378154,0.695925;0.988552,0.115153,-0.020115,0.0953944
0.754872,0.389028,0.696137;0.989156,0.106049,-0.0177906,0.100033
0.754193,0.399548,0.696309;0.989652,0.0969335,-0.0154642,0.104661
0.753532,0.409697,0.696441;0.990038,0.0878072,-0.0131362,0.109278
0.752786,0.421046,0.696541;0.990351,0.0771477,-0.0104183,0.114649
0.752066,0.431838,0.696586;0.990516,0.0664767,-0.00769879,0.120002
0.751376,0.442048,0.696573;0.990531,0.0557956,-0.00497817,0.125338
0.750624,0.452967,0.696489;0.990368,0.0435786,-0.001868,0.131412
0.749912,0.463049,0.69633;0.99001,0.031353,0.00124253,0.137461
0.749163,0.47334,0.696061;0.989376,0.017592,0.00474156,0.144234
0.748399,0.4834,0.695649;0.988384,0.00229703,0.00862795,0.151717
0.747579,0.493456,0.694996;0.986794,-0.0160574,0.013288,0.160636
0.746614,0.503682,0.693772;0.983797,-0.0420456,0.0198793,0.173148
0.745338,0.506756,0.689352;0.972997,-0.104525,0.0356923,0.202674
0.745305,0.496672,0.686586;0.966292,-0.133317,0.042963,0.216012
0.745471,0.4868,0.684705;0.961996,-0.150702,0.0478048,0.222639
0.745723,0.476133,0.68298;0.959967,-0.166879,0.0559897,0.217899
0.74603,0.464963,0.681344;0.957877,-0.181208,0.0632485,0.213621
0.746358,0.453962,0.679834;0.955828,-0.193705,0.0695856,0.209829
0.746683,0.443672,0.678482;0.953909,-0.204384,0.0750054,0.206542
0.747045,0.432628,0.677075;0.951838,-0.21503,0.0804134,0.203223
0.747444,0.420869,0.675613;0.949618,-0.225643,0.0858088,0.199872
0.747802,0.410552,0.674354;0.947652,-0.234459,0.0902946,0.197055
0.748183,0.39979,0.673056;0.945583,-0.24325,0.0947705,0.194216
0.748586,0.388604,0.671721;0.943411,-0.252014,0.099236,0.191357
0.74901,0.377017,0.670347;0.941135,-0.26075,0.103691,0.188476
0.749453,0.365052,0.668935;0.938755,-0.269458,0.108134,0.185575
0.749916,0.352731,0.667485;0.936273,-0.278137,0.112565,0.182653
0.7503,0.342635,0.666298;0.934213,-0.285057,0.116101,0.180301
0.750694,0.332337,0.665086;0.932088,-0.291958,0.11963,0.177936
0.751099,0.32185,0.663849;0.929897,-0.298838,0.123149,0.175559
0.751514,0.311184,0.662588;0.927641,-0.305698,0.12666,0.17317
0.751938,0.300353,0.661302;0.92532,-0.312536,0.130163,0.170769
0.752371,0.289366,0.659991;0.922934,-0.319351,0.133656,0.168355
0.752813,0.278237,0.658656;0.920483,-0.326145,0.137139,0.16593
0.753263,0.266977,0.657296;0.917968,-0.332916,0.140613,0.163493
0.753721,0.255596,0.655911;0.915388,-0.339663,0.144077,0.161045
0.754186,0.244108,0.654501;0.912744,-0.346386,0.147532,0.158585
0.754657,0.232523,0.653067;0.910036,-0.353085,0.150975,0.156114
0.755134,0.220854,0.651607;0.907264,-0.35976,0.154408,0.153632
0.755617,0.209111,0.650123;0.904429,-0.366409,0.157831,0.15114
0.756105,0.197307,0.648613;0.901529,-0.373032,0.161242,0.148637
0.756597,0.185452,0.647079;0.898567,-0.379629,0.164642,0.146123
0.757094,0.17356,0.645519;0.895542,-0.3862,0.16803,0.143599
0.757594,0.161641,0.643935;0.892453,-0.392743,0.171407,0.141065
0.758097,0.149707,0.642325;0.889303,-0.399259,0.174771,0.138521
0.758603,0.13777,0.64069;0.886089,-0.405747,0.178123,0.135968
0.75911,0.125841,0.63903;0.882814,-0.412206,0.181463,0.133405
0.75962,0.113932,0.637345;0.879476,-0.418637,0.18479,0.130832
0.76013,0.102054,0.635634;0.876077,-0.425038,0.188104,0.128251
0.760641,0.0902201,0.633898;0.872617,-0.431409,0.191405,0.12566
0.761152,0.0784407,0.632137;0.869095,-0.43775,0.194692,0.123061
0.761663,0.0667279,0.630351;0.865512,-0.44406,0.197966,0.120453
0.762173,0.0550932,0.628539;0.861868,-0.450339,0.201226,0.117836
0.762681,0.0435483,0.626701;0.858164,-0.456587,0.204472,0.115211
0.763188,0.0321048,0.624838;0.8544,-0.462802,0.207703,0.112578
0.763692,0.0207744,0.62295;0.850576,-0.468985,0.21092,0.109938
0.764193,0.00956864,0.621036;0.846692,-0.475135,0.214122,0.107289
0.764691,-0.00150075,0.619096;0.842748,-0.481252,0.217309,0.104633
0.765185,-0.0124222,0.617131;0.838746,-0.487335,0.220481,0.10197
0.765674,-0.023184,0.61514;0.834685,-0.493384,0.223637,0.0992992
0.766159,-0.0337745,0.613123;0.830565,-0.499398,0.226778,0.0966217
0.766638,-0.0441821,0.611081;0.826387,-0.505377,0.229902,0.0939375
0.767111,-0.0543953,0.609013;0.82215,-0.511321,0.233011,0.0912466
0.767578,-0.0644022,0.606919;0.817856,-0.517229,0.236103,0.0885493
0.768038,-0.0741913,0.604799;0.813505,-0.5231,0.239179,0.0858458
0.768603,-0.0861037,0.602113;0.807986,-0.530388,0.242999,0.082458
0.769155,-0.0976348,0.599386;0.802378,-0.537617,0.246794,0.0790612
0.769694,-0.108762,0.596619;0.796682,-0.544788,0.250561,0.0756557
0.770218,-0.119462,0.593811;0.790899,-0.551898,0.2543,0.0722418
0.770727,-0.129713,0.590963;0.785029,-0.558949,0.258012,0.0688201
0.77122,-0.139492,0.588073;0.779072,-0.565938,0.261696,0.0653908
0.771788,-0.150572,0.584552;0.771812,-0.574242,0.266078,0.0612663
0.772329,-0.160899,0.580972;0.764431,-0.582457,0.270418,0.057132
0.772842,-0.170435,0.577332;0.756928,-0.590579,0.274716,0.0529888
0.773402,-0.180508,0.573011;0.748024,-0.599937,0.279675,0.0481444
0.773989,-0.190556,0.567975;0.737651,-0.610473,0.285269,0.0425954
0.774577,-0.199882,0.562181;0.725735,-0.622122,0.291466,0.0363386
0.775133,-0.207632,0.555587;0.712192,-0.634806,0.29823,0.0293715
0.775689,-0.213306,0.546766;0.69412,-0.650878,0.306828,0.0202955
0.776079,-0.213188,0.536236;0.672629,-0.668822,0.316465,0.00980498
0.776179,-0.20756,0.52754;0.654958,-0.682703,0.32395,0.00140506
0.776121,-0.199904,0.520859;0.641433,-0.692832,0.32943,-0.00489575
0.775969,-0.190507,0.514805;0.629218,-0.701628,0.334203,-0.0104951
0.775756,-0.180209,0.509419;0.618386,-0.709164,0.338303,-0.0153921
0.775511,-0.169789,0.504736;0.608995,-0.715501,0.341759,-0.019587
0.775261,-0.159953,0.500786;0.601096,-0.720697,0.344598,-0.0230804
0.77497,-0.149044,0.496794;0.593131,-0.725813,0.347399,-0.0265713
0.774706,-0.13953,0.49357;0.586712,-0.729848,0.349612,-0.0293619
0.774414,-0.129304,0.490318;0.580252,-0.733833,0.351801,-0.0321504
0.774093,-0.118353,0.487039;0.573751,-0.737766,0.353965,-0.0349367
0.773744,-0.106667,0.483732;0.56721,-0.741647,0.356104,-0.0377206
0.773365,-0.0942333,0.480398;0.560629,-0.745476,0.358219,-0.0405018
0.773061,-0.0844106,0.477879;0.555667,-0.748313,0.359788,-0.0425858
0.77274,-0.074156,0.475345;0.550684,-0.751121,0.361343,-0.0446682
0.772401,-0.0634646,0.472795;0.545679,-0.7539,0.362884,-0.0467488
0.772045,-0.0523316,0.47023;0.540652,-0.756648,0.36441,-0.0488276
0.771672,-0.040752,0.467649;0.535604,-0.759367,0.365922,-0.0509044
0.77128,-0.0287209,0.465053;0.530535,-0.762056,0.36742,-0.0529792
0.770871,-0.0162333,0.462441;0.525445,-0.764714,0.368903,-0.0550519
0.770443,-0.00328449,0.459813;0.520334,-0.767343,0.370372,-0.0571225
0.769996,0.0101306,0.45717;0.515202,-0.769941,0.371825,-0.0591908
0.769531,0.0240168,0.454511;0.51005,-0.772509,0.373265,-0.0612567
0.769046,0.0383791,0.451837;0.504879,-0.775046,0.374689,-0.0633203
0.768713,0.0482208,0.450045;0.501419,-0.77672,0.375631,-0.0646946
0.768371,0.0582777,0.448247;0.497952,-0.778381,0.376566,-0.0660678
0.76802,0.0685514,0.446441;0.494475,-0.780029,0.377494,-0.0674398
0.76766,0.0790431,0.444629;0.49099,-0.781662,0.378416,-0.0688106
0.767292,0.0897544,0.442809;0.487496,-0.783282,0.379331,-0.0701803
0.766915,0.100687,0.440983;0.483994,-0.784888,0.380239,-0.0715487
0.766529,0.111842,0.439149;0.480483,-0.78648,0.381141,-0.0729158
0.766134,0.12322,0.437309;0.476963,-0.788059,0.382036,-0.0742817
0.76573,0.134825,0.435461;0.473436,-0.789624,0.382924,-0.0756462
0.765317,0.146656,0.433607;0.4699,-0.791174,0.383806,-0.0770095
0.764895,0.158715,0.431745;0.466355,-0.792711,0.38468,-0.0783713
0.764463,0.171004,0.429877;0.462803,-0.794235,0.385549,-0.0797318
0.764023,0.183524,0.428001;0.459243,-0.795744,0.38641,-0.081091
0.763573,0.196277,0.426119;0.455674,-0.797239,0.387264,-0.0824486
0.763113,0.209265,0.424229;0.452097,-0.79872,0.388112,-0.0838049
