0.9753,0.12562,0.352203;-0.442713,0.691348,-0.184722,-0.540297
0.971628,0.136169,0.351399;-0.431086,0.700037,-0.186506,-0.537892
0.967938,0.146826,0.350982;-0.417681,0.709779,-0.188496,-0.535
0.964404,0.157083,0.351128;-0.402459,0.720495,-0.190669,-0.531563
0.960931,0.16722,0.352151;-0.383655,0.733237,-0.193231,-0.5271
0.957773,0.176477,0.354715;-0.359423,0.748878,-0.19634,-0.521007
0.955407,0.183319,0.361356;-0.320715,0.772121,-0.200876,-0.510509
0.955898,0.18129,0.371307;-0.279505,0.79463,-0.205153,-0.49835
0.957611,0.175409,0.379226;-0.252266,0.808297,-0.20768,-0.489782
0.95966,0.168348,0.386267;-0.23029,0.818645,-0.209551,-0.482571
0.962,0.160175,0.393208;-0.210015,0.827666,-0.211148,-0.475688
0.964204,0.152364,0.399195;-0.19334,0.834714,-0.212369,-0.469863
0.966634,0.143608,0.405428;-0.176596,0.841458,-0.213513,-0.463869
0.96896,0.135083,0.411152;-0.161658,0.847197,-0.214465,-0.458399
0.971419,0.125908,0.417027;-0.146674,0.852692,-0.215355,-0.452797
0.973663,0.11738,0.422276;-0.133528,0.8573,-0.216083,-0.447789
0.975979,0.108417,0.427612;-0.120352,0.86172,-0.216764,-0.442683
0.978352,0.0990505,0.43302;-0.10715,0.86595,-0.217398,-0.437479
0.980767,0.0893091,0.438488;-0.0939251,0.86999,-0.217983,-0.432179
0.98286,0.0806839,0.443212;-0.0825726,0.873301,-0.218447,-0.427561
0.984964,0.0718243,0.44796;-0.0712068,0.876471,-0.218875,-0.422874
0.987071,0.0627493,0.452725;-0.0598294,0.879499,-0.219268,-0.418119
0.989171,0.0534776,0.457497;-0.0484425,0.882386,-0.219626,-0.413296
0.991256,0.0440282,0.462269;-0.0370477,0.88513,-0.219949,-0.408406
0.993315,0.0344199,0.467031;-0.0256469,0.887731,-0.220235,-0.40345
0.995341,0.0246715,0.471775;-0.0142419,0.890189,-0.220487,-0.39843
0.997324,0.0148019,0.476492;-0.00283472,0.892503,-0.220702,-0.393345
0.999255,0.00482996,0.481174;0.00857296,0.894674,-0.220882,-0.388196
1.00112,-0.00522546,0.485812;0.0199793,0.8967,-0.221027,-0.382985
1.00283,-0.0147941,0.49015;0.0307626,0.898482,-0.221131,-0.378001
1.00442,-0.0241758,0.494333;0.0610846,0.899996,-0.218274,-0.372334
1.00595,-0.0335905,0.49846;0.0913479,0.900644,-0.215208,-0.366309
1.0074,-0.0430312,0.502528;0.121523,0.900425,-0.211934,-0.359931
1.00878,-0.0524908,0.506532;0.151582,0.89934,-0.208457,-0.353208
1.01008,-0.0619626,0.510468;0.181494,0.89739,-0.204779,-0.346144
1.01129,-0.0714395,0.514333;0.211233,0.894577,-0.200905,-0.338748
1.01243,-0.0809145,0.518123;0.240767,0.890903,-0.196837,-0.331026
1.01347,-0.0903808,0.521833;0.270071,0.886372,-0.192579,-0.322985
1.01443,-0.0998313,0.52546;0.299114,0.880989,-0.188136,-0.314633
1.01529,-0.109259,0.528999;0.32787,0.874758,-0.183513,-0.305979
1.01606,-0.118657,0.532447;0.35631,0.867685,-0.178713,-0.297031
1.01677,-0.128686,0.536036;0.386401,0.859181,-0.173379,-0.287126
1.01736,-0.138664,0.53951;0.416065,0.849729,-0.167854,-0.276905
1.01784,-0.148583,0.542865;0.445269,0.839338,-0.162143,-0.266377
1.01819,-0.158435,0.546096;0.473982,0.82802,-0.156253,-0.255556
1.01841,-0.16821,0.549198;0.502171,0.815788,-0.150191,-0.244452
1.0185,-0.177901,0.552166;0.529806,0.802655,-0.143963,-0.233078
1.01846,-0.187498,0.554995;0.556856,0.788635,-0.137576,-0.221447
1.01826,-0.197623,0.557854;0.585031,0.772721,-0.130596,-0.208772
1.0179,-0.207621,0.560544;0.61247,0.755837,-0.123452,-0.195834
1.01738,-0.217483,0.563059;0.63914,0.738003,-0.116153,-0.182649
1.01668,-0.227197,0.565392;0.665007,0.719241,-0.108707,-0.169236
1.01576,-0.237347,0.567666;0.691574,0.698317,-0.100647,-0.154751
1.01463,-0.247306,0.569722;0.717161,0.676403,-0.0924447,-0.140047
1.01329,-0.257062,0.571552;0.74173,0.65353,-0.0841109,-0.125145
1.01164,-0.267158,0.573236;0.766597,0.628301,-0.075157,-0.109172
1.00975,-0.276998,0.57465;0.790245,0.602073,-0.0660836,-0.0930265
1.00748,-0.287091,0.575842;0.813843,0.57335,-0.0563924,-0.0758236
1.00493,-0.296865,0.576715;0.835999,0.543612,-0.0466013,-0.0584865
1.00193,-0.30679,0.577277;0.85772,0.511269,-0.0362061,-0.0401254
0.998591,-0.316322,0.577463;0.877757,0.477922,-0.0257397,-0.0216856
0.994721,-0.325886,0.57724;0.896941,0.441899,-0.0146961,-0.00227866
0.990465,-0.334971,0.576576;0.914184,0.40492,-0.00362057,0.0171332
0.985582,-0.34395,0.575393;0.930126,0.365242,0.00799031,0.037429
0.980253,-0.35235,0.573695;0.943858,0.324696,0.0195822,0.0576359
0.974194,-0.360484,0.571353;0.955816,0.281483,0.0316508,0.0786141
0.967624,-0.367926,0.568414;0.965294,0.237541,0.0436373,0.0993882
0.96053,-0.374645,0.564861;0.972265,0.192981,0.0555105,0.119904
0.953227,-0.380378,0.560863;0.97126,0.182658,0.0648852,0.138129
0.945616,-0.385299,0.556404;0.960152,0.222181,0.0710734,0.153922
0.93758,-0.389537,0.55145;0.94715,0.261266,0.0771214,0.16941
0.929588,-0.392927,0.546331;0.933066,0.29792,0.0827261,0.183816
0.921281,-0.395694,0.540853;0.917321,0.334043,0.0881836,0.197893
0.913151,-0.397738,0.535373;0.900896,0.367718,0.0932091,0.210905
0.904795,-0.399218,0.529645;0.883032,0.400805,0.0980857,0.223581
0.896242,-0.400131,0.523708;0.863757,0.433251,0.102805,0.235898
0.888009,-0.400471,0.51794;0.844285,0.46326,0.107112,0.247186
0.87965,-0.400301,0.512048;0.823608,0.492608,0.111266,0.258121
0.871187,-0.39962,0.506063;0.801758,0.521254,0.115262,0.268688
0.862644,-0.398424,0.500015;0.778764,0.549157,0.119093,0.278872
0.854553,-0.396827,0.494293;0.756108,0.574704,0.122544,0.288094
0.846432,-0.394772,0.488569;0.732498,0.599525,0.12584,0.296952
0.838302,-0.392256,0.482867;0.707962,0.62359,0.128977,0.305436
0.830181,-0.389277,0.477214;0.682532,0.646866,0.131951,0.313533
0.82209,-0.385834,0.471635;0.65624,0.669326,0.134759,0.321235
0.814048,-0.381926,0.466156;0.62912,0.69094,0.137396,0.328531
0.806076,-0.377549,0.460802;0.601205,0.711682,0.13986,0.335411
0.798192,-0.372704,0.4556;0.57253,0.731525,0.142147,0.341869
0.7909,-0.367733,0.450882;0.544991,0.749289,0.144129,0.347531
0.783719,-0.362346,0.446341;0.516846,0.766222,0.14595,0.352807
0.776667,-0.356543,0.441997;0.488128,0.782304,0.147609,0.357691
0.769759,-0.350321,0.437872;0.458868,0.797518,0.149105,0.362179
0.763011,-0.34368,0.433987;0.429099,0.811846,0.150435,0.366264
0.756441,-0.336617,0.430363;0.398853,0.825273,0.151598,0.369943
0.750064,-0.329131,0.42702;0.368165,0.837785,0.152593,0.373211
0.743896,-0.321221,0.423981;0.337068,0.849366,0.153418,0.376065
0.737955,-0.312886,0.421265;0.305597,0.860005,0.154073,0.378502
0.732627,-0.304721,0.419042;0.275917,0.869073,0.15453,0.380397
0.727524,-0.296182,0.417137;0.245971,0.877301,0.154838,0.381924
0.722658,-0.28727,0.415567;0.215786,0.884681,0.154996,0.383082
0.718042,-0.277981,0.414349;0.185393,0.891205,0.155004,0.38387
0.713691,-0.268316,0.413501;0.154821,0.896868,0.154862,0.384286
0.709898,-0.259003,0.413059;0.126298,0.90135,0.154597,0.38434
0.706355,-0.249363,0.412964;0.0976691,0.90508,0.154202,0.384074
0.703072,-0.239396,0.41323;0.0689591,0.908056,0.153679,0.383487
0.700059,-0.229099,0.413871;0.0401917,0.910274,0.153027,0.382581
0.697528,-0.219303,0.414806;0.0136068,0.911649,0.152313,0.381461
0.695099,-0.208538,0.41618;0.0174895,0.911001,0.151213,0.383283
0.693135,-0.198486,0.417755;0.0331795,0.909578,0.150081,0.38606
0.691394,-0.188184,0.419625;0.048861,0.907922,0.14891,0.388737
0.689869,-0.177642,0.421774;0.0645299,0.906031,0.147701,0.391315
0.688554,-0.166866,0.424183;0.0801822,0.903908,0.146454,0.393792
0.687555,-0.1571,0.426531;0.0940782,0.901826,0.145314,0.395909
0.686712,-0.147162,0.42906;0.107955,0.89956,0.144144,0.397945
0.686019,-0.13706,0.431759;0.12181,0.897111,0.142945,0.399901
0.685472,-0.126799,0.434616;0.13564,0.89448,0.141717,0.401775
0.685065,-0.116384,0.43762;0.149443,0.891668,0.140461,0.403567
0.684795,-0.105823,0.440758;0.163215,0.888674,0.139175,0.405278
0.684655,-0.0951214,0.444019;0.176954,0.885499,0.137862,0.406906
0.684642,-0.0842847,0.447391;0.190657,0.882145,0.13652,0.408452
0.68473,-0.0746967,0.450424;0.202616,0.879063,0.135323,0.409736
0.684908,-0.0650142,0.453525;0.214543,0.875844,0.134105,0.410956
0.685172,-0.0552411,0.456686;0.226436,0.872488,0.132867,0.412113
0.685519,-0.0453814,0.4599;0.238295,0.868997,0.131607,0.413205
0.685946,-0.0354393,0.463158;0.250116,0.865371,0.130328,0.414233
0.68645,-0.0254188,0.466454;0.261899,0.86161,0.129028,0.415197
0.687028,-0.0153238,0.469778;0.27364,0.857715,0.127707,0.416096
0.687675,-0.00515844,0.473124;0.285339,0.853687,0.126367,0.416931
0.68839,0.00507325,0.476482;0.296994,0.849526,0.125008,0.4177
0.689168,0.0153673,0.479846;0.308602,0.845233,0.123629,0.418405
0.690007,0.0257195,0.483208;0.320163,0.840808,0.12223,0.419044
0.690903,0.036126,0.486559;0.331674,0.836252,0.120813,0.419618
0.691853,0.0465828,0.489893;0.343133,0.831566,0.119377,0.420127
0.692853,0.0570857,0.4932;0.354538,0.826751,0.117922,0.420571
0.693901,0.0676307,0.496473;0.365889,0.821807,0.116449,0.420949
0.694993,0.0782138,0.499705;0.377182,0.816736,0.114958,0.421261
0.696127,0.0888311,0.502887;0.388417,0.811537,0.113449,0.421508
0.697298,0.0994783,0.506011;0.399592,0.806212,0.111922,0.42169
0.698503,0.110152,0.50907;0.410704,0.800761,0.110378,0.421806
0.69974,0.120847,0.512056;0.421752,0.795186,0.108816,0.421856
0.701004,0.13156,0.514961;0.432735,0.789488,0.107238,0.421841
0.702294,0.142287,0.517777;0.443651,0.783666,0.105643,0.42176
0.703605,0.153024,0.520496;0.454497,0.777723,0.104032,0.421613
0.704934,0.163767,0.523111;0.465273,0.771658,0.102404,0.421401
0.706278,0.174511,0.525613;0.475976,0.765474,0.100761,0.421123
0.707633,0.185254,0.527995;0.486605,0.75917,0.0991013,0.42078
0.708998,0.19599,0.530249;0.497159,0.752748,0.0974267,0.420371
0.710367,0.206715,0.532366;0.507635,0.746209,0.095737,0.419897
0.711739,0.217427,0.53434;0.518032,0.739554,0.0940323,0.419357
0.713109,0.22812,0.536162;0.528349,0.732784,0.092313,0.418752
0.714475,0.238791,0.537824;0.538583,0.7259,0.0905794,0.418082
0.715833,0.249435,0.539319;0.548734,0.718903,0.0888316,0.417347
0.71718,0.260048,0.540639;0.558799,0.711794,0.0870701,0.416547
0.718513,0.270628,0.541775;0.568777,0.704574,0.0852949,0.415683
0.719829,0.281168,0.54272;0.578667,0.697245,0.0835066,0.414753
0.721123,0.291667,0.543467;0.588467,0.689807,0.0817052,0.413759
0.722394,0.302118,0.544006;0.598175,0.682262,0.0798911,0.412701
0.723638,0.312519,0.544331;0.60779,0.674611,0.0780646,0.411579
0.724851,0.322865,0.544434;0.617311,0.666855,0.0762259,0.410392
0.72603,0.333153,0.544306;0.626735,0.658995,0.0743754,0.409142
0.727172,0.343377,0.54394;0.636062,0.651033,0.0725133,0.407828
0.728275,0.353535,0.543327;0.64529,0.642969,0.0706399,0.40645
0.729333,0.363622,0.542461;0.654418,0.634805,0.0687555,0.405009
0.730345,0.373635,0.541333;0.663444,0.626542,0.0668604,0.403506
0.731307,0.383568,0.539936;0.672366,0.618182,0.064955,0.401939
0.732216,0.393419,0.538261;0.681184,0.609726,0.0630394,0.40031
0.733186,0.40457,0.535997;0.691132,0.599946,0.0608382,0.398372
0.734076,0.415601,0.533348;0.70094,0.590044,0.0586246,0.396353
0.734884,0.426507,0.530303;0.710604,0.580021,0.0563991,0.394253
0.735603,0.437281,0.526851;0.720125,0.569881,0.0541621,0.392074
0.736229,0.447918,0.522978;0.729499,0.559626,0.0519141,0.389814
0.736713,0.457447,0.519092;0.727012,0.569067,0.0538933,0.38041
0.737141,0.4674,0.514604;0.720028,0.585778,0.057455,0.367589
0.737488,0.477211,0.509751;0.712681,0.602194,0.0609876,0.354582
0.737761,0.486877,0.504552;0.704973,0.618306,0.0644894,0.341397
0.737966,0.496392,0.499028;0.69691,0.634105,0.0679586,0.328038
0.738109,0.505752,0.493199;0.688494,0.649584,0.0713935,0.314514
0.738197,0.514953,0.487087;0.679731,0.664735,0.0747924,0.300831
0.738236,0.52399,0.480711;0.670624,0.67955,0.0781534,0.286996
0.738232,0.532859,0.474092;0.661179,0.694022,0.081475,0.273016
0.738191,0.541556,0.46725;0.651399,0.708143,0.0847554,0.258899
0.738121,0.550075,0.460206;0.641291,0.721907,0.0879931,0.24465
0.738027,0.558413,0.45298;0.630859,0.735306,0.0911862,0.230278
0.737915,0.566565,0.445593;0.620108,0.748333,0.0943333,0.21579
0.737792,0.574526,0.438066;0.609043,0.760983,0.0974328,0.201192
0.737664,0.582293,0.430418;0.597671,0.773248,0.100483,0.186493
0.737538,0.58986,0.42267;0.585998,0.785123,0.103483,0.1717
0.73742,0.597223,0.414842;0.574028,0.7966,0.10643,0.15682
0.737316,0.604378,0.406956;0.561768,0.807676,0.109323,0.141861
0.737232,0.611321,0.399031;0.549225,0.818344,0.112161,0.12683
0.737175,0.618046,0.391088;0.536404,0.828598,0.114943,0.111735
0.737152,0.624549,0.383148;0.523312,0.838434,0.117667,0.0965835
0.737168,0.630827,0.37523;0.509955,0.847846,0.120331,0.0813834
0.737238,0.637466,0.366571;0.494966,0.857705,0.123191,0.064616
0.737373,0.64382,0.357992;0.479675,0.867039,0.125976,0.0478092
0.737579,0.649883,0.34952;0.46409,0.875843,0.128684,0.0309731
0.737867,0.65565,0.341181;0.448222,0.884113,0.131313,0.0141181
0.738282,0.661595,0.33227;0.430598,0.892517,0.13409,-0.00427861
0.738815,0.667172,0.323586;0.412662,0.900272,0.136769,-0.0226722
0.739536,0.672791,0.314475;0.392893,0.907935,0.139559,-0.0425797
0.740421,0.677958,0.305718;0.372788,0.914822,0.14223,-0.0624507
0.741574,0.683009,0.296734;0.350781,0.921366,0.144971,-0.0837902
0.743058,0.687813,0.287684;0.326818,0.927365,0.147748,-0.106561
0.744948,0.69223,0.278764;0.300849,0.932601,0.150525,-0.130716
0.747484,0.696303,0.269735;0.27117,0.937051,0.153416,-0.157687
0.75104,0.699824,0.260702;0.235987,0.940304,0.156472,-0.188824
0.756189,0.702229,0.252307;0.193424,0.941446,0.159655,-0.225338
0.764096,0.702419,0.245913;0.139812,0.938735,0.162901,-0.269614
0.77352,0.699542,0.244494;0.087282,0.931775,0.165289,-0.311219
0.78243,0.69499,0.247113;0.0449606,0.923155,0.16666,-0.343494
0.79041,0.689923,0.251755;0.0113573,0.914425,0.167401,-0.36834
0.79732,0.684989,0.257125;-0.0151892,0.906355,0.167771,-0.387483
0.803762,0.680032,0.263054;-0.0381834,0.898527,0.167937,-0.403719
0.810094,0.674887,0.269618;-0.0593803,0.89062,0.167963,-0.4184
0.816234,0.669684,0.276587;-0.0787732,0.882803,0.16788,-0.431591
0.822102,0.664545,0.283736;-0.0963617,0.875228,0.167715,-0.443353
0.827621,0.659583,0.290851;-0.11215,0.868033,0.167494,-0.453748
0.83337,0.654298,0.298625;-0.127892,0.860482,0.167205,-0.463958
0.838677,0.649326,0.306101;-0.141842,0.853475,0.16689,-0.472874
