0.728552,-0.592545,0.611358;0.250879,0.657681,-0.530424,-0.472404
0.726727,-0.580751,0.608071;0.250808,0.661136,-0.526506,-0.472002
0.724921,-0.569029,0.60481;0.250729,0.664573,-0.522574,-0.471587
0.723133,-0.55738,0.601574;0.250643,0.667992,-0.518627,-0.471159
0.721364,-0.545803,0.598364;0.250551,0.671392,-0.514666,-0.470718
0.719614,-0.534297,0.595179;0.250452,0.674774,-0.510691,-0.470264
0.717882,-0.522863,0.592019;0.250345,0.678138,-0.506702,-0.469797
0.716169,-0.511501,0.588884;0.250232,0.681482,-0.502699,-0.469317
0.714473,-0.50021,0.585775;0.250113,0.684808,-0.498683,-0.468825
0.712796,-0.48899,0.58269;0.249986,0.688116,-0.494652,-0.468319
0.711137,-0.477841,0.579631;0.249852,0.691404,-0.490608,-0.467801
0.709497,-0.466762,0.576596;0.249712,0.694673,-0.486551,-0.46727
0.707874,-0.455754,0.573586;0.249564,0.697924,-0.48248,-0.466726
0.706269,-0.444816,0.5706;0.24941,0.701155,-0.478396,-0.466169
0.704683,-0.433949,0.56764;0.249249,0.704367,-0.474299,-0.4656
0.703114,-0.423151,0.564703;0.249081,0.707559,-0.470189,-0.465017
0.701562,-0.412423,0.561792;0.248906,0.710732,-0.466065,-0.464422
0.700029,-0.401764,0.558904;0.248725,0.713886,-0.46193,-0.463814
0.698513,-0.391174,0.556041;0.248536,0.71702,-0.457781,-0.463194
0.697015,-0.380654,0.553202;0.248341,0.720134,-0.45362,-0.46256
0.695534,-0.370202,0.550387;0.248139,0.723229,-0.449446,-0.461914
0.694071,-0.359819,0.547596;0.24793,0.726304,-0.44526,-0.461256
0.692625,-0.349505,0.544829;0.247715,0.729359,-0.441062,-0.460584
0.691197,-0.339258,0.542086;0.247492,0.732393,-0.436852,-0.4599
0.689786,-0.32908,0.539367;0.247263,0.735408,-0.432629,-0.459204
0.688392,-0.31897,0.536671;0.247027,0.738402,-0.428395,-0.458494
0.687015,-0.308927,0.533999;0.246784,0.741377,-0.424149,-0.457773
0.685655,-0.298952,0.531351;0.246534,0.74433,-0.419892,-0.457038
0.684313,-0.289043,0.528726;0.246278,0.747264,-0.415623,-0.456291
0.682987,-0.279202,0.526124;0.246015,0.750177,-0.411342,-0.455532
0.681678,-0.269428,0.523546;0.245745,0.753069,-0.40705,-0.45476
0.680386,-0.25972,0.520991;0.245468,0.755941,-0.402747,-0.453975
0.67911,-0.250079,0.518459;0.245185,0.758791,-0.398433,-0.453178
0.677436,-0.237327,0.515119;0.244797,0.76256,-0.392664,-0.452097
0.675791,-0.224693,0.511819;0.244397,0.766292,-0.386876,-0.450993
0.674175,-0.212175,0.508561;0.243984,0.769986,-0.381069,-0.449867
0.672589,-0.199773,0.505342;0.24356,0.773642,-0.375243,-0.448719
0.671031,-0.187488,0.502164;0.243124,0.777261,-0.369399,-0.447549
0.669503,-0.175318,0.499026;0.242676,0.780842,-0.363537,-0.446357
0.668003,-0.163262,0.495928;0.242217,0.784385,-0.357658,-0.445144
0.666532,-0.151321,0.492869;0.241745,0.787889,-0.35176,-0.443908
0.665089,-0.139494,0.48985;0.241262,0.791355,-0.345846,-0.442651
0.663675,-0.12778,0.48687;0.240767,0.794782,-0.339915,-0.441373
0.662288,-0.11618,0.483929;0.24026,0.798171,-0.333967,-0.440073
0.66093,-0.104692,0.481028;0.239742,0.801521,-0.328003,-0.438752
0.659599,-0.0933157,0.478164;0.239211,0.804831,-0.322022,-0.437409
0.658297,-0.0820512,0.475339;0.238669,0.808102,-0.316027,-0.436044
0.657021,-0.0708978,0.472553;0.238116,0.811334,-0.310015,-0.434659
0.655773,-0.0598549,0.469805;0.237551,0.814526,-0.303989,-0.433252
0.654552,-0.0489222,0.467094;0.236974,0.817679,-0.297948,-0.431824
0.653359,-0.0380991,0.464421;0.236385,0.820791,-0.291892,-0.430375
0.652192,-0.0273852,0.461786;0.235786,0.823864,-0.285822,-0.428905
0.651052,-0.0167801,0.459188;0.235174,0.826896,-0.279738,-0.427414
0.649938,-0.00628308,0.456627;0.234551,0.829888,-0.27364,-0.425903
0.648851,0.00410616,0.454104;0.233917,0.832839,-0.267529,-0.42437
0.64779,0.0143881,0.451617;0.233271,0.83575,-0.261405,-0.422817
0.646756,0.0245633,0.449166;0.232614,0.83862,-0.255268,-0.421243
0.645747,0.0346322,0.446752;0.231946,0.841449,-0.249119,-0.419648
0.644764,0.0445952,0.444374;0.231266,0.844237,-0.242957,-0.418033
0.643807,0.0544529,0.442032;0.230575,0.846984,-0.236784,-0.416398
0.642875,0.0642056,0.439726;0.229872,0.849689,-0.230599,-0.414742
0.641746,0.0762498,0.436893;0.228979,0.853013,-0.222852,-0.412644
0.640657,0.0881318,0.434116;0.228068,0.856271,-0.215088,-0.410515
0.639606,0.0998526,0.431393;0.227139,0.859464,-0.207308,-0.408354
0.638594,0.111413,0.428725;0.226193,0.862592,-0.199512,-0.406162
0.637621,0.122814,0.426111;0.22523,0.865653,-0.191701,-0.403939
0.636686,0.134056,0.423551;0.22425,0.868649,-0.183875,-0.401685
0.635788,0.145141,0.421045;0.223252,0.871579,-0.176035,-0.399401
0.634928,0.15607,0.418591;0.222238,0.874442,-0.168181,-0.397086
0.634106,0.166842,0.41619;0.221206,0.877238,-0.160315,-0.394741
0.63332,0.17746,0.413841;0.220158,0.879967,-0.152437,-0.392366
0.632571,0.187924,0.411544;0.219093,0.88263,-0.144547,-0.389961
0.631858,0.198235,0.409298;0.218011,0.885225,-0.136646,-0.387526
0.631181,0.208394,0.407104;0.216913,0.887752,-0.128734,-0.385061
0.63054,0.218402,0.40496;0.215798,0.890212,-0.120813,-0.382567
0.629934,0.22826,0.402867;0.214667,0.892604,-0.112882,-0.380044
0.629254,0.239893,0.400421;0.213288,0.895384,-0.103354,-0.376979
0.628624,0.251313,0.398047;0.211885,0.898067,-0.0938151,-0.373871
0.628043,0.262521,0.395743;0.210459,0.90065,-0.0842655,-0.370723
0.627511,0.273519,0.393509;0.20901,0.903135,-0.0747066,-0.367534
0.627028,0.284308,0.391345;0.207538,0.90552,-0.0651396,-0.364305
0.626593,0.294891,0.389249;0.206043,0.907806,-0.0555654,-0.361036
0.626205,0.305269,0.387222;0.204526,0.909992,-0.0459851,-0.357727
0.625864,0.315443,0.385262;0.202986,0.912079,-0.0363998,-0.354378
0.62557,0.325415,0.383369;0.201424,0.914065,-0.0268104,-0.350991
0.625284,0.336796,0.381243;0.199573,0.916255,-0.0156192,-0.346991
0.62506,0.347907,0.379207;0.197693,0.918309,-0.00442564,-0.342938
0.624897,0.35875,0.377259;0.195783,0.920225,0.00676858,-0.338835
0.624795,0.369328,0.375398;0.193844,0.922004,0.0179618,-0.334681
0.624751,0.379644,0.373623;0.191876,0.923644,0.0291523,-0.330477
0.624766,0.3897,0.371933;0.189879,0.925147,0.0403385,-0.326223
0.624853,0.400877,0.370104;0.187562,0.926695,0.0531152,-0.321302
0.625014,0.411722,0.368382;0.185209,0.928062,0.0658815,-0.316318
0.625248,0.422239,0.366768;0.18282,0.929248,0.078635,-0.311273
0.625553,0.432431,0.365258;0.180394,0.930253,0.0913731,-0.306167
0.625981,0.443513,0.363683;0.177624,0.931166,0.105682,-0.300351
0.626496,0.454195,0.362237;0.17481,0.931849,0.119965,-0.294461
0.627096,0.464481,0.360918;0.171952,0.932302,0.134218,-0.288498
0.627861,0.475453,0.359597;0.168727,0.932535,0.150016,-0.281789
0.628727,0.485951,0.358427;0.165451,0.932483,0.165768,-0.274995
0.629691,0.495983,0.357405;0.162124,0.932147,0.181469,-0.268116
0.630863,0.506489,0.356447;0.158408,0.931449,0.198677,-0.260455
0.632147,0.516448,0.355659;0.154633,0.930407,0.215811,-0.252698
0.633674,0.526703,0.354991;0.15045,0.928879,0.234412,-0.244129
0.635471,0.537108,0.354484;0.145843,0.926763,0.254446,-0.234726
0.637566,0.547512,0.354185;0.140799,0.923951,0.275875,-0.224464
0.639988,0.557761,0.354139;0.1353,0.920324,0.298651,-0.21332
0.642764,0.567695,0.354391;0.129333,0.915759,0.322719,-0.201272
0.646114,0.577678,0.355032;0.1225,0.90977,0.349493,-0.187531
0.649894,0.586891,0.356099;0.115155,0.902472,0.377379,-0.172826
0.654564,0.595925,0.357811;0.106494,0.892781,0.409148,-0.155562
0.660221,0.604159,0.360337;0.0964604,0.88017,0.444513,-0.135666
0.666954,0.610953,0.363844;0.085006,0.864054,0.483112,-0.113078
0.674578,0.615564,0.368323;0.0725086,0.844497,0.523184,-0.088578
0.682832,0.617639,0.373653;0.0593859,0.821852,0.563083,-0.0630065
0.691119,0.61725,0.379406;0.0465204,0.797645,0.600124,-0.0380833
0.69906,0.614939,0.385231;0.0343967,0.773074,0.633211,-0.014726
0.706776,0.611132,0.391139;0.0187854,0.754698,0.655801,-0.00154646
0.713923,0.606385,0.396803;-0.0117204,0.764232,0.644276,-0.0268451
0.720767,0.600816,0.402385;-0.0406823,0.772019,0.632255,-0.0508349
0.727285,0.594635,0.407836;-0.0680598,0.778244,0.619923,-0.0734868
0.73346,0.588026,0.413112;-0.0938262,0.783084,0.607448,-0.0947827
0.739278,0.581155,0.418179;-0.117966,0.786712,0.594986,-0.114714
0.74473,0.574166,0.423007;-0.140475,0.789293,0.582683,-0.133281
0.750172,0.566673,0.427901;-0.162842,0.791077,0.569792,-0.151713
0.755235,0.559245,0.432518;-0.183571,0.792022,0.557241,-0.168778
0.760276,0.55142,0.437175;-0.204137,0.79227,0.5442,-0.185695
0.765289,0.543216,0.441865;-0.224525,0.791822,0.530681,-0.202449
0.769913,0.535276,0.44624;-0.243279,0.790782,0.517709,-0.217847
0.774504,0.527043,0.45063;-0.261849,0.789142,0.504344,-0.23308
0.779055,0.518532,0.455027;-0.280221,0.786905,0.490597,-0.248136
0.783561,0.50976,0.459425;-0.29838,0.784071,0.476479,-0.263003
0.787678,0.501443,0.463479;-0.314942,0.780927,0.463125,-0.276551
0.791748,0.49293,0.467524;-0.3313,0.777278,0.449472,-0.28992
0.795769,0.484232,0.471554;-0.347445,0.773128,0.435529,-0.303101
0.799736,0.475362,0.475564;-0.363364,0.768478,0.421304,-0.316087
0.803646,0.466332,0.479548;-0.379049,0.763331,0.406808,-0.328869
0.807494,0.457155,0.483502;-0.39449,0.757692,0.392048,-0.341438
0.811277,0.447844,0.487421;-0.409675,0.751562,0.377035,-0.353786
0.814991,0.43841,0.491299;-0.424596,0.744948,0.361779,-0.365906
0.818632,0.428866,0.495131;-0.439242,0.737852,0.346289,-0.37779
0.821901,0.420032,0.498599;-0.452419,0.730928,0.331893,-0.388469
0.825104,0.411125,0.50202;-0.46535,0.723608,0.317317,-0.398937
0.828235,0.402156,0.505391;-0.478029,0.715895,0.302568,-0.409188
0.831293,0.393134,0.508707;-0.490448,0.707793,0.287655,-0.419218
0.834274,0.384069,0.511965;-0.502601,0.699307,0.272587,-0.42902
0.837175,0.37497,0.51516;-0.514481,0.690442,0.25737,-0.438589
0.839994,0.365847,0.518289;-0.526082,0.681202,0.242013,-0.44792
0.842727,0.356709,0.521347;-0.537397,0.671592,0.226525,-0.457007
0.845608,0.346735,0.524599;-0.549408,0.660692,0.209489,-0.466638
0.848379,0.336768,0.527757;-0.561064,0.649366,0.192318,-0.475967
0.851036,0.32682,0.530816;-0.572357,0.63762,0.175023,-0.484989
0.853577,0.316903,0.533772;-0.583281,0.625463,0.157614,-0.493698
0.855996,0.307031,0.536618;-0.593828,0.612901,0.140104,-0.502087
0.85829,0.297214,0.53935;-0.603991,0.599943,0.122503,-0.510153
0.860456,0.287467,0.541964;-0.613764,0.586598,0.104823,-0.517888
0.862489,0.277801,0.544453;-0.623141,0.572874,0.0870751,-0.525289
0.864385,0.268229,0.546812;-0.632115,0.558779,0.0692711,-0.532351
0.86628,0.25798,0.549216;-0.641376,0.543104,0.0499333,-0.539613
0.868006,0.247871,0.551456;-0.65015,0.527016,0.0305577,-0.546466
0.869556,0.237919,0.553525;-0.658432,0.510529,0.0111589,-0.552904
0.870927,0.228139,0.555416;-0.666214,0.493654,-0.00824841,-0.558924
0.872197,0.217818,0.557247;-0.67403,0.475064,-0.0291411,-0.564932
0.873246,0.207735,0.558856;-0.681254,0.456056,-0.0500082,-0.570443
0.874118,0.197218,0.560325;-0.688328,0.435245,-0.0723166,-0.575792
0.874723,0.187021,0.561521;-0.694708,0.413995,-0.0945519,-0.580559
0.875064,0.176526,0.562484;-0.70074,0.390868,-0.118164,-0.584998
0.875083,0.166452,0.563111;-0.705967,0.367293,-0.14164,-0.588766
0.874754,0.156437,0.563401;-0.698652,0.39295,-0.139898,-0.581295
0.874033,0.146354,0.563322;-0.689975,0.420974,-0.137308,-0.572592
0.872853,0.136096,0.56282;-0.679904,0.450709,-0.134375,-0.562615
0.871152,0.125788,0.56184;-0.668288,0.48202,-0.131068,-0.551243
0.868879,0.11556,0.560334;-0.654974,0.51475,-0.12736,-0.53835
0.866171,0.106114,0.5584;-0.640724,0.546745,-0.123471,-0.524688
0.862863,0.0969182,0.55593;-0.624581,0.579883,-0.119145,-0.509352
0.85893,0.0881115,0.552912;-0.606391,0.61395,-0.114355,-0.492218
0.854361,0.0798343,0.549353;-0.586002,0.648704,-0.109075,-0.473169
0.849162,0.0722299,0.545279;-0.563265,0.683874,-0.10328,-0.452087
0.843357,0.0654434,0.540742;-0.538039,0.719158,-0.0969469,-0.428866
0.8367,0.0593872,0.535597;-0.508894,0.75577,-0.0897379,-0.402226
0.829547,0.0545643,0.530182;-0.476883,0.791593,-0.0819335,-0.373162
0.821718,0.0510177,0.52445;-0.440477,0.827528,-0.0731824,-0.340326
0.813386,0.0490924,0.518667;-0.399417,0.862733,-0.0634504,-0.303533
0.804817,0.0491375,0.513208;-0.353491,0.896261,-0.0527165,-0.262642
0.796129,0.0516127,0.508457;-0.300931,0.927939,-0.0406056,-0.216148
0.788146,0.0569003,0.505313;-0.243196,0.955374,-0.0274928,-0.165408
0.781848,0.0648047,0.504619;-0.183799,0.976282,-0.0141922,-0.113537
0.778017,0.0738896,0.506458;-0.130128,0.989233,-0.00232777,-0.0669353
0.776259,0.0833256,0.510226;-0.0828039,0.996193,0.00801817,-0.0260454
0.776069,0.0923306,0.515143;-0.0345432,0.999285,0.0150874,0.00288526
0.776877,0.100778,0.520658;0.0243212,0.999426,0.017616,0.0156499
0.778283,0.108818,0.52648;0.0765776,0.996502,0.0198102,0.0269499
0.780086,0.1166,0.532501;0.12429,0.991308,0.0217718,0.0372411
0.78222,0.124374,0.538797;0.169555,0.984117,0.0235952,0.046981
0.78459,0.132073,0.545239;0.21232,0.975257,0.0252837,0.0561613
0.787113,0.139637,0.551717;0.252555,0.965038,0.026841,0.0647792
0.789718,0.147015,0.558136;0.290255,0.953755,0.0282719,0.0728362
0.792507,0.154584,0.564794;0.327485,0.94093,0.0296571,0.0807755
0.795285,0.161899,0.57127;0.362163,0.927422,0.0309213,0.0881542
0.798182,0.169362,0.577896;0.396318,0.912577,0.0321411,0.0954058
0.801175,0.176965,0.584643;0.429903,0.896417,0.0333145,0.10252
0.804061,0.184236,0.591077;0.460947,0.880027,0.034375,0.109081
0.806994,0.191613,0.597566;0.491402,0.862514,0.0353917,0.115502
0.809956,0.199084,0.604085;0.521231,0.8439,0.0363632,0.121777
0.81293,0.206641,0.61061;0.550393,0.824208,0.0372883,0.127895
0.815896,0.214276,0.617115;0.578854,0.803465,0.0381657,0.133851
0.818837,0.221979,0.623575;0.606575,0.781696,0.0389945,0.139635
0.821734,0.229741,0.629965;0.633522,0.758929,0.0397735,0.145242
0.824568,0.237553,0.63626;0.65966,0.735193,0.0405017,0.150663
0.827323,0.245406,0.642435;0.684957,0.710519,0.0411782,0.155891
0.829978,0.253292,0.648465;0.709379,0.684937,0.0418022,0.160921
0.832517,0.261201,0.654324;0.732895,0.658482,0.0423727,0.165745
0.83492,0.269123,0.659989;0.755476,0.631186,0.0428892,0.170358
0.837304,0.277547,0.665765;0.778411,0.601301,0.043378,0.17502
0.839494,0.285966,0.671262;0.800224,0.570551,0.0438043,0.179431
0.841466,0.294369,0.676451;0.820884,0.538978,0.0441674,0.183582
0.843292,0.303237,0.681574;0.841469,0.504702,0.0444825,0.18769
0.844825,0.312063,0.686282;0.860695,0.469611,0.0447258,0.191494
0.846094,0.321318,0.690761;0.879479,0.431748,0.0449041,0.195174
0.846976,0.330497,0.694695;0.896681,0.393109,0.0450017,0.198503
0.847452,0.34006,0.698202;0.913044,0.351672,0.0450169,0.20162
0.847414,0.349972,0.701129;0.928265,0.307411,0.0449361,0.204461
0.846784,0.359732,0.70323;0.941444,0.262473,0.0447566,0.206852
0.845445,0.369772,0.704481;0.95303,0.214778,0.044463,0.208869
0.843363,0.379599,0.704696;0.962317,0.166565,0.0440621,0.210382
0.840492,0.389191,0.70381;0.969281,0.11795,0.0435549,0.211387
