0.86236,0.00171924,0.581099;0.0618897,0.934487,-0.167916,-0.307746
0.859613,-0.00743666,0.577644;0.0770809,0.932125,-0.16647,-0.312232
0.856531,-0.0175575,0.573726;0.0944176,0.929131,-0.164764,-0.317259
0.853509,-0.0273165,0.569841;0.111722,0.925823,-0.163003,-0.322179
0.850548,-0.036718,0.565989;0.128989,0.922203,-0.161187,-0.326991
0.847647,-0.045766,0.56217;0.146213,0.91827,-0.159316,-0.331692
0.844453,-0.055528,0.557913;0.16553,0.913476,-0.157148,-0.336847
0.841333,-0.0648542,0.553697;0.184777,0.908292,-0.154912,-0.341857
0.838287,-0.0737505,0.549522;0.203944,0.902719,-0.15261,-0.346722
0.834987,-0.0831385,0.544931;0.225139,0.896074,-0.149975,-0.351953
0.831775,-0.0920117,0.540391;0.246214,0.888957,-0.147262,-0.356998
0.828343,-0.101187,0.535454;0.269247,0.880586,-0.144187,-0.362331
0.825016,-0.109761,0.530578;0.292108,0.871654,-0.141021,-0.367432
0.821503,-0.11844,0.525327;0.316834,0.861274,-0.137464,-0.372729
0.818111,-0.12643,0.520148;0.341319,0.85024,-0.133802,-0.377743
0.81457,-0.134325,0.514618;0.367552,0.837558,-0.129721,-0.38285
0.810911,-0.141963,0.508754;0.395435,0.823066,-0.125196,-0.387969
0.807163,-0.149176,0.502579;0.424855,0.806594,-0.120205,-0.393008
0.803358,-0.155795,0.496111;0.45568,0.787969,-0.114724,-0.397868
0.799312,-0.161955,0.488983;0.48962,0.765745,-0.108373,-0.402694
0.7951,-0.16726,0.481245;0.526347,0.739518,-0.1011,-0.407248
0.7908,-0.1713,0.472953;0.565461,0.708868,-0.0928529,-0.411264
0.786496,-0.173663,0.464167;0.606481,0.67337,-0.0835868,-0.414447
0.782273,-0.173943,0.454952;0.648836,0.632609,-0.0732629,-0.416474
0.778351,-0.171877,0.445713;0.690368,0.587894,-0.0622658,-0.417007
0.775001,-0.167769,0.43713;0.727855,0.542696,-0.0514492,-0.416005
0.772159,-0.161994,0.429166;0.761454,0.49741,-0.0408752,-0.413642
0.769857,-0.155214,0.422086;0.79015,0.454294,-0.0310272,-0.410264
0.767925,-0.14751,0.415532;0.815536,0.411865,-0.021526,-0.405961
0.766314,-0.139125,0.409475;0.837827,0.370382,-0.012405,-0.400886
0.765046,-0.130737,0.404159;0.856316,0.332105,-0.00412728,-0.39549
0.763951,-0.121645,0.399;0.873174,0.293195,0.00415833,-0.389341
0.763065,-0.112434,0.394254;0.887611,0.255816,0.0120008,-0.382832
0.762359,-0.103245,0.389897;0.899854,0.220112,0.019389,-0.376083
0.761775,-0.0936227,0.385663;0.910724,0.184072,0.0267476,-0.368761
0.761331,-0.0842058,0.381788;0.919686,0.149894,0.0336363,-0.361355
0.760987,-0.0744742,0.378019;0.927407,0.115514,0.0404795,-0.353461
0.760736,-0.0644618,0.374355;0.933874,0.0809783,0.0472681,-0.34509
0.760581,-0.0545761,0.370922;0.93997,0.0531285,0.0519828,-0.333064
0.760505,-0.0444889,0.367586;0.946911,0.0341165,0.0538181,-0.315118
0.760507,-0.0342106,0.364343;0.953156,0.0150793,0.0556139,-0.296941
0.760576,-0.0245654,0.361429;0.958299,-0.00250356,0.0572353,-0.279967
0.760706,-0.0147804,0.358589;0.962841,-0.0200849,0.0588209,-0.262819
0.760896,-0.0048666,0.35582;0.966781,-0.0376536,0.0603696,-0.245505
0.761143,0.00516494,0.353121;0.970115,-0.0551988,0.0618805,-0.228038
0.761446,0.0153032,0.350489;0.972841,-0.0727094,0.0633527,-0.210428
0.761802,0.025537,0.347921;0.974958,-0.0901744,0.0647851,-0.192687
0.76221,0.0358555,0.345416;0.976465,-0.107583,0.066177,-0.174824
0.762666,0.0462475,0.34297;0.977359,-0.124924,0.0675275,-0.156852
0.763169,0.056702,0.340583;0.977642,-0.142187,0.0688356,-0.138782
0.763717,0.0672079,0.33825;0.977312,-0.159361,0.0701007,-0.120625
0.764308,0.0777543,0.335971;0.976371,-0.176435,0.0713218,-0.102392
0.764939,0.08833,0.333742;0.974817,-0.193399,0.0724983,-0.0840957
0.765609,0.0989239,0.331562;0.972653,-0.210241,0.0736293,-0.0657463
0.766316,0.109525,0.329427;0.96988,-0.226952,0.0747143,-0.0473557
0.767056,0.120123,0.327337;0.9665,-0.243521,0.0757524,-0.0289354
0.767829,0.130705,0.325287;0.962514,-0.259937,0.0767431,-0.0104971
0.768632,0.141262,0.323276;0.957925,-0.27619,0.0776857,0.00794789
0.769462,0.151782,0.321302;0.952737,-0.29227,0.0785797,0.0263879
0.770319,0.162253,0.319363;0.946951,-0.308167,0.0794244,0.0448113
0.771199,0.172666,0.317455;0.940573,-0.323872,0.0802195,0.0632067
0.772101,0.183009,0.315577;0.933605,-0.339373,0.0809642,0.0815625
0.773022,0.19327,0.313726;0.926053,-0.354662,0.0816583,0.0998672
0.773961,0.203439,0.3119;0.91792,-0.369728,0.0823012,0.118109
0.774915,0.213505,0.310097;0.909213,-0.384564,0.0828925,0.136278
0.775882,0.223457,0.308314;0.899936,-0.399158,0.083432,0.15436
0.776861,0.233283,0.306549;0.890096,-0.413502,0.0839192,0.172347
0.77793,0.243774,0.304655;0.878806,-0.428749,0.0843876,0.191709
0.779008,0.254091,0.302776;0.866871,-0.443681,0.0847941,0.210931
0.78009,0.26422,0.300909;0.854298,-0.458287,0.0851382,0.229998
0.781176,0.274146,0.299052;0.841098,-0.472556,0.0854197,0.248896
0.782344,0.284594,0.297059;0.826191,-0.487533,0.0856526,0.269042
0.783508,0.294774,0.29507;0.810579,-0.502096,0.0858126,0.28896
0.784666,0.304667,0.29308;0.794277,-0.51623,0.0858994,0.30863
0.785894,0.31493,0.290945;0.776059,-0.530885,0.0859111,0.329414
0.787107,0.324823,0.288801;0.757082,-0.54502,0.0858387,0.349875
0.788378,0.334944,0.286499;0.736023,-0.55951,0.085669,0.371322
0.789677,0.345023,0.28407;0.715763,-0.571619,0.0866778,0.39169
0.790967,0.354744,0.28157;0.738748,-0.54271,0.109438,0.384369
0.792291,0.364384,0.278934;0.761458,-0.511057,0.133233,0.375834
0.793714,0.374284,0.276068;0.784646,-0.474792,0.159195,0.365458
0.795165,0.383794,0.273169;0.80672,-0.43546,0.185943,0.353557
0.79677,0.393514,0.270075;0.828969,-0.389243,0.215681,0.338793
0.798522,0.403004,0.266959;0.850211,-0.335764,0.248027,0.320759
0.8006,0.412507,0.263832;0.870644,-0.268735,0.285729,0.296849
0.803359,0.421753,0.261097;0.888702,-0.175184,0.333551,0.261273
0.809125,0.427165,0.263029;0.890134,0.0257669,0.419142,0.17697
0.812634,0.421301,0.270405;0.868329,0.143046,0.45871,0.122992
0.814866,0.414378,0.277627;0.847126,0.213085,0.478588,0.089031
0.816639,0.407332,0.284709;0.826956,0.265676,0.491566,0.0626331
0.818191,0.400165,0.291831;0.807278,0.309347,0.500998,0.0400946
0.819575,0.393077,0.298862;0.788402,0.346348,0.50798,0.0205338
0.82085,0.386021,0.305875;0.770071,0.378823,0.513298,0.00299329
0.822083,0.378758,0.313122;0.751603,0.408791,0.517494,-0.0135207
0.823272,0.371397,0.320506;0.733245,0.436319,0.520709,-0.0289843
0.824461,0.36371,0.328263;0.720378,0.45708,0.519971,-0.0419974
0.825629,0.355867,0.336222;0.725747,0.460038,0.509235,-0.0483396
0.82667,0.348646,0.343576;0.73033,0.462553,0.49976,-0.0538814
0.827724,0.34111,0.351264;0.734804,0.465,0.490212,-0.0594152
0.828789,0.33328,0.359259;0.73917,0.467378,0.480591,-0.0649402
0.829861,0.325176,0.367532;0.743427,0.469687,0.470899,-0.0704557
0.830782,0.318025,0.374825;0.746989,0.471611,0.462537,-0.0751749
0.831703,0.3107,0.382284;0.750469,0.473483,0.454124,-0.079886
0.832621,0.303211,0.389894;0.753868,0.475305,0.445661,-0.0845885
0.833535,0.295573,0.397635;0.757184,0.477074,0.437151,-0.0892817
0.834442,0.287797,0.405491;0.760419,0.478792,0.428592,-0.0939653
0.83534,0.279895,0.413444;0.763571,0.480458,0.419988,-0.0986386
0.836227,0.271881,0.421476;0.76664,0.482072,0.411337,-0.103301
0.837099,0.263765,0.429571;0.769626,0.483633,0.402642,-0.107953
0.837956,0.255561,0.437711;0.772529,0.485142,0.393904,-0.112592
0.838794,0.247282,0.445877;0.775347,0.486598,0.385122,-0.11722
0.839612,0.238938,0.454054;0.778081,0.488001,0.376299,-0.121835
0.840408,0.230544,0.462223;0.780731,0.489352,0.367435,-0.126436
0.841178,0.222111,0.470366;0.783296,0.490649,0.358531,-0.131024
0.84192,0.213651,0.478467;0.785776,0.491893,0.349588,-0.135597
0.842634,0.205178,0.486508;0.78817,0.493083,0.340607,-0.140156
0.843315,0.196703,0.494471;0.790479,0.49422,0.331589,-0.1447
0.843962,0.188238,0.502339;0.792702,0.495303,0.322535,-0.149228
0.844573,0.179797,0.510095;0.794839,0.496333,0.313446,-0.153739
0.845145,0.171391,0.51772;0.79689,0.497308,0.304323,-0.158234
0.845676,0.163033,0.525198;0.798854,0.49823,0.295167,-0.162712
0.846163,0.154735,0.532511;0.800732,0.499097,0.285979,-0.167172
0.846606,0.14651,0.539642;0.802522,0.499911,0.276759,-0.171614
0.847,0.13837,0.546572;0.804226,0.50067,0.26751,-0.176038
0.847345,0.130328,0.553285;0.805842,0.501374,0.258232,-0.180442
0.847637,0.122395,0.559763;0.80737,0.502024,0.248926,-0.184827
0.847908,0.113295,0.567001;0.809043,0.502714,0.238034,-0.189917
0.848102,0.104382,0.573868;0.810596,0.503329,0.227107,-0.194978
0.848214,0.0956738,0.580335;0.812029,0.50387,0.216147,-0.200012
0.848241,0.0871912,0.586376;0.813342,0.504337,0.205155,-0.205015
0.848163,0.0777978,0.592722;0.814695,0.504779,0.192555,-0.210696
0.847963,0.0687537,0.598432;0.815891,0.505123,0.179919,-0.216337
0.847637,0.0600883,0.603467;0.81693,0.50537,0.167247,-0.221936
0.847112,0.0508289,0.60827;0.81791,0.505531,0.152954,-0.228183
0.846324,0.0411971,0.612469;0.818764,0.505565,0.137028,-0.235059
0.845194,0.0314665,0.615613;0.819419,0.505426,0.119462,-0.242541
0.843487,0.0212354,0.617191;0.819807,0.505025,0.0986467,-0.251268
0.840988,0.0112948,0.615914;0.819735,0.504241,0.0745672,-0.261179
0.837732,0.00318271,0.610801;0.815488,0.508981,0.111895,-0.251787
0.834184,-0.00223504,0.602837;0.809129,0.513275,0.157075,-0.239138
0.830771,-0.00534496,0.593761;0.802164,0.51605,0.195813,-0.227778
0.827485,-0.00693869,0.584122;0.794786,0.517795,0.230194,-0.217288
0.824433,-0.00744274,0.574571;0.787385,0.518755,0.260275,-0.207788
0.821477,-0.00717315,0.56488;0.77973,0.519159,0.288104,-0.198724
0.818657,-0.00630124,0.555298;0.771983,0.519108,0.313709,-0.190144
0.81578,-0.00484747,0.545233;0.763627,0.518648,0.339067,-0.181415
0.813089,-0.00300317,0.535581;0.755379,0.51786,0.362237,-0.173229
0.810375,-0.000689769,0.525645;0.746622,0.516724,0.385164,-0.164927
0.80765,0.00207994,0.515486;0.737363,0.51524,0.407832,-0.156514
0.805155,0.00500875,0.506029;0.72844,0.513575,0.42837,-0.14871
0.802671,0.00830036,0.496483;0.719106,0.51162,0.448666,-0.140821
0.800208,0.0119449,0.486894;0.709365,0.509376,0.468708,-0.132853
0.797775,0.0159325,0.47731;0.699223,0.506844,0.488486,-0.12481
0.795382,0.0202533,0.467777;0.688686,0.504026,0.507987,-0.116697
0.793039,0.0248975,0.458344;0.67776,0.500923,0.527202,-0.108517
0.790754,0.0298552,0.449055;0.666451,0.497537,0.546118,-0.100276
0.788538,0.0351164,0.439959;0.654765,0.493869,0.564726,-0.0919786
0.786399,0.0406715,0.431103;0.642709,0.489923,0.583015,-0.0836291
0.784348,0.0465104,0.422532;0.63029,0.4857,0.600974,-0.0752323
0.782393,0.0526233,0.414296;0.617515,0.481202,0.618594,-0.066793
0.780544,0.0590005,0.406439;0.604391,0.476432,0.635864,-0.0583159
0.778812,0.0656319,0.39901;0.590926,0.471393,0.652775,-0.0498059
0.777065,0.0731446,0.391449;0.575855,0.465592,0.670802,-0.0404903
0.775479,0.0809354,0.384512;0.560397,0.459479,0.688378,-0.0311475
0.774066,0.0889916,0.378262;0.544563,0.453056,0.705491,-0.0217837
0.77284,0.0973002,0.37276;0.528362,0.446328,0.722129,-0.0124053
0.771736,0.106571,0.367713;0.510411,0.438701,0.739606,-0.00223615
0.770879,0.116107,0.363692;0.492056,0.430728,0.756499,0.00793478
0.770287,0.125892,0.360775;0.473314,0.422415,0.772795,0.0180994
0.769975,0.13591,0.35904;0.454197,0.413769,0.788481,0.0282498
0.769957,0.146143,0.358563;0.434723,0.404796,0.803544,0.0383779
0.770251,0.156576,0.359423;0.414905,0.395504,0.817974,0.0484757
0.770812,0.166371,0.36147;0.39632,0.386649,0.83072,0.057763
