0.960568,0.110762,0.382193;0.732218,-0.534054,0.283178,0.313773
0.96336,0.100247,0.382349;0.738699,-0.52827,0.279123,0.312001
0.966068,0.0898257,0.382526;0.74511,-0.522435,0.275042,0.3102
0.968693,0.0794991,0.382721;0.75145,-0.516551,0.270935,0.308369
0.971235,0.0692664,0.382937;0.757719,-0.510618,0.266802,0.306509
0.973696,0.0591271,0.383172;0.763916,-0.504636,0.262644,0.30462
0.976076,0.0490808,0.383426;0.77004,-0.498606,0.258461,0.302701
0.978376,0.0391272,0.3837;0.776092,-0.492528,0.254253,0.300754
0.980595,0.0292657,0.383992;0.782069,-0.486404,0.250021,0.298779
0.982736,0.0194961,0.384302;0.787972,-0.480234,0.245765,0.296774
0.985201,0.0078932,0.3847;0.794956,-0.472769,0.240628,0.294332
0.987555,-0.0035788,0.385123;0.801832,-0.46524,0.235457,0.29185
0.989798,-0.0149206,0.385572;0.808598,-0.457647,0.230255,0.289328
0.991932,-0.0261328,0.386047;0.815254,-0.449992,0.22502,0.286766
0.993957,-0.0372162,0.386546;0.821798,-0.442274,0.219755,0.284165
0.995876,-0.0481715,0.387071;0.828229,-0.434497,0.21446,0.281525
0.997688,-0.0589993,0.387619;0.834547,-0.426659,0.209135,0.278846
0.999396,-0.0697005,0.388192;0.840751,-0.418764,0.203782,0.276129
1.001,-0.0802755,0.388789;0.84684,-0.410811,0.198401,0.273375
1.0025,-0.0907253,0.389409;0.852813,-0.402802,0.192993,0.270583
1.0039,-0.10105,0.390051;0.858669,-0.394738,0.187558,0.267754
1.0052,-0.111252,0.390717;0.864407,-0.386619,0.182098,0.264888
1.0064,-0.12133,0.391404;0.870028,-0.378448,0.176613,0.261986
1.00751,-0.131285,0.392114;0.875529,-0.370225,0.171104,0.259048
1.00867,-0.142746,0.392969;0.881795,-0.360568,0.164647,0.255576
1.0097,-0.154042,0.393853;0.887898,-0.350843,0.158159,0.252057
1.01061,-0.165174,0.394764;0.893835,-0.341053,0.151641,0.24849
1.01139,-0.176144,0.395704;0.899605,-0.331199,0.145096,0.244877
1.01205,-0.186953,0.396671;0.905208,-0.321284,0.138523,0.241218
1.01258,-0.197601,0.397664;0.910642,-0.311309,0.131925,0.237515
1.013,-0.20809,0.398683;0.915907,-0.301276,0.125302,0.233767
1.01329,-0.218421,0.399727;0.921001,-0.291187,0.118656,0.229975
1.01347,-0.228596,0.400796;0.925923,-0.281043,0.111987,0.226141
1.01353,-0.238614,0.40189;0.930673,-0.270848,0.105298,0.222265
1.01346,-0.249874,0.403168;0.935889,-0.259134,0.0976294,0.217784
1.01325,-0.260934,0.404477;0.940877,-0.247357,0.0899368,0.21325
1.0129,-0.271795,0.405815;0.945637,-0.235519,0.0822224,0.208665
1.0124,-0.282459,0.407181;0.950166,-0.223625,0.074488,0.204028
1.01177,-0.292927,0.408575;0.954464,-0.211676,0.0667354,0.199342
1.011,-0.303202,0.409996;0.95853,-0.199676,0.0589666,0.194608
1.01011,-0.313284,0.411442;0.962363,-0.187626,0.0511835,0.189826
1.00908,-0.323177,0.412914;0.965962,-0.175532,0.0433879,0.184998
1.00777,-0.33408,0.414598;0.969729,-0.161874,0.0346053,0.179513
1.00631,-0.344746,0.416312;0.973198,-0.148167,0.0258121,0.173972
1.0047,-0.355178,0.418054;0.976367,-0.134414,0.0170109,0.168378
1.00294,-0.365379,0.419823;0.979235,-0.12062,0.00820447,0.162732
1.00103,-0.375349,0.421618;0.981802,-0.106788,-0.000604476,0.157036
0.998988,-0.385093,0.423437;0.984067,-0.0929242,-0.00941323,0.151291
0.996556,-0.395656,0.425486;0.986228,-0.077486,-0.0191972,0.144854
0.993961,-0.405945,0.427562;0.988013,-0.0620183,-0.0289739,0.138361
0.991208,-0.415962,0.429664;0.989424,-0.0465271,-0.0387396,0.131816
0.988304,-0.425712,0.43179;0.990458,-0.0310182,-0.0484905,0.125221
0.985252,-0.435197,0.433938;0.991115,-0.0154975,-0.058223,0.118578
0.981732,-0.445329,0.436325;0.991403,0.00158179,-0.0689031,0.111219
0.978048,-0.455149,0.438734;0.991235,0.0186604,-0.0795515,0.103809
0.974207,-0.464662,0.441165;0.990611,0.0357304,-0.0901632,0.0963515
0.970217,-0.473871,0.443613;0.989531,0.052784,-0.100734,0.0888493
0.966083,-0.482782,0.446078;0.987997,0.0698133,-0.111257,0.0813062
0.961419,-0.492166,0.448784;0.985804,0.0883539,-0.12268,0.0730348
0.956603,-0.501206,0.451502;0.983071,0.106846,-0.134035,0.0647235
0.951645,-0.509906,0.454233;0.979801,0.12528,-0.145316,0.0563767
0.946552,-0.518272,0.456971;0.975994,0.143645,-0.156518,0.0479991
0.940895,-0.526966,0.459943;0.971267,0.163451,-0.168557,0.0388938
0.935103,-0.535281,0.462918;0.965916,0.183153,-0.180487,0.0297636
0.929189,-0.543225,0.465893;0.959944,0.202736,-0.192302,0.0206142
0.923164,-0.550805,0.468862;0.953356,0.22219,-0.203993,0.0114515
0.916565,-0.55857,0.472051;0.945576,0.24298,-0.216436,0.00157603
0.909866,-0.56593,0.475226;0.937091,0.263589,-0.228718,-0.00830065
0.903081,-0.572894,0.478383;0.927908,0.284001,-0.24083,-0.0181711
0.896225,-0.579471,0.481517;0.918034,0.304202,-0.252762,-0.0280281
0.888817,-0.586098,0.484843;0.906696,0.325594,-0.265337,-0.0385658
0.881362,-0.592302,0.488133;0.894582,0.346707,-0.277686,-0.0490704
0.873879,-0.598094,0.49138;0.881703,0.367524,-0.289797,-0.0595331
0.865886,-0.60383,0.49479;0.867134,0.389382,-0.302441,-0.070637
0.857902,-0.609123,0.498139;0.851721,0.410861,-0.314792,-0.0816721
0.849455,-0.614275,0.501622;0.834438,0.433243,-0.327578,-0.0933096
0.840852,-0.619073,0.505107;0.840291,0.427211,-0.319734,-0.0957724
0.832227,-0.623436,0.508537;0.856035,0.408387,-0.302595,-0.0941259
0.823052,-0.627583,0.512115;0.872131,0.387705,-0.283833,-0.0922581
0.814011,-0.631165,0.515564;0.887317,0.366619,-0.264776,-0.0902942
0.804494,-0.634384,0.519111;0.902561,0.343603,-0.244053,-0.0880857
0.795175,-0.636969,0.522493;0.916725,0.320176,-0.223037,-0.0857717
0.785477,-0.639038,0.525912;0.930625,0.294765,-0.200326,-0.0831905
0.776057,-0.640405,0.529123;0.943257,0.268954,-0.177343,-0.0804959
0.766381,-0.641099,0.532298;0.955272,0.241129,-0.15266,-0.0775131
0.756548,-0.640996,0.535379;0.966392,0.211264,-0.126269,-0.074225
0.746667,-0.639965,0.538301;0.976325,0.179346,-0.0981778,-0.0706156
0.736871,-0.637876,0.540992;0.984754,0.145377,-0.0684052,-0.0666699
0.727308,-0.634593,0.543372;0.991351,0.109379,-0.0369886,-0.0623745
0.718151,-0.629982,0.545348;0.995769,0.0713923,-0.00398414,-0.0577179
0.709943,-0.624194,0.546768;0.997624,0.0332222,0.0290306,-0.0529127
0.702755,-0.617257,0.547607;0.996912,-0.0050334,0.0619705,-0.0479714
0.696659,-0.609194,0.547835;0.993634,-0.043276,0.0947511,-0.0429066
0.691723,-0.600031,0.547427;0.987799,-0.0814073,0.127288,-0.0377314
0.68816,-0.590281,0.546417;0.979858,-0.117611,0.158041,-0.0327006
0.685954,-0.580633,0.544962;0.970692,-0.150132,0.185548,-0.0280826
0.6848,-0.570785,0.543093;0.96029,-0.180676,0.21128,-0.0236578
0.68458,-0.560863,0.540875;0.948947,-0.209238,0.235248,-0.0194412
0.685175,-0.550984,0.538375;0.936938,-0.235828,0.257477,-0.0154452
0.686463,-0.541256,0.535658;0.924521,-0.260464,0.278,-0.0116798
0.688325,-0.531776,0.532788;0.911933,-0.283178,0.296854,-0.00815276
0.690841,-0.521915,0.529589;0.898395,-0.305596,0.315399,-0.00461719
0.693779,-0.512425,0.526317;0.884985,-0.326129,0.332325,-0.00132978
0.697018,-0.503382,0.523035;0.871901,-0.344822,0.347684,0.00170589
0.700775,-0.494074,0.519496;0.858148,-0.363251,0.362778,0.00474025
0.70499,-0.484655,0.515758;0.84619,-0.378635,0.374917,0.00586069
0.70953,-0.475365,0.511925;0.852128,-0.373258,0.366732,-0.00804083
0.713947,-0.466936,0.508335;0.857174,-0.368376,0.359356,-0.0203957
0.718703,-0.458366,0.504586;0.862,-0.363399,0.351888,-0.0327453
0.723778,-0.449672,0.50069;0.866605,-0.35833,0.34433,-0.0450866
0.729154,-0.440874,0.496661;0.870988,-0.353168,0.336684,-0.0574162
0.73481,-0.431989,0.492511;0.875147,-0.347916,0.328951,-0.0697312
0.739976,-0.424159,0.488791;0.878603,-0.343247,0.322116,-0.0804922
0.745329,-0.416289,0.484996;0.881886,-0.338511,0.315217,-0.0912375
0.750856,-0.408391,0.481134;0.884997,-0.333709,0.308257,-0.101965
0.756546,-0.400479,0.477216;0.887933,-0.328841,0.301236,-0.112672
0.762385,-0.392564,0.473248;0.890696,-0.323908,0.294156,-0.123357
0.76836,-0.384659,0.46924;0.893283,-0.318912,0.287018,-0.134018
0.774459,-0.376776,0.465199;0.895695,-0.313854,0.279824,-0.144653
0.780668,-0.368927,0.461135;0.897931,-0.308733,0.272575,-0.155259
0.786974,-0.361124,0.457056;0.899992,-0.303552,0.265273,-0.165835
0.793366,-0.353381,0.452971;0.901875,-0.298312,0.257918,-0.176378
0.799829,-0.34571,0.448887;0.903582,-0.293013,0.250513,-0.186887
0.806351,-0.338122,0.444813;0.905111,-0.287657,0.243059,-0.197359
0.81292,-0.33063,0.440758;0.906462,-0.282244,0.235557,-0.207792
0.819521,-0.323246,0.436731;0.907636,-0.276775,0.228008,-0.218185
0.826143,-0.315984,0.432739;0.908631,-0.271253,0.220415,-0.228535
0.832773,-0.308854,0.428791;0.909449,-0.265677,0.212779,-0.238839
0.839397,-0.30187,0.424897;0.910087,-0.260049,0.205101,-0.249097
0.846003,-0.295043,0.421063;0.910547,-0.25437,0.197383,-0.259306
0.852579,-0.288387,0.417299;0.910829,-0.248641,0.189626,-0.269464
0.860038,-0.281004,0.413094;0.910931,-0.242033,0.180715,-0.281009
0.867422,-0.273878,0.409003;0.9108,-0.235364,0.171758,-0.292481
0.874709,-0.267027,0.40504;0.910436,-0.228635,0.162757,-0.303879
0.881882,-0.260469,0.401217;0.909838,-0.221847,0.153714,-0.315198
0.88892,-0.254224,0.397546;0.909008,-0.215002,0.144632,-0.326437
0.896653,-0.247593,0.393616;0.907794,-0.207235,0.134371,-0.33898
0.904166,-0.241407,0.389912;0.906286,-0.199402,0.124065,-0.351414
0.912219,-0.235087,0.386086;0.904266,-0.190622,0.112568,-0.365095
0.919928,-0.229384,0.382587;0.901884,-0.181766,0.101026,-0.37863
0.927965,-0.223867,0.379146;0.898846,-0.17194,0.0882826,-0.393343
0.936146,-0.218805,0.375917;0.895035,-0.161126,0.0743324,-0.409175
0.944834,-0.214243,0.372899;0.889937,-0.148393,0.0580036,-0.427348
0.954,-0.210784,0.370409;0.882808,-0.132776,0.0381157,-0.448963
0.964019,-0.210111,0.369313;0.871006,-0.110471,0.00996897,-0.478587
0.970891,-0.216519,0.372211;0.854067,-0.0831832,-0.0240663,-0.512904
0.971877,-0.225396,0.376885;0.841406,-0.0651476,-0.0463285,-0.534458
0.970715,-0.234133,0.381663;0.83603,-0.0464052,-0.0604006,-0.543371
0.968562,-0.242881,0.386537;0.836185,-0.0240005,-0.0699881,-0.543434
0.965699,-0.251989,0.391682;0.83589,-0.00344991,-0.0787402,-0.543208
0.962402,-0.26109,0.396878;0.835261,0.0152342,-0.0866627,-0.542768
0.958905,-0.269885,0.401948;0.834399,0.0320447,-0.0937625,-0.54218
0.955397,-0.278139,0.406746;0.8334,0.0469786,-0.100047,-0.541506
0.951536,-0.286764,0.411798;0.83218,0.0619001,-0.106306,-0.540688
0.94734,-0.295723,0.417087;0.830741,0.0768052,-0.112536,-0.539728
0.943411,-0.303806,0.421895;0.829302,0.0898307,-0.117963,-0.538771
0.939255,-0.312091,0.426859;0.827695,0.102838,-0.123366,-0.537705
0.934885,-0.320552,0.431965;0.825921,0.115825,-0.128745,-0.53653
0.930316,-0.329165,0.437202;0.82398,0.128788,-0.134097,-0.535247
0.925559,-0.337904,0.442558;0.821872,0.141725,-0.139422,-0.533855
0.92063,-0.346743,0.44802;0.819599,0.154633,-0.144719,-0.532356
0.915541,-0.355658,0.453576;0.817159,0.167511,-0.149987,-0.530749
0.911062,-0.363341,0.458405;0.814937,0.178521,-0.154478,-0.529287
0.906484,-0.371045,0.463287;0.812594,0.189506,-0.158946,-0.527746
0.901816,-0.378755,0.468213;0.81013,0.200462,-0.163391,-0.526126
0.897065,-0.386454,0.473177;0.807545,0.211388,-0.167811,-0.524428
0.892241,-0.394127,0.47817;0.804841,0.222283,-0.172207,-0.522653
0.887352,-0.401758,0.483186;0.802017,0.233145,-0.176577,-0.5208
0.882406,-0.409331,0.488216;0.799075,0.243972,-0.18092,-0.518869
0.877412,-0.41683,0.493253;0.796013,0.254764,-0.185237,-0.516861
0.872379,-0.424239,0.498289;0.792833,0.265517,-0.189527,-0.514777
0.867314,-0.431543,0.503316;0.789536,0.276231,-0.193788,-0.512616
0.862226,-0.438726,0.508327;0.786122,0.286904,-0.19802,-0.51038
0.857124,-0.445771,0.513314;0.78259,0.297534,-0.202223,-0.508067
0.851165,-0.453796,0.519092;0.778324,0.30988,-0.207089,-0.505274
0.845211,-0.461588,0.524815;0.7739,0.322163,-0.211912,-0.502378
0.839276,-0.46912,0.53047;0.769319,0.334381,-0.216693,-0.499381
0.833373,-0.476369,0.536046;0.764583,0.346532,-0.22143,-0.496283
0.827517,-0.483309,0.54153;0.759693,0.358613,-0.226122,-0.493085
0.821719,-0.489915,0.546911;0.754649,0.370621,-0.230769,-0.489787
0.815183,-0.497023,0.552917;0.748698,0.384253,-0.236022,-0.485896
0.808762,-0.503624,0.558754;0.742549,0.397783,-0.241213,-0.481878
0.802477,-0.509681,0.564403;0.736204,0.411208,-0.24634,-0.477732
0.795592,-0.515797,0.570511;0.728834,0.426182,-0.25203,-0.472918
0.788931,-0.521123,0.576332;0.72122,0.441013,-0.257637,-0.467945
0.78183,-0.526049,0.582433;0.712478,0.457319,-0.263765,-0.462237
0.774426,-0.530177,0.588656;0.702522,0.475038,-0.27038,-0.455737
0.766897,-0.533026,0.594808;0.691262,0.494097,-0.277442,-0.448388
0.758922,-0.534006,0.601066;0.677606,0.51596,-0.285473,-0.439477
0.751008,-0.531786,0.606887;0.66133,0.540435,-0.294368,-0.428859
0.744172,-0.525202,0.61136;0.643272,0.565814,-0.303479,-0.417081
0.739895,-0.516261,0.613598;0.627823,0.586209,-0.31071,-0.407008
0.737287,-0.505905,0.614399;0.614178,0.603314,-0.316709,-0.398112
0.735912,-0.495279,0.61423;0.602527,0.617295,-0.321565,-0.390517
0.735329,-0.484099,0.613398;0.591829,0.629661,-0.325821,-0.383544
0.735357,-0.472831,0.612096;0.582154,0.640476,-0.329513,-0.377239
0.735818,-0.461913,0.610507;0.573562,0.6498,-0.332673,-0.371639
0.736572,-0.451483,0.608754;0.568111,0.656011,-0.334912,-0.367062
0.737545,-0.441295,0.606863;0.58295,0.644453,-0.332482,-0.366476
0.738782,-0.430471,0.604701;0.59758,0.632664,-0.329933,-0.365758
0.740111,-0.420206,0.602532;0.610563,0.621859,-0.327537,-0.364999
0.741633,-0.409462,0.60016;0.623367,0.610872,-0.325045,-0.364134
0.743142,-0.399526,0.597887;0.634597,0.600957,-0.322751,-0.363276
0.744791,-0.389238,0.595466;0.64568,0.590903,-0.320382,-0.362334
0.746574,-0.378612,0.592901;0.656615,0.580713,-0.31794,-0.361309
0.748483,-0.367659,0.590199;0.667398,0.570389,-0.315424,-0.3602
0.750253,-0.357817,0.587726;0.676707,0.561247,-0.313163,-0.359162
0.75211,-0.347743,0.585156;0.685897,0.552007,-0.310847,-0.358061
0.754052,-0.337446,0.582492;0.694966,0.542669,-0.308476,-0.356896
0.756073,-0.326932,0.579737;0.703912,0.533236,-0.306051,-0.355668
0.758169,-0.316212,0.576897;0.712734,0.523708,-0.303571,-0.354378
0.760336,-0.305292,0.573974;0.721431,0.514088,-0.301038,-0.353025
0.762246,-0.295781,0.571405;0.728784,0.50577,-0.298825,-0.351816
0.764202,-0.286134,0.568781;0.736042,0.497387,-0.296573,-0.350561
0.766202,-0.276358,0.566103;0.743205,0.488939,-0.294282,-0.349261
0.768243,-0.266458,0.563375;0.750271,0.480428,-0.291954,-0.347916
0.770321,-0.256438,0.560598;0.757241,0.471854,-0.289587,-0.346525
0.772435,-0.246304,0.557775;0.764112,0.463219,-0.287183,-0.34509
0.774582,-0.236062,0.554908;0.770884,0.454524,-0.284742,-0.343609
0.776758,-0.225717,0.551999;0.777556,0.445771,-0.282263,-0.342085
0.778962,-0.215273,0.549051;0.784128,0.436959,-0.279749,-0.340515
0.78119,-0.204735,0.546066;0.790598,0.428091,-0.277198,-0.338902
0.78344,-0.194111,0.543046;0.796965,0.419168,-0.274611,-0.337245
0.785709,-0.183403,0.539994;0.803229,0.41019,-0.271988,-0.335544
0.787994,-0.172619,0.536912;0.809389,0.401159,-0.26933,-0.3338
0.790293,-0.161762,0.533803;0.815444,0.392075,-0.266638,-0.332012
0.792602,-0.150838,0.530668;0.821393,0.382942,-0.26391,-0.330182
0.79492,-0.139852,0.52751;0.827236,0.373758,-0.261149,-0.328308
0.797244,-0.128811,0.524332;0.832972,0.364526,-0.258353,-0.326392
0.79957,-0.117717,0.521136;0.8386,0.355247,-0.255525,-0.324434
0.801897,-0.106578,0.517923;0.844119,0.345922,-0.252663,-0.322433
0.80422,-0.0953984,0.514697;0.849528,0.336552,-0.249768,-0.320391
0.806539,-0.084183,0.51146;0.854828,0.327138,-0.246841,-0.318308
0.808849,-0.0729372,0.508214;0.860017,0.317682,-0.243882,-0.316183
0.811149,-0.0616664,0.504962;0.865094,0.308184,-0.240891,-0.314017
0.813435,-0.0503757,0.501705;0.870059,0.298647,-0.237869,-0.31181
0.815705,-0.0390704,0.498446;0.874911,0.289071,-0.234816,-0.309563
0.817956,-0.0277556,0.495188;0.87965,0.279458,-0.231733,-0.307276
0.820186,-0.0164367,0.491932;0.884275,0.269808,-0.22862,-0.304949
0.822391,-0.00511878,0.488682;0.888785,0.260124,-0.225477,-0.302582
0.824569,0.00619285,0.485439;0.893181,0.250405,-0.222305,-0.300177
0.826718,0.017493,0.482206;0.89746,0.240654,-0.219104,-0.297732
0.828834,0.0287764,0.478985;0.901623,0.230872,-0.215875,-0.295249
0.830915,0.0400379,0.475778;0.905669,0.221061,-0.212618,-0.292727
0.832958,0.0512722,0.472589;0.909598,0.21122,-0.209333,-0.290168
0.834961,0.0624741,0.469418;0.913409,0.201352,-0.206021,-0.287571
0.83692,0.0736384,0.466269;0.917101,0.191458,-0.202682,-0.284937
0.838834,0.0847598,0.463144;0.920675,0.181539,-0.199318,-0.282265
0.840699,0.0958332,0.460045;0.924129,0.171597,-0.195927,-0.279558
0.842512,0.106853,0.456974;0.927464,0.161632,-0.192511,-0.276814
0.844271,0.117815,0.453934;0.930678,0.151647,-0.18907,-0.274034
0.845974,0.128713,0.450927;0.933772,0.141641,-0.185604,-0.271218
0.847617,0.139541,0.447956;0.936744,0.131618,-0.182114,-0.268368
0.849198,0.150296,0.445023;0.939596,0.121577,-0.178601,-0.265482
0.850713,0.160971,0.44213;0.942325,0.111521,-0.175065,-0.262562
0.852162,0.171562,0.439279;0.944932,0.10145,-0.171506,-0.259608
0.853539,0.182062,0.436473;0.947417,0.091366,-0.167924,-0.256621
0.854844,0.192468,0.433715;0.949779,0.0812702,-0.164321,-0.2536
0.856073,0.202773,0.431005;0.952018,0.0711638,-0.160697,-0.250547
0.857224,0.212972,0.428348;0.954134,0.0610482,-0.157052,-0.247461
0.858293,0.223061,0.425745;0.956126,0.0509247,-0.153386,-0.244342
0.859279,0.233034,0.423198;0.957994,0.0407946,-0.149701,-0.241193
0.860178,0.242886,0.420711;0.959737,0.0306592,-0.145996,-0.238011
0.860987,0.252611,0.418284;0.961357,0.0205199,-0.142272,-0.2348
0.861816,0.26379,0.415534;0.963089,0.00868733,-0.137904,-0.231014
0.862514,0.274781,0.412873;0.96465,-0.00314673,-0.133512,-0.227187
0.863079,0.285577,0.410307;0.966042,-0.0149802,-0.129097,-0.223321
0.863505,0.296169,0.407838;0.967263,-0.0268111,-0.124658,-0.219415
0.863789,0.306548,0.405471;0.968314,-0.0386372,-0.120198,-0.21547
0.863927,0.316706,0.403208;0.969194,-0.0504566,-0.115716,-0.211488
0.863913,0.326636,0.401055;0.969903,-0.062267,-0.111214,-0.207468
0.863707,0.337692,0.398731;0.970503,-0.075751,-0.106045,-0.202829
0.863291,0.348427,0.39656;0.97088,-0.0892176,-0.100852,-0.198143
0.86266,0.358826,0.394547;0.971034,-0.102664,-0.0956352,-0.193411
0.861807,0.368879,0.392697;0.970963,-0.116086,-0.0903964,-0.188635
0.860573,0.379757,0.390819;0.970616,-0.131154,-0.0844779,-0.183211
0.859041,0.390163,0.389162;0.969986,-0.146184,-0.0785348,-0.177732
0.857201,0.400079,0.387735;0.969074,-0.161171,-0.0725688,-0.172202
0.854785,0.4105,0.386428;0.967728,-0.177768,-0.0659152,-0.165999
0.851966,0.420269,0.385426;0.966034,-0.194301,-0.0592379,-0.159736
0.848383,0.430234,0.384687;0.963769,-0.212407,-0.0518682,-0.15278
0.84428,0.43935,0.384344;0.961085,-0.230419,-0.044476,-0.145757
0.839191,0.448288,0.384438;0.957678,-0.249955,-0.0363898,-0.138024
0.832932,0.456737,0.385112;0.953428,-0.270972,-0.0276085,-0.129566
0.825871,0.463853,0.386404;0.948597,-0.291824,-0.0188105,-0.121029
0.817336,0.469964,0.388513;0.94275,-0.314082,-0.009323,-0.111753
0.808519,0.47414,0.391165;0.936724,-0.334551,-0.000507174,-0.103069
0.798814,0.476818,0.394508;0.930129,-0.354817,0.00830896,-0.0943224
0.789043,0.477916,0.398228;0.923538,-0.373332,0.0164426,-0.0861974
0.779384,0.477726,0.402189;0.917076,-0.390135,0.023891,-0.0787101
0.770004,0.476532,0.40626;0.910855,-0.405263,0.0306533,-0.0718737
0.761064,0.474605,0.410316;0.904975,-0.418754,0.0367301,-0.0656987
0.751643,0.471853,0.414751;0.898832,-0.432122,0.0427961,-0.0595045
0.742857,0.4687,0.419019;0.89315,-0.4439,0.0481777,-0.0539839
0.733677,0.464868,0.423598;0.887264,-0.455575,0.0535482,-0.0484509
0.725316,0.460949,0.427865;0.881945,-0.465704,0.0582373,-0.0436004
0.716645,0.456492,0.432379;0.876471,-0.475752,0.0629161,-0.0387421
0.707658,0.45149,0.437142;0.870842,-0.485716,0.0675839,-0.033877
0.699702,0.446762,0.441427;0.865894,-0.494188,0.0715753,-0.0297022
0.691507,0.441622,0.445901;0.860835,-0.502596,0.0755575,-0.0255234
