0.718531,0.261304,0.705368;0.617074,0.71365,0.120536,-0.308861
0.717087,0.270395,0.699378;0.621838,0.710646,0.122648,-0.30538
0.715669,0.27932,0.69348;0.626572,0.707608,0.124755,-0.301884
0.714277,0.288079,0.687674;0.631276,0.704536,0.126856,-0.298374
0.712911,0.296675,0.681959;0.635949,0.70143,0.128951,-0.29485
0.711571,0.305107,0.676334;0.640592,0.69829,0.131039,-0.291311
0.710256,0.313377,0.670799;0.645204,0.695116,0.133121,-0.287758
0.708542,0.324153,0.663557;0.651304,0.690832,0.135887,-0.282999
0.706873,0.334644,0.656473;0.657349,0.686489,0.138641,-0.278216
0.705248,0.344854,0.649546;0.663337,0.682086,0.141384,-0.27341
0.703668,0.354784,0.642773;0.669268,0.677626,0.144114,-0.268579
0.702131,0.364437,0.636153;0.675142,0.673107,0.146832,-0.263726
0.700637,0.373815,0.629686;0.680957,0.66853,0.149538,-0.25885
0.699186,0.38292,0.62337;0.686715,0.663896,0.15223,-0.253951
0.697778,0.391755,0.617203;0.692413,0.659205,0.154909,-0.249031
0.696412,0.400322,0.611184;0.698052,0.654457,0.157576,-0.24409
0.695088,0.408623,0.605313;0.703631,0.649653,0.160228,-0.239127
0.693492,0.41863,0.598178;0.710519,0.64357,0.163525,-0.232895
0.691959,0.428229,0.591268;0.717313,0.6374,0.166799,-0.226632
0.69049,0.437427,0.58458;0.72401,0.631145,0.170051,-0.220339
0.689084,0.446227,0.578113;0.73061,0.624805,0.17328,-0.214015
0.687741,0.454633,0.571862;0.737111,0.618381,0.176486,-0.207664
0.686458,0.462652,0.565826;0.743514,0.611874,0.179669,-0.201284
0.684999,0.471767,0.558863;0.751066,0.603958,0.183456,-0.193593
0.683627,0.480337,0.552201;0.758473,0.595925,0.187207,-0.185864
0.68234,0.48837,0.545835;0.765733,0.587777,0.190923,-0.1781
0.680944,0.497073,0.538777;0.774016,0.578128,0.19521,-0.168998
0.67966,0.505068,0.53211;0.782096,0.568326,0.199447,-0.159851
0.678329,0.513354,0.524959;0.791078,0.556941,0.204225,-0.149347
0.677138,0.52075,0.518299;0.799788,0.545366,0.208932,-0.138791
0.675965,0.528031,0.511379;0.809259,0.532119,0.214142,-0.126859
0.674763,0.535471,0.503724;0.820356,0.515615,0.220383,-0.112201
0.673662,0.542259,0.495781;0.832783,0.49568,0.227574,-0.0947854
0.672726,0.547983,0.487126;0.847893,0.468935,0.236665,-0.0718833
0.672342,0.55021,0.477471;0.868451,0.42664,0.249855,-0.0366531
0.673478,0.542961,0.471057;0.889423,0.372476,0.264839,0.00687608
0.675107,0.532747,0.469826;0.900537,0.335801,0.273887,0.0354365
0.676781,0.522311,0.470334;0.907576,0.307319,0.280347,0.0571441
0.678399,0.512256,0.471601;0.912378,0.283866,0.285313,0.0747251
0.680087,0.501795,0.473409;0.916076,0.261987,0.289666,0.0908939
0.681789,0.491268,0.475574;0.918843,0.241753,0.293461,0.105654
0.683459,0.48096,0.47794;0.920842,0.223222,0.296745,0.119013
0.685057,0.471114,0.480375;0.922218,0.206442,0.299565,0.130981
0.68674,0.460756,0.483084;0.923194,0.189572,0.302255,0.142893
0.688306,0.451141,0.48571;0.923724,0.174507,0.304535,0.153429
0.689933,0.441162,0.488531;0.923936,0.159382,0.306711,0.163913
0.691619,0.430836,0.491535;0.923832,0.144202,0.308781,0.17434
0.693361,0.420184,0.494713;0.92341,0.128973,0.310746,0.184707
0.69493,0.410609,0.497627;0.922781,0.11561,0.312377,0.193727
0.696537,0.400811,0.500659;0.921909,0.102218,0.313926,0.202695
0.698181,0.390801,0.503802;0.920795,0.0887985,0.315393,0.211611
0.69986,0.380593,0.507048;0.919438,0.0753557,0.316777,0.22047
0.701573,0.370199,0.51039;0.91784,0.0618931,0.318077,0.229272
0.703317,0.359631,0.513822;0.916001,0.0484142,0.319294,0.238013
0.70509,0.348902,0.517337;0.91392,0.0349226,0.320427,0.246692
0.706891,0.338024,0.520926;0.911599,0.0214218,0.321475,0.255306
0.708454,0.328591,0.524057;0.909419,0.00984503,0.322307,0.262636
0.710036,0.319066,0.527234;0.907064,-0.0017336,0.323076,0.269915
0.711634,0.309457,0.530453;0.904533,-0.0133119,0.323783,0.277142
0.713247,0.299772,0.533708;0.901827,-0.0248876,0.324427,0.284316
0.714875,0.290018,0.536995;0.898947,-0.0364585,0.325009,0.291434
0.716605,0.279666,0.540492;0.901593,-0.0264177,0.323123,0.286399
0.718331,0.269355,0.543983;0.904891,-0.013074,0.320806,0.279438
0.720069,0.258987,0.547499;0.907969,0.000272844,0.318411,0.272409
0.721818,0.248568,0.551038;0.910827,0.0136196,0.315938,0.265314
0.723578,0.238102,0.554597;0.913464,0.0269631,0.31339,0.258154
0.725347,0.227593,0.558174;0.915879,0.0403,0.310765,0.250932
0.727124,0.217047,0.561767;0.918072,0.0536271,0.308064,0.243649
0.728908,0.206468,0.565374;0.920041,0.0669412,0.305289,0.236307
0.730699,0.19586,0.568991;0.921788,0.0802391,0.30244,0.228908
0.732495,0.185228,0.572616;0.923311,0.0935175,0.299517,0.221453
0.734296,0.174577,0.576248;0.924609,0.106773,0.296522,0.213944
0.736101,0.163912,0.579883;0.925684,0.120003,0.293454,0.206383
0.737909,0.153236,0.58352;0.926533,0.133204,0.290316,0.198772
0.739718,0.142555,0.587155;0.927157,0.146372,0.287107,0.191113
0.741528,0.131873,0.590787;0.927557,0.159505,0.283828,0.183407
0.743337,0.121195,0.594413;0.927731,0.172599,0.28048,0.175657
0.745146,0.110526,0.598031;0.92768,0.185651,0.277064,0.167865
0.746953,0.0998696,0.601638;0.927404,0.198658,0.273581,0.160031
0.748757,0.089231,0.605232;0.926903,0.211617,0.270032,0.152159
0.750557,0.0786147,0.60881;0.926177,0.224524,0.266417,0.144249
0.752352,0.0680253,0.61237;0.925225,0.237377,0.262737,0.136305
0.754142,0.0574675,0.61591;0.92405,0.250173,0.258994,0.128328
0.755925,0.0469459,0.619428;0.92265,0.262907,0.255187,0.120319
0.7577,0.0364652,0.62292;0.921026,0.275578,0.251319,0.112282
0.759467,0.0260298,0.626384;0.919178,0.288182,0.24739,0.104217
0.761224,0.0156445,0.629819;0.917107,0.300716,0.2434,0.0961264
0.762971,0.00531393,0.633221;0.914814,0.313177,0.239352,0.0880128
0.764707,-0.00495738,0.636589;0.912299,0.325562,0.235245,0.0798779
0.76643,-0.0151648,0.639919;0.909562,0.337868,0.231082,0.0717235
0.76814,-0.0253036,0.64321;0.906604,0.350091,0.226862,0.0635517
0.769836,-0.0353693,0.646459;0.903426,0.36223,0.222587,0.0553645
0.771516,-0.0453572,0.649664;0.900029,0.374281,0.218258,0.0471639
0.773181,-0.0552628,0.652821;0.896414,0.386241,0.213876,0.0389518
0.774829,-0.0650813,0.65593;0.89258,0.398108,0.209443,0.0307303
0.776459,-0.0748081,0.658987;0.88853,0.409877,0.204958,0.0225013
0.77807,-0.0844387,0.661991;0.884265,0.421548,0.200424,0.0142668
0.779661,-0.0939684,0.664937;0.879785,0.433115,0.195841,0.00602887
0.781426,-0.104563,0.668182;0.874489,0.446003,0.190628,-0.00324045
0.783164,-0.115017,0.671349;0.868925,0.458754,0.185357,-0.0125088
0.784873,-0.125325,0.674435;0.863094,0.471364,0.180029,-0.0217733
0.786552,-0.13548,0.677437;0.856998,0.48383,0.174645,-0.031031
0.788199,-0.145475,0.68035;0.850638,0.496146,0.169208,-0.0402793
0.789813,-0.155303,0.683172;0.844017,0.50831,0.163719,-0.0495152
0.791393,-0.164958,0.685899;0.837137,0.520318,0.158179,-0.0587359
0.793107,-0.175475,0.688813;0.829191,0.533473,0.151968,-0.0689598
0.794775,-0.185762,0.691602;0.82093,0.546425,0.145698,-0.0791575
0.796396,-0.195808,0.69426;0.812358,0.55917,0.139373,-0.0893252
0.797967,-0.205606,0.696782;0.803477,0.571703,0.132996,-0.0994591
0.799636,-0.216086,0.699395;0.793357,0.585238,0.125922,-0.110563
0.801241,-0.226242,0.701832;0.782873,0.598505,0.118791,-0.121615
0.802778,-0.236061,0.704087;0.772029,0.611498,0.111605,-0.132612
0.804377,-0.246376,0.706332;0.759796,0.625351,0.103708,-0.144539
0.80589,-0.256262,0.708345;0.747148,0.638862,0.0957535,-0.156387
0.807429,-0.266468,0.710254;0.732985,0.653105,0.0870777,-0.169126
0.808965,-0.276852,0.711984;0.717208,0.667976,0.0776723,-0.182724
0.810465,-0.287252,0.713446;0.699712,0.683358,0.0675312,-0.197141
0.811894,-0.297483,0.714543;0.680393,0.699121,0.0566507,-0.212334
0.81328,-0.307885,0.715182;0.657869,0.716044,0.0443449,-0.229179
0.814532,-0.318004,0.715121;0.631896,0.733813,0.0306086,-0.247565
0.815615,-0.328051,0.713927;0.599467,0.753665,0.0140655,-0.269129
0.816298,-0.337393,0.71052;0.595674,0.752815,0.0116479,-0.279833
0.816057,-0.343791,0.70292;0.654175,0.707178,0.0401323,-0.265222
0.81486,-0.344425,0.692833;0.70551,0.659832,0.0667967,-0.249831
0.813393,-0.341681,0.683064;0.743362,0.619481,0.0877018,-0.236567
0.811874,-0.337375,0.673666;0.773458,0.583307,0.105259,-0.224581
0.81041,-0.332345,0.664785;0.797954,0.550583,0.120299,-0.21367
0.809018,-0.326924,0.656294;0.818627,0.520181,0.133629,-0.203481
0.807671,-0.321129,0.647894;0.836924,0.490687,0.146018,-0.193553
0.806399,-0.315158,0.639693;0.853032,0.462274,0.157484,-0.183951
0.805148,-0.308764,0.631245;0.868039,0.433265,0.168748,-0.174112
0.804015,-0.302453,0.623136;0.88109,0.40556,0.179109,-0.164684
0.802941,-0.295899,0.614876;0.893143,0.377395,0.189268,-0.155068
0.802008,-0.28962,0.607059;0.903478,0.350721,0.198556,-0.145935
0.801158,-0.283235,0.599165;0.912921,0.323701,0.207648,-0.136657
0.800407,-0.276795,0.591221;0.921462,0.296361,0.216534,-0.127245
0.799772,-0.270352,0.583251;0.929092,0.268728,0.225207,-0.117707
0.799267,-0.263956,0.575283;0.935805,0.240829,0.233657,-0.108052
0.798909,-0.257659,0.567343;0.941593,0.212692,0.241876,-0.098291
0.798713,-0.251511,0.559455;0.94645,0.184346,0.249857,-0.0884326
0.798702,-0.245147,0.551094;0.950617,0.153773,0.258133,-0.0777734
0.798914,-0.239077,0.542856;0.953706,0.123026,0.266116,-0.067026
0.799409,-0.232994,0.534241;0.955808,0.0900758,0.274299,-0.0554786
0.800205,-0.227393,0.525842;0.956677,0.0570096,0.282128,-0.0438596
0.801405,-0.222052,0.517198;0.956247,0.0217972,0.290047,-0.0314527
0.803106,-0.217184,0.508411;0.954274,-0.0155201,0.297971,-0.0182665
0.805418,-0.21304,0.499605;0.950501,-0.0548819,0.305807,-0.00431576
0.808637,-0.2098,0.490508;0.944318,-0.0982678,0.31382,0.0111116
0.813023,-0.208062,0.481413;0.935139,-0.145532,0.321796,0.0279786
0.818647,-0.208508,0.472993;0.922724,-0.195391,0.329153,0.0454069
0.825256,-0.211355,0.465868;0.905403,-0.254385,0.334427,0.060765
0.832206,-0.21594,0.46026;0.886099,-0.308097,0.338105,0.0747677
0.83919,-0.221615,0.455879;0.865624,-0.356573,0.340453,0.0874223
0.846305,-0.228187,0.452331;0.843661,-0.401964,0.341765,0.0992871
0.853411,-0.235361,0.449488;0.820582,-0.444286,0.342161,0.110364
0.860393,-0.242888,0.447233;0.796735,-0.483584,0.341759,0.120664
0.867158,-0.250561,0.445466;0.772442,-0.519924,0.340676,0.1302
0.873634,-0.25821,0.444101;0.747999,-0.553393,0.339019,0.138994
0.880127,-0.266143,0.443009;0.722212,-0.585866,0.336754,0.147539
0.886587,-0.274278,0.442163;0.695126,-0.617286,0.333883,0.155818
0.892966,-0.28253,0.441538;0.666791,-0.647597,0.330412,0.163817
0.899218,-0.290817,0.441106;0.637257,-0.676743,0.326346,0.171522
0.905293,-0.299055,0.44084;0.606578,-0.704673,0.321695,0.178918
0.91146,-0.307607,0.440711;0.573012,-0.73278,0.316157,0.186376
0.917321,-0.315914,0.440707;0.538299,-0.759418,0.309986,0.193461
0.923097,-0.324287,0.440802;0.500595,-0.785815,0.30282,0.2005
0.928906,-0.332923,0.440983;0.457841,-0.812834,0.294162,0.207728
0.934493,-0.341484,0.441215;0.409802,-0.839819,0.283817,0.214976
0.939873,-0.350083,0.441451;0.352112,-0.867903,0.270604,0.222563
0.944905,-0.358823,0.441537;0.271419,-0.89996,0.250801,0.231306
0.943663,-0.361517,0.439194;0.0683601,-0.947349,0.194886,0.244696
0.937192,-0.353936,0.436796;-0.0102551,-0.953793,0.171063,0.246801
0.930864,-0.345896,0.434615;-0.0619118,-0.954501,0.154765,0.247272
0.923487,-0.33618,0.43213;-0.0959346,-0.953178,0.143929,0.248059
0.916502,-0.326803,0.429809;-0.0937284,-0.952517,0.145185,0.250694
0.908634,-0.316165,0.427244;-0.0915209,-0.951843,0.14644,0.253325
0.899966,-0.304435,0.42449;-0.0893122,-0.951156,0.147693,0.255953
0.893783,-0.296094,0.422575;-0.087839,-0.950691,0.148527,0.257702
0.887305,-0.287394,0.420617;-0.0863653,-0.95022,0.14936,0.259451
0.880557,-0.278387,0.41863;-0.084891,-0.949743,0.150192,0.261197
0.873563,-0.269122,0.416631;-0.0834162,-0.94926,0.151023,0.262943
0.866347,-0.259651,0.414636;-0.0819409,-0.948772,0.151854,0.264686
0.858935,-0.250024,0.412661;-0.0804651,-0.948277,0.152683,0.266428
0.85135,-0.240291,0.410723;-0.0789889,-0.947777,0.153512,0.268168
0.843617,-0.230504,0.408836;-0.0775121,-0.947271,0.154339,0.269907
0.835761,-0.220712,0.407017;-0.0760348,-0.946759,0.155166,0.271644
0.827805,-0.210966,0.405283;-0.0745571,-0.946241,0.155991,0.273379
0.819775,-0.201317,0.403648;-0.0730789,-0.945717,0.156816,0.275112
0.811694,-0.191816,0.40213;-0.0716003,-0.945188,0.15764,0.276844
0.803587,-0.182513,0.400744;-0.0701212,-0.944653,0.158462,0.278574
0.795479,-0.173458,0.399506;-0.0686417,-0.944112,0.159284,0.280303
0.787394,-0.164702,0.398433;-0.0671618,-0.943565,0.160105,0.28203
0.779357,-0.156297,0.397539;-0.0656815,-0.943012,0.160925,0.283755
0.771391,-0.148291,0.396842;-0.0642008,-0.942454,0.161743,0.285478
0.763522,-0.140737,0.396358;-0.0627196,-0.94189,0.162561,0.287199
0.755773,-0.133684,0.396101;-0.0612381,-0.94132,0.163378,0.288919
0.74817,-0.127183,0.39609;-0.0597562,-0.940744,0.164194,0.290637
0.73709,-0.118577,0.396565;-0.0575327,-0.93987,0.165415,0.293211
0.726475,-0.111498,0.397681;-0.0553084,-0.938982,0.166635,0.29578
0.716407,-0.106116,0.39949;-0.0530833,-0.938082,0.167852,0.298346
0.706968,-0.102603,0.402048;-0.0508575,-0.937168,0.169067,0.300907
0.695504,-0.101119,0.406716;-0.0478886,-0.93593,0.170683,0.304316
0.685501,-0.103664,0.412939;-0.0449186,-0.934669,0.172295,0.307717
0.677154,-0.110643,0.420845;-0.0419475,-0.933385,0.173903,0.311111
0.672098,-0.11903,0.427955;-0.0397185,-0.932407,0.175106,0.313651
0.668167,-0.13031,0.436139;-0.0374889,-0.931416,0.176307,0.316187
0.666211,-0.139521,0.442217;-0.0360022,-0.930749,0.177106,0.317875
0.664816,-0.150143,0.448813;-0.0345153,-0.930075,0.177904,0.319561
0.664006,-0.162229,0.455941;-0.0330282,-0.929396,0.178701,0.321245
0.663806,-0.175827,0.463618;-0.0315409,-0.928711,0.179496,0.322927
0.66424,-0.190989,0.47186;-0.0300534,-0.92802,0.180291,0.324608
0.665332,-0.207765,0.480683;-0.0285657,-0.927324,0.181085,0.326286
0.666133,-0.216775,0.485318;-0.0278218,-0.926974,0.181481,0.327124
0.667107,-0.226206,0.490103;-0.0270779,-0.926622,0.181877,0.327962
0.668259,-0.236067,0.495042;-0.0263339,-0.926269,0.182273,0.3288
0.66959,-0.246363,0.500136;-0.0255898,-0.925914,0.182668,0.329636
0.671104,-0.2571,0.505388;-0.0248458,-0.925558,0.183064,0.330473
0.672804,-0.268285,0.510799;-0.0241017,-0.925201,0.183459,0.331309
0.674694,-0.279924,0.516371;-0.0233575,-0.924842,0.183853,0.332144
0.676775,-0.292024,0.522106;-0.0226133,-0.924482,0.184248,0.332979
0.679052,-0.30459,0.528007;-0.0218691,-0.92412,0.184642,0.333813
0.681526,-0.31763,0.534075;-0.0211248,-0.923757,0.185036,0.334647
0.684203,-0.331149,0.540312;-0.0203806,-0.923392,0.185429,0.33548
0.687083,-0.345154,0.54672;-0.0196362,-0.923027,0.185822,0.336313
0.690171,-0.359651,0.553302;-0.0188919,-0.922659,0.186215,0.337145
0.693469,-0.374646,0.560059;-0.0181475,-0.92229,0.186608,0.337977
0.696018,-0.385938,0.565116;-0.0176028,-0.92202,0.186895,0.338585
