0.875781,-0.115539,0.556834;0.802755,-0.407803,0.239388,0.363284
0.878601,-0.10567,0.562738;0.801917,-0.417385,0.233203,0.358239
0.881394,-0.0959466,0.568469;0.800954,-0.426903,0.226981,0.353138
0.884159,-0.0863685,0.574028;0.799866,-0.436354,0.220723,0.347981
0.886897,-0.0769346,0.579418;0.798653,-0.445736,0.214432,0.342771
0.889607,-0.0676439,0.584641;0.797315,-0.455049,0.208106,0.337507
0.89229,-0.0584957,0.589697;0.795853,-0.464291,0.201748,0.33219
0.894945,-0.0494889,0.59459;0.794266,-0.47346,0.195359,0.326821
0.897574,-0.0406228,0.59932;0.792555,-0.482556,0.188939,0.321401
0.900175,-0.0318965,0.603889;0.79072,-0.491576,0.18249,0.315931
0.903175,-0.0218913,0.60902;0.788424,-0.502002,0.174929,0.309487
0.906138,-0.0120737,0.613937;0.78596,-0.512321,0.167332,0.302977
0.909065,-0.00244227,0.618643;0.783328,-0.522531,0.159699,0.296402
0.911954,0.00700428,0.623142;0.78053,-0.532631,0.152032,0.289765
0.914806,0.0162674,0.627436;0.777566,-0.542617,0.144332,0.283066
0.917622,0.0253485,0.631528;0.774437,-0.552487,0.136602,0.276307
0.920401,0.0342489,0.635421;0.771143,-0.56224,0.128843,0.269489
0.923532,0.0442014,0.63963;0.767177,-0.57324,0.119942,0.261627
0.926615,0.053922,0.643586;0.762999,-0.584081,0.111008,0.253692
0.92965,0.0634125,0.647295;0.758608,-0.594759,0.102043,0.245687
0.932638,0.0726753,0.650759;0.754007,-0.605273,0.0930491,0.237613
0.935578,0.0817123,0.653984;0.749197,-0.615618,0.0840297,0.229474
0.938828,0.0916116,0.657331;0.743536,-0.627051,0.0738551,0.220241
0.942019,0.101231,0.660386;0.737614,-0.638265,0.0636546,0.210931
0.945149,0.110573,0.663155;0.731433,-0.649253,0.0534317,0.201546
0.948557,0.120632,0.665904;0.724263,-0.661195,0.0420511,0.191036
0.951892,0.130356,0.668316;0.71678,-0.672851,0.0306522,0.180443
0.955153,0.13975,0.670398;0.708985,-0.684214,0.01924,0.169771
0.958655,0.149707,0.672318;0.700055,-0.69637,0.00667712,0.157948
0.962068,0.159274,0.673861;0.690758,-0.70816,-0.00588926,0.146042
0.965691,0.169274,0.675127;0.680202,-0.720598,-0.0195943,0.132965
0.969209,0.178824,0.675972;0.66922,-0.732586,-0.0332871,0.119806
0.972901,0.18867,0.676427;0.656853,-0.745056,-0.0480972,0.105466
0.976741,0.198703,0.676404;0.642995,-0.757874,-0.0640067,0.089937
0.980439,0.208154,0.675869;0.62859,-0.770047,-0.0798619,0.0743313
0.984244,0.217649,0.674755;0.612563,-0.782362,-0.0967738,0.057541
0.988124,0.227071,0.67298;0.594809,-0.794656,-0.114709,0.0395698
0.992046,0.236303,0.670468;0.575222,-0.806751,-0.133624,0.0204277
0.995974,0.245223,0.667148;0.553697,-0.818454,-0.153469,0.000132241
0.99987,0.253713,0.662961;0.530132,-0.829559,-0.174182,-0.0212904
1.00369,0.261651,0.657855;0.50443,-0.839844,-0.19569,-0.0438039
1.00741,0.268919,0.651795;0.476501,-0.849073,-0.217907,-0.0673605
1.01096,0.275402,0.644761;0.446266,-0.857,-0.240734,-0.0918999
1.01432,0.280988,0.636749;0.413655,-0.863361,-0.264057,-0.117347
1.01731,0.285404,0.628165;0.380095,-0.867741,-0.286774,-0.142526
1.02003,0.28882,0.618705;0.344146,-0.870188,-0.309776,-0.168449
1.02232,0.291037,0.609063;0.314493,-0.874541,-0.321302,-0.181763
1.0243,0.292212,0.598669;0.300166,-0.888749,-0.305206,-0.163935
1.02578,0.292286,0.588735;0.286527,-0.901222,-0.289912,-0.14715
1.0269,0.2914,0.578627;0.272642,-0.912922,-0.274369,-0.130238
1.02766,0.289578,0.568396;0.258524,-0.923839,-0.258592,-0.113215
1.02806,0.286849,0.558091;0.244184,-0.933964,-0.242592,-0.0960947
1.02811,0.283525,0.548501;0.230681,-0.942649,-0.227549,-0.0801232
1.02785,0.279461,0.538932;0.217007,-0.950638,-0.212338,-0.0640926
1.02727,0.274679,0.529423;0.203173,-0.957924,-0.19697,-0.0480145
1.02647,0.269645,0.520733;0.190269,-0.964021,-0.182654,-0.0331415
1.02541,0.264035,0.512162;0.177246,-0.969511,-0.168223,-0.0182476
1.02408,0.257863,0.503739;0.16411,-0.974391,-0.153687,-0.0033422
1.02248,0.251148,0.495497;0.150872,-0.978656,-0.139054,0.0115653
1.02079,0.244528,0.488127;0.138653,-0.982025,-0.125562,0.0252244
1.01888,0.237477,0.48096;0.126361,-0.984874,-0.112005,0.03887
1.01674,0.230009,0.47402;0.114002,-0.987202,-0.0983882,0.0524952
1.01438,0.222135,0.467331;0.101582,-0.989007,-0.0847193,0.0660925
1.01181,0.21387,0.460918;0.089109,-0.990289,-0.0710056,0.0796549
1.00901,0.205224,0.454805;0.0765886,-0.991047,-0.0572544,0.0931751
1.00627,0.197047,0.449528;0.065171,-0.991281,-0.0447267,0.105424
1.00335,0.188575,0.444538;0.053725,-0.991081,-0.0321795,0.117626
1.00024,0.17982,0.439853;0.0422554,-0.990448,-0.0196182,0.129777
0.996958,0.170791,0.43549;0.0307674,-0.989382,-0.00704839,0.141871
0.99349,0.161497,0.431468;0.0192659,-0.987883,0.00552455,0.153903
0.989838,0.151948,0.427806;0.007756,-0.985951,0.0180951,0.165868
0.986004,0.142153,0.424522;-0.0037573,-0.983589,0.0306577,0.17776
0.982396,0.133136,0.421904;-0.014118,-0.981095,0.0419527,0.188397
0.978641,0.123935,0.419621;-0.0244737,-0.978253,0.0532329,0.198967
0.974787,0.11467,0.417704;-0.00823063,-0.977167,0.0471822,0.207005
0.970808,0.105276,0.416126;0.0212788,-0.976141,0.0324672,0.213641
0.966712,0.0957542,0.414869;0.0507642,-0.974009,0.0177154,0.220034
0.962514,0.0861285,0.413919;0.0801921,-0.970775,0.00294359,0.226178
0.958229,0.0764242,0.413265;0.109529,-0.966441,-0.0118316,0.232066
0.953872,0.066666,0.412893;0.138742,-0.961013,-0.0265933,0.237691
0.949756,0.0575318,0.41279;0.165867,-0.954965,-0.0403441,0.242699
0.945603,0.0483925,0.412911;0.192827,-0.947975,-0.0540551,0.247467
0.941428,0.0392684,0.413246;0.219598,-0.940049,-0.0677128,0.251991
0.937241,0.0301796,0.413786;0.246152,-0.931196,-0.0813037,0.256267
0.932759,0.0205037,0.414579;0.274332,-0.920692,-0.095776,0.260567
0.928294,0.0109165,0.415581;0.302202,-0.909145,-0.11014,0.264572
0.923862,0.00144269,0.41678;0.32973,-0.896569,-0.124379,0.268277
0.919479,-0.00789283,0.418163;0.356884,-0.882977,-0.138477,0.271679
0.91516,-0.0170652,0.419718;0.383634,-0.868385,-0.152419,0.274773
0.910922,-0.0260497,0.421432;0.40995,-0.85281,-0.166188,0.277556
0.906506,-0.035398,0.42342;0.437507,-0.835133,-0.180667,0.280178
0.902218,-0.044474,0.42556;0.464501,-0.81638,-0.194913,0.282439
0.897822,-0.0537852,0.42798;0.492526,-0.795302,-0.209774,0.284442
0.893614,-0.0627189,0.430536;0.519834,-0.773068,-0.22433,0.286032
0.889388,-0.0717264,0.433367;0.547923,-0.748302,-0.239386,0.287261
0.885213,-0.0806837,0.436472;0.576603,-0.720836,-0.254854,0.288051
0.881169,-0.089447,0.439842;0.60566,-0.690511,-0.270636,0.288317
0.877179,-0.0982292,0.443634;0.636212,-0.65555,-0.287366,0.28794
0.87343,-0.106696,0.447826;0.667772,-0.615593,-0.304817,0.286728
0.869935,-0.114973,0.452723;0.702139,-0.56673,-0.324056,0.284264
0.867046,-0.122658,0.458732;0.741188,-0.502531,-0.346299,0.279609
0.866159,-0.127953,0.466951;0.789851,-0.403551,-0.374855,0.269751
0.870438,-0.124615,0.474865;0.805733,-0.387682,-0.361107,0.264762
0.876196,-0.117266,0.479342;0.798155,-0.429344,-0.328754,0.265581
0.882075,-0.10908,0.482561;0.790547,-0.461468,-0.302473,0.265694
0.887756,-0.100849,0.485109;0.783047,-0.487884,-0.279923,0.265423
0.893564,-0.0922234,0.487407;0.775119,-0.51209,-0.258461,0.264864
0.89931,-0.0835373,0.489506;0.766942,-0.534171,-0.23817,0.264077
0.904849,-0.0750494,0.491444;0.758686,-0.554212,-0.219121,0.263118
0.91051,-0.066272,0.493395;0.749797,-0.573791,-0.199891,0.261939
0.916225,-0.0573191,0.495384;0.740283,-0.592892,-0.180493,0.260542
0.921488,-0.0489976,0.497277;0.730953,-0.610086,-0.162454,0.25906
0.927109,-0.0400276,0.499409;0.72026,-0.628222,-0.142781,0.257247
0.93258,-0.0312153,0.501652;0.708966,-0.645835,-0.12299,0.255219
0.937829,-0.0226747,0.504031;0.697082,-0.66291,-0.103096,0.252978
0.943156,-0.0139119,0.506771;0.683634,-0.68068,-0.0815764,0.25033
0.948389,-0.00518147,0.509947;0.668492,-0.698989,-0.0584324,0.247223
0.953313,0.00318734,0.51365;0.651523,-0.717662,-0.0336748,0.243608
0.957882,0.0111785,0.518262;0.631451,-0.737586,-0.00577308,0.239173
0.961674,0.0182067,0.524323;0.606761,-0.759338,0.0267874,0.233516
0.963652,0.0227971,0.53299;0.57437,-0.783976,0.0670119,0.22581
0.962232,0.0221274,0.542708;0.541418,-0.805203,0.10548,0.21769
0.958686,0.0178104,0.551086;0.539257,-0.803483,0.12359,0.21987
0.954267,0.0119107,0.55846;0.555262,-0.789146,0.129942,0.228139
0.949216,0.004929,0.565469;0.569537,-0.775722,0.135653,0.235543
0.943951,-0.00249229,0.571923;0.582156,-0.763328,0.140737,0.242112
0.938787,-0.00986505,0.577703;0.593186,-0.752066,0.145212,0.247873
0.933243,-0.0178559,0.58346;0.604037,-0.740577,0.149643,0.25356
0.928138,-0.0252702,0.588431;0.613382,-0.73034,0.153483,0.258473
0.922848,-0.0330031,0.593296;0.622586,-0.719935,0.157288,0.263326
0.91742,-0.0409822,0.598016;0.631646,-0.709364,0.161056,0.268118
0.911905,-0.0491354,0.602548;0.64056,-0.698629,0.164787,0.272849
0.90635,-0.0573905,0.606852;0.649325,-0.687732,0.16848,0.277517
0.900806,-0.0656753,0.610887;0.657941,-0.676677,0.172134,0.28212
0.895321,-0.0739175,0.614612;0.666405,-0.665465,0.175748,0.286658
0.889943,-0.0820449,0.617986;0.674715,-0.654099,0.179322,0.29113
0.883993,-0.0911003,0.62136;0.684021,-0.640925,0.183355,0.296159
0.878321,-0.0998037,0.624162;0.693121,-0.627558,0.187333,0.301098
0.873,-0.108047,0.626329;0.702012,-0.614001,0.191255,0.305946
0.867525,-0.116638,0.627933;0.711761,-0.598529,0.195598,0.31129
0.862198,-0.125153,0.628578;0.722274,-0.581069,0.200336,0.317088
0.857052,-0.133655,0.627608;0.734439,-0.559757,0.205896,0.323849
0.852709,-0.141479,0.623018;0.749883,-0.530752,0.213092,0.33252
0.851851,-0.144509,0.61351;0.765301,-0.499233,0.220455,0.341293
0.853947,-0.142822,0.603614;0.775557,-0.476573,0.225473,0.347206
0.857158,-0.139226,0.59432;0.782904,-0.459364,0.229135,0.351487
0.860701,-0.134938,0.585919;0.788412,-0.445858,0.231924,0.354724
0.864507,-0.130165,0.577868;0.792988,-0.434199,0.234271,0.357433
0.869055,-0.124329,0.569005;0.797429,-0.422467,0.236579,0.360081
0.873435,-0.118622,0.56098;0.801027,-0.412635,0.238472,0.362241
