0.903664,-0.143629,0.442051;0.763685,0.475708,0.399304,-0.176195
0.906143,-0.152962,0.446659;0.779,0.45512,0.39189,-0.180132
0.908581,-0.162092,0.451464;0.79495,0.432443,0.383537,-0.184248
0.910925,-0.170807,0.456425;0.811366,0.407609,0.374174,-0.188505
0.913256,-0.179385,0.461828;0.829141,0.378733,0.36302,-0.193141
0.915447,-0.187321,0.467574;0.847853,0.345662,0.349909,-0.198057
0.917526,-0.194643,0.474129;0.868832,0.304479,0.333109,-0.203623
0.919346,-0.200594,0.482265;0.894,0.247138,0.308893,-0.210408
0.920057,-0.201666,0.491949;0.921794,0.167005,0.273545,-0.218125
0.918976,-0.195699,0.499701;0.940961,0.089452,0.237759,-0.223745
0.917078,-0.186863,0.504749;0.950784,0.0292963,0.208971,-0.226899
0.914943,-0.177341,0.508242;0.955526,-0.0189376,0.185249,-0.228678
0.912774,-0.16785,0.510798;0.957351,-0.0590963,0.165066,-0.229652
0.910536,-0.158172,0.512833;0.957336,-0.0951391,0.146613,-0.230131
0.908189,-0.148098,0.514531;0.955881,-0.129037,0.128965,-0.230237
0.905784,-0.137835,0.515936;0.953234,-0.16077,0.112182,-0.230029
0.903367,-0.127563,0.51709;0.949631,-0.190331,0.0963155,-0.229563
0.900976,-0.117439,0.518027;0.945292,-0.217726,0.0814074,-0.228893
0.898646,-0.107598,0.518781;0.940423,-0.242972,0.0674916,-0.228067
0.896216,-0.0973575,0.519425;0.93475,-0.26801,0.0535181,-0.227046
0.893889,-0.0875692,0.519926;0.928803,-0.290919,0.0405785,-0.225931
0.891487,-0.0774768,0.520338;0.922179,-0.313616,0.0276094,-0.224651
0.889013,-0.0670982,0.520664;0.914884,-0.336084,0.0146201,-0.223208
0.886686,-0.0573479,0.52089;0.90761,-0.356465,0.00270369,-0.221742
0.884306,-0.0473854,0.521047;0.89978,-0.376628,-0.00921438,-0.22014
0.881878,-0.0372244,0.521139;0.8914,-0.39656,-0.0211268,-0.218404
0.879403,-0.0268784,0.521165;0.882473,-0.416249,-0.0330263,-0.216533
0.876886,-0.016361,0.521129;0.873006,-0.435684,-0.0449056,-0.21453
0.87433,-0.00568584,0.521033;0.863005,-0.454851,-0.0567573,-0.212396
0.871975,0.00414435,0.520894;0.853453,-0.472035,-0.0675017,-0.210343
0.869593,0.0140835,0.520707;0.84347,-0.488979,-0.0782119,-0.208183
0.867188,0.0241214,0.520475;0.83306,-0.505677,-0.0888824,-0.205918
0.86476,0.0342478,0.520198;0.822228,-0.522118,-0.0995081,-0.203549
0.862314,0.0444525,0.519878;0.81098,-0.538295,-0.110083,-0.201076
0.859851,0.0547253,0.519516;0.799322,-0.554199,-0.120603,-0.198502
0.857374,0.0650559,0.519114;0.787259,-0.569823,-0.131061,-0.195827
0.854886,0.0754343,0.518673;0.774797,-0.585159,-0.141453,-0.193054
0.852389,0.08585,0.518195;0.761943,-0.600198,-0.151774,-0.190182
0.849886,0.096293,0.51768;0.748704,-0.614934,-0.162018,-0.187215
0.84738,0.106753,0.51713;0.735086,-0.629358,-0.172179,-0.184152
0.844873,0.11722,0.516547;0.721095,-0.643464,-0.182254,-0.180997
0.842367,0.127683,0.515932;0.70674,-0.657244,-0.192236,-0.177749
0.839866,0.138133,0.515287;0.692027,-0.670691,-0.202121,-0.174412
0.837371,0.148559,0.514612;0.676963,-0.683799,-0.211904,-0.170987
0.834886,0.158951,0.51391;0.661557,-0.696561,-0.221579,-0.167474
0.832422,0.169258,0.513184;0.645879,-0.708922,-0.231105,-0.163892
0.830007,0.17937,0.512443;0.638873,-0.718631,-0.22595,-0.156069
0.827606,0.189424,0.511679;0.631719,-0.728174,-0.220742,-0.14821
0.825222,0.199415,0.510892;0.624419,-0.737549,-0.215484,-0.140317
0.822854,0.209337,0.510083;0.616975,-0.746753,-0.210175,-0.132392
0.820505,0.219185,0.509252;0.609388,-0.755785,-0.204818,-0.124436
0.818175,0.228952,0.508399;0.601661,-0.764642,-0.199414,-0.116451
0.815538,0.24001,0.5074;0.592659,-0.774548,-0.193181,-0.107292
0.812928,0.250948,0.506374;0.583478,-0.78422,-0.18689,-0.0981016
0.810347,0.261758,0.505323;0.574122,-0.793656,-0.180542,-0.0888812
0.807797,0.272433,0.504247;0.564591,-0.802851,-0.17414,-0.0796339
0.805281,0.282962,0.503148;0.554891,-0.811805,-0.167686,-0.0703626
0.802798,0.29334,0.502027;0.545023,-0.820513,-0.16118,-0.0610701
0.80035,0.303557,0.500883;0.53499,-0.828973,-0.154626,-0.0517591
0.79794,0.313605,0.499719;0.524796,-0.837184,-0.148026,-0.0424325
0.795569,0.323475,0.498534;0.514444,-0.845141,-0.141381,-0.0330931
0.793237,0.333161,0.49733;0.503936,-0.852844,-0.134693,-0.0237437
0.790665,0.343826,0.495954;0.491933,-0.861201,-0.12712,-0.0132172
0.788147,0.354235,0.494556;0.479742,-0.86923,-0.119499,-0.00268568
0.785686,0.364375,0.493137;0.467368,-0.876926,-0.111832,0.00784689
0.783285,0.374236,0.491698;0.454815,-0.884287,-0.104123,0.0183765
0.780689,0.384851,0.490078;0.440664,-0.89207,-0.0955106,0.0300676
0.778173,0.395089,0.488438;0.426305,-0.899432,-0.086853,0.0417445
0.775738,0.404937,0.486777;0.411745,-0.90637,-0.0781544,0.0534018
0.773158,0.415297,0.484931;0.395505,-0.913507,-0.0685436,0.0661954
0.770685,0.425143,0.483066;0.379039,-0.920124,-0.0588937,0.0789513
0.768113,0.435273,0.481012;0.36083,-0.926742,-0.0483284,0.0928152
0.765482,0.445496,0.478767;0.340828,-0.933202,-0.0368458,0.107763
0.762836,0.455591,0.476332;0.318983,-0.939327,-0.0244473,0.123764
0.760226,0.465308,0.473707;0.295251,-0.944925,-0.0111384,0.140781
0.757561,0.47488,0.47072;0.267978,-0.950057,0.00395845,0.159885
0.754844,0.484077,0.467198;0.235426,-0.954437,0.021711,0.182079
0.752027,0.492497,0.462632;0.192455,-0.957438,0.0447232,0.210412
0.749171,0.496792,0.454668;0.115013,-0.95527,0.0850419,0.258842
0.749038,0.489187,0.448299;0.0501405,-0.94629,0.117726,0.296922
0.749953,0.4798,0.444738;0.0123981,-0.93814,0.136297,0.31806
0.751182,0.469907,0.442064;-0.0167905,-0.930375,0.150435,0.3339
0.752549,0.459971,0.439919;-0.0408126,-0.923028,0.161926,0.346603
0.754054,0.449642,0.438041;-0.0311411,-0.920915,0.171941,0.3484
0.755616,0.439333,0.436408;-0.0087378,-0.92075,0.180699,0.345675
0.757221,0.429043,0.434947;0.0118034,-0.920125,0.188633,0.342999
0.758816,0.419039,0.433653;0.0304725,-0.919164,0.195766,0.340419
0.760537,0.408457,0.432392;0.0491291,-0.917828,0.20282,0.337701
0.762188,0.398473,0.431288;0.0659032,-0.916307,0.209097,0.335137
0.763931,0.388084,0.430213;0.0826556,-0.914483,0.215306,0.332463
0.765764,0.377319,0.42917;0.0993807,-0.912358,0.221443,0.329679
0.767464,0.367458,0.42827;0.11422,-0.910217,0.226838,0.327113
0.769229,0.357344,0.427396;0.12903,-0.907839,0.232173,0.324462
0.771056,0.346998,0.42655;0.143806,-0.905224,0.237448,0.321727
0.772941,0.33644,0.425733;0.158545,-0.902373,0.242661,0.318907
0.774882,0.325692,0.424945;0.173242,-0.899288,0.247811,0.316005
0.776877,0.314773,0.424187;0.187894,-0.895968,0.252896,0.31302
0.778922,0.303705,0.423461;0.202497,-0.892414,0.257915,0.309954
0.781015,0.292509,0.422767;0.217048,-0.888628,0.262868,0.306807
0.782883,0.282623,0.422187;0.229733,-0.885126,0.267145,0.303987
0.784784,0.272668,0.421633;0.242373,-0.881447,0.271368,0.301108
0.786716,0.262658,0.421105;0.254964,-0.877592,0.275538,0.298168
0.788677,0.252607,0.420605;0.267505,-0.873562,0.279653,0.295168
0.790664,0.24253,0.420132;0.279992,-0.869358,0.283712,0.29211
0.792677,0.232439,0.419688;0.292423,-0.864981,0.287714,0.288994
0.794713,0.222349,0.419273;0.304796,-0.860431,0.291659,0.285819
0.796771,0.212273,0.418888;0.317108,-0.85571,0.295546,0.282588
0.798848,0.202226,0.418533;0.329357,-0.850817,0.299374,0.279301
0.800944,0.192221,0.418209;0.34154,-0.845756,0.303142,0.275958
0.803055,0.182273,0.417917;0.353655,-0.840525,0.306849,0.272559
0.80518,0.172395,0.417656;0.3657,-0.835127,0.310496,0.269107
0.807317,0.162601,0.417429;0.377672,-0.829562,0.314081,0.265601
0.809772,0.151528,0.41721;0.391261,-0.823,0.3181,0.261529
0.812239,0.140604,0.417036;0.404749,-0.816224,0.322038,0.257389
0.814713,0.129849,0.416907;0.418131,-0.809235,0.325891,0.253182
0.817192,0.119285,0.416825;0.431404,-0.802035,0.329659,0.248908
0.819674,0.108931,0.41679;0.444565,-0.794626,0.333341,0.244571
0.822155,0.0988088,0.416803;0.45761,-0.78701,0.336937,0.240169
0.824634,0.0889388,0.416865;0.470536,-0.779189,0.340445,0.235705
0.827415,0.0781625,0.416996;0.484931,-0.770149,0.344285,0.230609
0.830185,0.0677612,0.417191;0.499166,-0.760854,0.348012,0.225438
0.83294,0.0577645,0.417452;0.513237,-0.751308,0.351624,0.220192
0.835978,0.0471673,0.417821;0.528672,-0.740412,0.355501,0.214278
0.838987,0.0371466,0.418276;0.543892,-0.729214,0.359234,0.208277
0.842256,0.0268377,0.418876;0.560379,-0.716553,0.363171,0.201578
0.845477,0.0173292,0.419583;0.576589,-0.70354,0.366929,0.19478
0.848927,0.00793225,0.420481;0.593949,-0.688949,0.370823,0.187255
0.852854,-0.00165273,0.421697;0.613761,-0.671416,0.375091,0.178336
0.857197,-0.0106537,0.423317;0.635804,-0.650724,0.379602,0.167971
0.862625,-0.0190381,0.425826;0.663726,-0.62254,0.384922,0.154102
0.869975,-0.0235609,0.430359;0.702753,-0.578908,0.39151,0.13313
0.876201,-0.0180089,0.435731;0.737906,-0.534527,0.396428,0.112339
0.87955,-0.00920463,0.439561;0.7584,-0.506179,0.398018,0.100959
0.881762,8.72689e-05,0.442649;0.774282,-0.486004,0.387707,0.118199
0.883513,0.010055,0.445519;0.787503,-0.467926,0.378347,0.133182
0.884883,0.0198731,0.448095;0.798326,-0.452127,0.370078,0.145939
0.886034,0.0298417,0.450545;0.807828,-0.437407,0.362304,0.157556
0.886996,0.0396603,0.452842;0.816114,-0.423835,0.355079,0.168048
0.88788,0.0501561,0.455201;0.824062,-0.410086,0.347706,0.178471
0.888611,0.0601473,0.457374;0.830922,-0.397567,0.340947,0.187788
0.889282,0.0706233,0.459592;0.837503,-0.384914,0.334074,0.197042
0.889893,0.0815539,0.461852;0.843802,-0.372131,0.327088,0.20623
0.890389,0.0916273,0.463894;0.849163,-0.360663,0.320786,0.214338
0.89084,0.102015,0.465965;0.854298,-0.3491,0.314398,0.22239
0.891247,0.112695,0.468063;0.859207,-0.337444,0.307927,0.230383
0.891612,0.123647,0.470187;0.863887,-0.325698,0.301374,0.238314
0.891936,0.13485,0.472335;0.868337,-0.313866,0.294742,0.246182
0.892186,0.144841,0.474231;0.872043,-0.303444,0.288873,0.253013
0.892406,0.154993,0.476144;0.87557,-0.29296,0.282947,0.259793
0.892597,0.165292,0.47807;0.87892,-0.282417,0.276962,0.26652
0.892758,0.175724,0.480009;0.88209,-0.271817,0.270921,0.273192
0.892891,0.186275,0.481959;0.885082,-0.261161,0.264826,0.279809
0.892997,0.196931,0.48392;0.887893,-0.250452,0.258676,0.286369
0.893075,0.207676,0.48589;0.890523,-0.239692,0.252474,0.292871
0.893128,0.218497,0.487867;0.892973,-0.228883,0.24622,0.299313
0.893155,0.229381,0.489851;0.89524,-0.218028,0.239916,0.305694
0.893156,0.240311,0.491841;0.897326,-0.207128,0.233563,0.312014
0.893134,0.251275,0.493834;0.899229,-0.196186,0.227163,0.318269
0.893088,0.262259,0.49583;0.900949,-0.185204,0.220717,0.32446
0.893019,0.273247,0.497827;0.902486,-0.174185,0.214226,0.330585
0.892928,0.284225,0.499825;0.903839,-0.16313,0.207691,0.336642
0.892815,0.295181,0.501821;0.905008,-0.152042,0.201114,0.342632
0.892682,0.306098,0.503815;0.905994,-0.140923,0.194496,0.348551
0.892528,0.316964,0.505805;0.906794,-0.129776,0.187838,0.354399
0.892354,0.327763,0.507791;0.907411,-0.118602,0.181142,0.360176
0.892162,0.338482,0.50977;0.907843,-0.107403,0.17441,0.365879
0.891951,0.349106,0.511742;0.90809,-0.0961834,0.167642,0.371508
0.891723,0.359622,0.513705;0.908152,-0.0849438,0.16084,0.377061
0.891478,0.370014,0.515659;0.90803,-0.073687,0.154005,0.382537
0.891216,0.380269,0.517601;0.907723,-0.0624151,0.147138,0.387936
0.89094,0.390373,0.519531;0.907231,-0.0511306,0.140242,0.393255
0.890648,0.400311,0.521446;0.906555,-0.0398357,0.133317,0.398495
0.890297,0.411447,0.523618;0.905556,-0.0269174,0.12537,0.404384
0.889928,0.422328,0.525767;0.904316,-0.0139919,0.11739,0.410165
0.889543,0.432931,0.527894;0.902837,-0.00106276,0.109378,0.415838
0.889142,0.443235,0.529995;0.901117,0.0118667,0.101338,0.4214
0.888727,0.453219,0.532069;0.899158,0.024793,0.09327,0.42685
0.888243,0.464043,0.534367;0.896669,0.039327,0.0841644,0.432845
0.887744,0.474404,0.536627;0.893878,0.0538478,0.0750306,0.438695
0.88723,0.484274,0.538844;0.890786,0.0683505,0.0658715,0.444398
0.886644,0.494626,0.541254;0.887,0.0844374,0.0556688,0.450558
0.885983,0.505219,0.543838;0.882409,0.102092,0.0444194,0.457119
0.885308,0.514926,0.546345;0.877376,0.119696,0.0331477,0.46345
0.884495,0.525181,0.549203;0.870859,0.140422,0.0198055,0.470632
0.883541,0.535262,0.55235;0.862581,0.164213,0.00439401,0.478507
0.882385,0.544692,0.555895;0.851584,0.192558,-0.0141039,0.487368
0.880521,0.553185,0.561025;0.831464,0.237665,-0.0438556,0.50026
0.877786,0.548256,0.567258;0.795421,0.304466,-0.0886696,0.516471
0.876618,0.538095,0.5694;0.776907,0.334054,-0.108826,0.522476
0.875841,0.527781,0.57062;0.763177,0.354438,-0.122829,0.526163
0.875257,0.517741,0.57141;0.751953,0.370252,-0.133763,0.52876
0.874767,0.507472,0.571976;0.752534,0.378382,-0.135416,0.521711
0.874352,0.497358,0.572376;0.760595,0.381355,-0.131123,0.508793
0.87395,0.486262,0.572687;0.768459,0.384228,-0.126796,0.495743
0.873605,0.475785,0.572888;0.775177,0.386661,-0.122983,0.484219
0.873267,0.464625,0.573025;0.781742,0.389017,-0.119145,0.472599
0.87298,0.454539,0.573092;0.787245,0.390975,-0.115837,0.462565
0.872694,0.443996,0.573114;0.792633,0.392876,-0.112512,0.452462
0.87241,0.433015,0.573093;0.797906,0.39472,-0.10917,0.442294
0.872124,0.421616,0.573028;0.803063,0.396506,-0.105813,0.432062
0.871838,0.40982,0.572922;0.808102,0.398234,-0.10244,0.421766
0.871597,0.399701,0.572802;0.812212,0.39963,-0.0996179,0.413139
0.871353,0.389332,0.572655;0.816239,0.400986,-0.0967857,0.404471
0.871106,0.378725,0.57248;0.820184,0.402301,-0.0939437,0.395761
0.870856,0.367892,0.572279;0.824046,0.403575,-0.0910922,0.387012
0.870601,0.356843,0.572052;0.827824,0.404809,-0.0882314,0.378223
0.87034,0.345591,0.5718;0.831518,0.406001,-0.0853618,0.369396
0.870075,0.334148,0.571523;0.835129,0.407153,-0.0824835,0.360532
0.869802,0.322526,0.571222;0.838655,0.408263,-0.0795968,0.351631
0.869523,0.310735,0.570898;0.842096,0.409332,-0.0767021,0.342694
0.869236,0.298788,0.57055;0.845451,0.410359,-0.0737997,0.333723
0.868941,0.286697,0.570181;0.848721,0.411345,-0.0708897,0.324718
0.868637,0.274473,0.56979;0.851906,0.412289,-0.0679726,0.315681
0.868323,0.262128,0.569378;0.855004,0.413191,-0.0650486,0.306611
0.868,0.249673,0.568945;0.858015,0.414052,-0.0621181,0.29751
0.867733,0.239639,0.568585;0.860362,0.41471,-0.059769,0.290208
0.867459,0.229548,0.568212;0.862653,0.415342,-0.0574162,0.282887
0.867177,0.219407,0.567827;0.864888,0.415947,-0.0550596,0.275547
0.866887,0.209221,0.567431;0.867067,0.416524,-0.0526994,0.26819
0.866589,0.198997,0.567023;0.869189,0.417075,-0.0503358,0.260815
0.866283,0.188741,0.566604;0.871256,0.417598,-0.047969,0.253424
0.865967,0.178458,0.566174;0.873266,0.418095,-0.0455991,0.246016
0.865642,0.168155,0.565734;0.87522,0.418564,-0.0432262,0.238592
0.865308,0.157837,0.565284;0.877116,0.419007,-0.0408505,0.231152
0.864964,0.147511,0.564823;0.878956,0.419422,-0.0384721,0.223698
0.864609,0.137183,0.564354;0.880739,0.41981,-0.0360913,0.216229
0.864244,0.126858,0.563875;0.882465,0.420171,-0.0337081,0.208746
0.863869,0.116543,0.563387;0.884134,0.420505,-0.0313227,0.20125
0.863482,0.106244,0.56289;0.885746,0.420811,-0.0289354,0.19374
0.863083,0.0959659,0.562385;0.8873,0.42109,-0.0265461,0.186218
0.862672,0.0857157,0.561872;0.888797,0.421342,-0.0241551,0.178684
0.86225,0.0754992,0.561351;0.890236,0.421567,-0.0217626,0.171139
0.861815,0.0653223,0.560824;0.891617,0.421764,-0.0193686,0.163582
0.861366,0.0551911,0.560289;0.892941,0.421934,-0.0169734,0.156014
0.860905,0.0451116,0.559747;0.894207,0.422076,-0.0145771,0.148437
0.86043,0.0350897,0.559199;0.895414,0.422192,-0.0121798,0.14085
0.859818,0.0226527,0.558505;0.896843,0.422297,-0.00918216,0.131353
0.859182,0.0103268,0.557802;0.89818,0.42236,-0.00618357,0.121844
0.858524,-0.00187604,0.557091;0.899427,0.42238,-0.00318435,0.112321
0.857843,-0.0139442,0.556372;0.900582,0.422358,-0.000184816,0.102788
0.857137,-0.025866,0.555646;0.901647,0.422292,0.00281474,0.0932439
0.856406,-0.0376296,0.554914;0.90262,0.422184,0.00581401,0.0836904
0.85565,-0.0492233,0.554175;0.903502,0.422033,0.0088127,0.0741286
0.854868,-0.0606354,0.553431;0.904292,0.42184,0.0118105,0.0645592
0.854059,-0.0718542,0.552683;0.904991,0.421603,0.0148071,0.0549833
0.853222,-0.0828679,0.551931;0.905598,0.421324,0.0178022,0.0454018
0.852358,-0.0936648,0.551175;0.906113,0.421003,0.0207955,0.0358157
0.851465,-0.104233,0.550416;0.906537,0.420638,0.0237867,0.026226
0.850542,-0.114561,0.549655;0.906869,0.420232,0.0267755,0.0166336
0.84959,-0.124637,0.548892;0.907109,0.419782,0.0297615,0.00703957
0.848407,-0.13638,0.547975;0.907276,0.419187,0.0333408,-0.00447414
0.847178,-0.147722,0.547058;0.907311,0.418531,0.0369152,-0.0159872
0.845904,-0.158644,0.546142;0.907214,0.417813,0.0404843,-0.0274979
0.844581,-0.169125,0.545227;0.906984,0.417035,0.0440474,-0.0390046
0.843211,-0.179146,0.544315;0.906622,0.416196,0.0476041,-0.0505057
0.841549,-0.190227,0.543256;0.906033,0.41514,0.0517449,-0.0639141
0.839818,-0.200621,0.542203;0.905264,0.414002,0.0558753,-0.0773099
0.837753,-0.211617,0.541011;0.904165,0.412601,0.0605822,-0.0926004
0.835592,-0.221626,0.539832;0.902832,0.411093,0.0652734,-0.107867
0.833044,-0.231646,0.538525;0.901053,0.409269,0.0705307,-0.125008
0.830063,-0.241159,0.537102;0.89873,0.407086,0.0763449,-0.144006
0.825943,-0.250827,0.535303;0.895165,0.404,0.0838568,-0.168614
0.819763,-0.258818,0.532927;0.88922,0.399272,0.0941622,-0.202493
0.810616,-0.258859,0.530015;0.879479,0.392155,0.107708,-0.247245
0.803912,-0.251567,0.528264;0.871844,0.386901,0.116601,-0.276765
0.799008,-0.24292,0.527162;0.866071,0.383056,0.122646,-0.296896
0.794811,-0.233542,0.526326;0.861031,0.379771,0.127547,-0.313259
0.790939,-0.223406,0.525637;0.856315,0.376745,0.131868,-0.327717
0.787438,-0.213108,0.525077;0.852006,0.374018,0.135621,-0.340299
0.784353,-0.203194,0.524631;0.848178,0.371622,0.138817,-0.35103
0.781189,-0.192255,0.524217;0.844226,0.369171,0.141992,-0.361709
0.77849,-0.182341,0.523897;0.840839,0.367088,0.144622,-0.370569
0.775735,-0.17169,0.5236;0.837366,0.364967,0.147238,-0.379391
0.772923,-0.16029,0.523328;0.833809,0.36281,0.149839,-0.388174
0.770054,-0.148128,0.52308;0.830168,0.360615,0.152425,-0.396919
0.767716,-0.137843,0.522901;0.827194,0.358834,0.154482,-0.403885
0.76534,-0.127058,0.522737;0.824167,0.357029,0.156529,-0.410826
0.762926,-0.115765,0.522591;0.821087,0.355201,0.158567,-0.417739
0.760474,-0.10396,0.522462;0.817953,0.353349,0.160594,-0.424626
0.757984,-0.091637,0.52235;0.814766,0.351476,0.16261,-0.431485
0.755454,-0.0787889,0.522256;0.811526,0.349579,0.164616,-0.438316
0.753531,-0.068805,0.522198;0.809062,0.348141,0.166114,-0.443421
0.751586,-0.05852,0.52215;0.806568,0.346691,0.167605,-0.44851
0.749618,-0.0479315,0.522112;0.804045,0.345229,0.169091,-0.453582
0.747628,-0.037037,0.522085;0.801493,0.343753,0.17057,-0.458638
0.745615,-0.0258338,0.522068;0.798911,0.342265,0.172043,-0.463677
0.743579,-0.0143195,0.522063;0.796301,0.340765,0.17351,-0.468699
