0.8 -0.45 0.8 0.0 0.0 0.0
0.8 -0.45 0.6 0.0 0.0 0.0
0.8 -0.45 0.4 0.0 0.0 0.0
0.8 -0.45 0.65 0.0 0.0 0.0
0.8 -0.3 0.8 0.0 0.0 0.0
0.8 -0.45 0.65 0.0 0.0 0.0
0.8 -0.3 0.4 0.0 0.0 0.0
0.8 -0.2 0.8 0.0 0.0 0.0
0.8 -0.15 0.6 0.0 0.0 0.0
0.8 -0.25 0.6 0.0 0.0 0.0
0.8 -0.15 0.6 0.0 0.0 0.0
0.8 -0.1 0.4 0.0 0.0 0.0
0.8 -0.05 0.4 0.0 0.0 0.0
0.8 0.0 0.4 0.0 0.0 0.0
0.8 0.0 0.8 0.0 0.0 0.0
0.8 -0.05 0.8 0.0 0.0 0.0
0.8 0.0 0.8 0.0 0.0 0.0
0.8 0.05 0.8 0.0 0.0 0.0
0.8 0.0 0.8 0.0 0.0 0.0
0.8 0.0 0.4 0.0 0.0 0.0
0.8 0.1 0.4 0.0 0.0 0.0
0.8 0.3 0.4 0.0 0.0 0.0
0.8 0.3 0.6 0.0 0.0 0.0
0.8 0.1 0.6 0.0 0.0 0.0
0.8 0.1 0.8 0.0 0.0 0.0
0.8 0.3 0.8 0.0 0.0 0.0
0.8 0.5 0.8 0.0 0.0 0.0
0.8 0.4 0.8 0.0 0.0 0.0
0.8 0.4 0.4 0.0 0.0 0.0
0.8 0.38 0.4 0.0 0.0 0.0
0.8 0.47 0.4 0.0 0.0 0.0
0.8 0.435 0.45 0.0 0.0 0.0
0.8 0.44 0.4 0.0 0.0 0.0